1 37 0.075
2 44 0.0638297872340425
3 50 0.0566037735849057
4 56 0.0508474576271186
5 37 0.075
6 53 0.0535714285714286
7 34 0.0810810810810811
8 56 0.0508474576271186
9 35 0.0789473684210526
10 56 0.0508474576271186
11 34 0.0810810810810811
12 30 0.0909090909090909
13 45 0.0625
14 47 0.06
15 30 0.0909090909090909
16 38 0.0731707317073171
17 30 0.0909090909090909
18 49 0.0576923076923077
19 41 0.0681818181818182
20 61 0.046875
21 35 0.0789473684210526
22 30 0.0909090909090909
23 62 0.0461538461538462
24 36 0.0769230769230769
25 61 0.046875
26 26 0.103448275862069
27 49 0.0576923076923077
28 30 0.0909090909090909
29 37 0.075
30 38 0.0731707317073171
31 60 0.0476190476190476
32 42 0.0666666666666667
33 21 0.125
34 33 0.0833333333333333
35 29 0.09375
36 65 0.0441176470588235
37 50 0.0566037735849057
38 48 0.0588235294117647
39 52 0.0545454545454545
40 30 0.0909090909090909
41 48 0.0588235294117647
42 52 0.0545454545454545
43 25 0.107142857142857
44 34 0.0810810810810811
45 57 0.05
46 59 0.0483870967741935
47 55 0.0517241379310345
48 35 0.0789473684210526
49 38 0.0731707317073171
50 25 0.107142857142857
51 46 0.0612244897959184
52 43 0.0652173913043478
53 60 0.0476190476190476
54 38 0.0731707317073171
55 27 0.1
56 48 0.0588235294117647
57 34 0.0810810810810811
58 50 0.0566037735849057
59 52 0.0545454545454545
60 30 0.0909090909090909
61 62 0.0461538461538462
62 32 0.0857142857142857
63 29 0.09375
64 61 0.046875
65 39 0.0714285714285714
66 31 0.0882352941176471
67 52 0.0545454545454545
68 33 0.0833333333333333
69 45 0.0625
70 54 0.0526315789473684
71 46 0.0612244897959184
72 38 0.0731707317073171
73 48 0.0588235294117647
74 60 0.0476190476190476
75 38 0.0731707317073171
76 37 0.075
77 64 0.0447761194029851
78 33 0.0833333333333333
79 33 0.0833333333333333
80 49 0.0576923076923077
81 49 0.0576923076923077
82 42 0.0666666666666667
83 40 0.0697674418604651
84 25 0.107142857142857
85 49 0.0576923076923077
86 36 0.0769230769230769
87 54 0.0526315789473684
90 29 0.09375
91 49 0.0576923076923077
92 59 0.0483870967741935
93 37 0.075
94 74 0.038961038961039
95 40 0.0697674418604651
96 55 0.0517241379310345
97 46 0.0612244897959184
98 30 0.0909090909090909
99 54 0.0526315789473684
100 42 0.0666666666666667
101 33 0.0833333333333333
102 40 0.0697674418604651
103 26 0.103448275862069
104 28 0.0967741935483871
105 49 0.0576923076923077
106 40 0.0697674418604651
107 36 0.0769230769230769
108 42 0.0666666666666667
109 40 0.0697674418604651
110 52 0.0545454545454545
111 32 0.0857142857142857
112 28 0.0967741935483871
113 52 0.0545454545454545
114 49 0.0576923076923077
115 38 0.0731707317073171
116 35 0.0789473684210526
117 31 0.0882352941176471
118 38 0.0731707317073171
119 64 0.0447761194029851
120 49 0.0576923076923077
121 26 0.103448275862069
122 37 0.075
123 24 0.111111111111111
124 39 0.0714285714285714
125 36 0.0769230769230769
126 25 0.107142857142857
127 30 0.0909090909090909
128 35 0.0789473684210526
129 44 0.0638297872340425
130 24 0.111111111111111
131 32 0.0857142857142857
132 48 0.0588235294117647
133 34 0.0810810810810811
134 34 0.0810810810810811
135 33 0.0833333333333333
136 39 0.0714285714285714
137 42 0.0666666666666667
138 50 0.0566037735849057
139 49 0.0576923076923077
140 34 0.0810810810810811
141 55 0.0517241379310345
142 37 0.075
143 57 0.05
144 49 0.0576923076923077
145 43 0.0652173913043478
146 44 0.0638297872340425
147 34 0.0810810810810811
148 37 0.075
149 47 0.06
150 49 0.0576923076923077
151 23 0.115384615384615
152 58 0.0491803278688525
153 37 0.075
154 42 0.0666666666666667
155 54 0.0526315789473684
156 45 0.0625
157 39 0.0714285714285714
158 31 0.0882352941176471
159 35 0.0789473684210526
160 40 0.0697674418604651
161 45 0.0625
162 53 0.0535714285714286
163 37 0.075
164 48 0.0588235294117647
165 47 0.06
166 51 0.0555555555555556
167 49 0.0576923076923077
168 39 0.0714285714285714
169 55 0.0517241379310345
170 27 0.1
171 33 0.0833333333333333
172 40 0.0697674418604651
173 26 0.103448275862069
174 38 0.0731707317073171
175 47 0.06
176 38 0.0731707317073171
177 48 0.0588235294117647
178 35 0.0789473684210526
179 45 0.0625
180 52 0.0545454545454545
181 31 0.0882352941176471
182 27 0.1
183 53 0.0535714285714286
184 36 0.0769230769230769
185 35 0.0789473684210526
186 39 0.0714285714285714
187 36 0.0769230769230769
188 40 0.0697674418604651
189 36 0.0769230769230769
190 48 0.0588235294117647
191 26 0.103448275862069
192 27 0.1
193 29 0.09375
194 69 0.0416666666666667
195 37 0.075
196 45 0.0625
197 55 0.0517241379310345
198 55 0.0517241379310345
199 53 0.0535714285714286
200 41 0.0681818181818182
201 34 0.0810810810810811
202 40 0.0697674418604651
203 39 0.0714285714285714
204 37 0.075
205 53 0.0535714285714286
206 46 0.0612244897959184
207 50 0.0566037735849057
208 20 0.130434782608696
209 49 0.0576923076923077
210 34 0.0810810810810811
211 52 0.0545454545454545
212 27 0.1
213 48 0.0588235294117647
214 47 0.06
215 29 0.09375
216 33 0.0833333333333333
217 55 0.0517241379310345
218 29 0.09375
219 33 0.0833333333333333
220 44 0.0638297872340425
221 28 0.0967741935483871
222 51 0.0555555555555556
223 46 0.0612244897959184
224 30 0.0909090909090909
225 26 0.103448275862069
226 61 0.046875
227 40 0.0697674418604651
228 67 0.0428571428571429
229 29 0.09375
230 37 0.075
231 48 0.0588235294117647
232 44 0.0638297872340425
233 37 0.075
234 40 0.0697674418604651
235 32 0.0857142857142857
236 22 0.12
237 35 0.0789473684210526
238 19 0.136363636363636
239 29 0.09375
240 37 0.075
241 42 0.0666666666666667
242 52 0.0545454545454545
243 26 0.103448275862069
244 24 0.111111111111111
245 26 0.103448275862069
246 54 0.0526315789473684
247 52 0.0545454545454545
248 24 0.111111111111111
249 72 0.04
250 33 0.0833333333333333
251 23 0.115384615384615
252 37 0.075
253 45 0.0625
254 37 0.075
255 51 0.0555555555555556
256 28 0.0967741935483871
257 65 0.0441176470588235
258 30 0.0909090909090909
259 38 0.0731707317073171
260 31 0.0882352941176471
261 69 0.0416666666666667
262 38 0.0731707317073171
263 42 0.0666666666666667
264 47 0.06
265 24 0.111111111111111
266 18 0.142857142857143
267 31 0.0882352941176471
268 57 0.05
269 33 0.0833333333333333
270 58 0.0491803278688525
271 33 0.0833333333333333
272 57 0.05
273 19 0.136363636363636
274 36 0.0769230769230769
275 48 0.0588235294117647
276 45 0.0625
277 30 0.0909090909090909
278 24 0.111111111111111
279 33 0.0833333333333333
280 26 0.103448275862069
281 39 0.0714285714285714
282 34 0.0810810810810811
283 43 0.0652173913043478
284 42 0.0666666666666667
285 46 0.0612244897959184
286 29 0.09375
287 36 0.0769230769230769
288 50 0.0566037735849057
289 36 0.0769230769230769
290 55 0.0517241379310345
291 48 0.0588235294117647
292 36 0.0769230769230769
293 43 0.0652173913043478
294 39 0.0714285714285714
295 52 0.0545454545454545
296 38 0.0731707317073171
297 36 0.0769230769230769
298 58 0.0491803278688525
299 48 0.0588235294117647
300 37 0.075
301 33 0.0833333333333333
302 58 0.0491803278688525
303 45 0.0625
304 40 0.0697674418604651
305 50 0.0566037735849057
306 27 0.1
307 33 0.0833333333333333
308 47 0.06
309 57 0.05
310 52 0.0545454545454545
311 45 0.0625
312 38 0.0731707317073171
313 34 0.0810810810810811
314 57 0.05
315 20 0.130434782608696
316 50 0.0566037735849057
317 40 0.0697674418604651
318 36 0.0769230769230769
319 35 0.0789473684210526
320 56 0.0508474576271186
321 55 0.0517241379310345
322 30 0.0909090909090909
323 41 0.0681818181818182
324 38 0.0731707317073171
325 37 0.075
326 41 0.0681818181818182
327 60 0.0476190476190476
328 19 0.136363636363636
329 42 0.0666666666666667
330 49 0.0576923076923077
331 41 0.0681818181818182
332 47 0.06
333 42 0.0666666666666667
334 29 0.09375
335 47 0.06
336 36 0.0769230769230769
337 49 0.0576923076923077
338 38 0.0731707317073171
339 38 0.0731707317073171
340 39 0.0714285714285714
341 56 0.0508474576271186
342 35 0.0789473684210526
343 38 0.0731707317073171
344 36 0.0769230769230769
345 39 0.0714285714285714
346 38 0.0731707317073171
347 35 0.0789473684210526
348 24 0.111111111111111
349 37 0.075
350 51 0.0555555555555556
351 27 0.1
352 41 0.0681818181818182
353 54 0.0526315789473684
354 49 0.0576923076923077
355 55 0.0517241379310345
356 45 0.0625
357 62 0.0461538461538462
358 51 0.0555555555555556
359 58 0.0491803278688525
360 58 0.0491803278688525
361 37 0.075
362 34 0.0810810810810811
363 34 0.0810810810810811
364 37 0.075
365 52 0.0545454545454545
366 22 0.12
367 29 0.09375
368 29 0.09375
369 35 0.0789473684210526
370 32 0.0857142857142857
371 41 0.0681818181818182
372 21 0.125
373 45 0.0625
374 26 0.103448275862069
375 26 0.103448275862069
376 37 0.075
377 36 0.0769230769230769
378 37 0.075
379 36 0.0769230769230769
380 49 0.0576923076923077
381 33 0.0833333333333333
382 49 0.0576923076923077
383 38 0.0731707317073171
384 54 0.0526315789473684
385 31 0.0882352941176471
386 51 0.0555555555555556
387 31 0.0882352941176471
388 41 0.0681818181818182
389 43 0.0652173913043478
390 54 0.0526315789473684
391 26 0.103448275862069
392 29 0.09375
393 38 0.0731707317073171
394 28 0.0967741935483871
395 37 0.075
396 41 0.0681818181818182
397 31 0.0882352941176471
398 30 0.0909090909090909
399 24 0.111111111111111
400 42 0.0666666666666667
401 37 0.075
402 16 0.157894736842105
403 46 0.0612244897959184
404 47 0.06
405 37 0.075
406 38 0.0731707317073171
407 37 0.075
408 52 0.0545454545454545
409 28 0.0967741935483871
410 52 0.0545454545454545
411 38 0.0731707317073171
412 47 0.06
413 37 0.075
414 43 0.0652173913043478
415 23 0.115384615384615
416 47 0.06
417 38 0.0731707317073171
418 29 0.09375
419 29 0.09375
420 36 0.0769230769230769
421 37 0.075
422 29 0.09375
423 34 0.0810810810810811
424 38 0.0731707317073171
425 35 0.0789473684210526
426 45 0.0625
427 44 0.0638297872340425
428 55 0.0517241379310345
429 34 0.0810810810810811
430 54 0.0526315789473684
431 39 0.0714285714285714
432 43 0.0652173913043478
433 40 0.0697674418604651
434 48 0.0588235294117647
435 49 0.0576923076923077
436 35 0.0789473684210526
437 50 0.0566037735849057
438 42 0.0666666666666667
439 26 0.103448275862069
440 51 0.0555555555555556
441 30 0.0909090909090909
442 37 0.075
443 32 0.0857142857142857
444 48 0.0588235294117647
445 29 0.09375
446 50 0.0566037735849057
447 34 0.0810810810810811
448 54 0.0526315789473684
449 33 0.0833333333333333
450 52 0.0545454545454545
451 42 0.0666666666666667
452 54 0.0526315789473684
453 38 0.0731707317073171
454 49 0.0576923076923077
455 47 0.06
456 40 0.0697674418604651
457 26 0.103448275862069
458 36 0.0769230769230769
459 51 0.0555555555555556
460 45 0.0625
461 53 0.0535714285714286
462 56 0.0508474576271186
463 42 0.0666666666666667
464 47 0.06
465 49 0.0576923076923077
466 44 0.0638297872340425
467 44 0.0638297872340425
468 66 0.0434782608695652
469 43 0.0652173913043478
470 36 0.0769230769230769
471 37 0.075
472 69 0.0416666666666667
473 33 0.0833333333333333
474 44 0.0638297872340425
475 41 0.0681818181818182
476 30 0.0909090909090909
477 47 0.06
478 50 0.0566037735849057
479 44 0.0638297872340425
480 38 0.0731707317073171
481 33 0.0833333333333333
482 59 0.0483870967741935
483 63 0.0454545454545455
484 29 0.09375
485 37 0.075
486 40 0.0697674418604651
487 30 0.0909090909090909
488 37 0.075
489 29 0.09375
490 18 0.142857142857143
491 37 0.075
492 49 0.0576923076923077
493 46 0.0612244897959184
494 28 0.0967741935483871
495 37 0.075
496 38 0.0731707317073171
497 39 0.0714285714285714
498 26 0.103448275862069
499 48 0.0588235294117647
500 55 0.0517241379310345
501 39 0.0714285714285714
502 37 0.075
503 31 0.0882352941176471
504 37 0.075
505 36 0.0769230769230769
506 38 0.0731707317073171
507 40 0.0697674418604651
508 41 0.0681818181818182
509 54 0.0526315789473684
510 33 0.0833333333333333
511 32 0.0857142857142857
512 31 0.0882352941176471
513 35 0.0789473684210526
514 36 0.0769230769230769
515 45 0.0625
516 33 0.0833333333333333
517 36 0.0769230769230769
518 37 0.075
519 28 0.0967741935483871
520 45 0.0625
521 54 0.0526315789473684
522 62 0.0461538461538462
523 26 0.103448275862069
524 40 0.0697674418604651
525 50 0.0566037735849057
526 29 0.09375
527 55 0.0517241379310345
528 31 0.0882352941176471
529 53 0.0535714285714286
530 37 0.075
531 52 0.0545454545454545
532 36 0.0769230769230769
533 44 0.0638297872340425
534 25 0.107142857142857
535 33 0.0833333333333333
536 45 0.0625
537 39 0.0714285714285714
538 49 0.0576923076923077
539 37 0.075
540 54 0.0526315789473684
541 50 0.0566037735849057
542 40 0.0697674418604651
543 44 0.0638297872340425
544 35 0.0789473684210526
545 24 0.111111111111111
546 45 0.0625
547 51 0.0555555555555556
548 38 0.0731707317073171
549 30 0.0909090909090909
550 48 0.0588235294117647
551 44 0.0638297872340425
552 28 0.0967741935483871
553 49 0.0576923076923077
554 39 0.0714285714285714
555 61 0.046875
556 54 0.0526315789473684
557 50 0.0566037735849057
558 38 0.0731707317073171
559 36 0.0769230769230769
560 29 0.09375
561 38 0.0731707317073171
562 46 0.0612244897959184
563 38 0.0731707317073171
564 47 0.06
565 37 0.075
566 46 0.0612244897959184
567 45 0.0625
568 50 0.0566037735849057
569 42 0.0666666666666667
570 51 0.0555555555555556
571 34 0.0810810810810811
572 34 0.0810810810810811
573 58 0.0491803278688525
574 52 0.0545454545454545
575 34 0.0810810810810811
576 63 0.0454545454545455
577 37 0.075
578 46 0.0612244897959184
579 46 0.0612244897959184
580 38 0.0731707317073171
581 46 0.0612244897959184
582 36 0.0769230769230769
583 43 0.0652173913043478
584 49 0.0576923076923077
585 37 0.075
586 24 0.111111111111111
587 35 0.0789473684210526
588 43 0.0652173913043478
589 35 0.0789473684210526
590 37 0.075
591 38 0.0731707317073171
592 25 0.107142857142857
593 30 0.0909090909090909
594 37 0.075
595 44 0.0638297872340425
596 41 0.0681818181818182
597 43 0.0652173913043478
598 45 0.0625
599 40 0.0697674418604651
600 40 0.0697674418604651
601 38 0.0731707317073171
602 28 0.0967741935483871
603 16 0.157894736842105
604 30 0.0909090909090909
605 49 0.0576923076923077
606 42 0.0666666666666667
607 39 0.0714285714285714
608 27 0.1
609 35 0.0789473684210526
610 23 0.115384615384615
611 40 0.0697674418604651
612 45 0.0625
613 36 0.0769230769230769
614 28 0.0967741935483871
615 31 0.0882352941176471
616 37 0.075
617 35 0.0789473684210526
618 22 0.12
619 37 0.075
620 47 0.06
621 45 0.0625
622 63 0.0454545454545455
623 38 0.0731707317073171
624 59 0.0483870967741935
625 41 0.0681818181818182
626 37 0.075
627 41 0.0681818181818182
628 23 0.115384615384615
629 70 0.0410958904109589
630 38 0.0731707317073171
631 41 0.0681818181818182
632 45 0.0625
633 42 0.0666666666666667
634 54 0.0526315789473684
635 47 0.06
636 42 0.0666666666666667
637 45 0.0625
638 44 0.0638297872340425
639 42 0.0666666666666667
640 35 0.0789473684210526
641 30 0.0909090909090909
642 38 0.0731707317073171
643 33 0.0833333333333333
644 34 0.0810810810810811
645 44 0.0638297872340425
646 47 0.06
647 37 0.075
648 43 0.0652173913043478
649 35 0.0789473684210526
650 47 0.06
651 54 0.0526315789473684
652 30 0.0909090909090909
653 39 0.0714285714285714
654 48 0.0588235294117647
655 37 0.075
656 24 0.111111111111111
657 33 0.0833333333333333
658 63 0.0454545454545455
659 36 0.0769230769230769
660 26 0.103448275862069
661 37 0.075
662 39 0.0714285714285714
663 45 0.0625
664 37 0.075
665 38 0.0731707317073171
666 58 0.0491803278688525
667 38 0.0731707317073171
668 40 0.0697674418604651
669 41 0.0681818181818182
670 27 0.1
671 48 0.0588235294117647
672 56 0.0508474576271186
673 26 0.103448275862069
674 47 0.06
675 57 0.05
676 48 0.0588235294117647
677 26 0.103448275862069
678 58 0.0491803278688525
679 59 0.0483870967741935
680 50 0.0566037735849057
681 51 0.0555555555555556
682 34 0.0810810810810811
683 33 0.0833333333333333
684 44 0.0638297872340425
685 38 0.0731707317073171
686 27 0.1
687 45 0.0625
688 35 0.0789473684210526
689 28 0.0967741935483871
691 36 0.0769230769230769
692 38 0.0731707317073171
693 52 0.0545454545454545
694 52 0.0545454545454545
695 53 0.0535714285714286
696 52 0.0545454545454545
697 30 0.0909090909090909
698 35 0.0789473684210526
699 49 0.0576923076923077
700 26 0.103448275862069
701 28 0.0967741935483871
702 34 0.0810810810810811
703 22 0.12
704 35 0.0789473684210526
705 50 0.0566037735849057
706 49 0.0576923076923077
707 31 0.0882352941176471
708 38 0.0731707317073171
709 54 0.0526315789473684
710 46 0.0612244897959184
711 42 0.0666666666666667
712 49 0.0576923076923077
713 50 0.0566037735849057
714 40 0.0697674418604651
715 38 0.0731707317073171
716 31 0.0882352941176471
717 44 0.0638297872340425
718 26 0.103448275862069
719 26 0.103448275862069
720 34 0.0810810810810811
721 30 0.0909090909090909
722 51 0.0555555555555556
723 41 0.0681818181818182
724 45 0.0625
725 44 0.0638297872340425
726 25 0.107142857142857
727 32 0.0857142857142857
728 24 0.111111111111111
729 50 0.0566037735849057
730 29 0.09375
731 36 0.0769230769230769
732 35 0.0789473684210526
733 55 0.0517241379310345
734 31 0.0882352941176471
735 49 0.0576923076923077
736 22 0.12
737 29 0.09375
738 34 0.0810810810810811
739 25 0.107142857142857
740 39 0.0714285714285714
741 53 0.0535714285714286
742 38 0.0731707317073171
743 53 0.0535714285714286
744 26 0.103448275862069
745 36 0.0769230769230769
746 48 0.0588235294117647
747 28 0.0967741935483871
748 40 0.0697674418604651
749 34 0.0810810810810811
750 44 0.0638297872340425
751 23 0.115384615384615
752 32 0.0857142857142857
753 52 0.0545454545454545
754 52 0.0545454545454545
755 39 0.0714285714285714
756 48 0.0588235294117647
757 50 0.0566037735849057
758 44 0.0638297872340425
759 48 0.0588235294117647
760 23 0.115384615384615
761 46 0.0612244897959184
762 63 0.0454545454545455
763 23 0.115384615384615
764 47 0.06
765 30 0.0909090909090909
766 54 0.0526315789473684
767 46 0.0612244897959184
768 48 0.0588235294117647
769 32 0.0857142857142857
770 48 0.0588235294117647
771 30 0.0909090909090909
772 36 0.0769230769230769
773 43 0.0652173913043478
774 53 0.0535714285714286
775 44 0.0638297872340425
776 23 0.115384615384615
777 38 0.0731707317073171
778 50 0.0566037735849057
779 51 0.0555555555555556
780 37 0.075
781 49 0.0576923076923077
782 58 0.0491803278688525
783 38 0.0731707317073171
784 24 0.111111111111111
785 45 0.0625
786 44 0.0638297872340425
787 52 0.0545454545454545
788 43 0.0652173913043478
789 57 0.05
791 36 0.0769230769230769
792 57 0.05
793 39 0.0714285714285714
794 38 0.0731707317073171
795 49 0.0576923076923077
796 45 0.0625
797 36 0.0769230769230769
798 28 0.0967741935483871
799 37 0.075
800 37 0.075
801 38 0.0731707317073171
802 38 0.0731707317073171
803 34 0.0810810810810811
804 31 0.0882352941176471
805 37 0.075
806 34 0.0810810810810811
807 55 0.0517241379310345
808 31 0.0882352941176471
809 35 0.0789473684210526
810 35 0.0789473684210526
811 47 0.06
812 28 0.0967741935483871
813 49 0.0576923076923077
814 47 0.06
815 43 0.0652173913043478
816 44 0.0638297872340425
817 43 0.0652173913043478
818 43 0.0652173913043478
819 57 0.05
820 36 0.0769230769230769
821 61 0.046875
822 38 0.0731707317073171
823 28 0.0967741935483871
824 50 0.0566037735849057
825 63 0.0454545454545455
826 29 0.09375
827 53 0.0535714285714286
828 35 0.0789473684210526
829 24 0.111111111111111
830 45 0.0625
831 56 0.0508474576271186
832 53 0.0535714285714286
833 67 0.0428571428571429
834 47 0.06
835 17 0.15
836 25 0.107142857142857
837 51 0.0555555555555556
838 44 0.0638297872340425
839 46 0.0612244897959184
840 34 0.0810810810810811
841 34 0.0810810810810811
842 52 0.0545454545454545
843 34 0.0810810810810811
844 47 0.06
845 21 0.125
846 24 0.111111111111111
847 56 0.0508474576271186
848 40 0.0697674418604651
849 66 0.0434782608695652
850 52 0.0545454545454545
851 37 0.075
852 43 0.0652173913043478
853 43 0.0652173913043478
854 37 0.075
855 34 0.0810810810810811
856 41 0.0681818181818182
857 31 0.0882352941176471
858 33 0.0833333333333333
859 45 0.0625
860 48 0.0588235294117647
861 56 0.0508474576271186
862 45 0.0625
863 48 0.0588235294117647
864 49 0.0576923076923077
865 36 0.0769230769230769
866 41 0.0681818181818182
867 36 0.0769230769230769
868 27 0.1
869 40 0.0697674418604651
870 49 0.0576923076923077
872 32 0.0857142857142857
873 48 0.0588235294117647
874 38 0.0731707317073171
875 30 0.0909090909090909
876 37 0.075
877 36 0.0769230769230769
878 41 0.0681818181818182
879 61 0.046875
880 40 0.0697674418604651
881 59 0.0483870967741935
882 38 0.0731707317073171
883 37 0.075
884 50 0.0566037735849057
885 35 0.0789473684210526
886 32 0.0857142857142857
887 26 0.103448275862069
888 55 0.0517241379310345
889 42 0.0666666666666667
890 36 0.0769230769230769
891 41 0.0681818181818182
892 39 0.0714285714285714
893 62 0.0461538461538462
894 40 0.0697674418604651
895 37 0.075
896 38 0.0731707317073171
897 51 0.0555555555555556
898 32 0.0857142857142857
899 49 0.0576923076923077
900 42 0.0666666666666667
901 35 0.0789473684210526
902 38 0.0731707317073171
903 36 0.0769230769230769
904 55 0.0517241379310345
905 26 0.103448275862069
906 51 0.0555555555555556
907 31 0.0882352941176471
908 47 0.06
909 38 0.0731707317073171
910 25 0.107142857142857
911 33 0.0833333333333333
912 39 0.0714285714285714
913 61 0.046875
914 31 0.0882352941176471
915 69 0.0416666666666667
916 48 0.0588235294117647
917 38 0.0731707317073171
918 35 0.0789473684210526
919 32 0.0857142857142857
920 48 0.0588235294117647
921 37 0.075
922 58 0.0491803278688525
923 27 0.1
924 64 0.0447761194029851
925 50 0.0566037735849057
926 24 0.111111111111111
927 26 0.103448275862069
928 34 0.0810810810810811
929 45 0.0625
930 44 0.0638297872340425
931 34 0.0810810810810811
932 52 0.0545454545454545
933 47 0.06
934 47 0.06
935 54 0.0526315789473684
936 52 0.0545454545454545
937 40 0.0697674418604651
938 43 0.0652173913043478
939 30 0.0909090909090909
940 49 0.0576923076923077
941 67 0.0428571428571429
942 50 0.0566037735849057
943 50 0.0566037735849057
944 53 0.0535714285714286
945 37 0.075
946 26 0.103448275862069
947 48 0.0588235294117647
948 37 0.075
949 31 0.0882352941176471
950 27 0.1
951 36 0.0769230769230769
952 31 0.0882352941176471
953 62 0.0461538461538462
954 28 0.0967741935483871
955 37 0.075
956 63 0.0454545454545455
957 42 0.0666666666666667
958 27 0.1
959 38 0.0731707317073171
960 45 0.0625
961 48 0.0588235294117647
962 24 0.111111111111111
963 36 0.0769230769230769
964 46 0.0612244897959184
965 54 0.0526315789473684
966 40 0.0697674418604651
967 34 0.0810810810810811
968 35 0.0789473684210526
969 39 0.0714285714285714
970 52 0.0545454545454545
971 37 0.075
972 35 0.0789473684210526
973 53 0.0535714285714286
974 41 0.0681818181818182
975 36 0.0769230769230769
976 40 0.0697674418604651
977 36 0.0769230769230769
978 47 0.06
979 35 0.0789473684210526
980 28 0.0967741935483871
981 43 0.0652173913043478
982 28 0.0967741935483871
983 24 0.111111111111111
984 46 0.0612244897959184
985 24 0.111111111111111
986 61 0.046875
987 34 0.0810810810810811
988 33 0.0833333333333333
989 38 0.0731707317073171
990 31 0.0882352941176471
991 25 0.107142857142857
992 32 0.0857142857142857
993 42 0.0666666666666667
994 41 0.0681818181818182
995 50 0.0566037735849057
996 38 0.0731707317073171
997 39 0.0714285714285714
998 50 0.0566037735849057
999 38 0.0731707317073171
1000 37 0.075
877 36 0.0769230769230769
878 41 0.0681818181818182
879 61 0.046875
880 40 0.0697674418604651
881 59 0.0483870967741935
882 38 0.0731707317073171
883 37 0.075
884 50 0.0566037735849057
885 35 0.0789473684210526
886 32 0.0857142857142857
887 26 0.103448275862069
888 55 0.0517241379310345
889 42 0.0666666666666667
890 36 0.0769230769230769
891 41 0.0681818181818182
892 39 0.0714285714285714
893 62 0.0461538461538462
894 40 0.0697674418604651
895 37 0.075
896 38 0.0731707317073171
897 51 0.0555555555555556
898 32 0.0857142857142857
899 49 0.0576923076923077
900 42 0.0666666666666667
901 35 0.0789473684210526
902 38 0.0731707317073171
903 36 0.0769230769230769
904 55 0.0517241379310345
905 26 0.103448275862069
906 51 0.0555555555555556
907 31 0.0882352941176471
908 47 0.06
909 38 0.0731707317073171
910 25 0.107142857142857
911 33 0.0833333333333333
912 39 0.0714285714285714
88 59 0.0483870967741935
89 50 0.0566037735849057
690 61 0.046875
790 61 0.046875
871 52 0.0545454545454545
