//Reference=MNI 
//truestudy_1
//Subjects=27
46  -65  -6 
47  -66  -6 

//Reference=MNI 
//truestudy_2
//Subjects=30
44  -65  -5 
47  -68  -6 
46  -65  -5 
46  -65  -6 
47  -65  -5 

//Reference=MNI 
//truestudy_3
//Subjects=31
46  -66  -6 
46  -65  -7 
48  -66  -7 
47  -66  -4 
47  -64  -5 
46  -66  -6 
47  -65  -6 
47  -65  -7 
44  -67  -7 
45  -65  -7 

//Reference=MNI 
//nullstudy_1
//Subjects=27
-26  -12  -38 
-50  -10  32 

//Reference=MNI 
//nullstudy_2
//Subjects=30
-52  -60  -44 
-50  -22  54 
-30  6  14 
-68  -40  2 
-18  -24  74 

//Reference=MNI 
//nullstudy_3
//Subjects=31
-58  -44  28 
-12  26  4 
-18  -48  60 
4  8  46 
52  4  50 
-12  0  -2 
46  22  46 
-16  42  46 
-28  42  -12 
36  62  -12 

//Reference=MNI 
//nullstudy_4
//Subjects=29
-52  -50  6 
-56  -16  36 

//Reference=MNI 
//nullstudy_5
//Subjects=29
-28  50  26 
-30  10  4 

//Reference=MNI 
//nullstudy_6
//Subjects=29
4  60  -4 
52  16  -14 

//Reference=MNI 
//nullstudy_7
//Subjects=31
22  46  18 
34  42  -12 
18  26  -14 
-52  -6  10 
34  12  44 
58  8  -20 
-60  -64  2 
-20  -32  22 
-24  6  50 
24  20  44 
-28  -92  4 
44  10  -44 
-36  -20  -30 
-16  -14  -32 
4  34  -2 
-56  -10  8 
-56  -8  -36 
-50  -58  -8 
38  20  48 
-2  60  6 
-38  -46  -40 
-50  -70  24 
-52  36  20 
2  4  58 

//Reference=MNI 
//nullstudy_8
//Subjects=30
-6  -16  -2 
-36  -26  40 
46  16  42 

//Reference=MNI 
//nullstudy_9
//Subjects=28
-8  12  40 
-60  0  36 

//Reference=MNI 
//nullstudy_10
//Subjects=31
-42  -42  52 
6  44  -14 
-36  -22  -14 
-20  14  -6 
-34  48  34 
-22  58  -8 
-52  -54  -26 
-8  -60  48 
-30  -28  -18 
-26  44  -20 

//Reference=MNI 
//nullstudy_11
//Subjects=30
18  16  66 
40  26  4 
-30  -76  44 
-8  -90  22 
-16  -72  -50 
-8  44  14 

//Reference=MNI 
//nullstudy_12
//Subjects=31
-8  -58  -38 
-32  -42  48 
16  44  12 
-26  2  -34 
-54  2  -34 
42  4  10 
-52  -52  38 
-10  -70  -50 
-40  -78  -32 
-48  -28  -24 
-50  6  30 
14  40  52 
-42  -56  6 

//Reference=MNI 
//nullstudy_13
//Subjects=30
-2  46  44 
-2  -74  44 
28  16  -38 
32  22  38 
-70  -38  -2 

//Reference=MNI 
//nullstudy_14
//Subjects=30
-40  8  18 
-42  -76  -12 
-48  -8  -10 
-52  -52  -10 

//Reference=MNI 
//nullstudy_15
//Subjects=28
12  48  32 
16  12  58 

//Reference=MNI 
//nullstudy_16
//Subjects=30
-40  -44  -24 
-52  -52  -36 

//Reference=MNI 
//nullstudy_17
//Subjects=30
-50  28  -8 
-4  -84  -6 
-4  -92  -18 
-4  -68  40 
-12  12  8 

//Reference=MNI 
//nullstudy_18
//Subjects=29
-26  -24  -10 
-18  6  -24 

//Reference=MNI 
//nullstudy_19
//Subjects=31
-2  -6  52 
-2  -46  56 
-56  -56  26 
-16  -4  26 
-10  8  58 
-12  6  -36 
0  34  38 
-48  -18  -24 
24  58  30 
-48  16  6 
-64  -56  -6 
-4  -58  28 
42  30  20 
-12  42  18 
-32  -54  -50 

//Reference=MNI 
//nullstudy_20
//Subjects=30
-50  -16  -14 
-58  -8  -8 
36  18  56 
-36  -10  60 
16  2  26 
-32  38  34 

//Reference=MNI 
//nullstudy_21
//Subjects=32
38  14  -30 
-4  -28  34 
-20  58  34 
-26  -66  -34 
-30  -26  -26 
2  26  -22 
-4  28  -18 
24  48  20 
-40  -32  36 
-28  -80  34 
-46  -24  -34 
-30  -62  34 
-44  -10  40 
-6  28  -24 
-34  18  40 
-2  -62  -24 
-26  44  -16 
-32  -12  -26 
-16  24  -10 
24  12  -16 
-12  -22  14 
48  6  -32 
-62  10  16 
-38  -20  54 
-18  -86  -38 
-42  -36  6 
-48  2  -26 

//Reference=MNI 
//nullstudy_22
//Subjects=30
24  54  12 
26  8  60 
38  8  14 

//Reference=MNI 
//nullstudy_23
//Subjects=31
0  26  44 
-12  -52  -10 
2  8  44 
-56  -44  14 
-6  48  -12 
36  30  22 
-22  -72  -18 
-16  -24  0 
-26  -44  44 
-52  -32  40 
-6  -38  -18 
-14  -70  16 
-16  -30  -8 
-8  -64  -10 
40  52  12 

//Reference=MNI 
//nullstudy_24
//Subjects=30
-44  52  12 
-8  -80  28 
-38  -4  -14 

//Reference=MNI 
//nullstudy_25
//Subjects=29
-60  -46  44 
-50  -62  46 

//Reference=MNI 
//nullstudy_26
//Subjects=32
-40  -16  -20 
-12  -34  46 
-54  -64  -40 
-36  -12  -10 
-62  -14  16 
-16  -40  -50 
-16  60  -20 
-30  -34  -36 
-38  6  -18 
-58  8  -10 
-12  44  20 
2  24  -2 
-6  -40  -24 
-58  -64  -20 
-42  -2  -30 
-64  4  22 
8  38  14 
-18  20  48 
18  10  62 
6  30  34 
10  8  70 
-28  14  66 
-22  -62  -46 
-4  -48  -58 
34  8  -16 
-20  -4  -46 
-38  -58  32 
6  8  -24 
-10  8  2 

//Reference=MNI 
//nullstudy_27
//Subjects=28
-54  -38  -20 
-50  6  34 

//Reference=MNI 
//nullstudy_28
//Subjects=31
-6  28  16 
32  42  -12 
-46  4  54 
10  6  58 
12  6  -12 
-50  -46  32 
-28  -16  -42 
-8  -74  40 
-30  -74  -58 
26  16  -10 
-36  -78  40 
-32  -4  14 
-38  -30  40 
-36  6  -10 

//Reference=MNI 
//nullstudy_29
//Subjects=29
-4  -42  72 
-28  40  -18 
-48  -74  18 

//Reference=MNI 
//nullstudy_30
//Subjects=31
10  44  12 
-32  -28  -6 
-38  24  -26 
-14  10  64 
-62  -50  14 
-10  20  66 
6  8  -4 
28  36  22 
-20  -60  8 

//Reference=MNI 
//nullstudy_31
//Subjects=30
12  60  36 
10  28  64 
-32  54  12 
2  60  30 
-34  62  8 
60  2  -18 
-38  -12  -44 
-30  -56  -4 
-6  -80  -46 
-4  64  -18 

//Reference=MNI 
//nullstudy_32
//Subjects=30
42  38  22 
2  24  -10 
42  8  -36 
-10  -48  28 
-6  -32  -34 
-16  -18  78 
-10  46  28 
-6  -50  -18 
-32  -28  8 

//Reference=MNI 
//nullstudy_33
//Subjects=30
-4  -6  60 
-34  -66  8 
0  44  32 

//Reference=MNI 
//nullstudy_34
//Subjects=31
-38  -50  -56 
-38  -56  38 
-32  -82  18 
38  62  -2 
-54  2  30 
-24  -56  -62 
-12  42  8 
-48  -20  -24 
-52  -44  4 
-58  -50  28 
-24  -86  8 
-6  -36  -60 
56  16  -20 
32  52  -18 
2  12  8 
-24  50  24 
34  56  26 
-4  -22  -24 
-50  -30  42 

//Reference=MNI 
//nullstudy_35
//Subjects=31
-26  -38  -50 
-42  -64  38 
-8  -34  -4 
-56  -12  -26 
-40  -64  -16 
38  14  48 
-40  -34  -14 
-42  -84  14 
-16  36  44 

//Reference=MNI 
//nullstudy_36
//Subjects=28
-12  26  38 
-28  52  -12 
36  10  -46 
-48  46  8 
-20  -20  -26 
-26  -12  -28 
-18  -84  -36 
-4  34  0 

//Reference=MNI 
//nullstudy_37
//Subjects=28
-32  -68  -58 
-22  -70  -22 

//Reference=MNI 
//nullstudy_38
//Subjects=31
-28  -4  66 
0  56  12 

//Reference=MNI 
//nullstudy_39
//Subjects=30
-28  -70  -2 
-46  20  -24 
-2  0  38 
-8  -84  42 
0  20  -10 
14  52  -20 
26  12  4 
-50  10  32 

//Reference=MNI 
//nullstudy_40
//Subjects=32
-46  -82  -20 
-42  -12  -42 
-28  -10  72 
-8  16  0 
-2  32  -10 

//Reference=MNI 
//nullstudy_41
//Subjects=29
20  18  -36 
-30  -8  50 
-66  -28  20 
-58  -40  12 
-38  -14  -4 
-50  -26  34 
-68  -44  -2 
-22  -64  -36 
-38  14  26 
48  18  50 
6  66  -14 
-52  -62  -10 
-50  -62  -22 
38  44  34 
30  56  -4 
-60  -46  38 
20  46  46 

//Reference=MNI 
//nullstudy_42
//Subjects=28
20  46  48 
-28  12  -20 
-50  -8  -22 

//Reference=MNI 
//nullstudy_43
//Subjects=27
54  26  30 
6  20  -28 

//Reference=MNI 
//nullstudy_44
//Subjects=31
-32  8  10 
-28  -68  -18 

//Reference=MNI 
//nullstudy_45
//Subjects=30
-52  -20  12 
-38  38  -4 
-14  -60  -34 
-58  -44  -24 
-50  -56  -42 
44  8  -28 
-22  -58  40 
-26  32  24 
-34  -84  20 
0  12  8 
4  36  40 
6  38  -22 
-16  -84  -14 
-26  -8  6 
-58  -36  28 
-18  62  6 
-20  -86  -8 
-14  58  34 
-28  -62  50 
-20  -40  70 
-22  -14  60 
-42  -52  6 
-6  38  22 
32  16  42 

//Reference=MNI 
//nullstudy_46
//Subjects=30
-20  -78  -30 
-50  -58  38 
-20  -52  -20 
-64  -24  -8 
-12  -44  -18 
-8  -18  10 
-64  -8  12 
-34  -34  -36 

//Reference=MNI 
//nullstudy_47
//Subjects=29
-22  -74  -60 
-34  -58  56 
-20  -26  62 
-6  -86  16 
-18  -80  36 
-6  30  36 

//Reference=MNI 
//nullstudy_48
//Subjects=29
0  34  -20 
-42  2  -48 

//Reference=MNI 
//nullstudy_49
//Subjects=30
-14  -64  12 
-36  6  62 

//Reference=MNI 
//nullstudy_50
//Subjects=29
-20  -100  -16 
-40  -18  -6 
-38  -70  26 
24  10  -44 
-8  2  68 
-8  -8  10 
-40  -22  36 
-22  16  -32 
32  28  -20 
-34  -94  -12 
18  50  24 
-52  -42  -32 

//Reference=MNI 
//nullstudy_51
//Subjects=30
-44  18  24 
-20  -66  -6 
-50  -58  16 
-10  -74  -50 

//Reference=MNI 
//nullstudy_52
//Subjects=28
-52  -52  -44 
-10  -4  72 
-66  -48  20 

//Reference=MNI 
//nullstudy_53
//Subjects=29
-54  -18  -22 
-42  -90  4 

//Reference=MNI 
//nullstudy_54
//Subjects=30
-34  36  -8 
44  16  -20 
-42  36  -8 

//Reference=MNI 
//nullstudy_55
//Subjects=30
-14  -72  44 
-4  48  -24 
54  4  -36 
-6  8  28 
-54  -40  42 
-18  -56  -46 

//Reference=MNI 
//nullstudy_56
//Subjects=32
-42  -14  -32 
-24  -56  -42 
-32  -6  46 

//Reference=MNI 
//nullstudy_57
//Subjects=30
-30  36  24 
-40  6  36 
50  8  30 
-12  -80  20 
-10  -58  -60 
-4  -36  -44 
-62  0  28 
-48  -54  48 
-22  -98  6 
10  10  36 
-14  50  -20 
-2  -62  36 
-12  -12  78 
-18  62  30 

//Reference=MNI 
//nullstudy_58
//Subjects=30
2  38  2 
-12  -30  70 
-36  -16  -4 
-4  62  10 
-22  -90  -38 
-14  -6  -32 
-24  22  44 
-14  -76  38 
-28  -4  52 
-4  -50  30 
10  18  46 
-26  -74  -58 
-60  -68  0 

//Reference=MNI 
//nullstudy_59
//Subjects=30
-4  -84  20 
8  10  18 
4  46  42 
-6  -56  -16 

//Reference=MNI 
//nullstudy_60
//Subjects=32
6  10  38 
-50  -10  52 
-46  -20  12 
-52  12  30 
-20  -52  4 
-36  14  -38 
-28  58  26 
-48  -16  -42 
32  36  44 
-12  -74  54 

//Reference=MNI 
//nullstudy_61
//Subjects=32
-28  -86  -18 
-12  -90  -26 
-18  54  -18 
38  30  32 

//Reference=MNI 
//nullstudy_62
//Subjects=31
-66  -10  22 
4  54  -12 
54  22  -8 
-44  54  -8 
36  32  -6 
16  16  0 
-14  20  68 
44  52  18 
-22  -80  2 
32  6  62 
-66  -26  16 
-2  -60  -20 
-50  -8  50 
-30  -50  70 
-20  -54  46 
-36  0  54 
6  22  44 
-32  28  8 
44  34  -16 
-40  -6  -44 
-30  -24  -30 
-6  -96  -20 
-44  -2  -18 
-10  -8  60 
-58  -28  32 
-24  50  40 
-42  -62  -54 
-26  -12  -8 
-10  -68  16 
8  24  56 
-26  32  -10 
12  60  -2 
12  54  -6 

//Reference=MNI 
//nullstudy_63
//Subjects=32
-60  -28  -20 
10  20  -24 
-32  -84  -32 
48  20  40 
32  48  -12 
-50  -56  30 
-10  26  66 
-26  -20  -12 
-22  -4  74 
-48  4  -44 
-52  -66  -42 
-10  -76  -28 
-14  -6  68 
-26  10  -46 
42  34  0 

//Reference=MNI 
//nullstudy_64
//Subjects=32
14  40  -14 
-40  -68  20 
-40  12  -20 
-54  -32  36 
-56  0  -38 
-6  44  14 
32  26  -30 
-12  -36  66 
-48  -18  44 
-4  0  42 
-30  48  0 
-36  -50  38 
44  28  48 
-46  14  12 
-14  22  16 
-46  -6  30 
-20  14  -40 

//Reference=MNI 
//nullstudy_65
//Subjects=30
40  40  0 
-16  30  40 
-6  -20  30 
-36  -46  66 
-18  -22  18 
-22  -2  10 
44  12  44 
-12  -88  -32 
-20  -64  6 
-44  42  20 
38  24  -36 
-20  -86  36 
-30  -4  -16 
0  26  34 
-34  26  -2 
-42  -44  -30 
-14  -34  -44 
20  38  52 

//Reference=MNI 
//nullstudy_66
//Subjects=31
-24  -60  52 
-14  34  -20 
-26  -70  -56 
-4  16  50 
-20  50  -18 
2  10  18 
-36  -38  40 
-42  -52  -12 
-36  28  26 
30  28  50 
-20  -86  -30 
-58  24  6 
-4  -60  -36 

//Reference=MNI 
//nullstudy_67
//Subjects=29
-24  -52  -26 
-58  -8  -32 
-20  28  44 
-40  30  40 

//Reference=MNI 
//nullstudy_68
//Subjects=30
-36  22  46 
-32  48  18 
-4  -36  54 
-46  -42  22 
-30  -44  -38 
-34  -24  -18 
20  20  10 

//Reference=MNI 
//nullstudy_69
//Subjects=31
46  24  28 
-22  -64  64 
46  36  20 
-38  -16  12 

//Reference=MNI 
//nullstudy_70
//Subjects=29
-32  -40  44 
-58  -44  -28 
-2  -88  4 
-42  -64  4 
46  46  -4 
-56  -52  18 

//Reference=MNI 
//nullstudy_71
//Subjects=31
-30  24  14 
4  2  -28 
-18  8  -2 
-30  64  -10 
-44  12  -18 
-50  -52  28 
-10  -62  48 
12  56  -6 
-18  -82  32 
-16  -48  -20 
-32  22  -6 
-58  -50  34 

//Reference=MNI 
//nullstudy_72
//Subjects=30
-16  -40  -18 
-16  -36  58 

//Reference=MNI 
//nullstudy_73
//Subjects=32
-44  24  -24 
-26  -92  -28 
-8  -62  34 
-36  22  42 
-44  -48  44 
-36  38  -12 
50  46  4 
-68  -24  -6 
-28  -48  -48 
-54  -26  0 
-48  -56  12 

//Reference=MNI 
//nullstudy_74
//Subjects=29
54  44  0 
-6  -12  54 
-22  -14  70 
-6  28  -22 

//Reference=MNI 
//nullstudy_75
//Subjects=33
-4  -66  62 
-42  -52  -40 
-22  36  38 
56  20  -8 
-40  -20  22 
-40  28  24 
-20  -46  56 
-30  -16  -8 
-16  0  24 
-44  14  -8 
-40  -60  24 
8  50  40 
30  52  8 
-14  -68  -28 
-38  2  -14 

//Reference=MNI 
//nullstudy_76
//Subjects=31
-30  -66  -50 
-50  26  4 
-20  0  8 

//Reference=MNI 
//nullstudy_77
//Subjects=31
-6  -86  0 
-34  -72  -46 
-62  -54  -20 
-10  -58  54 
2  36  60 
-42  16  -16 
-8  -70  18 
24  48  -18 
-6  -70  -26 
-54  -26  -8 
-4  52  44 
-44  -36  44 
-26  -34  -26 
58  2  44 
56  4  0 
-34  10  28 
4  44  34 
-62  -36  18 
-46  -8  -14 
-64  -16  -8 

//Reference=MNI 
//nullstudy_78
//Subjects=29
-36  -60  -32 
-14  14  20 
-2  22  16 
-42  -26  48 
24  28  52 
-10  -52  8 
46  20  -22 
-26  -10  74 
-4  -70  26 
-12  -62  28 

//Reference=MNI 
//nullstudy_79
//Subjects=30
-58  -62  12 
-4  -36  50 
-12  -92  26 
12  26  -20 
-6  -14  52 
-26  -6  68 
-8  -50  -58 
30  52  6 
-22  -44  16 
-52  -46  42 
0  8  4 
-20  -80  14 
-6  -80  54 
12  60  16 
44  24  -16 

//Reference=MNI 
//nullstudy_80
//Subjects=31
-6  50  10 
6  28  -26 
-42  -2  -36 

//Reference=MNI 
//nullstudy_81
//Subjects=30
-34  -72  -56 
36  34  -22 
-40  -70  -14 
12  32  -14 
10  64  10 
-46  -66  42 
-32  -68  -18 

//Reference=MNI 
//nullstudy_82
//Subjects=29
6  26  54 
-28  -48  2 
-36  -12  -2 
16  52  -16 
12  16  10 
-16  -78  18 

//Reference=MNI 
//nullstudy_83
//Subjects=31
-50  6  -42 
-62  -36  -20 
62  10  28 

//Reference=MNI 
//nullstudy_84
//Subjects=31
-40  -78  -22 
-44  -50  -34 

//Reference=MNI 
//nullstudy_85
//Subjects=29
60  2  0 
54  4  -22 
38  8  42 
2  68  -2 
-4  -78  56 
-36  18  58 
-56  6  12 
-32  28  -4 
-12  -58  52 
2  22  52 
-16  68  18 
-20  -46  -52 
-36  -50  -40 
-14  -36  22 
-36  12  48 
-44  20  38 
-38  -70  -34 
-22  -62  58 

//Reference=MNI 
//nullstudy_86
//Subjects=32
-10  40  6 
-62  -26  -18 
28  52  -4 
-20  -2  62 
-24  -46  -56 
-32  -86  10 
-18  -16  -18 
-14  -76  -20 
-32  -42  -10 
14  14  -14 
-48  -50  24 
-52  -54  28 

//Reference=MNI 
//nullstudy_87
//Subjects=29
0  24  52 
-26  -40  -42 
0  26  30 

//Reference=MNI 
//nullstudy_88
//Subjects=31
-16  -74  -52 
-6  -58  46 
-4  52  2 
14  2  -24 
-34  -4  16 
-28  -64  -62 
10  68  -8 
-30  -92  -26 
-50  0  54 
4  56  42 
30  58  -8 
-6  -90  4 
-50  -28  -14 
48  6  4 
-26  2  44 
50  24  -6 
-54  -36  30 
40  60  -4 
-60  -16  14 
-16  -48  64 
-14  -36  -28 
50  8  -4 
-34  -14  20 
6  60  32 
50  16  6 
-34  -90  12 
-12  -44  -42 
-8  60  -2 
-40  -38  52 
20  12  66 
30  26  10 
32  16  64 
-54  38  -6 
12  36  -10 
-14  50  -16 

//Reference=MNI 
//nullstudy_89
//Subjects=30
-32  24  10 
16  56  -10 

//Reference=MNI 
//nullstudy_90
//Subjects=29
-24  32  -20 
-2  50  48 
-18  -6  52 
-12  34  58 
-18  -24  16 
22  30  -18 
-22  -32  12 
4  4  -6 

//Reference=MNI 
//nullstudy_91
//Subjects=32
-40  -32  60 
-4  -94  -20 
-10  -18  18 
54  10  -28 
-44  -52  -2 
-36  -42  42 

//Reference=MNI 
//nullstudy_92
//Subjects=29
30  22  -4 
-24  -42  -48 

//Reference=MNI 
//nullstudy_93
//Subjects=30
-60  -4  -32 
38  44  24 
-2  38  54 
34  18  24 
-18  -44  -24 
-46  -44  60 
-6  -84  -24 
-66  -54  12 
-8  -62  4 
18  8  2 
-50  22  4 
-56  4  -14 
-46  -58  -30 
-20  -70  54 
-22  16  38 
16  28  62 
-24  56  34 
-4  -78  -48 
4  54  -8 
-8  -22  20 
-66  -48  -16 
-14  -76  -28 
32  30  -20 

//Reference=MNI 
//nullstudy_94
//Subjects=30
38  16  -36 
-22  -42  52 
20  10  60 

//Reference=MNI 
//nullstudy_95
//Subjects=30
-6  -102  -16 
44  46  28 
16  14  54 
-10  10  36 
-26  -46  48 

//Reference=MNI 
//nullstudy_96
//Subjects=30
-20  62  14 
-54  -66  22 
-18  -56  56 
-22  -22  -8 
-40  -44  -56 
16  14  12 

//Reference=MNI 
//nullstudy_97
//Subjects=29
2  14  62 
-40  22  44 
26  48  4 
-10  -30  -34 
-34  12  62 

//Reference=MNI 
//nullstudy_98
//Subjects=28
-36  -70  -14 
-18  20  52 
-26  -40  -28 
-28  2  46 
-26  42  26 

//Reference=MNI 
//nullstudy_99
//Subjects=29
18  12  -6 
-2  -2  -18 
-32  -78  2 

//Reference=MNI 
//nullstudy_100
//Subjects=29
50  14  42 
-2  -44  60 

