//Reference=MNI 
//truestudy_1
//Subjects=29
46  -65  -5 
45  -65  -6 
44  -67  -5 

//Reference=MNI 
//truestudy_2
//Subjects=30
46  -67  -5 
47  -66  -6 
46  -66  -5 
45  -67  -6 

//Reference=MNI 
//truestudy_3
//Subjects=30
45  -66  -6 
45  -65  -5 
47  -66  -5 
47  -65  -6 

//Reference=MNI 
//nullstudy_1
//Subjects=29
-14  14  6 
-40  18  -20 
-8  -32  -34 

//Reference=MNI 
//nullstudy_2
//Subjects=30
-2  -86  18 
-12  -28  40 
-66  -18  8 
-38  -6  -16 

//Reference=MNI 
//nullstudy_3
//Subjects=30
-34  -10  -22 
-40  -72  -32 
-30  -52  36 
22  14  42 

//Reference=MNI 
//nullstudy_4
//Subjects=29
-32  -98  -4 
-22  -72  10 

//Reference=MNI 
//nullstudy_5
//Subjects=31
-44  4  -10 
-4  -90  -4 
-8  4  18 
-48  -38  34 
-6  66  10 
-26  16  -36 
-42  -58  -6 
-22  -70  58 
-38  -70  -10 
4  18  52 
-14  20  62 
-34  52  16 
-6  -74  -14 
46  2  42 
-40  -32  -30 

//Reference=MNI 
//nullstudy_6
//Subjects=31
-42  -68  26 
-18  -58  -4 
0  46  36 
12  8  72 
-8  46  -8 
-30  -52  -44 
-12  60  28 

//Reference=MNI 
//nullstudy_7
//Subjects=30
-14  48  -22 
-20  -90  26 
-6  -50  16 
-14  -4  28 
-4  56  -28 

//Reference=MNI 
//nullstudy_8
//Subjects=31
-4  -48  -24 
-38  8  -32 
-60  -20  46 
-12  -14  26 
-20  -68  30 
-42  -14  54 
-50  -72  -40 
-18  36  -24 
-44  8  -44 

//Reference=MNI 
//nullstudy_9
//Subjects=28
-48  -12  30 
52  36  6 

//Reference=MNI 
//nullstudy_10
//Subjects=32
-40  -2  58 
52  40  4 
-18  -56  -60 
-24  -40  -24 
-8  10  -22 
-24  -80  14 
-14  -48  -48 
-60  -40  4 
-26  56  8 
4  44  34 
44  8  12 
-40  -82  -8 
-28  -68  24 
-52  22  4 
-52  -4  52 
-48  2  -26 
10  70  2 
-64  -28  22 
-20  30  -26 
-2  -56  70 
18  26  60 

//Reference=MNI 
//nullstudy_11
//Subjects=29
-4  -30  -50 
-50  -42  58 

//Reference=MNI 
//nullstudy_12
//Subjects=31
-22  -58  -12 
2  28  30 
-8  24  32 
-34  30  42 
6  12  52 
-22  -62  -52 
28  12  2 
-2  -66  6 

//Reference=MNI 
//nullstudy_13
//Subjects=30
12  66  10 
-10  -30  -32 
-14  -46  72 
-18  -98  -4 

//Reference=MNI 
//nullstudy_14
//Subjects=32
-16  -50  70 
18  64  24 
-34  -76  36 
-36  -82  30 
-40  -48  48 
-58  -22  -6 
30  12  38 
50  12  28 
-14  32  -22 
-30  4  48 
6  18  66 
-40  44  12 
-50  0  22 
-2  -6  20 
-4  -86  -40 
-24  -52  -24 

//Reference=MNI 
//nullstudy_15
//Subjects=30
-20  -26  74 
48  12  30 
-36  -16  -6 

//Reference=MNI 
//nullstudy_16
//Subjects=30
-16  -58  -12 
-34  -62  50 
-66  -32  24 
-40  -28  8 
42  8  -32 
-12  -48  -48 
-50  22  12 

//Reference=MNI 
//nullstudy_17
//Subjects=29
-30  -90  -2 
-10  -12  52 

//Reference=MNI 
//nullstudy_18
//Subjects=28
-42  -18  50 
-4  -8  60 

//Reference=MNI 
//nullstudy_19
//Subjects=30
-6  30  20 
-38  -68  -4 
-36  -32  -24 
-34  -20  14 
52  16  38 
-22  32  -20 
-30  -86  24 

//Reference=MNI 
//nullstudy_20
//Subjects=31
-14  60  -8 
0  44  -20 
-22  68  -8 
-24  -50  18 
0  44  30 
-62  -20  -10 
-32  2  -18 
44  2  26 
-54  4  12 
12  10  58 

//Reference=MNI 
//nullstudy_21
//Subjects=31
28  22  -26 
-36  28  10 
-44  12  6 
50  26  36 
-2  -66  -28 
14  26  -14 
-14  -50  -66 
54  28  24 
-34  16  22 
16  38  -20 
-38  -60  0 
-28  -62  -48 
44  34  -2 
-48  -2  -28 
2  54  26 

//Reference=MNI 
//nullstudy_22
//Subjects=31
-48  -44  -6 
-36  -12  -34 
-40  -78  24 
-52  -56  -36 
-56  24  -2 
-22  -44  60 
-46  -54  -46 
-28  -22  48 
-32  42  20 
-28  -4  68 
-18  -50  -62 
10  14  30 
-44  -60  -20 
2  60  22 
-26  -44  -40 
-50  -34  -16 
-14  -68  -6 

//Reference=MNI 
//nullstudy_23
//Subjects=29
-8  52  12 
22  50  32 

//Reference=MNI 
//nullstudy_24
//Subjects=31
-4  10  0 
-46  14  8 
-44  -4  10 
-52  -34  34 
-56  -34  34 
-20  -2  -18 
-10  28  34 
-10  62  -18 
12  2  10 

//Reference=MNI 
//nullstudy_25
//Subjects=29
-20  -38  74 
-4  -66  -20 

//Reference=MNI 
//nullstudy_26
//Subjects=32
6  66  -10 
-54  14  0 
-44  -66  -48 
-64  -42  36 
24  64  24 
-14  -24  -14 
20  30  -20 
-22  -46  -2 
-22  -46  -10 
-30  -88  4 
-64  -42  -24 
42  52  4 
-6  -48  34 
-12  28  4 
-32  -50  -6 
2  30  42 
16  6  -40 
14  62  30 
4  38  48 
-20  -34  66 
-8  26  50 
14  40  -24 
-26  0  60 
-12  -2  -4 
-48  20  -2 
10  32  36 
-14  -46  -60 
-4  4  -20 
-48  -52  -18 
-10  -90  20 
46  28  14 
-56  -30  8 
-32  24  -36 

//Reference=MNI 
//nullstudy_27
//Subjects=29
-50  -80  -10 
28  4  66 
-10  18  14 

//Reference=MNI 
//nullstudy_28
//Subjects=31
-6  12  -14 
-24  -52  -56 
-36  40  26 
22  42  -16 
-14  26  52 
-56  -56  -30 
-44  -76  42 
-18  26  -16 
-2  -12  32 

//Reference=MNI 
//nullstudy_29
//Subjects=29
-6  -48  -14 
-12  2  -28 
-10  -52  -16 

//Reference=MNI 
//nullstudy_30
//Subjects=30
-6  52  2 
-40  18  8 
-6  -28  -50 
-40  -30  -20 
-36  32  22 
-2  -38  -24 
-48  -54  -46 

//Reference=MNI 
//nullstudy_31
//Subjects=30
-4  6  56 
-28  -78  -22 
8  20  62 
-18  -34  -12 

//Reference=MNI 
//nullstudy_32
//Subjects=29
-26  -70  -26 
-16  -10  -22 

//Reference=MNI 
//nullstudy_33
//Subjects=31
-46  -50  30 
36  6  -44 
-32  -20  -28 
-10  10  -24 
-12  30  -30 
-44  -66  -6 
-16  -102  -12 
36  64  -4 
26  34  40 
-28  52  8 
-8  -34  64 
-52  -74  -14 

//Reference=MNI 
//nullstudy_34
//Subjects=29
-16  18  -26 
-50  -10  -16 

//Reference=MNI 
//nullstudy_35
//Subjects=30
36  8  -6 
-12  -24  12 

//Reference=MNI 
//nullstudy_36
//Subjects=28
36  48  -10 
-28  -46  -6 

//Reference=MNI 
//nullstudy_37
//Subjects=30
-18  -4  -20 
-12  -52  -22 
-6  -2  40 
-12  -14  70 

//Reference=MNI 
//nullstudy_38
//Subjects=30
-38  -12  20 
-56  4  -4 
-12  0  14 

//Reference=MNI 
//nullstudy_39
//Subjects=28
50  28  -10 
-62  -34  8 

//Reference=MNI 
//nullstudy_40
//Subjects=31
0  24  -24 
-44  12  14 
-42  -36  38 
-2  16  54 
-4  8  -2 
-2  -34  76 
-12  -98  -2 
-12  -30  -4 
-32  -88  -28 
8  28  40 

//Reference=MNI 
//nullstudy_41
//Subjects=30
32  10  -4 
-6  -60  -10 
-2  -80  52 
-10  16  -6 

//Reference=MNI 
//nullstudy_42
//Subjects=28
26  2  -38 
-4  -78  -36 

//Reference=MNI 
//nullstudy_43
//Subjects=30
-44  -84  24 
-48  -68  -34 
-40  2  -20 
24  40  42 
42  22  -28 

//Reference=MNI 
//nullstudy_44
//Subjects=31
-24  6  -10 
-4  66  0 
4  34  -18 
-8  18  64 
26  14  8 
-12  50  30 
-64  -4  6 
-42  -64  46 
-12  42  8 
-6  -38  40 

//Reference=MNI 
//nullstudy_45
//Subjects=31
-24  18  -40 
-4  62  -6 
40  6  34 
-62  -60  -4 
42  2  34 
-2  -40  32 
24  6  -16 
18  70  4 
-10  -36  46 

//Reference=MNI 
//nullstudy_46
//Subjects=32
38  6  40 
-30  -6  62 
-34  16  -10 
-42  -12  48 
16  28  50 
36  10  62 
-52  -46  42 
-10  -66  -50 
54  4  44 
-40  8  42 
60  10  -12 
-42  -82  24 
-66  -38  -12 
52  6  -28 
-10  34  12 
-38  -4  6 
-12  -4  76 
-20  -34  12 
44  16  32 
-28  -28  66 
-2  34  -22 

//Reference=MNI 
//nullstudy_47
//Subjects=30
-14  -28  36 
10  16  -30 
-12  -6  -32 
-46  -76  -4 
-34  50  -14 

//Reference=MNI 
//nullstudy_48
//Subjects=31
-36  28  8 
-28  -14  10 
-44  -48  56 
-4  -78  -10 
40  48  -8 
20  42  38 
-26  -60  60 
8  30  38 
-58  -52  4 
-42  -62  50 
-24  22  -2 

//Reference=MNI 
//nullstudy_49
//Subjects=32
42  12  34 
-8  -56  -34 
-18  -66  -50 
-6  -14  60 
-56  -46  -12 
-24  -20  -28 
-12  30  -14 
-36  -74  -12 
-46  -66  -2 
-46  -62  36 
10  50  36 
-22  56  -14 
-58  -34  -24 
18  28  2 
-16  26  0 
-10  4  -18 
-42  -82  -14 
-12  0  76 

//Reference=MNI 
//nullstudy_50
//Subjects=29
-6  -46  48 
-16  -82  -38 
-8  54  -18 

//Reference=MNI 
//nullstudy_51
//Subjects=30
-2  -66  -48 
-14  68  4 
-2  -46  -4 
-6  62  28 
-12  -42  -16 

//Reference=MNI 
//nullstudy_52
//Subjects=30
-20  -6  -44 
-26  6  48 
-62  -8  38 
-30  -8  54 
-20  22  58 

//Reference=MNI 
//nullstudy_53
//Subjects=30
-28  -88  -32 
-46  -2  28 
-14  62  14 
10  36  22 
12  12  4 

//Reference=MNI 
//nullstudy_54
//Subjects=32
-52  -48  -34 
6  28  42 
-30  -52  2 
-14  34  60 
-18  2  -4 
-42  48  18 
-38  16  4 
-30  -34  72 
-2  18  62 
-58  -4  16 
-56  -40  8 
2  30  -28 
-58  -4  -10 
-32  -6  12 

//Reference=MNI 
//nullstudy_55
//Subjects=30
-34  -10  8 
-36  -46  -26 
26  16  46 
-44  -34  28 

//Reference=MNI 
//nullstudy_56
//Subjects=31
-40  -36  18 
-30  0  44 
-34  22  -24 
56  22  14 
-14  48  6 
-60  -42  14 
-14  -28  58 

//Reference=MNI 
//nullstudy_57
//Subjects=29
-64  -50  2 
-54  -68  20 
-22  -48  -54 
-12  8  48 

//Reference=MNI 
//nullstudy_58
//Subjects=31
-46  -44  22 
-56  6  42 
12  20  38 
-6  -26  -28 
-46  -64  16 
-4  24  16 
18  32  -22 
-12  46  -16 
40  22  -16 
-22  -32  -42 
26  10  0 
16  46  -4 
-36  -48  42 
-46  -36  -2 
-46  -8  -32 
4  30  54 
8  54  10 

//Reference=MNI 
//nullstudy_59
//Subjects=30
-64  -22  0 
-12  60  8 
-16  -46  68 

//Reference=MNI 
//nullstudy_60
//Subjects=31
-4  -86  -34 
-36  4  54 
-58  -48  8 
-12  -88  -40 
-2  -18  44 
-6  36  16 
-42  -50  -38 
-50  -50  24 
14  40  56 
-50  -26  62 
-24  50  10 
12  46  36 

//Reference=MNI 
//nullstudy_61
//Subjects=29
58  26  10 
32  62  -6 
-36  54  -16 

//Reference=MNI 
//nullstudy_62
//Subjects=30
-54  -28  14 
-6  62  4 
-8  -28  78 

//Reference=MNI 
//nullstudy_63
//Subjects=29
-46  -30  -28 
32  16  54 
-44  -38  6 

//Reference=MNI 
//nullstudy_64
//Subjects=27
-20  -26  -14 
-12  -100  -20 

//Reference=MNI 
//nullstudy_65
//Subjects=28
0  46  36 
-28  16  -6 

//Reference=MNI 
//nullstudy_66
//Subjects=30
-22  44  28 
-10  16  -26 
-42  -40  16 
-10  -58  4 
-16  -72  6 
-10  -54  74 

//Reference=MNI 
//nullstudy_67
//Subjects=30
-10  -92  38 
26  56  22 
-40  -4  54 
-50  16  10 
-28  12  14 

//Reference=MNI 
//nullstudy_68
//Subjects=31
-8  -50  -14 
-24  2  66 
-20  20  -26 
-36  -30  42 
-14  -38  4 
-44  -58  -20 
-44  -84  10 
-38  48  -16 
-40  -30  58 
-4  -42  -54 
22  2  62 
-36  -38  64 

//Reference=MNI 
//nullstudy_69
//Subjects=30
-34  4  -40 
32  12  8 
12  4  -10 
-2  -64  -10 

//Reference=MNI 
//nullstudy_70
//Subjects=30
-34  14  -12 
-18  18  46 
-22  30  -24 
-18  -78  18 
-56  -8  10 

//Reference=MNI 
//nullstudy_71
//Subjects=30
-40  -12  10 
-34  -44  60 
-40  16  -36 
-18  4  -26 
-50  -30  54 
-8  -86  -22 
-26  -2  -46 
14  50  -6 

//Reference=MNI 
//nullstudy_72
//Subjects=33
-24  -66  44 
-2  60  -10 
-38  -46  -8 
-20  -58  14 
-66  -12  8 
-44  -8  46 
-60  -22  12 
-10  46  -20 
26  58  20 
-32  54  30 
-52  -42  50 
-34  34  4 
-10  -10  52 
-2  -34  -50 
48  50  4 
10  32  -30 

//Reference=MNI 
//nullstudy_73
//Subjects=29
-6  -12  48 
-24  46  22 
-66  -50  0 
-6  -78  14 
-38  -74  22 
8  18  48 
26  4  64 
-48  -38  24 
40  8  26 
36  54  6 
-28  -66  -34 
-46  24  42 
-8  40  -18 
-30  6  58 
-16  -76  58 
-44  34  2 
-12  -56  2 

//Reference=MNI 
//nullstudy_74
//Subjects=31
-12  -74  -42 
-24  -92  30 
-18  -38  -34 
-50  -48  -34 
-52  -66  -12 
-30  -48  -6 
-36  -26  42 
-32  -34  58 
38  18  4 
-38  36  -8 
-6  -32  8 
-58  -36  22 
-30  -10  68 
-34  14  -42 
-38  -54  22 
2  6  74 
54  4  32 
4  58  12 
-46  -80  8 
14  10  -18 
18  8  -8 
50  36  -10 
-52  -78  -2 
56  26  2 
-12  -82  16 
-36  18  34 
-24  -14  48 
30  2  54 
36  6  0 
32  8  4 

//Reference=MNI 
//nullstudy_75
//Subjects=30
32  18  -14 
-6  6  74 
-20  -94  -26 

//Reference=MNI 
//nullstudy_76
//Subjects=30
-54  6  -22 
-34  -22  16 
44  56  8 
42  16  -12 
34  34  16 
-20  -94  -14 
40  58  0 
14  12  70 
-32  -54  -48 
-22  -76  -48 
-54  -76  -6 
2  50  -24 
-60  -10  -18 
-26  52  12 
40  48  20 
-26  2  54 
-28  -32  64 

//Reference=MNI 
//nullstudy_77
//Subjects=31
-34  -24  22 
-22  8  60 
-20  -56  -20 
-12  -16  -16 
-38  44  18 
6  14  46 
-10  64  0 
-36  -66  6 

//Reference=MNI 
//nullstudy_78
//Subjects=30
-62  -46  2 
-16  -98  -4 
22  6  62 

//Reference=MNI 
//nullstudy_79
//Subjects=31
-32  6  36 
-2  -88  28 
-18  -42  4 
0  4  4 
32  8  -18 
-44  2  24 
-18  4  -24 
-6  -46  -22 
0  4  26 
-52  -56  32 
4  68  6 
-68  -20  18 

//Reference=MNI 
//nullstudy_80
//Subjects=30
-58  4  -6 
-12  -86  -42 
40  60  10 
-44  -86  0 
8  18  2 
-36  -10  -30 
-32  -76  -50 
-10  32  34 
-44  -64  -22 
-48  46  -12 
-64  -50  -20 
16  68  14 

//Reference=MNI 
//nullstudy_81
//Subjects=29
-32  6  -4 
42  24  -10 

//Reference=MNI 
//nullstudy_82
//Subjects=30
-48  10  36 
-34  -52  36 
-54  -74  16 

//Reference=MNI 
//nullstudy_83
//Subjects=30
-54  6  40 
-38  42  -6 
-10  -54  26 
36  24  -16 
12  4  52 
-48  -52  -40 
-32  16  26 
38  44  -10 
34  42  44 
-24  -68  52 

//Reference=MNI 
//nullstudy_84
//Subjects=30
-36  38  22 
16  68  -14 
-22  -92  28 
24  54  0 
-10  -42  34 
-36  -96  -8 
-18  -96  4 
-36  -46  -26 

//Reference=MNI 
//nullstudy_85
//Subjects=31
48  16  46 
-20  -20  78 
12  42  32 
66  2  12 
-6  -30  28 
-42  18  42 

//Reference=MNI 
//nullstudy_86
//Subjects=31
-36  -2  -50 
38  36  32 

//Reference=MNI 
//nullstudy_87
//Subjects=31
-14  -78  12 
-18  -30  60 
-32  -74  20 
14  50  -4 
-4  -34  48 

//Reference=MNI 
//nullstudy_88
//Subjects=31
-2  54  8 
-46  -24  -32 
28  22  52 
-16  -50  -24 
-6  -40  -2 
-32  -4  -30 
14  10  -18 

//Reference=MNI 
//nullstudy_89
//Subjects=29
-36  44  16 
-26  -28  -30 
4  56  36 
-58  -18  -32 
-34  -16  54 
-22  58  -16 

//Reference=MNI 
//nullstudy_90
//Subjects=29
-12  -32  80 
-58  20  26 
-14  -58  -56 
-8  12  10 
-30  -62  50 
-30  -8  70 
-40  28  -12 
6  62  -6 
22  54  6 
-44  -66  38 

//Reference=MNI 
//nullstudy_91
//Subjects=32
-54  -12  18 
48  30  -2 
-40  -4  -12 
-12  -8  -22 
-14  16  -30 
-26  -2  -50 
-2  -52  -46 
-26  0  8 
10  60  26 
-16  -90  6 
-54  -8  -22 
16  62  14 
-58  -10  42 
-64  -8  36 
-50  -32  52 
-42  -76  26 
-10  -68  32 
-48  -16  46 
-28  54  -14 
-18  -30  56 
-64  -10  24 
0  24  56 
-16  -28  58 
-24  -80  0 
-4  -48  -14 
-14  14  -18 
-40  20  -36 
-16  -74  22 
18  6  -28 
-16  -88  8 
-2  -18  48 
-12  -66  -32 
-8  -18  54 
-38  12  42 
2  52  24 
30  6  -12 

//Reference=MNI 
//nullstudy_92
//Subjects=28
-36  18  -24 
-20  -38  -12 
-6  18  -4 
36  36  18 
12  6  -20 
-30  6  -24 
-52  -56  20 
-30  -90  -32 
-18  -66  12 
-26  -86  -36 
-42  -84  22 
-50  -82  -8 
-10  -18  -8 
-16  -10  72 
-12  -64  58 
-14  26  50 
-22  16  -34 
2  46  50 
0  44  -6 
-52  16  34 
42  18  52 
-54  -68  12 
-2  -44  4 
44  6  -20 
-36  -64  -62 
-20  40  50 

//Reference=MNI 
//nullstudy_93
//Subjects=29
14  16  6 
-22  -46  -32 
-22  -52  -18 
-38  -54  10 
-18  -54  72 
-50  18  -2 
-12  -72  -8 
-24  -76  -58 
-8  -34  74 

//Reference=MNI 
//nullstudy_94
//Subjects=30
-6  30  28 
-12  44  20 

//Reference=MNI 
//nullstudy_95
//Subjects=29
0  38  -18 
-28  -36  72 

//Reference=MNI 
//nullstudy_96
//Subjects=31
8  68  -12 
-28  -20  -34 
-26  62  16 
-34  -84  32 
48  42  -16 
-54  -66  8 
-26  -74  -48 
-14  -20  -24 
-46  4  -44 
38  26  -34 
-2  20  -10 
0  18  62 
34  14  36 
18  52  -8 
-2  -8  52 
-8  -68  -20 
-56  10  20 
12  26  22 
-6  -62  -4 
-16  -10  -10 
-16  -6  -20 
-14  26  -16 
-64  -38  -4 
-38  -28  24 
-2  2  26 
-36  -6  10 
-64  -26  30 
-2  34  2 

//Reference=MNI 
//nullstudy_97
//Subjects=31
-4  -76  -8 
50  4  6 
-10  -68  -6 

//Reference=MNI 
//nullstudy_98
//Subjects=30
-40  -66  -14 
-20  4  -46 

//Reference=MNI 
//nullstudy_99
//Subjects=31
-4  -38  -34 
-32  36  26 
-24  -96  -14 
-26  -74  40 
-38  -2  56 
-28  0  -34 
-38  -30  54 
-48  -16  -8 
-38  -38  -40 

//Reference=MNI 
//nullstudy_100
//Subjects=30
-44  -34  16 
-54  22  -8 

