//Reference=MNI 
//truestudy_1
//Subjects=12
44  -67  -6 
44  -65  -5 
47  -65  -6 
48  -63  -7 
46  -66  -7 
46  -67  -5 
48  -66  -6 
45  -68  -6 
46  -66  -4 
47  -67  -7 
45  -66  -6 
46  -66  -7 
48  -65  -6 
46  -66  -6 
46  -67  -7 
46  -65  -6 
46  -68  -4 
46  -68  -8 
48  -67  -6 
45  -64  -6 
46  -65  -5 
46  -65  -5 
46  -66  -7 
45  -67  -6 
45  -67  -5 
45  -64  -5 
45  -65  -5 
46  -68  -7 
46  -64  -6 
47  -64  -6 
46  -66  -6 

//Reference=MNI 
//truestudy_2
//Subjects=10
45  -66  -8 
47  -65  -6 
45  -66  -5 

//Reference=MNI 
//truestudy_3
//Subjects=8
45  -65  -8 
47  -67  -6 

//Reference=MNI 
//nullstudy_1
//Subjects=12
26  14  -24 
-32  -2  -32 
-34  12  62 
-8  -64  36 
-20  -24  6 
-8  -34  -8 
-18  -74  52 
-14  -72  -12 
-40  0  -2 
-4  16  38 
40  26  -18 
-6  48  -8 
-4  -2  68 
32  10  12 
-22  -74  -42 
44  28  -6 
38  6  -4 
-40  -56  -8 
-8  -54  40 
-46  -42  -28 
-38  -12  0 
30  12  10 
30  46  18 
-60  -42  -20 
-26  -32  -20 
-10  -28  78 
6  16  64 
-44  -52  -40 
-22  -22  -14 
-38  -60  0 
-2  34  -20 

//Reference=MNI 
//nullstudy_2
//Subjects=10
50  36  -8 
-46  -2  28 
-10  -10  -18 

//Reference=MNI 
//nullstudy_3
//Subjects=8
-40  -64  -20 
-34  -40  54 

//Reference=MNI 
//nullstudy_4
//Subjects=10
28  22  40 
-16  -70  -42 
-8  -72  -46 
-8  36  56 
-60  8  6 
-32  12  44 
-48  4  52 

//Reference=MNI 
//nullstudy_5
//Subjects=11
34  8  50 
-40  2  -2 
-6  -40  -8 
-6  -62  -64 
-28  -88  -40 
-40  -72  -50 
-24  -72  58 
-20  -58  10 
60  12  10 

//Reference=MNI 
//nullstudy_6
//Subjects=10
-24  14  52 
-24  40  -8 
-22  -84  -18 
-22  36  36 

//Reference=MNI 
//nullstudy_7
//Subjects=9
-14  6  -4 
-42  -64  10 

//Reference=MNI 
//nullstudy_8
//Subjects=13
-36  -82  -22 
-26  -50  -6 
-24  64  6 
-28  -66  -2 
-58  -12  16 
20  10  -12 
20  46  36 
-48  -52  34 
8  10  -24 
-40  -28  -18 
-66  -28  38 
-6  6  -28 
-6  -36  -12 
-32  -6  -8 
-38  26  26 
-12  -4  66 
-58  -34  10 
0  32  24 
-32  -30  14 
-4  38  34 
-24  -78  52 
-6  -102  10 
-18  -80  48 
-4  -56  -44 
-46  -24  26 
-42  14  40 
42  14  28 
-42  52  18 
-44  -64  22 
46  14  -8 
-54  -20  24 
-4  28  -30 
-54  20  12 

//Reference=MNI 
//nullstudy_9
//Subjects=10
-44  -68  28 
-8  -72  30 
-52  -68  12 
-28  -48  -8 
-64  -28  -8 
8  36  -12 
6  30  28 
0  54  14 
-4  26  -26 
-18  -44  14 
54  8  -38 
-4  -66  52 

//Reference=MNI 
//nullstudy_10
//Subjects=11
-40  -84  -28 
-36  -46  52 
40  2  -16 
-6  56  -10 
-8  -2  54 
-30  -50  -54 
-50  -52  -12 
-14  -74  -14 
-50  -38  -8 

//Reference=MNI 
//nullstudy_11
//Subjects=10
20  48  42 
-36  -78  -18 
26  46  32 
-28  -80  24 
-50  -24  54 
-42  -78  -14 
-14  -50  36 
-52  20  32 
-42  46  12 
-8  -28  80 
-56  -60  -30 
-68  -20  -18 
-24  -10  70 
-24  -58  -38 
-68  -30  22 
-38  14  22 
-22  -74  -30 
-40  -34  -20 

//Reference=MNI 
//nullstudy_12
//Subjects=9
12  22  -30 
-36  -30  56 
30  54  6 

//Reference=MNI 
//nullstudy_13
//Subjects=9
-26  -70  -4 
-6  40  -4 
-46  -80  30 
-36  -60  -34 

//Reference=MNI 
//nullstudy_14
//Subjects=10
-46  26  10 
-4  64  30 
-40  -66  48 
-20  -54  2 
16  52  32 
-2  -60  -10 
-10  -48  -18 
-58  -16  -20 
-34  -48  -34 

//Reference=MNI 
//nullstudy_15
//Subjects=9
24  14  40 
-30  48  30 

//Reference=MNI 
//nullstudy_16
//Subjects=10
-52  28  20 
-24  0  54 
-10  -64  -14 
-46  44  10 

//Reference=MNI 
//nullstudy_17
//Subjects=10
-30  38  14 
-8  -38  34 
52  16  42 
-20  50  18 

//Reference=MNI 
//nullstudy_18
//Subjects=9
44  40  18 
-2  -48  -56 
-6  10  70 

//Reference=MNI 
//nullstudy_19
//Subjects=11
4  50  42 
24  64  -16 
-10  -24  20 
-34  16  48 
-6  -80  8 
30  18  -18 
-30  -64  42 
-4  -62  -62 
-42  -82  -8 
-44  4  -32 
-54  -36  -8 
-26  -58  56 
2  18  -18 
6  62  34 
-56  -56  -16 
-28  -64  6 
-2  -56  60 
-6  56  40 
-60  -38  36 
-24  -66  58 
24  28  60 
-22  -96  26 
-14  70  16 
-38  -24  14 

//Reference=MNI 
//nullstudy_20
//Subjects=11
-18  -92  12 
-42  24  12 
-2  -34  42 
-8  -44  -52 
16  10  6 
-42  -56  -4 
-16  32  44 
-10  18  -28 
26  40  -16 
-8  -48  28 
-2  24  44 
-10  -20  64 
26  12  62 
-52  -8  8 
-10  -58  -62 
-34  -22  54 
-6  -74  -2 
-34  -60  -22 
-60  -46  48 
-2  8  54 
8  22  -24 
30  28  26 
46  22  38 
-2  18  18 
-4  -20  -16 
-34  0  16 
-14  -32  16 
-18  18  42 
-34  2  42 
-8  56  22 
-24  -92  -24 
-6  8  28 
-44  -28  38 
-48  22  24 
-10  -54  12 
-12  -72  40 

//Reference=MNI 
//nullstudy_21
//Subjects=10
14  18  -28 
-32  -14  -36 
24  44  22 
-44  -12  48 

//Reference=MNI 
//nullstudy_22
//Subjects=10
-12  8  68 
46  22  36 
-16  18  52 
-14  -70  -38 
-46  -4  52 

//Reference=MNI 
//nullstudy_23
//Subjects=10
-32  32  20 
14  44  10 
-54  -66  -30 
48  20  50 
-2  -74  28 
-38  -62  50 

//Reference=MNI 
//nullstudy_24
//Subjects=10
2  48  24 
46  30  -14 
8  6  10 
-30  2  44 
-2  -46  2 
-34  36  14 
-42  -2  -6 
-16  -22  -6 

//Reference=MNI 
//nullstudy_25
//Subjects=10
-28  46  -14 
-18  14  -10 
-6  -22  -48 
-6  -58  10 
-36  -94  -2 

//Reference=MNI 
//nullstudy_26
//Subjects=9
-6  -10  -2 
-38  22  46 
-32  -74  -6 
4  28  -16 

//Reference=MNI 
//nullstudy_27
//Subjects=10
28  2  60 
-44  -8  32 
40  34  20 
-36  -30  -26 
24  34  -10 
-24  -42  -2 

//Reference=MNI 
//nullstudy_28
//Subjects=10
-8  -52  -50 
-22  18  -12 
-44  -58  -44 
50  16  -32 
14  70  14 
-22  42  -14 
10  4  18 
-46  -44  34 

//Reference=MNI 
//nullstudy_29
//Subjects=10
-36  -6  -40 
4  34  -20 
-24  48  10 
-8  -104  -8 
-6  -70  -32 
-26  -76  -4 
-44  -56  52 
-30  -30  72 

//Reference=MNI 
//nullstudy_30
//Subjects=8
-24  -8  68 
-40  56  4 

//Reference=MNI 
//nullstudy_31
//Subjects=11
14  24  28 
-56  6  10 
-42  -44  42 
-40  18  14 
44  42  -20 
-42  12  22 
-22  -96  6 
-30  -80  0 
-38  -36  6 

//Reference=MNI 
//nullstudy_32
//Subjects=10
-16  -12  -34 
-54  10  -24 
-52  -30  -20 
32  6  -12 
46  12  12 
-22  4  -42 

//Reference=MNI 
//nullstudy_33
//Subjects=11
-56  -40  34 
28  48  8 
-52  -28  -24 
-16  -54  -60 
-26  -58  46 
-4  -52  -48 
-8  -18  -18 
-14  62  12 
36  12  -20 
-50  -64  -12 

//Reference=MNI 
//nullstudy_34
//Subjects=12
-30  -44  64 
-36  44  -16 
-4  -4  28 
4  22  -26 
-8  -64  -54 
-26  -90  -12 
34  48  28 
22  10  -18 
-40  12  22 
-18  -62  -54 
-44  50  0 
-40  -70  44 
-46  -10  30 
-8  -80  46 
-12  -86  -32 
-36  -26  2 
28  28  50 
-34  22  44 
-52  -34  -6 
-44  -30  2 
-2  -50  -18 
-6  -8  -8 
-16  -58  -38 
8  30  26 
-46  18  4 
16  18  0 
-50  -60  34 
-32  -60  32 
30  30  50 
-30  -38  4 
-44  8  38 
-26  50  0 
-50  42  0 
-24  -6  -28 
-34  -44  -10 
-34  30  22 
24  28  -26 
-4  -46  20 
28  18  -40 
-28  -2  -6 
-2  46  18 
-10  14  70 
-50  -34  8 

//Reference=MNI 
//nullstudy_35
//Subjects=11
-50  28  30 
-54  4  -6 
4  28  60 
-22  -66  14 
-8  -4  -20 
-28  -68  54 
-68  -12  -14 
-46  -78  8 
-22  -52  12 
-14  -48  -58 
-6  26  66 
12  18  58 
-38  -14  52 
-42  -12  -10 
-50  -2  -38 
-38  4  -34 
-10  -86  30 

//Reference=MNI 
//nullstudy_36
//Subjects=12
-64  -20  0 
-18  -6  -16 
-52  -22  12 
36  18  -28 
-40  4  10 
-58  -44  30 
-28  -100  -4 
-8  -60  38 
-68  -30  18 
-50  0  -38 
-24  -66  -20 
2  22  -6 
-34  -34  22 
-10  -70  -58 

//Reference=MNI 
//nullstudy_37
//Subjects=9
-50  16  -2 
-2  -18  58 

//Reference=MNI 
//nullstudy_38
//Subjects=10
-40  36  40 
-52  -14  22 
-42  -18  8 
-58  -24  8 
-44  24  6 

//Reference=MNI 
//nullstudy_39
//Subjects=8
-58  -26  32 
-2  -80  6 

//Reference=MNI 
//nullstudy_40
//Subjects=10
-38  -50  -52 
-12  -88  -12 
-8  32  58 
18  2  66 
-18  -64  66 

//Reference=MNI 
//nullstudy_41
//Subjects=11
-16  -20  -6 
-40  -16  18 
12  44  36 
-36  -20  46 
22  16  48 
14  46  36 
-58  -12  -20 
-6  36  2 
-34  2  48 

//Reference=MNI 
//nullstudy_42
//Subjects=10
-62  -8  0 
36  48  26 
-8  60  38 
-34  -62  -62 
-30  -36  -30 
56  2  38 

//Reference=MNI 
//nullstudy_43
//Subjects=12
-22  -8  50 
-38  12  28 
-40  -10  4 
-46  -58  -8 
40  48  22 
8  40  -2 
12  42  30 
-16  -50  -52 
-64  2  16 
-22  -34  -46 
-60  -32  -12 
42  8  -18 
-34  -54  -48 
-48  38  4 
-10  64  0 
34  2  48 
54  22  -10 
-36  24  2 
-10  -20  -38 
2  36  -14 
-12  -72  -34 
-52  -28  36 
-10  32  44 
-40  -66  52 

//Reference=MNI 
//nullstudy_44
//Subjects=10
-16  12  -38 
-32  12  -22 
-30  34  18 
-40  -88  -10 
-6  6  36 
22  12  -40 
10  38  24 
-10  -82  -36 
-36  18  -38 
34  62  10 
-50  -40  18 
-20  -70  -20 
22  30  -24 

//Reference=MNI 
//nullstudy_45
//Subjects=10
-38  -40  -32 
-26  50  -4 
40  16  -4 
-36  4  -2 
-42  -24  -20 
-30  -78  22 

//Reference=MNI 
//nullstudy_46
//Subjects=11
-18  -70  -12 
-10  -66  66 
8  46  -22 
-50  -20  -20 
42  12  50 
-44  26  30 
-14  -42  -48 
10  56  32 
-6  -18  32 
-28  -42  -50 
-34  10  -46 
-50  38  -14 
-58  12  -16 
-28  -42  64 
-2  -14  18 
-44  2  -10 

//Reference=MNI 
//nullstudy_47
//Subjects=11
-2  -46  -44 
-42  -14  -10 
-62  -16  38 
-40  6  -4 
32  20  -12 
48  12  8 
-44  4  8 
2  30  -16 
-8  -64  50 
34  38  -12 
-8  -14  14 
-44  -68  -44 
-48  -50  0 
-24  -50  -20 

//Reference=MNI 
//nullstudy_48
//Subjects=11
-36  -12  -36 
6  28  30 
-16  -104  10 
-18  -84  18 
-16  2  -38 
-48  22  -22 
-12  -58  -22 
-2  42  -28 
6  2  72 

//Reference=MNI 
//nullstudy_49
//Subjects=9
-34  4  -32 
48  20  12 

//Reference=MNI 
//nullstudy_50
//Subjects=10
-10  56  14 
8  30  -22 
-42  32  -16 
4  64  -10 
-4  -56  -30 

//Reference=MNI 
//nullstudy_51
//Subjects=11
-36  0  -10 
56  26  30 
-24  32  30 
-8  -82  -48 
-2  -68  -28 
-68  -28  -12 
-4  48  -12 
-36  -74  -40 

//Reference=MNI 
//nullstudy_52
//Subjects=9
30  40  -20 
-10  8  50 

//Reference=MNI 
//nullstudy_53
//Subjects=10
40  50  14 
-48  16  -24 
-32  46  16 
-14  58  32 

//Reference=MNI 
//nullstudy_54
//Subjects=10
-40  40  8 
-24  -84  34 
-18  -34  78 
28  6  52 
-42  28  -6 

//Reference=MNI 
//nullstudy_55
//Subjects=10
24  12  -12 
28  24  38 
-26  46  20 
-32  64  -6 

//Reference=MNI 
//nullstudy_56
//Subjects=10
-32  50  26 
-40  -48  54 
-30  -44  -46 
62  4  14 
-4  46  0 
26  12  50 
32  32  2 
-14  12  -22 
64  14  18 
-30  -46  -32 
-8  -52  34 
-34  -4  58 
-6  0  10 

//Reference=MNI 
//nullstudy_57
//Subjects=11
-44  -58  36 
-48  14  44 
-34  -98  -2 
-2  -28  26 
40  4  -34 
0  44  24 
-38  -54  54 

//Reference=MNI 
//nullstudy_58
//Subjects=11
36  22  58 
-38  -66  16 
-24  -60  0 
-46  -18  46 
-18  8  20 
-18  52  -18 
18  2  -44 
-34  -88  16 
-6  64  2 
-4  52  48 

//Reference=MNI 
//nullstudy_59
//Subjects=10
-40  12  42 
-58  -48  24 
-44  -42  -42 
-34  -26  -22 
52  14  -12 
-60  4  -20 
0  12  34 

//Reference=MNI 
//nullstudy_60
//Subjects=10
-6  -38  34 
4  14  30 
-8  -54  30 
-46  -70  -28 
-16  -82  28 

//Reference=MNI 
//nullstudy_61
//Subjects=10
-42  24  -8 
48  44  22 
-20  -20  62 
-6  -72  -14 

//Reference=MNI 
//nullstudy_62
//Subjects=11
4  20  64 
-60  -32  12 
36  28  -2 
-54  -10  -6 
2  14  64 
-58  -34  38 
-6  46  22 
-60  -40  -18 
-32  26  44 
4  2  52 
-44  4  28 
-50  -40  14 
-28  -4  -4 
-32  26  22 
-54  18  32 
-2  -16  74 
10  56  42 
-26  -96  22 
-44  -82  -28 
-16  -76  -30 
-36  44  -10 
-8  -36  -48 
-22  -78  -38 
50  14  20 
-2  -80  12 
-32  24  0 
26  12  54 
-20  -32  -44 
-2  20  50 
38  2  6 
-30  -40  48 
-36  0  -6 
-2  -84  -10 
-28  -24  68 
20  20  -16 
-56  -8  -16 
-64  -44  38 
46  48  -12 
-6  -34  30 
-44  -72  22 
-48  -36  2 
-6  -48  -62 
-28  2  -12 
-22  -90  -16 
44  10  14 
-50  -52  2 
-4  -54  -30 
20  10  -32 
-56  32  8 
-52  -4  -12 
-54  -10  -2 
-30  -90  -24 
44  4  14 
-8  42  -4 
-14  -88  -36 
-54  16  8 
-14  -40  16 

//Reference=MNI 
//nullstudy_63
//Subjects=8
-4  18  46 
14  68  24 

//Reference=MNI 
//nullstudy_64
//Subjects=8
-28  16  38 
-34  -50  -22 

//Reference=MNI 
//nullstudy_65
//Subjects=8
-12  2  60 
-28  4  62 

//Reference=MNI 
//nullstudy_66
//Subjects=11
54  30  -10 
14  36  24 
-38  -58  38 
-12  12  22 
-8  16  -30 
-32  -76  -20 
-10  -52  44 
-30  -78  -22 

//Reference=MNI 
//nullstudy_67
//Subjects=9
14  44  16 
-52  18  -16 
-6  -60  -56 

//Reference=MNI 
//nullstudy_68
//Subjects=10
-56  -50  -2 
42  4  52 
14  52  -8 
-34  -92  22 
-4  28  30 

//Reference=MNI 
//nullstudy_69
//Subjects=9
-6  18  52 
-44  -58  30 
24  50  32 
4  12  48 

//Reference=MNI 
//nullstudy_70
//Subjects=10
14  14  34 
-30  54  22 
52  8  42 
-36  -78  -6 

//Reference=MNI 
//nullstudy_71
//Subjects=9
-60  -56  26 
-36  -90  10 
48  10  -24 

//Reference=MNI 
//nullstudy_72
//Subjects=10
-32  -10  -2 
-22  -4  -8 
-52  -34  20 
-4  -72  52 
-38  -90  -16 
32  8  6 
-2  -58  -14 

//Reference=MNI 
//nullstudy_73
//Subjects=10
16  14  -22 
-2  -34  -4 
-66  -10  16 
-24  -52  -60 

//Reference=MNI 
//nullstudy_74
//Subjects=10
54  16  16 
-38  26  46 
-6  0  50 
-52  -28  6 
16  48  -24 
-8  -72  -34 
-32  -42  -6 
-28  14  44 

//Reference=MNI 
//nullstudy_75
//Subjects=11
-34  50  28 
-32  -42  -6 
-14  -6  -8 
10  32  -30 
-8  -2  50 
-30  -44  -26 
40  4  -18 
-38  -68  -58 
-26  -40  52 

//Reference=MNI 
//nullstudy_76
//Subjects=11
-6  -44  -32 
-6  -72  -6 
-60  -8  -4 
0  30  -32 
26  24  50 
0  2  -26 
14  30  54 
-44  -2  6 

//Reference=MNI 
//nullstudy_77
//Subjects=10
-10  -82  -10 
-48  -80  26 
36  16  58 

//Reference=MNI 
//nullstudy_78
//Subjects=9
-30  -62  -54 
-34  -46  -56 
-14  52  -20 

//Reference=MNI 
//nullstudy_79
//Subjects=10
-20  -36  -8 
16  26  -4 
-4  -56  -36 
-4  -96  2 
6  58  12 
-22  -12  52 
58  4  -30 
-8  -102  -4 

//Reference=MNI 
//nullstudy_80
//Subjects=10
-54  -16  16 
-2  -66  66 
-62  -26  -32 
6  36  48 
-12  -50  -52 
-24  10  70 
-26  -50  -8 
-28  12  64 

//Reference=MNI 
//nullstudy_81
//Subjects=11
-4  -84  2 
26  68  -2 
6  54  -12 
-20  -58  62 
52  26  16 
-12  50  -4 
24  32  -18 
-10  34  36 
32  40  -22 
40  24  10 
-26  6  8 
-22  -56  -10 
22  58  28 

//Reference=MNI 
//nullstudy_82
//Subjects=9
-20  26  -18 
16  62  34 

//Reference=MNI 
//nullstudy_83
//Subjects=11
-32  -68  42 
-14  44  -8 
-6  38  0 
4  50  -10 
-32  -44  34 
44  24  18 
-48  -46  46 
-18  22  50 
30  22  52 
-28  10  -10 
-4  -50  -12 
-52  -6  50 
-12  -56  40 
-4  -30  34 
-12  -28  -2 
-2  32  42 
-10  18  42 
-6  -60  -32 

//Reference=MNI 
//nullstudy_84
//Subjects=11
-30  -38  64 
-6  62  -6 
28  46  42 
-58  -2  18 
-50  -26  14 
42  8  -40 
-52  -4  50 

//Reference=MNI 
//nullstudy_85
//Subjects=9
-24  -80  16 
-10  -8  -24 

//Reference=MNI 
//nullstudy_86
//Subjects=10
-38  10  -10 
-56  -68  22 
-10  50  28 
-54  -30  -8 
-6  -66  -46 
-60  -4  -20 

//Reference=MNI 
//nullstudy_87
//Subjects=11
34  12  14 
-26  -4  -48 
-38  -44  54 
50  12  -32 
-2  2  34 
-40  10  60 
-20  64  24 
-6  -92  22 
-50  2  -16 
-50  8  38 
-2  44  -10 
-22  30  48 
-30  -70  30 

//Reference=MNI 
//nullstudy_88
//Subjects=9
-36  -54  16 
-42  -70  22 
12  62  10 
-4  -58  4 
44  18  2 
-62  -42  -22 
-46  -68  -4 
20  34  46 
-68  -28  10 
-2  -58  -40 
-28  36  52 
-10  -48  -4 
-24  -18  -26 
-10  -16  66 
6  6  -16 
-40  -72  48 
-44  -82  18 
-4  -60  -26 
-22  -78  -32 
-20  -88  18 
-6  -40  64 
-6  10  56 
-46  32  -18 
-40  -38  20 
-38  -60  -48 
0  42  48 
-30  24  10 

//Reference=MNI 
//nullstudy_89
//Subjects=12
24  18  56 
28  16  -12 
-2  -54  32 
30  12  -32 
-10  -88  18 
-56  16  20 
-12  -38  48 

//Reference=MNI 
//nullstudy_90
//Subjects=10
44  8  4 
-6  -66  -18 
-46  40  28 

//Reference=MNI 
//nullstudy_91
//Subjects=10
-16  -64  8 
-6  -24  20 
6  56  -18 
-70  -28  -12 
-22  -28  56 
32  34  -12 
58  22  10 
-28  26  30 
-2  -58  -36 
36  18  -16 
-56  -54  36 
2  50  -24 
-16  -52  -22 
-48  28  40 
-50  -24  -10 
-60  -22  34 
-24  -76  16 
24  40  20 
38  52  -18 
26  48  26 
-50  44  -2 
-16  -82  -12 
0  20  38 
-54  -16  4 
-42  16  18 
-24  -58  -16 
-2  -86  -32 
20  52  -14 
-12  -68  -4 
50  14  -16 
26  6  0 
-14  58  32 

//Reference=MNI 
//nullstudy_92
//Subjects=11
-42  -40  58 
-36  -14  -46 
-36  -12  6 
-40  -34  -18 
-52  -4  -44 

//Reference=MNI 
//nullstudy_93
//Subjects=10
-24  -8  12 
-14  -88  12 
38  62  -4 
-12  -6  42 
-36  -66  -48 

//Reference=MNI 
//nullstudy_94
//Subjects=10
-54  -8  34 
10  8  14 
38  12  8 
30  52  0 
8  48  -10 
-30  -52  2 
-26  -92  10 
-36  -30  42 
-30  -42  -26 
-26  -20  66 
-32  -34  -12 
-8  -28  -16 
-44  52  14 
-30  -6  70 
-24  -20  -34 
-10  -74  -30 
-40  -44  -34 

//Reference=MNI 
//nullstudy_95
//Subjects=10
-38  10  40 
48  14  -12 
-38  -40  68 
-48  -34  -2 
-28  4  -36 
-36  -64  -28 
34  28  22 
-10  -42  78 
-18  -14  24 

//Reference=MNI 
//nullstudy_96
//Subjects=10
36  42  32 
-32  44  4 
-64  -4  -16 
-20  -24  -24 
-40  -44  52 
62  4  20 

//Reference=MNI 
//nullstudy_97
//Subjects=9
-24  -66  34 
-36  -4  -4 
-62  2  -12 
-30  38  24 
-60  -40  -16 

//Reference=MNI 
//nullstudy_98
//Subjects=10
-10  -94  8 
64  8  12 
-14  -46  -42 
-22  -56  22 
-32  -62  46 
-46  -38  -26 

//Reference=MNI 
//nullstudy_99
//Subjects=10
-6  -34  -10 
44  8  -16 

//Reference=MNI 
//nullstudy_100
//Subjects=10
-58  -66  -18 
-32  -44  -50 
12  56  30 
52  12  18 
-14  -54  64 
-2  -58  52 

