//Reference=MNI 
//truestudy_1
//Subjects=11
47  -65  -6 
46  -66  -7 
44  -65  -7 
46  -67  -5 
46  -66  -4 
46  -65  -5 
46  -67  -7 
43  -67  -5 
46  -66  -7 
47  -68  -5 

//Reference=MNI 
//truestudy_2
//Subjects=8
46  -66  -7 
45  -65  -6 

//Reference=MNI 
//truestudy_3
//Subjects=11
47  -66  -6 
45  -65  -5 
47  -65  -5 
46  -67  -7 
47  -66  -5 
46  -66  -8 
47  -65  -6 
46  -66  -4 
45  -67  -7 
46  -67  -6 
45  -66  -6 
45  -66  -7 
46  -68  -5 

//Reference=MNI 
//nullstudy_1
//Subjects=11
-2  -20  70 
32  38  14 
48  2  -42 
-8  60  6 
-4  -92  -22 
-6  -30  14 
-26  -80  6 
-42  -10  -44 
-38  -20  16 
-56  -26  42 

//Reference=MNI 
//nullstudy_2
//Subjects=8
-62  -40  38 
20  2  -38 

//Reference=MNI 
//nullstudy_3
//Subjects=11
-48  40  26 
-40  24  -16 
-10  -30  48 
4  34  38 
-40  -66  32 
-48  -42  2 
-34  -42  48 
-28  66  8 
-46  -2  -10 
30  62  -4 
50  38  -14 
-32  -12  -18 
-8  -20  16 

//Reference=MNI 
//nullstudy_4
//Subjects=10
-42  26  -4 
-18  10  12 
30  4  -12 
-28  20  34 
-38  60  -2 
-32  -52  66 
-8  -36  64 
-18  4  -40 

//Reference=MNI 
//nullstudy_5
//Subjects=10
-18  -36  -30 
38  10  -34 
4  20  64 
-14  -40  -56 
12  14  -16 

//Reference=MNI 
//nullstudy_6
//Subjects=11
4  48  36 
-12  68  -6 
-18  -54  10 
-2  -52  64 
0  32  28 
-48  32  -4 
-12  -28  38 
-56  -74  4 
6  66  12 

//Reference=MNI 
//nullstudy_7
//Subjects=11
-48  -26  44 
-52  -44  -12 
44  12  -38 
-42  -68  0 
-6  -50  -68 
30  36  38 
50  30  -2 
-12  -2  -40 
-4  -20  42 
-44  -22  -36 
-50  -58  -12 

//Reference=MNI 
//nullstudy_8
//Subjects=10
6  32  22 
-14  -38  8 
-2  -82  -34 
-54  -38  -12 
-30  12  60 

//Reference=MNI 
//nullstudy_9
//Subjects=11
-26  -50  42 
-50  -38  18 
-10  36  -16 
-36  -8  62 
-32  -50  32 
22  2  -48 
54  14  -14 
-22  58  14 
-46  -10  -6 
54  40  6 

//Reference=MNI 
//nullstudy_10
//Subjects=10
-36  -70  -36 
-60  -4  -24 
-14  -68  -22 
62  18  22 
36  42  -16 
-18  62  14 
-44  -44  -40 
-10  -52  66 
-28  -30  62 
10  28  26 

//Reference=MNI 
//nullstudy_11
//Subjects=11
-30  -22  -34 
-30  -82  -2 
-46  -2  52 
-6  -36  68 
-24  -92  2 
50  20  22 
-60  -2  -14 
0  24  26 
24  22  56 
-4  -36  -12 
-10  -40  -38 
-26  -22  66 
-16  -54  -52 
40  6  2 
-34  -68  18 
-24  -18  -8 
-14  0  -34 
48  28  -8 
-36  -24  -30 
-4  62  24 
-10  34  32 
-32  50  -20 
16  56  4 
40  32  -10 
-8  -8  68 
60  4  -22 

//Reference=MNI 
//nullstudy_12
//Subjects=10
-20  -12  -40 
38  16  54 
8  10  38 
-32  34  40 
-14  -38  12 
-28  38  32 

//Reference=MNI 
//nullstudy_13
//Subjects=10
38  40  -16 
-28  14  64 
-16  14  54 
32  44  42 
-8  -44  36 
-22  -40  -46 

//Reference=MNI 
//nullstudy_14
//Subjects=11
-12  -4  52 
-34  26  18 
-8  -96  -12 
-42  -76  -10 
-4  26  46 
-52  2  -26 
62  14  24 
-18  56  22 
-32  -70  -24 
64  10  26 
18  48  22 

//Reference=MNI 
//nullstudy_15
//Subjects=10
-12  -56  30 
4  12  40 
-32  -2  -34 
-24  28  -16 
-20  54  4 

//Reference=MNI 
//nullstudy_16
//Subjects=13
-44  -8  58 
-48  -46  -16 
-24  -58  -50 
-20  10  -8 
-38  -30  -26 
-38  -56  52 
-2  18  24 
-10  -34  68 
-26  -76  -16 
-4  -34  44 
52  14  8 
-54  -72  24 
18  46  48 
-28  -42  -22 
-24  -40  -6 
30  10  -26 
-34  -38  44 
8  12  68 
30  18  -36 
-16  -66  -2 
-48  -36  50 
-10  -54  -30 
-38  -54  42 
-22  -94  -26 
46  24  2 
-50  -46  -28 
4  44  8 
-34  36  10 
8  52  10 
-34  -66  -16 
24  10  52 

//Reference=MNI 
//nullstudy_17
//Subjects=11
-34  -80  -38 
-52  42  -2 
-26  -58  58 
-46  -14  62 
-48  28  2 
-8  -44  54 
14  24  -28 
-18  10  72 
-54  -70  20 

//Reference=MNI 
//nullstudy_18
//Subjects=9
38  28  6 
-14  -94  0 

//Reference=MNI 
//nullstudy_19
//Subjects=9
-32  -46  -16 
50  40  6 
-44  -62  -30 

//Reference=MNI 
//nullstudy_20
//Subjects=10
-42  -64  16 
-18  2  -24 
42  16  26 
-12  -30  -6 
-46  -52  -4 
-64  -36  30 
-30  -74  -16 
-38  36  32 
-34  62  -4 
-24  26  -10 
-4  -42  -18 

//Reference=MNI 
//nullstudy_21
//Subjects=10
-38  -28  24 
-38  12  -4 
-6  -66  -6 
-20  -24  76 
-26  38  22 
6  44  18 
14  48  40 

//Reference=MNI 
//nullstudy_22
//Subjects=10
-34  14  -24 
-10  4  60 
-2  -62  -30 
4  30  60 
-18  -90  4 
12  34  18 
-44  2  -18 

//Reference=MNI 
//nullstudy_23
//Subjects=8
-34  -64  -56 
54  28  28 

//Reference=MNI 
//nullstudy_24
//Subjects=9
-22  -44  -28 
30  20  -44 
-36  -58  -10 

//Reference=MNI 
//nullstudy_25
//Subjects=9
-28  -66  -32 
40  16  6 
-30  -32  56 

//Reference=MNI 
//nullstudy_26
//Subjects=10
-32  -94  -16 
-20  52  32 
-10  -82  -40 
-60  -14  26 
-42  10  -4 

//Reference=MNI 
//nullstudy_27
//Subjects=9
20  44  48 
-48  -36  46 
-26  -100  12 

//Reference=MNI 
//nullstudy_28
//Subjects=9
-46  -26  26 
-10  -84  -28 

//Reference=MNI 
//nullstudy_29
//Subjects=10
10  24  50 
-12  -68  46 
-58  -62  12 
-8  -16  -22 

//Reference=MNI 
//nullstudy_30
//Subjects=9
40  26  44 
-22  -64  14 
-40  -22  12 
-18  34  -28 

//Reference=MNI 
//nullstudy_31
//Subjects=10
-46  -58  -56 
2  36  2 
-48  -54  -16 
-42  16  54 
-22  -34  12 
-10  18  2 

//Reference=MNI 
//nullstudy_32
//Subjects=9
24  14  62 
-38  -34  58 

//Reference=MNI 
//nullstudy_33
//Subjects=11
-48  18  32 
-30  -22  42 
-36  -76  4 
-4  -24  38 
48  48  12 
-12  -50  -48 
44  12  6 
-6  -80  -18 
-20  -22  66 
-2  32  -20 
-34  48  28 

//Reference=MNI 
//nullstudy_34
//Subjects=10
46  16  2 
-10  0  54 
-68  -38  12 
-48  -54  -40 
42  18  4 
-10  28  36 

//Reference=MNI 
//nullstudy_35
//Subjects=9
30  20  -38 
-32  -98  -12 

//Reference=MNI 
//nullstudy_36
//Subjects=9
38  36  -8 
-16  -6  60 

//Reference=MNI 
//nullstudy_37
//Subjects=11
10  6  12 
-12  0  -26 
-10  26  48 
-22  -48  58 
-6  0  30 
18  58  -6 
-28  28  -24 
-46  -10  -8 
28  18  -42 

//Reference=MNI 
//nullstudy_38
//Subjects=11
38  24  0 
-18  -18  -18 
6  2  -34 
60  6  -26 
-34  -32  72 
2  30  -30 
-48  -8  42 
-2  -24  -10 
46  50  8 
-60  -36  18 
-24  36  44 
32  4  4 
-52  10  4 
-28  -64  -44 
32  56  2 
4  42  22 
34  54  28 
-8  36  2 
-46  2  8 
-12  -10  12 
-44  -52  -54 
-18  -62  6 
-46  -58  -32 
-34  6  -32 
-10  24  54 
-58  -36  20 
-36  10  -42 
-30  44  4 

//Reference=MNI 
//nullstudy_39
//Subjects=10
-52  32  -10 
-4  54  26 
22  2  -20 
-6  -98  -4 
-60  -60  26 
-6  2  -12 
-4  -38  -48 

//Reference=MNI 
//nullstudy_40
//Subjects=9
-20  -74  48 
-44  -44  60 
-22  58  -12 

//Reference=MNI 
//nullstudy_41
//Subjects=10
-44  -38  28 
-58  2  32 
8  8  -4 
-26  -98  8 
-6  -26  -12 
-42  -56  16 
-30  10  0 
26  38  30 
-38  54  -8 

//Reference=MNI 
//nullstudy_42
//Subjects=10
44  22  -34 
-36  -30  -12 
-44  -16  6 
-18  -62  -8 

//Reference=MNI 
//nullstudy_43
//Subjects=9
-46  12  -34 
24  10  -28 
-46  10  52 

//Reference=MNI 
//nullstudy_44
//Subjects=11
-16  58  38 
4  50  10 
-38  24  6 
44  44  14 
-36  54  6 
0  28  -16 
-22  -46  64 
-8  -70  2 
-34  -64  -12 
-24  4  -50 

//Reference=MNI 
//nullstudy_45
//Subjects=10
-38  -62  30 
56  36  10 
-4  -64  56 
48  26  30 
-16  -72  -50 
-52  -36  30 

//Reference=MNI 
//nullstudy_46
//Subjects=8
-4  36  16 
-42  -26  16 

//Reference=MNI 
//nullstudy_47
//Subjects=11
36  32  48 
-34  -4  -22 
-56  -72  4 
-20  -58  56 
-54  -24  14 
16  40  8 
-24  -70  6 
-8  -70  50 
50  20  -32 
2  12  48 
-48  -20  -14 
22  16  60 
-20  -78  -22 
-10  16  66 
48  26  -2 
16  10  12 
-26  -48  -40 
-62  -18  -6 
-4  22  -12 
-60  -18  10 
18  20  -16 
10  72  10 
4  60  24 
-40  -64  -8 
-14  -106  4 
-12  -78  -24 
30  24  -36 
18  4  -8 
-40  -50  -34 
-48  -10  50 

//Reference=MNI 
//nullstudy_48
//Subjects=12
-16  42  54 
16  70  18 
-26  -2  2 
-46  -40  -24 
-8  -72  -48 
-10  -12  -18 
-52  12  -12 
-14  -42  -56 
-2  -20  6 
-28  -68  56 
-26  -94  10 
-38  0  -10 
-32  -10  -28 
-2  48  38 
46  12  8 
-6  -16  10 
-26  8  48 
-34  -86  22 
-4  -66  -58 

//Reference=MNI 
//nullstudy_49
//Subjects=10
-32  2  -16 
-46  -74  -14 

//Reference=MNI 
//nullstudy_50
//Subjects=10
-42  -12  52 
18  10  12 
-12  -100  -6 
38  30  -22 
50  20  32 

//Reference=MNI 
//nullstudy_51
//Subjects=10
-28  48  18 
58  6  8 
-52  -32  6 
28  6  62 
66  4  8 
-12  14  12 

//Reference=MNI 
//nullstudy_52
//Subjects=9
26  60  -12 
38  50  -16 

//Reference=MNI 
//nullstudy_53
//Subjects=11
32  46  8 
-40  -64  -44 
8  44  46 
-22  2  6 
-42  24  48 
-44  -26  4 
-68  -18  -4 
-24  -94  22 
-14  52  -20 
-6  -14  -8 
-6  -26  -18 
6  4  62 
-58  22  2 
-28  -56  -16 
-4  -98  2 
40  32  0 

//Reference=MNI 
//nullstudy_54
//Subjects=10
-62  -42  26 
-22  14  54 
-26  -56  68 
-26  -60  56 

//Reference=MNI 
//nullstudy_55
//Subjects=12
-56  -54  -18 
52  40  12 
-26  -54  -22 
34  26  48 
-62  0  -18 
-30  -80  24 
-38  -58  6 
-48  26  30 
-34  32  20 
-10  -46  26 
10  36  22 
44  20  -6 
-16  -78  -16 
-34  -54  -40 
-36  -62  -34 
-20  -72  -52 

//Reference=MNI 
//nullstudy_56
//Subjects=11
28  34  50 
-48  -6  40 
-44  2  -12 
-52  -58  40 
-36  -44  -38 
-40  -52  24 
-48  -76  10 
-38  -2  32 
0  12  -22 
58  24  4 
-6  12  30 
10  30  -20 
8  22  62 

//Reference=MNI 
//nullstudy_57
//Subjects=9
-42  34  -2 
0  36  46 
-8  46  20 
-34  -12  16 

//Reference=MNI 
//nullstudy_58
//Subjects=8
-58  -2  0 
-34  2  -36 

//Reference=MNI 
//nullstudy_59
//Subjects=10
-4  -92  12 
-56  -16  36 
-16  -26  -20 
-58  -58  22 

//Reference=MNI 
//nullstudy_60
//Subjects=10
54  22  6 
0  26  -28 
-50  -72  14 
-36  -10  -26 

//Reference=MNI 
//nullstudy_61
//Subjects=11
-48  -60  54 
10  36  12 
-42  -80  8 
-10  -10  10 
-20  -44  16 
-44  -12  62 
-40  8  46 
2  8  70 
-42  -10  4 

//Reference=MNI 
//nullstudy_62
//Subjects=9
20  4  72 
-2  50  20 
-24  -14  -8 

//Reference=MNI 
//nullstudy_63
//Subjects=9
-52  -52  54 
42  4  -16 

//Reference=MNI 
//nullstudy_64
//Subjects=10
38  12  2 
-62  -26  6 
26  30  28 
-16  2  70 
-42  16  -28 
-46  0  24 
-6  -50  56 
-54  -30  -22 

//Reference=MNI 
//nullstudy_65
//Subjects=12
-30  -92  -6 
-20  2  4 
-6  -60  -44 
36  12  34 
-22  -24  -12 
-54  -8  44 
-24  -44  -14 
-56  -16  18 
38  20  -8 
-8  40  22 
14  26  52 
-16  4  -20 
-54  -26  -12 
-14  -40  14 
-40  -18  -18 
-28  -2  -42 
-6  28  -26 
6  10  46 
-38  2  46 
-8  -34  -8 
-16  -8  22 
-4  62  -18 
-2  40  52 
-50  -16  -20 
-40  2  -40 
-2  42  32 
-24  14  44 
-16  32  -24 
34  44  42 
-26  64  4 
-44  -6  48 
-64  -30  32 
-30  32  28 
-64  -60  8 
-8  -36  24 
44  2  -22 
-12  10  70 
-16  -36  -28 
30  10  2 
-64  0  -14 
2  8  42 
-8  -88  2 

//Reference=MNI 
//nullstudy_66
//Subjects=9
-4  48  38 
-46  -52  12 
-4  -58  -54 

//Reference=MNI 
//nullstudy_67
//Subjects=12
-38  -30  18 
-42  26  -16 
-48  -78  -10 
-16  4  60 
-46  -72  -28 
-28  -62  34 
32  30  44 
-12  -22  44 
-46  14  -20 
-56  -64  28 
12  10  50 
-42  -12  30 
-58  -52  14 
4  54  10 

//Reference=MNI 
//nullstudy_68
//Subjects=10
-6  -34  -50 
-58  -20  -8 
-24  0  -38 
-48  -32  -22 
42  42  -20 
-26  -78  30 

//Reference=MNI 
//nullstudy_69
//Subjects=13
38  28  6 
-54  -38  48 
-40  -14  4 
-28  4  8 
-34  -54  34 
-44  28  44 
-2  -16  20 
-12  -92  -32 
42  16  36 
-8  -8  -34 
32  26  -36 
-18  -36  72 
-18  -6  -6 
-38  -50  -26 
-4  -2  44 
-22  -30  -4 
16  60  -22 
48  2  46 
-54  -72  12 
-32  -12  -44 
-2  -68  -46 
-10  52  2 
-34  -72  8 
48  22  36 
-22  -56  38 
-30  -16  -36 
-2  -32  -18 
42  10  -28 
-34  4  16 
-6  -74  -28 
-44  -68  -24 
-34  -52  -50 
14  42  22 

//Reference=MNI 
//nullstudy_70
//Subjects=11
-4  -42  50 
-32  22  14 
-6  -94  22 
-58  -26  32 
-12  -68  4 
-24  -40  -22 
40  6  -24 

//Reference=MNI 
//nullstudy_71
//Subjects=10
-24  56  -16 
-28  -38  -46 
-50  -68  0 
12  24  -14 
-42  -28  6 
18  4  -34 
-14  -72  46 
-46  -12  14 

//Reference=MNI 
//nullstudy_72
//Subjects=11
-46  -72  44 
44  16  16 
-52  -8  -6 
-44  30  26 
-48  -4  24 
-22  -56  36 

//Reference=MNI 
//nullstudy_73
//Subjects=8
14  2  -2 
32  32  -22 
-44  2  54 
-38  0  -22 
-42  30  0 
-26  30  2 
-30  -4  -38 
-40  -36  40 
-2  -66  54 
42  6  -14 

//Reference=MNI 
//nullstudy_74
//Subjects=10
-16  -82  -26 
-64  -60  6 

//Reference=MNI 
//nullstudy_75
//Subjects=11
20  14  56 
16  10  22 
4  56  2 
6  42  44 
18  60  -12 
-30  -24  6 
-20  -84  -26 
-26  -44  68 

//Reference=MNI 
//nullstudy_76
//Subjects=11
-42  -50  42 
-50  -66  -24 
-28  -74  54 
-28  10  6 
-60  -36  -22 
-20  -74  54 
-12  -34  48 
34  6  54 
-12  2  -10 
0  28  -10 
0  26  52 
32  52  -8 
-8  12  -8 
-40  -8  -36 
42  42  -2 
-16  32  58 
-12  -86  -24 
-44  -68  22 
-38  -68  -24 
-48  -24  -4 
30  10  -34 
38  6  0 
44  38  -22 
-48  12  -4 
64  8  18 
30  24  40 
-50  -78  18 
-38  54  16 
-12  -88  22 
-2  -42  -54 
-34  -78  -6 
-36  -66  -8 
10  52  -8 
2  20  60 
-46  -68  0 
-30  46  40 
-48  0  0 
-34  -6  54 
50  10  50 
-18  24  42 

//Reference=MNI 
//nullstudy_77
//Subjects=9
4  40  16 
-30  16  2 
-46  -38  42 
-40  -52  16 
-60  -32  40 
-26  26  -14 
30  20  36 
32  34  -20 
-14  -54  58 
-4  -82  8 
-8  18  38 

//Reference=MNI 
//nullstudy_78
//Subjects=9
-46  -72  40 
32  36  48 

//Reference=MNI 
//nullstudy_79
//Subjects=10
-46  -36  30 
-24  24  60 

//Reference=MNI 
//nullstudy_80
//Subjects=9
-30  -60  -22 
-6  44  30 
2  14  -24 

//Reference=MNI 
//nullstudy_81
//Subjects=9
-58  -16  -26 
16  56  -14 

//Reference=MNI 
//nullstudy_82
//Subjects=13
-24  -82  -22 
-28  -34  -28 
-6  -68  -4 
-36  -50  -6 

//Reference=MNI 
//nullstudy_83
//Subjects=8
24  26  56 
-42  -60  2 
4  64  24 
-50  -14  34 
46  2  -16 
-36  48  -4 
-30  48  -12 
-42  -2  58 
-8  -76  16 
-2  22  -26 
12  12  66 
-30  46  28 
-14  14  62 
46  54  -10 
-48  -62  28 
26  50  -12 
-28  -56  -14 
34  6  66 
-2  56  40 
-50  8  38 
-24  6  48 
-4  -10  22 
18  24  -6 
-8  40  -26 
-10  -26  -18 
-32  -44  58 
-34  -94  -10 
52  4  30 
42  20  -20 
-44  -14  -34 
40  30  -20 
-44  -18  14 
-50  -64  44 
-28  -28  -28 
52  20  -20 
-56  -10  -38 
-4  62  6 
-2  12  68 
-46  -78  32 
-58  -2  6 
-42  -4  -6 
-28  -82  -40 
-12  -38  18 
42  26  -8 
-8  54  30 
-16  44  -16 
-62  -2  4 
12  20  -30 
-12  38  -10 
20  70  10 
-20  -92  -2 
-32  14  -12 
-44  18  38 
-56  -38  -30 
-10  38  -12 
-24  -66  -20 
-4  -34  -34 
4  18  2 
-50  -30  28 
-34  -52  58 
-48  -40  -30 
-54  -16  12 
44  18  -2 
8  44  26 
-24  -30  -10 
-14  -52  8 
16  14  0 
-40  -34  18 
-4  -68  -46 

//Reference=MNI 
//nullstudy_84
//Subjects=10
-46  -64  38 
-48  -82  -10 

//Reference=MNI 
//nullstudy_85
//Subjects=9
48  14  8 
-50  18  24 

//Reference=MNI 
//nullstudy_86
//Subjects=9
-54  -60  30 
-24  -36  -36 
-46  -28  -4 
-4  -42  16 
-64  -36  6 

//Reference=MNI 
//nullstudy_87
//Subjects=10
-22  4  70 
-46  46  12 
-2  -48  -8 

//Reference=MNI 
//nullstudy_88
//Subjects=9
46  22  -4 
-10  16  -6 
-4  -72  -52 
-22  4  8 

//Reference=MNI 
//nullstudy_89
//Subjects=10
36  36  14 
-8  -78  -28 
-44  -40  44 
38  46  6 
24  24  -24 
-28  2  -38 
-32  -52  8 

//Reference=MNI 
//nullstudy_90
//Subjects=10
50  18  14 
28  12  42 
4  34  20 
28  4  58 

//Reference=MNI 
//nullstudy_91
//Subjects=12
-54  -22  34 
-34  36  -12 
-8  48  6 
-52  20  -10 
30  8  -48 

//Reference=MNI 
//nullstudy_92
//Subjects=9
-28  -58  -48 
-10  -50  50 
58  16  -2 
-8  -28  2 
-8  26  -30 
-42  38  -10 
-8  -22  -14 

//Reference=MNI 
//nullstudy_93
//Subjects=10
-8  -54  -48 
-12  56  40 
-6  4  74 
32  14  -34 
-54  -64  -10 
42  8  -42 
38  16  -38 
-14  -74  12 
58  26  22 
-22  34  46 
-42  -22  -4 
-62  -34  16 
34  2  -40 
20  10  -32 
-20  -38  -22 
46  22  22 
36  6  -32 
12  64  16 
-18  -38  78 
-12  -88  -26 
34  26  -10 
-18  12  70 
-40  -50  60 
-42  28  -6 
-6  -60  26 
-34  10  -34 
44  22  20 

//Reference=MNI 
//nullstudy_94
//Subjects=8
-52  -30  -4 
12  52  -6 
-10  -30  14 

//Reference=MNI 
//nullstudy_95
//Subjects=11
-36  -2  52 
-50  -26  -26 
-6  -2  -4 
-66  -40  24 
12  14  48 

//Reference=MNI 
//nullstudy_96
//Subjects=9
-6  8  -16 
-4  -60  8 

//Reference=MNI 
//nullstudy_97
//Subjects=11
-40  -30  56 
-20  -14  62 
-6  46  12 
-2  -38  62 
-28  2  -14 
12  28  42 
28  34  28 
-38  8  44 
0  6  48 
-48  -4  -44 

//Reference=MNI 
//nullstudy_98
//Subjects=8
-40  -80  -4 
22  6  -16 
-44  -58  24 

//Reference=MNI 
//nullstudy_99
//Subjects=10
-68  -12  -20 
-8  10  56 
-28  8  60 
-22  -28  -6 
-36  -20  14 
-44  -76  22 
-26  28  -24 
-48  -56  -2 
-12  6  50 
-48  -40  42 

//Reference=MNI 
//nullstudy_100
//Subjects=10
-36  -72  28 
4  4  64 

