//Reference=MNI 
//truestudy_1
//Subjects=31
47  -65  -5 
45  -68  -5 
45  -66  -7 
45  -65  -6 
46  -65  -5 
45  -66  -6 
45  -66  -4 
45  -66  -6 
46  -67  -7 
45  -65  -6 
45  -67  -6 
46  -67  -5 
46  -65  -5 
47  -65  -6 
47  -65  -5 
46  -67  -7 

//Reference=MNI 
//truestudy_2
//Subjects=31
46  -66  -6 
46  -66  -6 
47  -65  -7 
47  -67  -7 
45  -68  -5 
46  -65  -5 
46  -65  -7 
46  -65  -5 
47  -66  -6 

//Reference=MNI 
//truestudy_3
//Subjects=30
45  -68  -6 
45  -67  -6 
46  -65  -7 
46  -66  -7 
46  -64  -7 

//Reference=MNI 
//nullstudy_1
//Subjects=31
-36  -78  40 
-58  -24  -8 
-6  -30  -20 
-30  -6  -18 
10  52  14 
-54  -8  -16 
-26  -64  -40 
38  26  -24 
-26  46  20 
-24  -58  -32 
-36  -16  -30 
-24  12  0 
-42  -36  2 
44  4  38 
-6  14  48 
14  6  24 

//Reference=MNI 
//nullstudy_2
//Subjects=31
-40  30  8 
24  52  -8 
-32  18  34 
-2  -18  34 
-32  -36  -28 
0  20  2 
44  14  14 
-38  44  -6 
-8  22  26 

//Reference=MNI 
//nullstudy_3
//Subjects=30
-50  4  -42 
26  20  -36 
-18  -78  20 
-16  -72  20 
-48  -72  16 

//Reference=MNI 
//nullstudy_4
//Subjects=30
-8  34  -28 
-42  28  -12 
-34  -8  -36 
-60  14  6 
-20  -30  74 

//Reference=MNI 
//nullstudy_5
//Subjects=28
-28  8  -6 
-26  56  20 

//Reference=MNI 
//nullstudy_6
//Subjects=30
54  10  14 
10  48  6 
-54  -22  6 
-14  14  10 

//Reference=MNI 
//nullstudy_7
//Subjects=30
-16  54  16 
-10  -42  2 
-52  26  -8 
12  36  52 
-2  10  66 

//Reference=MNI 
//nullstudy_8
//Subjects=29
-68  -40  2 
52  22  42 
-14  -74  -32 

//Reference=MNI 
//nullstudy_9
//Subjects=31
18  28  58 
12  8  58 
-48  -18  2 
-6  -10  24 
-48  14  -4 
-44  -66  -4 
-4  -70  44 
-12  -68  0 
-14  24  -6 
-2  -70  -52 
8  10  -6 
-20  -86  20 
-4  -16  14 
-16  -58  16 

//Reference=MNI 
//nullstudy_10
//Subjects=28
-52  -52  -32 
-40  16  -2 

//Reference=MNI 
//nullstudy_11
//Subjects=30
-2  40  -30 
-34  -46  56 
40  32  44 
-8  -48  -50 

//Reference=MNI 
//nullstudy_12
//Subjects=29
24  48  4 
-12  -52  -48 
-8  -40  -22 

//Reference=MNI 
//nullstudy_13
//Subjects=30
-32  12  4 
-10  -74  -18 
-2  14  50 
-8  -88  -10 
-34  -22  -28 
-16  -54  52 

//Reference=MNI 
//nullstudy_14
//Subjects=29
-42  36  24 
56  2  -38 
6  28  22 
-68  -32  20 

//Reference=MNI 
//nullstudy_15
//Subjects=30
-46  0  -38 
24  16  -30 
6  34  26 
-30  -80  -16 
-38  -54  -36 

//Reference=MNI 
//nullstudy_16
//Subjects=30
42  52  20 
10  22  -2 
52  4  52 
-44  -66  40 
-22  -4  -22 

//Reference=MNI 
//nullstudy_17
//Subjects=32
-56  -64  24 
-2  -44  68 
-48  18  -34 
-6  -28  -4 
-6  14  66 
16  26  50 
-18  -66  66 
-52  -34  28 
24  14  -6 
16  2  -40 
-22  -52  12 
20  52  -2 
-20  -40  72 
6  42  40 
-44  20  26 
-18  0  -40 
-38  10  56 
-60  -6  -18 
-12  -26  68 
14  50  28 
-6  2  -22 
-54  38  8 
-44  0  -8 
44  12  -42 
-10  0  -30 
-52  -18  -26 
-14  -10  -32 
-26  -78  -10 
-12  38  0 
-30  12  40 
4  26  62 

//Reference=MNI 
//nullstudy_18
//Subjects=30
-52  12  -2 
-46  -40  2 
6  20  10 

//Reference=MNI 
//nullstudy_19
//Subjects=31
-52  -6  6 
-38  -2  52 
30  20  32 
52  10  22 
20  70  12 
22  26  58 
-10  30  44 
-2  -62  -22 
-34  -76  -38 
-30  -62  54 
-46  -24  -4 
-14  56  32 
14  24  14 

//Reference=MNI 
//nullstudy_20
//Subjects=32
12  60  32 
-8  0  -34 
-46  4  -8 
-10  -8  78 
-50  -52  -34 
-12  12  10 
-24  -42  74 
-38  -88  -18 
-2  -50  -40 
-2  -56  52 
50  14  34 
-22  6  -34 
-2  -18  62 
-52  -30  0 
-30  -58  44 
-56  -28  18 
-4  30  56 
12  32  40 
2  48  14 
28  12  46 
-58  6  24 
-52  -62  -20 
-26  20  -16 
26  10  56 
10  14  -8 
0  42  6 
26  58  16 
-4  24  28 
-6  -10  46 
-4  0  68 
-18  -70  36 

//Reference=MNI 
//nullstudy_21
//Subjects=30
4  62  -20 
-6  -76  -2 
-4  -60  -62 
16  6  -18 
50  38  4 

//Reference=MNI 
//nullstudy_22
//Subjects=31
-28  -8  -10 
12  50  48 
-36  -12  -4 
-60  -36  0 
44  24  24 
-58  -26  18 
4  34  46 
-14  68  6 
22  18  68 
-58  6  -16 
-2  64  4 
-18  -20  78 
-32  -10  -28 

//Reference=MNI 
//nullstudy_23
//Subjects=29
30  36  50 
-32  -2  -40 

//Reference=MNI 
//nullstudy_24
//Subjects=30
-64  -46  38 
-46  -76  -24 
-50  22  -18 
34  14  56 

//Reference=MNI 
//nullstudy_25
//Subjects=30
-10  -38  36 
-46  -32  -24 
-4  -62  36 
16  2  -10 
-54  -10  -12 

//Reference=MNI 
//nullstudy_26
//Subjects=28
-14  -94  18 
56  20  6 

//Reference=MNI 
//nullstudy_27
//Subjects=31
-14  -46  42 
-8  -80  10 
28  48  20 
-10  -40  52 
-22  -34  72 
-38  -18  -30 
-40  18  44 
8  62  12 
30  20  -34 
-24  -90  8 
-48  -46  -18 
-14  -104  6 
4  18  -28 

//Reference=MNI 
//nullstudy_28
//Subjects=30
-52  -78  -8 
26  4  66 
24  64  10 
34  6  -18 

//Reference=MNI 
//nullstudy_29
//Subjects=29
-16  -72  56 
-8  -22  76 
-38  -68  52 

//Reference=MNI 
//nullstudy_30
//Subjects=28
52  28  36 
48  10  30 

//Reference=MNI 
//nullstudy_31
//Subjects=30
-2  64  16 
-6  70  2 
-46  -12  -8 
-30  -62  44 
-54  -64  2 

//Reference=MNI 
//nullstudy_32
//Subjects=29
-32  -6  56 
2  60  4 
6  52  28 

//Reference=MNI 
//nullstudy_33
//Subjects=30
-56  -24  46 
-48  -56  18 
-8  -4  -32 
-14  20  -20 
-34  -74  -52 
48  50  -2 
-32  18  50 
46  8  56 
12  30  26 
10  50  42 

//Reference=MNI 
//nullstudy_34
//Subjects=29
-2  -8  -14 
-32  -84  -34 
50  4  -36 

//Reference=MNI 
//nullstudy_35
//Subjects=31
-12  40  -26 
-28  -78  34 
12  44  -12 
-52  -8  44 
-22  -58  62 
-32  18  -40 
-10  -36  -2 
-4  -96  -4 
-26  -22  -20 
10  60  28 
-38  -44  34 
-58  2  12 
32  14  -28 
-14  48  32 
-66  -32  -8 
-18  -62  -50 
-52  -62  8 
-6  50  42 
-46  14  0 
52  4  8 
36  22  -2 
-62  -44  -18 
-6  -76  -34 
-4  -14  58 
-40  -28  8 
-34  -84  22 
-4  16  -12 

//Reference=MNI 
//nullstudy_36
//Subjects=32
-32  -82  44 
-30  -54  -62 
-18  -56  -62 
-36  30  36 
-4  -82  44 
-62  -38  -2 
2  26  56 
-34  -94  -4 
-44  12  8 
44  14  -8 
-38  58  10 
-52  -70  -38 
60  14  0 
50  4  38 
-50  -64  20 
34  54  26 
-26  -82  10 
-26  -2  -20 
-6  0  46 
-32  16  12 
-32  -60  42 

//Reference=MNI 
//nullstudy_37
//Subjects=31
-10  14  16 
-44  2  -42 
-2  -28  26 
20  2  -8 
-42  46  -16 
-28  0  54 
-26  -62  58 
-44  10  -42 
-40  -80  4 
-6  -36  -58 
-24  20  36 
4  34  32 
-52  -58  -28 
-42  -10  54 

//Reference=MNI 
//nullstudy_38
//Subjects=30
-22  4  -24 
-50  -42  36 
-26  34  -14 
-64  -24  -2 

//Reference=MNI 
//nullstudy_39
//Subjects=28
-44  4  -14 
-40  -12  44 

//Reference=MNI 
//nullstudy_40
//Subjects=30
-30  8  16 
56  4  -6 
-40  -88  12 
42  44  14 
-8  -60  -46 
-46  16  -6 

//Reference=MNI 
//nullstudy_41
//Subjects=30
-24  -12  -18 
-30  -42  58 
-36  -56  48 
-22  30  46 

//Reference=MNI 
//nullstudy_42
//Subjects=30
18  70  2 
14  54  36 
6  20  -6 

//Reference=MNI 
//nullstudy_43
//Subjects=31
-38  30  4 
38  40  12 
-28  -44  46 
-18  -72  60 
-2  22  -12 
-34  -26  72 
-6  -30  68 
-64  -6  -24 
-34  -70  -36 

//Reference=MNI 
//nullstudy_44
//Subjects=31
16  4  -42 
42  34  -22 
-20  -92  22 
-48  -62  -48 
-46  -82  -16 
-24  -96  0 
-26  -60  -52 
-34  56  -10 
46  40  14 
2  38  30 
-66  -18  -10 
-20  34  38 
-34  -36  66 
50  14  -14 
-2  -12  -26 
-8  -22  62 
-6  -16  -38 
-20  54  24 
-20  -100  18 
-14  -18  48 

//Reference=MNI 
//nullstudy_45
//Subjects=29
-14  -56  34 
-8  -22  76 

//Reference=MNI 
//nullstudy_46
//Subjects=30
-12  -52  -20 
-24  -76  -22 
-26  30  34 
-16  -96  2 
-38  -80  -42 
-8  66  26 

//Reference=MNI 
//nullstudy_47
//Subjects=30
-44  36  30 
-14  20  -2 
-12  30  50 
0  18  4 
-30  -36  70 
-20  -62  0 

//Reference=MNI 
//nullstudy_48
//Subjects=31
-6  -78  32 
-4  -82  -46 
-40  -74  -2 
14  52  -2 
-26  28  50 
-12  -34  -32 
-22  -14  -10 
-30  48  -2 
-30  14  64 
34  20  26 

//Reference=MNI 
//nullstudy_49
//Subjects=30
-30  -46  -22 
-32  36  -22 
-18  -56  -20 
-38  46  26 
18  16  -4 
-62  -28  8 

//Reference=MNI 
//nullstudy_50
//Subjects=29
-12  -30  -28 
-8  -58  46 
-34  -74  8 

//Reference=MNI 
//nullstudy_51
//Subjects=29
-24  56  -6 
-28  -84  -8 
-4  50  -10 

//Reference=MNI 
//nullstudy_52
//Subjects=31
-2  -2  -22 
-42  54  6 
26  26  -4 
18  10  -34 
-24  8  -40 
-40  -14  20 
-42  -86  18 
-34  16  -24 
-44  12  54 
-14  -68  30 

//Reference=MNI 
//nullstudy_53
//Subjects=30
4  52  40 
28  30  54 
-42  -26  52 
44  12  -38 
-28  18  36 
34  16  50 
-36  2  -8 

//Reference=MNI 
//nullstudy_54
//Subjects=30
-2  -74  6 
2  8  72 
-18  36  -26 
-16  -4  60 
-66  -28  -2 
40  22  50 
-56  -8  42 

//Reference=MNI 
//nullstudy_55
//Subjects=30
32  16  -44 
-12  -22  8 
-42  -36  36 
-32  -50  -56 

//Reference=MNI 
//nullstudy_56
//Subjects=31
-18  -4  -30 
-30  28  -22 
-22  -2  -4 
-36  0  -18 
-40  12  22 
-64  -52  32 
-8  -50  50 
-16  -48  -42 
-24  12  -44 
36  40  6 
-10  58  -20 
-4  -32  48 
16  50  -2 
-20  18  4 
-22  -32  22 
-28  6  -20 
-12  -26  36 
-46  -42  20 
-2  -4  16 
-46  30  10 
-2  -54  60 
-18  10  50 
-12  -98  -22 
-38  -44  -20 
-10  22  66 
-14  -20  -6 

//Reference=MNI 
//nullstudy_57
//Subjects=30
-4  16  64 
-18  -84  -18 
-56  2  -26 
12  4  16 
-26  -36  60 
0  44  36 

//Reference=MNI 
//nullstudy_58
//Subjects=31
-28  0  -4 
-10  -8  16 
58  22  12 
-12  -42  6 
24  34  -26 
28  12  -16 
34  14  12 
-18  -82  -26 
32  26  34 
-16  58  16 
-16  4  -18 
4  50  42 
-52  24  -4 
-58  -20  -30 
-18  24  -22 
-16  68  -6 
-8  -12  78 
-6  -56  70 
-26  -88  -22 
-30  2  50 
36  12  -16 
-22  44  20 
6  14  6 
10  12  32 
-2  -48  -52 
14  40  -20 
-10  12  10 
50  12  28 

//Reference=MNI 
//nullstudy_59
//Subjects=29
-6  -50  -64 
-62  -32  10 
-16  -48  -34 

//Reference=MNI 
//nullstudy_60
//Subjects=28
56  32  8 
-26  -42  -44 

//Reference=MNI 
//nullstudy_61
//Subjects=31
-66  -8  -22 
-52  -80  10 
-24  -72  -20 
-22  -64  56 
-50  -14  -34 
-6  -8  12 
-56  -18  -6 
-48  -18  22 
-48  -12  16 
36  8  46 
-28  18  -24 
-12  -44  -22 
-24  -82  40 
-54  -12  20 

//Reference=MNI 
//nullstudy_62
//Subjects=29
-26  14  -16 
-4  6  32 

//Reference=MNI 
//nullstudy_63
//Subjects=30
-14  -24  68 
-12  -30  68 
-8  -80  6 

//Reference=MNI 
//nullstudy_64
//Subjects=30
-34  -42  -20 
48  16  -36 
36  24  26 
50  4  0 

//Reference=MNI 
//nullstudy_65
//Subjects=29
-12  -26  -12 
-28  36  36 
-46  -6  34 
56  18  -10 

//Reference=MNI 
//nullstudy_66
//Subjects=29
-48  -34  18 
2  24  -16 
10  70  -4 
4  56  32 

//Reference=MNI 
//nullstudy_67
//Subjects=31
-22  -72  56 
-44  14  14 
-56  -46  14 
-62  -8  8 
6  2  60 
38  14  -8 
-12  -34  60 
0  56  -2 
-12  -56  -64 
-30  -88  -22 
-6  -46  2 
-22  6  -10 
-6  -8  68 
-28  -78  -20 
-42  -14  -10 
24  60  26 
-12  -92  -36 
46  52  16 
-30  4  -16 

//Reference=MNI 
//nullstudy_68
//Subjects=29
34  46  -20 
-26  -58  46 

//Reference=MNI 
//nullstudy_69
//Subjects=30
38  6  -42 
-50  -4  18 
20  12  0 
-34  -28  52 

//Reference=MNI 
//nullstudy_70
//Subjects=28
-8  -86  -24 
-42  -24  46 

//Reference=MNI 
//nullstudy_71
//Subjects=29
12  44  48 
-8  -56  -24 
-26  50  32 

//Reference=MNI 
//nullstudy_72
//Subjects=31
-24  -12  -20 
26  22  -40 
2  4  26 
-36  -4  -42 
-6  -54  -36 
52  12  20 
-12  -36  -24 
-50  34  -18 
-32  -96  -10 
-32  -42  -4 

//Reference=MNI 
//nullstudy_73
//Subjects=29
-8  -76  -52 
-14  26  54 
-38  -84  32 

//Reference=MNI 
//nullstudy_74
//Subjects=30
-8  -14  40 
-36  -88  18 
-8  -40  -8 
-20  44  -22 
-14  -60  -4 

//Reference=MNI 
//nullstudy_75
//Subjects=30
-54  -50  26 
-2  36  12 
-6  -38  -2 
-48  50  -2 
-50  -62  -20 

//Reference=MNI 
//nullstudy_76
//Subjects=31
-28  20  -34 
12  40  -6 
36  38  4 
-4  2  22 
-24  6  -4 
-36  -24  22 
-22  -48  -20 
-28  -50  -50 
42  32  -22 
-10  -6  -20 
-16  2  -24 

//Reference=MNI 
//nullstudy_77
//Subjects=31
38  16  24 
10  6  -34 
-34  -20  70 
-6  -22  52 
-44  -36  -22 
-48  -32  32 
18  4  54 
-22  68  6 
-32  -66  -38 

//Reference=MNI 
//nullstudy_78
//Subjects=32
44  26  -6 
-12  0  24 
-8  34  -6 
-2  -14  40 
-8  -86  26 
-36  28  2 
-6  -26  70 
-50  -22  18 
-24  56  -10 
6  26  48 
-42  26  8 
-14  2  -40 
-56  -52  42 
22  2  48 
-16  -38  66 
-68  -38  -16 
-58  -36  12 
12  20  0 
56  6  -18 
-40  -20  -38 
-28  -64  36 
-4  -24  -24 
-34  -78  16 
-12  -70  -20 
-38  -2  -10 

//Reference=MNI 
//nullstudy_79
//Subjects=31
-60  -34  -16 
-34  -48  -50 
-64  -60  8 
-38  -22  14 
-16  -16  -26 
-6  -6  70 
-10  -28  -20 
22  28  32 
-14  -60  44 
-28  6  58 
-8  -36  -58 
-58  -6  4 
-2  -60  -44 
18  36  -14 
22  38  34 
-48  -68  -34 

//Reference=MNI 
//nullstudy_80
//Subjects=29
-20  -90  -14 
-44  -22  -20 
-6  -12  32 

//Reference=MNI 
//nullstudy_81
//Subjects=30
-30  60  22 
-30  -62  -58 
-56  -38  24 
-8  18  28 
-20  -80  4 
46  22  -12 

//Reference=MNI 
//nullstudy_82
//Subjects=31
-20  46  -14 
44  24  -22 
12  28  -26 
8  62  2 
-28  -40  -6 
8  68  18 
-14  -54  -26 
-14  -74  -24 
26  26  34 
-56  -4  -16 
-12  42  -18 
-12  -52  64 
-12  -62  -10 
-12  -4  -10 
-20  -28  -12 
-28  -88  8 
-60  -36  -8 
-2  -20  -12 

//Reference=MNI 
//nullstudy_83
//Subjects=29
-2  -24  -10 
-2  -26  -46 

//Reference=MNI 
//nullstudy_84
//Subjects=31
22  6  6 
-36  60  -6 
-50  -58  12 
26  16  -14 
24  12  46 
-62  -46  -10 
-16  -64  -50 
46  8  40 
-34  -80  -48 

//Reference=MNI 
//nullstudy_85
//Subjects=30
-12  -56  -32 
6  60  0 
-30  -34  -36 
56  10  10 
-10  -32  -10 

//Reference=MNI 
//nullstudy_86
//Subjects=29
54  6  -26 
42  18  -14 
-48  -12  42 

//Reference=MNI 
//nullstudy_87
//Subjects=29
20  6  -30 
8  12  -2 
-68  -20  2 

//Reference=MNI 
//nullstudy_88
//Subjects=31
-6  -74  4 
-32  -24  10 
28  6  6 
-20  -64  2 
-10  -40  74 
-14  -100  2 
32  24  -12 
-20  4  4 
52  2  -8 
10  58  8 
-28  -32  -38 
-4  0  60 
-32  -12  8 

//Reference=MNI 
//nullstudy_89
//Subjects=31
-12  -90  -16 
-52  -62  28 
-8  6  62 
-12  -78  -52 
44  8  -2 
-10  -58  -52 
-54  -46  6 
-12  44  20 
-58  -34  0 
-26  -58  -6 
-18  62  12 

//Reference=MNI 
//nullstudy_90
//Subjects=30
32  30  -2 
-12  -34  44 
-18  -20  24 
2  52  40 
-42  -30  14 
-6  -86  -2 
-8  -18  -14 
-16  -66  -60 
-24  -92  28 

//Reference=MNI 
//nullstudy_91
//Subjects=30
-4  22  58 
-60  0  18 
-14  -92  -20 
0  4  38 
-16  -6  -14 

//Reference=MNI 
//nullstudy_92
//Subjects=31
-36  12  44 
-44  -28  -24 
-32  -82  12 
-30  50  28 
0  6  52 
-50  4  -24 
12  30  -14 
-4  68  20 
-28  18  58 

//Reference=MNI 
//nullstudy_93
//Subjects=28
48  12  48 
38  32  32 

//Reference=MNI 
//nullstudy_94
//Subjects=30
-12  18  36 
-8  -56  46 
-18  -80  48 
-28  4  8 
-42  -20  64 
-32  34  46 
-54  -20  32 
-46  14  12 
-24  56  32 

//Reference=MNI 
//nullstudy_95
//Subjects=30
-4  -42  -44 
-2  -94  -2 
22  32  -26 
-40  -74  -14 

//Reference=MNI 
//nullstudy_96
//Subjects=30
-40  -28  -28 
-42  -28  68 
46  2  -40 
-26  -60  4 
-4  -56  24 

//Reference=MNI 
//nullstudy_97
//Subjects=29
-38  10  -12 
-42  -54  -54 
28  26  2 

//Reference=MNI 
//nullstudy_98
//Subjects=30
-52  -72  -20 
-24  -76  -2 
20  52  -22 
-40  60  -4 

//Reference=MNI 
//nullstudy_99
//Subjects=27
2  32  34 
-30  -14  8 

//Reference=MNI 
//nullstudy_100
//Subjects=31
-58  -24  -2 
-20  -38  60 
-52  -34  30 
-36  -68  44 
-20  2  -18 
-32  -52  -22 
-20  -46  -54 
30  14  -36 
-34  -2  8 
-20  -76  -24 
-14  -70  -12 
-30  -86  -12 
24  8  44 

