//Reference=MNI 
//truestudy_1
//Subjects=9
47  -65  -6 
46  -64  -5 
47  -66  -7 

//Reference=MNI 
//truestudy_2
//Subjects=11
46  -68  -6 
45  -67  -7 
45  -65  -8 
46  -66  -7 
45  -69  -6 
45  -66  -5 
46  -66  -7 
46  -66  -6 
47  -66  -6 

//Reference=MNI 
//truestudy_3
//Subjects=10
46  -66  -8 
43  -66  -8 
48  -65  -6 
45  -67  -6 
45  -65  -5 
45  -66  -5 
46  -66  -3 
47  -66  -6 
44  -66  -6 

//Reference=MNI 
//nullstudy_1
//Subjects=9
-24  24  32 
-22  -28  -2 
-64  -8  18 

//Reference=MNI 
//nullstudy_2
//Subjects=11
-42  12  14 
-16  -76  -30 
48  14  -12 
28  52  6 
36  48  -16 
-48  -52  -48 
-8  -32  2 
26  44  8 
-30  2  44 

//Reference=MNI 
//nullstudy_3
//Subjects=10
8  36  -12 
-30  -6  -42 
-6  -20  56 
-2  -76  -30 
54  6  -16 
-28  -94  -10 
-28  -46  2 
-2  -20  28 
-2  -68  -42 

//Reference=MNI 
//nullstudy_4
//Subjects=10
48  8  30 
-8  -36  -52 
-38  -46  -12 
46  40  -2 
-20  14  44 
14  36  -18 
-28  -14  66 

//Reference=MNI 
//nullstudy_5
//Subjects=10
-2  -24  -46 
-2  -30  36 
-30  52  4 
4  4  4 
-8  14  -12 
32  8  -24 
-24  14  4 
-26  -54  2 
-24  -50  -50 
24  46  10 

//Reference=MNI 
//nullstudy_6
//Subjects=11
-16  44  -14 
-14  -52  8 
-42  26  32 
-38  -42  66 
-20  -58  18 
-6  56  20 
-40  -62  -50 
-38  -92  -6 
34  10  14 
-44  26  28 
-38  -70  46 
34  10  40 

//Reference=MNI 
//nullstudy_7
//Subjects=11
-14  -70  -22 
-38  -62  24 
-6  -12  -24 
-6  -56  22 
-12  -62  30 
-4  -80  32 
-26  -86  -48 
-12  -94  14 
-6  -42  -20 
-40  20  0 
-46  -68  -40 
-38  -54  18 
36  6  28 
20  14  50 
-52  -52  12 
4  36  -24 
-8  18  70 

//Reference=MNI 
//nullstudy_8
//Subjects=10
-16  -36  -2 
-22  -56  -6 
-12  -60  -42 
-52  -24  -10 
-30  8  16 

//Reference=MNI 
//nullstudy_9
//Subjects=11
-52  42  -10 
-34  -34  -16 
8  12  18 
-16  -34  74 
-52  24  20 
-6  -14  -34 
-6  -50  10 
-18  10  10 
54  22  22 
-20  62  28 
4  60  14 
-36  -28  58 

//Reference=MNI 
//nullstudy_10
//Subjects=10
-4  0  -28 
46  50  4 
-48  36  30 
24  14  66 

//Reference=MNI 
//nullstudy_11
//Subjects=10
-28  0  8 
38  2  38 
-24  -50  10 
-6  -50  44 
-46  46  -16 
-26  30  34 

//Reference=MNI 
//nullstudy_12
//Subjects=11
-54  -30  12 
-26  22  6 
4  28  10 
-26  4  -42 
-22  12  -8 
-14  -58  -26 
-52  -2  26 
10  24  32 
-50  -58  0 
-14  64  -6 

//Reference=MNI 
//nullstudy_13
//Subjects=11
-54  -32  -8 
-6  56  -22 
-8  34  16 
40  16  52 
-56  22  2 
22  14  -18 
-50  -46  -24 
44  34  0 
-4  -28  12 
-40  10  52 
-2  -40  -32 
-66  -48  -18 

//Reference=MNI 
//nullstudy_14
//Subjects=10
-26  -78  32 
-10  -44  30 
-10  28  42 
-4  16  50 
-12  -98  10 

//Reference=MNI 
//nullstudy_15
//Subjects=9
18  34  -20 
24  6  -32 
-26  -8  -8 

//Reference=MNI 
//nullstudy_16
//Subjects=9
-10  -88  6 
-36  -64  24 
-54  -26  -2 

//Reference=MNI 
//nullstudy_17
//Subjects=11
-62  -22  12 
-16  -46  -24 
-62  -40  34 
-6  -34  34 
-38  2  -24 
-44  8  -32 
-12  -38  8 
-26  -68  -18 
-58  -34  16 
-24  66  -6 
-6  -36  -12 

//Reference=MNI 
//nullstudy_18
//Subjects=10
-8  -72  8 
-6  0  -26 
-30  -52  48 
-10  44  -28 
26  24  46 

//Reference=MNI 
//nullstudy_19
//Subjects=10
-22  46  10 
-50  -30  -12 
-38  -42  -44 
-2  -4  68 
-56  -20  0 
-8  12  -12 

//Reference=MNI 
//nullstudy_20
//Subjects=11
2  8  -4 
-4  26  46 
-10  -44  46 
-60  -6  40 
-60  -48  -14 
-4  -50  -18 
-14  -58  -30 
-58  -18  22 
-8  -78  52 
10  2  -16 
48  14  38 

//Reference=MNI 
//nullstudy_21
//Subjects=11
12  22  48 
-58  -14  28 
-16  -90  -2 
-10  36  -2 
-38  0  44 
48  24  46 
-10  32  34 
-2  -68  -16 
-12  64  -20 
-22  56  -4 
-34  20  26 
-42  24  42 

//Reference=MNI 
//nullstudy_22
//Subjects=9
-26  -8  42 
26  24  54 
-34  60  -6 

//Reference=MNI 
//nullstudy_23
//Subjects=9
-38  38  40 
-38  -20  48 
-54  34  0 

//Reference=MNI 
//nullstudy_24
//Subjects=11
-34  -72  -36 
-4  30  -22 
-14  -64  40 
-46  -70  -42 
-54  -34  44 
-6  26  26 
20  56  28 
-16  -40  -16 
-38  -80  -28 
-36  38  4 
-68  -14  6 

//Reference=MNI 
//nullstudy_25
//Subjects=10
-56  10  30 
-46  -74  -20 
40  8  -34 
40  2  34 
50  42  8 
38  30  20 

//Reference=MNI 
//nullstudy_26
//Subjects=11
-6  42  4 
-12  22  64 
-54  -16  14 
-46  48  16 
-18  -70  -8 
-12  -12  24 
-2  -58  64 
-18  -14  -24 
-16  -48  2 
-58  -4  16 
32  18  24 
-62  0  -10 
42  22  48 
12  20  -26 
-54  -10  -18 
-52  -56  -18 
-34  -24  10 
-60  -18  -38 
-36  -24  -28 
-40  -82  -18 

//Reference=MNI 
//nullstudy_27
//Subjects=10
42  16  -10 
-26  -86  14 
38  40  16 
-6  28  -14 
-14  48  10 
44  28  8 
44  20  20 
12  20  46 
-20  10  2 
-54  -74  -12 
-56  -4  2 
-54  -32  -18 

//Reference=MNI 
//nullstudy_28
//Subjects=10
-26  -52  48 
-30  -68  -40 
-46  10  30 
-42  -10  42 
-14  -96  -22 

//Reference=MNI 
//nullstudy_29
//Subjects=11
12  12  2 
38  32  22 
14  42  4 
-50  -24  -24 
-64  -12  30 
20  50  40 
-6  -100  8 

//Reference=MNI 
//nullstudy_30
//Subjects=9
-20  -46  -40 
50  38  22 
-64  0  12 
-10  14  2 
-16  58  32 
36  40  -2 
36  44  -12 
-34  -78  32 
36  10  -30 
-48  -72  -24 
16  64  20 
-44  -48  -6 
-10  -12  72 
-38  -90  -20 
-42  -44  -42 
-34  32  -22 
-56  26  0 
46  28  -4 
-4  -30  78 
-16  22  62 
-58  -20  30 
-46  -40  62 
-18  40  32 
64  12  8 
-26  -50  -28 
-34  16  58 
-54  -66  38 
26  16  44 
-56  -40  48 
-40  -72  50 
-6  -36  58 

//Reference=MNI 
//nullstudy_31
//Subjects=9
20  2  -22 
-8  -24  -44 
-66  -22  36 

//Reference=MNI 
//nullstudy_32
//Subjects=11
-34  2  -46 
8  2  -4 

//Reference=MNI 
//nullstudy_33
//Subjects=9
-6  -8  -34 
-48  -18  -40 
-24  28  46 
-8  50  22 
60  16  12 
52  8  26 
-4  52  36 
0  32  -8 
-28  -40  -16 
-38  -22  -34 

//Reference=MNI 
//nullstudy_34
//Subjects=9
12  68  2 
-36  -42  68 

//Reference=MNI 
//nullstudy_35
//Subjects=9
8  46  36 
-40  42  20 

//Reference=MNI 
//nullstudy_36
//Subjects=10
-6  -50  18 
-30  0  -10 

//Reference=MNI 
//nullstudy_37
//Subjects=9
-18  20  -2 
-18  -42  -6 
-14  -86  -36 
-2  48  34 
-16  16  64 
62  10  18 

//Reference=MNI 
//nullstudy_38
//Subjects=9
-54  -40  20 
-36  26  24 
-24  56  -12 
-10  -22  64 

//Reference=MNI 
//nullstudy_39
//Subjects=10
-32  -28  -24 
34  54  -18 
-6  -4  -34 

//Reference=MNI 
//nullstudy_40
//Subjects=12
-34  8  30 
-46  24  -2 
-56  -28  26 
8  26  -10 
-18  -14  -34 
-10  -84  -18 
-14  -50  46 
-12  70  -2 
-60  -48  32 
22  46  -12 
20  6  62 

//Reference=MNI 
//nullstudy_41
//Subjects=9
50  14  34 
-4  -26  -44 
-28  -40  -24 
24  48  22 
-10  42  12 
-58  -18  -10 
-24  34  54 
-26  4  44 
-6  54  18 
-50  6  -22 
-14  -44  -28 
-28  -76  -40 
-38  6  26 
8  12  -30 
-2  -40  -50 
-16  10  -4 
-38  -6  -6 
-22  -58  -18 
-28  -70  20 
-22  -54  10 
4  40  -24 
-16  -80  8 
-30  -26  16 
-8  -18  -18 
12  4  -22 
-50  22  34 
18  66  14 
-50  -64  4 
-8  -36  -6 
-6  0  8 
-30  14  -26 
30  52  -8 
-18  54  4 
-20  -32  20 
-58  -56  22 
-12  6  56 
-8  -24  40 
32  18  -16 
22  14  42 
-64  -22  -16 
-10  44  -4 
-26  42  -8 
-42  -74  -36 
40  14  -14 
-6  -82  -40 
-40  -14  2 
4  20  -14 
36  26  10 
-60  14  18 
-42  -66  40 
0  32  -14 
-16  -66  -42 
-10  -92  -24 
-62  -46  30 
50  32  4 
42  2  36 
-2  20  54 

//Reference=MNI 
//nullstudy_42
//Subjects=11
-6  -60  -58 
-22  -24  64 

//Reference=MNI 
//nullstudy_43
//Subjects=8
-38  -72  26 
8  32  28 
-6  -50  4 
-38  6  34 
-10  20  40 
-10  20  4 
28  6  -8 
0  20  22 
-44  -70  -22 
-30  -42  -28 
-20  -56  -50 
-32  -38  44 
-6  -42  48 
-26  22  36 
-32  -4  -12 
56  4  36 
-54  2  -32 
-20  -34  -42 
62  16  20 
16  4  -18 
-12  -10  12 
10  48  16 

//Reference=MNI 
//nullstudy_44
//Subjects=10
-54  -64  38 
-28  -38  -18 

//Reference=MNI 
//nullstudy_45
//Subjects=10
-30  -44  -8 
-32  -26  68 
18  52  -20 
-14  -68  26 
4  32  30 
-34  -60  -44 

//Reference=MNI 
//nullstudy_46
//Subjects=8
-20  -58  -32 
-60  -8  -24 
34  36  -18 
-2  16  14 
-44  -48  50 
-42  -2  -14 

//Reference=MNI 
//nullstudy_47
//Subjects=9
32  46  4 
-68  -26  4 
38  8  -14 

//Reference=MNI 
//nullstudy_48
//Subjects=10
-12  62  24 
-4  -18  52 

//Reference=MNI 
//nullstudy_49
//Subjects=10
-54  10  16 
22  56  22 
-22  -62  38 
-42  14  40 
32  38  16 
14  38  -22 

//Reference=MNI 
//nullstudy_50
//Subjects=10
-6  54  30 
-10  22  42 
-6  30  64 
-28  -8  68 

//Reference=MNI 
//nullstudy_51
//Subjects=11
40  42  -22 
16  50  12 
-60  -16  26 
-18  66  22 

//Reference=MNI 
//nullstudy_52
//Subjects=10
-10  -28  8 
-38  14  12 
-42  20  2 
-50  -24  -18 
18  54  12 
-60  -16  -20 
-8  -26  70 
-46  -64  -20 
-30  -98  -4 

//Reference=MNI 
//nullstudy_53
//Subjects=10
-14  -66  36 
-26  -56  -14 
-50  -46  56 

//Reference=MNI 
//nullstudy_54
//Subjects=12
-54  -14  44 
40  14  46 
34  64  -4 
-50  -38  18 

//Reference=MNI 
//nullstudy_55
//Subjects=9
-6  -52  -58 
-36  -44  62 
-10  64  32 
-26  -72  54 
-34  -52  -10 
10  54  34 
-56  -42  48 
-6  -84  12 
12  4  52 
-8  -98  2 
-14  56  22 
-60  -58  32 
-22  -20  -22 
-48  -66  -28 
-42  30  42 
-50  -32  38 
-48  -62  14 
-46  -68  -36 

//Reference=MNI 
//nullstudy_56
//Subjects=10
-38  -30  40 
-22  -98  4 
-30  -30  64 
50  48  2 

//Reference=MNI 
//nullstudy_57
//Subjects=10
28  28  -10 
-8  32  -4 
-18  -84  2 
-4  -66  -32 
-8  -94  22 
-54  -8  -26 
-6  -30  34 
-6  -18  28 

//Reference=MNI 
//nullstudy_58
//Subjects=11
-28  -66  -48 
-44  -2  50 

//Reference=MNI 
//nullstudy_59
//Subjects=10
0  10  2 
48  40  0 
-58  -24  -10 
-58  -40  -22 
-38  36  44 
-32  28  -4 

//Reference=MNI 
//nullstudy_60
//Subjects=11
-42  -74  -42 
-14  64  14 
-30  -10  -42 
44  30  24 
22  26  -20 
-48  6  54 
-42  -48  34 
-34  28  6 
46  42  16 
-32  -44  56 
34  14  44 
-42  -12  -44 
-10  -86  -6 
-16  -46  50 
-32  -16  52 
-2  -24  20 
6  18  -14 
-12  -72  -46 
60  12  20 
-48  -72  -26 
-10  -52  14 
-44  -54  8 
48  8  2 
-28  -82  10 
-38  -20  46 
6  42  20 
-50  18  0 
-50  6  26 
12  24  40 
-34  -36  68 
-54  -28  52 
-52  36  0 
-14  -30  -20 
-20  -56  52 
-30  -16  60 
-66  -44  24 
-44  10  36 
-26  -42  -48 

//Reference=MNI 
//nullstudy_61
//Subjects=10
-10  6  -8 
-24  -86  8 
-30  48  16 
-10  16  58 

//Reference=MNI 
//nullstudy_62
//Subjects=8
-16  -56  -52 
-28  -86  40 
-42  -16  -32 
-32  -94  8 
-8  -10  62 
-62  -50  16 
-54  -46  0 
26  34  -8 

//Reference=MNI 
//nullstudy_63
//Subjects=11
-16  -56  64 
-2  32  26 
-6  62  -20 
56  10  40 
-8  -68  40 

//Reference=MNI 
//nullstudy_64
//Subjects=12
-64  -18  -30 
-44  50  16 

//Reference=MNI 
//nullstudy_65
//Subjects=11
-30  -52  34 
-42  -46  26 
-58  -14  -20 
-54  -18  36 
-32  -84  -20 
-52  -62  14 
-6  -68  36 
-46  -48  0 
-52  -50  -24 
10  48  10 

//Reference=MNI 
//nullstudy_66
//Subjects=10
-14  -72  34 
-16  -86  4 
8  48  34 
-18  64  4 
-6  -6  74 
-28  -90  -10 
-34  -54  -34 
-54  16  26 
-16  -34  -44 
-44  -76  22 
-44  24  46 
20  16  68 
-50  -6  -32 
-8  -50  2 
-14  -72  34 

//Reference=MNI 
//nullstudy_67
//Subjects=11
-46  -12  -40 
-10  -52  46 
40  6  16 
-16  62  22 
-42  -42  -14 
-34  32  -22 
-66  -12  24 
-52  -50  20 
-26  -52  -32 
-4  -52  -18 

//Reference=MNI 
//nullstudy_68
//Subjects=11
-8  -4  -14 
36  16  32 
-36  -70  -24 
-16  22  56 
-40  -18  40 
44  6  -18 
-6  -60  -6 
-6  -58  18 
-14  30  58 

//Reference=MNI 
//nullstudy_69
//Subjects=8
-24  -68  4 
60  4  -20 
-44  -74  -34 
22  8  52 
18  60  -10 
26  2  44 
-24  -22  -12 
46  14  2 

//Reference=MNI 
//nullstudy_70
//Subjects=10
-50  -48  50 
-12  -12  -20 
-10  -26  44 
-4  -42  16 
0  36  6 
-14  -32  74 
-18  -58  26 
-10  6  12 
34  12  -12 
-60  -46  -14 
-12  -2  56 
-2  66  16 
-12  -64  68 
-44  18  40 
-16  -24  60 
6  26  -4 

//Reference=MNI 
//nullstudy_71
//Subjects=11
-28  -68  6 
-32  -94  10 

//Reference=MNI 
//nullstudy_72
//Subjects=10
-14  -92  20 
26  48  44 
-44  32  6 
-54  -12  -40 

//Reference=MNI 
//nullstudy_73
//Subjects=9
-48  50  -4 
50  24  -6 
52  20  12 
-48  -52  -42 
0  32  2 
-50  -66  -30 
-44  4  -4 
-44  -42  50 
-60  2  -2 
-14  -96  26 
-56  -2  -36 
-8  56  28 
2  4  70 
-44  -28  46 
-6  -42  -14 

//Reference=MNI 
//nullstudy_74
//Subjects=8
-18  -92  -30 
-14  -80  -54 
-40  -80  -2 
44  2  40 
10  48  18 
-34  -52  -18 
-14  -42  -56 
26  60  28 
-24  -6  -44 
-34  6  26 

//Reference=MNI 
//nullstudy_75
//Subjects=11
4  38  -12 
-20  -76  -56 
26  26  54 

//Reference=MNI 
//nullstudy_76
//Subjects=11
28  34  24 
-24  -92  -20 

//Reference=MNI 
//nullstudy_77
//Subjects=11
-12  -56  -18 
-50  -74  -24 
52  16  8 
4  52  -14 
18  30  4 
-26  -96  2 
-2  -62  -14 
32  24  52 
-24  -54  -20 
-8  -50  70 
-40  44  0 
-60  -56  -18 
-14  16  -4 
-30  64  14 
44  12  26 
-34  4  48 
-50  -36  40 
-38  -52  -12 
-8  -30  20 

//Reference=MNI 
//nullstudy_78
//Subjects=10
38  16  10 
-30  -46  -26 
-40  -84  32 
-36  -36  -36 
-24  -50  -36 
24  32  34 
58  4  32 
-62  8  12 
-14  -44  30 
38  52  -8 
-42  -56  52 
-22  32  34 
-50  -2  28 
-44  -52  -48 
-6  -8  30 
-38  8  22 
22  30  -24 
-42  -70  22 

//Reference=MNI 
//nullstudy_79
//Subjects=9
-30  -4  -22 
-12  -28  2 
-52  -32  -2 
-52  -42  56 
-42  46  26 
-36  4  -12 
-18  -8  -8 
-4  -58  -42 
0  26  20 

//Reference=MNI 
//nullstudy_80
//Subjects=10
-6  -16  -18 
-22  -66  -4 
-36  -52  -22 
46  4  52 
-34  -98  0 

//Reference=MNI 
//nullstudy_81
//Subjects=9
-54  -44  4 
-14  -58  -46 

//Reference=MNI 
//nullstudy_82
//Subjects=9
-40  -64  -50 
-24  36  48 
-22  -44  2 
-64  -20  18 
-2  -52  -68 

//Reference=MNI 
//nullstudy_83
//Subjects=10
50  2  -14 
24  14  62 

//Reference=MNI 
//nullstudy_84
//Subjects=11
-12  -76  8 
-4  -32  32 
-12  -76  30 

//Reference=MNI 
//nullstudy_85
//Subjects=10
-56  12  34 
-20  50  -6 
56  16  -4 
-52  10  0 
-52  -40  -12 
-16  -16  24 
-36  -66  -22 

//Reference=MNI 
//nullstudy_86
//Subjects=12
-30  -82  34 
4  20  56 
-18  32  -12 
34  30  8 
-8  -64  -14 
26  14  40 
14  58  24 
-58  -60  8 
-34  -38  -16 
-42  -16  -28 
-14  -50  -24 
36  10  -46 
-32  8  52 
-52  14  -24 
-32  -4  54 
-32  2  62 
-40  -58  6 
-8  -92  -8 
-30  -4  60 

//Reference=MNI 
//nullstudy_87
//Subjects=9
-20  66  0 
-8  -58  2 
-40  -50  -22 
14  56  28 
44  46  -8 

//Reference=MNI 
//nullstudy_88
//Subjects=10
-42  -46  42 
-46  -70  22 
-42  14  20 
-18  -50  60 
-32  -62  62 
-4  -50  -20 
-54  -4  24 
38  8  4 
-10  -56  40 
-6  2  -34 
-34  22  2 
-18  54  -4 
-44  -60  14 
-52  -24  -36 
-12  -60  -34 
-34  -44  -8 
-34  22  22 
-40  52  24 
34  44  -2 
-6  26  -16 
28  28  -16 
-42  16  -30 
-32  -30  54 
-42  4  -16 
-66  -28  4 
-26  -2  -50 
-12  60  36 
4  20  40 
24  54  -8 
-50  -42  60 
-2  16  62 
-28  32  2 
-34  -32  -8 

//Reference=MNI 
//nullstudy_89
//Subjects=10
-34  40  14 
-54  10  -12 
-30  20  -40 

//Reference=MNI 
//nullstudy_90
//Subjects=10
12  4  10 
-54  -52  -16 
-38  -58  -52 
-40  -66  28 
-12  -70  44 
48  2  12 
-38  -72  -28 

//Reference=MNI 
//nullstudy_91
//Subjects=9
12  38  32 
-32  -54  -56 
-10  -70  -38 
-32  -24  70 
44  40  20 

//Reference=MNI 
//nullstudy_92
//Subjects=11
-32  -24  66 
-14  -76  -50 
48  6  -26 
-50  2  -14 

//Reference=MNI 
//nullstudy_93
//Subjects=9
42  4  2 
36  14  -26 

//Reference=MNI 
//nullstudy_94
//Subjects=9
-32  -28  -12 
-42  16  -12 
-12  -44  38 
-8  -42  74 
-30  -72  -46 
10  10  36 
14  56  30 
-16  -46  -52 

//Reference=MNI 
//nullstudy_95
//Subjects=10
-58  -44  -6 
-46  -34  48 

//Reference=MNI 
//nullstudy_96
//Subjects=11
36  6  8 
2  58  30 
8  56  -2 
30  26  -30 

//Reference=MNI 
//nullstudy_97
//Subjects=11
-8  -12  62 
-30  -86  -26 
58  12  -8 
-66  -36  -2 
-52  30  12 
-40  -18  20 

//Reference=MNI 
//nullstudy_98
//Subjects=11
-48  12  8 
-58  0  0 
-20  36  38 
-8  -48  -66 
-20  -74  8 
30  40  20 
-22  -52  70 
-36  -46  56 
-56  8  38 
-58  -14  4 
-60  10  22 
-62  -36  14 
26  60  6 

//Reference=MNI 
//nullstudy_99
//Subjects=8
-32  -28  64 
-38  46  -10 
-30  30  50 
-8  -12  26 
-6  -104  -10 
58  14  -20 
-6  -20  42 
-36  -60  -60 
-38  -60  4 
-10  -100  4 
-64  -44  18 
-14  -66  46 
-46  10  -32 
50  6  -26 
-40  -40  52 
-44  -52  42 
46  46  24 
-40  -22  40 
-8  -82  8 
2  30  58 
-32  -46  -22 
-48  -80  2 
-2  58  30 
-4  -18  42 
-42  -66  38 
-14  36  16 
-14  -96  -22 
-40  32  -6 
34  16  -34 
-64  -52  26 
-36  -44  44 
-62  -26  -26 
-28  -2  8 
-32  -98  -10 
2  10  10 
-54  8  -4 

//Reference=MNI 
//nullstudy_100
//Subjects=10
-56  0  26 
-18  14  64 
-8  -20  72 
-8  -16  2 
-46  -52  36 
-50  -52  16 
4  58  -14 
-52  -30  48 
-36  36  38 
62  10  18 
-6  -72  -16 
-10  24  38 
-44  38  4 

