//Reference=MNI 
//truestudy_1
//Subjects=29
45  -67  -7 
45  -67  -6 

//Reference=MNI 
//truestudy_2
//Subjects=31
46  -66  -6 
44  -67  -6 
46  -68  -6 
48  -66  -4 
47  -68  -7 
46  -66  -5 
45  -65  -5 
47  -66  -6 
47  -65  -5 

//Reference=MNI 
//truestudy_3
//Subjects=32
46  -66  -5 
48  -68  -6 
46  -65  -5 
47  -65  -6 
47  -66  -7 
46  -65  -6 
46  -65  -5 
46  -67  -8 
46  -65  -5 
45  -67  -6 
47  -65  -5 
46  -66  -7 
46  -67  -5 
48  -66  -8 
46  -67  -5 
46  -65  -5 

//Reference=MNI 
//nullstudy_1
//Subjects=29
-64  -12  -20 
-18  -86  -42 

//Reference=MNI 
//nullstudy_2
//Subjects=31
-32  48  12 
-58  -14  -28 
32  66  4 
-44  2  42 
-2  8  40 
0  14  2 
-6  -94  -26 
-44  -70  42 
38  40  22 

//Reference=MNI 
//nullstudy_3
//Subjects=32
36  12  10 
-38  -18  54 
-56  -60  8 
-22  54  26 
-44  -34  34 
-38  -16  16 
-14  20  4 
-50  6  22 
54  10  -4 
-14  44  -22 
-8  -36  64 
26  16  -26 
-26  46  38 
-18  -34  56 
16  58  18 
-30  -58  8 

//Reference=MNI 
//nullstudy_4
//Subjects=31
-8  -78  54 
-48  28  36 
-10  44  44 
18  56  40 
-32  -26  8 
-42  -4  18 
-56  -14  38 
-54  -58  6 
50  36  6 
-6  -64  -6 
-18  -72  40 

//Reference=MNI 
//nullstudy_5
//Subjects=29
-34  -24  -24 
36  14  56 
-20  36  38 

//Reference=MNI 
//nullstudy_6
//Subjects=29
28  20  38 
-20  -66  4 

//Reference=MNI 
//nullstudy_7
//Subjects=31
-20  4  50 
-50  -48  18 
-20  -90  -28 
56  32  10 
16  24  -4 
-50  -56  -26 
-4  50  -4 
-28  -6  58 
-10  -96  -22 
-4  -16  -20 
-58  -40  16 
-58  -56  -24 
46  32  18 
-22  -48  -42 
-18  -76  8 
8  4  2 
-20  20  44 
-48  24  24 
-2  24  32 
54  8  40 
-42  -4  -42 
-20  -4  -32 
-4  10  -2 
-46  -74  -34 
-42  24  -24 
-42  -12  -36 
40  42  6 

//Reference=MNI 
//nullstudy_8
//Subjects=27
-16  -98  22 
-58  -2  -12 

//Reference=MNI 
//nullstudy_9
//Subjects=31
42  12  -40 
-30  -50  70 
38  14  -44 
-2  -70  -44 
2  48  48 
-66  -8  6 
-66  -24  28 
-2  -56  32 
-10  -64  56 
-38  36  40 
-44  -66  52 
-28  -34  -28 
-36  -32  -28 
-44  -24  62 

//Reference=MNI 
//nullstudy_10
//Subjects=32
-4  -68  38 
-28  -28  50 
-24  54  20 
26  54  2 
-32  32  -12 
56  8  -30 
-12  -74  -14 
46  14  46 
2  54  -16 
12  6  46 
-52  -44  26 
50  24  18 

//Reference=MNI 
//nullstudy_11
//Subjects=29
-6  -36  34 
-2  -20  4 

//Reference=MNI 
//nullstudy_12
//Subjects=30
-26  -40  -42 
-54  -36  48 
28  6  46 
-24  -12  -18 
-48  -12  34 

//Reference=MNI 
//nullstudy_13
//Subjects=29
56  12  40 
-4  -60  64 

//Reference=MNI 
//nullstudy_14
//Subjects=31
-46  24  -24 
-54  -74  4 
36  26  36 
-58  10  34 
-38  -86  -18 
-24  -84  -4 
24  6  60 
-18  -52  62 

//Reference=MNI 
//nullstudy_15
//Subjects=28
-8  -104  12 
-6  -28  50 

//Reference=MNI 
//nullstudy_16
//Subjects=28
-24  6  52 
-14  -30  -30 

//Reference=MNI 
//nullstudy_17
//Subjects=30
40  16  42 
-24  56  -18 
14  20  42 

//Reference=MNI 
//nullstudy_18
//Subjects=29
56  20  26 
-2  -60  4 

//Reference=MNI 
//nullstudy_19
//Subjects=30
52  8  12 
-8  -72  54 
-8  -98  -2 
-44  22  -20 
-48  2  52 

//Reference=MNI 
//nullstudy_20
//Subjects=29
38  42  32 
-6  4  34 
-22  -48  44 
-26  -66  62 

//Reference=MNI 
//nullstudy_21
//Subjects=30
-54  -18  -28 
-46  12  -10 
-56  -44  -20 
-30  62  12 
-50  -32  0 
-14  -6  -22 
-8  8  34 
-20  18  66 
18  4  -26 
-10  -78  16 

//Reference=MNI 
//nullstudy_22
//Subjects=30
-20  -32  72 
-56  -50  18 
-8  -24  -26 
42  14  -30 
-54  -30  -12 
14  26  -8 
-2  -44  58 
-36  -70  -36 
-28  -90  -18 
-32  -16  54 
2  38  -34 
-12  58  14 

//Reference=MNI 
//nullstudy_23
//Subjects=29
-30  18  -26 
-64  -2  26 

//Reference=MNI 
//nullstudy_24
//Subjects=29
-64  0  -20 
-16  70  6 

//Reference=MNI 
//nullstudy_25
//Subjects=29
-56  -58  28 
30  8  -8 
-58  -22  22 

//Reference=MNI 
//nullstudy_26
//Subjects=31
24  36  44 
-16  -20  66 
-50  -50  -30 
14  62  -10 
-6  -52  -58 
-40  -32  22 
-38  14  40 
16  42  6 
-12  -100  10 
-26  50  -16 

//Reference=MNI 
//nullstudy_27
//Subjects=32
-24  -30  52 
0  46  -14 
18  32  50 
-38  4  -40 
-4  -36  -14 
-54  -46  36 
-48  -66  -44 
-26  62  -8 
-64  -42  24 
-50  2  22 
-58  -36  8 
0  6  48 
48  36  16 
-10  -10  -22 
-10  38  12 
-2  10  56 
30  36  -8 
-8  -40  -6 
-4  -52  -60 
24  22  34 
-48  -14  -36 
-34  -20  58 
-16  -48  52 
-36  -84  -6 
-28  58  2 
24  42  20 
-52  -18  -30 
-14  -46  2 
8  26  32 
-46  -10  36 
-56  -68  24 
-18  -86  36 
-34  42  24 
-30  -22  64 
-34  -14  10 
52  30  4 
-48  -20  56 
-44  2  -28 
-26  -24  -20 
-36  10  42 
-4  -4  -8 
-8  18  36 
-48  10  44 
-2  -50  34 
-12  -20  66 
-2  -50  -70 
-10  -22  16 
12  12  -22 
-40  -64  -48 
14  64  28 
-50  -58  -36 

//Reference=MNI 
//nullstudy_28
//Subjects=30
-14  -20  -26 
-28  -72  -18 
32  38  10 
-26  -64  48 
-26  -86  -10 
-58  -34  0 
-56  6  -6 
-14  -74  -48 
10  20  0 
32  8  8 
-4  -26  -36 
-42  34  0 
-26  -52  -12 
-20  -36  68 
26  8  -12 
22  6  -24 
-26  -40  68 
-20  -76  -54 
-50  -6  -4 
-28  -48  12 
-54  -6  -28 
30  6  4 
-10  -46  38 
-32  -60  34 
-50  -36  -30 
-6  18  14 
-50  -12  34 
-56  -52  28 
-26  26  -22 
-56  -62  28 
-42  6  60 
-26  -70  28 
40  46  34 
2  62  -12 
42  50  -2 
-40  -32  24 
-24  -70  -58 
-16  -18  68 
-44  -14  16 
-58  4  -28 
-10  16  38 
2  18  2 
-8  -10  50 
40  20  -26 
-16  -94  -2 
-36  -44  42 
8  40  -26 
-32  -62  -52 
-28  20  8 
-36  -14  42 
-36  52  -8 
-12  14  14 
18  14  -16 
4  30  24 
-60  -12  -38 
0  18  52 
32  44  2 
38  14  -44 
-4  -44  -66 
44  48  0 
-14  -100  0 
-8  -10  16 
46  36  6 
-46  -22  -6 
20  34  44 
-28  40  12 
-46  -60  24 

//Reference=MNI 
//nullstudy_29
//Subjects=32
-6  16  64 
18  18  -2 
-44  24  0 
-10  -78  -54 

//Reference=MNI 
//nullstudy_30
//Subjects=30
-38  -58  -2 
-50  -46  44 
-56  -14  -14 
-52  0  20 
-54  -40  10 
-16  -38  -14 

//Reference=MNI 
//nullstudy_31
//Subjects=30
-18  36  42 
44  4  16 
-48  4  42 
-2  28  32 
-20  -50  -36 
-22  52  -2 
-46  -76  34 
-30  16  38 
-38  22  -8 
-44  -62  30 
-14  -50  -14 
-8  -50  -36 
18  60  -4 
-22  -56  2 
-20  -32  -32 
-48  -60  2 
-16  68  4 
48  20  46 

//Reference=MNI 
//nullstudy_32
//Subjects=30
-34  -44  -24 
-20  -76  22 
-28  -74  -4 
-48  -50  14 
-8  -48  68 
6  52  -16 
56  22  36 
2  36  50 

//Reference=MNI 
//nullstudy_33
//Subjects=29
-18  -36  -14 
-6  -78  44 
-50  4  42 
-30  -10  50 
38  22  -40 
26  16  50 

//Reference=MNI 
//nullstudy_34
//Subjects=30
-48  40  4 
-54  -60  2 
-28  -66  -22 
12  42  8 
-32  22  -12 
-28  14  -42 
-6  0  36 

//Reference=MNI 
//nullstudy_35
//Subjects=31
-64  -18  -20 
-28  -66  8 
24  18  -26 

//Reference=MNI 
//nullstudy_36
//Subjects=30
20  46  30 
-2  -88  -32 
-34  -18  20 
-38  38  -8 
-34  -20  50 
-60  8  18 

//Reference=MNI 
//nullstudy_37
//Subjects=29
-48  -14  -14 
-26  -54  -58 
46  16  18 
-34  -62  -54 
-60  -42  20 
-62  -30  -26 
-38  -42  42 
-2  8  70 
-26  -62  -64 
-8  -70  58 
-6  38  -26 
-20  -48  -18 
-42  -8  62 
-20  40  38 
46  48  -14 
14  68  12 
58  12  -18 
-36  -16  48 
-28  -22  -14 
2  46  30 
-24  -76  26 
-8  -24  -32 
-38  -62  -48 
-52  -36  28 
-2  -32  48 
-22  -68  -36 
14  28  60 

//Reference=MNI 
//nullstudy_38
//Subjects=30
32  52  2 
-2  -70  -48 
4  16  36 
-28  -66  -60 
-28  -12  50 
4  26  38 

//Reference=MNI 
//nullstudy_39
//Subjects=30
-32  -20  -16 
-26  0  44 
10  22  -16 

//Reference=MNI 
//nullstudy_40
//Subjects=29
26  4  -38 
-46  -60  44 
-44  -78  8 
-6  -62  -54 
40  46  -14 

//Reference=MNI 
//nullstudy_41
//Subjects=30
-24  -32  0 
12  18  44 
48  6  -44 
-46  20  -2 

//Reference=MNI 
//nullstudy_42
//Subjects=30
-22  -16  58 
50  22  14 
-46  -58  -22 

//Reference=MNI 
//nullstudy_43
//Subjects=32
-50  -50  50 
-2  -54  -58 
-40  42  20 
-42  -30  -20 

//Reference=MNI 
//nullstudy_44
//Subjects=29
-8  -62  30 
-58  -34  -2 
-28  -6  -12 
-10  -34  68 
6  22  -28 
-48  -28  -24 

//Reference=MNI 
//nullstudy_45
//Subjects=29
-16  -88  0 
-16  -62  2 
-4  -90  22 
56  4  -8 
-24  48  6 
-6  32  14 
-34  -42  50 
42  30  -18 
-22  14  -22 
-38  30  26 
2  32  14 
-46  -68  -50 
2  12  -12 
-28  -14  -40 
-46  -2  14 
-64  -52  -14 
-30  -78  34 
-20  -28  72 
-26  -68  62 
-8  -86  18 
-44  -80  0 
32  12  66 

//Reference=MNI 
//nullstudy_46
//Subjects=30
-10  -74  -16 
-26  -76  -18 
-58  -70  14 

//Reference=MNI 
//nullstudy_47
//Subjects=28
-24  -42  58 
10  50  14 
-50  -34  42 
-38  -72  50 

//Reference=MNI 
//nullstudy_48
//Subjects=31
-42  0  10 
-38  40  -20 
-56  -28  40 
20  10  -44 
-6  -18  44 
-4  -52  6 

//Reference=MNI 
//nullstudy_49
//Subjects=31
-28  -8  2 
-44  20  38 

//Reference=MNI 
//nullstudy_50
//Subjects=29
-50  -68  -34 
-46  -28  -32 
-8  -30  10 
32  50  36 
50  16  -18 
-32  -82  38 
-14  -100  -12 
-56  -52  40 
50  24  -16 
34  30  32 
-2  -88  30 
26  62  -14 
-46  38  20 
-30  -30  -8 
-48  -6  0 
10  56  -24 
-46  0  -6 
-2  32  50 
54  32  22 
-28  -62  -2 
-54  -46  -4 
-28  -92  -26 
44  4  46 
46  2  36 
-36  14  -42 
-10  -102  12 
30  16  -22 
-12  20  -10 
18  6  -16 
-36  10  60 
-48  -18  -22 
-18  6  50 
-48  16  46 
-12  6  74 
-28  -66  -52 
-10  -30  38 
-20  -76  34 
-12  -32  72 
-44  -62  -4 

//Reference=MNI 
//nullstudy_51
//Subjects=31
-22  -78  10 
-8  -56  -38 
60  2  8 
56  4  6 
-20  -64  52 
-22  6  -40 
24  16  -24 
-20  58  -12 

//Reference=MNI 
//nullstudy_52
//Subjects=31
38  34  -10 
-48  -58  -14 

//Reference=MNI 
//nullstudy_53
//Subjects=30
-52  -68  24 
-46  4  44 
-6  -16  76 
-52  -26  34 
-60  -46  48 
-32  -46  70 
26  58  -14 
38  22  12 
-62  -40  -10 
36  14  2 
-66  -16  30 
-24  -78  -34 

//Reference=MNI 
//nullstudy_54
//Subjects=30
14  48  -6 
-30  -94  0 
-62  -26  -18 
-8  -98  8 
-18  30  60 
-36  56  10 
-66  -40  -4 
20  46  30 
0  42  52 
44  18  -24 
-12  42  42 
34  4  -44 
2  34  26 
24  52  -6 
-12  -92  -8 
-12  -34  -12 
-6  -34  -42 
-50  -8  14 
-38  18  22 
4  44  50 
-16  64  -16 
52  28  0 

//Reference=MNI 
//nullstudy_55
//Subjects=30
0  26  -4 
-4  32  4 
-48  -52  24 
0  60  -12 
-46  -44  42 
-12  -92  -4 
-12  62  -4 

//Reference=MNI 
//nullstudy_56
//Subjects=29
-46  -22  -34 
-42  -36  -14 
-20  -22  68 
-34  -84  -22 
-10  -6  48 
-14  -54  14 

//Reference=MNI 
//nullstudy_57
//Subjects=29
-28  -16  -28 
-4  42  42 
-12  64  6 
-42  -66  -2 
-28  -72  -6 

//Reference=MNI 
//nullstudy_58
//Subjects=29
-4  -90  -18 
-66  -14  26 

//Reference=MNI 
//nullstudy_59
//Subjects=30
4  64  26 
-42  48  0 

//Reference=MNI 
//nullstudy_60
//Subjects=32
-24  -60  -18 
34  2  42 
-18  30  -24 
-14  -80  4 

//Reference=MNI 
//nullstudy_61
//Subjects=31
-14  -6  18 
-20  6  -34 
24  20  -32 
8  4  2 
-6  -24  76 
-10  -48  38 

//Reference=MNI 
//nullstudy_62
//Subjects=32
4  22  36 
-36  4  56 
-60  18  22 
-14  -58  68 
-46  -66  -18 
-54  4  -32 
8  32  -28 
8  58  8 
-12  -40  -14 
-12  28  52 
-36  18  38 
2  22  26 
-34  -40  -28 
-2  -92  -2 
48  42  -12 
-46  -32  20 
-44  10  24 
-56  20  0 
-10  -50  40 
30  54  -12 
-10  -8  -24 
10  34  10 
30  30  54 
8  6  12 
6  46  -18 
36  46  -12 
-30  8  -8 
-42  0  -4 
-16  46  -2 
-48  2  34 
-10  -64  -28 
40  14  8 
-10  -6  22 
-30  -50  -42 
-12  -88  -8 

//Reference=MNI 
//nullstudy_63
//Subjects=31
-24  60  -14 
50  8  50 
-46  -62  -10 
20  32  -16 
-30  -58  54 
48  12  -24 
-50  -16  58 
-36  30  -2 
-10  -38  74 
-64  -48  12 
-46  -26  -10 
-22  32  -24 
-30  -2  -36 
-28  -34  54 
32  8  -4 
-46  34  -20 

//Reference=MNI 
//nullstudy_64
//Subjects=31
-60  -16  30 
-58  -52  -24 
-36  30  12 
-14  56  40 
-40  14  -4 
-46  10  16 
-2  -56  70 
-50  -40  -6 
-8  -58  -50 
-28  24  -20 
-40  -80  14 
-50  -30  50 
-22  -96  -12 
-40  50  20 
-34  38  14 
-10  -54  -58 
-36  -32  40 
-32  36  28 
26  14  -28 
50  16  -28 
-14  46  34 
-12  6  -32 
22  64  0 
-54  -40  -24 
20  8  6 
-32  -50  -48 
-42  4  22 
0  16  0 
-34  32  36 
34  18  62 
32  12  -38 
-50  -50  -32 
-30  50  -18 
-26  -46  54 
18  42  -22 
22  66  4 
-6  26  -16 
-24  -86  -20 
-42  22  0 
-70  -38  6 
8  18  -2 
-48  -20  8 

//Reference=MNI 
//nullstudy_65
//Subjects=30
30  10  -32 
-30  -14  -2 
-30  30  42 
-4  -30  8 
-6  -14  50 
-52  -54  -4 
22  20  56 
-6  -36  -40 
20  12  12 
-24  -14  54 
-26  -2  -32 
-62  -34  22 
-36  -34  -12 
-6  4  -18 
6  42  32 

//Reference=MNI 
//nullstudy_66
//Subjects=30
-14  -24  62 
-22  -38  22 
-50  -12  2 
-26  14  -30 
-66  -18  -12 
-26  34  -14 
-26  -78  36 
0  16  28 
42  16  54 
-34  54  -18 
-58  -66  22 
4  46  22 
-4  38  38 
-44  -24  -26 
-36  -54  64 
-40  -48  -50 

//Reference=MNI 
//nullstudy_67
//Subjects=31
-66  -54  16 
-38  -84  36 
-68  -28  -16 
12  52  -4 
16  42  0 
-48  46  6 

//Reference=MNI 
//nullstudy_68
//Subjects=30
-28  -34  58 
-24  38  -22 
-22  -6  -28 
-14  -72  -6 
6  12  60 
2  58  40 
-8  -52  -34 
-64  -20  -28 
48  22  28 

//Reference=MNI 
//nullstudy_69
//Subjects=31
4  36  -6 
-56  -24  46 
-40  -42  44 
-26  2  -50 
-42  -28  54 
-58  -22  30 
44  2  -40 
-10  -8  -14 
-40  14  38 

//Reference=MNI 
//nullstudy_70
//Subjects=29
-4  -32  -16 
-32  -98  -8 
-50  0  -4 
38  22  10 
54  24  12 
46  12  -14 

//Reference=MNI 
//nullstudy_71
//Subjects=30
-16  -58  -2 
-40  -14  6 
-8  -20  74 
-60  0  16 
58  22  16 
-60  -42  36 
46  24  -14 
-44  6  30 

//Reference=MNI 
//nullstudy_72
//Subjects=30
-22  -36  22 
-6  -70  -34 
-30  -14  -34 

//Reference=MNI 
//nullstudy_73
//Subjects=31
-32  -28  -12 
36  22  34 
-14  -102  18 
-36  26  22 
-48  8  28 
-8  10  -14 
-28  -50  46 
52  16  6 

//Reference=MNI 
//nullstudy_74
//Subjects=30
-16  -46  -2 
-22  20  58 
-34  24  50 
-58  -54  -22 
12  12  54 
-54  -58  -40 
40  60  -10 

//Reference=MNI 
//nullstudy_75
//Subjects=30
-54  -50  8 
-32  -78  -36 
-54  -60  34 
-40  -46  -52 
-10  -50  38 
-6  26  62 
-42  54  -6 
-36  4  -16 

//Reference=MNI 
//nullstudy_76
//Subjects=30
-6  -92  34 
-54  -62  10 
-40  18  40 
-62  -4  -12 
18  40  -20 

//Reference=MNI 
//nullstudy_77
//Subjects=30
12  64  -6 
-28  -74  -28 
-56  0  40 
-10  22  60 
-22  -56  -54 

//Reference=MNI 
//nullstudy_78
//Subjects=31
-32  -36  58 
24  68  6 
8  38  4 

//Reference=MNI 
//nullstudy_79
//Subjects=29
-34  -8  54 
40  4  -34 
22  40  -12 
-16  -50  -12 
-38  16  -18 

//Reference=MNI 
//nullstudy_80
//Subjects=31
-4  -54  -10 
-54  -66  6 
-30  -84  -40 
-54  -62  -18 
22  36  26 
-4  -72  36 
-8  -22  70 
-38  -50  46 
58  16  -4 
-50  -8  -6 
16  30  44 
-32  -14  56 
14  20  32 
58  6  -26 
-6  6  44 
-26  62  2 
32  48  -18 
-40  -34  54 
-44  -36  20 
-14  -74  6 
-22  -80  -12 

//Reference=MNI 
//nullstudy_81
//Subjects=30
-36  -64  2 
-46  -18  -8 
-16  -48  34 

//Reference=MNI 
//nullstudy_82
//Subjects=30
-8  -68  14 
-12  -86  34 
-24  8  50 
34  36  -8 
-40  -6  62 
8  6  18 
48  38  18 
44  52  -12 
-38  34  32 
-4  -80  16 
-6  -34  42 
-4  -80  -34 

//Reference=MNI 
//nullstudy_83
//Subjects=30
-20  -58  -18 
-10  -78  -2 
-8  -84  16 
32  30  4 
-34  -40  -40 
-40  -44  54 

//Reference=MNI 
//nullstudy_84
//Subjects=30
-6  -14  54 
-20  0  64 
-60  -2  38 
-18  8  -30 
-52  -62  4 
-12  36  42 

//Reference=MNI 
//nullstudy_85
//Subjects=31
-40  -70  50 
-24  -24  -24 
-28  -40  -40 
0  14  -18 
-18  -72  -12 
-2  -100  18 

//Reference=MNI 
//nullstudy_86
//Subjects=29
28  14  48 
-58  -4  16 
-40  -28  50 
-54  -54  38 
22  24  34 
-18  -34  56 

//Reference=MNI 
//nullstudy_87
//Subjects=30
-8  28  -18 
-8  -2  48 
14  38  -28 
-16  -68  16 
16  40  4 
-4  -26  6 
6  70  16 
-8  60  -6 
-20  -60  -64 
-22  28  38 
8  26  54 

//Reference=MNI 
//nullstudy_88
//Subjects=31
-2  64  -10 
-10  -50  0 
8  24  16 

//Reference=MNI 
//nullstudy_89
//Subjects=29
32  64  10 
-2  8  -14 
-48  4  2 
-32  10  52 
-24  -72  48 
-38  -74  -8 

//Reference=MNI 
//nullstudy_90
//Subjects=31
24  32  -26 
-2  -38  -30 
-4  -38  -56 
-28  42  34 
38  34  16 
38  14  36 
-12  -54  42 

//Reference=MNI 
//nullstudy_91
//Subjects=30
-54  0  22 
-52  -74  -16 

//Reference=MNI 
//nullstudy_92
//Subjects=29
16  60  -2 
-8  6  -8 
16  38  50 
-40  2  34 
-58  2  26 
-8  24  2 
-46  -44  4 
14  16  38 
-20  -20  -30 
-22  -40  -8 
-50  16  -26 
0  26  12 
-62  -48  6 
-2  -22  -42 
-66  -46  12 
-60  6  -18 
-30  -88  0 
-14  40  40 

//Reference=MNI 
//nullstudy_93
//Subjects=30
-34  -72  -50 
-48  -10  -6 
-34  -18  60 
-28  -76  -18 
-44  40  20 
-4  -38  66 

//Reference=MNI 
//nullstudy_94
//Subjects=31
-44  -48  -34 
-2  -54  -28 
-44  -70  -24 

//Reference=MNI 
//nullstudy_95
//Subjects=29
-24  -82  -26 
24  10  -12 
-48  8  -6 
-28  -36  -42 

//Reference=MNI 
//nullstudy_96
//Subjects=31
-2  -12  12 
-10  14  0 
-4  -50  -36 
-4  -68  -6 
40  56  16 
-22  -74  0 
-50  -70  -28 
-34  -14  4 
-42  -4  32 
-42  -8  -48 
-10  -22  -14 
-6  -72  20 
50  16  38 
-52  -70  24 

//Reference=MNI 
//nullstudy_97
//Subjects=31
-12  -44  -16 
-14  -84  12 

//Reference=MNI 
//nullstudy_98
//Subjects=31
-14  -72  62 
50  22  36 
32  12  -14 
-4  -78  12 
-38  -68  54 
-8  -70  -8 
-10  -74  -18 
-40  0  26 
-14  -88  -20 
46  30  28 
-30  36  50 
-4  -38  -28 
-4  38  -30 
-4  -14  34 
-6  -44  78 
-46  4  12 

//Reference=MNI 
//nullstudy_99
//Subjects=31
-44  -78  -40 
-28  44  -14 
-18  -68  -36 
-30  -50  -46 
-52  -42  24 
-24  -20  72 
-4  26  -30 
-16  46  -14 
-58  -44  36 
-12  -60  6 
-34  -48  -8 
-26  60  10 
-62  12  10 
-54  4  -24 
-12  -30  10 

//Reference=MNI 
//nullstudy_100
//Subjects=29
32  36  28 
-38  -52  -24 
-40  16  6 
-6  -78  12 
-18  -56  24 
-6  60  14 
-48  -34  -4 
-56  0  38 
-54  -14  -20 

