//Reference=MNI 
//truestudy_1
//Subjects=11
44  -66  -6 
48  -66  -6 
46  -64  -6 
46  -65  -6 
46  -67  -6 
45  -66  -5 
48  -67  -8 
45  -65  -7 
48  -66  -7 

//Reference=MNI 
//truestudy_2
//Subjects=9
46  -65  -4 
47  -65  -5 
46  -64  -6 

//Reference=MNI 
//truestudy_3
//Subjects=9
47  -64  -7 
47  -67  -4 
46  -66  -6 

//Reference=MNI 
//nullstudy_1
//Subjects=11
-10  -40  -26 
-18  -28  60 
-46  -48  -2 
-18  14  18 
-16  -84  8 
-44  -16  -24 
-16  36  48 
48  4  -36 
34  22  40 

//Reference=MNI 
//nullstudy_2
//Subjects=9
-18  -72  6 
36  4  38 
-32  -54  0 

//Reference=MNI 
//nullstudy_3
//Subjects=9
-24  58  30 
20  62  18 
-42  26  0 

//Reference=MNI 
//nullstudy_4
//Subjects=8
-54  -10  -2 
-46  16  24 

//Reference=MNI 
//nullstudy_5
//Subjects=9
-58  -30  -10 
-34  -72  -30 
-4  -40  -60 

//Reference=MNI 
//nullstudy_6
//Subjects=10
48  28  -10 
-32  10  -12 
-12  26  62 
-32  58  20 

//Reference=MNI 
//nullstudy_7
//Subjects=10
-48  4  -18 
26  40  40 
-6  54  -26 
-64  -30  -8 
-36  -14  -8 
-46  6  -4 
-50  -22  -4 
-42  14  8 
-4  40  -22 
-46  -56  -40 
-48  16  32 
0  64  10 
44  36  -4 
-24  14  -14 
-60  -56  30 
-4  28  48 
-6  -54  10 
4  46  0 
-26  40  14 
-52  12  -20 
2  36  14 

//Reference=MNI 
//nullstudy_8
//Subjects=12
-16  -68  2 
-20  -14  -40 
14  4  60 
-34  -6  -30 
-8  -56  -12 
-62  -12  36 
-30  10  30 
-10  -38  2 
40  42  22 
-12  -46  68 
-26  -72  -24 
-38  56  -10 
24  22  58 
-56  -18  52 
-34  -6  66 
-18  -74  -38 
-60  -24  -26 
-22  -66  -8 
-22  -74  38 
-4  -52  -48 
-40  -38  12 
-22  -68  -26 
40  10  6 
-50  -24  8 
-38  40  28 
-16  -74  2 
-16  -72  -34 
-28  14  -8 
-36  20  26 
-10  -66  -52 
-24  -32  -34 
-10  -62  20 
-32  -42  46 
-14  -58  -4 
18  58  24 
-6  -56  62 
-46  18  -4 
24  18  50 
-34  -48  58 
-30  -46  -26 
30  2  -46 

//Reference=MNI 
//nullstudy_9
//Subjects=11
-34  18  46 
-52  -62  28 
-56  -14  12 
-4  -44  -12 
-12  38  -10 
-28  -18  -12 
26  58  -10 
62  10  22 
-42  -82  -30 
6  14  -14 
-42  54  4 
28  6  0 
-28  66  -4 
-36  26  52 

//Reference=MNI 
//nullstudy_10
//Subjects=11
-4  -30  -14 
-44  4  -2 
46  42  10 
-28  -80  -22 
-32  56  20 
-22  -16  -10 
-40  0  0 
-64  -10  38 
-48  -68  -2 
6  40  -4 
4  44  -26 
-2  -4  20 
-4  -8  -30 

//Reference=MNI 
//nullstudy_11
//Subjects=11
32  10  58 
10  2  48 
-10  -68  40 
50  44  -14 
-34  44  12 
22  52  4 
-42  40  -2 
-64  -56  22 
-30  24  30 

//Reference=MNI 
//nullstudy_12
//Subjects=10
-14  -44  -54 
-44  -64  16 
42  18  50 
-24  -76  32 
-40  -6  62 

//Reference=MNI 
//nullstudy_13
//Subjects=11
-34  -50  -40 
-12  -10  -32 
-16  -38  14 
-52  -40  2 
-36  46  -12 
12  52  16 
-38  6  -34 
0  40  56 
-2  6  2 

//Reference=MNI 
//nullstudy_14
//Subjects=11
30  6  -14 
-62  -40  -6 
-44  -8  0 
28  58  2 
-4  -16  54 
-2  -64  -20 
-12  -20  60 
-4  60  2 
30  22  60 

//Reference=MNI 
//nullstudy_15
//Subjects=9
8  32  8 
-2  46  46 
-4  -22  -34 

//Reference=MNI 
//nullstudy_16
//Subjects=10
-6  58  -14 
-50  -4  48 
-28  -54  -4 
-18  -70  -36 
48  20  20 
-26  -16  2 

//Reference=MNI 
//nullstudy_17
//Subjects=11
-4  -30  6 
-20  -10  -40 
-16  -66  34 
20  48  38 
8  56  -14 
40  26  2 
-42  8  24 
-30  -90  -18 
-48  -14  -34 
14  36  14 
-52  -10  24 

//Reference=MNI 
//nullstudy_18
//Subjects=9
-12  -16  38 
-4  -36  34 
-54  6  -26 

//Reference=MNI 
//nullstudy_19
//Subjects=10
-50  24  -6 
-60  18  20 
-40  40  -12 
-26  -14  52 

//Reference=MNI 
//nullstudy_20
//Subjects=9
-34  -88  12 
-8  -4  50 

//Reference=MNI 
//nullstudy_21
//Subjects=11
6  44  52 
16  12  -2 
-8  -90  10 
-58  -16  -10 
-52  14  -8 
-30  -10  -14 
-12  4  56 

//Reference=MNI 
//nullstudy_22
//Subjects=9
-14  -102  -16 
-64  -50  0 
12  2  -26 

//Reference=MNI 
//nullstudy_23
//Subjects=12
-22  -98  -18 
-6  62  34 
-30  -58  -54 
-8  40  -4 
-42  -28  4 
-38  20  -40 
-22  54  8 
-40  -14  -22 
-22  -20  -18 
-34  60  -4 
-32  40  8 
-26  0  64 
44  16  -6 
-44  2  36 
-6  -14  40 
-20  -16  -14 
-20  40  -24 
8  42  -30 
42  12  -6 
-30  46  36 
-20  -38  22 
6  46  -2 
-38  -10  -30 
-4  12  50 
-48  -60  -4 
-14  -36  16 
-42  34  -6 
56  24  10 
-60  -34  16 
40  16  -20 
-28  -26  72 
0  2  52 
34  18  6 
-8  28  36 
8  60  40 
-16  -38  -10 
20  8  -28 
-2  -44  4 
24  18  54 
-6  -14  -36 
-2  -26  -36 
44  38  -8 
-60  -30  -20 
-40  -36  -20 
14  68  16 
28  44  36 
-22  -84  38 
-38  -52  -8 
-18  -74  -58 
34  50  8 
14  48  -4 
-32  -46  52 
-14  32  -22 
36  2  -6 
-4  -64  62 

//Reference=MNI 
//nullstudy_24
//Subjects=10
-20  -72  50 
-2  -70  -20 
54  4  4 
-56  0  0 
-6  -72  -8 
14  14  14 

//Reference=MNI 
//nullstudy_25
//Subjects=10
66  2  18 
-42  26  -22 
-22  -46  74 
-30  46  4 
-26  -88  -4 
-34  6  -10 
-36  -62  10 
-26  4  52 

//Reference=MNI 
//nullstudy_26
//Subjects=9
-12  -14  48 
-40  -34  56 
36  4  -42 

//Reference=MNI 
//nullstudy_27
//Subjects=10
-18  22  -6 
-32  -76  46 
10  22  0 
-34  -50  -48 
40  46  0 
-32  -62  -22 
26  16  48 

//Reference=MNI 
//nullstudy_28
//Subjects=11
-6  -86  44 
2  62  -16 
-16  -98  22 
-16  62  -10 
-14  66  18 
2  10  6 
-4  -18  62 
-18  -58  66 
-30  -72  36 
-56  -8  -8 

//Reference=MNI 
//nullstudy_29
//Subjects=9
0  10  4 
-20  52  16 
-64  -2  -4 

//Reference=MNI 
//nullstudy_30
//Subjects=10
34  10  -22 
-26  -88  -28 
0  44  12 
-12  34  14 
-48  18  36 

//Reference=MNI 
//nullstudy_31
//Subjects=9
-14  -96  14 
16  2  66 
-48  20  16 

//Reference=MNI 
//nullstudy_32
//Subjects=7
-44  -70  -52 
-24  -4  2 

//Reference=MNI 
//nullstudy_33
//Subjects=9
-4  -72  -16 
-64  -44  22 
-54  -20  20 

//Reference=MNI 
//nullstudy_34
//Subjects=11
-42  14  2 
-30  -66  -2 
-26  6  -20 
-2  66  16 
-40  42  -20 
-8  -24  48 
-36  -30  54 
14  4  -16 
-10  -16  62 
-10  -70  22 
-4  -40  -58 
28  44  46 
-8  -20  62 
-2  50  12 

//Reference=MNI 
//nullstudy_35
//Subjects=10
-26  -44  56 
-22  -14  58 
-14  -74  -34 
16  60  -6 
-2  -48  -60 

//Reference=MNI 
//nullstudy_36
//Subjects=11
-18  -74  -54 
50  32  30 
-18  -80  28 
-64  -34  24 
-22  -42  -50 
-28  -76  -52 
38  4  42 
-8  -44  -56 
-62  -22  30 

//Reference=MNI 
//nullstudy_37
//Subjects=10
-34  40  14 
-40  -2  64 
-2  50  18 
-38  -70  -38 
-44  -4  -34 
-8  -16  74 

//Reference=MNI 
//nullstudy_38
//Subjects=9
-54  -8  -34 
-64  -48  24 

//Reference=MNI 
//nullstudy_39
//Subjects=10
4  36  34 
36  8  36 
-46  -76  -30 
2  8  -2 
-10  24  32 
-16  20  12 

//Reference=MNI 
//nullstudy_40
//Subjects=10
-56  -60  38 
-8  54  -6 
-8  -22  -24 
42  4  -30 

//Reference=MNI 
//nullstudy_41
//Subjects=11
-52  -4  -4 
18  50  -14 
-22  -62  0 
12  26  58 
14  38  42 
-8  46  26 
-6  56  8 
-16  26  60 
-2  -94  4 
-58  -42  0 

//Reference=MNI 
//nullstudy_42
//Subjects=9
-6  2  12 
-64  -48  16 

//Reference=MNI 
//nullstudy_43
//Subjects=11
10  6  -32 
-68  -32  24 
-38  0  -26 
-24  -60  50 
20  52  -18 
-60  -10  38 
-24  -68  -10 
-34  42  38 
48  38  28 
8  56  -14 
18  20  66 

//Reference=MNI 
//nullstudy_44
//Subjects=10
-38  4  -4 
-8  0  -22 
36  40  -14 
40  20  -40 
-12  -54  70 
14  60  16 

//Reference=MNI 
//nullstudy_45
//Subjects=10
-12  -62  -50 
-34  -80  40 
-42  -10  2 
-34  10  62 
48  32  -12 
-10  34  -30 
-8  -46  -26 

//Reference=MNI 
//nullstudy_46
//Subjects=10
24  28  -26 
-34  2  14 
-46  -6  -36 
30  14  52 
6  64  18 
-8  -44  -62 
-50  -38  -24 
-42  -64  4 

//Reference=MNI 
//nullstudy_47
//Subjects=10
-44  -40  -44 
-54  10  -16 
30  10  -6 
10  26  -28 
-24  -58  -8 

//Reference=MNI 
//nullstudy_48
//Subjects=11
-22  -4  66 
-38  -72  -40 
2  18  54 
-12  60  -8 
0  32  -16 
-14  -64  -30 
-46  48  14 
-60  -4  26 
-18  -74  56 

//Reference=MNI 
//nullstudy_49
//Subjects=10
-32  -90  -28 
-28  -32  -36 
-20  -16  -20 
22  42  -10 

//Reference=MNI 
//nullstudy_50
//Subjects=10
10  16  30 
-44  -58  -10 
-50  28  14 
36  48  24 
42  8  -22 

//Reference=MNI 
//nullstudy_51
//Subjects=10
-36  -48  -58 
54  14  22 
6  56  -20 

//Reference=MNI 
//nullstudy_52
//Subjects=11
-62  -46  36 
-58  -18  26 
-58  -44  -30 
-10  12  44 
-34  -68  -42 
-22  56  -20 
-6  52  -18 
-42  -8  -40 

//Reference=MNI 
//nullstudy_53
//Subjects=9
-22  -6  74 
-44  -14  -8 
-6  -12  60 
44  14  50 

//Reference=MNI 
//nullstudy_54
//Subjects=10
-18  -60  16 
6  26  52 
-10  -60  -16 
42  54  4 
-4  52  -28 
-34  -48  -36 

//Reference=MNI 
//nullstudy_55
//Subjects=11
-50  4  18 
-34  -66  32 
-16  -48  -28 
-56  -34  56 
-42  -30  62 
-34  46  -20 
-34  -50  -52 
-18  24  -14 
-26  -42  6 
-46  -60  -38 
-36  8  24 
-22  -62  24 
-50  28  8 
-10  -72  -52 
48  46  14 

//Reference=MNI 
//nullstudy_56
//Subjects=12
-20  -66  -58 
-30  -78  -34 
-30  -8  -18 
-38  -28  38 
-40  -36  8 
-64  -16  36 
-34  -42  40 
10  30  -8 
-40  16  -14 
-44  -44  28 
-42  -24  2 
-44  -42  -34 
-54  -54  28 
-12  -16  -36 
-46  -32  30 
-44  -42  -10 
10  56  -20 
60  4  -22 
-30  -52  -26 
-58  -42  18 
-8  -58  -56 
-32  -80  30 
-56  32  -2 
4  54  -8 
-54  -30  -18 
-16  -90  28 
-18  -20  -20 
-26  38  36 
-24  -70  -50 
-2  36  54 
46  52  6 
-42  18  -12 

//Reference=MNI 
//nullstudy_57
//Subjects=10
24  14  -28 
-40  -42  -36 
-50  -26  6 
48  12  52 
-52  32  -6 

//Reference=MNI 
//nullstudy_58
//Subjects=11
-58  -46  46 
-58  -20  30 
-16  -28  56 
-2  24  24 
46  2  -28 
-70  -38  8 
-26  -50  -14 
-32  -12  -30 
34  20  14 
-52  -14  40 
22  54  28 
-4  -60  26 
-6  70  -4 
-54  32  20 
-22  -102  6 
-4  48  30 
-36  16  -2 
38  44  10 
-30  -72  22 
-30  -26  -8 
-44  12  -42 
-52  22  32 
-10  44  6 
46  14  44 
-8  46  22 
-36  -40  46 

//Reference=MNI 
//nullstudy_59
//Subjects=11
-18  44  -12 
-2  -24  48 
-28  -54  40 
-36  -74  -18 
-24  34  48 
24  42  -12 
-54  -48  -20 
42  16  -10 

//Reference=MNI 
//nullstudy_60
//Subjects=9
-48  -14  44 
16  38  40 

//Reference=MNI 
//nullstudy_61
//Subjects=9
-10  -4  26 
-8  -50  -44 
-2  -36  -24 
-36  2  -34 

//Reference=MNI 
//nullstudy_62
//Subjects=10
-2  -92  16 
52  16  -34 
-30  26  52 
-16  -46  72 

//Reference=MNI 
//nullstudy_63
//Subjects=11
-46  12  46 
-48  -26  36 
60  2  2 
16  24  -6 
-24  -40  20 
-28  -8  72 
-36  -48  -46 
6  56  -20 

//Reference=MNI 
//nullstudy_64
//Subjects=10
-52  -24  12 
-18  -70  58 
-42  -30  26 
-22  12  -44 
38  54  24 
-50  16  6 

//Reference=MNI 
//nullstudy_65
//Subjects=10
-62  -10  12 
6  54  28 
-10  -50  68 
-14  -32  10 

//Reference=MNI 
//nullstudy_66
//Subjects=8
0  36  -24 
-42  -54  10 

//Reference=MNI 
//nullstudy_67
//Subjects=10
-20  -10  -34 
-26  -56  -18 
-42  4  -14 
-16  -56  22 
-34  -68  48 
-6  -82  8 

//Reference=MNI 
//nullstudy_68
//Subjects=10
-16  -20  20 
-42  -78  -8 
-48  -56  -48 
-30  -62  -24 
50  20  20 
-2  -42  -20 
-2  -58  70 
2  60  -10 
50  44  -10 
-52  -36  58 
-6  24  -14 
-42  -74  -50 
6  36  -28 
16  52  4 
-58  0  6 
-56  -16  -22 
28  28  34 
-44  -64  -44 
-4  -14  68 
48  38  -6 
-66  -20  -6 
-2  38  56 
-6  -68  30 
-42  14  -6 
8  32  -16 
-18  -2  -6 
48  24  42 
-2  50  2 
-56  -6  32 
-40  28  40 
-24  -52  58 
-4  -50  64 
20  62  4 
20  8  0 
-60  10  0 
-14  56  -18 
-68  -28  2 
18  44  -16 
-4  14  62 
-4  -18  38 
-12  -88  -4 
-70  -30  -2 
-8  62  18 
-32  -36  -46 
-10  20  34 
-26  -72  -40 
6  32  46 
-8  -44  56 
-56  34  -2 
38  50  10 
8  36  14 
24  10  -32 
-4  -36  -26 
38  26  8 
30  24  -20 
38  52  14 
-4  -40  -32 
-32  -20  14 
-44  -4  58 
-44  4  -28 
-36  -70  44 
-12  14  6 
-2  -26  80 
-36  4  -22 

//Reference=MNI 
//nullstudy_69
//Subjects=8
-48  6  0 
-24  -40  60 
-18  -52  58 
12  6  52 
-14  32  54 
-28  -36  72 
4  46  22 
34  16  32 
-16  0  22 
18  4  56 
-40  -36  12 
26  2  -28 
-48  10  -26 

//Reference=MNI 
//nullstudy_70
//Subjects=10
-4  -16  18 
-46  16  18 
40  42  24 
-52  -78  0 
-4  64  2 
-6  -38  72 

//Reference=MNI 
//nullstudy_71
//Subjects=9
-34  -94  16 
-20  56  20 

//Reference=MNI 
//nullstudy_72
//Subjects=9
-56  10  -12 
-52  -24  -34 
-10  20  -14 
-24  54  -12 

//Reference=MNI 
//nullstudy_73
//Subjects=8
-46  -68  -34 
-10  -32  0 

//Reference=MNI 
//nullstudy_74
//Subjects=10
-50  14  46 
32  8  -34 
30  24  34 

//Reference=MNI 
//nullstudy_75
//Subjects=9
-30  -24  64 
-40  -62  36 

//Reference=MNI 
//nullstudy_76
//Subjects=9
-14  12  10 
-52  -2  -4 
-6  10  4 
20  56  -12 
-10  32  56 

//Reference=MNI 
//nullstudy_77
//Subjects=7
-14  -96  -14 
36  16  -8 

//Reference=MNI 
//nullstudy_78
//Subjects=11
-10  -78  34 
-16  -16  72 
-20  -10  -46 

//Reference=MNI 
//nullstudy_79
//Subjects=9
-6  40  2 
38  46  14 

//Reference=MNI 
//nullstudy_80
//Subjects=11
-24  -8  72 
-32  60  10 
-8  -76  18 
4  50  30 
-16  -44  8 
48  4  36 
-2  50  20 
-4  28  14 
-48  -22  6 
-44  -48  36 

//Reference=MNI 
//nullstudy_81
//Subjects=9
-52  -30  12 
-26  12  -32 

//Reference=MNI 
//nullstudy_82
//Subjects=8
-16  -74  26 
-4  2  66 
-10  -12  10 
-6  -22  -6 
-24  -4  -32 
-38  34  40 
-20  62  20 
-46  46  8 
-4  -26  20 
20  12  64 
-26  -94  0 
-8  12  38 
-8  58  16 

//Reference=MNI 
//nullstudy_83
//Subjects=8
-6  -70  -10 
-28  -68  -30 

//Reference=MNI 
//nullstudy_84
//Subjects=9
20  62  -2 
-22  -92  -32 

//Reference=MNI 
//nullstudy_85
//Subjects=12
-46  16  -22 
-18  50  -16 
26  10  -22 

//Reference=MNI 
//nullstudy_86
//Subjects=11
-8  -72  4 
-10  4  -18 

//Reference=MNI 
//nullstudy_87
//Subjects=10
20  56  -6 
-26  -78  -20 
-18  -90  -8 
-16  44  44 
-12  28  28 
8  16  10 
-6  6  36 
6  30  22 
-42  18  -10 
-22  -16  62 
-18  30  44 
22  50  14 
-30  -48  36 
-64  -44  20 
6  40  -14 
-26  -40  16 
-48  0  20 
52  8  4 
-28  -42  -54 

//Reference=MNI 
//nullstudy_88
//Subjects=11
-10  -8  18 
-48  -26  52 
-6  -8  -32 
-40  6  -8 
-4  30  32 
-22  -90  34 
-46  4  26 
0  34  42 
-12  -44  -64 
-8  -56  -48 
-2  50  -6 
-42  -20  8 
-34  18  -6 

//Reference=MNI 
//nullstudy_89
//Subjects=10
-4  24  34 
-10  -44  -12 
-26  22  -22 
-12  -52  -30 

//Reference=MNI 
//nullstudy_90
//Subjects=12
-32  -26  64 
-26  50  12 
-26  -42  48 
-14  -24  -40 
-64  -18  8 
-38  -46  -54 
6  52  30 
-2  -84  24 
-54  -42  26 
-14  -88  -18 
2  46  22 

//Reference=MNI 
//nullstudy_91
//Subjects=10
-40  -6  -34 
-32  -18  -40 
-42  58  -6 
-12  -28  6 
-16  16  14 
-4  18  -14 

//Reference=MNI 
//nullstudy_92
//Subjects=9
22  58  24 
-30  30  -12 
-18  -20  60 
8  54  -14 
28  28  52 
2  2  0 
14  2  24 
22  46  22 
40  16  0 
-26  34  -16 
4  62  24 
-2  -56  30 
12  8  -8 
-26  -88  4 
-24  18  -6 

//Reference=MNI 
//nullstudy_93
//Subjects=10
-44  -28  24 
-28  4  -6 
-16  -8  68 
60  8  18 
-20  16  58 
-30  12  -30 
58  22  30 
-42  -74  38 
-14  -52  -6 

//Reference=MNI 
//nullstudy_94
//Subjects=10
0  26  18 
46  22  26 

//Reference=MNI 
//nullstudy_95
//Subjects=10
24  60  6 
-20  54  -16 
44  20  -26 
-30  32  38 
-56  -64  -30 

//Reference=MNI 
//nullstudy_96
//Subjects=11
-38  36  40 
-46  -56  30 
-28  -4  64 
-24  42  16 
-54  -64  -12 
-6  46  8 

//Reference=MNI 
//nullstudy_97
//Subjects=9
-60  -58  12 
-4  -50  56 
34  60  -14 
-14  22  62 

//Reference=MNI 
//nullstudy_98
//Subjects=9
-32  -46  64 
2  32  46 
-20  -62  22 
50  32  26 
-60  -32  40 
-36  -32  62 
-56  -18  44 
-50  -12  14 
-10  -38  -8 
-46  48  -10 
-34  -60  54 
-4  -76  -44 
-10  44  18 
50  40  -14 

//Reference=MNI 
//nullstudy_99
//Subjects=10
-30  -40  -50 
40  14  52 
38  10  -4 

//Reference=MNI 
//nullstudy_100
//Subjects=8
24  18  -28 
-56  -8  -16 

