//Reference=MNI 
//truestudy_1
//Subjects=29
46  -66  -6 
47  -64  -5 

//Reference=MNI 
//truestudy_2
//Subjects=30
46  -66  -7 
47  -68  -4 
46  -66  -6 

//Reference=MNI 
//truestudy_3
//Subjects=30
47  -66  -6 
46  -65  -6 
47  -66  -5 
45  -66  -6 
46  -68  -6 
46  -65  -6 
47  -65  -5 

//Reference=MNI 
//nullstudy_1
//Subjects=29
-6  -54  -4 
12  58  32 

//Reference=MNI 
//nullstudy_2
//Subjects=30
0  50  36 
40  18  42 
10  56  8 

//Reference=MNI 
//nullstudy_3
//Subjects=30
32  8  36 
30  52  -8 
-14  -66  48 
-4  40  -16 
8  28  -26 
48  18  -2 
50  32  24 

//Reference=MNI 
//nullstudy_4
//Subjects=30
-2  -74  30 
-2  -92  -24 
60  20  22 
48  50  -2 

//Reference=MNI 
//nullstudy_5
//Subjects=33
-40  28  -14 
-54  10  -24 
-34  34  -4 
-44  -24  -8 
38  8  -44 
-8  -2  12 
28  12  68 
-46  -26  4 
-48  30  6 
10  10  56 
-10  26  50 
42  50  12 
-50  -20  2 
-44  -30  44 
-18  22  54 
-26  -38  66 
-38  30  48 
26  4  -2 
-46  -8  26 
-54  -48  26 
-34  -74  -40 
-6  -52  50 
-38  -48  -36 

//Reference=MNI 
//nullstudy_6
//Subjects=29
-6  34  26 
-12  14  0 

//Reference=MNI 
//nullstudy_7
//Subjects=31
12  36  4 
-14  -90  38 
-44  -34  44 
-12  -90  10 
-14  -42  -10 
16  56  -22 
2  32  10 
-2  12  64 
-16  -72  40 
-4  -80  -18 
60  14  28 

//Reference=MNI 
//nullstudy_8
//Subjects=29
-8  44  -22 
32  32  34 
-26  18  -32 

//Reference=MNI 
//nullstudy_9
//Subjects=29
-40  -40  12 
-30  -78  -40 

//Reference=MNI 
//nullstudy_10
//Subjects=32
-28  4  66 
-6  44  46 
-40  36  38 
-52  -24  34 
-42  -18  46 
-12  -60  -12 
-42  -4  4 
-22  -84  -32 
56  22  14 
-30  -68  -48 
30  58  0 
-22  -72  -16 
-14  -14  20 
8  2  64 

//Reference=MNI 
//nullstudy_11
//Subjects=29
30  40  42 
-36  -84  -36 
-40  -22  4 

//Reference=MNI 
//nullstudy_12
//Subjects=30
-52  -24  58 
-6  -34  -52 
42  34  -22 
42  20  0 
-2  46  38 
2  26  34 

//Reference=MNI 
//nullstudy_13
//Subjects=29
24  30  -16 
-48  -18  -10 
-20  34  -20 

//Reference=MNI 
//nullstudy_14
//Subjects=30
-42  4  28 
34  56  -10 
-6  -66  18 
-50  -40  8 
-20  -60  40 
-50  -20  -6 

//Reference=MNI 
//nullstudy_15
//Subjects=30
34  12  -16 
-2  -26  54 
-10  -24  -20 
32  22  -4 
-18  -72  42 

//Reference=MNI 
//nullstudy_16
//Subjects=29
14  50  6 
-16  -76  -40 
42  8  -22 
-56  -50  48 

//Reference=MNI 
//nullstudy_17
//Subjects=30
-8  40  -12 
38  2  56 
-18  60  -16 
-38  -88  6 
36  26  -14 
-24  10  70 

//Reference=MNI 
//nullstudy_18
//Subjects=31
-32  4  -30 
-42  -70  -8 
2  52  8 
-30  28  -24 
-36  -76  12 
-20  -36  -42 
-10  -88  8 
44  42  10 
-38  18  14 
-16  26  0 
-20  -44  -24 
-12  70  8 
-42  -56  -26 

//Reference=MNI 
//nullstudy_19
//Subjects=30
-22  26  46 
-8  -60  -14 
-30  0  -34 
-36  -24  -30 

//Reference=MNI 
//nullstudy_20
//Subjects=31
12  50  28 
-30  16  2 
50  26  0 
-10  -62  -4 
-4  -38  40 
-10  -22  -20 
-56  -12  -20 
-28  4  -16 
12  50  -2 
-66  -18  0 
-22  44  12 
32  36  -4 
48  38  -6 
-54  -2  -40 
56  16  -4 

//Reference=MNI 
//nullstudy_21
//Subjects=30
-48  -14  48 
-6  48  6 
-62  -18  28 
-14  -64  -42 

//Reference=MNI 
//nullstudy_22
//Subjects=29
-54  -72  22 
-14  -60  -58 

//Reference=MNI 
//nullstudy_23
//Subjects=30
28  58  20 
-34  -12  64 
-16  -54  -28 
6  40  50 
-44  -12  -16 
-6  -86  -16 
-24  46  18 
-8  -54  8 
-16  -96  -20 

//Reference=MNI 
//nullstudy_24
//Subjects=31
14  58  -24 
-54  -68  18 
-34  -62  52 
66  6  16 
-48  -58  8 
-6  -82  14 
-64  -52  6 
-38  -50  30 
10  50  -4 
-48  48  -4 
-28  -66  -44 

//Reference=MNI 
//nullstudy_25
//Subjects=29
-18  -8  -18 
20  10  -26 
-2  -84  -32 
-2  -14  42 

//Reference=MNI 
//nullstudy_26
//Subjects=30
-58  -38  48 
-52  -2  40 
-50  8  -22 
-26  20  36 
-50  26  36 
-28  42  16 
-38  12  -6 
-12  58  20 
14  38  44 
-52  -28  2 
-36  12  -32 
2  48  -6 

//Reference=MNI 
//nullstudy_27
//Subjects=30
-4  8  -22 
-66  -44  -10 
-8  -88  12 
-24  -20  76 

//Reference=MNI 
//nullstudy_28
//Subjects=30
-28  -76  26 
42  34  -12 
44  22  0 
-62  -30  46 
-48  -20  46 
-32  -66  -44 

//Reference=MNI 
//nullstudy_29
//Subjects=30
-14  -72  22 
6  4  64 
10  6  -14 
-46  14  -32 
14  38  40 

//Reference=MNI 
//nullstudy_30
//Subjects=31
-30  -86  -40 
18  60  10 
-54  -2  50 
-38  -60  -22 
-34  34  28 
-18  -80  -26 
-8  40  34 
34  22  -2 
-36  -74  -48 
8  44  8 
-52  -24  38 
-4  54  12 
-38  -16  -6 
-46  -8  54 
-42  -10  36 
26  6  8 
-8  -40  -26 
50  18  32 
2  58  30 

//Reference=MNI 
//nullstudy_31
//Subjects=31
26  44  42 
44  12  22 
4  2  70 
8  40  46 
-2  -14  18 
-64  -54  20 
-12  -34  -22 
16  60  -8 
-20  40  -10 
46  32  -20 
-8  16  54 
16  12  62 
-40  2  -36 
44  44  -18 
-42  -12  -32 
10  42  0 
-26  -44  -50 
-62  -2  28 
-40  22  50 
-24  54  14 
42  24  -30 
-38  -74  -34 
-4  -4  14 
24  6  -16 
-28  -76  24 
-12  -52  74 
-14  -10  12 
18  10  72 
-32  -46  -42 
26  28  42 
-56  -50  50 
36  42  -14 
-32  12  36 
-10  62  22 
-52  -44  56 
-8  -34  8 
-22  28  -12 
-20  -42  76 

//Reference=MNI 
//nullstudy_32
//Subjects=30
-2  38  6 
-22  50  36 
-16  -66  -6 
-36  8  -22 
-30  6  -2 

//Reference=MNI 
//nullstudy_33
//Subjects=28
-16  -44  78 
-16  4  -16 

//Reference=MNI 
//nullstudy_34
//Subjects=28
-12  58  2 
-42  48  -8 

//Reference=MNI 
//nullstudy_35
//Subjects=32
-6  -10  8 
-42  -76  -22 
10  48  18 
26  52  26 
-36  48  34 
-22  -60  -40 
-32  -92  -20 
-38  -70  -28 
-52  -70  36 
-28  40  32 
-34  12  -46 
48  32  8 
-4  10  6 
44  8  52 
36  4  -28 
60  2  -6 
-12  -44  -6 
40  20  -30 
-36  0  -2 
-22  -74  -56 
-6  -36  -36 
-26  28  30 
42  30  -16 
-40  54  -6 
-10  -28  80 
-10  2  8 
-52  -46  -16 
-2  -56  -44 
-8  -106  -4 
-28  40  16 
-46  26  0 
-16  -78  32 
-32  14  12 
-24  -78  -12 
24  16  44 
-48  -22  -26 
-42  14  18 
26  54  14 
32  26  -10 
-22  54  -20 
-36  20  -28 
2  44  36 
-52  -26  -10 
-26  42  46 
8  22  -10 
-62  -58  14 
-10  -60  -64 
24  42  40 
24  4  -42 
-54  -36  50 
-10  42  -6 
-28  -38  56 
-22  14  66 
-24  10  -38 
-38  -18  -40 
-32  -26  72 

//Reference=MNI 
//nullstudy_36
//Subjects=31
-14  -42  -8 
56  12  -32 
-20  -50  -44 
-62  -22  26 
-14  -22  6 
-42  28  -4 
-34  -90  -22 
14  2  -32 
24  6  72 

//Reference=MNI 
//nullstudy_37
//Subjects=29
-16  -36  58 
-38  -26  48 

//Reference=MNI 
//nullstudy_38
//Subjects=30
-8  -30  36 
32  42  40 
-18  -76  46 
-4  -52  -62 
-4  12  6 

//Reference=MNI 
//nullstudy_39
//Subjects=31
-66  -34  10 
-12  38  4 
-50  -38  10 
-42  24  -6 
-26  28  48 
-50  -6  40 
8  30  -20 
18  68  -8 
4  10  66 
-52  -22  -6 
-16  -16  -32 
2  58  -12 
30  6  -28 
2  22  64 
-2  -26  56 
-68  -38  14 
30  22  34 
46  42  0 
-20  34  38 
-42  -22  -20 
-2  60  38 
-58  -26  12 
-52  22  -10 
-22  -80  -16 
64  10  20 
56  22  18 

//Reference=MNI 
//nullstudy_40
//Subjects=30
38  42  34 
26  60  30 
-10  -72  56 
56  10  -18 

//Reference=MNI 
//nullstudy_41
//Subjects=32
54  10  -8 
-18  -102  -12 
-24  20  -18 
-16  -88  40 
16  22  6 
-50  -50  28 
14  20  42 
-36  12  12 
-14  -78  32 
-24  6  8 
-30  -72  46 

//Reference=MNI 
//nullstudy_42
//Subjects=31
-26  -44  58 
-64  -6  6 
42  6  -16 
-50  20  38 
-40  -32  -20 
-4  -28  -40 
-34  -80  -52 
34  18  60 

//Reference=MNI 
//nullstudy_43
//Subjects=30
10  42  -20 
14  24  58 
-10  -90  2 
34  56  10 
18  16  54 
46  22  -18 
-52  -18  4 
-22  -46  -18 

//Reference=MNI 
//nullstudy_44
//Subjects=29
-10  -64  24 
-34  -74  6 
14  12  60 
-8  34  18 

//Reference=MNI 
//nullstudy_45
//Subjects=31
52  32  22 
-12  -70  -20 
-28  -40  -48 
-46  -60  -36 
-16  -8  26 
-40  -58  -38 
-42  -32  66 
-36  -56  40 
2  54  42 
-4  -56  46 
-12  -8  56 
-42  10  -38 
38  10  32 
-48  22  24 

//Reference=MNI 
//nullstudy_46
//Subjects=30
-4  -82  42 
6  64  22 
2  68  0 
-36  -20  16 

//Reference=MNI 
//nullstudy_47
//Subjects=31
-40  10  -36 
-6  -56  72 
-10  -96  -8 
34  6  60 
-30  22  46 
-24  42  46 
20  2  -18 

//Reference=MNI 
//nullstudy_48
//Subjects=30
-32  -22  -22 
48  34  -16 
-2  26  14 
-10  -26  -40 
-8  8  16 
48  40  8 
18  30  -18 

//Reference=MNI 
//nullstudy_49
//Subjects=31
-42  20  40 
-38  -14  -24 
32  12  -2 
-16  16  -28 
-40  -32  68 
-30  -68  36 
48  50  -2 
-50  -64  16 
44  32  18 
-48  -82  -4 
-26  -12  46 
-46  -68  30 
-52  -14  20 
24  40  44 

//Reference=MNI 
//nullstudy_50
//Subjects=30
-24  16  -12 
-38  -56  -34 
-16  -22  -18 
-20  -10  -22 
-26  36  50 
-12  42  50 

//Reference=MNI 
//nullstudy_51
//Subjects=30
-18  -56  -2 
-2  22  26 
62  10  -6 
-4  -62  18 
-14  62  20 
50  12  -22 
36  44  2 

//Reference=MNI 
//nullstudy_52
//Subjects=30
54  6  44 
-34  36  -12 
-46  -66  -38 
-38  -50  -40 

//Reference=MNI 
//nullstudy_53
//Subjects=30
10  60  -12 
-2  -86  16 
-10  54  36 
-18  -24  70 
24  26  -12 
-16  -32  -24 

//Reference=MNI 
//nullstudy_54
//Subjects=30
-26  -70  -12 
-34  -44  -22 
-4  -56  -58 
-32  -36  -46 

//Reference=MNI 
//nullstudy_55
//Subjects=31
-34  -18  -34 
-42  -16  58 
-2  -18  78 
-54  24  24 
-4  -26  30 
32  16  -18 
-20  12  70 
-42  -68  -54 
-20  -96  0 
-28  -18  72 
-52  -10  -40 

//Reference=MNI 
//nullstudy_56
//Subjects=28
-50  -58  10 
36  52  -4 

//Reference=MNI 
//nullstudy_57
//Subjects=29
-46  -56  48 
-18  50  -18 

//Reference=MNI 
//nullstudy_58
//Subjects=32
50  16  14 
-52  -30  8 
-36  -86  -4 
-20  -42  60 
-42  34  -22 
-54  -68  34 
14  24  64 
56  6  18 
-34  60  -14 
-10  -30  -20 
-26  -58  46 
32  48  6 
48  30  38 
-50  36  14 
-34  -58  -16 
-22  -76  -32 
-8  -16  58 
-6  26  28 
-54  -10  26 
-20  -60  50 
-20  -28  -12 

//Reference=MNI 
//nullstudy_59
//Subjects=28
-34  4  -24 
-50  42  -12 

//Reference=MNI 
//nullstudy_60
//Subjects=28
-30  -72  -40 
-16  36  -24 

//Reference=MNI 
//nullstudy_61
//Subjects=30
-42  -24  -22 
-4  -54  58 
-36  -14  -42 
16  8  -24 
14  62  -16 
-64  -42  42 

//Reference=MNI 
//nullstudy_62
//Subjects=30
34  10  38 
-22  -74  8 
-48  -34  14 
34  38  20 
0  16  8 
-24  22  56 
-12  26  -22 
-2  -6  68 
-38  -42  46 
-34  -62  -12 
-8  -58  -16 

//Reference=MNI 
//nullstudy_63
//Subjects=30
-16  28  58 
-38  48  28 
-54  18  32 

//Reference=MNI 
//nullstudy_64
//Subjects=31
-10  20  12 
-62  -14  16 
-42  -44  56 
-28  -60  -52 
54  36  -10 
6  24  -28 
-14  -70  4 
22  6  60 
-2  32  60 
-2  -38  62 
-44  -42  34 
-50  -34  22 
-30  30  6 
-38  -16  34 
4  20  -18 
-10  38  46 
-22  -72  8 
-60  0  18 
-44  -54  54 
-54  -18  44 
-36  42  2 
-58  -52  -12 
-68  -36  16 
4  22  66 
-8  -80  12 

//Reference=MNI 
//nullstudy_65
//Subjects=31
-50  -14  -10 
-42  -78  2 
-32  14  46 
-6  -26  44 
-10  -68  -18 
-18  -34  12 
18  4  -2 
-4  36  -4 
36  12  38 
46  34  26 
-14  -30  14 
-52  22  4 
-46  12  -8 
-40  -44  50 
-48  -54  2 
-20  -28  -30 
-2  -60  68 
-46  -50  8 
60  16  16 
-4  -24  10 
-8  -48  -34 

//Reference=MNI 
//nullstudy_66
//Subjects=30
-14  4  -22 
-58  -40  -2 
-24  4  6 
-42  -50  -54 

//Reference=MNI 
//nullstudy_67
//Subjects=30
20  56  -12 
-26  -92  6 
54  6  10 
2  4  20 
-20  30  54 
-38  -46  -54 
-24  6  -32 

//Reference=MNI 
//nullstudy_68
//Subjects=30
-58  -16  -18 
-14  -20  72 
-22  24  52 
-32  30  24 
-40  -42  42 
-12  -16  10 

//Reference=MNI 
//nullstudy_69
//Subjects=31
-12  66  -14 
-14  14  -8 
-34  -26  -10 
-18  -32  -28 
-20  0  56 
10  44  -28 
-6  -10  16 
26  68  4 
-12  50  -4 
-62  -18  -10 
-12  -36  -2 
52  30  -12 
6  56  2 
-52  8  -18 

//Reference=MNI 
//nullstudy_70
//Subjects=29
26  10  64 
-30  58  -6 

//Reference=MNI 
//nullstudy_71
//Subjects=30
-48  -40  58 
-4  -86  2 
-6  -14  52 
-20  -2  74 
4  16  -28 
-36  -38  54 
-4  -26  -30 
32  34  -12 
46  42  8 
-32  10  14 
2  26  -20 
-14  -40  76 
42  28  42 
46  28  -4 
-20  -48  -22 
16  54  -2 

//Reference=MNI 
//nullstudy_72
//Subjects=29
30  2  -28 
28  46  14 

//Reference=MNI 
//nullstudy_73
//Subjects=31
-10  -32  68 
44  28  -22 
22  38  32 
-6  -46  10 
-22  -50  -32 
-38  48  26 
-50  28  0 
-14  -50  -22 
-26  30  46 
-48  -16  62 
-2  -66  42 
-34  50  -10 
-48  -48  -48 
-18  -26  -28 

//Reference=MNI 
//nullstudy_74
//Subjects=30
-26  -26  -20 
42  20  28 
-6  -20  22 
4  32  30 

//Reference=MNI 
//nullstudy_75
//Subjects=30
-12  -80  48 
-8  44  30 

//Reference=MNI 
//nullstudy_76
//Subjects=33
-56  -70  24 
-34  -42  70 
44  8  14 
-20  -54  -8 
-48  -70  30 
-6  56  -14 
-18  48  36 
-6  -88  36 
-50  42  10 
-62  -34  -10 
-42  -54  -56 
-48  -76  28 
-20  -6  -42 
30  46  -2 
-12  -40  -6 
-2  -26  -24 
-52  -48  4 
-40  -84  30 
-24  16  56 
-20  -74  2 
36  6  -32 
-6  -6  -24 
-16  20  -12 
-2  4  30 

//Reference=MNI 
//nullstudy_77
//Subjects=29
24  8  66 
2  42  28 

//Reference=MNI 
//nullstudy_78
//Subjects=29
-46  18  -28 
-2  52  36 

//Reference=MNI 
//nullstudy_79
//Subjects=29
-66  -28  34 
-30  -74  -24 
44  54  -12 
-6  -6  42 

//Reference=MNI 
//nullstudy_80
//Subjects=32
8  56  4 
-12  -98  -16 
-12  -48  6 
18  46  -16 
-42  -80  28 
12  62  4 
-18  14  0 
-24  -56  0 
20  22  56 
-14  -84  2 
-38  -12  -10 
4  70  12 
-6  -74  26 
34  48  0 
-18  -8  -34 
-40  -10  6 
-40  -70  12 

//Reference=MNI 
//nullstudy_81
//Subjects=31
-34  12  -30 
4  26  18 
-2  -54  -12 
20  26  60 
-14  -64  -28 
40  10  22 
24  54  -2 
-8  -24  -28 
-42  50  20 
8  58  0 

//Reference=MNI 
//nullstudy_82
//Subjects=29
0  16  50 
18  18  58 

//Reference=MNI 
//nullstudy_83
//Subjects=29
-32  0  -20 
-38  -48  32 
-22  -46  14 

//Reference=MNI 
//nullstudy_84
//Subjects=30
6  12  36 
10  24  62 
-6  -54  62 

//Reference=MNI 
//nullstudy_85
//Subjects=30
-6  -8  54 
66  2  18 
-38  18  2 
-10  -10  2 
-14  18  54 
-24  -30  -34 
18  50  18 

//Reference=MNI 
//nullstudy_86
//Subjects=30
-36  24  -6 
-32  14  48 
-22  -72  8 
-12  -92  36 
28  12  -28 
-58  -38  0 

//Reference=MNI 
//nullstudy_87
//Subjects=30
-32  16  48 
12  12  58 
-10  8  12 
-14  -92  -6 

//Reference=MNI 
//nullstudy_88
//Subjects=31
-34  -14  52 
-24  -66  64 
-56  -2  38 
-46  2  8 
-24  -36  8 
-44  -48  -22 
-20  -6  -14 
-4  -104  12 
-20  -104  6 

//Reference=MNI 
//nullstudy_89
//Subjects=30
-44  -58  -58 
-14  -78  -12 
-52  -26  32 
-20  -86  -24 
-12  46  -16 
-28  14  -6 
-12  20  10 

//Reference=MNI 
//nullstudy_90
//Subjects=30
-18  -26  24 
-20  -30  -2 
-8  -4  58 
-12  16  4 
-42  -24  -32 

//Reference=MNI 
//nullstudy_91
//Subjects=30
-8  46  -14 
-38  -28  58 
-24  -8  -22 
-62  -62  2 
-48  -64  8 
-24  -74  -56 

//Reference=MNI 
//nullstudy_92
//Subjects=30
-40  -56  -20 
-40  20  38 
30  22  58 

//Reference=MNI 
//nullstudy_93
//Subjects=30
-10  -98  16 
2  52  46 
-34  -86  0 
-24  6  48 
30  36  -20 
-2  40  18 

//Reference=MNI 
//nullstudy_94
//Subjects=28
-14  -36  46 
-54  -34  -30 

//Reference=MNI 
//nullstudy_95
//Subjects=31
-10  -26  52 
-30  -8  68 
-14  -58  72 
42  36  18 
-44  -18  40 
-26  16  12 
-44  -18  -32 
-48  22  -2 
-60  -38  48 

//Reference=MNI 
//nullstudy_96
//Subjects=32
-24  -12  64 
-38  -64  -54 
-14  52  10 
20  6  -20 
46  50  0 
-12  24  64 
30  18  48 
56  28  24 
-20  -64  -26 
-30  20  50 
28  10  6 
-38  -58  -10 
-60  -54  34 
54  4  26 
-18  -38  24 
26  50  2 
46  36  -10 
-30  -20  -36 
2  64  4 
-24  -14  74 
-6  -50  64 
20  38  -22 
-14  -4  18 
-30  -44  -8 
-8  -58  48 
-44  -30  24 
-40  -80  -44 
-20  -54  -8 
-20  -88  -32 
-8  -2  44 
-18  -36  78 
-24  -2  70 
12  28  62 
28  20  -16 
-10  -20  0 
-6  -14  2 
40  8  10 
-10  30  56 
-28  38  -10 
16  28  -20 
-34  54  20 
-38  -62  38 
-16  -40  -38 
-30  8  64 
-36  -28  58 
-44  4  0 
-50  -50  4 
-34  -2  -48 
-56  -66  22 
-36  10  0 
36  22  14 
-18  -68  -2 
38  38  -2 
-18  -54  18 
-12  -58  28 
38  10  -20 

//Reference=MNI 
//nullstudy_97
//Subjects=29
-60  -38  -6 
-24  0  50 
-34  8  2 

//Reference=MNI 
//nullstudy_98
//Subjects=30
-18  40  -22 
-26  6  62 
-48  18  -32 
-12  -48  52 
-50  8  -8 

//Reference=MNI 
//nullstudy_99
//Subjects=30
-4  -26  14 
-2  -38  44 
12  38  -16 
-32  -86  20 
-2  4  56 

//Reference=MNI 
//nullstudy_100
//Subjects=31
-56  0  14 
50  34  6 
-2  -8  -8 
-54  -56  44 
34  24  10 
54  14  -30 
30  18  6 
8  40  26 
-30  36  34 
-36  -86  -4 
46  16  -24 

