//Reference=MNI 
//truestudy_1
//Subjects=10
46  -65  -6 
45  -65  -5 
45  -67  -6 
45  -66  -5 
45  -67  -6 
45  -66  -5 
44  -66  -7 
46  -67  -7 
45  -68  -5 
47  -65  -8 
47  -67  -9 
47  -66  -5 
47  -66  -6 
45  -67  -6 
47  -67  -5 
46  -66  -7 
46  -65  -6 
45  -66  -5 
45  -66  -5 
46  -66  -4 
45  -67  -7 
43  -66  -7 
47  -66  -5 
45  -66  -6 
46  -66  -6 
44  -66  -7 
45  -66  -4 
47  -68  -7 
45  -67  -6 
45  -66  -5 
46  -66  -6 
47  -65  -6 
45  -66  -8 
45  -65  -5 
46  -67  -7 
47  -67  -7 
47  -68  -5 
46  -66  -6 
47  -67  -4 
48  -65  -5 
46  -65  -6 
46  -65  -6 
45  -66  -5 
44  -66  -6 
45  -66  -7 
46  -66  -5 
44  -65  -6 
45  -66  -5 
45  -65  -6 
45  -67  -5 
45  -65  -6 
46  -66  -6 
48  -66  -6 
47  -67  -6 
46  -67  -6 
47  -65  -6 

//Reference=MNI 
//truestudy_2
//Subjects=9
46  -66  -6 
46  -66  -4 
46  -68  -5 
45  -65  -7 

//Reference=MNI 
//truestudy_3
//Subjects=10
46  -67  -9 
48  -67  -5 
45  -65  -5 
46  -67  -6 
48  -66  -7 
46  -66  -6 

//Reference=MNI 
//nullstudy_1
//Subjects=10
-22  28  40 
-30  -10  -12 
-36  -90  -24 
-2  -34  -30 
38  36  -20 
34  10  -6 
-42  -48  -40 
26  60  26 
-26  -72  -26 
-32  -76  36 
-10  -76  34 
58  4  38 
-8  -74  52 
-18  -78  -46 
-34  -8  42 
-30  32  0 
52  40  10 
-10  30  -12 
-52  -26  -18 
-42  -16  2 
-12  -34  -14 
-28  -62  -36 
2  14  52 
-14  -10  -38 
-14  -98  -6 
-8  -58  -42 
-18  -56  -52 
-36  -78  46 
46  26  -18 
-56  -56  -16 
-14  8  20 
-50  -16  42 
-38  16  -42 
-20  -94  -28 
62  2  0 
-4  -64  36 
-60  -52  22 
-34  -34  -8 
-24  -74  32 
-6  12  48 
-28  -18  62 
-8  -90  22 
-44  14  -12 
-6  -26  -36 
-54  -36  -24 
-34  46  20 
-14  -74  -28 
-42  24  -20 
-64  -8  -20 
42  12  -36 
10  44  -24 
-2  -48  18 
16  48  44 
-32  -68  40 
-2  14  -6 
22  58  28 

//Reference=MNI 
//nullstudy_2
//Subjects=9
-44  16  6 
-54  -2  2 
-42  28  6 
-52  6  -24 

//Reference=MNI 
//nullstudy_3
//Subjects=10
16  4  -6 
-34  -8  68 
-56  2  -12 
38  40  4 
-2  -48  74 
0  12  2 

//Reference=MNI 
//nullstudy_4
//Subjects=10
2  10  68 
-36  -88  -12 
-28  -66  -26 

//Reference=MNI 
//nullstudy_5
//Subjects=10
-22  60  -6 
40  12  -42 
-64  -26  12 
32  52  14 
-14  -12  78 

//Reference=MNI 
//nullstudy_6
//Subjects=10
-8  58  16 
-40  22  46 
52  6  12 
-44  14  18 
34  38  42 

//Reference=MNI 
//nullstudy_7
//Subjects=11
-20  32  58 
4  54  30 
40  24  20 
-42  -4  6 
-22  -34  -44 
20  22  10 

//Reference=MNI 
//nullstudy_8
//Subjects=9
-50  -60  32 
12  44  -28 
14  38  26 
-30  -82  -36 

//Reference=MNI 
//nullstudy_9
//Subjects=10
-14  52  -14 
-44  -2  -24 
-40  38  10 
14  28  -6 
-20  30  -10 
-54  -8  -8 
-70  -28  -16 
-26  6  -8 
-36  -58  -20 
-20  8  52 
-30  -20  56 
-36  -52  -38 

//Reference=MNI 
//nullstudy_10
//Subjects=10
-50  30  34 
-4  56  28 
-12  14  -12 

//Reference=MNI 
//nullstudy_11
//Subjects=9
14  6  54 
-58  12  -4 
-18  60  34 
-46  28  16 
26  30  50 
-42  -16  4 
60  14  20 
-42  -20  -22 

//Reference=MNI 
//nullstudy_12
//Subjects=9
-2  6  -14 
18  10  60 
-10  2  58 
-10  14  46 
-16  -30  12 
-32  -22  72 
-4  48  -8 
-12  -2  44 
-34  -84  4 
-48  -58  -4 
-4  -66  -44 

//Reference=MNI 
//nullstudy_13
//Subjects=9
-58  0  -28 
42  22  38 
-30  18  28 

//Reference=MNI 
//nullstudy_14
//Subjects=10
-48  -28  54 
-24  -44  -40 
-14  -2  76 
-48  -56  -40 

//Reference=MNI 
//nullstudy_15
//Subjects=9
54  6  -40 
-12  -42  -32 

//Reference=MNI 
//nullstudy_16
//Subjects=8
-36  18  58 
-48  28  -6 
30  58  -6 
-26  -70  -40 
28  40  46 
4  14  66 

//Reference=MNI 
//nullstudy_17
//Subjects=10
-22  -84  18 
-10  -90  22 
-8  34  -2 

//Reference=MNI 
//nullstudy_18
//Subjects=10
-36  14  14 
-30  24  46 

//Reference=MNI 
//nullstudy_19
//Subjects=11
-4  26  -28 
-58  -10  18 
6  44  4 
28  48  20 
-18  28  -14 
32  30  34 

//Reference=MNI 
//nullstudy_20
//Subjects=11
-2  -80  -20 
8  8  -24 
-48  2  -44 
-42  30  -10 
-50  -2  -18 

//Reference=MNI 
//nullstudy_21
//Subjects=9
-24  -36  4 
8  68  -10 
-22  -60  22 
-48  20  -28 
-14  -64  50 
-12  -98  26 
-8  46  40 
-34  -62  32 
-22  44  22 
-24  36  28 
-4  -56  72 
-22  -82  -34 
-38  48  28 
-20  30  -10 
-52  -78  16 

//Reference=MNI 
//nullstudy_22
//Subjects=12
24  12  -24 
-50  -22  -10 
-32  -64  54 
-26  62  -2 
-56  -2  -28 
-20  -78  -34 
-36  -6  -38 
-18  -84  24 
44  14  0 
-34  -60  48 
-8  42  28 
-24  -14  58 
-10  -10  10 
44  10  50 
54  10  -28 
-4  -58  58 
22  6  -48 
-8  8  -6 
-4  -58  -64 
-22  -72  54 
-30  -14  4 
-14  -2  -22 
-10  46  -18 
-12  -42  60 
-24  -24  50 
-6  46  12 
-24  -12  -34 

//Reference=MNI 
//nullstudy_23
//Subjects=10
-54  -18  -12 
-8  -16  8 
18  20  -20 

//Reference=MNI 
//nullstudy_24
//Subjects=9
-42  -76  10 
-56  -16  8 
-56  14  -16 
-62  -16  44 
-6  8  10 
-54  22  8 
-50  -66  -36 
-12  48  -2 
-46  -20  6 
-18  -10  28 
-18  -6  -16 
-24  -44  -36 
-32  -62  -54 
-26  -80  -38 
-4  4  36 
-30  14  -6 
-10  -88  40 
26  20  -4 
-36  16  50 
-24  -6  44 
0  8  44 
-46  -56  52 
-40  8  50 
-34  -86  20 
-40  -18  2 
-48  -18  -32 
-26  -78  -28 
-32  -22  -34 
38  22  20 
-10  -4  54 
52  34  12 
-12  -58  -34 
-8  14  70 
-22  -28  52 
-2  -32  68 
0  50  20 

//Reference=MNI 
//nullstudy_25
//Subjects=10
16  24  58 
-34  -78  12 
4  22  30 
36  44  -6 
-32  8  26 
4  48  -10 
22  64  -14 

//Reference=MNI 
//nullstudy_26
//Subjects=9
-8  -12  56 
60  14  4 

//Reference=MNI 
//nullstudy_27
//Subjects=10
-58  -42  -8 
30  34  -8 
-40  -26  24 
-6  -72  6 
58  6  -12 

//Reference=MNI 
//nullstudy_28
//Subjects=11
-32  -38  -22 
12  16  58 
-50  38  18 

//Reference=MNI 
//nullstudy_29
//Subjects=11
-18  -88  -32 
-12  56  -22 
-44  -46  -22 
48  4  4 
-12  -98  -16 
42  6  -44 
-10  32  24 

//Reference=MNI 
//nullstudy_30
//Subjects=10
-16  -50  -38 
-40  16  30 
-52  -36  24 
-24  -66  60 
-34  32  8 
-32  -38  -42 
-34  -50  -18 
12  8  36 
-2  -60  -18 

//Reference=MNI 
//nullstudy_31
//Subjects=9
-26  -6  -24 
-38  -6  66 
-8  -72  38 
-50  0  -22 
36  10  -26 
-4  -70  26 
-16  -56  20 
34  30  20 

//Reference=MNI 
//nullstudy_32
//Subjects=10
-20  32  40 
12  6  42 
-16  -40  42 
-52  -64  34 

//Reference=MNI 
//nullstudy_33
//Subjects=11
10  10  14 
-10  -68  28 
-60  -40  44 
-50  -72  14 

//Reference=MNI 
//nullstudy_34
//Subjects=11
-8  -30  -36 
-60  -28  30 
-20  -38  -36 
-56  -58  -10 

//Reference=MNI 
//nullstudy_35
//Subjects=11
-42  -58  24 
32  2  -46 
-8  10  62 
-2  64  18 
-12  -58  54 
58  18  20 
-60  -8  34 
-40  -82  -4 
-48  -78  -2 
-8  -74  58 

//Reference=MNI 
//nullstudy_36
//Subjects=9
-40  20  8 
-52  -16  -28 
-42  -52  36 
-42  -14  34 
20  18  -36 
-20  32  50 
28  4  54 
-42  -24  42 
-36  -30  58 
-46  -32  -24 

//Reference=MNI 
//nullstudy_37
//Subjects=8
-28  -4  10 
36  10  -24 
48  30  32 
-42  20  36 
-2  -20  -34 
-58  -4  32 
-32  -24  -20 
-48  46  -4 
44  4  -18 

//Reference=MNI 
//nullstudy_38
//Subjects=10
8  14  56 
-28  -18  -26 

//Reference=MNI 
//nullstudy_39
//Subjects=10
36  4  44 
-42  44  -16 

//Reference=MNI 
//nullstudy_40
//Subjects=11
-30  -72  -60 
-48  -50  -16 
-20  -38  -24 
-8  0  -18 
-10  -22  -18 
0  46  24 

//Reference=MNI 
//nullstudy_41
//Subjects=10
-10  -8  -38 
-6  -72  12 
-2  30  50 
-40  -62  14 
-4  -24  -8 
-48  -38  2 

//Reference=MNI 
//nullstudy_42
//Subjects=9
-22  26  -16 
-12  12  72 
-50  -16  60 
-62  -6  30 
4  64  -6 
-34  -20  -28 
-22  -14  -30 
8  18  2 
-2  -4  22 
46  26  36 
14  46  -22 
-22  -62  -12 
-30  18  -42 
-68  -26  10 
-22  -14  58 
2  66  10 

//Reference=MNI 
//nullstudy_43
//Subjects=9
-58  -10  14 
28  32  -20 
-46  32  24 
6  36  2 
36  28  -16 

//Reference=MNI 
//nullstudy_44
//Subjects=9
-10  66  6 
8  48  24 
12  6  18 

//Reference=MNI 
//nullstudy_45
//Subjects=9
-44  -54  0 
-12  -16  -14 

//Reference=MNI 
//nullstudy_46
//Subjects=10
-26  4  44 
-6  -20  2 

//Reference=MNI 
//nullstudy_47
//Subjects=11
-48  -44  36 
-22  8  -18 
-52  16  14 

//Reference=MNI 
//nullstudy_48
//Subjects=10
-60  -44  14 
-36  -72  26 
24  52  -8 
-22  -42  60 
-18  -68  6 
-44  -82  12 
-50  -68  -42 
28  26  60 

//Reference=MNI 
//nullstudy_49
//Subjects=11
-10  -62  -54 
-14  20  -20 
-54  -40  4 
-48  -82  -6 
-6  -74  4 
-46  -6  -10 
-18  -72  -10 
-60  -60  26 
2  36  46 
-8  34  44 

//Reference=MNI 
//nullstudy_50
//Subjects=10
-12  60  34 
-14  48  -8 
-40  12  20 
-28  -22  62 

//Reference=MNI 
//nullstudy_51
//Subjects=10
-14  -74  6 
36  12  -26 
22  44  42 
16  68  6 
-24  -42  -10 
16  38  12 
-64  -8  -12 
46  28  12 
16  6  72 
-8  38  26 
-54  -58  28 
-2  -42  34 

//Reference=MNI 
//nullstudy_52
//Subjects=11
24  62  -6 
-12  -42  54 
-32  -14  -32 
-2  8  -8 
-46  -68  30 

//Reference=MNI 
//nullstudy_53
//Subjects=9
-12  54  4 
-2  -70  14 
-48  14  2 

//Reference=MNI 
//nullstudy_54
//Subjects=9
20  10  -8 
-58  -32  46 
-6  54  36 
-42  -20  4 
-42  -18  -26 
0  30  52 
6  48  -22 
-38  -52  16 
-24  42  44 
-36  -56  -32 
-40  -46  -10 
-38  12  -30 
-50  -42  12 
30  22  0 
-10  -36  80 
-14  -74  -28 
-42  -72  22 
-50  -42  16 
-50  -16  12 
-36  -76  12 
-36  -2  30 
-20  -58  -12 
40  32  4 
-20  -62  -12 
-42  -54  26 
-26  66  -6 
-58  2  -12 
18  18  -4 
8  16  32 
56  2  46 
16  48  2 
-56  -4  -22 
2  16  62 

//Reference=MNI 
//nullstudy_55
//Subjects=10
-12  -78  -34 
-42  -50  60 

//Reference=MNI 
//nullstudy_56
//Subjects=9
-34  -34  50 
-16  -88  -4 
0  14  -20 

//Reference=MNI 
//nullstudy_57
//Subjects=11
4  20  -10 
42  48  -2 
4  52  16 
-34  -58  -12 
-16  -6  -42 
-52  -16  -26 

//Reference=MNI 
//nullstudy_58
//Subjects=11
-48  20  40 
-30  -78  -36 

//Reference=MNI 
//nullstudy_59
//Subjects=9
30  30  38 
22  8  -44 
-52  -60  46 
20  22  66 
18  50  18 
-24  -2  0 
-34  -54  30 
-14  6  -38 

//Reference=MNI 
//nullstudy_60
//Subjects=11
50  36  12 
-26  -54  -4 
-46  -78  6 
-64  -24  -6 
-46  48  -4 
-28  -2  -50 
30  26  44 
-26  -24  -16 
-10  16  -16 
-34  48  10 
-40  -54  10 
-24  4  -36 
-42  -24  22 

//Reference=MNI 
//nullstudy_61
//Subjects=11
-10  26  56 
26  12  6 
-6  36  22 
-34  30  -20 

//Reference=MNI 
//nullstudy_62
//Subjects=11
50  2  -30 
60  4  40 
-40  8  58 
-2  -98  2 
-10  -88  -42 
-10  -14  -2 
-22  46  -8 
-42  2  -10 
-16  -78  8 

//Reference=MNI 
//nullstudy_63
//Subjects=12
-50  30  34 
26  22  -2 
-20  -74  -36 
-18  -86  -6 
-16  -102  6 
-18  10  50 
-40  -10  46 
6  58  30 
-30  2  14 
-36  26  -18 
-42  -74  30 
16  54  -16 
-2  44  26 
8  50  -22 
14  26  58 
6  16  22 
-52  -10  -2 
-34  -14  -16 
-18  -32  -46 
-46  -42  -38 
-6  -48  -64 
-46  -62  8 
46  52  0 
0  42  8 
-8  -46  62 
52  8  -30 
-16  -42  -44 
-44  -6  44 
-16  42  48 
-56  -68  -16 
-32  -76  12 
20  62  30 
-14  6  -28 
-26  -86  6 
-4  -56  6 
-32  48  14 
-50  -54  -30 
-14  -22  40 
26  10  -26 
-30  -6  62 
-38  -64  32 
-14  2  74 

//Reference=MNI 
//nullstudy_64
//Subjects=11
4  34  0 
52  2  -18 
-18  -42  56 
-6  -64  -54 
-2  38  20 
-68  -36  8 
18  58  32 
-30  -54  -34 
44  8  -46 
-8  -36  -20 
-60  -6  28 
-22  44  30 
50  16  42 
-10  38  30 
-10  10  44 
-54  -54  -38 
14  46  50 
-38  -48  34 
-32  -92  20 

//Reference=MNI 
//nullstudy_65
//Subjects=10
-36  -88  -20 
-34  26  34 
30  22  -42 
44  34  38 
2  30  44 
-44  6  -20 
-2  36  38 
-8  28  24 
-14  -28  -20 
-56  -48  -10 
46  50  16 
-6  -22  74 
24  12  48 
-36  -28  -32 
2  8  70 
-10  -48  -22 
-10  -106  -4 
-52  -38  36 
-46  -16  -10 
-26  -86  36 
22  54  -16 
4  20  2 
-6  -30  50 
-34  -62  -34 
-20  40  42 
-44  -82  26 
-30  -84  42 
-6  -84  28 
0  52  18 
-36  10  -10 
40  4  -4 
-2  38  18 
-32  -32  -18 
-2  -66  -18 

//Reference=MNI 
//nullstudy_66
//Subjects=10
-16  -22  72 
-16  38  -24 
-28  -32  -34 
-42  -24  50 
-4  -84  -44 
-34  -22  -32 
-8  0  60 
-54  10  24 
-10  -30  -36 
-18  -40  -36 
-30  -68  22 
-30  14  -4 
-26  -52  62 
-18  -34  16 

//Reference=MNI 
//nullstudy_67
//Subjects=9
-32  14  64 
-6  -16  50 
-16  -34  60 
-24  -48  -12 
-12  -44  -10 
-40  -52  -36 
4  26  -14 
22  4  4 

//Reference=MNI 
//nullstudy_68
//Subjects=11
16  56  -6 
20  34  -18 
-32  -2  -32 
-4  -10  60 

//Reference=MNI 
//nullstudy_69
//Subjects=8
4  34  -32 
-58  -34  12 

//Reference=MNI 
//nullstudy_70
//Subjects=9
-32  18  8 
4  10  56 
-8  -54  4 
18  26  -14 
-22  -54  -34 
-14  -62  66 
-6  6  4 
-38  -50  54 
-36  32  0 
-4  -44  72 

//Reference=MNI 
//nullstudy_71
//Subjects=11
-20  4  -12 
34  4  -42 
44  44  -8 

//Reference=MNI 
//nullstudy_72
//Subjects=10
-10  32  48 
46  54  -4 
-8  -64  28 

//Reference=MNI 
//nullstudy_73
//Subjects=10
-28  -30  66 
-10  -34  -22 
2  68  0 
-8  44  42 
-6  42  2 
-20  -54  60 
-44  44  8 
50  24  38 
-22  6  -38 
-34  -78  38 
-46  -16  32 
46  6  40 
44  50  -2 
-28  -22  72 

//Reference=MNI 
//nullstudy_74
//Subjects=10
-44  32  8 
-26  16  -2 
-10  -62  0 
-32  30  52 
-44  -58  -18 
-30  -12  0 

//Reference=MNI 
//nullstudy_75
//Subjects=10
-10  36  -22 
28  12  -28 
-12  -68  8 
-2  34  12 
-6  -44  78 
-24  -80  30 
-8  54  -2 
-4  20  26 
12  30  56 
-42  -6  -2 
16  12  -14 
-48  -52  50 
-46  -42  38 
-40  -50  -26 
-28  -38  64 
-50  -52  10 
-32  34  -10 
-24  4  -22 
-6  -46  -30 

//Reference=MNI 
//nullstudy_76
//Subjects=10
-44  -42  -12 
42  12  -12 
-56  -56  -2 
14  4  -32 
40  40  28 
-46  -32  44 

//Reference=MNI 
//nullstudy_77
//Subjects=12
18  16  8 
-42  20  52 
-10  -4  78 
10  34  52 
-46  -78  -36 
-48  -54  -30 
30  38  48 
-4  -92  16 
8  24  -20 

//Reference=MNI 
//nullstudy_78
//Subjects=8
-12  -28  -32 
-52  2  -36 
-58  -52  -14 
-52  -64  -28 
10  20  -14 
-44  -56  -38 
-50  8  -16 
44  2  42 
-10  -30  52 
24  14  66 

//Reference=MNI 
//nullstudy_79
//Subjects=9
-54  -66  -36 
-16  -8  -22 
-44  50  -10 
-2  -42  -60 
44  28  8 
-26  -36  72 
10  8  38 
-12  -54  -42 
34  12  -18 
-18  22  12 
-44  -46  44 
-46  -44  24 
50  24  32 
-24  44  8 
-28  -28  54 
-26  -74  -60 
44  46  -4 
-46  -50  -14 
16  62  30 
-4  20  -4 
20  46  32 
34  46  -6 
-38  2  -44 
-2  -42  12 
6  58  -4 
-44  -52  -38 
6  32  -30 
20  18  48 
0  44  14 
10  20  50 
-52  -46  10 
-54  -18  4 
-46  50  -10 
-54  -2  46 
8  62  6 

//Reference=MNI 
//nullstudy_80
//Subjects=9
-36  -60  34 
8  16  -2 

//Reference=MNI 
//nullstudy_81
//Subjects=11
-8  50  40 
-48  34  -10 
-4  -46  -64 

//Reference=MNI 
//nullstudy_82
//Subjects=11
-44  -54  -18 
-34  -6  -10 
-10  4  -4 

//Reference=MNI 
//nullstudy_83
//Subjects=11
-46  0  32 
-50  -66  38 
32  44  8 
-52  -72  18 
8  44  30 
10  10  10 
40  26  -12 
-32  58  6 

//Reference=MNI 
//nullstudy_84
//Subjects=10
-10  -2  -6 
46  34  24 
-42  0  10 
50  16  40 
6  16  32 
-18  -76  34 
-58  -36  6 
-48  -16  46 

//Reference=MNI 
//nullstudy_85
//Subjects=10
-68  -26  10 
-46  -42  42 
-2  48  4 
-38  -34  -22 
-26  -28  -24 
-10  -34  18 
18  54  34 
-20  -24  -18 
-28  -46  -56 
-8  38  -26 

//Reference=MNI 
//nullstudy_86
//Subjects=10
48  22  -20 
4  14  -10 
-46  -72  14 
-20  46  32 

//Reference=MNI 
//nullstudy_87
//Subjects=10
14  42  -20 
-64  -28  -6 
-10  -92  -10 
-16  -30  -10 
24  34  -24 

//Reference=MNI 
//nullstudy_88
//Subjects=12
-36  -16  -38 
-26  38  42 
-10  56  -18 
-28  -14  64 
8  34  30 

//Reference=MNI 
//nullstudy_89
//Subjects=13
-26  30  40 
-42  -24  40 
-2  -92  -24 
-34  8  44 

//Reference=MNI 
//nullstudy_90
//Subjects=10
-36  24  48 
-14  30  -26 
-40  -80  36 
-66  -18  8 
-30  18  -44 
-8  -68  52 
-6  -20  70 
-58  -54  -10 
-40  30  24 
-30  -28  -16 
-2  -26  14 
-20  -36  -28 
26  10  4 
10  36  -8 
-40  24  38 
42  18  22 
18  14  -40 
-40  -72  -26 
12  42  12 
0  10  0 
-36  -20  48 
16  30  -4 
-2  30  -18 
-6  -98  -12 
-20  2  -22 
-58  -34  -24 
34  26  -18 
-32  -62  -34 
52  26  -4 
-12  -10  -34 
26  10  -2 
46  6  16 
-56  -4  -4 
-16  50  -14 
-24  -48  2 
-10  42  -10 
-24  18  -38 
-40  -12  -8 
8  42  50 
-20  8  -36 
-12  -34  66 
-12  -10  -34 
48  8  2 

//Reference=MNI 
//nullstudy_91
//Subjects=10
-12  40  50 
-54  -32  -30 
-44  -76  12 
-2  -22  36 
-52  18  4 
-32  40  36 
-12  0  54 
-52  38  -8 
-54  10  -12 
-6  -104  -10 
-52  2  14 
6  56  20 
-10  48  40 
-20  60  12 
-32  -70  34 
-8  28  62 
6  44  22 
32  16  -20 
28  4  68 
-34  -8  54 
12  18  38 
22  2  -30 
46  14  44 

//Reference=MNI 
//nullstudy_92
//Subjects=8
-30  -30  72 
-4  22  -8 
-20  -52  58 
8  4  -8 

//Reference=MNI 
//nullstudy_93
//Subjects=11
-8  8  72 
-52  -36  24 
40  2  26 
-44  -46  10 
-54  -12  52 
-38  60  -4 
54  38  8 
-6  -76  16 
38  34  16 

//Reference=MNI 
//nullstudy_94
//Subjects=9
52  2  36 
32  16  28 
-32  2  30 

//Reference=MNI 
//nullstudy_95
//Subjects=10
-30  50  34 
-14  -44  46 
-4  -40  30 
-12  -58  70 
22  14  42 
-22  56  -16 
-16  -74  46 
-50  -10  -22 
0  54  28 
-56  -58  0 

//Reference=MNI 
//nullstudy_96
//Subjects=11
-10  -100  0 
-48  34  -2 

//Reference=MNI 
//nullstudy_97
//Subjects=11
-30  28  4 
-36  -76  46 
-44  -70  -38 
-10  -34  18 
-44  16  38 
36  26  -28 

//Reference=MNI 
//nullstudy_98
//Subjects=11
-44  -58  -44 
-58  -30  36 
-24  -56  0 
-4  -60  70 
-58  -58  36 
-46  -60  -44 
-6  -100  -10 
-56  -40  42 
-6  38  20 
-30  -48  -36 
-34  -66  -50 
-10  -78  -46 
-18  -30  -36 

//Reference=MNI 
//nullstudy_99
//Subjects=11
-40  50  24 
-38  -68  -16 
0  38  10 
54  12  38 
-52  -8  14 
-36  38  -20 
-16  -6  -28 
12  34  38 
-24  -40  10 
-32  28  22 
-38  -14  8 
-44  -16  16 
-28  60  16 
-22  32  58 
48  20  -32 
-18  -62  42 
-4  -40  -48 
-30  8  -22 
-6  8  -16 
-2  20  68 
-22  -94  -20 

//Reference=MNI 
//nullstudy_100
//Subjects=8
-24  -48  38 
-2  -16  32 
-56  -72  18 
-14  -72  28 
-4  66  26 
-44  -78  -24 
-46  18  -18 

