//Reference=MNI 
//truestudy_1
//Subjects=29
47  -65  -7 
45  -66  -5 

//Reference=MNI 
//truestudy_2
//Subjects=30
45  -67  -4 
45  -65  -8 
45  -63  -5 
46  -66  -7 
46  -66  -6 
46  -66  -6 
46  -67  -4 
45  -68  -7 
46  -64  -6 

//Reference=MNI 
//truestudy_3
//Subjects=32
46  -67  -6 
45  -66  -6 
46  -66  -6 
47  -66  -6 
47  -66  -8 
45  -67  -7 
44  -68  -5 
47  -65  -6 
46  -66  -7 
46  -65  -5 
46  -66  -5 
46  -68  -6 
47  -66  -6 
46  -65  -6 
45  -67  -6 
47  -66  -5 
47  -67  -5 
45  -65  -5 
48  -65  -7 
45  -66  -6 
46  -67  -5 

//Reference=MNI 
//nullstudy_1
//Subjects=29
22  48  22 
-22  -50  -50 

//Reference=MNI 
//nullstudy_2
//Subjects=30
-10  -60  -6 
4  40  -30 
-20  52  -18 
-34  20  -6 
-50  -28  -8 
32  8  52 
-24  -56  62 
-6  -48  -18 
-8  58  10 

//Reference=MNI 
//nullstudy_3
//Subjects=32
-8  -100  -6 
22  2  -24 
64  6  8 
-42  -62  36 
40  8  42 
-56  -64  -8 
-34  -76  -46 
-8  -56  50 
-20  -58  14 
-64  -38  -20 
-52  18  14 
-8  46  -4 
-12  -74  46 
-32  -28  6 
56  12  -30 
-42  26  14 
-4  8  28 
48  2  -4 
-2  8  74 
-4  -38  -14 
-32  46  -6 

//Reference=MNI 
//nullstudy_4
//Subjects=31
-26  40  38 
56  18  -4 
-34  -64  -16 
10  44  4 
54  38  20 
14  38  54 
4  16  -26 
34  20  -26 
38  32  42 
-50  -64  -46 
-26  -92  -18 
-40  -50  12 
-44  -18  10 
-12  -22  -10 
38  30  12 

//Reference=MNI 
//nullstudy_5
//Subjects=29
-30  56  -10 
16  58  -18 
-28  -6  2 

//Reference=MNI 
//nullstudy_6
//Subjects=29
-60  0  6 
-60  -8  -16 

//Reference=MNI 
//nullstudy_7
//Subjects=30
-16  0  -38 
-8  -8  40 
6  64  -20 

//Reference=MNI 
//nullstudy_8
//Subjects=30
-46  10  -2 
-30  -20  70 
-24  32  34 
-6  -70  -16 
-14  -64  48 
-36  -50  58 
-52  -44  34 

//Reference=MNI 
//nullstudy_9
//Subjects=30
58  18  12 
6  68  24 
-14  -58  -10 
-32  -92  12 
-54  -68  -12 

//Reference=MNI 
//nullstudy_10
//Subjects=31
-2  36  -10 
16  18  16 
-8  -56  38 
-48  14  -8 
-28  -34  -32 
-44  -36  -28 
-60  -18  28 
-54  6  46 

//Reference=MNI 
//nullstudy_11
//Subjects=29
-6  -70  58 
-52  -2  36 
-14  42  -8 

//Reference=MNI 
//nullstudy_12
//Subjects=31
-46  -18  -28 
30  18  54 
-36  -48  46 
-20  -56  58 
-42  -58  -48 
-52  12  32 
10  48  26 
-44  -40  28 
-30  -88  0 
-62  -8  38 
-12  -92  -22 
-16  46  50 
-22  52  22 
-26  -40  68 
-42  -74  -46 
-30  -94  4 

//Reference=MNI 
//nullstudy_13
//Subjects=31
-46  40  4 
-2  38  -24 
-24  2  -32 
-16  -42  -56 
-58  -26  18 
-24  -8  -40 
-58  -66  4 
-18  36  -12 
36  36  26 
32  12  -6 
-26  0  -2 
8  46  40 
-38  12  44 
-30  20  62 
10  32  -8 

//Reference=MNI 
//nullstudy_14
//Subjects=30
-14  14  -18 
-42  -22  52 
-28  -30  -26 
40  28  4 
-10  -68  -4 
-36  -18  -18 

//Reference=MNI 
//nullstudy_15
//Subjects=28
-10  -68  -52 
-10  38  -28 

//Reference=MNI 
//nullstudy_16
//Subjects=31
-8  -72  2 
-16  12  -10 
-36  36  -14 
-34  8  52 
10  20  68 
-12  -28  -22 
-14  48  -14 
-28  52  -18 
-2  -86  26 
-20  -68  -32 
-12  60  36 
48  6  16 
-32  -76  -40 
-46  -56  -42 
-10  -46  -36 
46  2  2 
2  4  -24 
10  42  -12 
-60  -46  36 
-58  -10  16 
-32  30  54 
-24  -76  -48 
-36  6  4 
-40  4  -18 
-20  -82  -16 
-4  40  28 
8  52  -8 
-28  -86  10 
-46  -74  30 
-56  -24  30 

//Reference=MNI 
//nullstudy_17
//Subjects=31
-40  -88  10 
-14  58  30 
-36  -16  -32 
-22  -102  6 
14  10  4 
-44  -36  40 
-32  14  -38 
-10  -22  74 

//Reference=MNI 
//nullstudy_18
//Subjects=31
-8  -18  -16 
52  14  14 
-44  -72  20 
-14  14  18 
14  66  0 
-26  2  -26 
-44  26  38 
-26  -18  60 
-10  -12  -26 

//Reference=MNI 
//nullstudy_19
//Subjects=31
-12  -36  80 
-2  32  50 
20  6  -18 
8  54  -6 
-6  -50  8 
22  14  -36 
-6  -58  6 
8  20  48 
18  10  68 
28  42  26 
-14  -22  40 
-12  -36  8 
14  46  42 
-12  -78  2 

//Reference=MNI 
//nullstudy_20
//Subjects=29
-42  30  -20 
-58  -46  8 
-32  -88  -34 

//Reference=MNI 
//nullstudy_21
//Subjects=31
-4  60  8 
34  4  2 
-14  -36  -2 
-50  -8  14 
-16  -80  -6 
-46  -42  40 
-42  -62  22 
-36  -36  -38 
38  48  -14 
18  70  14 
30  58  6 

//Reference=MNI 
//nullstudy_22
//Subjects=30
-42  -80  26 
46  28  8 

//Reference=MNI 
//nullstudy_23
//Subjects=28
44  22  -24 
-20  50  22 

//Reference=MNI 
//nullstudy_24
//Subjects=30
38  34  -4 
-8  -4  8 
6  16  -28 
-38  -56  56 
-44  -10  62 
-32  -50  -8 

//Reference=MNI 
//nullstudy_25
//Subjects=30
-16  -48  52 
-62  -46  -18 
-6  -44  78 
-62  4  16 
-2  46  48 
2  26  28 
-26  4  0 
-46  -44  12 
-44  -46  56 

//Reference=MNI 
//nullstudy_26
//Subjects=29
-28  64  8 
10  4  -34 
42  50  26 
-50  38  24 

//Reference=MNI 
//nullstudy_27
//Subjects=28
10  36  8 
34  38  -14 

//Reference=MNI 
//nullstudy_28
//Subjects=30
-40  -44  -44 
16  22  -28 
-16  56  -16 
-40  -58  6 
-8  -56  -14 

//Reference=MNI 
//nullstudy_29
//Subjects=27
-26  20  58 
-34  0  66 

//Reference=MNI 
//nullstudy_30
//Subjects=29
-4  -78  20 
0  50  -16 
-26  66  10 

//Reference=MNI 
//nullstudy_31
//Subjects=30
-36  -78  -8 
-46  -68  -14 
0  8  32 
8  58  40 
38  38  -12 
-44  -18  -30 
-44  -50  54 
-14  26  8 

//Reference=MNI 
//nullstudy_32
//Subjects=30
-28  -86  -46 
14  52  18 
-16  -76  0 
6  58  30 
48  30  42 
28  38  30 
-4  -12  40 

//Reference=MNI 
//nullstudy_33
//Subjects=30
-58  -4  -6 
-44  -4  -16 
-10  -24  76 
-34  -52  -10 
-8  42  -26 
10  60  30 
2  18  58 
-14  -30  -16 
18  14  18 
-2  -32  54 

//Reference=MNI 
//nullstudy_34
//Subjects=31
-50  -60  -12 
42  8  38 
-34  -60  26 
-52  -44  -8 
6  38  54 
-42  38  16 
4  40  -30 
-18  20  -20 
-2  -86  24 
50  28  14 
-6  22  -14 
2  12  34 
-8  -44  6 

//Reference=MNI 
//nullstudy_35
//Subjects=30
-6  -58  38 
-8  -34  64 
-20  20  -16 
-34  -18  -24 
-46  -70  36 

//Reference=MNI 
//nullstudy_36
//Subjects=30
-44  -86  -14 
40  50  -12 
-50  2  -4 
-28  -80  30 

//Reference=MNI 
//nullstudy_37
//Subjects=31
-28  18  -6 
-54  2  -14 
-4  48  48 
-22  -70  -22 
-32  -8  60 
-24  28  36 
-22  34  44 
-10  -8  74 
-24  -70  -40 
-30  36  28 
-58  -68  2 
-42  -44  -50 
-12  -68  -30 
-34  12  -40 
-36  4  46 

//Reference=MNI 
//nullstudy_38
//Subjects=29
52  16  -32 
-34  -70  -22 
-22  52  24 

//Reference=MNI 
//nullstudy_39
//Subjects=30
-64  -24  -8 
26  30  32 
-46  -66  -46 
-16  -26  44 
-32  -12  -48 

//Reference=MNI 
//nullstudy_40
//Subjects=28
42  24  20 
-56  16  20 

//Reference=MNI 
//nullstudy_41
//Subjects=30
30  6  50 
-16  18  -28 
-50  38  8 
-46  -70  20 

//Reference=MNI 
//nullstudy_42
//Subjects=29
-30  -40  42 
-32  -94  6 
-10  18  42 

//Reference=MNI 
//nullstudy_43
//Subjects=29
10  10  64 
-2  -20  34 

//Reference=MNI 
//nullstudy_44
//Subjects=30
-2  16  28 
-56  10  -4 
50  10  -30 
36  24  42 
-26  -82  -28 
54  20  -8 
-58  -68  10 
30  10  44 
-58  -6  -32 
-38  -2  -32 

//Reference=MNI 
//nullstudy_45
//Subjects=29
18  22  -26 
-24  22  56 
-44  -58  -20 

//Reference=MNI 
//nullstudy_46
//Subjects=29
16  62  24 
-12  -100  -2 
-42  -40  46 

//Reference=MNI 
//nullstudy_47
//Subjects=30
-34  -12  4 
-28  -90  -30 
36  2  48 
-52  -70  28 
-16  12  -26 
-4  8  6 

//Reference=MNI 
//nullstudy_48
//Subjects=30
-36  -58  24 
-12  -18  -38 
-18  -36  -30 
-40  18  56 

//Reference=MNI 
//nullstudy_49
//Subjects=30
-18  -14  60 
46  44  -4 
-12  -44  -2 
-14  -60  -26 
-18  -68  14 

//Reference=MNI 
//nullstudy_50
//Subjects=30
-8  -66  12 
-14  -38  74 
-14  -30  -36 
-58  4  -16 
-18  -58  8 
-20  4  -38 
-46  -72  2 
-12  -40  -18 

//Reference=MNI 
//nullstudy_51
//Subjects=30
-28  -78  30 
-40  2  -24 
24  18  42 
12  70  -4 
-20  -44  0 
-26  62  22 
-64  -4  10 
-50  -6  26 

//Reference=MNI 
//nullstudy_52
//Subjects=30
6  30  -12 
-32  12  0 
-48  -2  -20 
-16  22  -22 
-20  60  28 

//Reference=MNI 
//nullstudy_53
//Subjects=31
-36  36  -4 
28  44  -12 
-6  4  50 
-28  -32  -16 
-46  -32  -26 
8  32  -24 
-38  34  14 
-42  -20  52 
-56  -2  12 
-16  -64  14 
8  34  0 
22  66  8 
28  2  46 
-18  6  4 
12  36  -22 
-10  14  -8 
32  6  -18 
-22  18  48 
-16  28  54 
-8  -32  34 
-28  2  46 
-48  -18  54 
22  44  32 
-44  -62  50 
-36  -94  10 
-42  -12  50 
-40  4  52 
-30  -62  34 
18  66  -16 
0  16  30 
-4  -74  40 
-10  14  46 
-28  48  -18 
-8  -18  -36 
38  6  42 
-2  -68  -34 
-30  -10  -38 
-50  -4  20 
-8  -86  -26 
38  10  -22 
-22  -46  12 
-56  -36  -14 
24  38  28 
-48  20  20 
-52  -8  50 
10  38  12 
-50  -10  -26 
-6  -30  16 
-16  -14  26 
16  18  68 
-42  -4  -40 
-10  6  -32 
-30  -28  52 
-20  44  44 
-14  6  -16 
-42  -56  12 

//Reference=MNI 
//nullstudy_54
//Subjects=31
-14  -56  36 
-6  2  -24 
-4  24  66 
-34  -10  -42 
-24  -88  34 
34  26  -10 
-2  -42  56 
-42  0  -2 

//Reference=MNI 
//nullstudy_55
//Subjects=32
26  32  38 
-42  -30  26 
-36  28  -24 
2  44  14 
26  24  44 
-22  -60  2 
-46  -62  30 
-26  -48  -18 
44  22  50 
-40  -48  44 
-12  -78  -8 
-16  -78  -14 
-18  -58  -2 
-22  58  2 
-2  -76  52 
-54  -68  -18 
-24  -74  34 
-6  -90  -26 

//Reference=MNI 
//nullstudy_56
//Subjects=30
-22  -16  -14 
14  2  -36 
-58  -36  -6 
-32  36  -10 

//Reference=MNI 
//nullstudy_57
//Subjects=32
-40  -74  34 
16  4  -22 
-28  -8  4 
-18  -32  10 
-20  -98  -6 
-14  -32  46 
-28  -44  -2 
-6  20  46 
-16  -8  56 
-36  4  -48 
-30  -32  -2 
-18  -34  -12 
-10  -82  -50 
-22  -78  8 
-42  -20  4 
-70  -32  8 
-10  62  12 
-64  6  10 
-32  -8  18 
-24  -48  52 
-40  14  10 
-42  24  20 
-66  -34  -2 
30  20  58 
-10  58  22 
-34  -78  -36 
-2  -74  46 
-30  22  -22 
-14  14  -6 
-28  -36  62 
-38  44  6 
-34  -26  46 
-22  -86  22 
12  38  46 
-50  -26  6 
32  18  26 
52  22  40 
42  58  6 

//Reference=MNI 
//nullstudy_58
//Subjects=31
-6  -98  20 
26  44  28 
-14  -52  -18 
-62  -32  38 
-18  -50  -50 
-22  -12  -42 
12  30  54 
-62  -36  12 
-42  14  22 
-46  -6  2 
-24  66  12 
-22  -92  18 
-10  -34  -38 
-14  -72  -6 
-12  60  -22 
-30  -70  24 
26  36  -8 
2  16  4 
-12  -14  22 

//Reference=MNI 
//nullstudy_59
//Subjects=30
-22  -54  -16 
4  28  18 
-40  -36  54 
-42  30  30 
-34  12  -8 
38  8  -32 

//Reference=MNI 
//nullstudy_60
//Subjects=31
-54  -44  22 
-60  -24  28 
-16  -88  36 
-12  4  -34 
44  22  0 
40  10  58 
-38  24  -16 
-46  26  -16 
-4  -34  74 
-4  24  -18 
-2  -10  28 
-32  -80  -30 
-26  -20  -8 
-18  -58  64 
-10  -38  4 

//Reference=MNI 
//nullstudy_61
//Subjects=31
-16  8  70 
-10  28  20 
-60  -58  10 
-42  -44  4 
42  52  16 
-4  0  76 
44  20  -22 
-56  -70  -4 
-26  -80  -10 
-28  -14  -6 
24  20  -40 
-36  -48  -16 
-4  -14  48 
-42  38  18 
-52  40  -12 
-46  26  -8 

//Reference=MNI 
//nullstudy_62
//Subjects=31
46  32  16 
-28  -12  -42 
30  20  -36 
24  12  -12 
48  24  -28 
-14  -56  -60 
-38  -82  -20 
26  36  -14 
-40  6  -12 
-30  38  10 
-8  44  -24 
-8  -76  -26 

//Reference=MNI 
//nullstudy_63
//Subjects=30
-4  -84  -30 
-8  -52  -34 
-64  -6  -12 
-14  -28  40 
16  20  62 
-20  -36  -28 

//Reference=MNI 
//nullstudy_64
//Subjects=29
-24  42  -12 
22  48  20 

//Reference=MNI 
//nullstudy_65
//Subjects=29
-36  -58  -56 
-30  -68  -8 
-6  -14  -16 

//Reference=MNI 
//nullstudy_66
//Subjects=30
14  66  6 
-42  -36  -14 
-14  -70  64 
-46  -48  44 
-2  -32  -10 
54  10  40 
-8  -68  6 
-8  -36  24 
-2  -56  -56 
-32  48  10 
-54  16  16 
10  2  54 
20  12  12 

//Reference=MNI 
//nullstudy_67
//Subjects=30
-6  -28  64 
12  50  20 
26  60  28 
-24  -46  46 
-6  -46  42 

//Reference=MNI 
//nullstudy_68
//Subjects=31
-24  -88  8 
-30  -32  -14 
-22  -52  70 
20  60  -8 
-44  -78  -30 
-4  -2  14 
-2  -14  32 

//Reference=MNI 
//nullstudy_69
//Subjects=29
6  20  36 
-4  46  0 

//Reference=MNI 
//nullstudy_70
//Subjects=30
-34  -50  32 
-22  -54  -34 
10  50  -26 
-26  -60  46 
-56  -36  48 
-38  52  0 

//Reference=MNI 
//nullstudy_71
//Subjects=29
-48  -68  14 
-4  24  68 

//Reference=MNI 
//nullstudy_72
//Subjects=32
-60  -22  -14 
-34  52  30 
14  2  -26 
18  70  -2 
28  36  44 
-34  -54  32 
-52  18  12 
-56  -30  6 
-24  -62  48 

//Reference=MNI 
//nullstudy_73
//Subjects=31
-2  -90  10 
-2  26  34 
-24  -20  -18 
-46  -10  6 
52  32  12 
-10  -16  48 
14  12  -24 
24  12  -32 
-44  -66  52 
50  4  52 
-26  -38  56 
-42  -8  -14 
-4  16  36 
32  38  -6 
-4  -72  62 
-16  52  32 
-50  -42  -30 
6  14  6 
-20  -90  -4 
26  10  -46 
-36  -40  -14 
10  44  -8 
-10  64  -4 
-8  -20  0 
-24  24  58 
26  60  4 
-26  -92  28 
-40  56  -6 
-22  14  -40 
38  4  -32 
-58  10  0 
-26  -82  48 
-12  40  26 
-50  -34  38 
-40  2  46 
-38  -14  -30 
-50  -46  30 
6  12  6 
-22  -26  56 
-26  34  42 
34  32  44 
-42  -20  62 
-30  18  -34 
-50  -2  -20 
-2  -10  -16 
-18  -94  -10 
-32  -10  18 
-18  -78  16 
8  34  -20 
24  6  -46 
-48  -28  38 
18  32  4 
-30  -44  44 
-30  -74  42 
26  22  -30 
14  6  68 

//Reference=MNI 
//nullstudy_74
//Subjects=30
-12  10  -24 
-10  -44  58 
-20  -74  -2 
-42  -32  18 
-34  24  32 
48  24  -6 
-50  4  8 
-22  -80  42 
-2  -82  -34 
30  16  52 
-52  -8  -34 
4  16  -14 
46  16  -40 

//Reference=MNI 
//nullstudy_75
//Subjects=29
-42  -32  -16 
-66  -42  -6 
-52  10  36 
-38  36  6 
-44  -36  54 
54  14  24 
-42  -68  -52 
-24  -8  8 
-46  -2  46 
32  4  64 
-32  8  -24 
24  54  12 
-2  -24  52 
-48  4  26 
-2  -10  42 
-36  0  -20 
6  62  -22 
-32  -66  48 

//Reference=MNI 
//nullstudy_76
//Subjects=30
-22  48  -18 
-8  -98  4 
-50  -66  -46 
32  38  -18 
-26  -68  -2 
-12  -48  2 

//Reference=MNI 
//nullstudy_77
//Subjects=30
-48  8  48 
-6  54  -26 
-54  -30  6 

//Reference=MNI 
//nullstudy_78
//Subjects=31
-20  -90  -24 
-14  6  60 
-32  -52  56 
-4  -62  64 

//Reference=MNI 
//nullstudy_79
//Subjects=29
10  38  16 
-44  -56  -6 
40  18  -38 
-16  -98  8 
-40  -62  18 
-42  22  16 
-8  -48  -26 

//Reference=MNI 
//nullstudy_80
//Subjects=30
-6  -62  -54 
-46  6  40 
-2  -6  30 
-64  -26  6 
-16  -86  10 
-28  56  -8 
30  28  -22 
-42  24  -24 
-30  -10  -18 
6  10  -24 

//Reference=MNI 
//nullstudy_81
//Subjects=30
-48  -62  -26 
-34  -22  6 

//Reference=MNI 
//nullstudy_82
//Subjects=30
-8  -24  -44 
-58  2  2 
2  60  26 
-16  64  -2 
-22  -60  2 

//Reference=MNI 
//nullstudy_83
//Subjects=30
-44  -86  16 
-32  -36  -36 
-12  -66  -2 
-14  24  -20 
-4  -28  10 

//Reference=MNI 
//nullstudy_84
//Subjects=30
-36  26  -30 
-48  -20  34 
-2  -10  36 
52  10  -14 
-28  -28  -20 
-40  -88  18 
26  8  6 

//Reference=MNI 
//nullstudy_85
//Subjects=30
50  34  -16 
-48  -60  -42 
-54  -66  -36 
-22  -58  -20 
-28  0  50 
4  30  52 
24  50  36 

//Reference=MNI 
//nullstudy_86
//Subjects=31
-40  -52  58 
-48  -12  -18 
30  36  48 
-32  50  -4 
30  14  -32 
-18  40  42 

//Reference=MNI 
//nullstudy_87
//Subjects=31
-14  36  50 
-48  -74  20 
-20  8  64 
0  24  -30 

//Reference=MNI 
//nullstudy_88
//Subjects=31
-22  -62  60 
-34  -62  24 
-8  66  10 
-20  -44  -36 
-12  -58  -30 
-4  -40  -20 
-30  30  -6 
-18  -28  -8 

//Reference=MNI 
//nullstudy_89
//Subjects=30
-16  -90  16 
-6  -86  -34 
4  10  46 
22  8  52 
-22  50  -16 
20  56  8 
-48  -20  -26 
-18  -14  62 
-14  -14  24 
-16  50  32 
-30  -84  -8 
-22  -42  -40 

//Reference=MNI 
//nullstudy_90
//Subjects=29
-14  6  18 
48  2  28 
-26  -38  70 
-42  -64  52 
42  32  26 
40  20  42 
8  18  36 
36  22  -22 
-38  -84  -16 

//Reference=MNI 
//nullstudy_91
//Subjects=31
36  12  6 
38  24  -30 
-44  20  -10 
-46  -14  56 

//Reference=MNI 
//nullstudy_92
//Subjects=30
-16  -84  -24 
-24  58  14 

//Reference=MNI 
//nullstudy_93
//Subjects=32
-12  -84  -50 
-16  22  4 
-22  0  -14 
-44  -70  6 
-64  -32  -16 
-62  -62  -8 
-6  -4  22 
-60  4  26 
36  62  12 
-12  -16  70 

//Reference=MNI 
//nullstudy_94
//Subjects=29
-40  -54  -12 
-6  -36  -34 
-22  -48  16 
-8  -18  20 
2  16  46 
-38  -82  -12 
-14  66  10 

//Reference=MNI 
//nullstudy_95
//Subjects=31
16  40  16 
-38  -80  -38 
-28  -26  72 
38  16  -30 
48  16  34 
-46  42  -18 
-52  -2  34 
-36  -42  58 
26  24  44 
-54  30  12 
-8  60  16 
-38  -58  62 
-12  -78  -22 
-6  42  -26 
-30  42  -22 
30  40  44 
6  38  38 
-6  40  -30 
-22  -82  26 

//Reference=MNI 
//nullstudy_96
//Subjects=29
-48  -62  52 
-28  -90  10 
-2  -10  6 

//Reference=MNI 
//nullstudy_97
//Subjects=32
18  20  62 
10  54  -12 
2  10  -4 
-2  -76  46 
-52  -54  -44 
30  16  60 
-10  -50  46 
14  2  -12 
-10  58  2 
-40  -46  62 
4  44  -2 
-22  42  -14 
-10  -80  -18 
-8  -44  -62 
-20  -42  0 

//Reference=MNI 
//nullstudy_98
//Subjects=30
-20  34  40 
-42  8  24 
-34  -18  44 

//Reference=MNI 
//nullstudy_99
//Subjects=31
-70  -42  4 
-8  -58  2 
-12  10  -24 
0  38  0 
-6  -68  2 
-30  -22  -12 
-18  10  -6 
-14  18  70 
-14  -20  70 
-42  20  22 
-50  46  -2 

//Reference=MNI 
//nullstudy_100
//Subjects=29
-32  44  -12 
-8  12  68 
-12  6  6 
-8  -96  -8 
22  6  -4 
-28  64  -10 
-16  -46  -48 
-20  10  60 
-46  -62  -18 
-8  -66  48 

