//Reference=MNI 
//truestudy_1
//Subjects=32
47  -66  -6 
46  -67  -7 
45  -67  -7 
45  -65  -6 
47  -66  -7 
47  -66  -5 
46  -66  -5 
47  -66  -5 
47  -65  -6 
45  -67  -6 
46  -66  -8 
47  -67  -6 
45  -66  -8 
46  -68  -5 
46  -66  -5 
46  -67  -5 
47  -65  -6 
45  -67  -5 
46  -66  -6 
47  -64  -5 

//Reference=MNI 
//truestudy_2
//Subjects=29
46  -64  -8 
44  -67  -7 

//Reference=MNI 
//truestudy_3
//Subjects=32
45  -64  -5 
46  -66  -5 
45  -67  -6 
47  -67  -5 
47  -65  -6 
44  -68  -6 
46  -67  -7 
46  -68  -8 
47  -66  -7 
45  -66  -5 
47  -66  -6 
47  -66  -7 
46  -67  -6 
46  -67  -4 
47  -64  -7 

//Reference=MNI 
//nullstudy_1
//Subjects=32
14  28  24 
-14  -42  4 
-34  2  -6 
-44  -14  -4 
6  2  30 
-34  -44  54 
-46  52  4 
32  4  34 
28  8  52 
-32  -8  -32 
44  6  6 
-46  -62  42 
6  44  -20 
-64  -16  18 
-34  50  -6 
-52  -38  16 
8  2  68 
46  36  -20 
-16  -26  -16 
24  26  36 

//Reference=MNI 
//nullstudy_2
//Subjects=29
40  44  10 
-50  -60  -48 

//Reference=MNI 
//nullstudy_3
//Subjects=32
18  6  -24 
-40  -20  4 
46  44  -18 
-4  -46  48 
34  34  32 
-2  42  -22 
30  36  18 
0  30  34 
26  36  20 
-34  4  -40 
24  30  54 
-24  -86  20 
-24  -60  36 
-10  -64  10 
-42  -20  46 

//Reference=MNI 
//nullstudy_4
//Subjects=29
24  18  42 
-66  -28  -22 

//Reference=MNI 
//nullstudy_5
//Subjects=30
46  20  20 
-28  34  22 
-26  34  -8 
-8  -34  -28 
-40  -34  10 
-48  -4  -14 

//Reference=MNI 
//nullstudy_6
//Subjects=29
-4  -2  76 
-26  -40  -42 
-50  30  2 

//Reference=MNI 
//nullstudy_7
//Subjects=30
-12  38  -16 
10  70  -6 
-36  -70  -32 

//Reference=MNI 
//nullstudy_8
//Subjects=30
-42  -62  54 
-44  -64  -26 
20  62  26 
-42  -16  62 
20  14  -10 
-40  30  24 

//Reference=MNI 
//nullstudy_9
//Subjects=29
-6  54  8 
14  28  6 
22  48  30 

//Reference=MNI 
//nullstudy_10
//Subjects=30
-28  -50  -34 
-40  -44  62 
30  58  -8 
-64  -32  0 
24  52  32 
-52  -46  -20 
-2  -52  -32 
-14  -66  46 

//Reference=MNI 
//nullstudy_11
//Subjects=31
-28  -74  -8 
8  26  -26 
-18  -38  16 
26  56  6 
32  12  4 
44  6  -4 
-12  -26  78 

//Reference=MNI 
//nullstudy_12
//Subjects=30
-10  -78  -16 
-26  -86  20 
-10  -20  -34 
-54  -60  42 

//Reference=MNI 
//nullstudy_13
//Subjects=29
50  42  -14 
-14  -78  -24 
26  2  68 
-2  -76  -30 

//Reference=MNI 
//nullstudy_14
//Subjects=30
-2  -6  22 
-50  -56  -26 
-38  4  52 
-18  -84  10 
-4  -16  0 

//Reference=MNI 
//nullstudy_15
//Subjects=30
-56  -50  -20 
14  62  2 
-60  -32  46 

//Reference=MNI 
//nullstudy_16
//Subjects=29
-56  -24  16 
-34  0  66 

//Reference=MNI 
//nullstudy_17
//Subjects=28
4  32  -24 
-66  -4  22 

//Reference=MNI 
//nullstudy_18
//Subjects=30
-12  -6  -36 
-6  -106  4 
12  38  12 
-24  -24  -28 
-34  -48  62 

//Reference=MNI 
//nullstudy_19
//Subjects=29
-26  -52  -62 
-22  -70  -52 

//Reference=MNI 
//nullstudy_20
//Subjects=29
-18  -62  -34 
-50  -46  40 
-38  -70  40 

//Reference=MNI 
//nullstudy_21
//Subjects=31
-22  -70  44 
-24  -34  -24 
-6  -6  14 
-30  -40  54 
-50  -30  46 
30  14  -22 
-48  20  -10 
-36  40  -2 
-44  36  26 
22  10  -26 
-2  -66  -12 
-10  -30  -10 
-18  -76  -38 
-8  -6  72 

//Reference=MNI 
//nullstudy_22
//Subjects=30
38  32  18 
-8  -84  -34 
-8  -24  30 

//Reference=MNI 
//nullstudy_23
//Subjects=29
20  68  -10 
-50  -48  -40 

//Reference=MNI 
//nullstudy_24
//Subjects=30
-54  -48  24 
28  56  30 
-18  -46  -12 
-12  -14  20 
-18  -86  -32 
10  32  32 
-6  -42  -22 
-14  -24  -16 
-46  -80  6 
-28  -60  -38 
50  14  -26 

//Reference=MNI 
//nullstudy_25
//Subjects=29
52  42  -6 
8  16  24 
-4  -12  72 

//Reference=MNI 
//nullstudy_26
//Subjects=31
-34  -60  -58 
40  38  18 
42  26  -6 
-24  0  68 
38  62  10 
4  44  14 
-64  -48  16 
18  4  -8 
-46  38  32 
10  42  44 
-50  -52  16 
-4  68  -6 
2  24  -20 
10  26  62 
-20  -32  8 
4  40  42 
-4  -72  -42 
-40  -6  -40 
-54  -4  44 
-12  4  -34 
-18  8  -42 
-18  -58  -50 

//Reference=MNI 
//nullstudy_27
//Subjects=31
28  60  14 
-42  -12  20 
22  16  44 
-22  -58  52 
-30  -6  -40 
32  52  32 
-20  62  -10 
-50  -12  -22 
16  50  26 
-12  12  -20 
-30  30  -24 
-50  -4  48 

//Reference=MNI 
//nullstudy_28
//Subjects=30
-8  66  16 
-4  -86  -2 
-36  -54  -18 
-2  -60  30 

//Reference=MNI 
//nullstudy_29
//Subjects=30
-64  -34  44 
-56  -18  40 
50  2  -16 
-36  -22  14 
12  52  4 

//Reference=MNI 
//nullstudy_30
//Subjects=29
-56  -26  26 
26  2  -16 
-20  -90  -34 

//Reference=MNI 
//nullstudy_31
//Subjects=30
-18  -48  -42 
-6  -38  -10 
-6  -64  52 
-40  -32  34 
-18  -70  0 

//Reference=MNI 
//nullstudy_32
//Subjects=31
-22  -92  12 
-64  -28  4 
24  16  68 
-6  10  26 
-32  -54  68 
-48  -78  14 
16  44  -22 
-6  -40  -6 

//Reference=MNI 
//nullstudy_33
//Subjects=31
-6  8  62 
6  62  10 
-8  44  20 
-32  0  -24 
-2  -50  72 
-10  -34  10 
-38  -54  -50 
-18  -46  -2 
0  58  -16 
-56  -38  44 
30  40  40 
-28  -94  12 
-32  50  -2 
-6  -30  4 
-48  -66  20 
-40  -32  20 
-58  -8  10 
-16  -90  -30 
-44  -68  -26 
20  70  14 
-18  8  20 
-46  -52  10 
44  10  -14 
-14  -34  -34 
48  4  8 
4  36  38 
-30  -86  0 
-18  -60  46 
-16  6  -2 

//Reference=MNI 
//nullstudy_34
//Subjects=30
-50  14  44 
-26  -92  -16 
-66  -42  2 
48  14  -2 
26  48  -12 

//Reference=MNI 
//nullstudy_35
//Subjects=30
-6  34  -2 
-42  14  40 
16  66  -12 
-54  -62  22 
0  20  -24 

//Reference=MNI 
//nullstudy_36
//Subjects=30
8  6  44 
20  12  4 
-30  -38  60 
-28  -76  -34 
-30  -26  -30 
-26  38  32 
-28  -82  -38 
12  56  2 

//Reference=MNI 
//nullstudy_37
//Subjects=31
-10  36  20 
56  16  28 
-38  -68  52 
-38  -4  -14 
-10  50  8 
36  16  38 
-36  -14  46 
-54  -34  -8 
36  18  -32 
-40  52  -6 
-32  32  -12 
-6  4  10 
-20  -12  -28 
-30  28  -12 
-4  -86  40 
42  20  -8 
22  54  -8 
18  18  -16 
-8  68  -6 

//Reference=MNI 
//nullstudy_38
//Subjects=30
-36  -70  10 
2  6  -2 
-36  -38  42 
-4  42  26 
-58  -10  16 
-46  -36  6 

//Reference=MNI 
//nullstudy_39
//Subjects=30
-10  -18  14 
18  26  -14 
-48  -68  12 
26  2  -48 
-16  -60  64 
16  28  8 

//Reference=MNI 
//nullstudy_40
//Subjects=30
-26  32  -12 
-18  -42  68 
-6  12  -28 
-16  16  18 
-8  -72  12 

//Reference=MNI 
//nullstudy_41
//Subjects=29
0  16  -6 
-14  -34  0 

//Reference=MNI 
//nullstudy_42
//Subjects=31
-30  -62  -28 
-30  -10  -22 
0  10  -4 
-6  -90  18 
-68  -44  -12 
-16  -84  32 
-4  -50  4 
-56  -36  18 
-62  -12  26 
-24  20  -4 
40  48  -10 
-44  -50  58 
-28  18  14 
-50  -40  0 
-12  -48  52 
0  8  38 
-22  -44  -6 
-48  -20  54 
-18  -44  62 
-12  -72  48 
-18  -80  12 
50  6  -44 

//Reference=MNI 
//nullstudy_43
//Subjects=30
-14  -30  64 
-32  -68  -38 
-24  4  0 
-40  -84  28 
30  18  -2 
20  2  56 
0  26  62 

//Reference=MNI 
//nullstudy_44
//Subjects=32
-32  14  -22 
-48  -62  -18 
8  54  -26 
-24  -70  -54 
12  70  14 
-44  44  8 
20  24  56 
-24  -40  54 
-20  -82  -42 
12  58  30 
-8  36  46 
48  12  -10 
-14  -44  -22 
-24  -74  -28 
-38  -86  -14 
62  10  -6 
-58  -44  50 
-4  -22  42 
-4  64  -4 
-28  -30  -26 
6  30  -26 
38  44  34 
-38  40  -6 
42  20  -10 
-6  -72  -38 

//Reference=MNI 
//nullstudy_45
//Subjects=30
-12  -98  -10 
-54  -52  36 
34  4  -34 
4  60  4 
-34  -10  10 

//Reference=MNI 
//nullstudy_46
//Subjects=30
0  62  6 
-30  40  -8 
-10  -52  -26 
-18  -84  36 

//Reference=MNI 
//nullstudy_47
//Subjects=31
24  6  -26 
-52  -54  38 
-28  22  -8 
20  28  40 
18  68  4 
4  14  -28 
-40  52  2 

//Reference=MNI 
//nullstudy_48
//Subjects=31
-14  32  48 
42  20  52 
-46  10  34 
-4  0  68 
-54  -4  -30 
-8  -36  -26 
44  56  -6 
50  34  28 

//Reference=MNI 
//nullstudy_49
//Subjects=31
-20  -16  -28 
18  68  -6 
-60  -34  -28 
18  62  12 
-22  -24  -14 
-12  -46  50 
-30  -60  56 
10  16  -2 
-48  -14  20 
-32  -58  -34 

//Reference=MNI 
//nullstudy_50
//Subjects=29
16  2  14 
-46  -76  -30 
-14  -82  2 

//Reference=MNI 
//nullstudy_51
//Subjects=29
-56  16  6 
10  42  6 
-24  -28  74 

//Reference=MNI 
//nullstudy_52
//Subjects=29
-6  38  -22 
-28  -88  30 
-4  -52  -68 

//Reference=MNI 
//nullstudy_53
//Subjects=29
26  50  40 
-50  16  14 
-2  -28  34 

//Reference=MNI 
//nullstudy_54
//Subjects=31
-6  6  62 
0  38  10 
-38  -76  18 
-18  -28  64 
-24  24  34 
-58  -56  14 
28  46  36 
-42  6  54 
-50  -24  -12 

//Reference=MNI 
//nullstudy_55
//Subjects=31
-20  -80  22 
-50  14  6 
-62  -38  -20 
-28  -78  -56 
-34  -60  -16 
-14  32  46 
12  40  28 
-6  -44  52 
26  22  -32 
-2  -2  44 
34  30  24 
-34  14  -40 
-2  -34  2 
-22  -28  76 
-32  -98  -12 
52  24  24 
-22  34  -14 
-50  -14  -32 
-30  -76  50 
-10  40  48 

//Reference=MNI 
//nullstudy_56
//Subjects=29
-14  -32  78 
50  8  -38 
-12  16  66 
-18  8  -2 

//Reference=MNI 
//nullstudy_57
//Subjects=31
-32  16  26 
-22  -22  -26 
-20  16  -20 
-40  14  56 
-60  -48  14 
-26  -44  -38 
-28  -68  -52 
-22  4  -16 
-32  36  -6 

//Reference=MNI 
//nullstudy_58
//Subjects=31
-20  60  0 
4  14  0 
-10  -40  -52 
-12  -86  -14 
-12  -34  -34 
36  60  8 
28  6  68 
-8  -70  4 

//Reference=MNI 
//nullstudy_59
//Subjects=29
-12  -94  -24 
-54  -68  -24 

//Reference=MNI 
//nullstudy_60
//Subjects=31
-12  38  12 
-26  -8  46 
-28  44  40 
-50  -44  -14 
-6  10  -18 
-36  42  18 
38  50  32 
48  10  34 
-12  -72  -40 
0  46  -8 

//Reference=MNI 
//nullstudy_61
//Subjects=28
24  18  64 
-40  -24  14 

//Reference=MNI 
//nullstudy_62
//Subjects=31
-20  28  48 
18  32  -22 
28  20  62 
2  40  58 
-2  -2  44 
-62  -6  -4 
-42  -6  -42 
-28  -58  48 
-4  -72  56 
-22  -38  -52 
-34  -58  -16 
-30  -72  -8 

//Reference=MNI 
//nullstudy_63
//Subjects=29
-38  -50  -50 
36  36  4 
-6  4  -26 

//Reference=MNI 
//nullstudy_64
//Subjects=30
-2  -10  52 
-50  -64  10 
-50  -62  50 
-60  4  14 
-30  -12  -30 

//Reference=MNI 
//nullstudy_65
//Subjects=32
-34  -28  60 
54  22  24 
10  26  40 
36  18  -28 
-4  -82  -18 
-6  -76  -32 
-28  -82  -50 
34  54  20 
50  16  50 
-8  -48  -4 
12  46  14 
-62  12  6 
-32  -2  14 
-10  -80  -30 
38  2  -48 
-2  -60  -46 
20  22  2 
-46  6  -30 
2  58  10 
-20  36  56 
-2  -26  -42 

//Reference=MNI 
//nullstudy_66
//Subjects=30
56  36  6 
-2  -34  -30 
-8  12  50 
-66  -14  -6 
-10  -50  52 
-24  16  52 

//Reference=MNI 
//nullstudy_67
//Subjects=31
-46  -82  2 
50  4  4 
-58  -8  -14 
6  4  -30 
-58  -52  -4 
-48  -40  -32 
-4  40  4 
6  42  52 
-54  -4  4 
-20  -92  14 
-34  56  22 
-34  4  -32 
-26  -10  -32 
26  20  -26 
-10  -44  -8 
-26  -42  -56 
-14  24  64 
-42  40  0 

//Reference=MNI 
//nullstudy_68
//Subjects=30
-4  -96  -14 
-26  30  48 
-36  -66  48 
-58  12  -12 

//Reference=MNI 
//nullstudy_69
//Subjects=30
-22  -84  40 
-52  -20  -34 
-58  -58  -4 
14  24  54 
-40  10  -8 
32  14  32 
-12  -42  -22 

//Reference=MNI 
//nullstudy_70
//Subjects=31
-22  16  62 
-40  48  26 
-6  -8  12 
-4  66  14 
-10  -40  -48 
14  10  -8 
-22  -20  -14 
-38  -72  -30 
12  34  22 
6  24  -16 
-40  28  10 
-2  10  62 
-8  -90  -42 
30  6  64 
-14  -54  -8 
56  2  10 
-18  28  58 

//Reference=MNI 
//nullstudy_71
//Subjects=29
-30  16  -40 
-34  40  10 

//Reference=MNI 
//nullstudy_72
//Subjects=31
-38  -76  -38 
-48  30  14 
12  4  42 
-8  -38  6 
58  22  28 
-16  -36  74 
28  64  18 
-50  -40  14 
56  6  16 
-24  4  66 
28  8  68 
0  50  42 

//Reference=MNI 
//nullstudy_73
//Subjects=28
-16  -62  -50 
-4  58  20 
48  26  26 

//Reference=MNI 
//nullstudy_74
//Subjects=31
-24  -34  -48 
16  70  -6 
34  46  10 
-66  -52  6 
-12  -10  52 
-12  -56  -58 
-28  32  -10 

//Reference=MNI 
//nullstudy_75
//Subjects=30
-44  -30  50 
16  18  -18 
-20  -70  42 
44  42  24 
-52  28  26 
-32  -68  -44 

//Reference=MNI 
//nullstudy_76
//Subjects=31
2  52  -4 
38  20  -42 
-4  -18  72 
-22  -58  2 
-48  -14  -18 
28  16  56 
-22  62  4 
12  14  0 
12  58  12 

//Reference=MNI 
//nullstudy_77
//Subjects=28
50  44  16 
-38  14  32 

//Reference=MNI 
//nullstudy_78
//Subjects=31
24  4  -26 
-2  42  22 
46  30  36 
28  22  48 
-24  -70  -4 
-56  -58  -30 
-46  -6  -42 
-60  -58  -24 
-6  -24  0 
42  54  0 
-46  -86  -8 
24  14  -32 
26  10  46 
-46  24  20 
-22  2  2 
-42  24  34 
-16  2  70 
-44  4  -4 
-16  12  64 

//Reference=MNI 
//nullstudy_79
//Subjects=31
-34  4  -22 
-32  -14  -46 
-2  -28  64 
14  24  -4 
-30  -96  -8 
-24  8  -46 
-30  -50  34 
-8  -44  46 
-4  34  36 
-52  0  -22 
-34  -18  -22 

//Reference=MNI 
//nullstudy_80
//Subjects=31
-26  -80  0 
20  10  -12 
-2  62  26 
-24  -80  -12 
-60  -18  34 
8  24  62 
16  56  -2 
-2  32  18 
46  16  8 
-14  32  60 
-46  -64  42 
10  42  -22 
-24  -40  -46 
-46  -38  -24 
-2  -74  56 
-24  -82  46 
-30  -30  18 
12  20  40 
-10  38  14 
-20  -24  70 
8  28  36 
-42  22  32 
-4  -40  72 
-28  32  36 
32  62  6 
10  32  40 
-46  30  -14 
-32  -50  -28 
26  60  18 

//Reference=MNI 
//nullstudy_81
//Subjects=29
-32  -76  -38 
-60  -20  42 
-56  -8  44 

//Reference=MNI 
//nullstudy_82
//Subjects=31
-52  -56  20 
28  34  28 
-14  -88  40 
-34  -74  -22 
16  58  -2 
40  30  4 
-28  10  -8 
-22  24  -14 

//Reference=MNI 
//nullstudy_83
//Subjects=29
-36  28  -8 
-28  -2  -12 
12  14  -18 
-28  -14  68 

//Reference=MNI 
//nullstudy_84
//Subjects=29
-4  -36  -6 
-44  -18  -4 
-26  -48  62 

//Reference=MNI 
//nullstudy_85
//Subjects=30
-28  2  -20 
-56  -38  18 
16  30  -24 
-30  -32  -20 

//Reference=MNI 
//nullstudy_86
//Subjects=32
-14  -74  18 
-40  -18  -8 
40  46  14 
-32  -24  48 
40  28  0 
-30  -84  -32 
-52  0  -42 
-8  52  14 
-12  8  -28 
-34  -26  14 

//Reference=MNI 
//nullstudy_87
//Subjects=30
-20  -88  -18 
-10  -82  -16 
-52  -12  -42 
-22  -98  -2 

//Reference=MNI 
//nullstudy_88
//Subjects=31
40  24  -22 
-28  -32  74 
-30  -4  -4 
-22  68  10 
-4  -64  52 
-34  -20  64 
-8  -60  68 
-20  -30  -14 
-8  -64  -48 
20  14  -14 
-20  -76  -36 
-24  0  6 
-2  -86  38 
-40  32  38 
-24  -36  54 
-36  -72  -4 
-12  30  -16 
-4  -34  -42 
-8  -36  -38 

//Reference=MNI 
//nullstudy_89
//Subjects=30
2  6  52 
34  4  -50 
-42  -68  14 
-48  44  -2 
-54  -16  30 
-22  42  32 
-22  -26  54 

//Reference=MNI 
//nullstudy_90
//Subjects=31
-26  18  40 
-56  -18  -12 
-26  -80  6 
-30  -6  -40 
-4  30  30 
-40  -50  18 
-4  12  32 
0  30  42 
64  12  10 
44  18  -2 
-36  28  -4 
-52  6  -6 
-22  -14  62 
-54  10  22 
-28  -52  -54 
34  40  -16 
-24  30  44 
-54  -30  42 
-14  -30  10 
-46  -44  60 
-54  -34  52 
-22  -82  -34 
8  24  24 
60  2  4 
34  26  32 
-44  -56  24 
-12  -32  2 
-12  -12  24 
-64  -30  12 
50  2  -34 
-56  -16  -26 
44  26  48 
-24  -96  -16 
-10  -48  12 
-30  20  -28 
-44  24  18 
-54  -50  12 
-30  -60  30 
-22  -88  8 
-24  6  -26 
-14  -44  -16 
28  46  6 
-8  20  30 
-2  -4  64 
-40  16  48 
-48  -34  -28 
-38  -12  2 
-64  -6  -22 
-14  -30  -26 
-16  -70  0 
-50  -26  24 
-4  -66  -52 

//Reference=MNI 
//nullstudy_91
//Subjects=31
-28  -24  -18 
-48  -6  -2 
-16  -18  -28 
2  10  16 
2  52  -2 
-22  18  -24 
-58  -6  38 
-62  -32  -14 
-2  -72  56 

//Reference=MNI 
//nullstudy_92
//Subjects=30
-64  -42  -14 
-16  0  -30 
-32  10  36 
-44  -38  -26 
12  24  4 

//Reference=MNI 
//nullstudy_93
//Subjects=29
-66  -18  18 
46  18  44 
-16  -4  24 

//Reference=MNI 
//nullstudy_94
//Subjects=31
-44  -38  -16 
-40  52  -8 
-38  4  -36 
-24  -74  24 
-30  -48  34 
-58  -30  36 
-8  -46  -6 
-14  14  10 

//Reference=MNI 
//nullstudy_95
//Subjects=30
-36  14  54 
-8  -16  4 
2  16  14 
-18  -66  -16 
0  48  -4 
-20  10  66 

//Reference=MNI 
//nullstudy_96
//Subjects=30
-28  58  18 
-38  26  24 
2  24  -30 
-36  -54  -24 
4  42  48 
-50  14  36 
-6  -86  28 

//Reference=MNI 
//nullstudy_97
//Subjects=29
-14  -56  30 
16  42  -2 

//Reference=MNI 
//nullstudy_98
//Subjects=32
-32  36  38 
-34  -8  60 
-12  42  54 
-40  -16  44 
14  28  -16 
-10  -104  2 
-34  -2  -8 
-44  10  30 
-28  -74  24 
-32  -82  14 
-4  18  12 
-32  24  14 

//Reference=MNI 
//nullstudy_99
//Subjects=30
-28  2  46 
-12  -64  -22 
-2  -72  48 
-46  28  40 
-26  -66  6 
-10  -52  46 
-52  -16  -6 

//Reference=MNI 
//nullstudy_100
//Subjects=32
-38  -76  46 
44  18  20 
16  26  -4 
-8  -22  -12 
22  52  2 
34  4  -30 
-4  -28  80 
-58  -6  -8 
42  26  18 
-52  -18  -40 
38  2  18 
-4  -50  70 
30  46  10 
-20  -54  -10 
-56  -54  -40 

