//Reference=MNI 
//truestudy_1
//Subjects=10
46  -67  -6 
46  -64  -7 
45  -67  -5 
46  -67  -5 
48  -65  -6 
45  -66  -9 

//Reference=MNI 
//truestudy_2
//Subjects=13
46  -68  -6 
46  -68  -8 
46  -67  -6 
45  -67  -8 
48  -66  -7 
46  -66  -5 
48  -66  -5 
45  -66  -8 
47  -68  -6 
46  -66  -6 
45  -67  -7 
47  -65  -6 
48  -67  -5 
46  -66  -6 
46  -65  -7 
46  -66  -6 
44  -67  -6 
46  -65  -6 
46  -67  -5 
46  -67  -6 
46  -67  -6 
45  -66  -7 
45  -65  -5 
46  -65  -5 
47  -67  -5 
45  -67  -6 
47  -65  -5 
45  -64  -5 
47  -66  -7 
46  -67  -7 
45  -67  -5 
46  -67  -6 
44  -66  -5 
46  -67  -6 
46  -66  -5 
45  -67  -5 
46  -68  -5 
46  -65  -8 

//Reference=MNI 
//truestudy_3
//Subjects=9
45  -64  -5 
46  -69  -5 

//Reference=MNI 
//nullstudy_1
//Subjects=10
-2  -14  -4 
-38  -80  12 
-48  -64  -8 
36  30  8 
-48  -34  54 
-64  -18  -14 

//Reference=MNI 
//nullstudy_2
//Subjects=13
-10  -20  -12 
-32  30  18 
-64  2  16 
-28  -42  -14 
-28  -70  50 
-22  -80  22 
18  40  46 
-28  -62  -8 
-12  -66  58 
-14  20  -6 
-54  -2  -26 
28  6  46 
-8  8  42 
-8  32  -28 
-50  -80  -10 
44  4  0 
22  12  -32 
-46  38  4 
-16  -58  26 
50  20  10 
2  32  8 
50  22  -4 
-24  -8  -30 
0  14  24 
-12  -68  58 
-36  -50  -12 
-34  -56  44 
-16  -34  -46 
-12  52  32 
-12  -68  2 
-26  -4  -28 
62  6  -16 
-2  -32  -52 
36  52  -4 
-50  -40  36 
-46  -24  -20 
-36  -62  6 
-54  -64  14 

//Reference=MNI 
//nullstudy_3
//Subjects=9
-24  -74  -28 
-54  -48  16 

//Reference=MNI 
//nullstudy_4
//Subjects=8
-46  -78  8 
-2  -46  48 

//Reference=MNI 
//nullstudy_5
//Subjects=10
-36  2  44 
6  8  -20 
-38  -46  -8 
-30  -82  -40 
-24  60  -16 

//Reference=MNI 
//nullstudy_6
//Subjects=10
-6  -86  44 
-10  -66  48 
-48  -38  50 
-26  -26  66 
-50  -8  -42 

//Reference=MNI 
//nullstudy_7
//Subjects=10
-6  -44  72 
-52  -68  6 
-44  -10  -16 
-28  12  52 
24  56  16 
-64  -48  0 

//Reference=MNI 
//nullstudy_8
//Subjects=10
-40  -54  -14 
-22  14  -2 
30  10  62 
30  10  -12 
-48  2  6 

//Reference=MNI 
//nullstudy_9
//Subjects=12
-36  14  40 
-24  -10  46 
-52  -50  50 
-16  56  18 
24  32  56 
-8  20  -14 
14  22  -10 
36  10  64 
-4  -8  58 
-4  46  20 
-26  -26  60 
-22  30  48 
-56  -36  30 
-50  -10  -28 
-62  -38  2 
24  24  34 
2  20  -24 
-62  -38  10 

//Reference=MNI 
//nullstudy_10
//Subjects=9
-16  0  -44 
-20  -76  20 

//Reference=MNI 
//nullstudy_11
//Subjects=11
-18  -10  -34 
-64  -8  6 
-2  -32  78 
2  54  -20 
-36  -20  66 
-22  22  56 
-6  -44  30 
-10  -48  -2 
-6  -42  18 
-34  -6  -24 
50  2  -4 
-46  -56  22 
-14  6  24 
-28  34  -20 
-6  -58  20 
-22  10  -42 

//Reference=MNI 
//nullstudy_12
//Subjects=7
-40  -54  -40 
-20  16  42 

//Reference=MNI 
//nullstudy_13
//Subjects=10
-28  -92  12 
-4  -52  26 
16  60  30 
6  24  62 
-50  -12  -24 
26  36  -16 
-66  -20  -14 

//Reference=MNI 
//nullstudy_14
//Subjects=10
-26  -82  6 
4  58  24 
-36  -8  58 
14  22  66 

//Reference=MNI 
//nullstudy_15
//Subjects=10
-58  -48  -12 
-8  34  -28 
-22  -76  16 
-48  28  36 
-46  -10  32 
-46  -74  14 
-60  -16  26 
-42  2  12 
-52  -48  -24 

//Reference=MNI 
//nullstudy_16
//Subjects=10
6  60  -18 
-18  -78  50 
-2  48  34 
10  64  -18 
38  10  40 

//Reference=MNI 
//nullstudy_17
//Subjects=11
-28  50  -2 
-8  56  30 
-28  -84  32 
-42  20  -30 
-26  18  50 
-18  -40  6 
-4  20  -4 
-2  30  20 
-42  -78  24 

//Reference=MNI 
//nullstudy_18
//Subjects=9
-28  16  -18 
36  10  -44 
-34  -88  12 

//Reference=MNI 
//nullstudy_19
//Subjects=10
-6  -60  64 
-6  -102  14 
-58  -18  0 
24  12  0 
-34  -76  -22 

//Reference=MNI 
//nullstudy_20
//Subjects=11
-44  28  -14 
-44  4  26 
-24  -2  6 
-64  -14  4 
-32  -54  -10 
-18  -26  10 
-50  -24  -16 
40  54  -4 
-14  -66  4 
-30  -72  22 
-56  -6  -34 
-2  18  28 
26  2  -34 
-16  -66  20 
-28  -10  -46 
-2  -50  40 
54  38  -10 
20  22  46 
-44  -86  4 
-24  -60  38 

//Reference=MNI 
//nullstudy_21
//Subjects=10
-58  -70  2 
16  2  70 
-26  62  -4 
48  28  -2 
-22  -12  52 
54  8  -18 
10  66  10 
-44  -68  -22 
-28  -90  30 

//Reference=MNI 
//nullstudy_22
//Subjects=10
50  20  -24 
-14  32  42 
-8  -76  22 
-18  -54  14 
36  18  -34 
36  12  48 
60  8  6 

//Reference=MNI 
//nullstudy_23
//Subjects=9
-40  -72  12 
-14  54  -14 

//Reference=MNI 
//nullstudy_24
//Subjects=10
-40  -46  48 
30  30  26 
-28  46  8 
-60  -26  -24 
-60  -18  36 

//Reference=MNI 
//nullstudy_25
//Subjects=9
-56  -32  -32 
-48  10  -8 
-26  8  46 

//Reference=MNI 
//nullstudy_26
//Subjects=10
-36  -38  64 
-18  -6  70 
-4  -36  62 

//Reference=MNI 
//nullstudy_27
//Subjects=10
44  12  30 
-28  6  -26 
-12  -24  -24 
-32  -80  8 
-18  -48  -42 
-56  -30  36 
-24  -64  -26 
-16  -22  70 
-34  50  8 

//Reference=MNI 
//nullstudy_28
//Subjects=12
-38  10  52 
-12  40  54 
-30  -62  42 
-42  8  32 
-50  34  6 
-22  -74  40 
-10  -50  40 
-62  -36  28 
14  44  -4 
-60  -34  20 
-40  -38  58 
-26  -12  10 
12  10  -10 
24  10  -28 
-50  -26  -32 
-52  -60  44 
-44  -18  64 
30  24  36 
-28  -16  4 
-34  -74  -58 
-36  30  -6 
-20  2  -36 
-26  56  -10 
-6  10  72 

//Reference=MNI 
//nullstudy_29
//Subjects=9
-28  -14  -22 
-22  -74  -16 
-14  -42  -62 

//Reference=MNI 
//nullstudy_30
//Subjects=11
28  66  6 
-48  -18  4 
32  12  -26 
-50  -20  38 
30  12  32 
-58  -12  0 
-2  -46  -46 
-2  4  44 
-52  -4  54 

//Reference=MNI 
//nullstudy_31
//Subjects=9
-32  -82  4 
-28  32  -6 

//Reference=MNI 
//nullstudy_32
//Subjects=11
8  26  58 
-10  -2  -36 
-36  -40  -38 
-58  -50  26 
-20  -60  -50 
-6  -28  18 
42  28  0 
-36  -10  58 
-52  -2  -28 
10  20  -4 
-22  -60  2 
-68  -18  28 
2  26  30 
-40  42  -14 
-28  -36  4 
-40  -66  -16 
12  54  20 
46  6  2 
-42  -4  -32 
-12  -86  6 
-44  2  22 
52  16  -16 
-14  16  14 
26  44  22 
-10  -62  -2 
22  30  -12 
-10  -70  -46 

//Reference=MNI 
//nullstudy_33
//Subjects=9
-26  -54  56 
-20  -66  -54 
-34  -14  -26 

//Reference=MNI 
//nullstudy_34
//Subjects=11
20  16  68 
-36  -44  -50 
-2  -58  66 
-4  -68  -52 
-2  -18  -24 
34  16  -22 
-38  24  -34 
4  46  -8 
32  56  0 
38  12  2 
-2  -10  14 
-46  -58  -50 
-30  -4  -30 
-10  -74  22 
-38  28  28 
-66  -18  26 
-8  -46  -56 
-44  36  36 
-8  -56  -8 
-42  -72  -8 

//Reference=MNI 
//nullstudy_35
//Subjects=10
-50  -44  34 
-8  -36  -46 
-40  -56  26 
-24  -34  10 
-42  26  -28 
-50  -50  -44 
-36  46  28 

//Reference=MNI 
//nullstudy_36
//Subjects=9
2  62  -6 
-34  -56  60 

//Reference=MNI 
//nullstudy_37
//Subjects=11
-14  40  22 
-14  -6  -38 
-56  -12  -42 
46  8  -30 
-66  -30  40 
-54  -52  24 
-20  -76  -46 
34  24  -24 
-26  -78  14 
-22  -56  62 
-14  -60  -44 

//Reference=MNI 
//nullstudy_38
//Subjects=12
4  40  -2 
-38  -26  42 
-10  -70  -34 
-52  -26  22 
-12  48  22 
2  10  66 
-38  -64  -10 
-4  -68  8 
4  6  68 
-2  -4  8 
-14  -22  -28 
-10  -106  -2 
-54  -68  -8 
0  54  6 
-18  -86  -2 
-24  -90  32 
-6  8  10 
0  50  20 
-14  26  -20 
-4  36  6 
-34  -54  46 
-34  -30  -22 
-28  28  -4 
-12  -106  -4 
-30  -42  -56 
44  18  20 
-16  6  -2 
18  10  -42 
62  6  -4 
-26  -8  12 
16  28  50 
6  44  32 
-42  -40  16 
2  48  40 
-36  -62  -48 
-16  -24  -26 
-44  -32  0 
-38  -78  -46 

//Reference=MNI 
//nullstudy_39
//Subjects=10
6  18  58 
-16  58  0 
-6  -60  36 
-28  14  -42 
0  20  6 

//Reference=MNI 
//nullstudy_40
//Subjects=12
-36  -38  52 
30  10  38 
-22  -68  -14 
-48  -40  24 
-42  -24  64 
-56  -18  38 
-26  -86  -32 
0  50  8 
-28  46  -2 
-26  -78  -46 
-52  -44  48 
-16  -64  36 
48  4  56 
-24  -34  -42 
58  30  -2 
-50  14  30 
-22  44  -14 
36  8  54 
-48  -74  8 
-44  -14  10 
2  4  54 

//Reference=MNI 
//nullstudy_41
//Subjects=12
-28  10  12 
-6  -66  46 
-2  -12  68 
-46  22  -2 
36  12  4 
-34  -50  54 
4  30  6 
-66  -8  -10 
-8  -72  -10 
-24  -52  -46 
2  42  28 
36  8  2 
-32  -74  54 
-50  22  -20 
-18  -22  28 
-44  -56  22 
-50  -44  -14 
-18  28  -22 
8  60  30 
-22  -100  -16 
-18  6  -36 
-52  -10  56 
-16  20  2 

//Reference=MNI 
//nullstudy_42
//Subjects=11
36  12  -42 
38  38  26 
-2  -78  2 
6  28  44 
-22  -62  26 
-14  -104  10 
14  52  -18 
-10  8  16 
-2  -24  -20 
42  14  -6 
-4  -42  16 
-52  -42  42 

//Reference=MNI 
//nullstudy_43
//Subjects=9
44  20  -26 
30  12  0 

//Reference=MNI 
//nullstudy_44
//Subjects=9
-48  -70  34 
-10  -28  56 

//Reference=MNI 
//nullstudy_45
//Subjects=10
-16  20  16 
-54  18  -18 
-42  -18  60 
-50  -20  52 
48  24  24 
-12  36  52 
2  42  -14 
-22  46  -12 
-8  -2  -16 
18  62  4 

//Reference=MNI 
//nullstudy_46
//Subjects=10
-20  14  66 
-42  26  36 
-18  -62  44 

//Reference=MNI 
//nullstudy_47
//Subjects=10
-44  -10  -4 
-14  32  -22 
-50  -32  50 
-48  -4  4 

//Reference=MNI 
//nullstudy_48
//Subjects=11
-54  -42  -28 
-36  -60  -34 
0  18  -8 
-26  -100  10 
-4  -74  34 
-20  -74  54 
-22  10  50 
-18  42  34 
-46  40  24 

//Reference=MNI 
//nullstudy_49
//Subjects=11
-46  -52  -22 
-48  36  16 
8  38  -28 
-26  28  -14 
-48  8  24 
-2  52  32 
-38  -64  -56 
-16  2  -42 
20  58  18 
34  12  -22 

//Reference=MNI 
//nullstudy_50
//Subjects=11
40  42  36 
34  38  38 
-14  -18  72 
6  42  18 
14  38  10 
-4  -32  -36 
-36  -26  50 
-16  -32  -18 
-46  -24  -8 
-56  -36  6 
-20  44  42 
-54  -54  -8 
-42  10  50 
-4  -88  10 
-4  -50  -28 
-50  -6  -4 
-50  -82  -4 
-36  -40  52 
-18  28  8 
-20  -84  -10 
-2  -82  20 
28  48  16 
-40  -70  50 
-14  -44  -2 
52  26  18 
-42  14  56 
-6  -10  4 

//Reference=MNI 
//nullstudy_51
//Subjects=10
-54  -20  -18 
38  20  46 
16  22  54 
-58  -6  44 
-14  -18  -18 
-44  -22  34 
-6  -70  42 
-24  -48  16 
-22  66  -10 

//Reference=MNI 
//nullstudy_52
//Subjects=9
34  40  -8 
-48  -64  -40 
-6  -44  68 

//Reference=MNI 
//nullstudy_53
//Subjects=10
12  42  14 
-36  -76  6 
4  10  -24 
-18  -90  -28 
-44  -38  4 
-30  -44  60 
26  10  42 
-24  -62  -26 

//Reference=MNI 
//nullstudy_54
//Subjects=8
-10  4  58 
-6  32  16 

//Reference=MNI 
//nullstudy_55
//Subjects=11
-56  -6  20 
-10  -78  -4 
-52  -46  56 
-30  -96  4 
-22  64  22 
6  42  46 
-10  -28  10 
58  16  22 
-6  -44  -12 
-20  48  10 

//Reference=MNI 
//nullstudy_56
//Subjects=11
-58  -22  12 
-50  -38  -32 
40  58  14 
-52  -8  12 
50  12  14 
22  54  8 
-28  42  10 

//Reference=MNI 
//nullstudy_57
//Subjects=10
-20  -60  68 
-2  -24  16 
-6  -8  10 
-8  -26  30 

//Reference=MNI 
//nullstudy_58
//Subjects=11
-8  -48  -60 
18  16  -6 
-10  -98  2 
-52  -16  -26 
-26  0  -8 
-60  6  -2 
56  6  22 
-42  -56  36 
-30  -34  56 
-20  12  44 
-54  -18  -2 
-52  -46  8 
-18  -48  -16 
-26  -54  -40 

//Reference=MNI 
//nullstudy_59
//Subjects=8
24  42  14 
-56  -54  0 

//Reference=MNI 
//nullstudy_60
//Subjects=11
-38  -8  -26 
-38  -50  -26 
-36  0  -14 
-28  -8  12 
-10  -46  -26 
30  6  68 
30  30  -18 
32  64  10 
-12  -32  14 
-4  -36  38 
38  28  14 
44  18  -4 

//Reference=MNI 
//nullstudy_61
//Subjects=10
-10  -58  -20 
-54  -38  -24 
-58  -2  6 
-2  40  -30 

//Reference=MNI 
//nullstudy_62
//Subjects=11
-38  -46  -34 
-8  -26  74 
-22  -10  -6 
-66  -34  24 
-54  -26  8 
-50  -36  -26 
-54  -28  -18 
24  46  34 
-2  22  24 
-18  26  42 

//Reference=MNI 
//nullstudy_63
//Subjects=10
-40  -8  -40 
-28  -22  -32 
-8  -32  28 
-6  -10  10 
-12  -66  -16 
34  46  -4 

//Reference=MNI 
//nullstudy_64
//Subjects=9
12  12  -4 
64  2  32 
-44  28  12 

//Reference=MNI 
//nullstudy_65
//Subjects=10
-22  -32  -18 
-52  -54  8 
2  40  -28 
10  24  60 
-14  -50  76 
-60  -16  -30 

//Reference=MNI 
//nullstudy_66
//Subjects=10
-26  -30  -12 
-34  42  -6 
-48  -14  -12 
-12  32  50 

//Reference=MNI 
//nullstudy_67
//Subjects=12
-28  20  10 
-10  -56  52 
12  40  30 
-2  -96  -22 
-8  22  -28 
-6  -72  20 
-40  -60  -48 
-28  -2  -4 
42  16  36 
-24  -82  -12 
-34  -36  -18 
-8  64  -6 
42  36  38 
18  20  56 
48  6  -46 
-48  -62  -4 
-24  4  -34 
-40  -82  26 
48  52  8 
-8  -24  66 
24  4  -10 
-22  4  -12 
-6  22  -8 
-6  -32  38 
-20  -30  -4 
-34  -14  -20 
38  16  14 
-24  -46  -18 
-2  -60  28 
-54  -26  -10 
-8  24  52 

//Reference=MNI 
//nullstudy_68
//Subjects=9
-2  54  40 
-42  -2  -12 

//Reference=MNI 
//nullstudy_69
//Subjects=11
-16  -40  -52 
-18  -68  44 
-6  42  26 
-58  -36  50 
-62  -12  -18 
-20  -32  16 
34  26  42 
-44  6  -10 
-52  -62  32 
8  58  -26 
-6  -56  -40 
-40  -18  -40 

//Reference=MNI 
//nullstudy_70
//Subjects=11
-10  34  -14 
46  18  -10 
-36  -46  50 
-52  -20  6 
-16  42  48 
22  38  42 
-10  -56  -48 
-26  -32  62 
-10  -48  58 
-26  16  -10 
-28  -26  12 
-16  -2  -30 
-34  -88  18 
-52  -76  8 
-36  -42  -16 
62  6  24 
-32  38  40 
40  8  44 
-14  -14  -18 
-6  18  22 
-12  16  -2 
2  20  28 

//Reference=MNI 
//nullstudy_71
//Subjects=9
-2  52  24 
-22  -2  -28 

//Reference=MNI 
//nullstudy_72
//Subjects=10
-66  -6  -20 
-2  -12  38 
24  62  4 
8  62  36 
14  12  68 
-30  12  -20 
-58  -26  6 
-2  -18  46 
-10  -96  -18 

//Reference=MNI 
//nullstudy_73
//Subjects=10
-30  -44  -14 
-36  4  -14 
-10  -56  26 
-24  -76  8 

//Reference=MNI 
//nullstudy_74
//Subjects=11
-30  -74  -18 
12  18  -22 
-44  -48  8 
50  6  44 
10  40  54 
-46  -4  -20 
-12  -12  -32 
6  34  14 
-52  -30  16 
62  2  -26 
-36  28  18 
10  36  -30 
-28  32  2 
-6  -6  64 
-4  -92  0 
28  30  6 
-2  -54  -52 
-6  -52  0 
-20  -52  -28 
-48  18  18 
-24  -42  -34 

//Reference=MNI 
//nullstudy_75
//Subjects=9
26  8  -40 
42  2  48 

//Reference=MNI 
//nullstudy_76
//Subjects=11
-30  -46  -44 
-54  -56  38 
-64  -38  24 
-10  -72  -32 
-10  0  -16 
-10  22  -12 
28  30  56 
-8  -38  48 
-8  -38  34 
-38  -50  32 

//Reference=MNI 
//nullstudy_77
//Subjects=11
-52  4  8 
-14  -54  30 
-34  -76  24 
-10  -14  -14 
-48  36  18 
-38  -66  46 
-4  22  -8 
54  6  -32 
22  56  16 
-2  42  8 
-2  -34  80 
38  44  -18 
40  20  -6 
-58  -52  -30 
-32  26  20 
-44  0  40 
-24  -60  -18 
-42  18  36 
-34  -70  -58 
-2  -70  38 
-6  -24  62 
-28  12  -36 
22  42  50 
-42  20  24 
10  10  8 
-26  -64  -12 

//Reference=MNI 
//nullstudy_78
//Subjects=8
-60  -10  36 
-4  4  40 

//Reference=MNI 
//nullstudy_79
//Subjects=11
-24  -44  -40 
-22  4  -26 
-46  -26  52 
-22  -82  0 
-38  6  24 
22  10  -4 
20  56  40 
-26  -48  60 
62  6  -24 
-32  2  52 
-12  16  -16 

//Reference=MNI 
//nullstudy_80
//Subjects=10
-2  -40  -20 
-38  2  0 
-16  -76  -46 
-6  24  -16 

//Reference=MNI 
//nullstudy_81
//Subjects=10
-2  -74  32 
50  44  -10 
-30  46  36 
-26  26  34 
-20  -82  32 
58  4  40 

//Reference=MNI 
//nullstudy_82
//Subjects=10
-38  -82  -2 
-44  -48  -28 
4  16  -28 
26  42  30 
-42  40  14 
-40  -80  26 
22  66  -14 
48  46  -2 
26  20  -22 
-38  -80  0 
-20  8  72 
-32  -52  64 
-14  -30  -16 
-24  -78  -20 
-4  -46  30 
46  28  -6 

//Reference=MNI 
//nullstudy_83
//Subjects=11
64  2  -6 
-16  -84  -24 
-56  -54  -40 
-46  -58  -44 
-10  14  -28 
-6  18  -24 
40  44  24 

//Reference=MNI 
//nullstudy_84
//Subjects=11
-6  -78  36 
-4  -26  -46 
-42  -6  -18 
-10  -76  -30 
-10  14  8 
34  24  -26 
-50  18  -2 
-50  -16  48 
-16  -68  38 

//Reference=MNI 
//nullstudy_85
//Subjects=9
-12  -58  0 
-2  -2  22 
50  2  44 
-8  -72  14 

//Reference=MNI 
//nullstudy_86
//Subjects=10
-10  -20  12 
-20  -60  40 
-28  28  54 
-22  -44  -4 
-42  -68  16 

//Reference=MNI 
//nullstudy_87
//Subjects=10
-8  42  12 
-28  -54  -22 
-30  10  -2 
-32  -52  -58 
-22  -30  70 
40  2  60 
-26  -52  4 
6  42  24 
28  20  52 

//Reference=MNI 
//nullstudy_88
//Subjects=9
-26  -66  -18 
2  46  -2 

//Reference=MNI 
//nullstudy_89
//Subjects=10
12  58  0 
-34  -50  -24 
46  14  -6 
-38  -60  -60 
-62  -4  -12 

//Reference=MNI 
//nullstudy_90
//Subjects=9
-48  -42  18 
-8  12  64 

//Reference=MNI 
//nullstudy_91
//Subjects=11
-10  -40  -20 
-2  -20  54 
-14  -62  22 
22  56  2 
-46  50  -2 
-14  -66  4 
-14  -54  40 
-28  -84  -28 
-12  -74  -24 
-18  -58  8 
-28  -96  -8 
-28  64  12 
-46  4  52 
-46  -60  54 
-40  -52  -16 
-20  -64  -34 
-20  4  72 
-56  -48  -2 
-54  20  2 
-24  -20  74 
-12  -42  60 
-34  14  52 
8  4  70 
-50  -58  36 
-4  30  -2 
4  44  16 
8  66  2 
-14  64  2 
30  14  52 
-12  -54  0 
0  8  -10 
36  12  -32 
-10  -54  66 

//Reference=MNI 
//nullstudy_92
//Subjects=9
-20  32  -20 
-2  24  48 
-10  -26  44 

//Reference=MNI 
//nullstudy_93
//Subjects=7
28  12  -46 
-14  64  -16 

//Reference=MNI 
//nullstudy_94
//Subjects=11
-4  28  26 
-20  2  -38 
-28  -48  -44 
-20  -50  70 
-6  -40  -62 
60  2  24 
-48  32  -8 
-54  -6  44 
-44  -76  -40 
-18  68  -10 
16  10  64 
-8  -36  72 
8  28  -10 
-34  16  -26 
-22  -62  -8 
18  52  -14 
8  8  -16 
-20  -8  -42 
54  10  -26 
28  22  -26 
-4  -74  -18 

//Reference=MNI 
//nullstudy_95
//Subjects=9
-28  8  -40 
20  22  6 
-48  -72  -22 

//Reference=MNI 
//nullstudy_96
//Subjects=10
-62  -12  -26 
36  36  28 
-60  -42  26 

//Reference=MNI 
//nullstudy_97
//Subjects=10
-16  -34  44 
-12  0  54 
38  6  46 
38  26  20 
-8  -80  0 
-28  -76  46 
-52  8  -30 
26  64  -14 
-20  -58  -16 

//Reference=MNI 
//nullstudy_98
//Subjects=11
-6  52  24 
8  10  -26 
48  10  28 
-6  -82  14 
4  62  34 
2  52  14 
36  58  0 
-38  -60  12 
-36  -92  6 
-40  50  24 

//Reference=MNI 
//nullstudy_99
//Subjects=10
-24  -54  -4 
-48  -26  -20 
44  24  32 
-60  0  26 

//Reference=MNI 
//nullstudy_100
//Subjects=9
36  6  44 
-34  -48  -54 
-20  -34  -26 

