//Reference=MNI 
//truestudy_1
//Subjects=10
45  -67  -7 
47  -67  -6 
46  -65  -6 
45  -67  -5 
45  -66  -6 
46  -66  -4 
46  -66  -6 
44  -65  -8 

//Reference=MNI 
//truestudy_2
//Subjects=9
46  -67  -6 
46  -66  -8 
45  -65  -6 
45  -66  -7 

//Reference=MNI 
//truestudy_3
//Subjects=8
46  -68  -5 
47  -66  -4 

//Reference=MNI 
//nullstudy_1
//Subjects=10
-20  -2  -24 
-36  -52  28 
-8  54  12 
-20  16  -4 
-12  -24  -14 
-10  -22  80 
4  42  36 
-8  -10  2 

//Reference=MNI 
//nullstudy_2
//Subjects=9
-42  -2  6 
-40  -20  2 
-6  -36  -50 
6  64  -22 

//Reference=MNI 
//nullstudy_3
//Subjects=8
48  36  0 
-52  -68  22 

//Reference=MNI 
//nullstudy_4
//Subjects=11
-18  -26  16 
-20  -46  -34 

//Reference=MNI 
//nullstudy_5
//Subjects=9
-58  -14  6 
-16  -6  76 
46  16  -30 
-12  -66  -48 
10  42  6 
0  4  -22 
-18  -80  -8 
-8  32  -26 
-50  -26  30 

//Reference=MNI 
//nullstudy_6
//Subjects=9
-38  -82  10 
8  20  -4 

//Reference=MNI 
//nullstudy_7
//Subjects=11
26  2  -24 
50  22  22 
-8  54  -28 

//Reference=MNI 
//nullstudy_8
//Subjects=10
-12  -14  76 
-18  -16  20 
-60  -16  48 
30  2  -46 
-62  -24  42 
-8  0  -16 
18  2  -2 
-50  4  10 
12  12  38 
18  66  24 
-2  -28  80 
-8  -48  68 
-4  38  18 
42  16  -40 

//Reference=MNI 
//nullstudy_9
//Subjects=8
-32  -66  38 
22  46  18 
-16  -88  2 
16  20  -2 
-50  -38  -24 
-58  -16  4 
-18  -78  42 
-24  -72  36 
-44  -26  24 

//Reference=MNI 
//nullstudy_10
//Subjects=9
-52  20  -14 
-6  48  38 

//Reference=MNI 
//nullstudy_11
//Subjects=10
-28  -58  44 
24  42  -10 
-34  -38  -36 

//Reference=MNI 
//nullstudy_12
//Subjects=11
-66  -40  34 
-2  -12  10 
-24  -60  12 
-6  -60  -26 
-34  -72  -58 

//Reference=MNI 
//nullstudy_13
//Subjects=11
-48  -48  38 
-10  68  4 
-48  -70  -8 
-2  -70  8 
-4  -64  -24 
-28  -36  64 
20  30  -24 
16  46  -24 
-38  22  8 
-18  68  12 
-42  54  10 
-14  -20  12 
32  42  16 
46  2  12 
-16  -22  -6 
-66  -54  10 
-4  48  44 
16  48  -20 
40  24  34 
14  42  12 

//Reference=MNI 
//nullstudy_14
//Subjects=10
-44  10  42 
-8  -12  54 
-16  -2  -36 
-46  -42  -40 
-68  -34  -22 
-30  10  62 
-28  -78  20 
-14  -84  -46 
-44  -2  10 
-8  -16  16 
-12  50  34 
-50  14  32 
46  14  -24 
-2  -86  -26 

//Reference=MNI 
//nullstudy_15
//Subjects=10
-16  -6  -36 
-24  2  58 
-18  4  -14 
8  48  30 
10  4  58 
-12  8  42 

//Reference=MNI 
//nullstudy_16
//Subjects=10
-14  -34  -16 
-4  -64  4 
34  16  -14 
40  32  40 

//Reference=MNI 
//nullstudy_17
//Subjects=10
-42  -4  46 
-12  42  44 
18  28  40 

//Reference=MNI 
//nullstudy_18
//Subjects=8
-10  20  30 
-16  -64  28 
32  12  28 
-48  42  20 
10  4  -26 
-26  -70  6 
-8  46  -4 
24  34  48 
-28  -66  54 
-24  -46  52 
-8  -56  44 
0  62  18 
-14  16  -16 
-48  2  18 

//Reference=MNI 
//nullstudy_19
//Subjects=11
-38  -72  -34 
-18  -28  -2 

//Reference=MNI 
//nullstudy_20
//Subjects=10
24  16  -40 
-32  28  36 
-2  6  0 
-6  -24  40 
-42  18  24 
-30  -46  40 
-34  -16  -4 
22  28  -18 
-10  -28  -2 
-40  -42  40 
-54  10  34 
40  10  62 
8  10  62 
-20  -82  -8 
-26  -92  0 
-14  -104  4 
-10  48  -18 

//Reference=MNI 
//nullstudy_21
//Subjects=10
12  2  -22 
-24  -100  -16 
-10  -50  -34 
48  10  48 
-16  -76  30 

//Reference=MNI 
//nullstudy_22
//Subjects=11
-26  -12  -10 
-62  -44  38 
-14  -72  18 
44  2  36 
-12  14  -22 
6  8  26 
-52  22  -6 

//Reference=MNI 
//nullstudy_23
//Subjects=10
32  50  16 
-48  34  22 
-8  -12  74 
-24  10  -26 
-52  -10  -14 
-46  -50  12 
-10  -64  -50 
-54  -20  -24 
-62  -46  32 
-18  12  52 
-44  14  14 
-26  -66  -24 
-20  -24  -30 
-62  -16  8 
-38  -82  18 
-18  -44  18 
-4  22  -6 
8  64  0 
-10  -98  14 
44  4  0 
2  26  62 
-10  -42  -2 
-34  -4  14 
32  22  44 
-8  -6  40 
-6  40  20 

//Reference=MNI 
//nullstudy_24
//Subjects=11
-26  12  -4 
-12  -8  56 
-62  -34  20 
22  32  32 
-32  32  -14 

//Reference=MNI 
//nullstudy_25
//Subjects=10
10  38  56 
12  14  -10 
-2  46  40 
-32  -82  36 
10  36  -2 
-48  10  -42 
12  36  -16 
-44  -8  62 
-18  -4  -42 
46  38  -10 
-40  2  48 
-50  -64  16 
-38  -28  56 
16  56  28 

//Reference=MNI 
//nullstudy_26
//Subjects=9
-2  -6  -2 
-40  -86  14 
-10  -50  -8 
-8  16  56 
-4  68  2 
-44  -44  56 

//Reference=MNI 
//nullstudy_27
//Subjects=11
-2  -38  -8 
-40  -80  22 

//Reference=MNI 
//nullstudy_28
//Subjects=9
-16  -88  -46 
-4  -74  28 
-10  -36  2 
-30  -52  -10 
-4  -16  4 
-16  -30  62 
-20  42  34 
-2  -64  -54 
-4  8  72 
32  42  -12 
18  50  24 
-36  -46  -16 
28  10  -42 
-42  40  34 
-62  -2  -4 
-42  -36  4 
-26  52  -16 
8  14  46 
44  14  -22 
-16  14  0 
-24  32  26 
-36  -20  -22 
-6  30  38 
16  70  8 
-10  -74  26 
28  14  -18 
-38  -76  -6 
-44  -24  36 
-28  2  -14 
-36  -46  -48 
-46  -52  4 
24  54  0 
-40  -26  60 
-22  46  44 
42  18  34 
-28  -58  -34 
-62  4  18 
-48  46  14 
-42  -34  44 
-28  14  -42 
-14  38  -28 
-2  -54  52 
-22  -94  0 
46  12  -26 
-22  -74  46 
-48  -18  0 
-18  -28  70 
-28  -88  -42 
-22  -12  -8 
-60  -26  42 
4  20  68 
-40  -62  -50 
-26  -70  40 
-64  -10  30 
-22  -6  -42 
-10  36  58 

//Reference=MNI 
//nullstudy_29
//Subjects=8
-16  -72  28 
-2  -88  -20 

//Reference=MNI 
//nullstudy_30
//Subjects=9
-28  -16  -34 
48  28  8 

//Reference=MNI 
//nullstudy_31
//Subjects=8
34  10  24 
2  30  22 

//Reference=MNI 
//nullstudy_32
//Subjects=11
-10  -100  -6 
-68  -28  -18 

//Reference=MNI 
//nullstudy_33
//Subjects=11
50  16  -2 
2  8  -20 
-2  4  32 
-62  -46  20 
8  2  -30 
28  8  -8 
-14  -76  -8 
-20  -26  -26 
-28  -6  0 
-4  -52  52 
-2  -18  -44 
14  8  -4 
-6  -12  76 
-28  -78  10 

//Reference=MNI 
//nullstudy_34
//Subjects=9
-10  -52  -8 
-46  -14  -12 
-14  -94  -30 
-40  -64  32 
-62  -24  -26 
-2  -56  44 
-8  44  -8 
-4  -58  50 
4  36  60 
-20  2  56 
-50  -46  38 
-24  -86  8 

//Reference=MNI 
//nullstudy_35
//Subjects=9
-40  -46  36 
-16  28  54 

//Reference=MNI 
//nullstudy_36
//Subjects=11
-34  -30  72 
-30  -46  34 
-4  32  54 

//Reference=MNI 
//nullstudy_37
//Subjects=8
50  38  -10 
32  16  28 
22  8  70 
-12  -86  -4 
-42  -34  34 
-26  -86  16 
0  50  28 
-12  8  48 
-16  30  54 
-38  -64  14 
-28  44  42 

//Reference=MNI 
//nullstudy_38
//Subjects=9
-34  -68  -40 
-40  6  -16 

//Reference=MNI 
//nullstudy_39
//Subjects=11
46  12  2 
-68  -46  -2 
-46  40  12 

//Reference=MNI 
//nullstudy_40
//Subjects=11
22  8  -2 
-6  -32  2 
-14  -84  4 
-40  6  -14 
64  6  14 
-30  -8  -12 
-50  -4  -46 
10  18  -6 
-8  14  32 

//Reference=MNI 
//nullstudy_41
//Subjects=8
26  30  54 
-66  -56  6 
0  62  -16 
-50  -56  -48 
-6  -22  44 
26  60  0 
-22  -10  -46 
-18  -102  0 
14  10  70 
20  8  -30 
-46  32  32 
-4  -66  -38 

//Reference=MNI 
//nullstudy_42
//Subjects=11
-56  -64  14 
40  42  0 

//Reference=MNI 
//nullstudy_43
//Subjects=11
-34  -74  44 
-62  10  14 
-26  48  28 
-48  16  -24 
-6  24  -18 
8  28  22 
-20  -44  -26 
-38  32  20 
-36  -32  46 
-6  66  -6 
0  50  -2 

//Reference=MNI 
//nullstudy_44
//Subjects=10
-42  -56  -46 
-2  -14  -24 
46  34  0 
-44  -40  50 
-20  -6  -22 
-2  -48  -56 
-48  -28  42 
8  38  -30 
-28  14  66 
-56  10  22 
-30  32  32 
-2  -34  -22 
-56  -30  -28 
26  42  -20 
-6  -64  8 
-16  -64  42 
-18  -70  -22 
-4  40  -14 
-36  30  28 
-44  -22  -20 
-48  -38  -30 
-36  -22  6 
-54  -18  18 
-48  -12  12 
44  14  16 
-2  -54  -8 
-66  -20  -18 
-56  4  44 
-52  -56  44 
22  2  -16 
16  4  16 
-6  -22  -20 

//Reference=MNI 
//nullstudy_45
//Subjects=11
38  22  18 
-12  -46  -26 
-24  -68  36 
-52  -8  54 
-32  18  -34 

//Reference=MNI 
//nullstudy_46
//Subjects=11
-12  -28  -10 
-32  -72  -38 
-2  -16  66 
-16  -90  -18 
-28  -84  -50 
-56  -40  22 
-60  -48  6 
-40  20  -30 

//Reference=MNI 
//nullstudy_47
//Subjects=10
-50  -50  34 
-26  -36  14 
18  26  -4 
-32  18  60 
-26  -50  -14 
-52  0  6 
-38  2  24 
28  44  -8 
-30  -16  0 
-16  -46  -58 

//Reference=MNI 
//nullstudy_48
//Subjects=10
-54  20  22 
-12  -84  14 
-44  -46  26 
-18  -46  68 
-10  -58  56 

//Reference=MNI 
//nullstudy_49
//Subjects=10
-34  -32  -18 
-6  -64  -34 
-20  -92  4 
22  50  28 

//Reference=MNI 
//nullstudy_50
//Subjects=11
44  50  8 
-32  -42  -26 
-46  -8  -36 
38  54  24 
-24  -26  54 

//Reference=MNI 
//nullstudy_51
//Subjects=10
62  4  -22 
-20  -12  72 
-10  -38  -24 
-56  -34  -12 
-66  -32  18 
-22  52  -12 
-48  -44  -6 
-38  -78  -44 
-24  -48  -18 

//Reference=MNI 
//nullstudy_52
//Subjects=10
0  2  -20 
-6  -84  34 
-18  -60  36 
20  10  -24 

//Reference=MNI 
//nullstudy_53
//Subjects=9
-58  -8  -10 
24  60  -4 
-32  -48  4 
-22  -36  18 
-36  -10  46 

//Reference=MNI 
//nullstudy_54
//Subjects=8
-40  -50  -50 
6  48  -24 

//Reference=MNI 
//nullstudy_55
//Subjects=11
44  40  22 
-38  -10  68 

//Reference=MNI 
//nullstudy_56
//Subjects=11
4  46  4 
-4  36  -20 
-22  -86  26 
-2  -74  -34 
-12  -74  -46 
-22  8  46 
26  60  -18 
-54  -12  30 
-34  -96  -10 
-36  -78  34 
-14  -36  40 
18  12  0 
-52  -72  -24 
-36  -10  56 
52  20  30 
-46  -56  -48 
12  22  0 

//Reference=MNI 
//nullstudy_57
//Subjects=12
40  26  -26 
-32  -42  -10 
-54  -16  16 
-34  -20  72 
6  58  4 
-20  -32  -28 
-22  -34  64 
-32  -16  -32 
-16  0  26 
-52  -22  -16 
12  36  -22 
-42  -12  -8 
-48  -38  36 
-62  -28  26 
-54  -66  -28 
-10  -66  -12 
-56  -66  14 
-58  -8  4 
-6  -14  32 
-18  -92  26 

//Reference=MNI 
//nullstudy_58
//Subjects=11
-40  -40  -44 
-18  16  10 
-28  -84  -36 
-22  -52  6 
-4  48  -30 
8  2  6 
28  2  60 
-60  -12  34 
-2  60  -12 
38  16  56 
-22  -14  -14 
-28  44  28 
-58  -64  16 

//Reference=MNI 
//nullstudy_59
//Subjects=11
34  8  -24 
-16  -42  -52 
20  8  64 
48  32  32 
-50  -76  12 
38  28  22 
-30  -60  -54 
10  48  -22 
-28  -58  52 
18  36  40 

//Reference=MNI 
//nullstudy_60
//Subjects=10
-50  -10  50 
-2  60  16 
-34  -74  50 
-34  -32  24 
-8  -24  -40 
-52  -54  -38 
-20  -40  6 
-14  -72  -14 
-40  -44  -28 
14  8  66 
-56  -60  -12 
60  18  6 
-40  48  -12 
-38  10  24 
10  28  34 
-26  -18  56 
-30  -6  8 

//Reference=MNI 
//nullstudy_61
//Subjects=10
-36  -36  8 
32  38  16 
-26  -16  58 
-60  -24  -22 
-62  -2  30 
-24  -4  -20 
-38  -24  -32 
-4  -28  70 
-42  -10  -44 

//Reference=MNI 
//nullstudy_62
//Subjects=13
-46  -20  36 
-38  -52  -24 
-44  -12  -30 
24  58  -14 
24  38  -14 

//Reference=MNI 
//nullstudy_63
//Subjects=10
-6  -8  18 
-68  -20  28 
-26  62  12 
36  2  -6 
-14  -66  0 
-16  42  44 
-20  -74  -44 
-14  -96  -22 
-46  20  -16 
-4  46  46 
-8  -66  64 
4  50  -6 
32  64  14 
-30  -58  38 
-6  14  32 
-40  -34  14 
-32  0  -26 
36  14  62 
-40  -60  8 
28  24  -26 

//Reference=MNI 
//nullstudy_64
//Subjects=10
2  52  18 
-28  -68  58 
-6  -56  -52 
10  54  16 
-38  48  -4 
-62  -12  -14 

//Reference=MNI 
//nullstudy_65
//Subjects=9
-6  -52  -50 
-44  -12  -42 
32  22  36 

//Reference=MNI 
//nullstudy_66
//Subjects=11
-6  18  42 
16  36  22 
-40  -48  -52 
0  26  26 

//Reference=MNI 
//nullstudy_67
//Subjects=9
18  8  -10 
-46  16  -4 
0  44  30 
-58  -22  28 
20  42  -16 
-52  -72  -22 
10  62  20 
48  24  -28 
-34  -82  30 
-48  -76  24 
-38  8  4 

//Reference=MNI 
//nullstudy_68
//Subjects=9
-18  56  38 
-6  -34  -20 
-12  32  16 
-32  4  -40 

//Reference=MNI 
//nullstudy_69
//Subjects=11
-60  -12  42 
16  8  -38 
-28  16  10 

//Reference=MNI 
//nullstudy_70
//Subjects=9
-36  -84  26 
60  4  12 
38  10  50 
-4  -14  2 
-40  -54  -40 
-2  -36  30 
-52  -64  -24 

//Reference=MNI 
//nullstudy_71
//Subjects=10
-32  52  26 
6  50  50 

//Reference=MNI 
//nullstudy_72
//Subjects=11
-20  -6  -10 
-2  -84  18 
-10  2  42 
-10  -68  -30 
14  64  -2 
62  12  -2 

//Reference=MNI 
//nullstudy_73
//Subjects=8
-4  -54  -54 
54  8  -2 
-18  -64  10 
-10  36  20 
-28  -8  -16 
-24  -14  -26 
-30  -6  62 
-28  58  -4 
20  6  -46 
28  24  6 
-18  -26  78 
-30  -16  -2 
-16  -64  64 
32  32  24 
-4  -16  56 
-34  -30  -12 
52  10  50 

//Reference=MNI 
//nullstudy_74
//Subjects=10
34  10  -46 
-4  -52  -34 

//Reference=MNI 
//nullstudy_75
//Subjects=10
-54  34  -4 
-4  14  66 
18  6  -34 
-44  -68  48 
-50  -24  52 

//Reference=MNI 
//nullstudy_76
//Subjects=10
22  2  56 
-26  -16  -10 
-24  10  -10 
-40  12  -44 
-56  -4  44 

//Reference=MNI 
//nullstudy_77
//Subjects=11
-28  -20  -12 
-2  -82  30 
8  56  6 
-26  -6  58 
28  8  -32 
-22  -96  -16 

//Reference=MNI 
//nullstudy_78
//Subjects=9
-26  -92  -32 
-70  -38  4 
-36  24  32 
46  10  44 
-4  6  38 
-12  -50  32 
6  34  -26 
44  48  0 
-18  -94  22 
-66  -16  -14 
-44  -38  46 
-36  -68  26 
-54  -4  32 
-2  60  12 

//Reference=MNI 
//nullstudy_79
//Subjects=11
-4  4  72 
-20  -2  -34 
-10  -18  24 

//Reference=MNI 
//nullstudy_80
//Subjects=11
38  4  6 
-18  -88  -18 
-12  12  -2 
-14  -16  6 
-36  -68  28 
-36  -50  52 
-36  0  -2 
-56  -34  54 
-20  -52  -20 
-28  14  -38 

//Reference=MNI 
//nullstudy_81
//Subjects=10
-48  -32  22 
-52  8  -24 
-18  -34  -44 
-52  -4  -24 
-50  -80  -12 
-42  34  24 
-58  -4  8 
-44  -4  -28 
-30  46  6 

//Reference=MNI 
//nullstudy_82
//Subjects=9
-30  -66  -46 
8  42  0 
2  22  42 
-10  -58  68 
-4  -28  48 
-10  -26  36 
-6  -68  -26 

//Reference=MNI 
//nullstudy_83
//Subjects=9
-54  -42  34 
20  44  -14 
16  62  10 

//Reference=MNI 
//nullstudy_84
//Subjects=10
-30  34  30 
-16  -34  16 

//Reference=MNI 
//nullstudy_85
//Subjects=9
-20  0  -34 
-4  -20  40 
-6  -50  54 
-60  -42  42 
-18  -92  32 

//Reference=MNI 
//nullstudy_86
//Subjects=11
-18  52  38 
-36  -60  -38 
-20  -72  44 

//Reference=MNI 
//nullstudy_87
//Subjects=11
-60  -28  -18 
-44  46  -18 
-36  -20  -38 
-12  -34  -42 
34  24  -34 
-32  -90  12 
-6  -24  36 
50  2  26 
-16  -32  0 

//Reference=MNI 
//nullstudy_88
//Subjects=10
40  54  -12 
-32  -12  68 
-44  40  18 
-10  -38  -46 
-44  -74  8 
-56  -6  -6 
-54  -2  10 
-8  -40  66 
-36  34  -2 
-62  -14  10 
2  6  62 
-18  -8  -26 
-18  -78  -32 
-52  -20  22 
30  48  36 
-48  -48  -52 
4  10  30 
-16  52  -22 
-36  36  6 
-44  -38  24 
8  64  -6 
6  36  36 
62  6  16 
-46  20  28 
6  36  -10 
4  16  34 
-18  -10  -12 
-2  6  74 
-50  -30  -32 

//Reference=MNI 
//nullstudy_89
//Subjects=11
-56  -26  6 
-44  -70  18 
-48  12  -4 
-14  -60  -16 
-20  -12  60 
44  42  6 
10  4  -24 

//Reference=MNI 
//nullstudy_90
//Subjects=10
10  34  12 
-22  -48  62 
-24  -18  74 
-20  0  -24 
-6  -58  -34 
-22  -28  -4 
-36  28  38 
-66  -42  18 
-44  -56  48 
-36  -4  42 
-2  -92  12 
-20  -52  8 
-64  -40  32 
-20  -74  22 

//Reference=MNI 
//nullstudy_91
//Subjects=10
32  6  42 
-6  40  56 
-34  -52  44 

//Reference=MNI 
//nullstudy_92
//Subjects=9
-38  16  -18 
-10  8  -20 
-56  -20  38 
-38  -52  30 
-34  -76  32 
-42  -66  28 

//Reference=MNI 
//nullstudy_93
//Subjects=9
-8  -56  -24 
34  2  36 
4  18  22 
-34  0  -46 

//Reference=MNI 
//nullstudy_94
//Subjects=10
-18  44  -20 
60  20  0 
-36  -48  64 
-6  -80  10 

//Reference=MNI 
//nullstudy_95
//Subjects=11
-34  -10  -30 
32  20  10 
-6  38  10 
-6  -12  -34 
-6  60  -20 

//Reference=MNI 
//nullstudy_96
//Subjects=11
34  2  -6 
-16  -46  -8 
-2  34  0 
-28  -34  60 
-20  30  54 
-26  -68  62 
46  50  -4 
28  34  34 
4  10  -26 
-38  -94  -6 
-4  -44  -64 
-2  12  54 
-4  -26  16 
-2  4  0 

//Reference=MNI 
//nullstudy_97
//Subjects=9
-12  64  18 
16  42  6 
-2  -18  6 
-14  62  28 
-10  -10  62 
-60  -20  26 
6  2  -10 
-16  58  -18 
-38  -26  0 
0  16  26 
16  20  14 
-50  -38  60 
34  52  12 
-12  -44  4 

//Reference=MNI 
//nullstudy_98
//Subjects=9
-4  22  6 
32  26  58 

//Reference=MNI 
//nullstudy_99
//Subjects=11
-32  -90  24 
-42  -64  38 

//Reference=MNI 
//nullstudy_100
//Subjects=11
-26  -72  -56 
-18  -18  62 
-30  -46  -48 
-34  -56  54 
36  32  32 
-12  8  50 
-28  0  56 
-58  -8  26 
28  52  -16 
52  32  10 
-2  46  22 
-30  18  34 
-20  -34  -18 
-20  8  50 
-38  -66  -6 
-4  54  -28 

