//Reference=MNI 
//truestudy_1
//Subjects=9
47  -67  -6 
45  -66  -6 
49  -67  -5 

//Reference=MNI 
//truestudy_2
//Subjects=12
45  -66  -4 
47  -65  -6 
46  -66  -5 
47  -65  -5 
44  -67  -5 
46  -66  -7 
47  -65  -8 
45  -67  -5 
45  -66  -6 
46  -65  -6 
45  -66  -8 
46  -66  -6 
45  -65  -7 
46  -67  -7 
46  -67  -6 
47  -67  -4 
48  -67  -7 
46  -67  -7 

//Reference=MNI 
//truestudy_3
//Subjects=10
46  -64  -6 
45  -67  -5 
46  -66  -5 
47  -67  -7 

//Reference=MNI 
//nullstudy_1
//Subjects=9
-10  -88  30 
6  56  -20 
-22  -14  72 

//Reference=MNI 
//nullstudy_2
//Subjects=12
-4  12  -22 
28  18  44 
-18  -88  22 
24  42  44 
-24  -72  -54 
-20  -60  4 
-14  -32  60 
22  48  -18 
-20  24  -18 
-48  2  18 
-42  18  -26 
-14  18  66 
-42  -4  -16 
-26  20  -36 
32  10  26 
-42  44  -8 
-54  -60  -22 
-36  24  28 

//Reference=MNI 
//nullstudy_3
//Subjects=10
-22  -16  -4 
16  18  -10 
-22  12  4 
-6  -40  54 

//Reference=MNI 
//nullstudy_4
//Subjects=10
52  12  28 
-38  34  28 
-50  -2  -38 
-14  -90  -32 
-32  14  -22 
20  32  58 

//Reference=MNI 
//nullstudy_5
//Subjects=10
-2  -40  -50 
-42  46  -16 
-36  -58  -18 
-50  8  30 

//Reference=MNI 
//nullstudy_6
//Subjects=10
-52  -42  -22 
-42  -42  -46 
-14  -32  -36 
-46  -44  -36 
46  4  -22 
-20  -62  -60 

//Reference=MNI 
//nullstudy_7
//Subjects=10
-36  48  14 
-50  -44  -18 
-40  22  10 
-10  18  4 
-28  22  44 
-6  44  -14 
-2  -46  -42 
-66  -52  4 
-10  -44  -38 

//Reference=MNI 
//nullstudy_8
//Subjects=11
-32  -14  -30 
20  54  30 
-38  -18  -20 
-22  -62  24 
-28  -66  22 
-46  -36  -2 
-2  30  -6 
-8  10  38 
10  66  12 
-8  58  24 

//Reference=MNI 
//nullstudy_9
//Subjects=9
-62  -22  34 
-50  -14  52 

//Reference=MNI 
//nullstudy_10
//Subjects=10
-42  -4  12 
-48  -46  -18 
-28  -56  2 
18  14  -10 
58  14  -10 
-54  -66  20 

//Reference=MNI 
//nullstudy_11
//Subjects=10
-6  -14  -12 
-50  -24  50 
-14  -36  -30 
-30  -54  62 

//Reference=MNI 
//nullstudy_12
//Subjects=9
-50  -56  20 
-58  -64  -8 
-14  20  58 

//Reference=MNI 
//nullstudy_13
//Subjects=9
22  56  20 
-2  -6  30 
-60  -52  -20 

//Reference=MNI 
//nullstudy_14
//Subjects=10
-28  -82  4 
48  16  12 
-8  6  8 
-46  -64  48 
-12  -16  54 
-12  26  -22 

//Reference=MNI 
//nullstudy_15
//Subjects=10
-44  24  -2 
-20  -84  -8 
-6  -40  44 
-42  -32  62 

//Reference=MNI 
//nullstudy_16
//Subjects=10
34  46  38 
42  36  18 
44  10  22 
-6  52  26 
40  32  4 
-36  -62  -10 
-28  24  -20 

//Reference=MNI 
//nullstudy_17
//Subjects=10
4  40  16 
-14  6  -4 
-44  -30  64 
-56  4  2 
-40  -66  -2 
-52  22  12 

//Reference=MNI 
//nullstudy_18
//Subjects=11
-58  -26  -6 
34  8  32 
-64  -60  6 
6  40  -28 
-28  30  -20 
-30  8  -30 
36  4  -26 
-10  -18  80 
-56  18  30 
2  40  -2 
-40  42  34 
-46  -56  42 
-2  -96  -22 

//Reference=MNI 
//nullstudy_19
//Subjects=8
-32  -46  48 
-2  -48  -2 

//Reference=MNI 
//nullstudy_20
//Subjects=10
-8  6  -6 
-22  -34  0 
32  42  10 
8  30  -26 
48  26  38 
-16  48  40 
-54  -50  -16 

//Reference=MNI 
//nullstudy_21
//Subjects=9
-30  54  -12 
-22  -54  -46 

//Reference=MNI 
//nullstudy_22
//Subjects=8
-8  -22  40 
-38  0  28 

//Reference=MNI 
//nullstudy_23
//Subjects=11
34  28  2 
12  50  12 
-4  -28  -6 
-44  -44  50 
-54  4  8 
-10  58  -12 
-2  16  -18 
-16  -44  -6 
-20  -62  -52 
48  28  12 
36  18  10 
-44  -28  34 
-18  -30  70 
-24  2  10 
-26  -96  20 
-54  8  34 

//Reference=MNI 
//nullstudy_24
//Subjects=10
-26  -82  28 
48  6  20 
-28  -40  -48 

//Reference=MNI 
//nullstudy_25
//Subjects=10
46  14  14 
-56  -46  -2 
34  26  24 
-28  -70  26 
-36  -18  -14 
-22  54  6 
-14  -62  -10 

//Reference=MNI 
//nullstudy_26
//Subjects=10
40  22  -6 
-22  -64  66 
-28  -40  48 
-14  -88  -40 
-8  46  52 
44  34  -8 

//Reference=MNI 
//nullstudy_27
//Subjects=11
-8  -58  24 
-36  44  20 
-16  -34  36 
-18  -32  -6 
6  58  30 
-8  -14  62 
50  24  -12 
-6  -58  40 
36  50  -2 

//Reference=MNI 
//nullstudy_28
//Subjects=10
-10  -68  12 
-22  56  6 
2  30  0 

//Reference=MNI 
//nullstudy_29
//Subjects=11
-38  -34  -30 
48  24  4 
-44  -10  -6 
-18  -80  -30 
-54  22  32 
-30  -62  -26 
-24  -52  62 
6  44  -14 
-14  -58  18 

//Reference=MNI 
//nullstudy_30
//Subjects=8
-2  -70  62 
22  42  48 

//Reference=MNI 
//nullstudy_31
//Subjects=12
-30  32  -8 
52  38  16 
-42  -68  2 
46  34  36 
-32  -26  70 
-50  -82  10 
-26  -42  8 
-18  -38  -16 
-12  -4  68 
-2  30  6 
-6  -96  -20 
-38  48  -18 
-2  -78  36 
-50  -28  -6 
-26  18  -10 
26  52  24 
10  26  -28 
-44  -36  60 
-58  -16  -26 
-42  -24  22 
-28  -70  -56 

//Reference=MNI 
//nullstudy_32
//Subjects=10
-50  -30  48 
-22  62  -18 
12  54  22 
-34  62  -8 
-2  -34  44 

//Reference=MNI 
//nullstudy_33
//Subjects=12
2  2  10 
-30  -84  24 
-4  40  36 
52  10  46 
4  2  68 
-48  -38  36 
-12  22  60 
-44  -66  -4 
-18  -76  18 
-16  -14  -24 
34  4  34 
-26  -20  66 
-6  0  10 
-6  54  14 

//Reference=MNI 
//nullstudy_34
//Subjects=11
30  26  28 
54  26  22 
16  4  -6 
34  12  2 
-42  -64  -46 
-30  -72  -16 
-2  -32  -50 
-8  62  -14 

//Reference=MNI 
//nullstudy_35
//Subjects=10
-4  -72  -36 
10  14  -24 
-38  10  -30 
-36  -30  46 

//Reference=MNI 
//nullstudy_36
//Subjects=11
-46  38  6 
-16  46  2 
38  40  30 
58  4  18 
26  16  60 
-4  36  50 
-48  -70  10 
-36  -70  -50 
28  26  -24 
10  6  34 
-62  -18  16 
-14  -34  -40 
-58  -44  34 
6  44  -30 
-14  48  -14 
-52  -20  52 
-48  -36  26 
-10  10  58 
54  8  46 
-14  2  -34 
26  14  0 
-6  -2  12 
-8  -56  -18 
-56  16  -2 
-6  -88  30 
-20  -74  14 
-52  -56  -8 
-22  -18  -22 

//Reference=MNI 
//nullstudy_37
//Subjects=9
-10  -68  -46 
-12  -26  -10 
-42  -18  14 

//Reference=MNI 
//nullstudy_38
//Subjects=10
-14  16  0 
58  18  -6 
20  6  6 
56  36  -6 
-10  -76  -4 
-2  -14  -12 
0  42  0 
-56  -16  8 
-46  46  8 
-30  20  30 

//Reference=MNI 
//nullstudy_39
//Subjects=9
0  56  -24 
-6  -76  -18 

//Reference=MNI 
//nullstudy_40
//Subjects=10
-10  -10  18 
-8  40  -28 
20  6  -8 

//Reference=MNI 
//nullstudy_41
//Subjects=8
-30  18  56 
-16  16  8 

//Reference=MNI 
//nullstudy_42
//Subjects=10
-20  -38  -52 
-48  -44  48 
-2  -46  -6 
-54  2  14 

//Reference=MNI 
//nullstudy_43
//Subjects=9
-52  -14  16 
-44  -20  -8 
26  28  -12 

//Reference=MNI 
//nullstudy_44
//Subjects=10
-14  -10  12 
-4  -62  -34 
-42  -40  -14 
-36  -74  26 
16  68  -12 

//Reference=MNI 
//nullstudy_45
//Subjects=9
4  28  54 
-10  -50  48 

//Reference=MNI 
//nullstudy_46
//Subjects=11
46  12  56 
-58  -10  26 
-44  -80  4 
-34  -66  50 
-38  -42  58 
50  6  -28 
34  42  34 
-16  -42  34 
-60  -22  38 
-40  -30  20 
-44  -54  -56 
-44  10  -16 
-62  -24  8 
-36  -58  -52 
-8  2  -6 
-24  16  -26 
10  40  4 
-12  -88  -8 
34  4  -22 
-22  -96  -4 
-14  14  18 
-48  -36  38 
-4  -78  10 
10  48  38 
-40  -78  -12 

//Reference=MNI 
//nullstudy_47
//Subjects=9
-26  -68  -32 
-32  10  2 
8  40  54 

//Reference=MNI 
//nullstudy_48
//Subjects=8
-48  -24  -20 
-66  -54  14 

//Reference=MNI 
//nullstudy_49
//Subjects=9
14  32  34 
-60  -34  40 
0  54  2 

//Reference=MNI 
//nullstudy_50
//Subjects=11
34  30  28 
-14  -74  44 
26  4  -40 
-16  -22  66 
-4  -58  34 
-26  -70  40 
-38  -62  -60 
-18  -84  -44 
-12  38  -14 

//Reference=MNI 
//nullstudy_51
//Subjects=10
-26  -22  -20 
-14  32  -22 
-14  -28  -14 

//Reference=MNI 
//nullstudy_52
//Subjects=10
-18  -34  40 
-34  -90  26 
38  48  -8 
-32  8  -38 
52  30  -10 
-16  -34  -46 

//Reference=MNI 
//nullstudy_53
//Subjects=11
30  30  48 
24  30  58 
-8  -46  76 
-2  -20  28 
-50  -20  -24 
62  8  -14 
40  2  26 
-36  -68  -46 
-40  -24  68 
-30  -78  -42 
-4  44  -32 
-26  -50  -8 
-6  -46  -32 
-16  -56  -20 
-10  -26  -20 

//Reference=MNI 
//nullstudy_54
//Subjects=8
2  38  -12 
-4  -2  56 
-2  34  -8 

//Reference=MNI 
//nullstudy_55
//Subjects=10
22  44  -14 
64  4  4 
-30  -16  8 
-6  -60  30 
-44  -64  52 

//Reference=MNI 
//nullstudy_56
//Subjects=8
-40  2  40 
-42  -24  36 

//Reference=MNI 
//nullstudy_57
//Subjects=10
-60  0  -26 
-52  -66  38 
-8  -74  8 
-20  10  -38 
-4  -82  46 
-22  -40  -56 

//Reference=MNI 
//nullstudy_58
//Subjects=9
-36  22  -38 
2  52  32 
-38  -74  -4 

//Reference=MNI 
//nullstudy_59
//Subjects=11
-22  -8  44 
-24  -58  32 
-12  16  -30 
-26  58  0 
-52  28  28 
-40  -72  22 
42  26  48 
-20  -42  -16 
-10  -88  36 
2  54  -18 

//Reference=MNI 
//nullstudy_60
//Subjects=9
-38  -80  -16 
36  28  -4 

//Reference=MNI 
//nullstudy_61
//Subjects=10
-10  22  34 
-34  12  54 
-10  -44  -36 
-6  50  22 
8  42  -28 
-14  22  64 

//Reference=MNI 
//nullstudy_62
//Subjects=11
-44  12  -4 
-10  -62  38 
-22  0  -28 
-10  -72  -38 
-14  -64  26 
-38  -28  68 
-42  -6  54 
-30  -58  -54 

//Reference=MNI 
//nullstudy_63
//Subjects=10
-24  -46  66 
-38  -70  -54 
-48  12  -2 
-32  52  28 

//Reference=MNI 
//nullstudy_64
//Subjects=10
-38  48  -14 
-44  -10  18 
-10  -28  -48 
-10  -46  -2 

//Reference=MNI 
//nullstudy_65
//Subjects=11
-24  36  30 
28  28  -24 
-40  -66  -50 
50  8  -36 
54  8  -6 
34  20  56 
-2  10  48 
-2  -40  -62 
-64  -6  0 
-16  20  -28 

//Reference=MNI 
//nullstudy_66
//Subjects=8
-14  -66  28 
8  22  48 

//Reference=MNI 
//nullstudy_67
//Subjects=10
6  10  66 
50  40  -18 
-54  14  36 
-16  -72  6 
-10  44  32 

//Reference=MNI 
//nullstudy_68
//Subjects=9
22  48  0 
-38  20  30 
-42  50  -8 

//Reference=MNI 
//nullstudy_69
//Subjects=10
2  50  38 
-14  -28  50 
-22  -72  60 
-56  22  8 

//Reference=MNI 
//nullstudy_70
//Subjects=9
-64  -12  28 
-36  -36  48 

//Reference=MNI 
//nullstudy_71
//Subjects=10
-10  -70  30 
-28  50  20 

//Reference=MNI 
//nullstudy_72
//Subjects=11
50  24  32 
20  2  -36 
2  6  64 
-28  -44  -12 
-22  16  -34 

//Reference=MNI 
//nullstudy_73
//Subjects=10
-48  -16  22 
-32  -52  -30 
-12  -86  4 
-68  -40  22 
-2  8  -8 
-8  -94  -4 
-16  14  -4 
-42  0  30 
26  34  54 
-2  52  18 
2  54  -14 
18  50  44 
-18  -34  -42 
22  10  -4 
6  26  42 
12  26  -14 
26  2  -40 
22  16  -8 
-34  52  14 

//Reference=MNI 
//nullstudy_74
//Subjects=8
28  42  42 
-52  -16  14 
-8  32  22 
-32  0  50 

//Reference=MNI 
//nullstudy_75
//Subjects=12
-12  -70  46 
-60  -48  36 

//Reference=MNI 
//nullstudy_76
//Subjects=10
42  6  58 
-12  32  18 
-28  -62  -44 
26  8  70 
6  24  44 
-60  -54  6 
-38  -20  56 
-18  16  16 
42  14  24 
18  62  16 
-10  22  68 
-16  18  18 
-8  -12  72 
2  58  30 
-40  -26  54 
-2  12  56 
-18  22  8 
-18  -4  -26 
-2  -78  4 
-12  -34  40 
-56  12  34 

//Reference=MNI 
//nullstudy_77
//Subjects=10
-32  16  44 
46  6  40 
42  4  60 
-4  -44  30 
48  2  -30 
-56  -60  42 
60  16  24 

//Reference=MNI 
//nullstudy_78
//Subjects=10
32  42  44 
-24  -74  -58 
-4  52  -18 

//Reference=MNI 
//nullstudy_79
//Subjects=12
48  48  -14 
-34  32  -2 
32  4  -6 
-58  -10  20 

//Reference=MNI 
//nullstudy_80
//Subjects=10
34  26  6 
18  10  -4 
-48  36  30 
-36  2  56 
-36  -46  40 
-46  -22  2 
42  36  8 
-58  14  2 
-2  -22  26 
-2  -84  -44 
-10  -8  42 
-16  -8  -10 
-46  26  24 
-60  -10  38 

//Reference=MNI 
//nullstudy_81
//Subjects=12
-22  -6  -34 
-12  40  0 
-14  -76  12 
-22  40  -22 
-22  0  -18 
-6  -66  56 
24  62  -10 

//Reference=MNI 
//nullstudy_82
//Subjects=11
-14  -64  0 
-16  -80  -46 
32  24  60 
-44  -54  -42 
-12  -64  -62 
-58  20  18 
-38  12  -8 
0  52  14 
52  10  -22 
-26  -36  52 
-2  -12  -20 
-4  -8  -2 
-2  -40  -26 
-14  16  10 
46  24  -16 
26  34  48 
38  38  16 
-48  -40  30 

//Reference=MNI 
//nullstudy_83
//Subjects=12
44  38  -2 
44  20  22 
48  10  22 
-12  34  -14 
-56  -56  -18 
-10  6  72 
-30  8  42 
-36  -66  40 
-34  4  -4 
32  16  -10 
42  10  42 
-68  -20  -2 
34  32  -20 

//Reference=MNI 
//nullstudy_84
//Subjects=12
-24  -56  -10 
38  34  -4 
20  42  28 
-4  24  -14 
-28  -40  52 
-62  4  20 
-4  18  26 
-62  -26  26 
-64  -46  -16 
-4  26  66 
10  4  64 
-34  -68  44 
-8  -66  64 
-36  -64  -46 
52  20  -24 
-52  -56  24 
-58  20  4 
-12  4  60 
-6  16  -20 
-2  22  36 
-16  -90  -26 
-2  -46  -14 

//Reference=MNI 
//nullstudy_85
//Subjects=11
0  54  20 
-32  -8  4 
-8  -70  -30 
52  22  -2 
18  30  60 
-2  4  34 
-40  -2  -38 
2  58  26 
-14  -54  -66 
-8  -50  -28 
-28  -60  66 
-46  -68  -8 
-12  -32  68 
-16  -46  -42 
-44  -54  58 
-38  -84  32 
-6  -22  -36 
-30  4  8 
-32  -60  46 
-2  -64  -60 
12  50  -14 
-24  -22  -16 
32  6  38 
58  12  36 
8  12  28 
-34  40  -10 

//Reference=MNI 
//nullstudy_86
//Subjects=10
-36  -94  -2 
-42  -48  -38 
-48  -26  46 
-52  -38  38 
48  16  -20 
-32  12  28 
4  60  28 
-60  -36  -12 
-24  -40  4 
32  18  8 
-48  -24  -2 
-34  -60  -36 
-66  -22  -16 
-8  28  -12 
-52  16  -14 
-42  -12  -32 
-30  56  14 

//Reference=MNI 
//nullstudy_87
//Subjects=9
-8  4  34 
-52  -74  20 
-20  -52  58 
-52  -40  2 
20  22  -22 
-6  -72  16 
-6  -86  32 
-44  38  12 
-24  -20  -14 
26  6  -40 
-8  -24  50 
-28  -56  60 
-2  26  44 
-28  20  -12 

//Reference=MNI 
//nullstudy_88
//Subjects=10
-60  -30  28 
-12  -60  52 

//Reference=MNI 
//nullstudy_89
//Subjects=11
-34  -30  24 
-22  0  0 
-8  -40  28 
-16  -76  40 
-42  8  44 
-36  38  22 
-16  -36  76 
-34  36  30 

//Reference=MNI 
//nullstudy_90
//Subjects=10
-12  -40  44 
44  20  -30 
-6  -20  8 
-6  2  46 
-32  -60  54 
-18  -24  -10 
-36  -60  44 
-22  4  68 

//Reference=MNI 
//nullstudy_91
//Subjects=10
-54  -18  54 
-28  12  -26 
-32  26  22 
-32  -46  -46 

//Reference=MNI 
//nullstudy_92
//Subjects=10
-44  -48  -26 
-6  -70  -30 
-32  -46  -22 
-44  38  12 
-2  -102  4 
-48  30  -16 
-38  -46  -24 

//Reference=MNI 
//nullstudy_93
//Subjects=11
-6  -62  20 
-16  -40  68 
-40  -46  56 
-48  -66  30 
-16  20  -2 

//Reference=MNI 
//nullstudy_94
//Subjects=8
-8  -66  46 
-18  4  -24 
-28  -8  -40 
38  38  -8 
-42  -4  -16 
24  60  -18 
-42  -50  28 
-58  -56  -34 
-52  -30  42 
-34  -24  -26 
-26  -52  -26 
24  8  2 
-26  -44  4 
-40  -70  -38 
-54  -2  0 
-8  -70  20 
-42  38  -16 
-6  -70  -8 
-14  40  20 
30  30  52 
32  6  -30 

//Reference=MNI 
//nullstudy_95
//Subjects=10
18  22  50 
2  12  10 
-10  40  -2 

//Reference=MNI 
//nullstudy_96
//Subjects=13
-18  -12  -36 
36  38  38 
14  14  62 
-26  -62  32 
4  62  16 
34  12  -24 

//Reference=MNI 
//nullstudy_97
//Subjects=11
-18  -4  64 
26  66  14 
-2  -44  -20 
-32  -30  64 
-12  -98  -8 
0  66  22 
-38  -50  44 
8  50  -26 
-36  -40  70 
42  24  52 
12  10  58 
-28  32  44 
-52  -8  -12 
-34  14  -36 
58  2  28 
-26  -2  52 
20  66  -4 
-50  -68  -24 
-60  -42  6 
-48  -30  -28 
52  34  -6 
-14  -68  -50 
-48  -14  10 
-70  -36  2 
-2  -32  68 
-20  -66  -26 

//Reference=MNI 
//nullstudy_98
//Subjects=13
-50  -4  -10 
30  20  48 
14  24  -2 
52  2  30 
-36  -76  14 
-36  16  -40 
-36  42  -18 
-36  -2  -4 
-40  26  28 
-8  -44  -32 
-12  -48  40 

//Reference=MNI 
//nullstudy_99
//Subjects=10
40  56  10 
-28  -60  54 
-2  28  -10 
-48  -72  2 
-18  -26  12 
-52  -10  40 
-24  -14  52 
-28  0  -36 
-26  -30  -32 
28  32  38 
-38  -12  -4 
-8  -28  -38 
-16  -30  26 
-10  -26  46 
-12  -58  -30 
-14  -82  22 
-54  -44  32 
-2  -48  6 
20  64  -10 
-54  14  18 
40  6  -22 
50  38  -16 
-2  58  -18 
-10  -18  -34 
-24  50  30 
-22  -58  58 
-56  -56  -20 
28  24  30 
-34  10  -16 
-60  -52  34 
-16  -80  -18 
20  22  44 
-28  2  60 
14  2  40 
-36  -16  -8 
-44  0  -6 
36  10  36 
28  34  50 
-30  -2  -42 
-32  -26  4 
-26  34  46 
10  44  -26 
-56  -64  -4 
-18  -50  74 
-2  -86  16 
-4  -14  -4 
-42  10  -46 
36  8  56 
18  36  -16 
-30  -78  46 
-52  -42  2 
-40  40  -12 

//Reference=MNI 
//nullstudy_100
//Subjects=9
-4  -64  36 
48  36  24 
-68  -14  26 
10  16  -6 
-16  -28  -42 
-42  -54  -44 
-52  -8  54 

