//Reference=MNI 
//truestudy_1
//Subjects=21
45  -66  -5 
46  -66  -5 
46  -68  -6 
46  -65  -5 
47  -65  -7 
47  -65  -4 
47  -65  -7 
46  -67  -4 
45  -67  -7 
48  -65  -6 
46  -66  -7 
45  -68  -4 
46  -67  -5 
45  -65  -6 
45  -67  -7 
45  -67  -6 
48  -66  -7 
46  -66  -6 
46  -65  -7 
46  -65  -5 
46  -65  -6 
47  -67  -5 
47  -66  -6 
42  -66  -5 
47  -66  -5 
47  -67  -7 
47  -67  -5 
47  -67  -6 
46  -66  -6 
45  -67  -6 
46  -64  -6 
47  -68  -5 

//Reference=MNI 
//truestudy_2
//Subjects=20
47  -66  -5 
46  -64  -6 
47  -65  -5 

//Reference=MNI 
//truestudy_3
//Subjects=20
46  -64  -7 
48  -68  -6 
45  -64  -6 
47  -67  -7 
46  -67  -6 
46  -65  -8 
47  -68  -7 

//Reference=MNI 
//nullstudy_1
//Subjects=21
-4  -82  -24 
-12  -26  6 
-36  -78  16 
2  4  14 
-40  -88  22 
-44  -76  26 
-8  -18  70 
-56  -18  18 
-10  -14  -28 
6  18  60 
-30  38  -20 
-4  -72  -44 
-40  -68  -10 
-22  -60  -38 
18  56  -6 
-22  -4  -34 
-36  -12  56 
-12  -18  -34 
40  4  16 
34  18  10 
-2  -30  -18 
-56  -58  -18 
4  24  18 
-26  24  40 
-8  -76  -54 
-40  -70  2 
-54  -44  -6 
50  16  44 
4  48  28 
8  28  46 
-32  2  52 
0  32  -20 

//Reference=MNI 
//nullstudy_2
//Subjects=20
32  10  42 
-6  -14  14 
12  36  44 

//Reference=MNI 
//nullstudy_3
//Subjects=20
-30  -66  34 
-18  -64  66 
-64  -52  -8 
-4  26  22 
54  14  0 
-4  -50  6 
-8  -30  28 

//Reference=MNI 
//nullstudy_4
//Subjects=19
20  48  14 
16  40  16 

//Reference=MNI 
//nullstudy_5
//Subjects=19
-30  -40  60 
40  52  -2 

//Reference=MNI 
//nullstudy_6
//Subjects=19
-14  6  16 
-46  -40  12 

//Reference=MNI 
//nullstudy_7
//Subjects=20
10  44  28 
-4  -4  28 
-16  -20  -28 
-24  -34  0 
-10  28  46 
-4  28  30 
6  12  62 
-44  34  16 
-26  -36  0 
-10  -70  12 

//Reference=MNI 
//nullstudy_8
//Subjects=21
-22  22  -22 
-34  -68  58 
-52  4  -34 
-66  -24  40 
-54  -68  -22 
-62  -36  26 
18  14  -6 
40  8  52 

//Reference=MNI 
//nullstudy_9
//Subjects=21
-18  -52  -14 
-2  -62  30 
-38  56  -12 
-56  22  26 
20  6  -10 
-30  18  0 
-6  -40  -38 
-52  0  -10 
-10  46  4 

//Reference=MNI 
//nullstudy_10
//Subjects=22
-44  24  12 
-6  -100  -12 
-24  -6  -36 
-38  -16  66 
-26  26  4 
-60  -10  -36 
-44  -50  24 
-20  -48  -22 
48  10  50 
-42  10  -12 
28  10  64 
42  12  40 
-48  6  -30 
-56  -40  -22 
-64  -38  42 
20  46  -16 
-48  -38  26 
-2  -84  -4 
-40  -76  -12 
-36  20  38 
-44  22  20 
54  4  -20 
-46  -70  26 
6  58  -26 
-18  26  42 
42  54  14 
-24  -10  60 

//Reference=MNI 
//nullstudy_11
//Subjects=20
-10  -62  -14 
32  24  -26 
18  62  -14 
20  16  54 
36  10  -4 

//Reference=MNI 
//nullstudy_12
//Subjects=19
-4  -10  52 
-38  18  12 
-18  -6  -24 
-62  6  16 

//Reference=MNI 
//nullstudy_13
//Subjects=19
32  16  -14 
-10  -40  -50 
-36  18  12 

//Reference=MNI 
//nullstudy_14
//Subjects=21
-2  -66  -56 
-52  -56  50 
-52  20  16 
-10  -62  -4 
-6  58  -6 
8  6  0 
-60  -38  14 
-4  -48  26 
-10  -14  66 
18  18  -24 
-2  4  -16 
-52  42  -2 
-16  -96  -4 
-4  46  38 
-52  8  -12 
-10  2  54 
-54  4  12 
64  4  -18 
52  14  12 
-26  -78  16 
-28  40  14 
-6  44  52 

//Reference=MNI 
//nullstudy_15
//Subjects=20
-54  -52  14 
34  8  8 
-2  -6  6 
-36  58  12 
-10  26  -22 
58  26  18 
48  2  32 
-4  -30  54 

//Reference=MNI 
//nullstudy_16
//Subjects=19
-32  60  4 
-54  -52  -14 
-6  -12  18 

//Reference=MNI 
//nullstudy_17
//Subjects=20
-36  46  28 
-24  0  2 
-34  -26  50 
22  40  -20 
-48  -4  44 

//Reference=MNI 
//nullstudy_18
//Subjects=18
6  24  50 
-40  -88  14 

//Reference=MNI 
//nullstudy_19
//Subjects=21
16  44  -2 
-16  -38  14 
-66  -30  28 
-4  -26  62 
-40  -10  -16 
-64  -18  -28 
-16  -36  -4 

//Reference=MNI 
//nullstudy_20
//Subjects=19
10  16  12 
-54  -14  52 
-28  -94  -24 

//Reference=MNI 
//nullstudy_21
//Subjects=21
-50  -6  -18 
-46  -12  32 
38  24  56 
-30  24  -26 
-36  16  -38 
24  64  14 
-16  -64  46 
-18  22  58 
-32  -10  16 
-22  -96  -14 
-30  -60  2 
-44  -8  -8 
-8  -10  16 
-10  -36  10 
-56  34  -2 

//Reference=MNI 
//nullstudy_22
//Subjects=21
40  42  -6 
-10  -84  -14 
-20  -82  16 
8  58  6 
-10  50  12 
4  22  24 
-34  -74  -6 
-50  -30  -2 

//Reference=MNI 
//nullstudy_23
//Subjects=18
22  6  66 
26  4  -28 

//Reference=MNI 
//nullstudy_24
//Subjects=18
-10  -2  54 
-28  -48  54 

//Reference=MNI 
//nullstudy_25
//Subjects=19
-22  -72  30 
-6  -52  12 

//Reference=MNI 
//nullstudy_26
//Subjects=21
26  52  -10 
-2  -92  28 
-8  -4  36 
-42  -58  56 
-4  14  -6 
-16  -58  -60 
-24  -24  56 
-2  36  52 
-18  -34  -44 

//Reference=MNI 
//nullstudy_27
//Subjects=22
-12  8  -16 
-48  -82  0 
-34  16  2 
-26  -4  0 
-50  38  -6 
-34  -2  -12 
26  28  52 
-24  -48  -10 
-52  -70  26 
-32  -58  34 
-18  -46  -28 
-34  -34  -34 
-20  -72  -50 
-8  -50  8 
-8  -2  54 
2  32  56 
56  10  2 
-52  18  36 
-34  28  -18 
2  38  -18 
-2  8  -26 
-52  2  28 
-10  46  44 
12  44  52 
-12  18  2 
-20  -74  4 
-22  -14  48 
-32  46  -16 
-38  46  -6 

//Reference=MNI 
//nullstudy_28
//Subjects=20
30  8  52 
-6  -90  4 
-14  12  -16 
42  50  6 

//Reference=MNI 
//nullstudy_29
//Subjects=19
-36  -36  -6 
-36  -90  -10 

//Reference=MNI 
//nullstudy_30
//Subjects=19
-18  10  -18 
30  44  12 
-42  48  22 

//Reference=MNI 
//nullstudy_31
//Subjects=21
-44  22  -28 
-60  -40  28 
-56  -34  20 
30  32  -18 
-28  -54  -40 
-40  -64  -48 
-12  -20  42 
-16  -86  16 
-44  -52  -28 
-10  -40  -38 
-16  18  -14 
-28  -20  74 

//Reference=MNI 
//nullstudy_32
//Subjects=21
-4  -48  -24 
-22  -2  -6 
-8  40  12 
-38  -20  66 
-14  -78  -52 
-4  -64  -58 
16  4  72 
-20  -18  -2 
-64  -6  4 
-18  -30  68 
12  56  26 
20  46  -22 
-18  -36  66 
-60  4  -10 
-10  42  10 
0  56  44 
42  42  -8 
40  52  -8 

//Reference=MNI 
//nullstudy_33
//Subjects=20
-44  -52  -14 
2  52  16 
-12  -80  18 
24  16  -40 
-8  54  -20 
-40  -6  18 

//Reference=MNI 
//nullstudy_34
//Subjects=22
-56  -2  26 
-10  -18  72 
-18  -50  -38 
-6  -14  78 
38  28  -22 
-42  -50  -58 
-38  38  30 
-28  -26  52 
-32  -24  -12 
18  56  10 
-30  -44  56 
-4  -96  26 
-34  -50  66 

//Reference=MNI 
//nullstudy_35
//Subjects=21
-24  -92  -24 
-22  -4  -32 
-52  16  6 
50  6  34 
-14  -20  -20 
-16  -4  -22 
-12  -64  10 
-16  -76  -36 
-30  48  18 

//Reference=MNI 
//nullstudy_36
//Subjects=19
-44  -64  -22 
-14  28  60 
-38  10  -24 

//Reference=MNI 
//nullstudy_37
//Subjects=18
-50  -30  -24 
-30  -10  56 

//Reference=MNI 
//nullstudy_38
//Subjects=19
46  8  36 
-16  -38  22 
10  16  -6 
10  42  48 

//Reference=MNI 
//nullstudy_39
//Subjects=23
-14  -56  -60 
-20  -58  40 
-38  24  12 
-16  64  -8 
60  8  0 
-10  12  -20 
-4  -46  34 
-16  -90  32 
-34  -60  -44 
-6  16  2 
-52  -40  46 
-22  -70  20 
-34  -74  -20 
36  24  -36 
-28  -62  0 
-24  -8  70 
42  18  18 
-30  -26  52 
34  60  -16 

//Reference=MNI 
//nullstudy_40
//Subjects=20
6  10  -20 
8  40  22 

//Reference=MNI 
//nullstudy_41
//Subjects=22
-56  20  -6 
-4  -40  -30 
-58  -2  2 
-54  4  8 
4  16  30 
-48  2  38 
-50  0  2 
-60  -46  10 
38  16  -8 
-42  -82  22 
-60  -18  10 
6  22  -6 
-6  -50  -32 
-30  16  58 
-42  -60  -54 
-22  32  30 
-2  28  16 
-6  38  28 

//Reference=MNI 
//nullstudy_42
//Subjects=21
-48  -32  14 
-52  -16  56 
-46  -28  10 
48  22  -8 
30  28  38 
-6  -58  60 
-36  -78  6 
-62  0  34 
12  14  -10 
-2  60  2 
38  44  34 
-52  -64  34 
-40  22  -2 
-6  -40  -56 
30  22  0 
-48  -2  -26 
-40  -34  66 
-6  -26  -48 

//Reference=MNI 
//nullstudy_43
//Subjects=19
-64  -44  6 
-40  -58  -32 

//Reference=MNI 
//nullstudy_44
//Subjects=21
-56  -12  8 
-44  34  26 
38  20  -26 
-62  -40  24 
-24  56  2 
34  26  -30 
-4  -16  58 

//Reference=MNI 
//nullstudy_45
//Subjects=21
50  28  30 
-18  6  -18 
28  28  8 
18  8  -32 
32  2  -50 
10  32  42 
-50  2  10 
-12  -70  -58 
50  8  40 
-20  14  0 
-12  -52  14 
-8  -102  -2 
-14  -76  -40 
-10  -80  4 
-2  -30  -26 
-28  -16  66 
-22  28  -16 
-36  -10  48 
-14  44  4 

//Reference=MNI 
//nullstudy_46
//Subjects=20
-8  -4  24 
38  26  40 
-18  -20  66 
-4  2  60 

//Reference=MNI 
//nullstudy_47
//Subjects=21
-44  -22  6 
-28  -64  -4 
-36  8  44 
-10  -24  -32 
60  14  -6 
-26  -86  10 
-52  -66  -38 
-2  -90  -14 
40  48  28 
-38  -8  16 
-30  36  -18 
-58  -32  54 
10  40  36 
-52  -62  0 
12  16  60 
-26  -48  44 
-20  62  4 
-22  -56  -30 
-12  -2  -14 
44  16  0 
6  44  4 
-10  -58  -64 

//Reference=MNI 
//nullstudy_48
//Subjects=19
38  30  46 
-32  6  26 

//Reference=MNI 
//nullstudy_49
//Subjects=19
-44  -66  48 
-56  -28  38 
4  40  54 

//Reference=MNI 
//nullstudy_50
//Subjects=20
-42  -80  -40 
36  54  -16 
-18  -24  72 
-38  -66  -22 
-48  -66  -26 

//Reference=MNI 
//nullstudy_51
//Subjects=20
4  26  22 
12  8  70 
-2  -70  28 
42  8  -28 
-62  -54  8 
-28  42  12 

//Reference=MNI 
//nullstudy_52
//Subjects=20
20  62  4 
-50  -70  22 
-10  -32  -34 

//Reference=MNI 
//nullstudy_53
//Subjects=20
24  58  32 
-2  -24  10 
-28  52  6 
-6  48  -14 

//Reference=MNI 
//nullstudy_54
//Subjects=20
36  34  -12 
-42  6  -28 
0  24  46 
40  4  -16 
-18  -64  26 
38  12  50 

//Reference=MNI 
//nullstudy_55
//Subjects=20
-52  -72  12 
-42  2  -30 
-4  20  -20 
20  20  54 
-24  -88  10 
-18  -12  28 

//Reference=MNI 
//nullstudy_56
//Subjects=20
-46  -68  32 
-14  -80  50 
-12  68  20 
-20  -4  -24 
-6  2  -8 
-58  -40  -4 
36  10  -32 

//Reference=MNI 
//nullstudy_57
//Subjects=19
36  10  38 
32  6  36 

//Reference=MNI 
//nullstudy_58
//Subjects=23
-30  14  -32 
-42  -72  -22 
-38  38  6 
-20  -26  -6 
-50  -30  12 
-26  18  -28 
-20  -42  -42 
-38  -56  26 
-58  -48  36 
36  28  46 
-10  38  26 
-24  -34  -30 
-62  -16  -30 
-46  10  54 
-50  -12  -46 
-40  -36  54 
-32  -74  -34 
-28  20  0 
-4  -46  26 
-34  -16  68 
-46  -48  6 
-68  -22  -2 
-44  -48  32 
12  8  58 
6  30  -30 
-20  -24  -24 
-22  48  18 
4  58  18 
-56  2  0 
-48  -54  -12 
-30  -30  56 
-30  -58  -14 
-32  -26  -20 
18  4  26 

//Reference=MNI 
//nullstudy_59
//Subjects=21
8  26  58 
18  18  -20 
-12  62  -6 
-14  12  18 
-64  -14  -26 
-56  -26  2 
44  20  -28 
-2  -102  -10 
-68  -26  -2 
-56  16  24 
-32  18  -2 
-10  -26  60 
-20  -86  0 

//Reference=MNI 
//nullstudy_60
//Subjects=21
-32  -84  -32 
-22  -48  -46 
-30  38  34 
-12  -56  -28 
-38  34  12 
-30  42  42 
-2  24  -30 
-54  0  -32 
-6  -42  76 
44  36  20 
-58  -18  -10 
-56  -50  42 
-24  -30  -22 
-26  60  -4 
-68  -38  28 
-40  -56  -48 
-20  -26  58 
-38  -66  6 
-42  20  52 

//Reference=MNI 
//nullstudy_61
//Subjects=19
40  18  -38 
-42  -26  54 
-16  -62  20 

//Reference=MNI 
//nullstudy_62
//Subjects=19
-28  -6  -34 
-4  -64  26 
-34  18  -26 

//Reference=MNI 
//nullstudy_63
//Subjects=21
-52  10  -16 
-42  -52  -6 
-4  -56  -8 
-32  -2  -48 
-64  -36  24 
-18  -100  18 
48  22  20 
-44  -74  -10 
-46  -50  0 
-16  0  -6 
-22  22  -16 
-30  -16  -2 

//Reference=MNI 
//nullstudy_64
//Subjects=20
-34  32  -8 
-46  -56  -40 
-46  -72  2 
-18  -12  -34 
-6  -42  -38 

//Reference=MNI 
//nullstudy_65
//Subjects=19
-22  -48  14 
-6  -14  2 
-44  -60  -46 
-12  -40  -38 

//Reference=MNI 
//nullstudy_66
//Subjects=21
-32  -68  20 
-26  -56  54 
42  6  28 
-24  -56  0 
-2  -72  60 
-16  -32  -42 
-30  -48  36 
14  26  -16 
-18  50  18 
14  10  46 
-28  -78  14 
-22  38  38 
26  22  54 
-32  -66  -30 
24  40  -16 
-20  52  32 
-10  -22  4 
-16  -80  26 

//Reference=MNI 
//nullstudy_67
//Subjects=19
-26  -42  8 
-52  -46  14 
-6  -62  10 

//Reference=MNI 
//nullstudy_68
//Subjects=21
32  42  -10 
-42  -88  -10 
30  10  60 
32  42  12 
34  28  -24 
-28  -8  8 
24  48  34 

//Reference=MNI 
//nullstudy_69
//Subjects=20
-40  -52  -34 
-32  -88  -36 
-40  6  -12 
26  6  -36 

//Reference=MNI 
//nullstudy_70
//Subjects=20
-6  -76  -6 
10  34  44 
-10  -8  -14 
-34  -52  -22 
24  2  52 
-56  -26  -6 

//Reference=MNI 
//nullstudy_71
//Subjects=21
-38  52  -10 
-26  -22  -14 
-18  -42  12 
-54  -72  22 
-46  -14  42 
-8  -58  62 
-20  -74  44 
-8  -16  -12 
2  58  -20 

//Reference=MNI 
//nullstudy_72
//Subjects=20
4  64  -16 
-24  -74  -36 
-34  -46  -44 
18  22  0 
-32  -28  -26 
20  44  38 

//Reference=MNI 
//nullstudy_73
//Subjects=22
36  58  -16 
-48  38  -14 
-32  -60  -58 
-36  -34  66 
-50  -54  -40 
-18  60  14 
24  66  20 
6  14  60 
-56  -6  26 
-22  -42  -40 
-34  16  14 
-8  8  42 
-16  -50  -34 
-54  -12  44 
-24  52  -12 
-38  -48  -22 
-40  -8  -34 
-12  -54  -62 
-36  -38  -44 

//Reference=MNI 
//nullstudy_74
//Subjects=20
-6  56  -12 
-38  -42  -32 
-42  26  -4 
12  44  30 
-66  -34  24 
24  48  30 
-4  -26  -20 
8  62  24 
-34  28  -8 

//Reference=MNI 
//nullstudy_75
//Subjects=20
-62  -24  24 
62  16  14 
-26  -92  10 
-42  -14  -12 
2  16  66 
-22  -46  -38 
-46  -74  -10 
-22  -28  -14 
10  30  34 
-6  52  30 
-18  32  50 
54  14  6 
-38  -30  10 
16  40  -18 
-30  -66  42 
-6  -44  0 
-14  -86  10 
2  26  56 
-2  -22  72 
-38  46  -16 
-12  26  -26 
16  24  -28 
-42  42  6 
-42  -8  34 
-44  -74  -6 
-12  12  20 
-12  -8  68 
-2  42  28 
-4  -46  -62 
-42  -88  -2 
22  60  24 
-42  -66  -26 
6  38  40 
-38  -80  -30 
38  30  52 
-34  -82  14 
-12  -58  4 
-54  -62  -30 
-36  -46  -36 
-52  -68  30 
8  18  -28 
-10  -106  -4 
-10  -62  22 
-38  10  42 
-8  64  2 
-36  36  -2 
30  56  -6 
-40  -74  -34 
-32  -90  30 
-66  -24  -4 
-12  -14  60 
-22  -18  -12 
64  12  6 
-34  24  -12 
-2  46  -20 
-44  -66  48 
-42  -86  18 
-66  -20  -4 
-24  -48  74 
-48  24  6 
46  14  16 
50  36  30 
-16  -88  -32 
-12  44  40 
-52  -66  -6 
-6  -30  -42 
-16  22  62 
50  10  32 
-30  38  38 

//Reference=MNI 
//nullstudy_76
//Subjects=21
-30  4  -28 
-16  -30  -44 
-60  -28  48 
26  42  46 
-4  -94  -6 
-4  22  56 
-36  -14  16 
-6  -50  54 
-52  -6  6 
-10  16  6 

//Reference=MNI 
//nullstudy_77
//Subjects=19
-50  -16  -16 
-24  -4  -44 
-30  54  20 
-28  -78  -34 

//Reference=MNI 
//nullstudy_78
//Subjects=19
-4  -28  10 
-66  -24  -20 
-4  46  8 
-64  -58  10 
20  26  62 
-46  -86  -4 
-38  -88  8 
-28  -4  -42 
-10  -76  -16 
-22  6  -8 
-50  -2  -38 
0  32  -6 
54  22  40 

//Reference=MNI 
//nullstudy_79
//Subjects=18
-36  -24  -24 
20  10  -6 
-8  -2  14 

//Reference=MNI 
//nullstudy_80
//Subjects=20
-44  -2  -24 
-46  6  24 
10  42  4 

//Reference=MNI 
//nullstudy_81
//Subjects=20
-8  20  62 
-12  -12  12 
30  2  54 

//Reference=MNI 
//nullstudy_82
//Subjects=20
36  36  46 
22  22  -28 
-2  12  42 

//Reference=MNI 
//nullstudy_83
//Subjects=21
24  48  2 
-56  -48  -10 
-50  -4  34 
2  30  26 
-48  42  22 

//Reference=MNI 
//nullstudy_84
//Subjects=19
30  44  32 
-46  -38  -2 
32  20  -24 
-58  -40  40 

//Reference=MNI 
//nullstudy_85
//Subjects=18
30  34  -8 
-22  10  -32 
-18  60  -4 
20  6  -32 
-42  -24  62 
28  34  46 
28  10  -34 
-10  -36  -44 
-4  -42  -42 
-16  -78  -38 
-14  26  52 
-8  -44  -8 
-34  -82  22 
-6  62  4 

//Reference=MNI 
//nullstudy_86
//Subjects=20
-64  -42  -20 
-6  24  64 
58  18  26 

//Reference=MNI 
//nullstudy_87
//Subjects=19
-40  54  20 
0  62  -10 

//Reference=MNI 
//nullstudy_88
//Subjects=19
44  8  -22 
-30  56  -10 
-10  -54  -18 
-32  -62  -12 
14  2  -26 
-58  0  4 

//Reference=MNI 
//nullstudy_89
//Subjects=21
-48  -18  -30 
38  2  -46 

//Reference=MNI 
//nullstudy_90
//Subjects=21
-66  -46  4 
-18  -54  -22 
-14  0  -18 

//Reference=MNI 
//nullstudy_91
//Subjects=19
-26  16  -22 
20  2  6 
-6  -70  -40 
-32  -68  -38 
-26  0  52 
-34  0  -38 
-40  -58  12 
-2  -38  -12 
-12  -56  30 
-60  -38  44 
-10  -76  42 
-6  -104  -8 
34  28  -26 
-22  -48  52 

//Reference=MNI 
//nullstudy_92
//Subjects=20
14  6  -18 
-10  -72  24 
-20  -68  -56 
-22  -86  -42 
-36  -60  38 
4  38  6 
-4  18  -12 
-12  0  -26 
-8  64  22 
-22  -30  62 
-58  -16  24 

//Reference=MNI 
//nullstudy_93
//Subjects=20
14  30  60 
-12  -80  -32 
-10  34  -24 
50  10  -16 

//Reference=MNI 
//nullstudy_94
//Subjects=19
-42  -46  60 
-30  -46  32 
-28  -86  2 
32  54  4 
50  4  24 
-18  -36  68 
-18  -30  56 
50  20  0 
-8  -74  48 
60  12  -16 
-14  -78  -48 
-16  -26  -12 
10  64  -4 
-4  14  34 
-32  -4  -8 
-34  -48  68 
-22  -58  10 
38  38  14 
-54  -4  20 
2  42  -16 
-36  16  -2 
-32  -50  54 
-52  -44  -36 
24  52  8 
-48  42  14 
-22  -80  16 
-44  44  -6 
-64  -44  10 
-4  -54  70 
-20  52  42 
-58  -2  -24 
52  36  12 
-44  -68  -50 
16  14  -20 
-38  50  10 
-30  -94  20 
-22  -48  -38 
-4  58  30 
-6  -84  14 
-52  -50  30 
-36  -42  56 
-42  -32  -20 
-46  -74  -20 
-20  -68  6 
-20  -58  18 
-24  -44  60 
-4  60  2 
-30  -80  28 
-60  10  8 
-48  -66  18 
-6  6  -26 
-60  0  4 
44  28  12 
-46  -58  -28 
-46  18  16 
-8  14  48 
4  40  -12 
38  16  -42 
-28  -80  8 
40  58  -14 
-20  -102  10 
16  62  -6 
-22  14  50 
-32  -60  -56 
-70  -38  2 
-44  -12  -14 
-30  -84  -18 
-44  18  -10 
-52  10  -4 
0  44  6 
-36  -36  16 
-44  52  10 
-14  28  -24 
54  26  -8 
6  56  -22 

//Reference=MNI 
//nullstudy_95
//Subjects=20
-36  26  16 
-50  42  -8 
40  48  -16 

//Reference=MNI 
//nullstudy_96
//Subjects=22
14  14  -6 
-54  16  12 
-6  -60  -40 
-24  -60  -22 
-10  -64  -24 
-12  -58  28 
-46  46  2 
-20  -98  -16 

//Reference=MNI 
//nullstudy_97
//Subjects=20
-10  12  34 
-44  44  2 
-24  -48  4 

//Reference=MNI 
//nullstudy_98
//Subjects=19
24  56  18 
2  44  -18 
-38  -70  -26 

//Reference=MNI 
//nullstudy_99
//Subjects=20
0  10  64 
-30  -54  -18 
-18  -16  76 
-66  -22  6 
-18  16  54 

//Reference=MNI 
//nullstudy_100
//Subjects=21
-46  -68  -10 
-16  -72  56 
46  2  -20 
-70  -38  10 
-12  -4  12 
50  14  38 
-8  -64  -2 
-22  -66  -32 
-52  38  -4 
-46  -44  -44 
-56  -44  6 
-38  0  42 
-26  -32  -8 
-40  26  34 
-28  -42  -8 

