//Reference=MNI 
//truestudy_1
//Subjects=9
44  -64  -7 
46  -66  -8 
46  -66  -7 

//Reference=MNI 
//truestudy_2
//Subjects=10
44  -65  -6 
46  -65  -6 
46  -67  -5 
47  -67  -4 
45  -67  -7 
47  -64  -7 
45  -67  -7 

//Reference=MNI 
//truestudy_3
//Subjects=12
45  -67  -5 
46  -66  -7 
46  -64  -8 
48  -65  -7 
46  -66  -6 
47  -65  -7 
46  -66  -6 
46  -66  -6 
45  -68  -6 
46  -68  -7 
45  -67  -7 
48  -65  -7 

//Reference=MNI 
//nullstudy_1
//Subjects=9
0  54  -26 
-34  28  8 
-20  38  26 

//Reference=MNI 
//nullstudy_2
//Subjects=10
34  18  -36 
-18  -12  -22 
24  54  4 
-48  -10  30 
-54  -8  -26 
0  18  26 
-14  -16  -36 

//Reference=MNI 
//nullstudy_3
//Subjects=12
-4  -18  -12 
-54  -32  22 
-6  26  16 
-18  30  36 
32  58  10 
-44  42  30 
-62  0  26 
-22  -50  -8 
-30  8  -18 
2  14  4 
-26  -22  -32 
20  8  60 

//Reference=MNI 
//nullstudy_4
//Subjects=11
-28  12  40 
-34  -52  68 
-40  -38  20 
-2  -18  -42 
-62  -28  22 
-42  -62  0 
50  12  24 
-40  -16  -20 
-6  -26  60 
-50  -36  34 
48  48  4 
-16  -46  -34 
-12  -18  72 
56  16  -10 
-2  38  -4 
42  24  -28 
-2  -32  68 
-8  -28  28 
-10  -56  -56 
-36  -52  44 
38  14  -26 

//Reference=MNI 
//nullstudy_5
//Subjects=10
-14  -74  8 
22  2  54 
-26  -6  -8 
-32  -56  52 
40  2  -40 

//Reference=MNI 
//nullstudy_6
//Subjects=12
-18  -82  36 
-34  -48  36 
-30  8  -22 
-42  -16  -26 
-48  28  26 
-4  50  -16 
4  34  58 
-4  32  22 
-16  -22  68 
4  32  34 
-10  48  42 
-36  52  24 
10  36  56 
-64  -14  -16 

//Reference=MNI 
//nullstudy_7
//Subjects=9
-42  -58  -6 
-16  -46  -36 

//Reference=MNI 
//nullstudy_8
//Subjects=10
2  44  38 
-38  -6  38 
-44  22  -2 
-24  -36  -26 
-12  -96  26 
16  72  0 

//Reference=MNI 
//nullstudy_9
//Subjects=10
52  20  -28 
42  4  -30 
-30  -34  -34 
-46  -44  -36 
-30  2  -26 
-38  -86  -20 

//Reference=MNI 
//nullstudy_10
//Subjects=12
-50  4  -12 
-8  50  2 
-54  -62  -42 
-56  34  -2 
-20  -74  50 
-24  20  -34 
-20  -6  -42 
-22  -44  12 
-56  -14  14 
6  40  26 
-46  -40  -28 

//Reference=MNI 
//nullstudy_11
//Subjects=12
-12  -22  48 
-52  30  28 
-22  6  -38 
-30  -80  -46 
52  20  18 
56  34  14 
-54  10  -22 
-12  58  -24 
-30  44  8 
-40  -76  46 
-26  46  32 
2  12  6 
-32  34  -16 
-44  -48  22 
-28  -88  18 
-26  -20  74 
-2  -12  -4 
-22  -34  58 
46  28  38 
-10  30  42 
40  56  10 

//Reference=MNI 
//nullstudy_12
//Subjects=10
-52  6  36 
-58  -68  18 
-36  -16  -26 
-60  -24  30 
-28  54  -8 
-32  -84  -24 
2  62  -4 
-6  58  -12 
42  18  20 
-2  -50  20 
24  38  44 
-24  10  8 
-40  -52  58 
-66  -18  16 
34  20  40 

//Reference=MNI 
//nullstudy_13
//Subjects=11
56  32  22 
36  48  14 
-12  -50  -66 
-64  -54  -14 
-14  -74  -20 
8  24  -12 
-2  32  26 
-54  -4  48 
-40  14  -14 
-8  -72  36 
24  38  42 
-6  -26  -46 
-42  -22  66 
-46  -30  44 
18  52  -22 

//Reference=MNI 
//nullstudy_14
//Subjects=10
44  18  -18 
-14  -66  42 
-16  -82  6 
-18  42  -20 
-38  -52  32 
-4  36  -2 

//Reference=MNI 
//nullstudy_15
//Subjects=9
-26  -70  50 
54  6  -26 
-30  -18  70 

//Reference=MNI 
//nullstudy_16
//Subjects=10
-38  48  4 
44  32  10 
-2  -44  4 
-12  68  14 
-20  26  56 
-12  48  36 
-10  -54  32 

//Reference=MNI 
//nullstudy_17
//Subjects=10
34  30  -20 
-40  22  -8 
26  20  -26 
14  22  68 

//Reference=MNI 
//nullstudy_18
//Subjects=10
-66  -46  0 
-46  -52  0 
-34  10  -46 
-4  -42  28 

//Reference=MNI 
//nullstudy_19
//Subjects=10
26  10  -14 
-36  -64  52 
-6  14  48 
-6  8  50 
-18  22  60 

//Reference=MNI 
//nullstudy_20
//Subjects=10
-46  -70  36 
-12  54  26 
-28  64  -6 
-54  -36  -14 
30  22  -32 

//Reference=MNI 
//nullstudy_21
//Subjects=9
-54  -44  28 
-26  26  32 
-26  -88  -40 

//Reference=MNI 
//nullstudy_22
//Subjects=9
-44  54  -2 
-14  -80  18 
-2  8  38 

//Reference=MNI 
//nullstudy_23
//Subjects=9
2  34  -26 
48  2  -22 

//Reference=MNI 
//nullstudy_24
//Subjects=11
-8  6  46 
-24  -86  42 
-22  -66  30 
-20  -90  -30 
-50  -58  -4 
38  16  -22 
-12  -24  -4 

//Reference=MNI 
//nullstudy_25
//Subjects=11
-26  -16  -32 
-20  -16  -20 
-18  -16  -18 
54  2  26 
28  36  40 
-40  0  54 
-32  -78  -16 
6  56  6 
-24  -40  -18 
-52  -10  -6 
-52  -24  -4 

//Reference=MNI 
//nullstudy_26
//Subjects=10
-40  46  30 
-52  -54  46 
-34  -66  20 
-12  -10  -32 

//Reference=MNI 
//nullstudy_27
//Subjects=10
14  46  30 
-2  2  28 
-6  -68  -16 
-44  -4  0 
-12  -42  74 
-22  -16  54 
-28  -86  36 

//Reference=MNI 
//nullstudy_28
//Subjects=10
-40  -54  -56 
-44  -36  -24 
44  38  -10 
-4  -50  -58 
-2  22  16 
-16  8  18 

//Reference=MNI 
//nullstudy_29
//Subjects=9
-24  -64  44 
-10  -78  46 
-66  -36  16 

//Reference=MNI 
//nullstudy_30
//Subjects=9
-42  -12  4 
-22  -84  -14 
46  4  32 
-10  48  -2 

//Reference=MNI 
//nullstudy_31
//Subjects=10
-2  -80  -38 
2  56  8 
-4  -40  70 
-26  -62  12 
-14  -70  46 
-68  -24  -12 
-12  -80  48 

//Reference=MNI 
//nullstudy_32
//Subjects=10
-46  2  -28 
-34  -54  44 
-4  -66  -14 
-54  20  8 
8  14  56 

//Reference=MNI 
//nullstudy_33
//Subjects=10
-38  -56  -42 
-20  58  8 
-26  -28  68 
32  28  -22 
60  24  24 

//Reference=MNI 
//nullstudy_34
//Subjects=11
-38  -58  -46 
-22  -64  -2 
16  18  14 
-68  -22  6 
44  46  10 
20  8  68 
-18  8  22 
-38  48  12 
-48  -38  0 
-26  -74  -30 
-48  -58  38 
-40  -42  -16 

//Reference=MNI 
//nullstudy_35
//Subjects=10
-24  -70  26 
32  44  32 
-20  -12  56 
-2  -24  -26 
-38  -24  -4 
-26  52  20 
-6  -34  56 
4  12  50 

//Reference=MNI 
//nullstudy_36
//Subjects=9
30  36  -6 
-26  48  36 
42  4  -28 

//Reference=MNI 
//nullstudy_37
//Subjects=9
32  50  32 
-34  -60  16 

//Reference=MNI 
//nullstudy_38
//Subjects=8
10  66  -2 
-4  -92  6 

//Reference=MNI 
//nullstudy_39
//Subjects=10
46  18  -18 
38  24  12 
-10  16  0 
-52  20  -24 

//Reference=MNI 
//nullstudy_40
//Subjects=10
-32  6  10 
-62  -2  6 
-6  -46  -56 
-46  -56  -22 
-30  2  66 
-44  -84  -8 

//Reference=MNI 
//nullstudy_41
//Subjects=10
-10  58  22 
-66  -52  -10 
-14  38  46 
42  34  -10 
36  32  40 
-26  -68  -6 

//Reference=MNI 
//nullstudy_42
//Subjects=11
-8  -2  6 
-32  -46  -12 
-44  24  24 
-10  -8  42 
42  54  0 
-16  -34  -26 
-18  -66  8 

//Reference=MNI 
//nullstudy_43
//Subjects=12
-20  50  -10 
0  44  14 
-38  -24  46 
26  18  54 
-42  -18  -26 
-30  -62  -62 
16  64  -6 
10  68  10 
40  24  -16 
-38  -22  12 
-12  -64  44 
-42  38  4 
-32  -38  -4 
32  2  8 
-28  50  -10 
-8  -40  34 
-16  46  -18 
-4  -96  -10 
-4  38  -32 
-12  -64  52 
-24  46  36 
-2  -46  22 
18  26  -26 
62  14  20 
-28  24  -32 
-38  6  -12 
30  54  -14 
-42  -64  -20 
-32  -50  62 
-24  -52  -22 

//Reference=MNI 
//nullstudy_44
//Subjects=11
54  28  12 
-24  10  -4 
-8  -82  24 
-20  -38  74 
-30  10  62 
-4  -46  -64 
16  40  -26 

//Reference=MNI 
//nullstudy_45
//Subjects=12
8  42  48 
50  48  12 
18  54  20 
-4  -30  -10 
-10  2  -30 
16  22  14 
-24  -64  -4 
-44  -12  0 
30  28  8 
-30  -20  46 
-48  -64  12 
-8  16  52 
-40  -38  46 
-28  8  42 
18  28  62 
-16  -92  -22 
2  66  14 
-36  -64  -56 
-50  -22  14 
-14  22  4 

//Reference=MNI 
//nullstudy_46
//Subjects=12
-20  -34  -16 
-58  -26  28 
-12  20  60 
26  16  50 
-6  8  66 
-18  -44  62 
42  24  50 
-32  -32  56 
-20  2  50 
-28  -82  -34 

//Reference=MNI 
//nullstudy_47
//Subjects=10
42  32  22 
-44  22  18 
-10  68  4 
0  16  -12 
48  2  50 

//Reference=MNI 
//nullstudy_48
//Subjects=11
28  20  12 
-50  -38  20 
-62  -16  4 
-20  -34  -26 
-6  -4  -10 
-54  -10  28 
-44  -34  38 
-12  -80  -32 
40  44  36 
-34  -90  24 
-10  40  28 
-10  56  -10 
-48  -66  -24 
62  6  16 
-32  58  -2 
0  46  4 
18  56  16 

//Reference=MNI 
//nullstudy_49
//Subjects=9
-10  -76  -2 
-48  -26  -30 
-66  -50  14 

//Reference=MNI 
//nullstudy_50
//Subjects=10
10  52  -12 
18  42  42 
22  62  28 
-8  -76  -18 
-34  44  4 
-36  -62  2 
-38  6  10 

//Reference=MNI 
//nullstudy_51
//Subjects=8
-50  -28  4 
-50  -30  -18 

//Reference=MNI 
//nullstudy_52
//Subjects=10
-16  24  8 
-34  -26  42 
-10  18  -6 
-46  -18  48 
52  16  36 
12  26  60 
-48  -42  20 

//Reference=MNI 
//nullstudy_53
//Subjects=11
-50  -6  14 
4  42  -30 
-38  46  8 
18  10  12 
-22  40  20 
-24  18  38 
46  10  34 
16  16  58 
-8  60  28 
40  52  20 
-24  60  2 
-56  -14  -32 
-14  58  34 
-30  4  6 
-52  -40  24 
-6  6  4 
-70  -30  10 
-24  66  16 
-48  -62  24 
62  6  18 
-8  44  6 
-10  -68  -22 
-8  -58  -16 

//Reference=MNI 
//nullstudy_54
//Subjects=9
-26  60  6 
12  38  4 
-24  -54  -14 
36  4  -28 

//Reference=MNI 
//nullstudy_55
//Subjects=10
24  56  -2 
0  20  4 
-36  6  14 
-20  -84  18 
-16  -86  -16 
-40  -34  -28 
-54  -16  -34 
-50  -22  18 
-24  50  -2 

//Reference=MNI 
//nullstudy_56
//Subjects=10
-4  -52  58 
-22  -90  2 
-26  -62  52 
-44  -44  42 
-10  -32  -26 
54  6  12 

//Reference=MNI 
//nullstudy_57
//Subjects=9
-10  -54  66 
-10  -68  36 

//Reference=MNI 
//nullstudy_58
//Subjects=10
-18  -76  14 
-62  -34  -4 
-16  -78  -24 
-10  26  -28 
-24  16  -6 

//Reference=MNI 
//nullstudy_59
//Subjects=9
26  10  48 
-4  -72  -28 

//Reference=MNI 
//nullstudy_60
//Subjects=10
-28  -12  -24 
-22  0  -40 

//Reference=MNI 
//nullstudy_61
//Subjects=10
30  60  -14 
-42  -26  -30 
22  10  -8 
-12  -48  46 
-44  38  -14 
-14  -12  24 
-62  -36  42 

//Reference=MNI 
//nullstudy_62
//Subjects=11
28  54  -20 
-14  16  -8 
-26  8  -6 
-14  -48  -24 
14  30  56 
-44  -50  62 
-18  -56  -22 
-2  -64  -28 
-18  -22  64 
-10  -86  22 
-52  -56  48 
-42  -42  -50 
-34  -74  26 
-30  -92  6 
-24  -48  -52 
-28  -88  -42 
-48  6  20 
-34  -72  6 
0  2  70 
-16  -16  58 
-52  30  8 
24  6  72 

//Reference=MNI 
//nullstudy_63
//Subjects=10
10  44  24 
-26  -58  -62 
-10  -76  -50 
-4  24  -28 
-18  -66  -12 

//Reference=MNI 
//nullstudy_64
//Subjects=9
-10  -36  78 
10  6  -28 
-36  18  -34 

//Reference=MNI 
//nullstudy_65
//Subjects=12
46  38  22 
30  36  -16 
-32  -56  34 
-38  -80  10 
-52  -56  -10 
52  30  30 
-12  -92  -16 
-16  -94  30 
6  20  28 
-18  6  -42 
-40  -22  62 
0  22  -26 
-26  -100  8 
22  20  -36 
28  56  22 
-38  -42  -20 
-18  -38  12 
-46  -68  -18 
-10  -8  48 
-28  -52  -42 
-34  -8  8 
-16  58  14 
-20  14  -8 
6  34  -30 
-26  -38  -28 
10  12  38 
40  48  22 
12  64  -2 
-16  -90  -38 
-36  -30  40 
-2  -72  48 
-12  -46  38 
-36  12  0 
10  16  0 
36  20  -4 
10  22  38 
-56  -66  -14 
16  52  6 
32  20  -14 
-32  -82  -36 
-16  0  -44 
-18  6  -18 
-32  -10  66 
-28  -70  46 
40  38  -14 
-20  52  -22 
16  42  -20 
-2  -40  -12 
-38  20  32 
10  62  -12 
-48  8  -26 
-2  24  52 
-4  -40  58 
-50  -38  12 
-20  -58  -58 
-34  10  -20 
-26  16  -16 
-28  -82  28 
-46  -14  34 
-50  -12  46 
-18  -36  -10 
-36  -44  46 
28  48  20 
-38  -28  24 
-62  -2  -8 

//Reference=MNI 
//nullstudy_66
//Subjects=10
-40  -48  -30 
-64  -16  -26 
-12  -68  10 

//Reference=MNI 
//nullstudy_67
//Subjects=12
-22  52  -2 
-30  22  -14 
-28  -48  -24 
-62  -20  -24 
-34  20  28 

//Reference=MNI 
//nullstudy_68
//Subjects=10
-50  -22  -14 
36  30  -2 
-6  -34  -52 
-20  50  24 
-2  0  20 
-44  -48  18 
-56  4  38 
-26  -60  -12 
-48  -72  22 
0  42  -16 
-34  -62  48 
46  38  -18 
-34  -8  18 
-42  -90  8 
-34  4  -30 
-32  -84  36 
-8  -30  64 
-4  -30  12 
-26  2  -16 
-28  -86  -4 
-8  -28  -36 
52  6  24 
30  28  38 
-30  -86  -14 
-42  -68  50 
20  50  -2 
-14  -20  48 
-62  -24  18 
-28  -66  -24 
-36  -68  40 
-48  -16  -10 
-26  -86  36 
-8  -92  20 
4  28  -24 
-60  -56  8 

//Reference=MNI 
//nullstudy_69
//Subjects=11
-52  -62  -28 
-26  -38  -34 
-12  -60  -20 
-40  -46  -26 
-16  -72  62 
-58  -58  18 
-48  -58  18 
-20  56  36 
-42  -14  32 
0  14  -6 
-22  -50  -26 
-22  -4  -32 
-8  -56  16 
-42  -8  38 
-16  -76  -52 
-2  -12  -24 
-44  -24  50 
12  48  38 
-6  -66  50 

//Reference=MNI 
//nullstudy_70
//Subjects=11
-34  16  60 
-14  -50  30 
-10  -76  -34 
4  6  20 
-48  -34  54 
-50  -18  -32 
-24  -74  18 
-14  -72  -36 
-32  8  -6 
-42  -8  46 
-8  -90  0 
-32  44  -2 
12  2  22 
-16  -2  62 
2  54  -18 
-64  -14  -24 
-26  -60  8 
48  22  -4 
-16  -18  -32 
44  10  -28 
38  8  -22 

//Reference=MNI 
//nullstudy_71
//Subjects=10
-62  6  10 
-42  -76  4 
8  2  44 
-14  -54  16 
6  42  0 
50  8  38 
-42  -20  18 
-16  -80  32 
-48  -28  60 
-50  -66  8 

//Reference=MNI 
//nullstudy_72
//Subjects=12
56  2  4 
-46  50  -6 
-8  -22  56 
-40  -30  -22 
-48  -18  -40 

//Reference=MNI 
//nullstudy_73
//Subjects=10
-38  -20  -34 
10  40  22 
-10  68  6 
-28  -40  36 
-36  30  -12 
-28  -52  60 
-22  -54  -44 
-62  -42  34 
-4  -32  -42 
-46  24  -22 
-46  -68  24 
-40  22  22 
-54  0  44 
-4  -10  34 
-44  28  -12 
-20  -26  -12 
10  38  34 
18  62  22 
-18  -70  -14 
40  26  38 
-4  -40  -46 
-34  22  -6 
-40  42  18 
36  8  30 
36  34  30 
-2  -96  6 
16  56  36 
-38  42  -2 

//Reference=MNI 
//nullstudy_74
//Subjects=10
-4  -14  24 
-30  -66  -26 
-18  -30  -20 

//Reference=MNI 
//nullstudy_75
//Subjects=9
10  48  18 
-36  10  56 
-16  -12  62 
52  30  26 
-18  -60  56 

//Reference=MNI 
//nullstudy_76
//Subjects=10
-26  -10  -12 
-16  -30  -36 
-56  -22  26 

//Reference=MNI 
//nullstudy_77
//Subjects=10
-24  62  24 
-54  -42  28 
-12  -80  -24 
-32  -78  -16 
-50  -80  2 
-30  -64  44 
40  10  -22 
-64  -42  2 
42  28  18 
30  22  -26 
-22  -60  64 
0  36  54 
-12  -98  -6 
-40  18  28 

//Reference=MNI 
//nullstudy_78
//Subjects=12
-40  -52  -48 
-48  -54  -40 
-58  -38  -20 
48  34  16 
-30  -22  2 

//Reference=MNI 
//nullstudy_79
//Subjects=10
20  20  -8 
-42  10  -18 
-16  -58  -32 
34  28  50 
-40  34  34 
-30  -22  8 
-8  -26  -36 
-2  20  32 
-10  36  10 
-14  -2  -18 
-48  -14  0 
-28  -46  58 
-8  -40  -8 
30  54  28 
-62  -46  -16 
-40  22  -20 
-42  -64  -26 
32  20  50 
-8  -70  -24 
50  8  -2 
12  50  34 
20  62  14 
-12  -78  28 
12  42  -26 
48  40  0 
-68  -34  -20 
-16  -6  -4 
-58  12  12 
-44  -66  -8 
-38  -4  14 
34  12  -48 
-52  -24  16 
-26  20  -30 
-14  12  62 
-58  -42  16 
-60  -40  48 
-6  -24  44 
-40  14  48 
-2  -34  50 
26  26  56 
-24  -56  40 
-32  -52  -20 
-10  58  22 
-52  -68  16 
28  36  50 
-52  -8  -26 
-6  -6  44 
-12  -76  40 
-38  14  22 
-16  -56  -18 
-54  -6  -20 

//Reference=MNI 
//nullstudy_80
//Subjects=10
-44  -76  -2 
-6  4  30 
-26  8  -32 
-54  -16  -6 

//Reference=MNI 
//nullstudy_81
//Subjects=9
-24  -70  56 
-34  -38  -18 
-8  -66  -16 
-8  -10  72 

//Reference=MNI 
//nullstudy_82
//Subjects=9
-16  -74  -6 
-8  -20  52 

//Reference=MNI 
//nullstudy_83
//Subjects=9
-26  -62  -60 
-50  -22  -12 
42  8  -26 

//Reference=MNI 
//nullstudy_84
//Subjects=10
-4  -46  2 
-52  -6  -2 

//Reference=MNI 
//nullstudy_85
//Subjects=10
14  68  -8 
-12  -106  -2 
-50  -62  -4 
-20  -62  -14 
-18  28  58 
-48  -58  -46 
40  38  -18 
-26  -70  -48 
4  8  74 
58  16  4 

//Reference=MNI 
//nullstudy_86
//Subjects=8
-40  4  62 
-12  -50  36 
-50  18  -8 
-16  -32  44 
24  16  -22 
-52  -12  -32 
-24  24  -20 

//Reference=MNI 
//nullstudy_87
//Subjects=9
28  36  -16 
-30  -34  64 

//Reference=MNI 
//nullstudy_88
//Subjects=10
-16  52  40 
-18  -88  22 

//Reference=MNI 
//nullstudy_89
//Subjects=10
0  8  6 
-6  -94  -14 
48  38  -10 
2  60  -24 
56  34  -4 
-42  -46  -14 
46  38  20 
8  58  14 
-28  8  -26 
-24  38  -20 
-46  -34  -24 
10  4  -6 
-48  -70  -40 
0  56  -18 
-40  -70  -44 

//Reference=MNI 
//nullstudy_90
//Subjects=10
-38  -22  -2 
22  54  28 
-50  -48  -28 
-66  -46  4 
-32  42  -8 
-30  -92  18 
-46  8  52 

//Reference=MNI 
//nullstudy_91
//Subjects=10
-44  10  52 
-12  -34  -24 
-62  -24  -8 
-8  -72  58 

//Reference=MNI 
//nullstudy_92
//Subjects=8
-42  -72  38 
-50  -22  -18 
-40  0  60 
58  12  28 
-66  -52  -2 
-32  14  -10 
28  56  20 
-44  -76  38 

//Reference=MNI 
//nullstudy_93
//Subjects=9
22  28  52 
-52  -74  -2 

//Reference=MNI 
//nullstudy_94
//Subjects=10
-14  -16  48 
-24  -24  68 
-22  -54  8 

//Reference=MNI 
//nullstudy_95
//Subjects=13
-44  -4  46 
-50  -2  -40 
26  64  24 
-42  -64  44 

//Reference=MNI 
//nullstudy_96
//Subjects=9
-12  -44  -38 
-48  16  10 
-66  -22  10 
-58  -18  16 
-22  -72  -22 
-28  58  6 
-64  -18  -28 
-30  32  20 
-44  -82  6 
-42  -48  52 
40  34  -18 
48  6  -12 
-6  58  20 
-38  -56  -16 
-6  48  -22 
-14  -54  -52 
-64  -14  40 
-4  -22  -22 
-2  2  26 
-6  -54  56 
-44  -76  -14 
34  10  -36 
12  18  -30 
-42  -70  -52 
-10  -44  74 
40  58  -2 
26  14  4 
-66  -28  40 
-22  -62  36 
-56  -70  16 
-54  -8  50 
0  58  -18 
-54  -70  0 
-40  -10  36 
-38  0  16 
-50  -56  -50 
-8  -66  -44 
-22  -48  6 
-4  -14  -18 
16  14  8 
-30  30  -16 
-8  -54  54 
14  70  -6 
-58  -40  4 
46  10  -26 
-48  -8  -30 
-28  -40  -34 
-12  -78  -4 
34  40  30 
-10  -10  12 
-50  -18  38 
28  18  -32 

//Reference=MNI 
//nullstudy_97
//Subjects=11
-24  -58  -62 
-26  -84  28 
-26  -24  54 

//Reference=MNI 
//nullstudy_98
//Subjects=12
-46  -26  12 
-52  -68  -38 
14  68  16 
8  10  52 
-56  -68  2 
-20  -60  26 
-18  -2  64 
-34  46  8 
58  6  -10 
4  52  34 
-68  -16  -8 

//Reference=MNI 
//nullstudy_99
//Subjects=10
-6  22  -8 
-44  -10  -2 
-52  -18  48 
-12  -44  34 
58  8  -14 
-52  -18  30 
-26  -94  26 
-24  2  6 
-32  22  -26 
-22  66  14 
-36  -2  -24 
12  58  18 
48  2  -12 
-60  -4  14 
62  18  10 
-18  16  -24 
14  56  20 
-16  -44  32 
54  18  12 

//Reference=MNI 
//nullstudy_100
//Subjects=11
-46  44  0 
-34  -44  54 
50  22  14 
26  46  22 

