//Reference=MNI 
//truestudy_1
//Subjects=9
46  -67  -6 
45  -66  -6 

//Reference=MNI 
//truestudy_2
//Subjects=10
46  -66  -5 
46  -67  -5 
46  -66  -6 
45  -66  -5 
46  -66  -6 

//Reference=MNI 
//truestudy_3
//Subjects=12
48  -67  -5 
44  -69  -6 
47  -67  -5 
47  -66  -5 
47  -67  -7 
46  -66  -7 
48  -66  -8 
45  -68  -6 
47  -65  -5 
45  -67  -5 
45  -66  -5 
45  -66  -6 
46  -66  -4 
46  -65  -7 
46  -65  -6 
46  -67  -5 
46  -66  -6 
45  -64  -5 
47  -66  -4 
48  -64  -7 
47  -67  -5 
47  -66  -5 
45  -66  -5 
47  -65  -3 
46  -67  -5 
47  -65  -6 
45  -66  -7 

//Reference=MNI 
//nullstudy_1
//Subjects=9
-46  -52  22 
44  18  -12 

//Reference=MNI 
//nullstudy_2
//Subjects=10
-48  -74  16 
8  18  -10 
-2  -104  4 
-16  -40  -46 
24  64  0 

//Reference=MNI 
//nullstudy_3
//Subjects=12
-12  -40  56 
26  30  -24 
-38  4  38 
-64  -28  20 
-22  40  32 
-50  -12  44 
-48  -42  32 
40  46  -16 
-52  0  44 
-40  2  -30 
-16  -16  -18 
2  34  -28 
-22  -70  40 
-16  2  20 
58  16  6 
-56  -70  4 
-4  36  -12 
-42  -36  -26 
-8  -70  30 
10  2  62 
-48  -70  40 
12  30  42 
22  10  -22 
-4  -88  24 
-12  -8  12 
-4  -64  34 
-4  12  -10 

//Reference=MNI 
//nullstudy_4
//Subjects=8
-64  -32  28 
34  54  18 

//Reference=MNI 
//nullstudy_5
//Subjects=11
-22  -98  -2 
-4  16  -16 
-18  24  46 
54  4  26 
-26  60  0 
-52  -54  26 
28  56  4 
-8  -68  -18 
-44  28  14 
-16  -94  16 
-10  50  -2 
-36  -12  -34 
-2  -14  12 
-14  32  -16 

//Reference=MNI 
//nullstudy_6
//Subjects=10
-34  -64  32 
-18  0  -40 
20  66  -8 
46  6  -22 

//Reference=MNI 
//nullstudy_7
//Subjects=10
6  34  -18 
-54  -18  24 
36  54  30 
-20  -76  22 

//Reference=MNI 
//nullstudy_8
//Subjects=11
-20  -4  -44 
8  26  44 
28  8  48 
-8  30  44 
-36  -38  70 
-70  -20  -10 
-64  -24  10 
-10  -86  14 
2  24  54 
-24  8  2 
-4  -54  -14 
-18  -62  10 
-26  30  24 
-42  -84  14 
30  52  0 
-42  -28  -18 
-18  44  48 
-14  -88  34 
-44  6  24 
-34  -32  -12 
-16  -44  -16 
-16  4  -34 
-6  -82  12 
-24  -82  -44 

//Reference=MNI 
//nullstudy_9
//Subjects=9
52  2  14 
-4  44  -32 

//Reference=MNI 
//nullstudy_10
//Subjects=11
52  44  4 
8  26  -10 
-6  -52  56 
-8  -54  6 
-4  -22  -44 
-28  -8  62 
-68  -48  0 
-38  -8  -18 

//Reference=MNI 
//nullstudy_11
//Subjects=12
38  32  44 
-56  -6  48 
-20  6  68 
-50  -14  -10 
-2  40  12 
-4  26  -30 
-28  -44  -18 
-24  -24  60 
-14  -28  60 
-28  -42  60 
-14  -22  20 
-36  -38  -12 
-28  18  -24 
-34  2  -26 

//Reference=MNI 
//nullstudy_12
//Subjects=11
-10  -82  32 
-44  36  6 
-12  -32  38 
-64  4  18 
-52  -72  -2 
40  30  -8 
64  6  -6 
-36  -68  18 
-4  12  24 
-28  -2  12 
-40  18  42 
-8  -46  16 
-64  -44  16 
-58  26  6 
-24  -92  14 
-30  16  62 
-42  20  -30 
-18  20  -18 

//Reference=MNI 
//nullstudy_13
//Subjects=10
-6  -82  12 
-36  6  44 

//Reference=MNI 
//nullstudy_14
//Subjects=10
-36  24  -30 
-2  -50  -2 
2  46  36 

//Reference=MNI 
//nullstudy_15
//Subjects=11
-10  32  -30 
-22  20  58 
-12  -44  -60 
-58  14  2 
10  16  12 
-14  60  0 
38  32  22 
-2  -78  22 
-12  -26  80 
36  42  42 
-16  -58  -52 
-6  -46  56 
8  66  8 
12  8  -16 
-32  -40  -30 
-12  -38  -38 
-12  -54  -8 
-32  36  26 
-12  -36  -26 
-8  -26  2 
-36  -82  -38 
-30  -34  52 

//Reference=MNI 
//nullstudy_16
//Subjects=9
-70  -30  6 
-14  -64  32 

//Reference=MNI 
//nullstudy_17
//Subjects=10
-26  -70  36 
-30  -68  -14 
4  8  32 
-22  -68  -12 
-36  -46  68 
-8  -94  22 
-24  -18  -32 
-24  24  -28 

//Reference=MNI 
//nullstudy_18
//Subjects=10
40  22  -28 
0  50  6 
-14  10  -26 
12  50  22 

//Reference=MNI 
//nullstudy_19
//Subjects=11
-48  18  2 
-14  -64  -36 
-2  -88  30 
52  24  42 
-38  -50  -28 
-32  10  -2 
-12  -60  66 
-6  38  -16 
-50  -16  -4 

//Reference=MNI 
//nullstudy_20
//Subjects=10
38  24  -16 
-32  -52  -8 
-18  42  -20 
-36  -16  62 
-46  -70  18 
16  54  -18 
-38  36  -8 
-48  -54  -30 
-28  -74  -60 

//Reference=MNI 
//nullstudy_21
//Subjects=10
-56  -52  -32 
26  14  -30 
-8  30  52 
-54  -8  -14 
-16  6  -8 
-8  -14  -30 
-34  42  -14 

//Reference=MNI 
//nullstudy_22
//Subjects=10
-34  -32  52 
24  4  66 
-50  4  44 
52  32  -2 
-6  70  -8 

//Reference=MNI 
//nullstudy_23
//Subjects=9
-34  -46  -52 
14  4  -10 

//Reference=MNI 
//nullstudy_24
//Subjects=9
-46  38  4 
12  60  -14 
-10  -20  76 

//Reference=MNI 
//nullstudy_25
//Subjects=8
-50  -2  48 
-10  -98  24 

//Reference=MNI 
//nullstudy_26
//Subjects=12
-54  12  6 
24  64  8 
-66  -32  6 
22  12  -6 
-44  -64  12 
-58  -50  2 
52  30  0 
26  8  58 
42  16  0 
-22  -6  74 
-52  -22  -14 
-4  -20  26 
-40  -26  12 
24  12  4 

//Reference=MNI 
//nullstudy_27
//Subjects=11
-48  -42  4 
-18  54  18 
-10  30  62 
-10  -60  42 
-60  -46  30 
-62  -36  10 
2  26  26 
-14  52  22 
-58  -16  30 
-44  18  52 
-20  -12  58 
10  46  48 
-30  -38  -42 
34  58  -4 

//Reference=MNI 
//nullstudy_28
//Subjects=11
-52  -8  2 
14  16  -28 
-50  14  -14 
0  12  36 
-46  24  -4 
-44  -72  -14 
-18  -26  64 
38  10  62 
42  22  -30 

//Reference=MNI 
//nullstudy_29
//Subjects=11
-16  -52  64 
-30  14  48 
-58  -48  -16 
-48  32  -6 
-14  -96  12 
-28  48  40 
-12  -90  -40 
60  16  14 
-40  36  -10 
-64  -44  34 
0  40  -16 
-4  -104  -4 
-18  26  48 

//Reference=MNI 
//nullstudy_30
//Subjects=10
-2  -26  28 
-24  8  -6 
40  6  50 
22  18  -28 
-68  -32  16 
-32  -52  8 
-40  -66  12 

//Reference=MNI 
//nullstudy_31
//Subjects=11
-8  0  70 
-22  14  -44 
-4  -32  -20 
-28  -50  8 
-42  -66  52 
-24  20  -24 
-16  24  0 
38  44  -14 
-66  -30  8 
10  12  -8 
44  20  -18 

//Reference=MNI 
//nullstudy_32
//Subjects=10
-8  -78  56 
-46  40  0 
-36  -6  -30 

//Reference=MNI 
//nullstudy_33
//Subjects=11
-48  2  -12 
-48  14  6 
-50  -68  24 
14  36  -18 
-30  24  44 
-50  12  -2 
-4  24  -30 
-12  -18  -32 
6  2  -20 
0  42  56 
-6  -12  14 
-44  36  -18 
24  12  64 
-46  -2  28 
2  28  48 
-22  -72  -48 
-38  30  -4 
4  18  48 

//Reference=MNI 
//nullstudy_34
//Subjects=10
-16  -36  -10 
36  46  -16 
-10  -20  74 
-22  -76  -34 

//Reference=MNI 
//nullstudy_35
//Subjects=9
-36  6  -2 
-2  58  20 
-30  12  -6 
-12  -38  54 

//Reference=MNI 
//nullstudy_36
//Subjects=10
-52  -4  32 
-40  -18  -40 
-48  -40  12 
-60  -54  -14 

//Reference=MNI 
//nullstudy_37
//Subjects=10
26  38  -18 
-34  18  56 
4  70  6 
-24  66  0 
-42  -76  -30 
-42  -70  -6 
12  6  18 

//Reference=MNI 
//nullstudy_38
//Subjects=12
-42  -44  52 
-12  50  46 
-34  -50  2 
-28  16  4 
-48  42  14 
-20  -66  -2 
-50  -62  46 
46  54  -6 
40  20  -4 
46  2  -40 

//Reference=MNI 
//nullstudy_39
//Subjects=11
-36  -66  10 
-30  -4  -50 
-2  46  32 
-46  10  16 
-8  42  -2 
-16  -72  6 
-22  -28  62 
-50  32  -12 
-50  16  34 

//Reference=MNI 
//nullstudy_40
//Subjects=11
46  10  -36 
38  60  -2 
-12  -62  0 
50  26  -8 
-16  -80  14 
-8  32  -28 
6  18  12 
4  4  -12 
-44  -52  38 
-36  -30  40 
-34  -66  50 
-12  -56  22 

//Reference=MNI 
//nullstudy_41
//Subjects=12
-18  -74  20 
-38  -14  56 
50  2  0 
-42  34  -20 
44  22  46 
12  32  38 
-50  14  -14 
-62  -36  18 
-42  2  -22 
-38  -58  -6 
-40  -46  60 
-62  -60  4 
-56  12  12 
48  32  20 
34  8  2 
40  30  12 
-38  26  12 
-24  4  -42 
-4  58  38 
14  54  22 
10  6  -4 
-56  16  -16 

//Reference=MNI 
//nullstudy_42
//Subjects=9
-34  -88  8 
-32  -50  -20 
-20  68  12 

//Reference=MNI 
//nullstudy_43
//Subjects=9
-4  26  42 
-24  -14  -44 
-20  56  -2 

//Reference=MNI 
//nullstudy_44
//Subjects=11
-20  -20  22 
-20  -92  14 
42  32  -22 
-46  -72  -32 
-26  62  -2 
-40  -20  -26 
-48  -56  -2 
48  18  -34 
-50  20  -14 
-40  20  54 
-46  -8  -38 
-18  -52  74 
-4  -26  4 
46  12  36 
-36  -44  68 

//Reference=MNI 
//nullstudy_45
//Subjects=11
-22  0  -16 
-14  56  -12 
44  4  -44 
-16  -98  -2 
-54  -50  6 
-36  18  -38 
-10  -40  -12 
-56  -40  -28 
-8  -58  4 
0  12  60 

//Reference=MNI 
//nullstudy_46
//Subjects=11
-28  40  16 
-10  -50  60 
-50  -44  56 
-28  14  50 
-48  8  -34 
-22  -96  -12 
36  26  56 
-50  26  -16 
-52  -44  20 
-2  30  50 
-36  -52  -30 
-24  -22  66 
0  64  -18 
-6  -58  -38 
-18  -8  -16 
8  36  6 
-42  -42  8 
-10  -42  38 
-10  -90  20 
44  18  26 
-12  -24  80 
-56  -66  32 
-2  -82  -32 
-28  -84  2 
-50  -40  -24 
-32  -80  -4 
26  16  38 
48  22  -14 
-22  -28  64 
-52  2  -26 
-8  0  70 
-16  -38  -2 
6  62  -18 
-42  -46  -56 
-2  -24  -34 
-48  -36  6 
-18  -76  -56 
-50  34  4 
-34  8  10 
-30  -18  52 
-10  -16  24 
-44  30  16 
0  2  8 

//Reference=MNI 
//nullstudy_47
//Subjects=11
-20  -44  -32 
-6  -52  -64 
-26  -84  32 
-28  -60  -30 
18  44  40 
-16  60  20 
-32  -30  16 
-22  -64  36 
-62  -14  -8 

//Reference=MNI 
//nullstudy_48
//Subjects=9
2  18  64 
-18  -44  54 
32  24  50 

//Reference=MNI 
//nullstudy_49
//Subjects=11
-12  -68  54 
8  20  -20 
-46  24  -20 
32  4  54 
58  34  8 
-16  -54  -50 
50  30  -12 
-12  -6  26 
-18  -48  58 
50  26  4 
-10  38  -4 
-2  -46  -20 

//Reference=MNI 
//nullstudy_50
//Subjects=11
12  10  -20 
-12  24  -12 
16  44  40 
-54  -42  -22 
14  16  66 
-18  -82  -14 
-8  -30  42 
42  8  -38 
-4  -58  -2 

//Reference=MNI 
//nullstudy_51
//Subjects=10
10  8  50 
-62  -20  12 
-30  -76  40 
-52  -32  56 

//Reference=MNI 
//nullstudy_52
//Subjects=10
20  60  22 
-40  -8  40 
-40  -68  34 
-60  -42  -2 
-2  12  30 
-50  -50  24 

//Reference=MNI 
//nullstudy_53
//Subjects=10
-48  -28  52 
0  44  4 
-68  -14  24 
-52  -26  -28 
-58  8  -14 

//Reference=MNI 
//nullstudy_54
//Subjects=9
-24  18  64 
-38  -82  -10 
-32  48  0 

//Reference=MNI 
//nullstudy_55
//Subjects=10
-28  -94  14 
20  48  -20 
-28  -10  72 
-28  -16  74 
-54  -58  -36 
32  26  0 

//Reference=MNI 
//nullstudy_56
//Subjects=9
-22  -48  -34 
-28  -62  -44 

//Reference=MNI 
//nullstudy_57
//Subjects=11
-36  -20  6 
8  44  38 
-64  -28  28 
-12  -34  -34 
-2  44  48 
-36  -64  -12 
-22  56  16 
-4  -54  -38 
-26  58  -14 
-50  4  36 
-6  -98  20 
-20  -50  2 
-16  18  -12 
-42  -70  2 
-20  -78  28 
-40  -24  56 
-36  -74  -16 
-54  8  -26 
-36  28  40 
8  20  -10 
56  2  -10 
-52  -14  -10 

//Reference=MNI 
//nullstudy_58
//Subjects=11
14  12  16 
-8  -66  -24 
-8  6  74 
-50  -60  6 
-56  14  22 
-18  -68  56 
-22  14  54 
12  20  42 
-30  -46  -50 
-28  48  6 

//Reference=MNI 
//nullstudy_59
//Subjects=12
-8  -46  -12 
-10  -28  -4 
-36  -38  52 
10  10  48 
-10  -14  14 
-2  -18  2 
18  18  -24 
10  66  22 
30  22  -40 
-12  -16  -28 
-24  18  52 
-18  -68  -50 
30  34  30 
-6  -74  -38 
-18  8  18 
-38  -78  28 
-48  -22  32 
14  28  32 
40  16  4 
-36  -76  -50 
-38  -52  -12 
34  8  -32 
-28  -50  -12 
-8  -30  2 
-30  42  -22 
-40  -72  -54 
-20  -88  8 
38  48  4 
50  20  42 
-28  -60  38 
-66  -36  30 
12  18  12 
10  66  2 
0  12  32 
-12  -72  -24 

//Reference=MNI 
//nullstudy_60
//Subjects=9
-58  10  32 
-10  -24  66 

//Reference=MNI 
//nullstudy_61
//Subjects=10
-6  50  48 
-6  -68  34 
-44  26  10 
-8  52  0 

//Reference=MNI 
//nullstudy_62
//Subjects=9
14  28  60 
-52  12  12 
38  8  -46 

//Reference=MNI 
//nullstudy_63
//Subjects=10
50  22  -24 
12  50  -10 
12  30  -16 
-40  -50  12 
44  16  52 
-42  4  14 

//Reference=MNI 
//nullstudy_64
//Subjects=9
-22  -46  6 
-30  50  18 
-12  -50  -32 
20  42  38 

//Reference=MNI 
//nullstudy_65
//Subjects=10
-18  -66  38 
-12  -80  20 

//Reference=MNI 
//nullstudy_66
//Subjects=11
-56  6  30 
32  58  6 
-2  36  60 
-10  -44  -50 
26  50  -6 
-16  36  54 
-26  -68  -34 
-20  -44  -56 
-14  -74  -46 

//Reference=MNI 
//nullstudy_67
//Subjects=11
30  42  32 
-8  -66  -22 
-42  16  -18 
28  18  -18 
-14  2  -22 
-46  -74  4 
-50  20  10 
-34  -34  16 
-24  -64  16 

//Reference=MNI 
//nullstudy_68
//Subjects=9
-18  -42  14 
-10  -98  -2 

//Reference=MNI 
//nullstudy_69
//Subjects=11
10  16  -2 
-18  -46  -44 
-40  8  58 
58  22  30 
-6  -32  28 
-8  22  30 
-8  -28  -18 
-4  -40  -10 
-6  -64  64 
-58  -22  -24 
-22  36  -14 
-42  -8  4 
2  58  -26 
20  20  44 
-44  -18  60 
-18  -62  -16 

//Reference=MNI 
//nullstudy_70
//Subjects=11
32  6  58 
-10  62  34 
50  14  14 
-30  -60  -56 
36  12  58 
26  58  18 
12  60  -18 
-12  16  -26 
-6  -76  12 

//Reference=MNI 
//nullstudy_71
//Subjects=11
20  20  52 
-2  6  32 
-14  -12  10 
-34  -58  52 
6  54  -10 
-42  -16  48 
-10  -24  -32 
-58  -8  -38 
-36  -40  -38 

//Reference=MNI 
//nullstudy_72
//Subjects=11
-16  20  62 
-40  -38  22 
-46  -8  8 
16  6  -40 
-20  14  -12 
-12  -100  -6 
-28  -18  -26 
-52  10  -22 
-30  -16  -14 
-18  4  50 

//Reference=MNI 
//nullstudy_73
//Subjects=11
-50  -64  6 
-12  -82  10 
22  26  48 
-12  -36  -36 
-56  -28  -16 
64  8  0 
38  2  56 
-12  -54  -28 
24  46  24 
-12  -2  -18 
-2  66  2 
-40  -56  48 
-38  -46  -38 
22  24  60 
-4  10  34 
-26  -94  -16 
36  20  -10 
-10  -58  -12 

//Reference=MNI 
//nullstudy_74
//Subjects=10
36  2  -38 
-2  -100  -8 
-2  -14  12 
-10  -98  6 
8  8  54 

//Reference=MNI 
//nullstudy_75
//Subjects=11
22  4  -36 
-18  -60  34 
-38  -20  46 
-42  -26  58 
-32  22  -14 
-6  -68  -10 
-42  -60  40 
-10  70  4 
-20  -84  38 
36  10  -2 
38  26  -10 
0  22  36 
-38  44  20 
-26  -80  38 
18  12  -26 
-54  16  16 

//Reference=MNI 
//nullstudy_76
//Subjects=13
-60  -24  12 
-58  -46  -28 
-12  -52  -62 
-48  -78  20 
-56  0  2 
-34  -84  -32 
-38  -46  -50 
-18  -50  -8 
-10  20  -14 
10  64  -20 
62  2  -8 
-44  -64  2 

//Reference=MNI 
//nullstudy_77
//Subjects=11
6  34  14 
-8  -72  -50 
-4  -42  26 
-16  -66  -52 
32  8  36 
-52  6  -38 
-20  -54  -36 
-14  -78  -10 
-2  18  -10 
-32  -40  0 
22  30  30 
-4  -20  66 
-32  -16  12 
-52  -70  -36 
-14  -56  8 
-30  -88  -12 
-26  -80  -44 
-46  -56  40 
-50  -14  -4 
-54  -24  -6 
-14  40  -20 
18  4  70 
30  8  48 
-26  -40  -52 
20  8  -24 
-28  38  -8 
30  44  -18 
-38  8  0 
-38  -24  48 
48  42  26 
-42  -82  2 
-22  62  10 
20  68  -2 
-6  -62  -28 
-8  -20  -14 

//Reference=MNI 
//nullstudy_78
//Subjects=11
-18  10  -32 
-12  -4  -20 
-2  -52  -40 
-8  2  24 
-66  -12  -14 
-28  16  36 
-6  26  28 
-20  18  -28 
-12  -54  -24 

//Reference=MNI 
//nullstudy_79
//Subjects=10
-36  2  36 
12  12  -6 
-50  -74  24 
-36  -54  -52 
-16  24  2 
-32  32  16 
-54  -2  -30 
-2  -54  -8 
18  62  -10 
-38  -64  48 
-8  -96  30 
-8  -26  70 
-4  -20  -38 
-8  8  44 
-46  -4  50 
-56  -42  -14 
-28  -88  -12 
-40  -40  18 

//Reference=MNI 
//nullstudy_80
//Subjects=12
-18  2  58 
40  6  10 
-2  -62  -32 

//Reference=MNI 
//nullstudy_81
//Subjects=11
-44  10  50 
30  32  48 
4  22  -24 
-22  -2  66 
26  6  -40 
12  8  -8 
-20  -62  52 
-28  -66  60 
-20  -4  48 
-48  -26  46 
46  12  44 
-58  2  -14 
-56  -30  36 
-16  -66  2 

//Reference=MNI 
//nullstudy_82
//Subjects=10
-28  6  -20 
-52  -46  8 
-34  36  -14 
-58  -60  14 
-32  -72  40 
-36  -20  -4 
-28  -70  26 
-34  -2  52 
-48  -48  42 

//Reference=MNI 
//nullstudy_83
//Subjects=10
18  2  -2 
42  30  -14 
-22  -68  -42 
-10  8  60 

//Reference=MNI 
//nullstudy_84
//Subjects=12
-50  8  -10 
-62  -30  6 
-2  -38  2 

//Reference=MNI 
//nullstudy_85
//Subjects=9
-26  -52  -38 
-34  -24  46 
-48  -28  2 
42  14  6 
-2  -22  34 
-8  54  42 

//Reference=MNI 
//nullstudy_86
//Subjects=11
-32  52  20 
42  6  -14 
-2  -84  10 
6  10  50 
-12  -90  -30 
-18  14  4 
28  22  12 
-42  -68  -22 
-4  -86  10 
-4  -76  24 
56  4  -4 
-8  0  76 
-34  -60  46 

//Reference=MNI 
//nullstudy_87
//Subjects=10
24  2  -46 
-2  52  42 

//Reference=MNI 
//nullstudy_88
//Subjects=9
-40  -72  -26 
-48  -72  -16 
-6  40  2 
-40  -58  16 
38  24  32 
40  28  12 
-2  -10  -10 
-6  -20  -16 

//Reference=MNI 
//nullstudy_89
//Subjects=9
-28  12  -40 
-24  44  30 
-14  44  -18 

//Reference=MNI 
//nullstudy_90
//Subjects=11
-38  -26  2 
-50  -40  24 

//Reference=MNI 
//nullstudy_91
//Subjects=11
-18  -56  20 
-12  -14  -16 
-32  18  -34 

//Reference=MNI 
//nullstudy_92
//Subjects=11
-64  -42  -8 
-18  -32  10 
-62  -14  -34 
-12  -62  -2 
-44  2  54 
-32  -90  0 
38  6  14 
0  38  -6 
-62  -24  -34 
-20  -40  -10 

//Reference=MNI 
//nullstudy_93
//Subjects=11
4  30  30 
-20  -62  52 
10  4  -10 
-60  -20  -6 
12  4  54 
-52  -32  28 
46  2  56 
-28  26  54 
-42  18  -24 
-36  -60  -34 
46  36  -20 
0  50  -4 
58  14  10 
-10  -88  38 
-22  -86  -2 
-4  -32  8 

//Reference=MNI 
//nullstudy_94
//Subjects=10
20  14  56 
-42  52  -4 
-44  56  2 
18  52  16 
-12  -4  -14 
-38  -80  32 
-16  -30  42 
-24  -18  -18 
-30  -78  18 
10  46  8 

//Reference=MNI 
//nullstudy_95
//Subjects=10
-2  32  18 
-20  48  -14 
-6  22  22 
8  34  62 
-30  40  30 
-28  -76  -30 
-38  -72  -42 
12  66  -8 
-42  -14  -2 
40  14  -44 
-36  -64  -62 
26  4  -12 
48  12  -30 
-36  -28  66 
-54  0  -24 
-4  18  60 
-26  -68  -22 
-60  -16  -30 
2  30  -24 
-44  -4  -16 
-8  -92  22 
-34  -50  52 
-4  8  30 
-40  56  16 
-38  42  24 
-44  -18  50 
-26  -16  -28 
38  2  38 
-30  -30  -22 
4  8  62 
-50  -26  60 
-10  -28  -36 
-44  -74  -18 

//Reference=MNI 
//nullstudy_96
//Subjects=10
-24  -98  -4 
-46  -62  54 
-30  16  0 
-26  -36  -18 
40  32  -18 
18  2  -36 

//Reference=MNI 
//nullstudy_97
//Subjects=11
-34  50  -2 
-44  -36  -16 
-22  -76  42 
-24  -84  -36 
-58  -54  -6 
-28  34  -20 
12  32  50 

//Reference=MNI 
//nullstudy_98
//Subjects=11
-58  -58  2 
-56  8  30 
-50  2  6 
26  12  -44 
40  2  38 
22  52  20 
6  40  -4 

//Reference=MNI 
//nullstudy_99
//Subjects=10
-38  -62  18 
54  20  -8 
-56  20  -2 
-6  46  30 
-44  -32  52 
-30  -24  -18 
12  44  8 
-34  -48  38 
-36  -14  68 
-10  -22  42 
-60  -30  0 
-48  -4  52 
-16  -88  24 

//Reference=MNI 
//nullstudy_100
//Subjects=10
-14  40  6 
-36  8  30 
34  52  24 
46  30  32 
20  22  42 
18  8  70 
44  50  16 
-32  -42  -26 
-26  -36  -8 
-12  10  4 
-52  -52  -10 
-22  -6  -26 
-22  46  18 
-2  -86  -14 

