//Reference=MNI 
//truestudy_1
//Subjects=30
46  -66  -4 
45  -67  -6 
47  -67  -6 
48  -65  -6 
46  -66  -5 
46  -65  -6 

//Reference=MNI 
//truestudy_2
//Subjects=28
47  -65  -7 
45  -64  -6 

//Reference=MNI 
//truestudy_3
//Subjects=29
46  -66  -6 
46  -66  -5 

//Reference=MNI 
//nullstudy_1
//Subjects=30
-28  64  0 
-12  8  -18 
-46  36  34 
-26  -40  48 
-24  62  18 
-50  -70  12 

//Reference=MNI 
//nullstudy_2
//Subjects=28
-12  -16  48 
-38  -48  -36 

//Reference=MNI 
//nullstudy_3
//Subjects=29
-20  -64  -8 
-20  -36  8 

//Reference=MNI 
//nullstudy_4
//Subjects=30
-20  -44  -32 
-16  44  34 
-2  -82  8 
-34  54  24 
-50  -68  34 
-32  -16  20 

//Reference=MNI 
//nullstudy_5
//Subjects=30
-8  -60  46 
-50  -36  56 
-22  -32  -38 
-6  0  46 
-46  -44  -10 
8  28  30 

//Reference=MNI 
//nullstudy_6
//Subjects=31
-46  -70  -38 
2  14  34 
-44  8  -36 
-48  -54  14 
-32  40  8 
44  18  -38 
-26  -64  -2 
-34  -18  -6 
-10  -20  22 
-24  -74  30 
46  40  34 
-26  44  -14 
-38  26  26 
38  14  32 
38  4  60 
-14  -86  -8 
20  52  10 
-24  -18  64 
-36  -46  -50 
-36  46  -6 
-26  24  46 
24  18  4 
-28  -52  38 
36  24  54 
-44  -24  46 
-34  2  -44 

//Reference=MNI 
//nullstudy_7
//Subjects=30
-58  -44  20 
-52  -52  -34 
-18  -70  58 
-8  -34  74 
-26  -74  32 

//Reference=MNI 
//nullstudy_8
//Subjects=29
-24  -12  72 
-4  -36  38 
-48  30  36 

//Reference=MNI 
//nullstudy_9
//Subjects=31
-12  -96  10 
50  16  -14 
-2  -64  -14 
-10  54  10 
-28  -26  -22 
-18  -78  -40 
-8  48  -12 
-10  -70  2 
-20  -52  66 
-14  -74  14 

//Reference=MNI 
//nullstudy_10
//Subjects=29
-68  -30  0 
12  48  -22 

//Reference=MNI 
//nullstudy_11
//Subjects=28
52  18  -20 
24  34  52 

//Reference=MNI 
//nullstudy_12
//Subjects=31
-36  40  -16 
-2  -82  16 
-40  -56  -22 
6  10  -4 
-26  8  -30 
-40  -54  16 
-16  -46  64 
-16  12  -20 
-38  -34  20 

//Reference=MNI 
//nullstudy_13
//Subjects=31
0  14  -6 
-52  30  12 
16  16  10 
-54  30  16 
26  18  54 
-4  -22  -18 
-58  -42  -16 

//Reference=MNI 
//nullstudy_14
//Subjects=28
-12  -58  -64 
-18  -88  26 

//Reference=MNI 
//nullstudy_15
//Subjects=29
-58  -8  42 
-18  -38  2 

//Reference=MNI 
//nullstudy_16
//Subjects=30
-4  28  -10 
46  8  24 
56  26  8 
-4  -20  54 
-44  54  4 
-4  -32  60 

//Reference=MNI 
//nullstudy_17
//Subjects=32
-36  -44  -22 
-54  14  -6 
-42  -64  -40 
-20  -68  18 
8  30  -10 
-56  -70  26 
-34  32  30 
14  16  34 
-12  36  32 
24  60  -16 
-6  -68  -50 
-30  -62  -26 

//Reference=MNI 
//nullstudy_18
//Subjects=30
-24  52  -20 
-16  -48  -58 
-44  -56  40 
14  42  18 
-14  -54  74 

//Reference=MNI 
//nullstudy_19
//Subjects=29
-44  -14  -38 
-48  30  24 

//Reference=MNI 
//nullstudy_20
//Subjects=29
32  10  -14 
-10  -84  46 

//Reference=MNI 
//nullstudy_21
//Subjects=31
34  58  -16 
-38  6  40 
-12  46  42 
-40  -8  48 
-26  20  56 
-6  -72  58 
-58  18  20 
-10  -66  4 
-32  -10  -10 
-64  -32  -28 
-16  38  48 
-26  -4  64 
28  44  42 
28  52  -2 
-8  -98  -14 
-30  -12  -26 
-22  -4  46 
54  2  -10 
50  10  50 
-8  38  0 
-32  -64  -38 

//Reference=MNI 
//nullstudy_22
//Subjects=30
-24  20  48 
-2  -36  -46 
-2  28  58 
-6  10  54 
-48  32  28 

//Reference=MNI 
//nullstudy_23
//Subjects=30
-12  -60  -56 
-56  -10  42 
-12  22  -8 
-52  -36  -10 
-6  26  -30 
-8  40  36 

//Reference=MNI 
//nullstudy_24
//Subjects=30
-2  -34  80 
-16  -42  62 
-58  -64  32 
-24  14  -22 
-34  2  54 

//Reference=MNI 
//nullstudy_25
//Subjects=28
10  34  10 
-22  -62  68 

//Reference=MNI 
//nullstudy_26
//Subjects=30
-32  56  -6 
22  6  0 
-32  8  40 
10  42  8 
-18  -18  -8 
36  18  -36 

//Reference=MNI 
//nullstudy_27
//Subjects=29
-6  -68  34 
-62  -26  -20 
6  28  -22 

//Reference=MNI 
//nullstudy_28
//Subjects=30
-8  -40  -60 
-48  -42  8 
-22  -16  56 
-34  0  50 
-44  -56  -6 
-18  6  -12 
-6  -20  -22 
-6  -28  -48 
-30  54  -12 

//Reference=MNI 
//nullstudy_29
//Subjects=30
-52  -74  20 
12  22  32 
-18  -34  -34 
-16  -52  36 

//Reference=MNI 
//nullstudy_30
//Subjects=30
-34  -50  52 
-32  2  58 
-46  -20  12 
18  18  60 

//Reference=MNI 
//nullstudy_31
//Subjects=29
-30  -64  54 
-6  -6  -4 
-56  -28  40 

//Reference=MNI 
//nullstudy_32
//Subjects=31
-18  4  -26 
-50  -26  18 
-62  -26  18 
2  34  32 
-34  -18  8 
-28  -88  22 
-18  70  2 
-46  -72  -28 
36  24  22 
-8  -36  -12 
-24  -40  -12 
-38  36  22 
56  6  6 
-26  -40  46 
-18  20  60 

//Reference=MNI 
//nullstudy_33
//Subjects=31
36  20  -44 
-44  -70  -46 
46  38  26 
42  10  60 
-46  34  4 
-6  -34  40 
36  30  4 
-38  6  -16 
-44  -42  6 
-14  54  4 
-38  -46  36 
-12  -40  -20 
-22  -62  22 
-10  50  20 
-40  -74  -54 
-4  40  -32 
-44  -68  -50 
-30  -50  -58 
34  60  -12 
-46  32  10 
-44  -64  14 
-2  -50  12 
46  18  -4 
-18  6  56 

//Reference=MNI 
//nullstudy_34
//Subjects=28
-42  42  32 
-42  50  -8 

//Reference=MNI 
//nullstudy_35
//Subjects=30
-60  -2  32 
-10  -52  -48 
-12  -82  0 
44  2  46 
-50  4  -24 
-32  -22  66 

//Reference=MNI 
//nullstudy_36
//Subjects=31
4  2  -10 
66  6  16 
-24  -44  44 
-22  -40  -52 
10  42  42 
-12  -56  -14 
-34  -60  -22 
-26  -88  -8 
-14  48  32 
-18  30  -4 
12  26  64 
-66  -30  30 
-4  22  32 
-36  -92  -16 

//Reference=MNI 
//nullstudy_37
//Subjects=31
-32  -80  -52 
-10  14  50 
-4  22  36 
-4  -48  38 
-10  -12  14 
-28  4  -24 
-66  -26  -24 
32  8  -22 
-64  -44  10 

//Reference=MNI 
//nullstudy_38
//Subjects=29
-32  -18  72 
32  32  40 
-8  -68  -28 

//Reference=MNI 
//nullstudy_39
//Subjects=31
14  34  18 
4  44  54 
-34  -32  -32 
52  18  -30 
-56  12  -4 
-28  -86  -44 
-28  0  -40 
-4  54  28 
-8  -74  54 
-16  -88  38 
-2  -42  -42 
-4  -76  40 
-36  -34  22 
-32  6  -46 

//Reference=MNI 
//nullstudy_40
//Subjects=31
28  10  48 
-22  -52  42 
12  46  48 
-32  -14  -20 
-56  -32  22 
-2  24  52 
-32  -84  -6 
-14  -70  -18 
-10  -78  -26 
-50  -24  40 
-32  -20  56 

//Reference=MNI 
//nullstudy_41
//Subjects=33
26  6  -50 
-52  16  -2 
-8  -28  -42 
-62  -26  40 
-6  -34  -22 
-34  -74  2 
-40  44  28 
12  12  -28 
-22  -8  -24 
62  14  18 
-12  -26  10 
28  4  -46 
-42  -44  24 
-40  -44  -18 
14  56  42 

//Reference=MNI 
//nullstudy_42
//Subjects=30
0  8  44 
52  8  24 
-6  58  20 
-14  -68  6 

//Reference=MNI 
//nullstudy_43
//Subjects=31
36  4  -2 
-24  52  16 
26  6  56 
32  10  -30 
-12  -54  -30 
-16  64  20 
-10  -84  46 
8  12  -4 

//Reference=MNI 
//nullstudy_44
//Subjects=31
-36  -52  -42 
-48  26  -10 
-18  -52  -36 
-20  -32  -4 
-8  -34  42 
-60  -30  26 
52  6  38 
52  40  18 
-2  40  50 
-38  16  -18 
-8  -12  -12 
-20  -72  -32 
-34  44  8 
-16  10  60 
54  6  36 
-14  10  64 
-4  -28  -50 

//Reference=MNI 
//nullstudy_45
//Subjects=29
-34  -16  -40 
-16  4  22 
-4  34  -4 

//Reference=MNI 
//nullstudy_46
//Subjects=31
-50  -60  12 
-18  -8  -34 
-8  -74  2 
-6  58  0 
-26  -64  38 
-50  -54  46 
26  2  8 
-16  2  -16 
-44  18  -24 

//Reference=MNI 
//nullstudy_47
//Subjects=31
44  10  32 
-8  -14  6 
-64  -34  40 
-22  -26  -10 
-8  -76  16 
52  34  -14 
-22  58  26 
-38  -58  -60 
-2  -42  50 
-44  20  0 
-16  18  2 
-44  -70  -44 
-56  -26  -16 
28  32  4 
-26  -92  -26 
-2  -80  -46 
-6  48  36 
-28  20  -28 
-16  -84  -16 
-6  -10  -20 
-56  -20  -38 
54  12  8 
-6  30  40 
-50  40  -12 
46  4  -36 
-24  -70  40 
52  34  -4 

//Reference=MNI 
//nullstudy_48
//Subjects=31
-2  -76  24 
-68  -40  -18 
38  18  -6 
-18  -98  2 
-28  -62  -4 
-18  8  2 
-34  52  18 
-44  8  52 
4  38  4 
56  34  18 
26  18  -24 

//Reference=MNI 
//nullstudy_49
//Subjects=30
0  6  -2 
-26  -16  -32 
42  38  10 

//Reference=MNI 
//nullstudy_50
//Subjects=29
-16  14  20 
18  10  62 

//Reference=MNI 
//nullstudy_51
//Subjects=30
-12  2  62 
-54  -16  22 
50  6  50 
50  36  24 
50  6  42 
-4  -56  -10 

//Reference=MNI 
//nullstudy_52
//Subjects=31
-8  28  42 
-14  -72  48 
42  36  38 
-36  -28  -20 
-28  -90  18 
-16  -72  32 
-30  -32  50 
-30  -74  48 
-26  -50  52 
-16  -42  -28 
18  14  -30 
8  16  44 
-14  -50  -10 
-22  -70  50 
-42  -56  -42 
-34  -26  58 
-62  -24  -10 
-10  2  -16 
-14  -76  42 
-12  -72  -54 
-38  30  -20 
24  64  20 
-20  -44  -60 

//Reference=MNI 
//nullstudy_53
//Subjects=31
-10  -70  -30 
-36  -14  70 
2  2  14 
-42  4  -24 
52  16  6 
0  16  -12 
-6  -60  -6 
-38  28  22 

//Reference=MNI 
//nullstudy_54
//Subjects=30
-48  -66  -24 
-36  -38  -12 
-40  -12  12 
-30  -20  46 

//Reference=MNI 
//nullstudy_55
//Subjects=31
-28  36  40 
-48  -10  -24 
-36  40  20 
-30  8  54 
14  58  36 
-24  -42  46 
-50  8  -2 
-12  -22  54 
-6  -6  48 
-10  -70  50 

//Reference=MNI 
//nullstudy_56
//Subjects=29
-8  -22  -4 
-48  4  28 
-4  -78  12 

//Reference=MNI 
//nullstudy_57
//Subjects=30
-18  -64  -18 
-4  -40  -46 
-2  -16  68 
-14  -16  72 
32  42  12 
-2  -18  -22 
-8  -86  8 

//Reference=MNI 
//nullstudy_58
//Subjects=31
46  26  44 
-50  -26  62 
-30  -72  -42 
-12  50  32 
-50  -72  22 
30  24  52 
-42  -70  -52 
-48  -44  -26 
-6  -32  72 
22  4  -28 
-16  -22  14 
-66  -26  16 
-18  -50  -36 
2  6  54 

//Reference=MNI 
//nullstudy_59
//Subjects=30
-40  -42  -46 
-54  -48  -6 
-56  -64  28 
-56  0  16 
-46  2  10 
-56  -12  20 

//Reference=MNI 
//nullstudy_60
//Subjects=32
34  24  10 
-34  50  8 
4  16  -8 
-10  -80  -12 
-26  60  -8 
-42  0  -2 
24  6  -26 
-28  18  -20 
-32  -30  -6 
38  58  20 
-24  4  -50 
12  54  -24 
-4  -46  0 
-24  36  30 
-42  44  28 
-14  -26  78 
-2  -98  2 
-22  20  64 
46  40  2 
-14  -8  -40 
-4  62  32 
46  16  54 
-18  -40  6 
-44  -8  14 
-32  56  16 
8  26  44 
-46  -44  -10 
-12  48  6 
-30  -76  32 
-32  30  -4 
-26  -16  58 

//Reference=MNI 
//nullstudy_61
//Subjects=29
-32  4  52 
-2  -90  -26 
-28  28  48 

//Reference=MNI 
//nullstudy_62
//Subjects=30
8  48  -14 
52  6  -26 
-12  34  -24 
0  48  -24 
26  8  44 
-32  -56  -36 
-20  4  48 
-40  10  10 
26  34  38 
24  20  54 
-10  20  38 
-20  12  -42 
6  56  16 
-24  -68  22 
58  6  -24 
-38  22  2 
0  58  2 

//Reference=MNI 
//nullstudy_63
//Subjects=30
-56  -50  30 
-56  -66  -4 
-30  -70  -22 
-26  -60  -46 
8  44  -4 
26  48  42 

//Reference=MNI 
//nullstudy_64
//Subjects=28
-48  30  18 
-6  -34  -42 

//Reference=MNI 
//nullstudy_65
//Subjects=27
-2  -30  62 
10  30  -22 

//Reference=MNI 
//nullstudy_66
//Subjects=30
-6  -74  44 
-42  40  24 
18  32  -14 
-30  -2  -4 
-58  -62  -8 
-56  -32  22 
-16  -42  -50 

//Reference=MNI 
//nullstudy_67
//Subjects=31
46  22  -14 
32  14  36 
-28  -56  66 
-6  -74  44 
52  24  -14 
-62  2  12 
-8  -20  58 
-10  -40  30 
-30  -24  -24 
22  44  16 

//Reference=MNI 
//nullstudy_68
//Subjects=30
-12  -100  2 
-8  36  46 
0  58  -24 
6  4  36 
6  32  -30 
-32  8  -6 
-56  -8  42 
0  4  8 
-16  -44  -48 
-38  -68  -36 
-28  34  24 

//Reference=MNI 
//nullstudy_69
//Subjects=31
-8  54  14 
-20  -44  68 
-18  -66  -60 
-48  -76  -2 
62  4  10 
-50  -66  -38 
-6  -76  -4 
-46  22  44 
-20  -58  70 
-34  -12  -22 
6  42  -2 
2  6  -16 
-50  42  -2 
52  26  14 
38  26  36 
-6  -14  18 
54  24  36 
-42  40  34 

//Reference=MNI 
//nullstudy_70
//Subjects=29
10  68  -14 
-38  -74  -44 

//Reference=MNI 
//nullstudy_71
//Subjects=30
-20  60  -2 
-24  -6  -6 
-24  60  14 
-36  4  -38 
-10  -62  46 
-48  40  24 

//Reference=MNI 
//nullstudy_72
//Subjects=29
26  44  34 
-6  -46  30 
-4  8  38 

//Reference=MNI 
//nullstudy_73
//Subjects=29
-6  -40  -20 
46  38  24 

//Reference=MNI 
//nullstudy_74
//Subjects=29
-28  36  42 
-44  -80  -30 
12  52  14 

//Reference=MNI 
//nullstudy_75
//Subjects=31
-52  -12  18 
-2  -66  44 
-16  -2  -40 
-52  6  30 
-18  -50  70 
-12  -28  14 
-12  -80  -22 
42  40  32 
-8  20  42 
-52  -56  28 
28  26  38 

//Reference=MNI 
//nullstudy_76
//Subjects=31
-2  8  -18 
34  14  14 
34  44  8 
-10  62  14 
10  42  4 
0  68  14 
-34  60  0 
-34  -14  48 
-10  68  0 
-54  -28  -24 

//Reference=MNI 
//nullstudy_77
//Subjects=29
-14  -40  -22 
-26  62  -6 

//Reference=MNI 
//nullstudy_78
//Subjects=31
-40  -26  16 
48  34  28 
-46  -4  -38 
-68  -30  20 
-26  62  10 
26  62  -14 
22  28  -16 
-52  -62  18 
-66  -8  30 
-14  -20  4 
-12  24  -4 
2  66  12 
-12  20  62 
-68  -16  -14 
-40  20  38 
-22  -72  -48 
4  34  -20 
-62  -10  -18 
-40  -40  52 
-12  58  2 
-8  -80  50 
-40  46  -8 
-28  16  0 
-54  -28  8 
22  16  -16 
-10  38  2 
10  10  -2 

//Reference=MNI 
//nullstudy_79
//Subjects=30
22  2  56 
40  18  -34 
-2  6  34 
-44  -56  -42 
-50  -2  -14 
-16  -6  78 
-38  -42  -52 
-36  6  -6 

//Reference=MNI 
//nullstudy_80
//Subjects=30
14  14  6 
-12  6  38 
-56  -46  44 
-4  -88  -20 
-54  -58  14 
-12  16  14 

//Reference=MNI 
//nullstudy_81
//Subjects=30
-4  -80  -30 
36  38  -18 
-28  -24  72 
-10  -98  2 
-4  -90  10 
-8  -46  -6 

//Reference=MNI 
//nullstudy_82
//Subjects=29
-38  -48  -58 
-40  -4  -6 

//Reference=MNI 
//nullstudy_83
//Subjects=30
-42  -24  22 
-48  -24  -28 
-20  12  -42 
-28  30  -6 
2  24  -2 
-14  -76  22 
-2  26  56 

//Reference=MNI 
//nullstudy_84
//Subjects=30
-14  46  2 
36  44  40 
-6  -20  50 
-2  52  30 

//Reference=MNI 
//nullstudy_85
//Subjects=30
-26  6  44 
-42  -82  -12 
-66  -40  8 
-2  -46  4 
-26  -60  -38 
-2  -42  4 
46  14  -20 
-56  -52  -34 

//Reference=MNI 
//nullstudy_86
//Subjects=31
-12  -32  -32 
58  30  0 
28  10  -48 
4  46  54 
48  2  26 
36  30  42 
-12  -64  -58 
-16  -96  -20 
-32  8  50 

//Reference=MNI 
//nullstudy_87
//Subjects=30
-12  -70  -24 
-34  -24  42 
-52  20  38 
-30  -38  -28 
-32  2  14 
20  14  -18 
-8  -78  8 

//Reference=MNI 
//nullstudy_88
//Subjects=30
42  54  14 
-42  -48  58 
-14  -14  44 

//Reference=MNI 
//nullstudy_89
//Subjects=30
-46  -22  -22 
-32  48  34 
2  38  -24 
-16  -66  50 
-14  -68  -28 
-22  -58  16 
-6  -24  56 
-22  0  -18 
-40  -32  50 
54  4  -16 
-12  -36  -34 
-44  22  38 
-24  60  12 
-8  -36  70 
-22  50  -12 
-16  -22  64 
-22  -6  68 

//Reference=MNI 
//nullstudy_90
//Subjects=31
-4  -8  -18 
-56  -38  -22 
-12  -100  14 
-48  -44  -34 
38  18  -42 
-52  -18  4 
-16  -86  -42 
-14  -46  -12 
-10  -26  4 
24  18  48 
-12  -44  0 
-24  56  26 
-6  -56  64 
36  38  -18 
-52  -60  32 
-32  -34  70 
-36  48  4 
-60  -52  34 
-4  28  54 

//Reference=MNI 
//nullstudy_91
//Subjects=29
-46  -80  12 
-42  54  -8 

//Reference=MNI 
//nullstudy_92
//Subjects=30
-52  34  16 
-42  -40  -40 
-50  -22  -12 
-48  -14  -18 
-18  -22  6 
-24  64  8 
-62  -2  -30 
-14  34  42 
-20  48  -18 
-50  10  44 
-14  -30  -42 
-22  -6  -48 
2  58  34 
22  44  -20 
30  46  38 
-36  40  -22 
2  32  24 
-38  36  -16 
32  46  24 
40  14  -30 
-60  -18  42 
-26  50  34 
-36  -26  48 
-30  54  16 
-66  -8  -20 
-48  12  -16 
-20  -12  66 
8  6  50 
-30  -12  -16 
-20  40  -22 
-12  60  -10 
-34  -48  60 
-16  -68  18 
-40  18  8 
-30  -54  4 
-20  22  -24 
-4  6  -10 
-34  38  28 
-36  -26  48 
16  10  60 
46  46  -2 
12  4  38 
-38  -72  22 
-6  -6  56 
22  36  52 
12  2  70 
-28  -36  48 
-26  12  50 
-50  26  28 
-26  28  38 
28  54  -14 
-36  -72  -50 
48  30  -10 
-52  -26  52 
-6  -42  76 
-10  -46  -38 

//Reference=MNI 
//nullstudy_93
//Subjects=30
-14  48  36 
38  58  14 
28  28  4 
-34  36  6 
-14  70  4 
16  24  -2 
52  28  -8 
-18  34  38 
-6  -76  -40 
-16  6  60 
-12  -60  -30 
-6  60  20 
10  14  18 

//Reference=MNI 
//nullstudy_94
//Subjects=30
-30  28  -14 
-34  -10  50 
20  10  -24 
-44  38  0 
44  10  28 
16  54  6 

//Reference=MNI 
//nullstudy_95
//Subjects=31
-36  -78  30 
12  64  -10 
-36  46  32 
-48  -42  -30 

//Reference=MNI 
//nullstudy_96
//Subjects=30
-28  -52  -10 
-48  16  38 
-52  24  30 
-30  -90  4 
56  4  20 
-20  -54  -14 

//Reference=MNI 
//nullstudy_97
//Subjects=30
-12  -74  -52 
-56  0  6 
30  6  -38 
-34  10  -26 
-24  54  24 
-28  62  -4 
-52  0  -34 
-24  14  -6 
-42  -58  -54 
-6  10  8 

//Reference=MNI 
//nullstudy_98
//Subjects=28
-18  -82  -42 
34  8  -48 
-12  2  -32 
-10  6  62 
12  46  14 

//Reference=MNI 
//nullstudy_99
//Subjects=28
-10  -104  4 
-34  -76  34 
36  38  -10 
-14  -30  -4 
-6  -70  14 
60  6  2 
4  38  24 

//Reference=MNI 
//nullstudy_100
//Subjects=29
-12  62  28 
-64  -16  8 

