//Reference=MNI 
//truestudy_1
//Subjects=29
45  -67  -8 
45  -65  -5 

//Reference=MNI 
//truestudy_2
//Subjects=29
46  -67  -5 
46  -66  -6 

//Reference=MNI 
//truestudy_3
//Subjects=29
47  -66  -6 
43  -68  -7 

//Reference=MNI 
//nullstudy_1
//Subjects=29
-18  56  -20 
-18  -14  -22 

//Reference=MNI 
//nullstudy_2
//Subjects=29
-36  -68  -4 
-12  58  12 

//Reference=MNI 
//nullstudy_3
//Subjects=29
32  32  22 
38  16  -34 

//Reference=MNI 
//nullstudy_4
//Subjects=31
4  8  44 
-44  -28  -24 
-10  -10  10 
-8  56  -24 
0  42  48 
-8  4  2 
2  40  -22 
18  36  46 
-2  -46  74 
-48  -66  30 
-14  -20  68 
-42  -52  14 

//Reference=MNI 
//nullstudy_5
//Subjects=30
42  22  -18 
-36  -56  -34 
-16  -54  -16 
-42  16  -36 
-8  -36  -42 
-8  -82  22 
-12  -36  18 
-22  -8  74 
-30  -12  62 
-18  -72  -50 
-10  42  -16 

//Reference=MNI 
//nullstudy_6
//Subjects=30
-28  -20  -36 
-28  -80  36 
24  38  52 
42  34  22 
-48  -38  54 

//Reference=MNI 
//nullstudy_7
//Subjects=29
-48  -62  -36 
-2  -74  -38 

//Reference=MNI 
//nullstudy_8
//Subjects=32
-4  -58  -24 
-24  -58  54 
46  24  -8 
-4  -62  46 
-10  62  -10 
-48  -62  -28 
-16  10  68 
-38  -32  -8 
-48  -20  38 
-18  24  52 
-22  -56  70 
20  32  -22 
-4  -54  -40 
-4  24  66 
-8  -32  -16 
12  4  -32 
-34  -60  64 
-16  58  -22 

//Reference=MNI 
//nullstudy_9
//Subjects=30
-12  -70  -50 
-34  10  -18 
46  42  20 
-62  -34  -24 
-22  -44  -40 
-16  56  28 
-38  -70  20 
-34  -8  46 
-14  -4  -40 
36  54  30 
-14  -16  -12 
-26  14  -30 

//Reference=MNI 
//nullstudy_10
//Subjects=31
-6  -20  72 
-6  -22  -38 
-2  -14  -18 
-8  -24  38 
-42  -14  -34 
48  28  -4 
44  32  42 
-28  -60  58 
-2  -42  14 
-54  -36  -14 
-18  -6  52 
22  20  62 
-40  42  16 
58  22  0 
4  14  -20 
-54  -26  38 
-64  -10  24 
-42  -20  34 
-30  8  -46 
-24  -88  -14 
-52  -56  -12 
64  4  -2 
-36  -34  58 
24  2  -4 
-46  -72  12 
-12  70  -2 
-28  -70  -24 

//Reference=MNI 
//nullstudy_11
//Subjects=31
18  46  -20 
4  64  -18 
-38  -44  62 
38  28  -22 
-4  22  62 
-32  -94  14 
28  36  32 
-54  14  38 
-30  -78  -28 
8  40  40 
-8  -34  -52 
-50  -32  28 
-30  -62  -26 
-50  -74  10 
-30  8  34 
-60  -40  36 
-40  -56  -26 
-42  6  26 
-28  -18  6 
40  24  8 
16  4  62 
46  6  52 
-56  26  16 
26  30  28 
-12  -34  60 
-38  26  22 
8  32  -18 
-40  -26  54 

//Reference=MNI 
//nullstudy_12
//Subjects=30
-12  -44  48 
-36  8  -34 
-8  2  0 

//Reference=MNI 
//nullstudy_13
//Subjects=29
-12  12  -6 
-46  -46  50 

//Reference=MNI 
//nullstudy_14
//Subjects=31
-24  -10  -46 
-6  -22  72 
6  56  14 
-2  -52  14 
-54  -4  30 
-14  -36  -48 
0  56  -22 
-46  -50  -34 

//Reference=MNI 
//nullstudy_15
//Subjects=30
-66  -32  28 
-18  -36  70 
-64  -48  -10 
-66  -34  -22 
-36  -76  -40 
-12  54  -4 

//Reference=MNI 
//nullstudy_16
//Subjects=29
-62  -12  2 
-24  -54  70 
-18  12  66 
40  6  16 

//Reference=MNI 
//nullstudy_17
//Subjects=31
56  22  -2 
-52  28  10 
-40  -80  -4 
-20  -56  -30 
-38  -68  -32 
-44  -50  34 
-24  20  -20 
-34  -84  38 
-22  -4  -32 

//Reference=MNI 
//nullstudy_18
//Subjects=31
-44  2  58 
-38  -50  20 
-4  -90  4 
2  38  20 
-26  50  30 
-34  -64  46 
-14  -78  52 
-20  -60  34 

//Reference=MNI 
//nullstudy_19
//Subjects=29
-36  44  -8 
-42  -58  46 

//Reference=MNI 
//nullstudy_20
//Subjects=28
-2  2  6 
-26  -56  -8 

//Reference=MNI 
//nullstudy_21
//Subjects=30
2  48  48 
-8  34  -4 
-2  46  28 
-36  14  -4 

//Reference=MNI 
//nullstudy_22
//Subjects=30
-34  -36  -8 
-10  -86  36 
16  46  28 
-44  10  22 
10  36  -18 

//Reference=MNI 
//nullstudy_23
//Subjects=30
-4  -16  54 
26  48  16 
-8  2  36 
-10  -68  20 
-50  -70  -6 
40  14  58 

//Reference=MNI 
//nullstudy_24
//Subjects=32
-6  -76  18 
-20  -52  -24 
-32  6  -28 
-40  -66  -4 
58  8  26 
-10  68  16 
-46  -74  20 
-32  -60  34 
-38  -64  -28 
28  18  -16 
-44  -74  42 
-44  -76  20 
-4  -70  38 
-56  -66  14 
-38  -36  68 
18  68  12 
-14  -4  26 
-48  -32  -28 
-22  -82  -38 
-40  22  0 
-36  -72  38 
-26  -66  -16 

//Reference=MNI 
//nullstudy_25
//Subjects=29
-32  -58  -34 
20  14  60 

//Reference=MNI 
//nullstudy_26
//Subjects=30
50  16  48 
-8  -44  44 
-6  -102  6 
-42  28  8 

//Reference=MNI 
//nullstudy_27
//Subjects=30
36  32  10 
58  10  0 
38  30  36 
-18  -64  52 

//Reference=MNI 
//nullstudy_28
//Subjects=30
-34  -28  -14 
40  12  -36 
-16  -76  -6 
-10  52  32 
4  38  8 
-2  16  4 

//Reference=MNI 
//nullstudy_29
//Subjects=31
-16  -96  12 
-14  -46  -22 
-14  -68  60 
10  50  4 
-34  -84  -18 
0  50  4 
-20  20  62 
-24  -44  4 
-14  62  14 
-14  -58  -6 

//Reference=MNI 
//nullstudy_30
//Subjects=31
-36  -58  32 
22  50  0 
-38  8  36 
28  2  -26 
-26  -66  -42 
-32  -16  64 
-34  12  -26 
-8  64  16 
-42  -44  -22 
-54  -62  40 

//Reference=MNI 
//nullstudy_31
//Subjects=30
-54  -10  -10 
-14  -14  -16 
-8  38  54 
-52  30  -10 
-54  -34  -2 
-10  -80  24 
-34  -80  20 

//Reference=MNI 
//nullstudy_32
//Subjects=30
-34  -38  40 
-6  28  32 
-20  -62  26 
26  44  48 
-10  68  20 
-2  -42  -46 

//Reference=MNI 
//nullstudy_33
//Subjects=30
-24  4  60 
-24  -8  6 
-68  -18  -12 
-34  -8  16 
-54  -46  -2 
2  40  20 

//Reference=MNI 
//nullstudy_34
//Subjects=29
-4  14  2 
-28  -48  -2 
38  58  18 

//Reference=MNI 
//nullstudy_35
//Subjects=31
34  6  -24 
-8  -6  8 
36  20  52 
-6  -70  40 
-42  -6  -6 
-52  -30  4 
-8  -88  38 
30  40  36 
-46  -46  -52 
-54  -16  16 
-26  -98  18 
-28  10  -26 
-46  -18  62 
-44  -54  4 
-42  -50  -6 
-8  8  8 
14  40  56 
-46  -70  46 
-30  -84  -22 
-40  -20  52 
28  52  -8 
-26  12  42 
-36  22  -14 
34  12  -8 
-12  -42  -4 
-60  -12  44 
-4  54  -10 
-20  -78  30 
-42  -16  52 
-16  -16  -20 
-4  -70  36 
-10  -42  -50 
-18  58  -16 
32  6  -50 
-18  -86  -48 
-54  22  26 
12  26  2 
-44  -58  6 
-36  30  8 
-24  26  40 
-20  -38  56 
-60  -40  38 

//Reference=MNI 
//nullstudy_36
//Subjects=30
-26  -40  64 
-8  -34  -30 

//Reference=MNI 
//nullstudy_37
//Subjects=31
0  40  4 
-10  60  -6 
-32  4  -24 
6  22  4 
-50  -32  16 
-32  -28  -28 
36  12  -6 
-30  -40  54 
-8  4  14 

//Reference=MNI 
//nullstudy_38
//Subjects=31
18  16  4 
50  28  24 
-2  12  -16 
-6  -62  32 
-38  -22  18 
-48  -62  -24 
-2  -86  -30 
2  68  6 
44  4  48 
-24  20  62 
12  12  64 
-56  -52  -26 
-16  -18  60 
-46  10  22 
24  14  -34 

//Reference=MNI 
//nullstudy_39
//Subjects=29
-6  64  -14 
-20  -66  -44 
-24  48  34 
-32  -50  -16 

//Reference=MNI 
//nullstudy_40
//Subjects=29
-62  -34  36 
-4  28  -18 

//Reference=MNI 
//nullstudy_41
//Subjects=31
-58  -52  34 
-34  28  -18 
-8  -24  -22 
44  10  -4 
32  34  2 
-18  -80  38 
-4  -64  -10 
-12  -20  44 
-18  -56  60 
-64  -34  -18 
-22  -22  -32 
12  44  16 
-36  -12  8 
-40  -48  -16 
20  52  -20 
-10  -16  -34 
-44  8  -6 
-64  -12  14 
10  46  -24 
-32  -8  -48 
-12  4  68 
-6  -18  -18 
30  4  -46 
-14  -24  70 
-10  2  -14 
-28  0  -10 
48  24  42 

//Reference=MNI 
//nullstudy_42
//Subjects=30
-30  46  4 
36  16  -34 
-26  48  -18 
-34  -22  50 

//Reference=MNI 
//nullstudy_43
//Subjects=31
44  20  8 
-4  -12  62 
32  46  -2 
-6  -52  12 
22  36  -16 
-20  -18  70 
24  30  44 
-26  -48  2 
-6  6  52 

//Reference=MNI 
//nullstudy_44
//Subjects=29
-56  -60  -38 
-18  -24  78 

//Reference=MNI 
//nullstudy_45
//Subjects=29
2  38  48 
-60  -22  34 

//Reference=MNI 
//nullstudy_46
//Subjects=31
-30  -82  -4 
28  52  16 
-60  4  30 
-50  2  -20 

//Reference=MNI 
//nullstudy_47
//Subjects=29
-2  -10  -30 
-16  28  52 
-50  -60  24 
34  8  46 
-6  42  46 
4  26  18 
-36  -92  16 
-58  -48  10 
-6  56  -16 
46  48  10 
-10  34  58 
-22  -6  -32 
44  42  28 
4  40  46 
40  20  -16 
-34  32  -14 
-2  18  36 
-30  -20  -20 
-8  -48  -64 
-34  -68  -44 
-34  -18  -36 
10  12  34 
-28  -62  4 

//Reference=MNI 
//nullstudy_48
//Subjects=30
-14  30  50 
-24  -64  -10 
-10  -16  2 
-22  -70  8 

//Reference=MNI 
//nullstudy_49
//Subjects=31
-30  -92  -6 
-24  -12  64 
-46  -76  -12 
46  24  38 
-32  6  -10 
-28  34  34 

//Reference=MNI 
//nullstudy_50
//Subjects=31
0  52  32 
-26  -78  -44 
-20  -46  -6 
-8  -88  -42 
4  34  10 
-56  -52  -18 
24  48  -6 
-8  -48  -64 
24  2  66 

//Reference=MNI 
//nullstudy_51
//Subjects=30
-26  -12  -44 
-6  24  -24 
-6  26  -20 
-44  10  10 
-4  -26  64 
20  4  -30 
-4  -26  16 
-8  -44  -16 
30  64  4 
-18  6  50 
-40  -72  -44 
-6  42  -6 
18  10  -14 
-40  22  -22 
-30  20  38 
48  2  42 
-48  -6  -18 

//Reference=MNI 
//nullstudy_52
//Subjects=31
-56  22  26 
-16  -98  20 
38  4  -8 
-26  44  14 
-48  34  24 
16  18  18 

//Reference=MNI 
//nullstudy_53
//Subjects=29
-44  -26  42 
38  8  10 
16  20  -28 
-38  36  -2 
10  60  -18 
-38  -16  22 
-30  6  -40 
-10  -10  -34 
2  8  -22 
-34  -68  46 

//Reference=MNI 
//nullstudy_54
//Subjects=29
18  4  -6 
-64  -18  10 
26  2  -44 

//Reference=MNI 
//nullstudy_55
//Subjects=29
-20  -4  -12 
-26  0  56 

//Reference=MNI 
//nullstudy_56
//Subjects=31
-54  -52  48 
-42  -54  -46 
-14  -20  12 

//Reference=MNI 
//nullstudy_57
//Subjects=29
2  4  8 
-10  -82  -14 
2  10  8 
-52  -74  8 
-40  16  58 
-22  16  60 
4  30  40 
-34  42  24 
-30  -70  46 
12  48  30 
-44  -4  8 

//Reference=MNI 
//nullstudy_58
//Subjects=30
-12  54  2 
24  2  4 
-18  -58  20 
-42  -50  58 

//Reference=MNI 
//nullstudy_59
//Subjects=29
-32  -68  -46 
-56  -34  -16 
-24  -76  4 
-52  36  16 

//Reference=MNI 
//nullstudy_60
//Subjects=30
-2  -28  -8 
-28  -94  16 

//Reference=MNI 
//nullstudy_61
//Subjects=30
-48  -4  -6 
-50  -40  -14 
-6  22  8 
-36  -48  -18 

//Reference=MNI 
//nullstudy_62
//Subjects=31
-32  12  -14 
-52  30  -6 
46  28  26 
-16  -30  60 

//Reference=MNI 
//nullstudy_63
//Subjects=30
2  52  18 
-54  -50  -42 
-48  -28  -6 
-24  -32  58 
-2  56  30 
-48  -16  -42 
-28  48  -18 
-22  -92  0 
16  6  -26 
-26  -88  -30 
-58  -14  0 
2  20  54 

//Reference=MNI 
//nullstudy_64
//Subjects=29
-18  10  -28 
-10  -14  78 

//Reference=MNI 
//nullstudy_65
//Subjects=30
-36  20  54 
-44  -88  8 
22  18  68 

//Reference=MNI 
//nullstudy_66
//Subjects=29
-38  -54  -60 
12  38  2 

//Reference=MNI 
//nullstudy_67
//Subjects=32
6  34  -32 
-26  42  10 
-30  -78  -8 
-30  12  -4 
26  46  2 
-64  -58  -8 
-56  -62  16 
-4  42  10 
-38  -32  52 
-44  38  14 
-16  -66  -38 
-16  -34  68 

//Reference=MNI 
//nullstudy_68
//Subjects=30
-6  4  42 
-64  -46  14 
-32  0  -50 
-4  -62  -62 

//Reference=MNI 
//nullstudy_69
//Subjects=31
12  44  4 
-20  -40  6 
-32  40  24 

//Reference=MNI 
//nullstudy_70
//Subjects=31
-38  -94  0 
-4  -66  40 
-14  -74  60 
-6  -26  54 
-38  -62  -26 
-10  52  46 
-12  28  -18 
-4  -62  64 
34  38  34 
-16  18  -12 
-8  -36  30 
-30  6  -6 
-34  22  -6 
-2  -50  36 
-54  -62  -16 
24  38  50 
-14  -40  2 
-62  -58  2 
-50  -80  0 
-6  -86  -12 
18  30  42 
-50  -28  58 
-30  -76  -46 
-40  46  -20 

//Reference=MNI 
//nullstudy_71
//Subjects=29
-16  -22  62 
-2  44  46 
-36  -16  0 
-64  -2  24 
-50  -20  46 

//Reference=MNI 
//nullstudy_72
//Subjects=30
-34  -12  -38 
-6  24  52 
-22  28  30 
-24  -52  62 
8  24  2 
50  2  -26 
30  16  14 
-6  -70  38 
-48  -34  -6 
-58  10  0 
2  52  -22 
-36  -84  -6 
-54  -32  0 
-26  10  -16 
50  46  -10 
-28  -32  -30 
-12  -56  -4 

//Reference=MNI 
//nullstudy_73
//Subjects=30
-32  -60  -38 
-26  -34  50 
36  2  30 
24  54  16 
-26  44  12 
-20  -80  36 
-4  -94  4 
-12  -54  -58 
-42  0  10 
58  2  42 
44  50  22 
18  18  10 
-56  2  38 
-28  -60  -44 
-48  6  38 
26  54  -14 
50  8  -14 
-64  -4  16 
-58  2  16 
-28  -62  44 
-18  -6  -34 
-64  -14  22 
-26  -82  -10 
-34  -54  54 
-62  6  -2 
-22  8  -10 
-22  2  -14 
-54  -42  14 
-50  -4  26 
-8  -8  58 
-12  -72  -28 
6  10  46 
-36  -68  40 

//Reference=MNI 
//nullstudy_74
//Subjects=31
-8  -66  -8 
60  8  18 
-16  -46  6 

//Reference=MNI 
//nullstudy_75
//Subjects=30
-50  -66  44 
-58  0  28 
-8  -60  18 
-10  32  38 
-10  -24  -22 

//Reference=MNI 
//nullstudy_76
//Subjects=31
40  46  30 
-44  18  -24 
-36  10  -26 
-46  -14  -18 
50  22  42 
-34  6  16 

//Reference=MNI 
//nullstudy_77
//Subjects=30
30  24  28 
-28  -24  -26 
-28  22  38 
40  6  38 
14  56  -8 
-8  0  -26 
-2  -16  34 
-4  -20  -18 
-64  -42  34 
60  16  6 
16  6  56 
-10  -72  30 
-42  -56  48 

//Reference=MNI 
//nullstudy_78
//Subjects=31
62  10  32 
0  38  48 
-10  -2  -16 
-6  -62  -38 
54  12  8 
44  26  2 
-4  -36  -44 

//Reference=MNI 
//nullstudy_79
//Subjects=29
-20  -38  -34 
-54  -48  -38 
-46  32  -18 
-22  -98  -16 
-44  -48  14 
-28  12  -34 
-54  -18  -32 
26  2  -40 
56  24  10 
-18  14  68 
30  26  6 
-8  40  8 
28  30  2 
-48  -56  -24 
20  10  -40 

//Reference=MNI 
//nullstudy_80
//Subjects=29
-8  -4  18 
32  12  -44 

//Reference=MNI 
//nullstudy_81
//Subjects=30
-36  -22  50 
-48  24  32 
-10  -88  -44 
-2  -62  -12 
54  16  -24 
-30  -70  -16 
-10  38  2 

//Reference=MNI 
//nullstudy_82
//Subjects=31
-10  0  40 
-14  -48  -2 
36  6  -40 

//Reference=MNI 
//nullstudy_83
//Subjects=31
26  42  22 
46  34  -2 

//Reference=MNI 
//nullstudy_84
//Subjects=29
-24  0  -44 
-32  10  10 
44  22  20 
-4  28  -18 
2  58  40 
-22  -28  52 
-28  44  6 

//Reference=MNI 
//nullstudy_85
//Subjects=30
-38  22  50 
-48  -4  32 
46  18  0 
-16  -60  50 
2  6  4 
-60  -12  -36 
6  12  66 
-8  -50  -10 

//Reference=MNI 
//nullstudy_86
//Subjects=30
-54  -38  -32 
-20  -70  56 
-14  -48  -50 
-38  -80  -38 
-52  -46  -8 
-24  30  30 
-12  -78  -50 
38  6  60 
-66  -18  24 
-16  26  -2 
4  54  22 
34  40  -10 
-36  -24  -14 
-12  -24  18 
-24  -98  12 
-54  -18  40 
-10  -36  -26 
-12  -58  22 
2  18  -12 

//Reference=MNI 
//nullstudy_87
//Subjects=29
-18  -36  66 
-42  -40  36 

//Reference=MNI 
//nullstudy_88
//Subjects=31
-10  -52  72 
-30  -90  -24 
-32  50  -2 
-58  -46  -24 
-36  24  -30 
-38  -34  18 
-58  -32  28 
-48  16  22 
-22  64  -10 

//Reference=MNI 
//nullstudy_89
//Subjects=31
36  26  -34 
-38  -82  -32 
42  10  56 
-44  -34  40 
4  34  -14 
-32  -60  -28 
4  14  34 

//Reference=MNI 
//nullstudy_90
//Subjects=30
-28  -10  4 
-48  -4  -2 
-42  -70  22 

//Reference=MNI 
//nullstudy_91
//Subjects=30
34  64  12 
-8  -10  -22 
-56  -20  4 
30  12  54 
-36  -68  -60 
-20  -76  8 
50  22  38 
-6  24  42 
-58  -56  16 
-8  -84  -30 
32  18  50 
-12  -64  44 
4  24  -12 
0  58  -10 
10  42  50 
-44  -16  16 
-8  -22  76 
34  30  36 

//Reference=MNI 
//nullstudy_92
//Subjects=30
-30  -70  -60 
-12  4  12 
-20  -58  70 
-6  -60  56 
16  38  42 
-54  -8  -38 
-46  -48  -4 
32  26  54 
18  68  22 

//Reference=MNI 
//nullstudy_93
//Subjects=30
-24  0  -2 
-2  18  52 
-8  -64  30 
-22  -104  -4 
-48  -82  10 

//Reference=MNI 
//nullstudy_94
//Subjects=29
-10  -82  -48 
-52  -72  22 
-4  12  52 
-14  0  -14 
-54  -66  -22 
-16  -48  -14 

//Reference=MNI 
//nullstudy_95
//Subjects=31
-14  60  -4 
36  2  16 
-48  36  -6 
-26  -72  -46 

//Reference=MNI 
//nullstudy_96
//Subjects=32
-30  -74  -30 
-16  -24  18 
-20  -50  52 
6  46  24 
-8  58  2 
42  28  50 

//Reference=MNI 
//nullstudy_97
//Subjects=30
-14  -54  58 
-40  -28  -18 
-10  58  -20 
50  14  22 

//Reference=MNI 
//nullstudy_98
//Subjects=30
-40  12  36 
-36  58  16 
-26  48  -16 
-44  -36  -20 
-20  12  -22 
-14  -40  -10 
-30  18  60 
-36  -56  24 
10  4  -12 
-50  20  20 
24  4  -12 
-36  -90  -24 
-6  -46  10 
-48  -64  -30 
-8  -24  64 
-34  52  -10 
-30  -78  14 
-60  2  12 
44  26  -12 
12  24  -28 
22  44  26 
-8  -82  -24 
-14  -70  -28 
-64  -54  28 
-54  -66  -18 
-48  6  -22 
-6  -92  20 

//Reference=MNI 
//nullstudy_99
//Subjects=29
34  48  -6 
4  34  38 
-42  -72  24 
-28  8  58 
-8  18  -26 
-10  12  30 
-44  -58  -56 
-64  -4  20 
-38  -30  12 
-40  -66  46 
-6  14  24 
-52  40  -4 
-50  -70  -24 
-48  30  12 
10  58  -12 

//Reference=MNI 
//nullstudy_100
//Subjects=30
-42  50  16 
-64  -12  -4 
-58  8  -16 
-2  -4  16 
-66  -42  -2 

