//Reference=MNI 
//truestudy_1
//Subjects=11
47  -67  -7 
45  -65  -6 
47  -65  -6 
45  -65  -7 
47  -66  -7 
48  -66  -8 
46  -67  -7 
46  -68  -5 
46  -68  -5 

//Reference=MNI 
//truestudy_2
//Subjects=10
46  -65  -7 
44  -66  -5 
48  -63  -8 
45  -66  -4 

//Reference=MNI 
//truestudy_3
//Subjects=9
48  -66  -7 
47  -66  -6 

//Reference=MNI 
//nullstudy_1
//Subjects=11
-46  18  50 
-42  8  -26 
-34  -44  60 
-18  0  -30 
4  60  22 
26  16  60 
-10  -98  0 
-2  -44  32 
50  16  24 

//Reference=MNI 
//nullstudy_2
//Subjects=10
-48  -10  4 
-30  -80  -38 
-46  -56  48 
-28  -100  -10 

//Reference=MNI 
//nullstudy_3
//Subjects=9
18  2  70 
4  22  66 

//Reference=MNI 
//nullstudy_4
//Subjects=11
8  52  -16 
34  32  -24 
58  32  6 
-60  -20  -30 
14  16  -10 
-2  0  42 
-40  40  22 
-32  -2  4 
-36  -74  14 
8  56  4 
16  46  -14 

//Reference=MNI 
//nullstudy_5
//Subjects=9
-50  22  -4 
-22  -46  18 

//Reference=MNI 
//nullstudy_6
//Subjects=10
-24  -98  -12 
20  38  36 
-26  8  -22 
38  16  50 

//Reference=MNI 
//nullstudy_7
//Subjects=12
-44  32  24 
-18  -4  60 
-28  6  -14 
-52  -50  28 

//Reference=MNI 
//nullstudy_8
//Subjects=9
-18  -80  -20 
-6  34  50 
10  46  -2 
-22  44  22 
-22  26  -18 

//Reference=MNI 
//nullstudy_9
//Subjects=9
-2  6  50 
44  22  -24 
-42  -42  24 
-34  34  18 
2  44  14 
-48  -38  46 
-24  16  -6 
0  30  12 
-6  36  32 
-16  -4  -6 
-28  2  -22 
-22  -64  42 
-16  -14  -10 
-2  -52  -32 
-42  -42  -26 
-2  26  54 
-28  -78  -22 
-36  18  34 
-44  -6  -20 
-4  -30  -42 
-20  10  68 
-10  -70  -42 
-16  -70  38 
-10  -16  80 
58  6  4 
20  2  -4 
-18  -56  68 
-18  54  0 
-54  -64  -2 
8  56  -8 
-44  -68  -50 
-36  -70  6 
-34  50  20 

//Reference=MNI 
//nullstudy_10
//Subjects=10
-42  0  -24 
-26  -48  -18 
10  42  -10 

//Reference=MNI 
//nullstudy_11
//Subjects=11
-6  -36  38 
-20  -72  -42 

//Reference=MNI 
//nullstudy_12
//Subjects=10
-48  -28  24 
-60  -16  46 
-10  -26  40 
22  28  60 
-4  -46  58 
52  20  30 

//Reference=MNI 
//nullstudy_13
//Subjects=10
-20  -20  66 
-14  64  -6 
-68  -48  6 
-36  48  -4 
-40  -2  -48 
2  6  18 
18  44  48 
-26  22  34 
-62  6  12 

//Reference=MNI 
//nullstudy_14
//Subjects=10
-4  52  48 
-22  -50  60 
40  16  30 
-22  -98  10 
58  8  -20 
-56  -22  30 

//Reference=MNI 
//nullstudy_15
//Subjects=10
-54  28  2 
-54  -38  34 
-18  42  34 
-32  18  54 
-64  -40  12 
-22  -10  -8 
-22  -94  -24 
-36  46  10 

//Reference=MNI 
//nullstudy_16
//Subjects=11
-46  -46  -26 
-34  -72  -6 
-28  -82  38 
-46  -56  -46 
-18  -90  4 

//Reference=MNI 
//nullstudy_17
//Subjects=10
-16  66  -16 
-44  -26  -8 
24  44  -16 
50  20  8 
-2  -80  -2 

//Reference=MNI 
//nullstudy_18
//Subjects=10
54  24  6 
32  18  -6 
-34  -66  18 
-60  -28  2 
-18  -50  64 
-60  -10  0 
-34  -52  60 
-4  -80  12 
-14  54  34 
46  38  -16 

//Reference=MNI 
//nullstudy_19
//Subjects=10
4  8  28 
-38  -2  32 
-6  -18  -20 
-40  -56  -56 
-10  62  2 
-46  -44  -14 

//Reference=MNI 
//nullstudy_20
//Subjects=12
0  8  48 
-4  46  32 
54  6  14 
-38  -36  56 
2  56  -20 

//Reference=MNI 
//nullstudy_21
//Subjects=9
-54  -44  32 
-8  -48  -60 
-30  -98  -8 
-14  -56  56 
-10  28  38 

//Reference=MNI 
//nullstudy_22
//Subjects=9
-46  18  46 
-56  -16  8 
-50  -36  -22 
-20  -92  10 
-38  -76  -54 
-30  22  -40 
-48  28  -14 
-18  18  58 
-2  -30  -22 
32  52  20 
-28  -62  -2 
-36  60  -2 
-36  -10  -24 
-2  -66  62 
-50  -48  14 
-48  28  -6 
-10  -96  26 
-34  -4  -2 
-2  -42  14 
-18  -78  10 
-24  -94  18 
-16  -30  42 
-4  -70  -46 
-2  68  16 
-28  -78  -28 
-12  24  26 
-14  40  12 
-8  -40  -46 
-54  34  6 

//Reference=MNI 
//nullstudy_23
//Subjects=9
-52  -48  8 
-30  -66  40 
-8  30  -14 

//Reference=MNI 
//nullstudy_24
//Subjects=9
-46  -68  16 
-54  -26  36 

//Reference=MNI 
//nullstudy_25
//Subjects=10
-32  -80  -18 
-26  20  -30 
-50  -56  -2 

//Reference=MNI 
//nullstudy_26
//Subjects=10
48  42  16 
-12  -28  36 

//Reference=MNI 
//nullstudy_27
//Subjects=9
-18  20  56 
-4  12  -22 
28  2  -28 
12  16  66 
-22  -52  -42 
-24  46  6 
-42  -82  16 
-28  -66  -32 
28  54  32 
-6  58  4 
12  36  -14 
-26  -24  -8 
-36  52  -6 
-20  -90  -14 
-10  -56  46 
60  10  10 
-32  -4  -36 
-24  -82  -40 
-8  -78  34 
-56  -58  -32 
-24  8  -32 
-20  -44  -54 
-46  -58  -24 
-56  -52  38 
10  14  46 
-60  -54  -16 
-32  4  -6 
-20  -76  34 
-46  -78  -24 
-12  -42  6 
-36  52  -10 
-42  -26  22 
-42  -80  -4 
-12  -2  62 
16  2  64 
-56  -12  12 
18  70  6 
-46  4  -44 
-64  -30  32 
30  26  -22 
-16  12  -22 
-56  -20  -30 
-14  -92  24 
16  72  8 
32  14  -42 
44  6  -46 
66  4  14 
-28  -44  -26 
-26  -2  -10 
2  64  -6 
-50  26  18 
-60  -36  14 
-20  54  36 
-36  -70  14 
-22  -12  -18 
-58  -20  -22 
-22  12  -8 
-46  -12  8 
44  4  18 
-4  -68  0 
-68  -34  18 
-48  -32  -10 
-24  -34  -40 
-30  -84  28 

//Reference=MNI 
//nullstudy_28
//Subjects=10
-38  -16  -20 
-8  36  28 
-16  28  42 
-38  -86  -6 
-24  6  8 
-62  -24  20 
-36  -72  -44 
-64  -10  22 
-26  -36  12 
-16  -80  -20 
-20  40  44 
10  12  54 
-2  -6  14 
36  26  6 

//Reference=MNI 
//nullstudy_29
//Subjects=10
-6  -44  -42 
0  4  18 
-46  14  36 
-6  -56  34 
-4  -12  -22 
-38  -60  -24 
-32  16  -16 

//Reference=MNI 
//nullstudy_30
//Subjects=9
-46  42  2 
42  6  34 
34  48  12 
40  8  -18 
-56  10  18 
-44  -66  48 

//Reference=MNI 
//nullstudy_31
//Subjects=11
-56  -30  -22 
-6  22  4 
-28  28  0 

//Reference=MNI 
//nullstudy_32
//Subjects=10
-48  -10  -2 
-34  60  8 
-14  -82  10 
34  34  30 
-36  6  -14 
-24  8  54 
-16  -46  -4 
-26  -38  72 
-16  20  54 

//Reference=MNI 
//nullstudy_33
//Subjects=10
-50  -70  -34 
-8  4  18 
-22  -14  -22 
-50  -8  36 
-32  40  24 
-16  -56  -18 
-12  2  -24 
-42  -32  46 

//Reference=MNI 
//nullstudy_34
//Subjects=9
-40  12  -32 
-20  -38  -42 

//Reference=MNI 
//nullstudy_35
//Subjects=9
-22  -2  68 
6  14  70 
-10  34  -10 
-46  28  16 
-4  8  -12 
-22  60  10 
12  14  62 
30  24  -18 
-54  -18  52 
-22  28  38 
-10  6  66 
-14  -22  -28 
-52  -50  0 
18  16  -4 
-26  -56  -24 
-2  -26  -18 
-16  6  12 
-56  -32  34 
-10  -54  62 
-30  46  12 
-46  -76  28 
-6  -56  24 
-68  -30  16 
-24  40  30 
-50  8  26 
18  50  32 
-32  -44  -50 
-4  -28  -42 
-54  10  24 
-54  -4  48 
20  56  14 
-32  42  2 
-48  -8  38 
12  40  40 
6  12  68 
-18  -94  -10 
-2  -4  -8 
-8  -50  30 
-18  0  -30 
-58  -62  0 
-40  -36  16 
16  8  -34 
-2  -58  -50 
-12  -40  66 
26  14  -26 
-10  -62  -12 
-18  -20  -22 
-30  42  28 
-46  -62  -4 
-50  2  -30 
-54  -48  -36 
-52  -14  56 
-40  32  34 
-32  24  12 
-26  -70  46 
-8  -16  72 
-50  44  12 
-46  8  -42 
-14  -70  54 
62  8  30 
-10  -26  -44 
0  8  -2 

//Reference=MNI 
//nullstudy_36
//Subjects=8
-28  46  20 
-16  -80  -26 
34  30  -14 

//Reference=MNI 
//nullstudy_37
//Subjects=13
8  18  26 
-26  10  62 
34  20  8 
4  46  -26 
-2  -28  52 
-26  36  50 
-8  -88  -10 
-32  24  58 

//Reference=MNI 
//nullstudy_38
//Subjects=10
30  16  48 
58  30  2 

//Reference=MNI 
//nullstudy_39
//Subjects=11
-44  -46  38 
-64  -16  26 

//Reference=MNI 
//nullstudy_40
//Subjects=11
-38  -86  0 
-52  -44  -22 

//Reference=MNI 
//nullstudy_41
//Subjects=10
-24  14  58 
-34  -22  -18 
-56  14  -12 
-14  -72  36 
6  18  40 
-44  -14  40 
-16  -68  38 
8  32  52 
-2  -78  24 
-4  -32  -4 
-54  10  28 
-14  -92  -12 
-8  -42  -6 
-8  -56  -20 
-44  -42  -26 
-12  -48  44 
-40  -64  -20 
-6  4  20 
-42  -42  -34 
-40  50  18 
-24  12  46 
-64  -26  20 
-28  -56  -58 
-20  -30  -38 
-62  -10  26 
-22  -74  48 

//Reference=MNI 
//nullstudy_42
//Subjects=11
-6  -32  72 
26  4  -38 
8  44  20 
-4  -14  8 
-42  -16  60 
-36  44  38 

//Reference=MNI 
//nullstudy_43
//Subjects=8
46  32  -10 
-36  -22  -4 
-24  26  58 
-4  -96  14 
22  68  12 
-46  26  36 
-26  4  -14 
14  4  14 
-28  -80  42 
-54  -22  -26 
-30  -16  -8 

//Reference=MNI 
//nullstudy_44
//Subjects=9
-38  -88  10 
32  8  54 
-44  -4  6 
-22  -6  -22 
30  16  -42 
-4  -60  -6 
-14  64  -4 
-48  4  -16 
-14  -2  74 
-32  -84  -8 
32  2  -22 
-8  -30  -16 
30  10  6 
-44  -64  -8 
30  60  -12 
-28  52  22 
-20  32  -12 
-28  -38  -48 
42  34  10 
-28  -48  6 
-46  52  0 

//Reference=MNI 
//nullstudy_45
//Subjects=10
-30  24  32 
-28  50  4 
2  32  -26 
14  32  -16 
-30  -12  -48 

//Reference=MNI 
//nullstudy_46
//Subjects=10
12  26  32 
-2  -56  -58 
-22  12  -4 
42  24  38 
-54  -48  52 
-44  -64  -46 
-52  24  22 
-26  -54  62 
48  22  42 

//Reference=MNI 
//nullstudy_47
//Subjects=9
-52  -22  14 
-40  -54  -22 

//Reference=MNI 
//nullstudy_48
//Subjects=12
-60  -58  16 
4  60  6 
-8  -70  20 

//Reference=MNI 
//nullstudy_49
//Subjects=11
-50  -58  6 
42  42  16 
12  26  44 
-8  44  -24 

//Reference=MNI 
//nullstudy_50
//Subjects=10
-22  68  0 
-26  -70  10 
20  30  58 
-10  -98  -6 

//Reference=MNI 
//nullstudy_51
//Subjects=9
42  8  -30 
10  10  -24 

//Reference=MNI 
//nullstudy_52
//Subjects=10
-38  -32  -20 
-62  -30  -20 
-66  -50  -6 
52  14  8 
-56  -72  2 
2  56  40 
-36  -70  10 
-2  60  -22 
-52  -44  12 
-20  50  -10 
-40  -66  -10 
-8  56  -10 
-54  -62  -10 
-14  -70  -14 
50  26  -4 
-30  -24  46 
-34  -82  10 
14  24  34 
-44  -24  -20 
2  52  24 
28  20  -24 
0  58  12 
-54  -14  -14 
-8  -22  28 
-48  -42  18 
-38  -30  40 
-32  58  6 
-32  48  14 
50  26  2 
40  20  30 
-40  -18  38 
-16  18  4 
46  40  -6 
-6  -88  2 
-28  32  32 
-10  16  64 

//Reference=MNI 
//nullstudy_53
//Subjects=9
-62  -44  22 
2  38  -16 
-32  -18  -32 
34  6  0 
46  10  -30 
-12  -28  34 
-22  -10  -26 
-42  48  -2 
20  2  -28 
-52  -60  -48 
-40  -8  60 

//Reference=MNI 
//nullstudy_54
//Subjects=10
-6  -70  46 
-38  -50  -28 
-50  -50  52 
-2  -10  64 
-46  -36  58 
-2  10  50 

//Reference=MNI 
//nullstudy_55
//Subjects=9
-46  -10  -40 
-40  20  -20 
-14  -36  -30 

//Reference=MNI 
//nullstudy_56
//Subjects=12
-24  -76  26 
-34  -6  62 
36  36  36 
30  28  -8 
44  42  30 
-26  38  36 

//Reference=MNI 
//nullstudy_57
//Subjects=9
-14  -38  56 
-32  -80  -38 
-34  44  32 

//Reference=MNI 
//nullstudy_58
//Subjects=11
-24  -60  -58 
-46  2  -20 
-44  8  0 
-10  22  10 
-10  -10  -34 
6  42  -18 

//Reference=MNI 
//nullstudy_59
//Subjects=11
20  68  -2 
-40  48  -18 

//Reference=MNI 
//nullstudy_60
//Subjects=9
-56  -24  -36 
-18  6  4 
-16  30  40 
-26  52  18 
20  6  18 
-14  -36  -32 
-64  -40  14 
-44  -24  50 
-34  -84  12 
-36  12  -6 
-2  -78  -26 
0  2  -22 
32  40  -10 
12  56  20 
56  2  46 
2  60  -18 
-30  -28  -30 
32  50  -10 
-34  38  6 
-26  -70  -36 
-14  6  -36 
-44  18  -22 
-8  -72  2 
-4  20  10 
56  38  0 
-4  -74  30 
54  8  -36 
-24  -48  -22 
2  6  14 

//Reference=MNI 
//nullstudy_61
//Subjects=10
-60  8  -6 
-12  -28  -22 

//Reference=MNI 
//nullstudy_62
//Subjects=9
-56  -12  0 
-28  48  4 
-44  -10  50 
-54  -8  22 
-14  -36  4 
-24  -88  16 
6  26  -16 
-28  -82  -44 
16  8  66 
-20  -54  52 
-22  -90  14 
-26  36  -16 
-56  -12  42 
-50  -30  40 
-34  12  36 
-16  -40  -6 
44  52  -2 
-2  -70  24 
-46  34  -8 
28  4  10 
-16  -48  -22 
-22  -14  -10 
-26  16  62 
-12  -62  -48 
-2  -52  4 
-56  -4  18 
-2  52  18 
42  18  -26 

//Reference=MNI 
//nullstudy_63
//Subjects=10
-6  50  42 
-32  48  28 
-22  28  44 
-28  18  0 
-60  -62  -10 
-28  -26  16 
-42  44  -4 
-60  -30  48 
-56  6  34 
-12  -22  74 
-46  -34  -28 
34  12  -32 
24  64  -8 
-32  6  54 

//Reference=MNI 
//nullstudy_64
//Subjects=10
-36  -48  -8 
8  52  2 

//Reference=MNI 
//nullstudy_65
//Subjects=11
-52  -20  -22 
-38  -38  -26 
-34  4  -32 
-38  -4  62 
-20  -4  76 
-38  36  -12 
-48  -46  58 
-16  -20  -10 
-48  -32  -16 

//Reference=MNI 
//nullstudy_66
//Subjects=9
-12  -58  30 
-46  -16  20 

//Reference=MNI 
//nullstudy_67
//Subjects=11
-52  -34  24 
8  52  6 
-54  -38  48 
24  16  6 
-8  -46  14 
8  12  60 

//Reference=MNI 
//nullstudy_68
//Subjects=10
0  48  -8 
52  6  -18 
-12  -6  38 
36  24  -6 
-28  -2  -12 
-2  58  -6 
-16  46  -22 

//Reference=MNI 
//nullstudy_69
//Subjects=10
-10  12  -28 
-28  -44  4 
-48  2  20 
48  8  -40 
-4  0  32 
-48  -68  -18 
12  16  -6 
-8  18  48 
-64  -36  44 
-14  -64  42 
-4  46  48 
-16  -22  -14 
-12  -24  -24 

//Reference=MNI 
//nullstudy_70
//Subjects=11
-20  -96  8 
-50  -10  -20 
-36  -30  -24 

//Reference=MNI 
//nullstudy_71
//Subjects=11
-48  -84  0 
-32  -46  -52 
-30  -72  -38 
-2  -74  46 
-60  2  20 
20  8  -12 
-12  36  60 
-28  -74  46 
-28  -38  -8 
-8  -32  -22 
-28  30  28 

//Reference=MNI 
//nullstudy_72
//Subjects=10
30  16  -46 
18  46  48 
-52  -60  -12 
-30  -48  -26 
20  8  -42 
-8  -104  -2 
-38  14  42 
-14  -62  -14 

//Reference=MNI 
//nullstudy_73
//Subjects=11
-12  -32  68 
-44  -72  0 
30  42  38 
2  44  20 

//Reference=MNI 
//nullstudy_74
//Subjects=9
48  12  -10 
12  18  52 
-58  -32  6 
6  6  4 
26  4  -28 
-22  -46  -56 
10  28  -20 
-18  36  -18 
-42  -62  38 
-14  -24  66 

//Reference=MNI 
//nullstudy_75
//Subjects=10
52  18  -14 
-26  34  54 
-44  -22  12 
14  14  -18 
38  36  16 
-38  -76  32 
64  2  6 
18  6  -28 
-54  -34  -4 
28  28  -12 
-34  40  14 
24  24  -28 
-16  -92  -32 
-26  -14  56 

//Reference=MNI 
//nullstudy_76
//Subjects=10
-28  -88  14 
-22  -46  -60 
-14  -30  78 
-48  12  -40 

//Reference=MNI 
//nullstudy_77
//Subjects=9
24  20  -20 
12  18  14 
-22  -32  -4 
-6  62  -6 
-14  -62  24 
24  30  50 
-10  -72  14 
-8  16  40 
-38  -90  0 
16  46  32 
-10  -50  28 
-42  14  -36 
-56  12  -14 
-58  -56  -30 

//Reference=MNI 
//nullstudy_78
//Subjects=12
-36  -16  -42 
-8  -24  56 

//Reference=MNI 
//nullstudy_79
//Subjects=9
-60  16  16 
-8  -22  58 
48  16  -34 
-2  -60  16 
-58  -12  22 
34  32  38 

//Reference=MNI 
//nullstudy_80
//Subjects=11
-70  -24  -14 
-46  -68  -50 
60  6  12 

//Reference=MNI 
//nullstudy_81
//Subjects=9
-16  -54  -32 
24  60  6 
38  18  24 

//Reference=MNI 
//nullstudy_82
//Subjects=12
-62  -32  -2 
-12  72  2 
8  32  60 
26  14  -34 
-42  34  2 
-22  -58  16 
66  2  2 
52  10  -8 
-28  -86  22 
-8  -32  70 
-12  4  -28 

//Reference=MNI 
//nullstudy_83
//Subjects=10
10  40  40 
-40  -80  8 

//Reference=MNI 
//nullstudy_84
//Subjects=10
-34  -6  -24 
-24  18  -14 
-18  -62  -44 
16  36  52 
20  2  66 
-18  -34  -20 
44  32  -18 

//Reference=MNI 
//nullstudy_85
//Subjects=11
-30  -56  68 
-24  -30  60 

//Reference=MNI 
//nullstudy_86
//Subjects=10
-10  -86  30 
42  30  22 
26  22  -34 
-2  -48  34 
-22  12  60 
-2  6  -12 
-62  -20  14 
50  4  -42 
-52  -52  18 
-30  -36  40 
-40  20  4 
56  8  6 
-38  -64  50 
30  48  -6 
-56  -8  44 
-38  -56  -10 

//Reference=MNI 
//nullstudy_87
//Subjects=11
38  14  -30 
-32  -66  46 

//Reference=MNI 
//nullstudy_88
//Subjects=11
-4  -46  32 
44  28  28 
-8  -88  -2 
-60  -2  -22 
14  38  -28 
-20  50  28 
-2  -52  -44 
-42  50  0 

//Reference=MNI 
//nullstudy_89
//Subjects=9
-6  54  18 
-28  -2  56 
-30  -70  22 
-58  -50  -20 
-24  4  -8 
-14  52  10 
-6  -20  -42 
-52  6  30 
-48  0  -30 
44  4  38 
-20  36  -18 

//Reference=MNI 
//nullstudy_90
//Subjects=10
-12  22  26 
-30  -70  -20 
-64  -12  -30 
-48  0  36 
-50  -26  -10 

//Reference=MNI 
//nullstudy_91
//Subjects=9
16  48  38 
-36  -32  -32 
20  52  38 
0  48  -14 
-8  58  -2 
-6  -78  -28 
-24  -34  72 
-40  0  -12 
54  14  28 

//Reference=MNI 
//nullstudy_92
//Subjects=10
48  28  8 
-16  20  10 
12  22  -26 
-28  40  30 
-16  42  40 
-42  8  52 
30  14  46 
-20  -50  -30 
-18  12  -38 
-26  -20  -32 
-14  -96  -4 
-32  -18  20 
-2  -50  70 
-4  -54  26 
-10  -70  -26 
22  46  38 
-2  -32  32 
-32  18  -6 
-50  -36  -6 

//Reference=MNI 
//nullstudy_93
//Subjects=10
-12  20  2 
-66  -40  10 
-34  -80  -18 
-16  -28  14 

//Reference=MNI 
//nullstudy_94
//Subjects=11
-12  -64  32 
-8  36  -2 
16  28  2 
48  42  -12 
-40  -10  14 
-68  -16  22 

//Reference=MNI 
//nullstudy_95
//Subjects=10
-34  -70  46 
-52  -48  -24 
-32  -42  -18 

//Reference=MNI 
//nullstudy_96
//Subjects=8
38  4  60 
-62  -16  -18 
-4  -28  -32 
-10  6  -30 
-4  -30  36 

//Reference=MNI 
//nullstudy_97
//Subjects=11
-38  -2  60 
-26  -66  -58 
-34  10  0 
-16  -46  56 
-8  -42  68 
-6  -68  -30 
-42  -34  -28 
-10  46  -4 

//Reference=MNI 
//nullstudy_98
//Subjects=9
-34  24  -6 
8  8  -14 
-40  16  -38 
-18  -38  -32 
-32  22  6 
-64  -8  10 
14  20  -14 
-8  -48  70 

//Reference=MNI 
//nullstudy_99
//Subjects=10
-60  -54  42 
-58  4  24 
-42  -4  -40 
-10  24  -22 
-10  -2  -24 

//Reference=MNI 
//nullstudy_100
//Subjects=11
-34  16  40 
-42  -14  32 
-46  -4  58 

