//Reference=MNI 
//truestudy_1
//Subjects=9
45  -68  -5 
47  -67  -7 
46  -66  -6 

//Reference=MNI 
//truestudy_2
//Subjects=10
46  -65  -6 
44  -65  -7 
45  -65  -6 
46  -66  -6 
47  -67  -7 
47  -65  -6 
44  -67  -8 
47  -67  -7 
47  -67  -7 

//Reference=MNI 
//truestudy_3
//Subjects=11
46  -69  -7 
46  -66  -4 
46  -68  -6 
44  -67  -4 
45  -63  -5 
46  -66  -5 
45  -67  -5 
47  -68  -7 
46  -66  -5 
47  -66  -5 
46  -65  -6 
45  -65  -8 
44  -65  -6 
45  -65  -7 
46  -66  -5 
49  -66  -5 
46  -65  -5 
47  -67  -7 
46  -67  -4 

//Reference=MNI 
//nullstudy_1
//Subjects=9
-30  -56  -44 
-16  32  38 
-2  40  40 

//Reference=MNI 
//nullstudy_2
//Subjects=10
26  20  -4 
-8  -8  -36 
-12  44  -22 
-54  12  8 
-10  -52  28 
-28  -58  40 
-22  2  -34 
-32  26  18 
44  2  28 

//Reference=MNI 
//nullstudy_3
//Subjects=11
6  26  22 
46  28  2 
-6  -42  32 
-44  -6  -48 
-14  -80  -26 
46  30  6 
-40  -70  -28 
-50  -6  32 
-12  -18  8 
-54  -34  22 
-48  -34  16 
-16  -32  -44 
-12  -42  -50 
44  32  -20 
-42  -40  12 
-24  -58  68 
-30  -72  -24 
-4  6  50 
-52  -10  16 

//Reference=MNI 
//nullstudy_4
//Subjects=9
-48  -54  26 
-18  -62  -30 

//Reference=MNI 
//nullstudy_5
//Subjects=10
-46  6  26 
6  6  74 
-6  30  -12 
-10  50  -24 
-62  -42  26 
-10  -52  40 

//Reference=MNI 
//nullstudy_6
//Subjects=10
-36  -42  64 
-26  50  22 

//Reference=MNI 
//nullstudy_7
//Subjects=10
-38  -80  8 
-64  -12  -28 
-6  6  50 
-32  -70  26 
-4  18  46 
-26  40  -18 

//Reference=MNI 
//nullstudy_8
//Subjects=10
20  32  52 
-34  -18  -42 
-48  -32  44 
-52  16  -8 
26  48  6 
-6  -58  54 

//Reference=MNI 
//nullstudy_9
//Subjects=11
56  32  4 
54  4  44 
-20  -4  -32 
-36  54  14 
-54  20  2 
34  6  -18 
-18  -90  -28 
-40  46  12 
-24  -54  -54 

//Reference=MNI 
//nullstudy_10
//Subjects=10
44  24  40 
46  14  -32 
-8  -16  4 
-34  28  26 
-66  -50  4 

//Reference=MNI 
//nullstudy_11
//Subjects=9
-60  -4  30 
-30  -54  52 
-18  -60  70 
-12  -6  56 
-18  -6  -10 
-26  -66  -20 
-48  -58  40 
-22  -64  36 

//Reference=MNI 
//nullstudy_12
//Subjects=10
-46  26  -4 
-2  -78  52 
-26  -34  -44 
12  30  52 
48  12  -2 

//Reference=MNI 
//nullstudy_13
//Subjects=9
-46  -74  -22 
-56  -20  52 

//Reference=MNI 
//nullstudy_14
//Subjects=11
12  2  -20 
24  60  -2 
-22  -78  -10 
-30  0  10 
28  10  -32 
-36  -6  12 
44  24  -16 

//Reference=MNI 
//nullstudy_15
//Subjects=12
-56  -36  -6 
-24  -12  64 
-44  42  -10 
46  54  -10 

//Reference=MNI 
//nullstudy_16
//Subjects=10
-8  4  74 
-50  30  6 
-52  -22  -8 
-22  -32  0 
-12  6  -14 
-8  42  22 
-16  66  -4 
34  10  -46 
-54  -68  34 
-16  6  -36 
-40  -44  44 
-42  -42  22 
-38  0  28 
4  32  0 
6  36  -14 
-4  -22  2 
-12  -32  -28 
-40  -60  48 
-8  40  14 
-60  -40  -18 
-30  10  10 

//Reference=MNI 
//nullstudy_17
//Subjects=10
6  16  6 
-40  -24  8 
-22  -10  52 
-50  -30  10 
4  36  4 
-8  18  -22 
-6  -74  -38 
2  28  12 
-44  -88  2 
-16  38  42 
-4  -44  -62 
-12  -82  -22 
-4  36  50 
-30  12  60 

//Reference=MNI 
//nullstudy_18
//Subjects=10
36  10  38 
-32  -80  8 
-54  -64  -2 
-44  10  0 
-4  -92  -28 

//Reference=MNI 
//nullstudy_19
//Subjects=10
-14  42  -4 
-6  -12  72 
-28  46  4 
-20  18  56 

//Reference=MNI 
//nullstudy_20
//Subjects=8
30  2  -44 
-44  -24  4 
-44  -68  44 
-22  68  -6 
-34  -6  -28 

//Reference=MNI 
//nullstudy_21
//Subjects=12
-20  -50  -26 
-34  40  38 
-10  -94  28 
-10  -32  -22 
-66  -10  -22 
-2  -20  30 
-24  4  -16 
0  42  40 
-40  -40  -16 

//Reference=MNI 
//nullstudy_22
//Subjects=11
-26  -72  48 
-8  -46  -52 

//Reference=MNI 
//nullstudy_23
//Subjects=12
-22  -88  22 
-40  -52  42 
-28  44  24 
54  16  6 
-32  -2  -2 
-12  4  76 
-54  28  -2 
-60  -4  24 
38  4  -36 
-38  4  2 
38  12  46 
-10  -72  18 
-12  -66  66 
-48  0  -36 
16  26  50 

//Reference=MNI 
//nullstudy_24
//Subjects=9
12  2  16 
-42  -48  -16 
-28  -26  66 
-6  42  -8 
-44  -40  -20 
-44  2  26 
-18  -68  28 
-44  -20  66 
-10  42  14 
-16  -76  54 
-2  20  -16 
2  24  64 
-42  -54  -18 
10  62  -20 
-20  10  58 
-36  -38  42 
-20  -52  52 
-42  -14  64 

//Reference=MNI 
//nullstudy_25
//Subjects=9
-26  -40  52 
-38  -66  22 
-12  -64  20 
-26  8  -36 
-14  -30  68 
-58  -2  32 
44  12  -38 
-36  -84  -38 
-8  6  10 
-50  -8  -34 
12  54  36 
4  16  22 
-10  20  28 
-8  -44  32 
26  8  2 
-24  0  -24 
-30  -70  50 

//Reference=MNI 
//nullstudy_26
//Subjects=9
54  18  32 
2  40  18 
38  50  20 
-66  -52  4 

//Reference=MNI 
//nullstudy_27
//Subjects=10
-28  -78  22 
16  24  66 

//Reference=MNI 
//nullstudy_28
//Subjects=10
20  46  22 
-32  -58  42 

//Reference=MNI 
//nullstudy_29
//Subjects=12
-14  -12  72 
-30  -46  32 
-28  -44  -50 
-2  -58  44 
-2  54  26 
14  16  -4 
-48  -8  54 
-42  0  32 

//Reference=MNI 
//nullstudy_30
//Subjects=12
-20  44  34 
-12  34  22 
58  4  30 
-70  -24  -16 
46  4  14 

//Reference=MNI 
//nullstudy_31
//Subjects=10
0  26  -30 
52  16  -28 
-36  -48  44 
-30  46  -2 
-12  -68  -48 
-16  -2  -22 
30  16  -38 
36  54  24 
-6  -20  -38 
-20  -64  26 
-32  -26  64 
-34  -40  -2 
-38  12  46 
10  40  -6 
-54  -12  -2 
30  54  34 
-58  -32  4 
-10  -74  24 
-48  -34  -30 
-10  -36  -10 

//Reference=MNI 
//nullstudy_32
//Subjects=10
-38  -68  4 
-2  -52  -48 
-52  -38  40 
-32  22  44 
-54  -30  -10 
-8  -44  28 
-28  56  30 
-52  -2  -22 
38  48  -12 
-46  -26  -30 
-4  14  46 
56  12  -20 
-48  -6  -44 
12  8  42 
-40  -56  58 
-54  -30  -14 
-36  60  14 
44  36  -6 
52  30  12 
-8  2  -26 
-14  -56  38 
-22  -2  -28 
12  28  38 
-52  14  -32 
-34  -4  16 
6  46  24 
-32  2  28 
-50  -74  34 
-10  -26  -10 
-60  0  36 

//Reference=MNI 
//nullstudy_33
//Subjects=11
-44  -40  -16 
22  20  -38 
-8  -8  54 
-12  2  24 
-24  -8  -48 

//Reference=MNI 
//nullstudy_34
//Subjects=10
24  34  -18 
-32  -36  52 
-62  -24  -10 
-8  36  -26 

//Reference=MNI 
//nullstudy_35
//Subjects=10
-4  -30  -30 
-8  -58  -40 
32  10  -8 
-56  -2  34 
-44  -30  56 
-26  -36  -48 
-20  -100  8 
-46  30  -20 
-2  -82  42 
18  28  42 

//Reference=MNI 
//nullstudy_36
//Subjects=10
40  36  -22 
-42  -60  -4 
-30  -48  -34 
6  10  -24 
-2  -48  -8 
-22  44  28 

//Reference=MNI 
//nullstudy_37
//Subjects=12
-6  -42  -40 
-68  -40  4 
-50  -56  42 
-2  -34  64 
42  38  -2 
-30  18  -20 
-6  -52  46 

//Reference=MNI 
//nullstudy_38
//Subjects=11
-10  14  -26 
-16  -60  50 
-16  -60  52 
-62  -30  -8 
-20  -84  38 
44  2  28 

//Reference=MNI 
//nullstudy_39
//Subjects=10
40  24  44 
-36  -46  66 
42  34  22 
10  2  38 
36  60  -8 
4  40  38 
-46  -60  18 
-50  -50  -46 
6  32  -26 
-26  -44  -14 
20  60  28 
-20  -58  -18 
-36  -70  -24 
28  58  22 
12  68  12 
-32  42  -18 
-48  -18  32 
-6  -88  -30 
20  4  4 
-22  -88  -30 
42  10  48 
-2  -30  6 
2  50  46 
-14  14  2 
50  18  -32 
-52  -44  -36 
-44  -40  -16 
-48  -28  20 
42  50  0 
-12  30  20 
28  58  -12 
-22  -32  64 
-44  -16  30 
-56  -50  -28 
10  24  54 
-20  -84  18 
-38  -52  -54 
-20  32  46 
-8  60  14 
-42  -48  12 
-50  -60  8 
-44  -20  -12 
18  28  8 

//Reference=MNI 
//nullstudy_40
//Subjects=11
-46  -34  8 
-34  -34  -8 
-40  6  4 
26  54  -6 
-14  48  36 
-26  -72  -42 
38  40  38 
-36  -66  50 
16  34  58 

//Reference=MNI 
//nullstudy_41
//Subjects=12
-16  16  -20 
-18  -66  62 
-26  -42  6 
16  24  6 
-36  -24  -18 
-14  -62  24 
-66  -42  -10 

//Reference=MNI 
//nullstudy_42
//Subjects=9
-42  -12  -26 
-8  -46  8 
-26  -6  2 
64  2  0 
-8  36  28 
6  64  -10 
-26  -62  52 
46  18  6 
4  26  62 
0  12  -22 
-26  -24  56 
-56  -26  -32 
-4  -84  -34 
-24  -80  -22 
-38  -60  -50 
-8  -92  10 
12  36  8 

//Reference=MNI 
//nullstudy_43
//Subjects=10
16  2  -20 
-30  10  4 
-28  -78  -18 
-18  10  4 
-34  -68  42 
-36  -62  10 
-12  20  14 
14  20  4 
30  26  -16 
-42  -42  -40 
22  48  40 
-18  -30  78 
-34  -84  -2 

//Reference=MNI 
//nullstudy_44
//Subjects=11
-42  42  32 
56  12  -26 

//Reference=MNI 
//nullstudy_45
//Subjects=10
-48  2  -42 
24  52  16 
14  54  4 
-32  -66  -34 
38  6  14 

//Reference=MNI 
//nullstudy_46
//Subjects=11
-16  -104  -12 
-26  18  -8 
-44  50  18 
6  10  74 
22  16  46 
-12  -60  -40 
-36  -32  48 
-36  -76  48 
-42  0  4 
46  38  24 
6  18  64 
-10  -92  -32 
-4  -48  -12 
28  40  -16 
8  4  -10 

//Reference=MNI 
//nullstudy_47
//Subjects=10
-48  -42  42 
-34  -10  -46 
-30  18  -32 
-24  -30  54 
-8  14  52 
-26  -72  -46 
-44  6  -28 
-54  -60  -2 
-2  24  38 
-62  -26  -28 
-36  -46  -40 
-28  30  54 
16  18  -20 
-54  -12  12 
-2  -30  60 
-22  -58  -46 
-4  -28  14 

//Reference=MNI 
//nullstudy_48
//Subjects=10
-46  -16  46 
-26  -68  38 
6  36  44 
-52  -40  24 
-50  38  -10 
-30  -58  -24 
8  34  26 

//Reference=MNI 
//nullstudy_49
//Subjects=10
-48  -34  10 
-4  -90  -34 
-34  46  6 
-56  -22  -8 
-18  -102  -8 
40  14  10 

//Reference=MNI 
//nullstudy_50
//Subjects=12
-8  -20  48 
-8  -52  -66 
-24  0  -10 
54  40  2 

//Reference=MNI 
//nullstudy_51
//Subjects=10
-12  -22  72 
-20  36  -26 
-26  46  14 
-18  -50  68 
-58  -36  26 
-56  -10  2 
-12  2  18 

//Reference=MNI 
//nullstudy_52
//Subjects=10
-42  4  42 
-6  -56  -2 
-18  -80  2 
54  16  18 
14  54  -4 
8  52  -2 
-32  18  48 
-34  20  -38 
16  46  -20 
-26  6  52 
-20  -14  -18 
-32  -50  62 
-12  -80  -32 
-30  -68  -34 
54  34  8 
-2  -32  74 
-6  -66  -18 
-56  -18  -30 
-10  42  16 
-8  44  -26 
-14  -74  16 
-10  52  34 
-2  -58  -40 
30  50  12 
-46  -40  -28 
-8  50  40 
-40  -82  -34 
24  38  -20 
62  8  12 
62  6  12 
-8  42  2 
20  12  -24 
-38  -50  -44 
-24  32  30 
-36  -74  -10 
12  6  72 
-18  32  42 
-38  58  -4 
-64  -30  20 
-36  0  0 
-14  16  -14 
-26  0  -42 
-6  -58  26 

//Reference=MNI 
//nullstudy_53
//Subjects=11
-26  -60  -34 
8  30  -12 
-34  26  26 
-12  20  -28 
-4  -52  32 
-24  62  14 

//Reference=MNI 
//nullstudy_54
//Subjects=9
-20  -2  -42 
-26  -2  10 
-22  -76  12 
-36  46  26 
-40  -40  14 

//Reference=MNI 
//nullstudy_55
//Subjects=10
-40  4  50 
-56  -14  -8 
-40  34  32 
-10  52  -10 
8  46  -24 
-52  -2  -4 
-16  -28  -20 
-34  48  14 
-54  -44  -28 
-6  -70  54 
-14  -30  14 
-20  -20  -34 
-48  0  18 
-12  60  -18 
-40  16  32 
-6  32  12 
2  14  8 
-22  -32  -24 

//Reference=MNI 
//nullstudy_56
//Subjects=9
-50  -38  8 
-40  -14  12 

//Reference=MNI 
//nullstudy_57
//Subjects=8
-4  40  8 
-2  60  12 
-4  -36  -16 
8  20  10 

//Reference=MNI 
//nullstudy_58
//Subjects=9
-10  -8  58 
-36  -72  8 
-14  -40  -42 

//Reference=MNI 
//nullstudy_59
//Subjects=11
-30  -24  70 
16  4  66 

//Reference=MNI 
//nullstudy_60
//Subjects=9
6  10  52 
-38  -56  20 

//Reference=MNI 
//nullstudy_61
//Subjects=9
54  18  -14 
52  42  6 
-22  -102  -4 
-58  -22  -32 
-12  44  -2 
26  2  46 
26  30  40 
-52  -32  -10 
-54  -6  32 
-68  -38  -10 
-14  58  18 
-38  18  0 
48  18  46 
52  38  22 
10  62  12 

//Reference=MNI 
//nullstudy_62
//Subjects=10
-44  -64  -18 
-12  18  6 

//Reference=MNI 
//nullstudy_63
//Subjects=11
-56  -40  0 
-34  -22  52 
-24  -68  62 

//Reference=MNI 
//nullstudy_64
//Subjects=10
12  32  50 
62  8  8 
28  36  -22 
-40  20  4 
30  10  6 

//Reference=MNI 
//nullstudy_65
//Subjects=11
-10  -14  26 
-50  20  34 
26  62  -8 
-62  -24  32 
-12  -34  74 
-6  -2  74 
-26  24  38 
14  52  -22 
-60  -54  -18 

//Reference=MNI 
//nullstudy_66
//Subjects=11
-32  -52  -16 
-28  -34  64 
8  2  76 
10  46  -4 
-14  32  46 

//Reference=MNI 
//nullstudy_67
//Subjects=9
38  26  -16 
-22  -100  -12 
-64  -24  -26 
42  22  44 
12  16  12 
4  14  30 
-40  -50  -40 
-20  60  8 

//Reference=MNI 
//nullstudy_68
//Subjects=9
-14  -60  14 
-28  20  -40 
8  52  4 
58  6  -26 
-12  40  48 
-32  18  30 
26  48  6 
-52  -72  12 
-24  2  12 

//Reference=MNI 
//nullstudy_69
//Subjects=10
-12  -92  24 
-42  -30  44 

//Reference=MNI 
//nullstudy_70
//Subjects=9
-44  2  -32 
-46  32  18 
-8  -32  36 

//Reference=MNI 
//nullstudy_71
//Subjects=8
-8  -22  -2 
8  40  -26 
-40  46  24 
-26  -8  58 
-62  10  18 
32  22  42 

//Reference=MNI 
//nullstudy_72
//Subjects=10
-16  -68  -22 
-2  -16  40 
-34  48  -20 

//Reference=MNI 
//nullstudy_73
//Subjects=10
-38  -94  -4 
-46  -62  40 

//Reference=MNI 
//nullstudy_74
//Subjects=12
-54  -70  -8 
-2  -50  -24 
-36  -56  -12 
52  28  -4 
-38  -48  -14 

//Reference=MNI 
//nullstudy_75
//Subjects=10
46  22  -16 
-36  -68  -4 
-4  10  4 
-34  -26  6 
-30  -2  -36 
42  32  40 
4  16  2 
-2  6  54 
-4  -12  14 
12  8  46 
-44  0  50 

//Reference=MNI 
//nullstudy_76
//Subjects=9
30  12  -10 
-52  -66  -16 
12  46  0 
-24  -50  14 
-6  -2  32 
-44  -64  -52 
34  40  -12 
56  12  6 
-44  -8  -38 
-24  -52  -60 
14  10  -36 
34  20  14 
2  56  -4 
-56  -24  -32 
-42  -68  -26 
-26  -24  56 
-2  8  38 
-26  -68  -50 

//Reference=MNI 
//nullstudy_77
//Subjects=10
-32  -54  -20 
-54  0  24 
-36  0  38 
-58  -30  6 
-18  -72  -60 
38  18  -26 
-64  -52  32 
-60  -40  50 

//Reference=MNI 
//nullstudy_78
//Subjects=10
6  22  -24 
-26  -18  -32 

//Reference=MNI 
//nullstudy_79
//Subjects=9
-46  24  32 
-4  -78  -38 
12  62  8 
-12  -16  20 
-20  -54  46 

//Reference=MNI 
//nullstudy_80
//Subjects=10
-8  -76  50 
42  16  58 
56  34  18 
-40  -68  2 

//Reference=MNI 
//nullstudy_81
//Subjects=11
-58  -40  44 
-36  -94  2 

//Reference=MNI 
//nullstudy_82
//Subjects=11
-54  8  38 
-16  6  52 
-36  -72  -48 
-52  -68  34 

//Reference=MNI 
//nullstudy_83
//Subjects=11
40  30  48 
38  12  12 
-52  -48  46 
-34  -4  -22 
-64  -58  -8 
20  6  20 
-22  -54  -14 
4  34  56 
6  22  6 

//Reference=MNI 
//nullstudy_84
//Subjects=10
-38  -28  10 
-12  6  36 
-14  -60  6 
52  14  6 
-64  -44  30 
-10  -10  24 
-52  4  46 
-58  -52  30 
30  18  34 
-8  8  18 
-20  50  38 
-54  -32  22 
-12  22  -20 
-52  -58  -46 
-52  -52  0 
-18  -52  -46 
-2  -82  28 
-44  8  0 
-34  42  4 
-6  40  -24 
-44  0  8 
-20  -80  -24 
-52  20  28 
48  48  6 
-28  -68  22 
36  4  -34 
-2  44  -10 
-32  46  34 
-26  -24  -18 
-60  4  10 
-66  -20  -30 
-6  -32  -18 
38  54  26 
40  34  32 
-56  -6  -6 
-50  -68  -44 
2  4  -28 
32  26  26 
52  44  -4 

//Reference=MNI 
//nullstudy_85
//Subjects=9
-32  -12  -6 
-24  -70  -58 
-14  -54  72 
-40  -74  26 
-20  -18  -34 
-66  -34  14 
-32  20  2 
34  44  -10 
-50  34  28 
50  2  18 
-2  -20  2 
-36  34  32 
-30  2  -8 
-26  -86  -4 

//Reference=MNI 
//nullstudy_86
//Subjects=9
48  42  -4 
-16  -20  -34 
22  68  8 
-40  -30  18 
-4  -50  12 
-58  -16  10 

//Reference=MNI 
//nullstudy_87
//Subjects=10
18  48  46 
16  42  44 
-40  32  -6 
-14  20  52 
18  54  38 
-50  12  -12 
-20  -42  -14 
-4  -20  40 
-36  4  -44 
-16  44  30 
38  44  22 
38  42  -12 
-16  -22  70 
-6  -48  -20 
-30  -30  -30 
-16  -60  54 
-34  4  -26 
-32  -68  -60 
-48  -60  -38 
-34  -50  44 
-24  -74  38 
-48  -14  42 
-44  -6  40 
-50  -46  34 
-46  14  -32 
22  14  42 
-34  28  26 
-48  -62  -2 
-36  14  -14 
-52  -50  -6 
-38  -78  -26 
-68  -24  6 
-22  -88  14 
-16  -64  24 
-28  -22  64 
-20  -68  -52 
-14  -64  -46 
-36  -42  -46 
36  32  30 
-68  -22  20 
-20  40  26 
-4  -48  48 
-2  -68  30 
28  54  -2 
-60  -24  36 
6  22  52 
-36  -6  60 
-32  -26  52 
-32  -6  -10 
24  62  18 
12  2  38 
30  42  18 
2  64  16 
8  10  34 
38  22  14 
-6  52  0 
-4  -56  -2 
-14  -2  -12 
-20  -78  -34 
-48  -44  -28 
-14  -88  34 
-62  -46  38 
-52  -18  -32 
-28  -84  -18 
-36  -72  -56 
-64  -40  6 
0  36  16 

//Reference=MNI 
//nullstudy_88
//Subjects=11
-2  -24  38 
-48  8  26 
-44  -52  -18 
-36  28  38 
-2  -90  38 
-24  -96  -8 
-58  -18  38 
-8  30  40 

//Reference=MNI 
//nullstudy_89
//Subjects=10
64  2  4 
-32  52  4 

//Reference=MNI 
//nullstudy_90
//Subjects=9
40  16  48 
-32  50  32 

//Reference=MNI 
//nullstudy_91
//Subjects=11
22  58  -16 
-22  -70  18 
12  36  12 
12  4  -34 
34  28  -6 

//Reference=MNI 
//nullstudy_92
//Subjects=10
-10  -42  32 
28  10  56 
-32  46  14 
-22  -72  34 
-26  -92  -22 
-24  -62  -32 
-4  -68  -24 
-38  10  14 
-66  -28  -24 
60  26  16 
-40  -18  56 
-46  52  0 
-24  22  40 
2  40  -26 
0  2  32 
-2  -22  70 
-56  -2  8 
-52  -10  -30 
-30  -44  70 

//Reference=MNI 
//nullstudy_93
//Subjects=10
-52  -26  36 
60  10  -20 
32  20  14 
-40  -42  42 
-64  -52  4 

//Reference=MNI 
//nullstudy_94
//Subjects=9
16  22  8 
12  20  36 
-24  6  -12 

//Reference=MNI 
//nullstudy_95
//Subjects=10
42  30  6 
-50  18  14 
38  16  44 
-22  -50  2 
-48  -16  -34 
-28  30  -10 
-2  42  -10 
-44  -4  14 
24  62  4 
-24  -68  -60 
-44  -4  -38 

//Reference=MNI 
//nullstudy_96
//Subjects=10
8  26  -10 
-54  -24  -26 
56  14  -20 
4  34  -20 
-38  2  38 
-48  -16  62 

//Reference=MNI 
//nullstudy_97
//Subjects=10
-10  -4  -28 
-28  -70  30 
-34  50  0 
-42  12  32 
-66  -38  34 
-26  -58  66 

//Reference=MNI 
//nullstudy_98
//Subjects=11
8  36  -8 
-18  -44  66 

//Reference=MNI 
//nullstudy_99
//Subjects=11
-10  -50  12 
28  18  -18 
-56  -70  4 
-54  4  -8 

//Reference=MNI 
//nullstudy_100
//Subjects=8
-48  -22  48 
-16  22  -20 

