//Reference=MNI 
//truestudy_1
//Subjects=11
46  -66  -7 
47  -65  -6 
44  -66  -5 
46  -65  -7 
47  -67  -6 
47  -66  -5 
48  -66  -5 

//Reference=MNI 
//truestudy_2
//Subjects=10
46  -66  -6 
46  -67  -7 
48  -66  -5 
45  -68  -8 
45  -66  -5 
46  -67  -6 

//Reference=MNI 
//truestudy_3
//Subjects=8
45  -68  -6 
46  -65  -5 

//Reference=MNI 
//nullstudy_1
//Subjects=11
-18  -28  6 
-44  8  38 
-60  -14  -32 
-60  10  18 
2  4  72 
-2  34  28 
-34  18  56 

//Reference=MNI 
//nullstudy_2
//Subjects=10
-44  28  4 
-26  50  4 
-24  40  38 
-16  -18  -14 
-44  -16  -28 
56  12  20 

//Reference=MNI 
//nullstudy_3
//Subjects=8
-62  2  -24 
-56  6  4 

//Reference=MNI 
//nullstudy_4
//Subjects=11
-42  -58  -32 
-40  -72  -28 

//Reference=MNI 
//nullstudy_5
//Subjects=10
-8  38  -6 
-60  -28  12 
-16  22  50 
14  50  -26 
-8  -36  78 
44  48  -18 
-18  -70  16 
-30  20  -22 
-34  -48  -12 

//Reference=MNI 
//nullstudy_6
//Subjects=10
-56  -62  -36 
-16  42  36 
-28  -64  46 
-10  -16  24 
-14  -34  70 
-26  -66  -46 
-14  -84  46 
-40  -70  32 
-4  -48  18 
-22  -44  -10 
-22  18  -38 
-48  -54  36 
-14  -74  60 
-22  -2  56 

//Reference=MNI 
//nullstudy_7
//Subjects=10
-10  -86  30 
-10  20  -8 

//Reference=MNI 
//nullstudy_8
//Subjects=11
24  4  -16 
14  36  56 
-8  -90  -20 
38  40  -2 
-18  50  34 
8  44  46 
-26  16  44 

//Reference=MNI 
//nullstudy_9
//Subjects=8
-32  -54  -42 
-2  -22  -24 
-56  -64  -34 

//Reference=MNI 
//nullstudy_10
//Subjects=11
-10  -66  26 
-22  -88  22 
-68  -20  -6 

//Reference=MNI 
//nullstudy_11
//Subjects=11
-16  -46  60 
-20  2  -22 
-54  -42  30 
-18  0  -38 
-46  -70  18 
40  38  36 
-20  -36  22 
-12  -42  74 

//Reference=MNI 
//nullstudy_12
//Subjects=10
-34  0  -46 
32  54  24 
6  30  -28 
-32  -42  -30 
-32  -58  32 
-66  -28  -16 
-4  -44  -16 
18  56  -8 
-8  -40  -36 
-8  -100  -8 

//Reference=MNI 
//nullstudy_13
//Subjects=12
-22  -4  -30 
-48  -80  -20 

//Reference=MNI 
//nullstudy_14
//Subjects=12
-52  -6  -22 
-66  -8  30 
-38  8  -30 
2  18  -12 
14  38  54 
-12  6  66 
38  30  22 
-2  -50  -16 
-24  -46  18 
-8  22  -10 
-10  24  52 
-40  46  22 
-4  -18  -14 
-40  -2  46 
58  2  10 
-16  26  42 
-18  -58  28 

//Reference=MNI 
//nullstudy_15
//Subjects=10
-32  34  4 
-12  42  -26 
-44  18  -14 
-20  -60  26 
-14  -30  46 
-56  -12  -8 
-24  -68  46 
-2  -64  58 
-14  -24  12 
-44  -82  24 
32  10  -18 
-8  46  -22 

//Reference=MNI 
//nullstudy_16
//Subjects=12
-54  -18  16 
-22  -76  30 
-40  -24  42 
-66  -54  14 
-48  -2  46 
14  44  -2 
-46  8  6 

//Reference=MNI 
//nullstudy_17
//Subjects=9
20  18  -24 
-28  54  -10 
-42  2  24 
28  22  10 
-28  -96  -10 
-62  2  20 
-52  -48  -20 
-16  -4  -28 
-52  -36  -16 
-24  -56  68 

//Reference=MNI 
//nullstudy_18
//Subjects=9
0  36  60 
-54  -46  -8 
-62  -50  14 
-24  34  26 
-24  -22  -32 
-4  -56  -30 
-2  -12  -18 
20  62  8 
-34  -60  -6 
-50  -48  42 
-32  -46  32 
-54  -42  26 
-10  -32  46 
0  56  40 
-28  -58  -18 
-54  -26  22 
-32  -66  -28 
-2  -44  -60 
-18  -80  16 
-28  -56  68 
-12  56  2 

//Reference=MNI 
//nullstudy_19
//Subjects=11
-14  -80  0 
42  50  -12 
-44  -52  2 

//Reference=MNI 
//nullstudy_20
//Subjects=11
-22  48  26 
-32  22  -36 
-22  32  48 
16  52  -14 
-14  -24  42 
2  40  44 
-30  -38  2 
40  56  -14 
-24  -38  70 
-24  -74  54 
-10  -94  14 
42  2  40 
-22  -44  -24 
26  60  -2 
6  4  40 
-34  -4  -20 
-42  16  -38 
-6  -78  54 
-22  -72  -48 
-40  -78  -20 
-8  -82  16 
-60  -18  18 

//Reference=MNI 
//nullstudy_21
//Subjects=10
40  14  54 
34  6  38 
-8  -52  -30 

//Reference=MNI 
//nullstudy_22
//Subjects=11
-4  -84  -42 
10  46  -24 

//Reference=MNI 
//nullstudy_23
//Subjects=10
2  66  -12 
-20  -62  66 
-46  -8  24 
4  22  -10 
18  2  20 
-48  8  -44 
-36  -62  -54 
46  36  -20 
0  50  38 
6  60  -16 
-30  -46  -14 
22  20  -34 
-60  -10  12 
-46  -12  46 
-70  -30  -14 
-10  -56  22 
4  46  -28 
0  4  20 
40  54  12 
56  8  40 
14  18  64 
-42  -68  28 

//Reference=MNI 
//nullstudy_24
//Subjects=12
4  34  34 
-22  -58  -54 
-18  -16  -6 
8  48  28 
-56  -20  30 
-62  -26  -8 
-44  -68  38 
-40  -40  -32 
-60  -16  2 
-4  -10  -22 
-44  2  -22 

//Reference=MNI 
//nullstudy_25
//Subjects=9
-30  32  -24 
-48  -36  50 
38  6  -40 
-54  12  26 
-38  -6  36 
-52  -42  58 
-50  -52  18 
-58  -32  40 

//Reference=MNI 
//nullstudy_26
//Subjects=10
48  4  54 
-12  10  14 
-16  40  -18 
48  26  -6 
8  38  46 
24  16  62 
-62  -28  -28 
-32  0  14 
-2  22  -26 
-46  8  -12 
-70  -20  -14 
-4  -46  -66 
-40  22  -36 
-64  4  18 
54  4  22 
-50  -78  0 
-18  22  -28 
-40  -22  20 
-50  -78  -10 
-40  -52  -44 
12  38  44 
6  2  20 
-32  -22  66 
-34  -20  54 
-54  -34  -28 

//Reference=MNI 
//nullstudy_27
//Subjects=13
28  52  28 
14  4  72 

//Reference=MNI 
//nullstudy_28
//Subjects=10
-52  2  40 
-6  -66  -44 
-30  -42  -20 
-20  8  -22 
56  4  12 
-34  -32  12 
-70  -34  0 
2  42  -18 
-8  64  18 
-44  6  2 
-64  -12  34 
-22  48  42 
56  22  16 
-32  -68  -62 
38  26  6 
-24  -60  20 
-2  -78  28 
-50  16  20 
-14  -28  -30 
-8  54  12 
-18  32  44 
-22  60  16 

//Reference=MNI 
//nullstudy_29
//Subjects=10
-26  -52  -18 
-32  26  -12 

//Reference=MNI 
//nullstudy_30
//Subjects=10
-8  -4  68 
-10  -98  -16 
-34  -66  -44 
-28  62  14 
-42  -52  28 
-66  -44  -4 
16  48  28 

//Reference=MNI 
//nullstudy_31
//Subjects=9
16  26  -8 
-12  -70  12 
50  16  6 
24  2  -42 
32  26  -28 
-30  -2  -26 
-32  46  22 
-10  -62  -10 
-32  -92  14 
-10  46  38 
-30  -2  -22 
-6  -66  -14 
-46  24  4 
-44  -68  0 
-26  34  -14 
-32  -56  36 
-34  -64  -30 
-44  -18  -40 
-6  -38  -62 

//Reference=MNI 
//nullstudy_32
//Subjects=9
54  2  42 
6  24  62 
-12  -10  52 
-22  -42  -54 
-10  40  28 

//Reference=MNI 
//nullstudy_33
//Subjects=9
-6  20  4 
8  8  0 
-56  20  -6 
-22  -76  26 
-42  -38  42 
-8  54  -28 

//Reference=MNI 
//nullstudy_34
//Subjects=9
50  14  4 
-42  -86  18 
-20  50  -6 
-70  -34  -2 

//Reference=MNI 
//nullstudy_35
//Subjects=11
-38  -14  6 
30  30  -12 
26  32  -22 

//Reference=MNI 
//nullstudy_36
//Subjects=10
-2  56  6 
-46  -34  22 
-4  -34  64 

//Reference=MNI 
//nullstudy_37
//Subjects=9
-24  16  58 
30  66  -8 

//Reference=MNI 
//nullstudy_38
//Subjects=9
-54  6  6 
-36  -68  -46 
-36  -30  36 

//Reference=MNI 
//nullstudy_39
//Subjects=9
-10  -42  -50 
-44  -64  34 
-44  -30  50 
-62  -38  -4 
12  48  -12 
46  10  12 
-56  -8  -32 
-66  -24  -12 
-20  -98  6 
-34  -40  38 
-18  -30  0 
-62  -12  10 
52  6  28 

//Reference=MNI 
//nullstudy_40
//Subjects=9
38  10  48 
56  10  10 
-52  16  20 
-36  -46  -44 
4  26  38 

//Reference=MNI 
//nullstudy_41
//Subjects=10
-12  -82  6 
8  50  6 

//Reference=MNI 
//nullstudy_42
//Subjects=10
8  14  -16 
10  10  -14 
-2  -80  16 

//Reference=MNI 
//nullstudy_43
//Subjects=10
40  34  2 
-48  28  18 
34  38  -12 

//Reference=MNI 
//nullstudy_44
//Subjects=8
-18  -64  36 
-18  -12  -28 
-22  -86  -10 

//Reference=MNI 
//nullstudy_45
//Subjects=11
12  20  -28 
-36  -60  -30 

//Reference=MNI 
//nullstudy_46
//Subjects=11
-58  -2  12 
-16  -28  -4 
-38  -14  22 

//Reference=MNI 
//nullstudy_47
//Subjects=10
12  60  4 
-64  -60  -6 
-2  -90  -20 
-24  -2  52 

//Reference=MNI 
//nullstudy_48
//Subjects=11
-4  -54  46 
-2  56  28 

//Reference=MNI 
//nullstudy_49
//Subjects=10
-2  -30  -22 
-32  0  56 
-44  -30  34 
-32  -30  14 
22  6  -32 
-36  -20  68 
44  50  -2 

//Reference=MNI 
//nullstudy_50
//Subjects=10
-42  -32  -24 
-38  -42  -36 
40  54  -4 
12  16  -8 
-8  12  -10 
-6  -16  30 
46  12  -30 
6  32  26 
-14  42  52 
-36  8  -14 
44  12  42 

//Reference=MNI 
//nullstudy_51
//Subjects=12
-40  -26  18 
58  14  -6 
-4  -28  -6 
-24  -32  70 
-8  10  68 
-4  -56  46 

//Reference=MNI 
//nullstudy_52
//Subjects=9
52  12  -32 
-4  18  48 
-20  -102  6 
6  52  40 
-28  -56  40 
-22  62  18 
-30  -54  0 
-2  20  28 
0  26  -8 
-38  -66  -2 
-44  -60  52 

//Reference=MNI 
//nullstudy_53
//Subjects=10
-36  -78  6 
-2  -98  -14 
-26  -58  -58 
30  2  2 

//Reference=MNI 
//nullstudy_54
//Subjects=11
-18  -64  56 
32  56  -2 
-34  4  8 

//Reference=MNI 
//nullstudy_55
//Subjects=9
-18  50  30 
-2  22  -20 
-26  46  30 
4  40  48 
-50  2  8 
38  46  24 
-24  38  34 
10  26  34 
54  6  22 
8  36  4 
-34  -60  42 
12  50  44 
-4  -62  -32 
38  16  -40 
-2  38  -10 

//Reference=MNI 
//nullstudy_56
//Subjects=8
50  16  -36 
-24  62  -16 

//Reference=MNI 
//nullstudy_57
//Subjects=10
-40  -56  46 
-44  -50  16 
-8  -44  -42 
-42  26  8 
-6  -12  24 
-38  18  -40 

//Reference=MNI 
//nullstudy_58
//Subjects=12
50  40  -4 
-18  56  32 
-2  -72  -10 
-6  -36  -20 
-16  26  4 
-36  -12  56 
28  20  -16 
-36  8  -16 
-8  20  -12 
48  26  -2 
-48  -16  12 
-48  -54  -36 
-16  -48  -30 
-20  -58  -6 
38  22  -40 
-16  58  30 
-22  -50  -44 
-10  0  68 
-2  -54  24 
-42  -24  66 
-22  -30  -28 
-36  -36  56 
-20  -20  74 
-4  -32  -6 
-32  -22  12 
24  2  -12 
-24  -46  14 
-36  -58  10 
12  26  66 
-22  2  -4 
-20  -12  76 

//Reference=MNI 
//nullstudy_59
//Subjects=10
-24  -40  -16 
-4  -42  76 

//Reference=MNI 
//nullstudy_60
//Subjects=11
-4  -94  -14 
-4  -96  0 

//Reference=MNI 
//nullstudy_61
//Subjects=11
20  10  4 
26  26  50 
48  42  2 
-12  -18  8 
-50  -14  8 
-30  -36  -42 

//Reference=MNI 
//nullstudy_62
//Subjects=9
-8  -68  -26 
20  52  18 
-28  -12  48 
-8  -74  -14 
-34  -32  -18 
-38  -30  46 
-4  60  34 
-2  28  34 
-38  20  36 
-62  -58  6 
2  22  38 
-56  -2  -36 
40  4  -42 
-56  -40  16 
-4  -4  56 
-38  -6  50 
-36  -82  28 
-44  -52  -20 
-60  -60  32 
-62  -36  26 
8  48  -6 
-8  -52  34 
-34  -72  -32 
-46  -4  -12 
-18  16  -18 
-24  -26  -22 
-38  16  -28 

//Reference=MNI 
//nullstudy_63
//Subjects=8
-12  -12  44 
-8  -74  36 
-6  2  -12 
-30  -96  -16 
-58  -6  38 
-24  0  -2 
-30  10  -22 
-40  36  4 
-30  -32  -8 
-42  -72  14 
-50  -40  6 
-32  -4  -18 
-32  14  -2 
42  26  20 
0  64  18 
18  58  22 
-38  36  -14 
-52  0  -36 
-56  -2  16 
-34  10  -8 
-18  -52  52 
-28  62  12 

//Reference=MNI 
//nullstudy_64
//Subjects=9
-40  8  -4 
-40  44  2 
32  22  44 
-20  -30  70 
-36  -56  -28 
-8  -32  48 
-24  -62  64 
16  50  8 
-56  -58  -38 
-32  -36  50 
10  38  14 
-16  -70  -32 
-18  22  12 
-38  -2  48 
-56  0  8 
-48  -68  44 
-52  2  -8 
58  4  -36 
-2  52  16 
-26  -68  -56 
-16  -46  32 
-64  -16  -30 
-60  -46  20 
58  26  28 

//Reference=MNI 
//nullstudy_65
//Subjects=9
-46  -66  36 
-22  -58  10 
-10  -44  -48 
-56  -64  14 
-12  44  -28 
-6  14  -14 
-54  4  -2 
38  14  -32 
-6  -78  36 
-22  8  56 
32  26  44 
-24  46  2 
36  30  30 
-62  0  28 
14  44  14 
-36  6  38 
14  4  -20 
-40  -64  10 
-40  34  22 
42  22  40 
-12  10  -6 
20  34  30 
2  2  18 
-54  -8  48 
-2  -70  52 

//Reference=MNI 
//nullstudy_66
//Subjects=10
18  18  -12 
-54  -62  24 
-40  -62  -38 
0  60  28 

//Reference=MNI 
//nullstudy_67
//Subjects=10
-26  20  -22 
-58  -28  46 

//Reference=MNI 
//nullstudy_68
//Subjects=10
-40  44  -18 
-30  -12  -10 
-58  -2  28 
-4  -24  14 

//Reference=MNI 
//nullstudy_69
//Subjects=9
-44  -22  20 
50  28  8 

//Reference=MNI 
//nullstudy_70
//Subjects=10
36  10  -44 
-14  -30  38 
34  12  50 
-10  36  16 
-62  -4  -14 

//Reference=MNI 
//nullstudy_71
//Subjects=10
-16  -64  68 
-20  -100  10 
-26  56  16 
-44  32  -12 
-2  -44  30 
-60  -48  -22 
-10  -30  14 

//Reference=MNI 
//nullstudy_72
//Subjects=11
-28  -20  58 
-38  -44  -16 
-6  42  -16 
-6  -12  20 
-2  14  34 

//Reference=MNI 
//nullstudy_73
//Subjects=10
42  28  12 
-8  2  -8 
0  8  0 

//Reference=MNI 
//nullstudy_74
//Subjects=8
38  54  8 
34  20  52 
28  10  -22 
0  14  12 

//Reference=MNI 
//nullstudy_75
//Subjects=9
-22  -66  -16 
-12  -62  62 
-24  -10  -34 
-24  -50  46 

//Reference=MNI 
//nullstudy_76
//Subjects=11
-54  -40  -16 
-14  -74  -28 
-8  -92  14 
-32  -84  -6 
24  32  -20 
-22  -82  24 
-38  32  32 
-40  -60  22 
-36  -62  52 
-20  -94  16 
-52  4  -28 
-34  -72  42 
-26  -8  -24 
-4  40  4 
32  20  44 
-28  18  48 

//Reference=MNI 
//nullstudy_77
//Subjects=10
-22  -60  50 
-16  56  -8 
4  22  -30 
-48  -24  46 
-44  -80  -18 

//Reference=MNI 
//nullstudy_78
//Subjects=10
22  60  -18 
-36  38  -16 

//Reference=MNI 
//nullstudy_79
//Subjects=9
-62  -48  -20 
-18  -80  8 
-2  8  62 
24  30  38 

//Reference=MNI 
//nullstudy_80
//Subjects=9
-16  -80  -52 
-14  -88  -40 
-18  64  18 
-32  4  -30 
-46  -48  20 
-32  -84  20 
-14  -46  2 
0  44  18 
38  50  16 
-26  42  24 
-12  -82  24 
16  16  20 

//Reference=MNI 
//nullstudy_81
//Subjects=10
-2  12  48 
28  28  30 
-22  22  -24 
-30  28  50 

//Reference=MNI 
//nullstudy_82
//Subjects=9
-40  20  54 
-14  -54  -40 
-52  -42  8 
-36  12  -6 
-2  22  -6 
-8  34  46 
-36  -30  -28 
26  10  -42 

//Reference=MNI 
//nullstudy_83
//Subjects=11
-30  34  -18 
-8  -22  12 
-60  -2  -18 

//Reference=MNI 
//nullstudy_84
//Subjects=10
-14  -58  -40 
-52  -54  -10 

//Reference=MNI 
//nullstudy_85
//Subjects=11
-2  -76  46 
-10  -14  72 
-68  -48  4 
-8  -40  36 
-18  -90  10 
-8  36  8 
-20  0  -6 

//Reference=MNI 
//nullstudy_86
//Subjects=10
-34  -82  -34 
-52  -80  8 

//Reference=MNI 
//nullstudy_87
//Subjects=11
-8  -56  22 
-12  -78  16 
-42  12  30 
18  30  48 
-26  -70  52 
-24  -12  -44 
-44  -2  -18 
-46  18  36 
-10  -38  74 
-2  -6  52 
-46  26  16 

//Reference=MNI 
//nullstudy_88
//Subjects=11
-16  14  2 
-2  -6  -8 
-18  -62  -30 
-50  -4  0 

//Reference=MNI 
//nullstudy_89
//Subjects=9
-46  -72  36 
-4  -66  -38 
-14  -26  -12 
-26  10  64 
38  26  38 
-66  -20  26 
-8  56  -12 
-24  -58  70 
-30  12  -2 

//Reference=MNI 
//nullstudy_90
//Subjects=10
-10  54  4 
14  10  64 
-24  -26  56 
-2  -36  74 

//Reference=MNI 
//nullstudy_91
//Subjects=11
-52  -20  -38 
18  38  -18 
-2  -56  68 
-20  -80  46 
44  48  20 
38  42  26 
-14  -86  16 
10  40  52 
-20  -68  20 
-36  -60  -46 
-22  -54  12 

//Reference=MNI 
//nullstudy_92
//Subjects=10
-10  26  34 
-20  -64  -36 
24  46  14 
-38  24  42 
-20  -54  -42 
-56  2  -26 
-42  -72  -14 
-18  6  -30 
54  4  -32 
-26  -42  54 
-4  -26  34 
-2  -24  72 
-48  30  -8 
-56  -46  52 
-12  -64  -30 
-66  -12  34 
-54  -18  38 
-2  4  28 
-8  -6  50 
-48  44  -12 

//Reference=MNI 
//nullstudy_93
//Subjects=9
42  34  16 
12  38  -6 
-36  8  28 
-36  42  8 

//Reference=MNI 
//nullstudy_94
//Subjects=11
0  10  66 
26  22  -38 
-46  -68  -22 
-42  -2  32 
-2  2  2 
-38  -2  30 
-20  -2  -48 
-48  -54  -36 
22  18  -30 
-56  -66  6 
-8  -96  -12 

//Reference=MNI 
//nullstudy_95
//Subjects=10
40  2  62 
-56  14  -10 
-52  -68  36 
44  6  -30 
-30  -84  40 
-50  -18  16 
12  44  20 
-34  -60  -18 
6  22  -28 

//Reference=MNI 
//nullstudy_96
//Subjects=10
-12  8  36 
-28  -42  48 
10  20  8 
16  18  -28 
-20  -70  46 
34  4  12 

//Reference=MNI 
//nullstudy_97
//Subjects=10
-4  -84  -42 
58  8  40 
-8  -46  28 

//Reference=MNI 
//nullstudy_98
//Subjects=10
-46  30  20 
34  12  42 
-8  18  12 
-52  -10  48 
-32  16  42 
-32  -46  66 
-34  24  -30 
-2  -42  -66 
-54  -60  -20 

//Reference=MNI 
//nullstudy_99
//Subjects=9
-26  58  8 
-18  -76  -46 
58  6  -12 
-36  2  38 
-6  -38  30 
-24  -56  -58 
-14  -6  -30 
34  24  38 
8  48  26 
40  38  28 
-10  26  44 

//Reference=MNI 
//nullstudy_100
//Subjects=11
6  2  -18 
42  50  10 
-62  -64  2 
2  62  -8 
-54  -36  -14 

