//Reference=MNI 
//truestudy_1
//Subjects=10
46  -65  -7 
45  -64  -6 
44  -67  -7 
47  -65  -6 
46  -66  -7 
46  -67  -6 
45  -66  -6 

//Reference=MNI 
//truestudy_2
//Subjects=10
46  -66  -7 
45  -67  -6 
47  -65  -6 
45  -65  -5 
46  -66  -6 
45  -67  -5 
47  -66  -6 
44  -68  -5 

//Reference=MNI 
//truestudy_3
//Subjects=12
46  -66  -4 
46  -66  -5 
44  -65  -6 
44  -66  -6 
45  -65  -5 
45  -66  -7 
47  -65  -5 
46  -67  -6 
46  -65  -5 
45  -66  -6 
47  -67  -7 
45  -66  -2 
47  -65  -6 
46  -66  -8 
48  -65  -5 
47  -66  -5 
46  -65  -6 
44  -67  -5 
47  -67  -7 
47  -67  -7 
45  -67  -6 
45  -68  -5 
46  -65  -6 
46  -63  -5 
47  -66  -4 
45  -66  -4 
44  -64  -6 
47  -66  -5 
46  -68  -6 
47  -65  -6 

//Reference=MNI 
//nullstudy_1
//Subjects=10
-6  -10  2 
-2  38  -26 
-32  -48  -26 
0  6  44 
-30  -18  8 
-20  -16  -8 
-52  -58  -38 

//Reference=MNI 
//nullstudy_2
//Subjects=10
-50  -74  2 
-12  -76  -56 
-24  -50  50 
-48  -52  -42 
-22  50  0 
-34  -68  -8 
-6  10  52 
-14  -34  -18 

//Reference=MNI 
//nullstudy_3
//Subjects=12
-28  22  34 
-28  -90  10 
-30  -38  -38 
-18  -88  -32 
-38  -50  -22 
-56  -36  -24 
-42  -26  44 
-26  -50  12 
-10  68  12 
-6  -74  -8 
-24  12  48 
-24  -40  -40 
-2  28  36 
-4  -26  38 
0  50  48 
-4  -8  76 
-4  14  50 
36  32  38 
-20  -34  -8 
-34  -10  -38 
12  12  72 
32  32  26 
-14  0  62 
-54  -30  -16 
-4  -90  -30 
-8  -58  14 
14  58  12 
-8  62  34 
-34  -82  -10 
-18  2  -26 

//Reference=MNI 
//nullstudy_4
//Subjects=9
-2  30  50 
-44  -10  -34 

//Reference=MNI 
//nullstudy_5
//Subjects=11
-50  42  14 
-40  -58  46 
-54  0  24 
-2  34  22 
-18  10  -34 
-54  -38  -14 
36  2  -8 
-6  -24  46 
-48  14  -16 
8  8  6 
-26  16  58 
-10  -100  22 

//Reference=MNI 
//nullstudy_6
//Subjects=10
-22  -26  -4 
-48  6  -4 
-6  32  36 
22  40  -24 
34  10  62 

//Reference=MNI 
//nullstudy_7
//Subjects=11
-52  30  8 
-12  -78  8 
18  6  -40 
-18  -12  -24 
-2  -30  30 
-2  -8  -8 
-52  -8  4 
-40  -80  12 
56  4  16 
54  24  12 
-14  -102  -14 
-32  -48  -2 
-4  -22  18 
-4  48  48 
2  44  42 
-38  20  -10 
46  26  44 
-20  -56  0 
-44  10  2 
44  4  10 
-18  -82  -2 
32  24  -4 
-10  -56  -50 
-28  -78  -28 
-40  -48  16 
12  48  14 
-64  -28  -6 

//Reference=MNI 
//nullstudy_8
//Subjects=12
-60  -54  -2 
-42  -64  -22 
-68  -34  -20 
-46  -44  -42 
-42  0  -18 
-10  -54  -10 
-22  -46  -50 
28  36  34 
-52  34  0 
22  40  26 
24  18  -16 
26  40  -18 
-28  32  50 
4  64  22 
-54  -38  -12 
-50  -2  -18 
-10  -34  12 
56  28  18 
-58  -66  20 
28  32  -6 
6  64  -20 
4  66  4 
2  46  -30 
46  16  -32 

//Reference=MNI 
//nullstudy_9
//Subjects=10
22  4  -10 
-16  2  -26 
-46  -42  -22 
-26  -28  50 
42  22  -22 
-28  -78  -8 
-12  -46  -40 

//Reference=MNI 
//nullstudy_10
//Subjects=8
-34  -68  24 
-60  2  18 

//Reference=MNI 
//nullstudy_11
//Subjects=11
-6  -22  -44 
-10  18  36 
-8  -74  -20 
-40  -48  -12 
46  46  0 
-22  -68  60 
-14  -42  -48 
-20  -74  12 
-22  42  28 
-30  -86  -26 
-26  -46  14 
-18  -24  62 
-44  -58  -8 
-20  50  6 
-18  4  64 
-56  -4  30 
6  70  0 

//Reference=MNI 
//nullstudy_12
//Subjects=10
-8  -48  32 
-42  38  26 
-24  -74  -26 
-56  -66  28 
34  8  56 

//Reference=MNI 
//nullstudy_13
//Subjects=10
-34  -34  -28 
34  28  22 
-28  0  -18 
-36  14  -14 
26  12  4 
-46  32  0 

//Reference=MNI 
//nullstudy_14
//Subjects=9
-10  -56  48 
10  18  68 
-20  -46  -2 

//Reference=MNI 
//nullstudy_15
//Subjects=11
-12  -50  -32 
-46  28  26 
-44  50  -14 
-62  -56  -4 
32  14  60 
-14  -68  54 
20  6  -48 
-2  68  -6 
-10  -18  6 

//Reference=MNI 
//nullstudy_16
//Subjects=10
-32  58  -8 
48  2  -32 
18  28  44 
-38  40  -4 
-20  -6  -16 
-68  -34  -16 

//Reference=MNI 
//nullstudy_17
//Subjects=10
-48  12  6 
-46  -44  -28 
-28  -88  -14 
-30  -2  60 
18  16  70 

//Reference=MNI 
//nullstudy_18
//Subjects=10
-4  44  6 
-52  -56  16 
-40  -86  8 
-10  -58  -26 

//Reference=MNI 
//nullstudy_19
//Subjects=9
-16  -60  0 
-28  -12  68 

//Reference=MNI 
//nullstudy_20
//Subjects=10
-68  -20  0 
56  6  24 
-52  -78  10 
-10  16  12 

//Reference=MNI 
//nullstudy_21
//Subjects=10
-14  -16  8 
-22  38  36 
-58  -20  20 
-10  -72  6 
62  14  0 

//Reference=MNI 
//nullstudy_22
//Subjects=10
-14  -50  -62 
-60  -46  -4 
-50  -18  36 
-58  -16  6 
38  54  16 
-34  8  -26 
-14  -56  12 
-46  26  -18 

//Reference=MNI 
//nullstudy_23
//Subjects=9
-22  20  38 
-34  -80  -22 

//Reference=MNI 
//nullstudy_24
//Subjects=9
-44  52  10 
-50  40  6 
-48  20  30 

//Reference=MNI 
//nullstudy_25
//Subjects=9
-26  -56  -10 
-18  -66  -38 

//Reference=MNI 
//nullstudy_26
//Subjects=11
-42  -80  -10 
-8  8  10 
-44  56  2 
-44  -74  -36 
-18  -50  -20 
-56  -40  -16 
-14  14  6 
-22  -76  0 

//Reference=MNI 
//nullstudy_27
//Subjects=9
-38  -34  70 
-28  14  -32 
42  24  26 

//Reference=MNI 
//nullstudy_28
//Subjects=9
-30  -76  -10 
-12  58  -20 
-38  -38  68 
-12  -62  18 

//Reference=MNI 
//nullstudy_29
//Subjects=9
18  66  18 
-16  -66  -18 
0  18  0 

//Reference=MNI 
//nullstudy_30
//Subjects=10
-40  -68  52 
-10  -40  54 
38  12  -28 
12  38  8 

//Reference=MNI 
//nullstudy_31
//Subjects=11
-26  -52  -8 
-8  -94  -12 
50  24  40 
-34  -70  -18 
-38  -50  -18 
-2  10  66 
-16  -72  0 
-20  -48  -44 
-30  -46  56 
-4  -48  -10 

//Reference=MNI 
//nullstudy_32
//Subjects=9
-60  -22  40 
-48  -62  -2 
46  54  2 
-10  -58  -30 

//Reference=MNI 
//nullstudy_33
//Subjects=10
-12  56  4 
-40  4  0 
4  34  4 
-52  -58  -26 

//Reference=MNI 
//nullstudy_34
//Subjects=12
2  56  -18 
-62  -34  6 
38  8  10 
-22  -74  -30 
-30  -98  -6 
-24  16  50 
-20  -60  -44 
54  14  12 
44  30  24 
-40  -28  38 
-10  -42  40 
-30  2  -20 
-12  -42  -24 
-54  -44  -10 
-26  26  60 
0  60  18 

//Reference=MNI 
//nullstudy_35
//Subjects=11
-52  -8  0 
-4  -74  -22 
26  28  52 
-4  10  56 
20  30  42 
48  28  -6 
2  62  8 
0  6  -14 
14  28  22 
-2  -34  28 
-54  -68  -12 

//Reference=MNI 
//nullstudy_36
//Subjects=9
-28  32  52 
32  50  -12 
-6  -54  68 

//Reference=MNI 
//nullstudy_37
//Subjects=12
-8  -10  -24 
-26  -6  -50 
-32  -56  -46 
-38  -14  -2 
-28  -48  -6 
42  16  -8 
-24  -44  -2 
-22  -38  -4 
-22  -36  -18 
-40  -68  2 
-28  -74  -16 
-14  -52  -10 
-6  50  18 
-2  -38  -36 
-16  28  -4 

//Reference=MNI 
//nullstudy_38
//Subjects=10
-10  -6  16 
-12  38  20 
-38  40  40 
-42  -18  -6 
-28  -88  -36 
-2  -60  24 
-16  68  2 
-28  -30  54 
50  4  -16 
-6  50  22 
-58  -6  -2 
-52  -6  34 
12  10  36 

//Reference=MNI 
//nullstudy_39
//Subjects=9
30  2  56 
62  2  34 
-10  42  16 

//Reference=MNI 
//nullstudy_40
//Subjects=10
-48  -34  34 
6  66  12 
-26  6  -10 
-62  -28  -24 
-12  16  2 

//Reference=MNI 
//nullstudy_41
//Subjects=11
-26  26  44 
2  56  0 
-38  -20  54 
-34  24  36 
-12  -24  -34 
10  2  54 
48  14  6 
-38  -30  6 
-22  -96  -24 

//Reference=MNI 
//nullstudy_42
//Subjects=9
-16  -30  4 
-24  -4  -28 

//Reference=MNI 
//nullstudy_43
//Subjects=10
38  54  10 
-22  -84  10 
18  52  22 
-40  -66  -4 
18  26  -14 
4  14  40 
12  12  52 

//Reference=MNI 
//nullstudy_44
//Subjects=9
26  42  14 
-20  18  -4 
-38  18  -6 

//Reference=MNI 
//nullstudy_45
//Subjects=10
34  60  6 
-6  -82  24 
24  20  50 
-32  -34  44 
-40  -42  -20 
-6  48  -22 
-22  -66  18 

//Reference=MNI 
//nullstudy_46
//Subjects=10
8  32  26 
-30  2  -28 
-4  22  24 
-54  -56  -14 
-30  20  -42 
-48  -70  38 
-18  38  -28 

//Reference=MNI 
//nullstudy_47
//Subjects=8
-22  -4  -38 
-46  -52  -38 

//Reference=MNI 
//nullstudy_48
//Subjects=9
-12  62  -10 
-46  -4  -40 

//Reference=MNI 
//nullstudy_49
//Subjects=10
-68  -18  12 
34  28  -26 
-24  -76  -20 
-28  -70  -28 
8  52  -26 
-28  -72  -44 
-46  -50  -44 

//Reference=MNI 
//nullstudy_50
//Subjects=10
2  26  18 
36  18  -28 
10  50  -14 
50  30  10 
-40  -72  -10 
-28  52  -4 
30  56  10 
-40  -4  52 
-48  4  -40 
-20  -36  -32 

//Reference=MNI 
//nullstudy_51
//Subjects=10
-4  -54  -10 
-58  -36  22 
-38  2  12 
-20  22  40 
-6  24  -4 
-8  6  50 

//Reference=MNI 
//nullstudy_52
//Subjects=11
-28  40  -18 
-50  -46  48 
12  20  0 
-18  22  -28 
20  30  54 
-42  -68  16 
18  68  20 
22  4  -18 
-18  -80  28 
-4  -34  -22 
6  40  8 
58  2  -26 
-12  -86  -28 
18  14  58 
12  20  14 
-4  -8  22 
-6  4  2 
-50  2  6 
-56  -18  54 
-2  -74  44 
-62  -18  4 
-46  0  50 
-46  20  26 
0  46  -16 
44  2  56 
-28  32  -10 
-8  4  2 
-48  40  2 
-14  -62  32 
-22  -24  -14 
-20  -40  76 
-14  -16  -22 
-40  -68  24 
-50  44  -8 
-28  -80  -8 
-8  -84  26 
-48  34  6 
-46  -36  -18 

//Reference=MNI 
//nullstudy_53
//Subjects=12
-30  -20  48 
-8  -90  -16 
-30  34  -10 
24  58  -6 
-10  -86  -8 
-22  20  52 
-58  -18  4 
40  28  50 
10  30  -16 
-36  -58  26 
-36  -22  52 
12  36  -12 
2  52  40 
-40  -76  -24 
4  22  26 
-20  -58  46 
-56  6  2 

//Reference=MNI 
//nullstudy_54
//Subjects=11
-14  70  10 
-4  -4  76 
-60  -22  6 
-46  -50  52 
-4  -88  4 
14  8  12 
-46  -48  26 
42  26  12 
-36  -48  -6 
-38  -58  -42 
-70  -22  0 
-42  28  10 
-52  -70  -30 

//Reference=MNI 
//nullstudy_55
//Subjects=8
24  68  16 
-40  20  -34 

//Reference=MNI 
//nullstudy_56
//Subjects=9
-56  -30  18 
-40  -60  -58 

//Reference=MNI 
//nullstudy_57
//Subjects=11
24  2  -20 
-20  -66  -4 
-44  -52  -20 
-16  -70  40 
-42  32  18 
-16  -84  -2 
-18  -50  -32 
-22  -66  8 
28  2  -16 
32  2  -20 

//Reference=MNI 
//nullstudy_58
//Subjects=11
-54  -22  0 
-30  6  4 
-12  -106  0 
-8  16  48 
-16  -64  28 
0  28  48 
-58  -46  -14 
-18  -82  12 
-32  -84  -20 
-12  -34  -16 
-50  40  -2 

//Reference=MNI 
//nullstudy_59
//Subjects=10
-24  20  -30 
-36  20  -6 
-30  -72  38 
-34  -56  -24 
-44  -68  12 
-38  -34  48 
14  12  62 

//Reference=MNI 
//nullstudy_60
//Subjects=11
-4  52  4 
-14  -76  10 
-16  -60  -60 
-50  10  -38 
0  2  -2 
2  6  -10 
-4  -80  24 
-10  -8  70 
36  30  26 

//Reference=MNI 
//nullstudy_61
//Subjects=11
-24  -58  -44 
-4  -30  42 
-48  -32  56 
-4  0  -22 
-48  -20  -4 
22  14  62 
-2  16  -20 
50  42  -10 
6  48  -10 
-16  -50  -64 
18  30  -28 
28  48  -10 
54  18  28 
-22  8  54 

//Reference=MNI 
//nullstudy_62
//Subjects=10
-30  -52  -2 
-26  -62  -4 
-30  -46  32 
-64  -38  12 
-18  -34  16 
-46  -40  26 

//Reference=MNI 
//nullstudy_63
//Subjects=10
10  28  -16 
-8  -86  -44 
-20  46  -18 
-36  -68  2 
-14  68  4 

//Reference=MNI 
//nullstudy_64
//Subjects=8
-26  -56  54 
-2  36  28 

//Reference=MNI 
//nullstudy_65
//Subjects=9
-8  54  -12 
28  32  56 

//Reference=MNI 
//nullstudy_66
//Subjects=10
-32  -96  12 
32  22  -36 
-58  -42  20 

//Reference=MNI 
//nullstudy_67
//Subjects=8
48  2  -12 
38  48  -14 

//Reference=MNI 
//nullstudy_68
//Subjects=9
-12  24  64 
-66  -38  2 

//Reference=MNI 
//nullstudy_69
//Subjects=11
2  22  58 
-56  -12  -26 
58  8  -22 
-64  -26  -28 
-20  52  26 
-20  -78  6 
-8  -62  -18 
0  8  24 
24  40  18 
-14  -62  26 
-12  -88  18 
-24  0  4 
-26  -74  -30 
8  4  14 
-30  38  32 
32  4  62 
14  18  6 
-32  -44  52 
10  48  16 
-46  22  42 
-14  -26  76 
-18  -68  -58 
30  10  -22 
-16  -90  -36 
-14  -24  -32 
-12  -72  26 
-24  -24  -10 
-6  -66  56 
-2  30  -24 
-34  12  -40 
-2  -12  32 
-6  -56  52 

//Reference=MNI 
//nullstudy_70
//Subjects=9
-66  -42  30 
36  42  22 
14  24  -8 

//Reference=MNI 
//nullstudy_71
//Subjects=9
-10  -72  44 
-2  -40  -38 

//Reference=MNI 
//nullstudy_72
//Subjects=10
-20  -70  -40 
-34  24  -24 
-38  -36  54 
-4  22  38 
-32  8  -10 
4  12  56 
8  4  34 
-32  -66  50 

//Reference=MNI 
//nullstudy_73
//Subjects=10
-2  -44  20 
-8  -26  -24 
-6  4  -10 
-34  -24  -14 
-34  -66  28 
-32  -50  0 

//Reference=MNI 
//nullstudy_74
//Subjects=11
26  4  -30 
-26  68  6 
-10  -48  -16 
0  28  16 
-46  -14  62 
16  8  62 
-48  2  -46 
-56  8  34 
40  44  -4 
-54  -56  -40 
-62  -16  44 
-10  -72  -2 
6  44  44 
-28  -62  6 

//Reference=MNI 
//nullstudy_75
//Subjects=10
30  10  -22 
-4  70  -4 
-24  -76  -50 
-2  64  -10 
-44  4  -18 
-30  -90  24 
38  18  -12 

//Reference=MNI 
//nullstudy_76
//Subjects=10
42  8  52 
-10  18  34 
-54  -2  12 
-20  16  -10 
-34  -38  44 
-44  32  34 

//Reference=MNI 
//nullstudy_77
//Subjects=11
-36  -56  -30 
-36  -32  -20 
20  18  58 
-32  -62  38 
18  16  -8 
-42  10  -4 
-40  38  0 
-34  -62  -22 
-4  32  -10 
-24  -70  60 
-6  4  68 
-2  -12  58 
6  34  6 
-14  -36  -44 
-4  -38  24 
-54  -40  36 

//Reference=MNI 
//nullstudy_78
//Subjects=9
-6  -16  -30 
-16  -78  20 
30  54  -4 

//Reference=MNI 
//nullstudy_79
//Subjects=10
-2  42  46 
-60  -34  50 
-12  -28  -10 
-26  -84  20 
-26  62  -6 
12  28  24 

//Reference=MNI 
//nullstudy_80
//Subjects=8
12  64  22 
24  10  -46 

//Reference=MNI 
//nullstudy_81
//Subjects=9
-12  -30  42 
-12  8  74 

//Reference=MNI 
//nullstudy_82
//Subjects=11
6  6  62 
2  28  40 
-14  -90  -36 
14  16  56 
-48  48  -2 
-28  -92  0 
-58  22  18 
10  44  52 
-12  66  -4 

//Reference=MNI 
//nullstudy_83
//Subjects=11
-2  -16  28 
-42  -32  62 
12  44  0 
-18  2  -6 
-38  14  -2 
-14  -56  0 
-40  6  30 
-20  -48  56 

//Reference=MNI 
//nullstudy_84
//Subjects=12
0  54  0 
-10  -8  -30 
-14  14  14 
26  10  -24 
-8  -4  12 
-48  -14  46 
-32  -38  -4 
-42  18  -16 
-4  -20  -32 
-4  68  18 
-4  -60  6 
-10  2  -32 
-42  -16  56 
-24  60  22 
40  58  -2 
-10  44  54 
40  42  -6 
-2  -16  42 

//Reference=MNI 
//nullstudy_85
//Subjects=10
60  6  10 
-20  -66  48 
-4  -18  -26 
28  22  -28 
-14  50  46 
-26  -84  -32 
-44  2  -30 
0  64  24 

//Reference=MNI 
//nullstudy_86
//Subjects=10
-14  -80  26 
-56  34  4 
-16  -50  -4 

//Reference=MNI 
//nullstudy_87
//Subjects=11
-20  -60  -56 
2  30  56 
-28  -42  44 
42  22  -26 
-30  -90  4 
-48  6  4 
-30  -88  -10 
-18  -64  -4 
-26  -68  4 
-28  -78  -40 
-44  -58  14 
44  6  22 
-32  26  8 
10  46  -14 
-6  -12  60 
-2  -58  34 
-16  6  22 
-28  -56  -50 
-2  -18  16 
-12  12  -16 
48  24  2 
-32  12  -22 
-18  28  -28 
-6  38  50 
4  60  4 
-46  -22  -2 
-34  32  0 
-14  -96  18 
-44  8  14 
0  42  34 
-10  30  20 
-26  -30  -26 
2  30  14 
-22  4  -40 
-36  -88  -24 
-44  30  40 
-12  -18  4 
-64  -12  10 

//Reference=MNI 
//nullstudy_88
//Subjects=9
-28  -44  8 
14  54  -24 

//Reference=MNI 
//nullstudy_89
//Subjects=10
-8  -66  -4 
18  12  68 
48  48  10 
-46  -24  -22 
34  22  -36 
-56  -36  50 

//Reference=MNI 
//nullstudy_90
//Subjects=8
-4  -50  6 
10  18  -4 
52  2  44 

//Reference=MNI 
//nullstudy_91
//Subjects=12
-10  -96  -12 
22  16  -4 
-48  -38  -8 
-18  -8  64 
-26  -44  -24 
-10  -18  56 
-38  -86  6 
-52  14  -28 
-8  -22  -46 
-6  -44  4 
-36  8  12 
-48  40  26 
-54  -64  36 
-42  -70  -40 
-14  -40  -10 
-18  34  40 
-8  40  -16 
-10  -66  -52 
-28  46  28 
-44  46  -18 
-32  -70  -8 
-4  -44  -4 
-22  52  36 
-12  38  -24 
30  44  40 
-2  38  20 
-4  4  32 
-22  38  42 
10  66  8 
-50  -54  12 
-20  -48  -44 
2  60  -14 
26  44  -12 
-8  60  -14 
-24  40  -20 
-50  40  -8 
-16  -4  -12 
56  12  -28 
-16  -4  -8 
38  26  -6 
-2  26  -22 
-18  -70  -14 
-4  -62  46 
-50  -62  46 
-24  -80  12 
-16  -38  -18 
-18  -16  22 
-14  -28  10 
-66  -40  -2 
-30  -28  74 
-12  -54  12 
-52  22  14 
-6  -54  -32 
10  46  20 
-36  40  2 
-12  -20  -22 
26  4  -50 

//Reference=MNI 
//nullstudy_92
//Subjects=9
-2  38  -30 
-10  12  -20 

//Reference=MNI 
//nullstudy_93
//Subjects=9
0  66  8 
6  40  -2 
26  62  -14 

//Reference=MNI 
//nullstudy_94
//Subjects=9
-18  -14  -38 
-36  -48  -40 

//Reference=MNI 
//nullstudy_95
//Subjects=9
-44  16  48 
-2  36  46 

//Reference=MNI 
//nullstudy_96
//Subjects=11
-62  -26  -4 
-36  10  14 
-16  -66  -40 
-32  -40  -14 
-10  44  10 
-44  -62  36 
30  16  -10 
-8  -76  6 
6  32  20 
-28  -6  44 
-18  68  0 
-18  -28  26 
-58  -28  -6 

//Reference=MNI 
//nullstudy_97
//Subjects=11
-10  46  38 
-12  -16  -10 
-54  -32  -22 
-16  -32  62 
-52  -4  14 
-50  -70  -22 
42  36  -12 
10  12  40 
-54  -50  -8 
-16  -82  -8 
-60  -60  -26 
-14  -70  24 
-32  -54  60 
36  18  44 
-28  -26  60 
-16  66  2 
-12  60  -12 
-60  -34  -16 
0  44  -8 

//Reference=MNI 
//nullstudy_98
//Subjects=9
-30  22  -22 
-10  -16  54 

//Reference=MNI 
//nullstudy_99
//Subjects=10
40  22  6 
-38  -10  -26 
12  36  6 
20  54  20 

//Reference=MNI 
//nullstudy_100
//Subjects=10
-32  -38  66 
2  20  34 
42  12  40 
46  44  4 

