//Reference=MNI 
//truestudy_1
//Subjects=11
46  -65  -5 
44  -68  -6 
45  -66  -5 
45  -67  -7 
46  -66  -6 
47  -67  -5 
47  -67  -5 
46  -66  -7 
46  -65  -3 
46  -67  -6 
47  -67  -6 
46  -66  -8 
46  -64  -6 
46  -64  -6 
46  -67  -6 
47  -66  -6 
46  -66  -6 
46  -65  -6 
48  -68  -6 
46  -66  -5 
45  -66  -5 
47  -68  -5 
45  -65  -7 

//Reference=MNI 
//truestudy_2
//Subjects=10
46  -65  -6 
46  -64  -7 
47  -67  -5 
47  -65  -8 

//Reference=MNI 
//truestudy_3
//Subjects=10
47  -65  -6 
44  -67  -6 
44  -65  -7 
46  -67  -6 

//Reference=MNI 
//nullstudy_1
//Subjects=11
-30  50  -2 
-22  -50  -34 
44  12  -20 
-24  26  -12 
-40  28  10 
-50  -28  34 
-52  -12  26 
-54  -70  10 
-48  -80  -2 
-10  20  -2 
-8  -54  36 
-42  22  4 
14  40  2 
10  16  2 
52  22  28 
-40  -74  42 
20  62  -14 
42  32  -10 
-10  0  48 
-12  60  0 
-34  62  -10 
-6  52  32 
-26  0  -14 

//Reference=MNI 
//nullstudy_2
//Subjects=10
-34  -74  18 
-18  64  26 
-4  -70  62 
-14  -86  36 

//Reference=MNI 
//nullstudy_3
//Subjects=10
-28  16  64 
-12  -66  -34 
-58  -42  -30 
-52  16  8 

//Reference=MNI 
//nullstudy_4
//Subjects=10
-42  8  52 
56  30  22 

//Reference=MNI 
//nullstudy_5
//Subjects=9
-44  38  32 
-6  28  26 
-48  -16  -2 

//Reference=MNI 
//nullstudy_6
//Subjects=10
-16  -10  -16 
-10  -66  64 
8  52  -28 
-22  -58  0 
54  22  4 
-36  -2  -14 
-50  -74  4 

//Reference=MNI 
//nullstudy_7
//Subjects=12
-50  -70  -28 
-44  -58  26 
-46  -54  -34 
-32  22  -8 
-48  -28  26 
14  22  32 
8  6  72 
18  62  -18 
-40  26  -14 
-10  62  -22 
-20  -2  -44 
46  12  52 
40  8  -6 
2  48  0 
-4  -90  -32 
24  48  22 
18  10  22 
-40  -80  6 
50  14  28 
-6  28  24 

//Reference=MNI 
//nullstudy_8
//Subjects=11
-24  -66  50 
-38  30  -20 
-30  -28  70 
-46  28  26 
12  52  18 
-20  -46  -34 
-2  16  34 
-20  -32  64 
-52  4  44 
8  26  16 
32  42  16 
-50  6  34 
-12  30  22 
-4  68  0 
-24  -78  44 
-26  -88  24 
-22  -56  20 
-16  -54  74 
-6  44  -26 
-32  -34  54 
-18  -36  14 
-16  -54  4 
-42  -20  66 
-50  16  -26 
-10  -26  80 

//Reference=MNI 
//nullstudy_9
//Subjects=11
-54  -52  26 
-8  54  -10 
-32  -44  -58 
-14  16  16 
-32  -66  48 
2  40  34 
6  8  26 
28  48  -8 
-44  -64  -24 

//Reference=MNI 
//nullstudy_10
//Subjects=9
-34  -84  14 
16  12  -16 
28  2  -20 

//Reference=MNI 
//nullstudy_11
//Subjects=10
34  28  -26 
-40  -80  4 
-42  -64  -24 
6  6  62 
-54  -36  -8 
-2  44  4 

//Reference=MNI 
//nullstudy_12
//Subjects=9
-46  -20  16 
-4  -64  -34 
-38  -10  -32 

//Reference=MNI 
//nullstudy_13
//Subjects=11
-24  -12  54 
54  22  20 
-4  -14  20 
-20  -12  -8 
14  6  -20 
-12  -42  -8 
-36  -92  -6 
4  32  62 
18  20  2 

//Reference=MNI 
//nullstudy_14
//Subjects=11
-40  -50  -50 
-6  -52  72 
-44  2  -14 
-42  -34  -30 
-26  -14  54 
-26  -62  -50 
12  10  40 

//Reference=MNI 
//nullstudy_15
//Subjects=10
-34  22  34 
-16  -78  42 
10  32  56 
-50  20  22 
26  12  44 
-22  -42  -30 
-22  -58  42 

//Reference=MNI 
//nullstudy_16
//Subjects=11
-24  -42  -56 
-16  -94  32 
-6  -56  72 
-44  -66  34 
-24  -76  -24 
2  26  -4 
-54  -44  14 
-34  -62  36 
-18  -72  -60 
-10  42  -20 
-44  12  52 
-10  40  -14 
-10  -76  -10 
-40  6  -36 

//Reference=MNI 
//nullstudy_17
//Subjects=10
30  12  10 
-8  -12  78 
-20  4  -30 
-14  -30  46 
44  16  -26 

//Reference=MNI 
//nullstudy_18
//Subjects=11
-2  38  44 
-2  -62  -42 
-4  -44  -66 
-36  18  -4 
-26  -62  -60 
28  36  54 
-52  -6  -36 
-62  -10  -2 
30  14  -4 
-12  -56  -58 
-22  -80  30 

//Reference=MNI 
//nullstudy_19
//Subjects=10
8  24  6 
-34  -88  -8 
-6  12  52 
-36  -82  -12 
-44  -42  -14 
-32  -70  40 

//Reference=MNI 
//nullstudy_20
//Subjects=9
50  40  20 
-14  -62  46 
-12  -66  -42 

//Reference=MNI 
//nullstudy_21
//Subjects=10
-14  0  0 
28  50  4 
44  10  54 
-24  -90  -10 
10  42  -10 
-16  36  58 

//Reference=MNI 
//nullstudy_22
//Subjects=9
-30  -36  -2 
30  4  -48 

//Reference=MNI 
//nullstudy_23
//Subjects=10
-52  -42  24 
-54  -6  20 
-8  2  64 
2  36  4 

//Reference=MNI 
//nullstudy_24
//Subjects=10
-4  24  62 
-22  62  16 
-32  14  -32 
-8  36  -18 
-42  -86  -18 
44  14  -22 
-34  -70  -34 
-14  -100  8 
-64  -48  -10 

//Reference=MNI 
//nullstudy_25
//Subjects=11
-46  0  54 
12  50  18 
-4  38  38 
-4  -22  50 
-54  2  20 
-48  -70  -34 
-58  -50  40 
-56  -40  24 
-48  16  14 
-4  -48  60 
34  38  -22 
-28  22  -34 
26  22  -18 
-18  56  -6 
-32  58  -6 
-20  52  18 
-34  -58  28 
-2  50  8 

//Reference=MNI 
//nullstudy_26
//Subjects=9
44  22  16 
24  6  -42 
16  30  54 

//Reference=MNI 
//nullstudy_27
//Subjects=10
4  24  -20 
4  56  -22 
-44  -76  36 
-6  -66  -10 
-44  -66  -38 

//Reference=MNI 
//nullstudy_28
//Subjects=11
-36  -90  -4 
-12  50  42 
-32  6  -36 
-10  50  8 
-14  -54  58 
14  2  -34 
0  14  28 
-20  -92  -2 
-26  64  2 
18  6  -44 

//Reference=MNI 
//nullstudy_29
//Subjects=11
14  38  46 
-32  0  10 
-22  -82  30 
-8  -48  46 
-28  -60  -60 
-52  -30  -4 
-38  -40  44 
-62  -12  -30 
-16  18  4 
0  8  -18 

//Reference=MNI 
//nullstudy_30
//Subjects=9
28  32  24 
14  50  -8 
44  8  34 

//Reference=MNI 
//nullstudy_31
//Subjects=11
-40  -4  40 
22  30  56 
-22  -28  -32 
8  26  60 
-20  4  -44 
-18  -68  -6 
56  16  32 
18  26  -26 
-18  -80  -30 
6  62  0 

//Reference=MNI 
//nullstudy_32
//Subjects=10
-28  -54  36 
-22  -14  60 
-26  -84  -20 
-28  48  -12 
-28  2  2 
-18  14  -26 
50  34  4 
-16  -90  38 

//Reference=MNI 
//nullstudy_33
//Subjects=10
-38  20  -8 
-54  -8  -34 
-14  12  70 
-50  -50  8 
34  28  8 
-28  -56  -6 
-60  -50  -24 

//Reference=MNI 
//nullstudy_34
//Subjects=10
-42  -48  -42 
-48  -52  -22 
-46  -62  -14 
-36  14  38 
-12  -42  60 
-30  -62  -40 

//Reference=MNI 
//nullstudy_35
//Subjects=10
-36  -26  68 
-12  -68  66 
-10  -80  8 
-36  2  60 
-30  -46  -14 
-42  42  12 

//Reference=MNI 
//nullstudy_36
//Subjects=9
-42  -76  42 
-8  -48  -62 

//Reference=MNI 
//nullstudy_37
//Subjects=10
-62  -26  16 
-24  -56  -6 
-28  36  -6 

//Reference=MNI 
//nullstudy_38
//Subjects=10
44  26  26 
-6  -90  30 
-32  -62  -6 
-60  -16  28 
8  60  -16 
-2  48  18 
-30  54  -16 
-8  38  30 

//Reference=MNI 
//nullstudy_39
//Subjects=10
-52  -28  6 
26  44  48 
-26  -46  -52 
-18  -70  18 
-14  -34  64 
-48  -42  34 
58  12  -8 

//Reference=MNI 
//nullstudy_40
//Subjects=9
12  28  -26 
-16  -78  -38 
-12  12  46 

//Reference=MNI 
//nullstudy_41
//Subjects=11
-30  14  30 
-44  -78  2 
30  6  -16 
-16  -64  56 
-6  58  -10 
-36  6  -18 
-10  -6  64 
-30  28  46 
-30  -74  -26 
-44  -62  28 
-44  10  20 
-36  48  22 
-50  -78  12 
-36  22  -18 
-4  -42  38 
-2  -48  68 
38  44  18 
-44  -50  40 
-38  -38  -30 
24  2  -12 
-18  -2  58 
-26  50  8 
-52  -24  28 
-48  -78  14 
-6  -82  -46 
-4  -68  10 
-56  -2  48 
-18  -32  2 
-2  -64  32 

//Reference=MNI 
//nullstudy_42
//Subjects=10
-4  32  -22 
-8  -104  -6 
-46  -22  56 
-36  -68  -42 
-60  -56  -8 
-16  10  -18 
-64  -12  -22 

//Reference=MNI 
//nullstudy_43
//Subjects=11
-38  4  -42 
-42  -64  6 
22  28  46 
-42  -80  -6 
-52  -22  -6 
-46  2  -2 
-46  -34  0 
46  8  24 
-42  -38  44 
38  30  24 
-18  -58  -4 

//Reference=MNI 
//nullstudy_44
//Subjects=8
-56  26  14 
-12  6  46 
-18  20  0 

//Reference=MNI 
//nullstudy_45
//Subjects=13
12  30  -26 
46  52  10 
-38  -86  -2 
-58  -20  36 
-32  -62  -60 
-22  26  42 
14  46  -4 
-28  6  -4 
-26  20  -12 
-12  -82  34 
2  24  56 
44  32  -12 
-14  -46  44 
-18  -90  -22 
-36  -12  -40 
-46  -14  60 
-20  14  58 
-36  0  52 
-8  64  -8 
-38  26  -10 
-4  -14  -14 
-12  -48  74 
0  20  20 
-32  -44  -32 
-54  -62  16 
-6  -6  22 
-48  44  6 
-4  -46  -68 

//Reference=MNI 
//nullstudy_46
//Subjects=10
-64  -30  26 
-58  -62  -22 
28  12  -24 
-56  2  -26 

//Reference=MNI 
//nullstudy_47
//Subjects=10
-42  -42  -32 
-46  -46  -32 
14  28  24 
-50  -42  -2 
-20  -20  -30 
-8  -56  -64 
-58  -16  -8 
-42  -44  44 
-32  -78  -36 
-6  -56  18 
8  28  20 
-42  -12  -2 
0  56  26 
40  30  -14 
-32  50  36 
-28  -24  66 
-32  -82  -42 
-42  -64  -34 
24  50  22 
-24  -44  -28 
-54  -50  12 
24  52  -10 
-10  -94  -28 
4  42  -32 
0  58  26 
-56  -8  -24 
-46  -42  -2 
-8  -44  46 
-46  -56  -2 

//Reference=MNI 
//nullstudy_48
//Subjects=9
-48  -22  -2 
-6  48  -10 
-18  -30  -12 

//Reference=MNI 
//nullstudy_49
//Subjects=11
-66  -18  -12 
-6  -6  40 
-2  -12  -36 
-34  -24  46 
-36  -86  -4 
-62  -14  -26 
-20  10  -8 
30  22  -38 
-8  -44  -54 
60  2  -12 
-54  8  -36 
-32  -38  52 
-62  -50  -14 
-40  -26  44 

//Reference=MNI 
//nullstudy_50
//Subjects=9
10  30  40 
34  34  -20 
-8  -38  -52 
4  4  -20 

//Reference=MNI 
//nullstudy_51
//Subjects=10
-50  -20  0 
-6  -64  -40 
0  22  -12 
-42  44  18 
-12  62  16 
-54  -46  36 

//Reference=MNI 
//nullstudy_52
//Subjects=10
44  18  22 
-34  -80  34 
56  6  4 
-12  -2  42 
-26  -14  54 

//Reference=MNI 
//nullstudy_53
//Subjects=10
-14  -16  70 
0  38  18 

//Reference=MNI 
//nullstudy_54
//Subjects=10
-24  50  38 
-44  -68  -14 
10  58  8 
-38  -46  42 
-66  -26  -18 
-28  -6  -50 
-24  -6  -40 

//Reference=MNI 
//nullstudy_55
//Subjects=8
-58  22  4 
-30  -74  -12 
10  52  4 

//Reference=MNI 
//nullstudy_56
//Subjects=11
-38  -34  14 
44  22  -28 
-8  60  28 
-58  -32  12 
-32  22  36 
26  36  42 
-8  -14  76 
-8  -86  -14 
34  60  -12 
14  8  10 
-34  -70  40 
34  36  -2 
-44  -40  46 
-32  -94  -14 
-18  -86  44 

//Reference=MNI 
//nullstudy_57
//Subjects=9
-48  -60  -8 
-14  4  12 
-42  -4  34 
-44  -16  14 

//Reference=MNI 
//nullstudy_58
//Subjects=11
24  38  54 
-8  12  66 
44  14  56 
18  8  -36 
-10  -32  80 
6  20  34 
-44  4  2 
36  14  -22 
54  36  14 
-40  -16  -4 
-32  12  34 
28  36  38 
36  50  12 
-40  2  36 
-42  -48  -14 
14  46  -12 
-30  -24  70 
-36  30  0 
-30  -54  38 
-68  -14  26 
-40  2  -18 
-28  24  -24 
-40  36  32 
-56  -32  -12 
8  64  -4 
-16  -12  74 

//Reference=MNI 
//nullstudy_59
//Subjects=10
-52  -12  26 
-28  -76  48 
32  24  -18 
-52  34  -12 
-46  -24  48 

//Reference=MNI 
//nullstudy_60
//Subjects=11
-34  -54  -6 
-48  22  -28 
-32  -62  -46 
-10  -100  16 
-52  -60  34 
-8  -82  -6 
-2  -86  2 
14  44  -24 

//Reference=MNI 
//nullstudy_61
//Subjects=10
-4  -38  46 
-56  -10  0 
-42  -20  36 
-6  -84  -32 

//Reference=MNI 
//nullstudy_62
//Subjects=11
-24  -2  -16 
-56  -70  14 
-14  -4  -4 
4  48  -22 
-28  -62  -48 
42  6  -36 
-34  -26  -30 
60  18  2 
-30  4  -22 
-34  -60  50 
-38  -52  -60 

//Reference=MNI 
//nullstudy_63
//Subjects=10
28  4  -36 
-20  34  52 
-20  32  42 
-24  -50  46 
-50  8  34 

//Reference=MNI 
//nullstudy_64
//Subjects=11
-16  -104  4 
20  20  46 
-26  14  40 
-22  -56  -56 
-18  -60  -12 
-12  -78  32 
-40  24  6 
-16  16  -6 
34  58  22 
10  12  56 

//Reference=MNI 
//nullstudy_65
//Subjects=12
-50  -22  32 
46  54  -10 
-26  -40  58 
-14  -50  4 
2  6  32 
-22  -84  -28 
-14  -56  -62 
-36  14  0 
-46  -2  -18 
-38  4  56 
-42  -74  14 
-40  14  -24 
-44  -66  30 

//Reference=MNI 
//nullstudy_66
//Subjects=12
58  4  -36 
-58  -60  2 
-44  -28  6 
36  60  10 
26  14  -38 
-26  -60  -62 
-18  -38  16 
28  2  -18 
-18  -24  -6 
0  36  -26 
-22  -88  6 
-14  -66  6 
-66  -16  8 
24  12  -4 
-50  4  0 
12  18  58 
34  6  52 
-20  30  32 
42  30  12 
-18  -54  -24 
-30  -84  -36 
-46  -64  14 
-18  -56  -32 
54  4  38 
-30  -62  -2 
-48  -72  -4 
-2  20  66 
32  16  -22 
-8  -86  -16 
-22  -42  2 
-28  -74  -36 
6  22  -16 
-58  -24  36 
30  22  -42 
-10  -14  52 
12  42  14 
-48  -10  44 
-22  0  68 
-28  4  -16 
-10  24  -24 
0  58  4 
-42  48  0 

//Reference=MNI 
//nullstudy_67
//Subjects=8
-50  -78  -14 
0  42  4 

//Reference=MNI 
//nullstudy_68
//Subjects=10
14  40  0 
-40  52  -12 
-38  -66  -8 
-26  -60  30 
-32  24  -20 
-4  -48  -66 

//Reference=MNI 
//nullstudy_69
//Subjects=9
-50  -24  34 
-34  14  24 
34  56  -12 
-38  -32  68 

//Reference=MNI 
//nullstudy_70
//Subjects=9
-56  -18  -8 
6  14  46 

//Reference=MNI 
//nullstudy_71
//Subjects=10
38  18  34 
-24  -48  12 
10  52  8 

//Reference=MNI 
//nullstudy_72
//Subjects=9
48  4  56 
-48  -36  36 
-62  -14  42 

//Reference=MNI 
//nullstudy_73
//Subjects=10
-16  8  56 
-12  -68  66 
-50  -28  58 
-6  -80  -2 
-2  2  60 
14  16  38 

//Reference=MNI 
//nullstudy_74
//Subjects=9
-34  26  -16 
54  8  34 
-26  -76  -28 

//Reference=MNI 
//nullstudy_75
//Subjects=11
-4  -82  28 
-40  -84  2 
-2  6  44 
-32  -6  54 
-38  4  -26 
-26  -26  -16 
-64  -26  24 
-18  -90  -16 
-64  -2  0 
-30  20  2 
-36  -68  -42 
48  2  -24 
-10  -72  -24 
-52  -12  6 

//Reference=MNI 
//nullstudy_76
//Subjects=9
-6  -24  -38 
-32  -98  -8 
-58  14  10 

//Reference=MNI 
//nullstudy_77
//Subjects=8
38  24  -10 
-26  50  6 

//Reference=MNI 
//nullstudy_78
//Subjects=8
-18  -38  62 
-48  2  -30 

//Reference=MNI 
//nullstudy_79
//Subjects=10
-16  -48  30 
-28  -80  -48 
-8  20  38 
-10  -26  74 
-30  -4  52 
10  56  -10 

//Reference=MNI 
//nullstudy_80
//Subjects=9
-18  -48  -14 
-4  0  34 
56  2  32 

//Reference=MNI 
//nullstudy_81
//Subjects=10
-52  -24  4 
-36  20  32 
-30  -54  -36 
-32  50  20 

//Reference=MNI 
//nullstudy_82
//Subjects=10
-26  -78  36 
-24  -86  10 
44  24  36 
-26  -48  -30 
-38  14  -8 

//Reference=MNI 
//nullstudy_83
//Subjects=12
-16  -40  -42 
-28  -58  0 
18  54  -12 
-30  -70  -12 
-24  -6  -6 
-34  -66  28 
10  4  -18 
-44  -40  22 
44  48  -14 
-24  -4  44 
20  40  -22 

//Reference=MNI 
//nullstudy_84
//Subjects=10
-38  -54  16 
-30  32  40 
-24  30  58 
44  26  -10 
10  8  8 
-48  -24  60 

//Reference=MNI 
//nullstudy_85
//Subjects=10
-50  -52  26 
-46  22  -18 
-20  -82  30 
-42  20  40 
0  30  -12 

//Reference=MNI 
//nullstudy_86
//Subjects=10
-30  26  -4 
34  24  12 
-54  -38  46 
-28  -48  42 
62  4  -26 
-20  -88  -28 
-54  -30  46 
12  20  -26 

//Reference=MNI 
//nullstudy_87
//Subjects=11
30  10  -32 
6  54  6 
-34  -88  16 
32  2  -16 
-22  -42  -44 
26  26  0 
-28  -50  -36 
16  14  -34 
-6  -40  28 
-12  28  2 
-44  -76  -30 
-14  -38  -18 
36  14  42 
-28  -38  -32 
-20  -54  72 
-54  -54  -44 
-16  -60  -54 

//Reference=MNI 
//nullstudy_88
//Subjects=12
-52  -6  -10 
50  16  32 
-28  -44  6 
-16  -82  -52 
-20  -96  16 
-10  -8  78 
48  48  4 
-20  -40  -40 
-22  -60  -60 
-12  14  8 
-24  -58  62 
-56  -56  42 
18  38  48 
-48  -38  58 
-38  46  34 
50  24  0 

//Reference=MNI 
//nullstudy_89
//Subjects=11
8  60  36 
-34  6  -14 
-44  -50  -48 
28  28  4 
18  56  -20 
-32  26  8 
-28  -90  26 
-18  22  46 
-42  56  0 
-28  -94  -16 

//Reference=MNI 
//nullstudy_90
//Subjects=10
-12  -76  -16 
-16  -18  8 

//Reference=MNI 
//nullstudy_91
//Subjects=8
-26  -24  -12 
-34  -44  -6 

//Reference=MNI 
//nullstudy_92
//Subjects=9
-10  -52  44 
-16  -58  -2 

//Reference=MNI 
//nullstudy_93
//Subjects=9
42  32  10 
-40  36  8 
-6  24  30 

//Reference=MNI 
//nullstudy_94
//Subjects=10
-14  48  0 
-30  -14  60 
-2  -62  24 
-28  58  -4 
-18  34  -12 
-44  34  26 

//Reference=MNI 
//nullstudy_95
//Subjects=8
10  34  40 
-38  54  24 

//Reference=MNI 
//nullstudy_96
//Subjects=10
-20  -56  16 
-52  -64  -12 
-32  -6  -6 

//Reference=MNI 
//nullstudy_97
//Subjects=9
0  8  -10 
-56  -48  -28 
-62  -54  -8 
6  50  38 

//Reference=MNI 
//nullstudy_98
//Subjects=12
26  16  -20 
-44  -16  20 
-2  -72  -40 
0  22  -6 
40  56  -6 
60  10  32 
-38  -16  -44 
-14  -44  6 
-26  48  10 
-30  -62  -42 
-42  -54  22 
-12  -18  4 
4  2  34 
-64  -16  40 
-24  -4  52 
-6  4  68 
-8  50  2 
54  28  30 
-4  -22  -18 
2  34  50 
-58  -24  20 
-18  4  60 
54  38  -2 
30  28  28 
18  54  -14 
52  44  -4 
-28  56  32 
-14  -32  0 
-48  -58  32 

//Reference=MNI 
//nullstudy_99
//Subjects=10
-18  -6  -24 
14  24  4 
-24  30  46 
16  38  54 
-8  -2  68 
-54  -26  -10 

//Reference=MNI 
//nullstudy_100
//Subjects=10
-26  12  -28 
6  44  56 
-44  -86  10 
18  44  -16 
-2  -30  -2 
-12  -96  -12 

