//Reference=MNI 
//truestudy_1
//Subjects=20
45  -67  -7 
47  -66  -8 
46  -65  -7 
47  -66  -6 
45  -65  -7 
47  -67  -4 

//Reference=MNI 
//truestudy_2
//Subjects=20
47  -64  -7 
46  -66  -5 
46  -64  -6 
45  -66  -6 

//Reference=MNI 
//truestudy_3
//Subjects=21
46  -66  -4 
46  -67  -7 
47  -66  -5 
47  -66  -6 
47  -66  -6 
47  -65  -5 
48  -67  -6 
45  -68  -7 
47  -67  -7 
46  -66  -6 
47  -67  -6 
47  -65  -7 
47  -64  -5 
46  -66  -6 
46  -67  -6 
45  -66  -7 

//Reference=MNI 
//nullstudy_1
//Subjects=20
58  10  -2 
-36  -46  54 
-42  34  -12 
-50  -24  24 
-32  20  -42 
-44  -48  36 

//Reference=MNI 
//nullstudy_2
//Subjects=20
-46  -50  -52 
-30  -56  44 
-14  -76  28 
10  42  -26 

//Reference=MNI 
//nullstudy_3
//Subjects=21
-24  6  6 
-42  48  12 
18  2  54 
-36  6  52 
38  12  62 
-24  -12  54 
-6  -36  76 
-6  8  -26 
-4  -50  32 
-22  34  -10 
-22  -44  18 
38  16  32 
-68  -36  30 
-68  -38  22 
-24  6  12 
-8  -74  -48 

//Reference=MNI 
//nullstudy_4
//Subjects=19
-16  -26  36 
-56  2  4 

//Reference=MNI 
//nullstudy_5
//Subjects=20
-56  -22  20 
-42  -28  10 
4  26  64 

//Reference=MNI 
//nullstudy_6
//Subjects=21
36  20  44 
-48  -40  -32 
-44  14  -42 
-30  -76  42 
-30  0  -44 
-20  -46  -16 
34  16  -26 
-12  56  -10 
-12  16  54 
38  32  22 
-56  -42  8 
-26  20  54 
-16  -86  -24 
-12  38  30 
-2  -30  80 

//Reference=MNI 
//nullstudy_7
//Subjects=21
-52  -16  40 
-32  -14  -20 
-38  -54  -56 
-30  -26  72 
-14  -34  -14 
60  6  2 
-26  50  26 
-24  -48  -22 
18  34  36 
10  8  -2 
-40  -14  52 
28  54  -8 
-10  -66  -20 
-28  -48  38 
-12  -66  64 
-32  -88  -8 
-38  -64  -30 
0  34  6 
-20  -44  6 
-6  -80  34 
-56  -12  -2 

//Reference=MNI 
//nullstudy_8
//Subjects=18
-40  -66  -42 
-40  -6  -16 

//Reference=MNI 
//nullstudy_9
//Subjects=19
-16  -46  -22 
-12  -46  72 

//Reference=MNI 
//nullstudy_10
//Subjects=21
14  54  -10 
-36  -66  -42 
-52  -62  -44 
-2  2  54 
-10  -62  48 
-36  2  14 
-4  -56  -2 

//Reference=MNI 
//nullstudy_11
//Subjects=20
-18  26  38 
-48  16  26 
-6  10  -16 

//Reference=MNI 
//nullstudy_12
//Subjects=21
-34  -92  18 
60  4  16 
-60  8  28 
-24  -32  62 
-18  2  -32 
-34  -56  46 
20  62  32 
28  40  32 
-32  6  36 

//Reference=MNI 
//nullstudy_13
//Subjects=20
34  8  66 
-14  64  -14 
-60  -54  14 
-38  -82  -32 
-62  -14  42 

//Reference=MNI 
//nullstudy_14
//Subjects=20
-20  36  36 
-22  -74  34 
14  50  -14 
-54  -32  16 
-6  -34  8 
-56  12  4 
36  34  -14 
-10  -20  -14 
-22  -90  14 
18  60  14 

//Reference=MNI 
//nullstudy_15
//Subjects=20
14  32  44 
-8  -38  -12 
54  16  34 
-28  -46  8 

//Reference=MNI 
//nullstudy_16
//Subjects=21
-18  68  0 
22  6  -8 
-6  -20  -40 
44  54  -2 
-48  -26  -24 
-18  -56  52 
-66  -22  -18 
-44  -28  4 
-2  14  36 
-42  -74  -2 
-38  44  32 
38  28  34 
-16  -50  54 
4  22  6 
-28  -64  -40 
-34  -68  -4 
20  10  72 
-2  -78  -2 
-38  -54  12 
8  26  60 
-44  -36  -22 

//Reference=MNI 
//nullstudy_17
//Subjects=21
-14  -52  34 
-22  -58  -54 
-34  6  6 
-54  -50  20 
-32  10  -12 
46  34  14 
-22  -24  -24 

//Reference=MNI 
//nullstudy_18
//Subjects=19
-12  8  -10 
44  20  4 
-12  8  6 

//Reference=MNI 
//nullstudy_19
//Subjects=20
44  44  24 
60  20  0 
8  66  28 
-44  20  26 
-10  -94  -4 

//Reference=MNI 
//nullstudy_20
//Subjects=20
-30  -18  -14 
-22  -70  -34 
-28  22  14 
8  16  16 
44  6  32 
-12  -26  62 
-46  -84  -14 
-12  22  52 
-52  -32  -14 

//Reference=MNI 
//nullstudy_21
//Subjects=20
30  56  30 
-34  58  22 
-2  26  42 
-20  -18  -30 
-34  2  -40 

//Reference=MNI 
//nullstudy_22
//Subjects=20
42  42  -4 
36  54  -4 
-56  24  24 
-8  28  42 
-26  -42  68 

//Reference=MNI 
//nullstudy_23
//Subjects=21
-38  -56  14 
-10  22  42 
-18  44  -18 
-32  12  -22 
-8  -4  -18 
-60  14  18 
-2  -56  44 
-16  34  54 
18  14  -26 
-8  18  56 

//Reference=MNI 
//nullstudy_24
//Subjects=21
-18  68  10 
-24  -62  46 
-4  -50  66 
-26  -56  -12 
-24  -44  -26 
-66  -32  -16 
-8  -62  68 
-6  -32  -14 
2  8  -6 
-18  -42  62 
-24  -54  -62 
36  38  12 
-46  -50  40 
-30  2  40 
56  22  30 
-26  -52  -54 
-28  -72  -38 
-26  -42  -58 
-40  -80  -42 
-22  -68  40 
-12  -90  -34 
-32  -16  70 
12  8  18 
-62  -28  -26 
-68  -22  18 
-60  -46  -26 
-48  -14  32 
-18  -58  52 
-60  -40  50 
46  14  20 

//Reference=MNI 
//nullstudy_25
//Subjects=21
-22  -60  -24 
-18  -88  32 
-14  -44  -52 
-48  -34  22 
62  6  30 
28  4  8 
-4  -20  6 
-32  8  36 
-46  -64  -22 
26  14  -10 
64  4  30 
8  2  66 
-54  10  22 
18  50  18 
2  14  52 
-40  -4  -34 
-16  -80  -22 
10  22  62 
-30  -44  -40 
-44  32  38 
-10  -56  -18 
-10  18  16 
8  8  -26 
-22  -96  26 
-32  -54  42 
-48  -26  -28 
-56  -2  -28 
14  68  -8 
-2  -36  42 
-18  -44  -32 
-24  26  48 
16  12  12 
-6  -52  50 
-46  -62  -24 
8  12  54 
-12  -70  -12 
-50  -4  -22 
-14  -52  -2 
-28  -26  -22 
-10  20  6 

//Reference=MNI 
//nullstudy_26
//Subjects=21
-22  8  -18 
-22  42  44 
-32  -10  -6 
-50  12  36 
-30  -48  -52 
-54  -52  -40 
-4  -88  10 
54  34  0 
20  22  -18 
34  22  -16 
-36  24  -22 
-34  52  14 
-40  -40  36 
12  10  2 
-10  -26  -12 
-10  -88  20 
-32  -56  52 
-6  -6  58 
-36  16  42 

//Reference=MNI 
//nullstudy_27
//Subjects=18
14  30  22 
14  34  -16 

//Reference=MNI 
//nullstudy_28
//Subjects=21
46  2  48 
-10  22  -24 
4  10  18 
-12  18  -4 
-70  -36  10 
-66  -42  -22 
-30  -54  -20 
-8  -8  2 
-16  -60  48 

//Reference=MNI 
//nullstudy_29
//Subjects=19
-4  -70  34 
-26  16  -34 

//Reference=MNI 
//nullstudy_30
//Subjects=21
0  2  2 
-16  34  38 
30  32  50 
8  4  38 
-4  -70  4 
-48  2  32 
-6  -96  20 
22  14  -28 
-16  -4  -42 

//Reference=MNI 
//nullstudy_31
//Subjects=20
58  10  -24 
38  40  -18 

//Reference=MNI 
//nullstudy_32
//Subjects=20
38  6  -6 
-36  -26  12 
-30  20  -10 
-26  58  -18 
-44  -70  26 
-2  44  24 

//Reference=MNI 
//nullstudy_33
//Subjects=19
-2  -64  -18 
-16  -64  -44 
-2  20  50 

//Reference=MNI 
//nullstudy_34
//Subjects=19
64  10  12 
22  30  -24 
-32  -36  -12 

//Reference=MNI 
//nullstudy_35
//Subjects=20
2  8  -14 
-10  -10  -26 
-30  -76  42 
-32  -72  -46 

//Reference=MNI 
//nullstudy_36
//Subjects=18
-22  12  -4 
-32  6  52 

//Reference=MNI 
//nullstudy_37
//Subjects=19
-14  -56  30 
30  2  -2 

//Reference=MNI 
//nullstudy_38
//Subjects=20
-38  -54  8 
-12  -88  6 
-66  -34  -22 
-34  4  -32 
-44  -58  -18 
-48  -84  12 
36  8  -26 
-20  -82  -34 
54  16  4 

//Reference=MNI 
//nullstudy_39
//Subjects=19
-32  -12  6 
-30  52  8 

//Reference=MNI 
//nullstudy_40
//Subjects=20
-18  20  -18 
16  42  52 
42  12  -6 
12  2  -38 

//Reference=MNI 
//nullstudy_41
//Subjects=21
-40  4  -36 
-18  44  32 
-2  -32  -26 
4  64  10 
16  2  -42 
-54  -76  -2 
44  4  2 
-28  -62  64 

//Reference=MNI 
//nullstudy_42
//Subjects=20
-10  -58  -6 
-4  -54  24 
22  2  -46 
-10  -46  74 

//Reference=MNI 
//nullstudy_43
//Subjects=21
-14  -74  20 
-10  22  60 
-24  8  46 
-30  28  -4 
-62  -18  -14 
-20  -22  -30 
-8  48  4 
14  24  2 
-16  -88  40 

//Reference=MNI 
//nullstudy_44
//Subjects=20
-4  -60  -46 
-38  -4  18 
-32  -56  58 
-34  -90  28 
14  8  70 

//Reference=MNI 
//nullstudy_45
//Subjects=21
-24  -2  0 
-54  2  -40 
10  68  22 
-32  -8  56 
-56  -44  40 
-36  -34  18 
-48  -38  6 
30  28  50 
2  10  42 
-34  6  14 
-20  24  50 
-10  -46  56 
-4  -56  50 
-4  -88  2 
-20  -52  -46 
-20  -18  -22 
-44  2  52 

//Reference=MNI 
//nullstudy_46
//Subjects=19
-20  -12  -42 
8  56  36 
-34  -78  -46 

//Reference=MNI 
//nullstudy_47
//Subjects=19
42  44  -16 
38  10  -48 

//Reference=MNI 
//nullstudy_48
//Subjects=22
-48  44  12 
-26  -10  54 
-56  16  26 
-42  2  0 
-12  -6  76 
-48  -62  -10 
28  32  -20 
-34  -12  -8 
-40  32  24 
10  52  6 
-26  -72  22 
38  18  -20 
60  12  34 
-26  32  -8 
18  12  62 
-2  -72  -26 
-14  -68  32 
-16  2  -16 
-28  -16  -4 

//Reference=MNI 
//nullstudy_49
//Subjects=19
-44  -46  -16 
60  4  30 

//Reference=MNI 
//nullstudy_50
//Subjects=21
-24  64  8 
48  42  -16 
-58  -58  -20 
-32  -62  -58 
-24  22  -8 
-32  -10  -12 
-62  -56  28 
-10  -12  -10 
-28  -46  4 
-20  44  -20 
32  4  -36 
-18  -52  -44 
48  26  -12 
-32  18  -24 
-50  4  34 
-20  48  28 
-46  -26  4 
-28  4  -16 
-42  6  22 

//Reference=MNI 
//nullstudy_51
//Subjects=22
-40  -42  -42 
-24  24  50 
-58  -44  28 
-4  -48  -2 
24  46  22 
48  2  -34 
-40  -40  -26 
32  22  -36 
14  52  -10 
-32  42  -18 
-46  2  -4 
-46  -6  -6 
32  14  -40 
-40  -72  32 
36  40  0 
-44  0  20 
-58  6  12 
-22  -12  74 
-46  -50  42 
-42  -50  -28 
-64  -8  -20 
-36  -52  -36 
18  60  -18 
30  4  54 
-46  28  -14 
-46  14  28 
-64  -46  6 
-10  52  -24 
-30  -96  2 
-14  -90  -22 
6  14  -4 
-36  -84  4 
-42  0  16 
-4  -42  -64 
-24  38  52 

//Reference=MNI 
//nullstudy_52
//Subjects=20
-2  52  -12 
-58  -60  -26 
-2  28  60 
12  64  -20 
12  2  -12 
16  16  -6 
-36  -74  8 

//Reference=MNI 
//nullstudy_53
//Subjects=19
-8  16  42 
-38  18  48 
-44  28  -4 

//Reference=MNI 
//nullstudy_54
//Subjects=21
-6  -16  -34 
-36  10  40 
-10  -76  -2 
-26  -58  -6 
32  36  50 
42  2  -32 
-40  -56  0 
4  36  -24 
-50  -54  46 
-20  -40  -30 
-22  -72  -6 
2  52  -14 
-2  -24  66 
-16  -40  -54 
-32  -68  -48 
-2  -28  -32 
-54  -24  48 
-48  -16  46 

//Reference=MNI 
//nullstudy_55
//Subjects=20
4  14  40 
30  56  -10 
-28  0  12 
-32  -42  34 
-20  22  46 
-14  -78  -42 

//Reference=MNI 
//nullstudy_56
//Subjects=21
-14  -2  18 
-26  -10  58 
-16  -46  4 
-10  24  40 
-50  -56  -14 
-2  -30  -12 
-18  2  -16 
44  14  -16 

//Reference=MNI 
//nullstudy_57
//Subjects=20
-48  -58  -38 
44  24  6 
-36  18  8 
2  64  26 
36  14  6 
2  48  2 
-42  -54  -54 
-32  30  -2 
-8  58  32 

//Reference=MNI 
//nullstudy_58
//Subjects=21
46  34  -8 
-8  58  40 
-54  -46  -24 
-18  -34  72 
46  8  -20 
-62  -36  30 
-28  -68  34 
12  14  72 
-4  -48  14 
50  10  50 
-52  -20  -32 

//Reference=MNI 
//nullstudy_59
//Subjects=20
14  52  42 
-40  -18  34 
-6  20  -28 
8  36  26 
36  24  -30 
-54  -56  -24 

//Reference=MNI 
//nullstudy_60
//Subjects=20
-2  8  2 
-54  -48  26 
-18  -80  -10 
6  20  18 
-14  -82  -6 

//Reference=MNI 
//nullstudy_61
//Subjects=20
-34  -94  10 
-30  -36  0 
-40  -20  -38 
-10  -62  44 
-2  -2  8 

//Reference=MNI 
//nullstudy_62
//Subjects=19
16  20  -10 
-24  -68  38 
50  6  -22 

//Reference=MNI 
//nullstudy_63
//Subjects=22
-40  -50  -22 
10  38  44 
52  12  -22 
42  18  38 
-46  -4  8 
8  32  32 
50  8  -4 
-52  -44  -24 
-8  30  20 
42  6  -46 
-24  -80  32 
-38  36  -18 
-26  10  -2 
-8  64  10 
-32  42  2 
32  18  -38 
-36  -38  -38 
-6  46  42 
26  26  56 
-42  -38  66 
-24  -54  66 
-6  34  12 
-4  6  34 

//Reference=MNI 
//nullstudy_64
//Subjects=20
-26  -50  -14 
-24  -30  -36 
-34  -64  60 
-28  -56  -18 
-34  -58  -42 

//Reference=MNI 
//nullstudy_65
//Subjects=20
48  20  18 
-30  -92  10 
-34  -88  -20 
-32  -22  66 

//Reference=MNI 
//nullstudy_66
//Subjects=20
6  8  66 
-54  2  20 
-8  -88  10 
-56  20  26 

//Reference=MNI 
//nullstudy_67
//Subjects=19
-2  -48  52 
-56  -42  -2 

//Reference=MNI 
//nullstudy_68
//Subjects=20
-4  -20  36 
-28  -48  -52 
-14  26  0 
12  50  24 
-22  8  -30 
-24  -2  70 

//Reference=MNI 
//nullstudy_69
//Subjects=19
-20  -32  -20 
-40  -32  -24 

//Reference=MNI 
//nullstudy_70
//Subjects=19
-56  -12  30 
-18  44  34 
-34  8  42 

//Reference=MNI 
//nullstudy_71
//Subjects=22
-48  -66  -34 
-24  22  -4 
-12  70  8 
24  22  54 
-4  -40  0 
-4  52  -6 
-12  -94  30 
-32  38  18 
-26  -10  -34 
24  34  -12 
62  10  16 
-32  44  -14 
-60  -54  -28 
-50  -8  -28 
20  44  -18 
-32  -74  36 

//Reference=MNI 
//nullstudy_72
//Subjects=20
-12  30  36 
-66  -18  26 
-2  -32  6 
-26  -56  -40 
26  22  54 
-24  -62  26 
-46  46  4 

//Reference=MNI 
//nullstudy_73
//Subjects=21
40  26  42 
-52  -10  -6 
-34  -34  52 
-32  -52  -28 
-8  -18  76 
-30  -70  -4 
-10  48  0 
28  30  -20 
-46  -20  32 
-8  -66  22 
-8  16  58 

//Reference=MNI 
//nullstudy_74
//Subjects=20
38  18  2 
-34  18  -16 
-68  -46  10 
-2  -102  6 
10  6  20 
24  6  10 

//Reference=MNI 
//nullstudy_75
//Subjects=21
-22  -78  38 
-4  -24  -28 
4  42  32 
-4  -74  -22 
-2  -46  2 
-40  -4  2 
-38  10  30 
-16  36  54 
-40  -88  -8 
-18  -60  -50 
-30  -80  4 
-40  20  18 
-46  -38  -32 
-58  -4  -14 

//Reference=MNI 
//nullstudy_76
//Subjects=20
34  12  -20 
-2  -100  12 
30  12  -42 
28  14  -22 
-32  -96  -6 
-52  -64  -38 
26  56  34 

//Reference=MNI 
//nullstudy_77
//Subjects=20
-30  12  4 
4  32  46 
-32  -50  48 
-8  60  16 
-6  -80  -46 
-22  40  40 

//Reference=MNI 
//nullstudy_78
//Subjects=19
-32  54  30 
-60  -10  -20 
-4  -64  4 
12  20  -6 

//Reference=MNI 
//nullstudy_79
//Subjects=19
14  24  60 
-4  2  72 
-60  2  4 
-12  40  28 

//Reference=MNI 
//nullstudy_80
//Subjects=22
-54  -32  50 
-32  -32  -30 
-16  -66  -50 
12  6  72 
-44  -48  -12 
-42  -12  -2 
-6  -60  -22 
-4  -78  -16 
60  20  26 
-52  -70  28 
-46  -66  -8 
24  42  46 
-36  42  -12 
-36  -80  -30 
-10  -34  -36 
-24  50  -2 
-18  14  -14 
50  2  34 
-24  -38  -34 
44  16  14 
-54  6  -18 
-46  -36  46 
28  62  24 
-12  -30  38 
-26  -60  -46 
58  30  -2 
-24  -26  -12 
44  4  44 
-34  26  -28 
52  16  -22 
-20  -40  -40 
-50  -70  40 
-2  56  14 

//Reference=MNI 
//nullstudy_81
//Subjects=20
-10  -60  -56 
-8  -20  12 
-44  -28  8 
-14  2  -6 

//Reference=MNI 
//nullstudy_82
//Subjects=20
-50  -62  -46 
-8  48  52 
-8  -28  48 
-42  -14  32 
-26  -54  -42 

//Reference=MNI 
//nullstudy_83
//Subjects=19
-4  26  52 
34  40  -18 
-40  22  -4 

//Reference=MNI 
//nullstudy_84
//Subjects=19
-60  -58  -8 
38  36  36 
-16  18  -24 
-20  20  46 

//Reference=MNI 
//nullstudy_85
//Subjects=19
10  18  -16 
-18  62  -18 

//Reference=MNI 
//nullstudy_86
//Subjects=19
28  16  0 
0  54  8 

//Reference=MNI 
//nullstudy_87
//Subjects=21
-64  -10  14 
-8  -48  12 
-32  -18  -20 
-10  -30  -36 
8  22  22 
14  56  32 
14  2  50 
-10  -82  40 
-10  -72  -14 
12  44  40 

//Reference=MNI 
//nullstudy_88
//Subjects=21
-4  52  -4 
14  60  36 
20  22  -4 
-12  -6  16 
48  4  -12 
-30  -66  -2 
-52  -2  18 
36  16  14 
2  18  18 
40  24  40 

//Reference=MNI 
//nullstudy_89
//Subjects=20
10  40  34 
-14  12  -4 
-36  12  -24 
-2  -20  -22 

//Reference=MNI 
//nullstudy_90
//Subjects=21
-68  -20  14 
-40  46  4 
-14  50  -12 
-20  -62  16 
-30  44  -8 
-38  -34  38 
-36  -66  -4 
46  44  20 
-62  -16  12 
12  2  -16 
-30  -60  58 
44  46  -6 
-18  4  74 
-30  -4  -38 
-6  -94  22 
-40  -34  60 
-30  -26  -12 
-50  -68  -30 
-42  -56  48 
44  20  -8 
-54  -6  0 
-60  -30  -6 

//Reference=MNI 
//nullstudy_91
//Subjects=20
-44  20  36 
-8  -8  70 
-4  -2  -16 
12  20  54 
-16  20  -10 
-42  -24  -18 
30  12  -4 
-50  22  26 
-36  -44  48 

//Reference=MNI 
//nullstudy_92
//Subjects=21
-12  -78  12 
34  10  62 
38  26  46 
48  20  24 
-4  -40  -62 
20  58  -4 
-26  -66  -32 
-18  -100  -10 
-24  10  58 
-18  -36  4 
-14  48  -14 

//Reference=MNI 
//nullstudy_93
//Subjects=20
-4  -56  -12 
-38  -4  48 
-12  -50  60 
-28  -74  24 
-46  -24  48 
-30  -98  8 
32  52  12 
30  44  26 
8  42  26 
22  60  14 
-22  42  -16 

//Reference=MNI 
//nullstudy_94
//Subjects=20
-14  -74  52 
-32  -68  54 

//Reference=MNI 
//nullstudy_95
//Subjects=21
54  6  8 
-40  16  10 
18  16  52 
-20  -40  -22 
10  46  -2 
-22  -6  -30 
-36  2  2 
-38  48  -12 
-14  -48  -54 
48  40  12 
-8  -84  6 
-6  -72  -46 
-54  2  12 
-42  -72  14 
50  28  24 
36  12  32 
54  28  4 
-2  46  30 
28  62  24 
-48  30  -14 
-46  -26  34 
-42  16  12 
-20  -78  -4 
-54  -48  -28 
-36  56  4 
-2  8  -14 
-24  -4  -38 
-56  -22  24 
36  48  -4 
40  4  0 

//Reference=MNI 
//nullstudy_96
//Subjects=20
0  4  32 
60  10  -8 
-46  -6  52 
-26  6  6 

//Reference=MNI 
//nullstudy_97
//Subjects=21
-66  -34  -2 
-22  48  42 
6  38  50 
22  56  26 
-60  -22  18 
52  36  -14 
20  56  32 
-8  6  -30 
0  20  -22 
-10  -16  -12 
8  70  2 
22  20  -36 
-46  -50  -18 

//Reference=MNI 
//nullstudy_98
//Subjects=19
-2  -62  -58 
-4  42  18 

//Reference=MNI 
//nullstudy_99
//Subjects=20
-20  -92  -10 
32  42  20 
-26  -70  50 
-14  -40  2 
-42  -26  12 
40  4  32 

//Reference=MNI 
//nullstudy_100
//Subjects=20
8  40  48 
-50  30  4 
-28  50  -2 
-24  -66  8 
-18  40  52 
8  22  2 

