//Reference=MNI 
//truestudy_1
//Subjects=20
47  -65  -5 
46  -68  -5 
46  -68  -6 
46  -67  -3 
45  -65  -5 
47  -67  -8 
46  -66  -6 
48  -65  -5 

//Reference=MNI 
//truestudy_2
//Subjects=18
44  -67  -6 
46  -66  -6 

//Reference=MNI 
//truestudy_3
//Subjects=20
46  -66  -6 
48  -68  -6 
45  -65  -6 
45  -65  -7 
48  -66  -6 
46  -63  -7 

//Reference=MNI 
//nullstudy_1
//Subjects=20
10  58  40 
-40  -80  36 
-46  -4  -6 
62  20  14 
-42  -54  -58 
-20  22  40 
-14  -48  44 
-16  -32  24 

//Reference=MNI 
//nullstudy_2
//Subjects=18
-38  -76  -50 
20  60  -6 

//Reference=MNI 
//nullstudy_3
//Subjects=20
-2  -86  18 
4  22  54 
-64  -18  -20 
-26  -70  -22 
22  22  40 
-36  2  0 

//Reference=MNI 
//nullstudy_4
//Subjects=20
-52  -6  -22 
-22  52  2 
-50  -36  -20 
-10  12  60 
-16  24  -22 
-14  -52  -62 
-12  -64  -46 
-22  46  40 
-46  -42  18 
-38  34  42 
-26  -58  -44 

//Reference=MNI 
//nullstudy_5
//Subjects=21
-16  -46  56 
-56  -40  18 
-34  38  -6 
-46  -58  30 
-20  -84  8 
58  16  20 
-14  0  22 
40  34  -20 
54  44  -2 
-22  -66  62 
-4  8  -10 
34  26  -32 

//Reference=MNI 
//nullstudy_6
//Subjects=20
-22  -32  -38 
-46  -78  28 
-20  -96  2 
-14  22  -18 
20  22  58 
-34  -32  18 
-32  -22  -26 

//Reference=MNI 
//nullstudy_7
//Subjects=19
-36  -66  -18 
-2  -60  -32 
-10  -20  2 

//Reference=MNI 
//nullstudy_8
//Subjects=21
30  4  -12 
-10  -46  -52 
18  40  44 
-8  -70  36 
44  4  -28 
-10  -14  10 
-46  -42  34 
10  2  -4 
-22  -38  -28 
-18  -8  62 

//Reference=MNI 
//nullstudy_9
//Subjects=20
-26  -48  -4 
-32  -48  -2 
-40  12  0 
-24  -50  52 
-38  18  44 
-52  -68  38 
-2  -28  -18 
-28  -56  34 
-60  -26  -16 
-42  14  -38 
-26  0  44 
-62  -6  -30 
-54  14  36 
22  4  -14 

//Reference=MNI 
//nullstudy_10
//Subjects=21
-24  -26  70 
-32  -12  0 
-52  -12  -20 
-34  -14  -42 
-16  -4  68 
-2  -70  -28 
-8  28  32 

//Reference=MNI 
//nullstudy_11
//Subjects=20
-24  -78  16 
16  8  -34 
8  24  34 
-56  -18  -2 
-24  -60  -36 
-36  52  4 

//Reference=MNI 
//nullstudy_12
//Subjects=20
-16  60  -2 
48  22  -10 
-2  -92  0 
-58  -6  6 
-6  10  -30 
18  70  14 
38  2  42 
12  48  38 
-14  50  -10 
-12  -64  42 
30  22  12 
-42  -64  -16 
-26  -84  18 
-8  42  -26 
-20  -32  -4 
-62  -20  28 
-58  -54  12 

//Reference=MNI 
//nullstudy_13
//Subjects=20
-64  -54  24 
-58  -42  22 
-30  -26  72 
-52  -14  0 

//Reference=MNI 
//nullstudy_14
//Subjects=22
12  40  -20 
52  38  8 
-2  -66  -34 
-16  -104  -10 
-52  -44  50 
-60  0  8 
-8  32  -6 
-20  -54  -8 
24  26  -20 
-62  -60  -12 

//Reference=MNI 
//nullstudy_15
//Subjects=21
-12  -82  18 
-12  -56  -60 
-42  16  38 
34  18  -28 
-28  22  8 

//Reference=MNI 
//nullstudy_16
//Subjects=20
-44  18  -24 
-26  -74  -48 
-56  -54  -36 
-6  -46  -18 
36  14  -20 
-46  -34  40 
-24  -28  66 
-12  14  -2 
-44  -2  36 
-54  8  42 
-6  38  50 
-44  -4  38 
-2  28  52 
-52  -4  44 
56  8  16 
-10  -22  78 
48  28  -2 
-48  -70  42 
-10  18  58 

//Reference=MNI 
//nullstudy_17
//Subjects=21
44  16  42 
-14  -16  14 
-54  -72  28 
-46  -12  -16 
-40  -72  -12 
-12  -26  -8 
-40  -20  34 
-30  -32  -10 
-16  28  8 
-14  -48  -24 
-40  -40  48 
-16  -44  -28 
-34  42  26 
-36  -40  -40 
-18  -98  24 
-4  -14  -16 
36  22  0 
62  2  10 
-36  -28  -8 
-40  -10  10 
-60  -18  -18 
-40  -24  56 
-38  -6  -36 
-58  -36  -14 
-34  -74  26 
36  2  -18 
20  16  60 
-40  -58  -50 
20  52  30 

//Reference=MNI 
//nullstudy_18
//Subjects=20
-44  -48  -56 
-8  30  42 
-18  -22  -22 
12  26  2 
-42  -32  64 
-64  -8  -10 
-50  2  32 

//Reference=MNI 
//nullstudy_19
//Subjects=19
-38  -34  -8 
48  32  18 
-50  -70  -22 
22  14  2 
-50  -68  -2 
38  24  24 
-16  6  70 
-22  26  52 
-34  -90  26 
12  10  4 
-22  -78  16 
-28  -98  -14 
-12  -46  36 
18  8  -28 
-60  -12  -34 
-26  8  56 
-50  -30  -10 

//Reference=MNI 
//nullstudy_20
//Subjects=19
-2  -92  16 
50  30  14 
-54  -60  -16 

//Reference=MNI 
//nullstudy_21
//Subjects=20
56  10  6 
-6  -2  10 
-8  -86  -32 

//Reference=MNI 
//nullstudy_22
//Subjects=21
-56  -26  54 
-30  44  4 

//Reference=MNI 
//nullstudy_23
//Subjects=21
-36  -66  -44 
-44  -54  4 
-42  -62  40 
14  6  -22 
-56  -20  -16 

//Reference=MNI 
//nullstudy_24
//Subjects=21
-58  -24  48 
-34  -52  -30 
-2  -46  8 
-26  -2  70 
-34  -26  -20 
-30  54  26 
-62  -32  -30 
-60  -12  -36 
26  56  16 
-2  -8  6 
-16  -68  32 
-4  44  -18 
-6  -58  12 
42  6  14 
0  46  -30 
-30  4  58 

//Reference=MNI 
//nullstudy_25
//Subjects=19
30  66  -2 
-28  -70  -18 
-60  -12  -18 
-46  -42  24 
-60  -2  32 
-40  -74  44 
-44  4  50 
-28  58  22 
-12  -72  30 
12  46  -10 

//Reference=MNI 
//nullstudy_26
//Subjects=18
40  22  -20 
-48  -28  6 
-42  18  -30 
-38  -84  14 
-10  -58  -2 
-4  -70  58 
-42  30  26 
38  24  -28 
-20  -50  -36 
-14  -24  44 

//Reference=MNI 
//nullstudy_27
//Subjects=19
-8  -72  32 
40  14  38 

//Reference=MNI 
//nullstudy_28
//Subjects=20
-18  -18  72 
34  38  44 

//Reference=MNI 
//nullstudy_29
//Subjects=19
-50  42  -14 
-36  -80  42 

//Reference=MNI 
//nullstudy_30
//Subjects=19
-38  -60  60 
-44  -66  -38 
-38  -6  2 
-28  40  36 
2  24  16 
-6  -64  -26 
30  64  2 
-48  -48  18 
40  2  -42 
62  18  10 
-24  16  -22 

//Reference=MNI 
//nullstudy_31
//Subjects=21
-10  -30  58 
-2  -90  -30 

//Reference=MNI 
//nullstudy_32
//Subjects=20
-48  10  46 
-56  14  10 

//Reference=MNI 
//nullstudy_33
//Subjects=20
-34  -72  -38 
-26  -86  16 
-66  -34  -6 
-2  -48  -54 
-2  -12  74 
14  42  50 
-24  60  -4 
-12  -44  70 

//Reference=MNI 
//nullstudy_34
//Subjects=20
-34  -6  -34 
-22  -2  -32 
48  16  -14 

//Reference=MNI 
//nullstudy_35
//Subjects=20
-28  -68  -10 
60  4  -2 
-24  -68  -18 
-14  16  66 

//Reference=MNI 
//nullstudy_36
//Subjects=19
-6  -28  80 
-48  -12  58 
-22  2  58 
0  62  22 
-8  -46  -64 

//Reference=MNI 
//nullstudy_37
//Subjects=21
-60  -52  -24 
-12  -80  36 
46  10  12 
-56  -22  -30 
-28  -82  -50 
-8  -80  42 

//Reference=MNI 
//nullstudy_38
//Subjects=22
-16  -16  -30 
-48  -42  -34 
-8  -66  32 

//Reference=MNI 
//nullstudy_39
//Subjects=20
-32  24  56 
-44  6  18 
-18  -32  74 
-6  -106  0 
-4  -30  6 
-18  -88  10 
-60  -40  2 
30  2  58 
-38  -6  -6 
-18  14  58 
-4  -38  44 

//Reference=MNI 
//nullstudy_40
//Subjects=20
-38  -84  -24 
-32  -78  -10 
-38  16  -44 
-34  -66  48 
-28  42  36 
-32  -34  62 
-36  0  -38 
-4  26  36 
-10  -52  22 
-44  -30  40 
-68  -50  4 
-28  -96  -18 
22  56  -4 
-10  -22  76 
38  30  16 
40  54  24 
48  18  44 

//Reference=MNI 
//nullstudy_41
//Subjects=20
-8  36  0 
54  26  -10 
-28  -36  42 
-54  2  28 
-10  12  8 
-14  -96  12 

//Reference=MNI 
//nullstudy_42
//Subjects=19
-38  -32  64 
34  10  -46 
-24  -18  -10 
-42  -38  36 
-26  -48  -38 
-16  18  62 

//Reference=MNI 
//nullstudy_43
//Subjects=22
-2  -30  -42 
36  36  16 
-2  32  60 
-32  -16  40 

//Reference=MNI 
//nullstudy_44
//Subjects=21
-32  -16  -6 
-64  -46  0 
0  28  64 

//Reference=MNI 
//nullstudy_45
//Subjects=20
-40  -26  20 
-60  -24  -18 
-42  26  24 
-28  -2  62 
-18  30  48 
-18  -60  40 
6  34  40 
12  72  2 
30  20  2 
-18  -36  -2 
-18  -60  -12 

//Reference=MNI 
//nullstudy_46
//Subjects=19
-58  -28  20 
-26  -68  42 
-8  56  44 
-4  -16  38 
8  28  22 
2  66  26 
-62  -36  -8 
-32  -60  38 
-44  -70  -8 
-10  60  -4 
-20  -74  -34 
-6  -84  -40 
38  52  -6 

//Reference=MNI 
//nullstudy_47
//Subjects=19
8  4  48 
36  48  26 
-2  6  -8 
-28  -78  -26 

//Reference=MNI 
//nullstudy_48
//Subjects=19
12  70  -2 
26  26  -24 
-4  -62  14 

//Reference=MNI 
//nullstudy_49
//Subjects=20
-24  -78  46 
-26  -60  -40 

//Reference=MNI 
//nullstudy_50
//Subjects=20
-24  -94  0 
-42  -66  32 
28  40  40 

//Reference=MNI 
//nullstudy_51
//Subjects=21
-12  2  58 
12  18  -8 
-18  -10  -26 
-42  -8  -48 
48  22  -18 
48  6  30 

//Reference=MNI 
//nullstudy_52
//Subjects=19
-22  -88  -22 
-42  -38  50 
-14  -44  -20 
-62  -18  22 
-20  16  0 
-40  -20  60 

//Reference=MNI 
//nullstudy_53
//Subjects=21
-46  -16  56 
32  64  10 
-12  16  -20 
-20  -78  -38 
12  2  -2 
16  32  46 
-28  -44  64 
-52  -52  6 
-36  58  -6 

//Reference=MNI 
//nullstudy_54
//Subjects=20
-2  -8  48 
30  20  -20 

//Reference=MNI 
//nullstudy_55
//Subjects=21
-20  28  32 
-48  -14  -26 
-16  -44  48 
40  58  16 
10  72  2 
-36  -60  -22 
-32  -18  38 
10  18  44 
42  18  28 
46  46  2 

//Reference=MNI 
//nullstudy_56
//Subjects=20
-26  32  48 
-44  46  24 
-2  34  16 
-22  -90  4 
34  24  -2 
-48  -66  10 
2  6  -26 
-48  -34  6 
-10  -56  22 
58  4  -34 
32  40  6 

//Reference=MNI 
//nullstudy_57
//Subjects=19
0  50  34 
-46  -44  24 
-56  -52  -40 
-4  -20  68 
-66  -26  4 

//Reference=MNI 
//nullstudy_58
//Subjects=20
-36  60  -2 
-8  18  -6 
-2  -100  6 
-26  -66  -6 
-20  -86  26 
14  60  -6 
-52  -20  -22 
10  14  -8 
-44  42  8 
-60  -2  8 

//Reference=MNI 
//nullstudy_59
//Subjects=21
-26  30  26 
-20  -10  60 
-8  -48  -40 
-26  -86  -46 
-8  -18  14 

//Reference=MNI 
//nullstudy_60
//Subjects=20
58  8  4 
-18  28  48 
-6  12  -2 
2  30  54 

//Reference=MNI 
//nullstudy_61
//Subjects=20
-2  28  62 
-14  -30  78 
-22  -60  12 
10  2  14 
4  28  18 
-32  50  -6 

//Reference=MNI 
//nullstudy_62
//Subjects=21
-40  -48  -10 
8  52  22 
62  6  16 
-66  -24  8 
-54  4  14 
-46  -32  62 
58  22  2 
-12  42  20 
-50  -30  30 
-36  -94  10 
26  52  -16 

//Reference=MNI 
//nullstudy_63
//Subjects=21
32  58  -14 
18  26  6 
-20  -80  -22 
16  8  -42 
-28  16  46 

//Reference=MNI 
//nullstudy_64
//Subjects=21
-50  -34  32 
-52  -38  34 
2  62  -20 
-62  -54  -10 
-46  -48  4 

//Reference=MNI 
//nullstudy_65
//Subjects=21
-14  -32  24 
-42  46  -10 
-26  -80  18 
-16  -46  34 
-40  -38  -36 
-12  -18  76 
-46  8  -40 
18  14  -18 
-44  4  18 
-8  -42  -12 
-38  -38  62 
-28  -40  56 
-24  -10  10 

//Reference=MNI 
//nullstudy_66
//Subjects=20
-42  10  -2 
-12  -24  8 
54  8  12 
8  56  32 
-64  -30  -14 
-46  -48  -24 
-56  -36  -8 
-14  64  -16 

//Reference=MNI 
//nullstudy_67
//Subjects=19
0  44  48 
-50  -28  30 
-26  4  -12 
-6  -50  -2 
-12  56  16 
-6  8  14 
-18  -36  40 
-16  54  16 
-48  -54  38 
-30  -26  66 
-34  -28  -6 
-22  -2  12 
58  6  20 
0  44  -4 

//Reference=MNI 
//nullstudy_68
//Subjects=19
-26  -86  -40 
8  48  -30 
-44  -62  -26 
6  42  6 
-12  10  62 
-30  36  22 
-52  -40  -16 
-26  -50  14 
-40  52  12 
-26  -54  10 
-12  -50  30 
-32  -54  46 

//Reference=MNI 
//nullstudy_69
//Subjects=21
-10  62  -16 
38  44  -2 
-24  28  48 
4  46  0 
38  22  22 
46  8  38 

//Reference=MNI 
//nullstudy_70
//Subjects=23
-2  -6  22 
-44  4  4 
-4  -96  -4 

//Reference=MNI 
//nullstudy_71
//Subjects=20
-28  44  16 
-22  -102  -6 

//Reference=MNI 
//nullstudy_72
//Subjects=20
-14  -50  -18 
46  22  38 
-30  -56  38 
-10  18  70 
-8  -92  -22 
-36  -78  8 
10  36  -4 
-26  -86  -20 
-32  16  50 
46  52  2 
-20  -62  -52 
-6  -54  -66 
0  52  20 
-16  -82  -42 
-66  -54  -6 

//Reference=MNI 
//nullstudy_73
//Subjects=20
48  34  2 
-28  -88  -28 
14  40  26 
-50  -12  18 
-30  -24  -10 
-30  38  -16 
-14  8  -14 
-22  -58  24 
-40  -2  52 
-26  -96  0 
-12  42  -18 
-62  -38  -20 
-28  20  52 
-12  36  -28 
40  42  -8 
-48  12  -14 
-38  -6  -8 
22  28  -26 
-32  -28  58 
-2  16  -2 
-58  -66  16 
-4  52  46 
-50  40  -16 
-50  -6  -14 
-12  4  -38 
44  8  -24 
-22  -52  -18 
-42  -86  0 
-42  -4  48 
-22  0  -30 
-30  44  -14 
16  16  4 
-16  -12  -32 

//Reference=MNI 
//nullstudy_74
//Subjects=19
52  12  16 
14  48  38 
-8  -34  56 
-4  50  -28 
-10  -68  -10 
-28  -4  -36 
-22  -80  -12 

//Reference=MNI 
//nullstudy_75
//Subjects=21
-44  -16  8 
-24  -50  8 

//Reference=MNI 
//nullstudy_76
//Subjects=21
32  46  12 
-2  -88  -16 
-38  -62  56 
-8  -92  -10 
-40  -74  -34 
-16  -44  -24 
2  24  40 
-6  -26  48 
-58  -34  32 

//Reference=MNI 
//nullstudy_77
//Subjects=22
-16  8  18 
14  42  -24 
-24  -62  -42 

//Reference=MNI 
//nullstudy_78
//Subjects=21
46  18  -18 
-52  -46  -36 
-38  -82  -8 
-24  20  -36 
42  14  8 
36  22  52 
42  28  24 
-34  52  -6 
-52  18  -2 

//Reference=MNI 
//nullstudy_79
//Subjects=20
-16  20  18 
-38  -6  12 

//Reference=MNI 
//nullstudy_80
//Subjects=19
-22  -62  20 
-30  -56  52 
-42  20  -18 

//Reference=MNI 
//nullstudy_81
//Subjects=19
42  46  30 
-34  -8  62 
-2  4  4 
-6  -14  52 
-6  -16  78 
-40  -56  48 
44  4  38 
14  62  -14 
-58  -30  14 
-48  -4  -38 
-22  -42  -42 
26  10  68 
-26  -64  2 

//Reference=MNI 
//nullstudy_82
//Subjects=20
-42  20  26 
30  62  -4 
-10  -68  64 
-6  -10  -28 
30  14  60 
-8  32  18 
-44  -54  8 
-42  14  -6 
-44  8  14 
46  40  8 
8  34  12 
-18  -36  40 
52  12  -34 
-6  -66  0 
-38  -20  54 
-20  -76  -42 
36  22  -36 
-16  -36  -6 
-60  -46  -20 
-38  20  -28 
-16  -54  -36 
-36  -26  20 
-18  -90  -22 
60  12  34 

//Reference=MNI 
//nullstudy_83
//Subjects=20
-30  62  -4 
-36  -2  32 
-16  -72  46 
-24  22  46 
-52  2  -14 
-32  56  22 
-62  -6  14 
-4  4  -26 
-4  -28  56 
-24  -48  -30 
34  56  0 
-42  -22  -32 

//Reference=MNI 
//nullstudy_84
//Subjects=20
4  48  50 
0  14  -22 
-36  -22  -28 
-32  -68  44 
-6  -66  44 
-6  -106  0 

//Reference=MNI 
//nullstudy_85
//Subjects=21
-34  -48  -38 
28  44  12 
-10  42  54 

//Reference=MNI 
//nullstudy_86
//Subjects=20
-12  -68  0 
48  44  4 
-32  -84  32 

//Reference=MNI 
//nullstudy_87
//Subjects=20
-10  -54  -56 
-16  -50  -50 
-20  -52  -56 
40  40  38 
-34  4  -2 
6  20  64 

//Reference=MNI 
//nullstudy_88
//Subjects=19
-56  2  16 
26  40  50 
-62  -6  -16 
-46  -38  -28 
52  6  -20 
-32  -14  -30 
-18  68  -6 
-18  48  46 

//Reference=MNI 
//nullstudy_89
//Subjects=20
-56  -6  -34 
0  58  18 
-40  30  34 

//Reference=MNI 
//nullstudy_90
//Subjects=20
-30  -70  -46 
-64  -40  38 
-36  32  48 
-60  -24  -28 
-36  -52  -18 
48  30  -16 
-22  -90  -6 
-62  4  6 

//Reference=MNI 
//nullstudy_91
//Subjects=21
-16  -82  44 
-2  -82  -6 
-20  -72  -14 
-54  18  8 
-56  -52  14 
-4  -62  -58 
18  8  24 
-26  10  8 
0  46  -12 

//Reference=MNI 
//nullstudy_92
//Subjects=19
-42  28  44 
-34  -52  -42 
-36  -74  46 
-14  24  -6 
-58  -6  20 
42  44  -12 

//Reference=MNI 
//nullstudy_93
//Subjects=21
24  32  50 
-58  -2  -2 

//Reference=MNI 
//nullstudy_94
//Subjects=21
-38  -86  24 
12  8  -30 
-62  -20  46 
-46  -58  -36 
-30  -32  66 
-34  -72  -14 

//Reference=MNI 
//nullstudy_95
//Subjects=21
-26  -2  -10 
-8  -24  -8 
-12  -6  -36 
-22  -2  -6 

//Reference=MNI 
//nullstudy_96
//Subjects=21
2  58  10 
-6  -14  18 
-16  -34  62 
-54  -18  -34 
-56  10  32 
-56  6  -34 
-32  54  -6 
26  2  -18 
-44  -64  18 

//Reference=MNI 
//nullstudy_97
//Subjects=19
-24  -52  -14 
-56  -4  40 
-48  -34  -30 
-14  16  -24 

//Reference=MNI 
//nullstudy_98
//Subjects=18
30  20  -42 
-40  12  10 
28  14  -8 
-12  -10  64 
-38  34  42 
42  30  -12 
14  46  52 
36  30  -12 
-28  -34  0 
-12  -72  38 
-2  -30  28 
-26  -68  48 
-26  -34  74 
-50  -66  -34 
-14  -16  14 

//Reference=MNI 
//nullstudy_99
//Subjects=18
-14  -26  -8 
64  6  10 
-46  12  40 
-12  -100  -20 
-30  -50  -14 
-46  -56  28 
-24  -58  -48 
-22  -4  54 
-38  -50  26 
6  58  -24 
-42  -22  58 
-44  -32  62 
-2  42  50 
-64  -38  24 
-4  -70  2 
-36  8  48 
4  2  32 
-16  10  8 
-68  -36  -18 
-28  -22  -26 
-18  -90  4 
-30  -70  34 
16  48  -14 
-28  36  -8 
-24  20  -24 
12  2  14 
44  8  50 
-2  -8  32 
-4  -66  -14 
-16  -16  20 
-8  -48  -26 

//Reference=MNI 
//nullstudy_100
//Subjects=21
-46  -42  -46 
-4  36  44 
-28  28  -6 
2  12  -10 
-26  40  50 
-26  -96  -6 
0  36  48 
10  26  62 
-56  -44  -28 
4  2  28 

