//Reference=MNI 
//truestudy_1
//Subjects=19
46  -67  -5 
44  -66  -6 

//Reference=MNI 
//truestudy_2
//Subjects=20
46  -65  -6 
45  -67  -6 
45  -69  -6 
46  -66  -6 
46  -65  -6 
48  -67  -6 
45  -64  -7 

//Reference=MNI 
//truestudy_3
//Subjects=19
46  -66  -6 
46  -66  -6 

//Reference=MNI 
//nullstudy_1
//Subjects=19
-62  -28  18 
-48  -70  -36 

//Reference=MNI 
//nullstudy_2
//Subjects=20
-28  -96  6 
-46  -64  -30 
-8  -84  -20 
34  54  2 
-36  42  4 
14  22  60 
-32  -22  -22 

//Reference=MNI 
//nullstudy_3
//Subjects=19
8  24  -22 
-40  -4  -2 

//Reference=MNI 
//nullstudy_4
//Subjects=20
-2  -16  22 
-36  4  -32 
20  64  0 

//Reference=MNI 
//nullstudy_5
//Subjects=19
6  24  32 
-44  -54  -14 
36  10  56 
56  24  8 

//Reference=MNI 
//nullstudy_6
//Subjects=20
-70  -30  -10 
28  46  28 
-52  -28  48 
-22  -70  26 
44  44  -4 
-26  24  60 
46  38  -8 
-54  -18  18 
-42  4  2 
-28  28  0 
-18  -14  -34 
4  66  -6 
-62  -22  -22 
-30  -10  -14 
-36  -54  -22 

//Reference=MNI 
//nullstudy_7
//Subjects=20
6  40  52 
-16  -28  -10 
-20  -2  -42 
-4  -28  -4 
42  28  14 
-36  -44  40 
-10  60  2 
-4  40  -10 

//Reference=MNI 
//nullstudy_8
//Subjects=20
42  46  -12 
-16  -78  -34 
-60  -28  -18 
-12  2  22 
6  60  -20 
-34  -32  -18 

//Reference=MNI 
//nullstudy_9
//Subjects=18
-36  60  6 
-44  -12  40 

//Reference=MNI 
//nullstudy_10
//Subjects=21
10  42  42 
-42  -66  -56 
-18  -40  22 
-14  -18  14 
-52  -22  36 
-52  -42  14 
-36  -36  8 
-44  -28  18 
-6  -26  -44 
-26  20  -14 

//Reference=MNI 
//nullstudy_11
//Subjects=20
-16  58  26 
-4  26  48 
-34  10  -10 
-26  20  12 

//Reference=MNI 
//nullstudy_12
//Subjects=20
-20  22  36 
-16  12  0 
-42  -46  44 
-24  12  -6 
44  38  -14 
-42  -48  12 
-68  -38  -4 
-24  -38  -6 
-28  -70  -14 
-34  28  18 
-6  4  42 
-46  -6  58 

//Reference=MNI 
//nullstudy_13
//Subjects=19
-6  -16  72 
18  14  20 
-20  24  36 

//Reference=MNI 
//nullstudy_14
//Subjects=17
14  2  46 
-8  48  20 

//Reference=MNI 
//nullstudy_15
//Subjects=21
42  12  20 
48  38  16 
56  4  -16 
-4  -74  12 
8  8  18 
32  14  -40 
-38  -54  38 
-28  -98  -8 
-28  -78  38 
-4  -56  -44 
26  48  30 
-38  50  0 
-20  -56  58 
-24  28  34 
-16  14  2 

//Reference=MNI 
//nullstudy_16
//Subjects=19
-38  -2  42 
44  14  52 
-46  -4  56 

//Reference=MNI 
//nullstudy_17
//Subjects=20
10  28  44 
-12  -24  24 
-42  -40  60 
-38  -52  12 

//Reference=MNI 
//nullstudy_18
//Subjects=20
-54  -40  52 
-4  -48  -70 
42  36  -8 
-32  2  -16 

//Reference=MNI 
//nullstudy_19
//Subjects=19
-48  -46  28 
-48  -30  42 

//Reference=MNI 
//nullstudy_20
//Subjects=21
-10  40  -22 
-36  -34  10 
-42  -28  16 
-10  -58  20 
-60  -18  -22 
-16  54  22 
22  46  26 
-36  -70  -34 
-12  18  -8 
-8  -28  64 
58  16  -2 
8  6  -16 
36  2  -16 
-16  -42  -20 

//Reference=MNI 
//nullstudy_21
//Subjects=21
12  42  -14 
-36  34  -10 
-30  16  16 
38  30  4 
-20  -58  36 
28  54  12 
-54  12  -26 
-24  52  -4 
-28  -22  -26 
-14  -44  -6 
40  6  34 
-18  -36  58 
-28  -36  -34 
40  16  -4 

//Reference=MNI 
//nullstudy_22
//Subjects=21
-50  -4  8 
-22  0  -2 
-22  -42  66 
-68  -32  -10 
30  22  32 
36  30  42 
-36  -32  -8 
-52  10  -24 
-42  -46  -56 
-16  14  -2 
-56  -42  36 
-66  -10  -12 
-54  28  4 
-46  8  20 
-44  -64  -42 
-4  16  38 
-34  6  66 
50  22  -24 
-54  -16  -18 
-12  6  24 
-12  -34  72 
-48  -22  32 
-32  -48  52 
-64  -34  8 
24  52  2 
-6  -76  0 
-10  24  4 
-2  -14  48 
-44  32  26 
-18  -78  54 
-40  26  -18 
-2  34  56 
-12  -84  12 

//Reference=MNI 
//nullstudy_23
//Subjects=19
-20  -18  78 
-10  -60  -18 
-2  -26  -14 
-32  -92  20 

//Reference=MNI 
//nullstudy_24
//Subjects=21
-56  -2  -16 
-24  -54  -54 
2  68  8 
-20  -70  -12 
-60  -4  34 
-44  -20  20 
-4  24  -30 
16  46  4 
-52  40  6 
32  30  -24 
-24  2  -8 
-6  -102  8 
20  12  -32 
-48  -28  -20 
-42  -38  20 
42  8  36 
-46  2  40 
-20  -22  -22 
-48  -82  0 
-8  70  12 
-10  -26  36 
-6  -66  6 
-42  -28  64 
16  46  28 
18  22  14 
-26  -84  -6 
0  28  -22 

//Reference=MNI 
//nullstudy_25
//Subjects=20
-34  -92  -18 
-42  2  -46 
-14  68  16 
-12  -10  46 
8  6  -2 

//Reference=MNI 
//nullstudy_26
//Subjects=20
-34  -56  -48 
-42  18  -4 
14  26  36 
-4  56  28 
-38  14  -28 
24  36  34 
-24  14  -24 
-46  -42  60 

//Reference=MNI 
//nullstudy_27
//Subjects=19
-34  -78  -16 
-30  -34  62 

//Reference=MNI 
//nullstudy_28
//Subjects=21
-10  18  -2 
-32  26  54 
48  18  -28 
6  42  34 
-2  8  40 
-50  -44  18 
40  20  -40 
-12  -70  36 
-50  -48  2 
-46  20  8 
4  10  -6 
-36  -90  -8 
-32  -38  66 
-52  -14  0 
-16  -74  -42 
-8  -84  36 
-28  -12  70 

//Reference=MNI 
//nullstudy_29
//Subjects=19
-48  -34  4 
-4  -68  -50 
36  18  -2 

//Reference=MNI 
//nullstudy_30
//Subjects=19
-44  30  2 
38  28  -26 
-16  -6  60 

//Reference=MNI 
//nullstudy_31
//Subjects=19
-56  -4  -28 
-10  10  42 

//Reference=MNI 
//nullstudy_32
//Subjects=20
-20  -50  -8 
-18  -84  -28 
26  8  -48 
-64  0  2 
-4  64  26 
36  26  -28 

//Reference=MNI 
//nullstudy_33
//Subjects=20
56  10  28 
-8  -44  26 
-8  -24  22 
-16  -54  64 
-2  40  -2 

//Reference=MNI 
//nullstudy_34
//Subjects=20
-18  -26  -12 
-26  42  14 
-34  -8  -2 
-2  -16  -18 
-4  -88  26 
-46  -70  -38 
-6  -56  -8 

//Reference=MNI 
//nullstudy_35
//Subjects=21
-12  -96  -2 
-14  -60  10 
-10  -34  -40 
-10  40  44 
32  28  44 
-36  -68  40 
-42  -48  46 
-30  -80  20 
-8  -34  -40 
-36  36  40 
-10  2  8 
-8  32  34 
-48  -6  8 
50  24  28 
-30  -58  -36 
-38  -48  36 
50  46  -2 
-16  -80  -38 
-42  22  -4 
-52  -32  -32 
-14  -86  -28 
-44  26  -22 
-4  -22  36 
-50  -14  54 
-34  12  28 
26  52  -12 
-50  -18  -20 
14  14  4 
-38  -66  -18 
-22  -74  20 
-42  -82  14 
-18  -36  68 
-40  20  -36 
-20  -16  -12 
-4  -6  68 
44  6  34 

//Reference=MNI 
//nullstudy_36
//Subjects=22
12  28  48 
-42  42  -2 
48  2  -8 
-20  -78  40 
26  52  10 
-14  62  22 
-60  -20  26 
22  50  22 
-46  -82  6 
-64  -58  0 
-46  16  10 
-40  8  -4 
-12  -84  -14 
-26  0  54 
-68  -34  -4 
-4  8  62 
-22  38  40 
-10  4  70 

//Reference=MNI 
//nullstudy_37
//Subjects=22
20  58  -4 
0  46  -4 
-68  -22  2 
-30  -94  10 
26  34  -22 
-16  -20  74 
40  34  26 
36  24  -36 
-30  -76  -10 
-38  -52  -8 
-6  28  -10 
-12  -78  52 
20  20  46 
-18  10  50 
10  42  30 
-8  -30  46 
-40  -82  -4 
-2  -18  -34 

//Reference=MNI 
//nullstudy_38
//Subjects=20
16  62  4 
-24  -32  8 
-52  -48  22 
24  64  12 
-36  -32  54 
-36  -10  -40 

//Reference=MNI 
//nullstudy_39
//Subjects=19
-36  -30  42 
-12  -70  -50 

//Reference=MNI 
//nullstudy_40
//Subjects=18
-36  -88  -30 
0  8  -6 
-58  -20  36 

//Reference=MNI 
//nullstudy_41
//Subjects=21
-64  -28  26 
-46  -64  26 
-14  -78  20 
-8  16  40 
-56  -60  24 
-18  -28  -24 
-12  -64  -44 
18  48  30 
-44  -78  -36 
-12  -62  -38 
50  28  28 
-38  -58  -60 
-26  -16  -22 
-16  66  24 
-40  -44  56 
-50  -56  22 
8  10  -8 
-34  -68  58 
-22  44  40 
-40  -58  4 
16  8  72 
-42  -62  30 
40  24  26 
-24  4  -38 
-24  -12  -8 
40  18  -10 

//Reference=MNI 
//nullstudy_42
//Subjects=20
-28  30  32 
-36  -14  -34 
44  8  12 
-10  -34  -24 

//Reference=MNI 
//nullstudy_43
//Subjects=21
18  28  -24 
18  18  2 
16  18  18 
-8  -26  36 
-4  -102  14 
-54  -2  30 
-6  -24  -8 
-34  -84  18 
-42  26  -12 
-14  -84  -40 
-28  -64  -2 
-8  -20  66 
-28  -2  -16 
-6  -24  38 
-12  62  30 

//Reference=MNI 
//nullstudy_44
//Subjects=20
56  6  -16 
-50  28  -12 
-4  40  0 
-18  -82  -48 
-20  -38  62 
-60  -46  -26 
-64  -24  0 
-18  22  40 

//Reference=MNI 
//nullstudy_45
//Subjects=21
-50  -20  -2 
26  22  64 
-40  8  -16 
-40  10  0 
-26  -86  -40 
-38  36  42 
-50  -2  -40 

//Reference=MNI 
//nullstudy_46
//Subjects=19
-2  40  -10 
-4  -18  42 
-44  -58  -2 

//Reference=MNI 
//nullstudy_47
//Subjects=21
38  52  -18 
-8  -34  34 
-34  6  4 
14  46  16 
-36  6  52 
12  38  30 
-4  -42  76 
60  10  20 
-14  -20  62 
-12  -56  32 
-6  40  32 
-52  -48  22 
16  20  68 
-34  -66  -48 
-44  -62  -8 
32  24  -2 
-6  -72  20 

//Reference=MNI 
//nullstudy_48
//Subjects=19
-54  -56  10 
-44  -80  -18 
-2  14  42 

//Reference=MNI 
//nullstudy_49
//Subjects=20
-4  66  26 
-24  -46  -40 
-18  -46  -34 
-8  -60  62 

//Reference=MNI 
//nullstudy_50
//Subjects=22
-44  4  4 
-36  52  -12 
-36  -28  62 
40  28  34 
-54  -54  -40 
-60  -2  4 
-46  20  34 
26  44  16 
-26  -82  -20 
-2  46  20 
-40  -44  60 
-8  14  34 
-40  -68  -16 
-14  -90  40 
-32  -82  2 
16  44  4 
34  36  28 
-12  -38  2 
-60  -24  -22 
-18  -72  -48 
-56  -30  -10 
-50  -6  0 
-32  -26  56 
-4  -90  -28 
40  20  30 
-28  -14  0 
-44  48  -2 
-46  6  24 
-2  -8  -14 
-46  22  -26 
-54  -24  32 
-32  -52  42 
-8  50  10 
58  22  28 
-58  -4  36 
-64  -32  -26 
8  16  62 
14  40  22 
52  42  -6 
22  58  4 
30  64  -10 
-54  -26  -22 
-50  14  -4 
-12  -34  20 
-6  24  42 
-8  40  6 
-62  -20  -34 
-10  -100  4 
-44  -32  42 
4  34  54 
42  14  32 
30  12  46 

//Reference=MNI 
//nullstudy_51
//Subjects=21
-38  4  -32 
-64  -18  38 
12  64  30 
2  36  54 
-8  -106  -2 
-22  -60  -20 
-50  34  4 
-18  -54  48 
50  14  -32 
-26  -20  66 

//Reference=MNI 
//nullstudy_52
//Subjects=20
-54  10  -22 
-32  -44  -32 
-32  -62  62 
-24  -62  54 
-26  -100  4 

//Reference=MNI 
//nullstudy_53
//Subjects=20
-24  -94  -2 
-50  2  34 
-48  16  -28 
-6  -96  -14 
-38  -32  62 
-4  -28  76 

//Reference=MNI 
//nullstudy_54
//Subjects=20
-44  -56  58 
-20  -82  -36 
-38  2  -46 
-54  -20  50 

//Reference=MNI 
//nullstudy_55
//Subjects=21
-10  -48  -58 
-16  -54  -32 
-56  6  6 
-38  -16  -40 
38  20  12 
4  10  26 
-40  54  18 
-8  -14  26 
-8  34  26 

//Reference=MNI 
//nullstudy_56
//Subjects=20
-22  -24  76 
-12  -56  -20 
8  24  50 
-32  -74  -32 

//Reference=MNI 
//nullstudy_57
//Subjects=20
-2  -42  36 
-32  -68  50 
-2  -78  -30 
-42  -26  50 
-34  -46  -44 
-14  60  -20 
-52  20  40 
-6  -68  50 

//Reference=MNI 
//nullstudy_58
//Subjects=21
44  24  14 
-20  16  -2 
-16  -66  56 
-56  2  22 
-16  -74  14 
-10  54  34 
-42  28  8 
26  62  -10 
-28  -32  -6 

//Reference=MNI 
//nullstudy_59
//Subjects=20
-42  22  18 
-52  30  28 
-8  -80  28 
-12  -48  52 
-18  -58  54 
-2  52  -12 
-32  10  46 

//Reference=MNI 
//nullstudy_60
//Subjects=19
-26  -36  70 
-30  -54  6 
20  68  -8 
-8  -60  -62 
-20  -6  -20 
-20  -72  6 

//Reference=MNI 
//nullstudy_61
//Subjects=18
8  24  44 
-6  40  10 
-58  -42  36 

//Reference=MNI 
//nullstudy_62
//Subjects=21
-46  -62  10 
-36  -22  36 
-10  -24  68 

//Reference=MNI 
//nullstudy_63
//Subjects=19
-10  -48  64 
-24  66  -2 
0  38  56 
6  22  36 
-36  2  44 
-14  -64  -32 
-12  14  44 
34  52  -4 
-26  44  12 
34  40  -14 
-32  -68  -44 
2  38  16 

//Reference=MNI 
//nullstudy_64
//Subjects=20
-40  -58  -12 
-42  34  40 
-64  -58  18 

//Reference=MNI 
//nullstudy_65
//Subjects=19
46  44  -6 
-8  22  10 
-42  -48  -14 
-12  -36  -8 
-20  -60  -42 
-14  -10  74 
-20  -36  -34 
34  6  6 

//Reference=MNI 
//nullstudy_66
//Subjects=19
-36  -60  24 
-14  16  12 
-64  -22  -24 

//Reference=MNI 
//nullstudy_67
//Subjects=20
34  22  -32 
-16  64  -8 

//Reference=MNI 
//nullstudy_68
//Subjects=19
-4  10  -28 
-12  -78  18 
-44  -26  -32 
54  4  28 

//Reference=MNI 
//nullstudy_69
//Subjects=19
-50  -80  16 
-46  -40  50 
-22  6  -18 

//Reference=MNI 
//nullstudy_70
//Subjects=20
-14  -70  58 
-16  6  -32 
-38  -46  -56 

//Reference=MNI 
//nullstudy_71
//Subjects=18
-12  -28  -40 
-2  -4  38 
-44  28  -20 
-38  8  48 
-26  -50  68 
-6  -70  -44 
12  20  16 

//Reference=MNI 
//nullstudy_72
//Subjects=21
-60  -22  32 
36  30  24 
-60  -16  8 

//Reference=MNI 
//nullstudy_73
//Subjects=21
-24  -20  -8 
-56  -40  30 
-16  -78  -44 
-22  -50  -30 
-18  54  0 
-34  -84  -36 
50  34  22 
-36  -76  -14 
16  12  -12 
46  18  -12 

//Reference=MNI 
//nullstudy_74
//Subjects=21
22  20  -38 
-68  -38  12 
-54  22  6 
-36  36  -10 
-20  -92  -26 
-44  -46  24 
42  26  -10 
-42  -26  10 
-62  -42  0 

//Reference=MNI 
//nullstudy_75
//Subjects=19
42  56  16 
-30  -48  -38 
-40  36  -18 
-16  34  44 
-36  24  -6 
-46  -78  -22 
-44  -64  -10 
-28  -52  -32 
-30  -24  70 

//Reference=MNI 
//nullstudy_76
//Subjects=22
16  58  14 
4  26  26 

//Reference=MNI 
//nullstudy_77
//Subjects=20
-66  -36  2 
24  16  -12 
14  10  18 
-8  -32  36 
-8  -52  -54 
-30  -68  22 
-6  -84  -24 
14  54  0 
42  18  22 
-60  -48  12 
-10  30  24 
-4  30  -12 
-2  -24  10 
-26  -6  -34 
-2  -24  28 
32  16  2 
-6  -40  28 
-54  -38  22 
-24  -100  4 
-40  36  -2 
-26  0  72 
-44  42  -16 
-30  -98  4 
-2  -46  -24 

//Reference=MNI 
//nullstudy_78
//Subjects=21
4  38  14 
-32  6  38 
-2  48  4 
-46  -50  -16 
56  22  6 

//Reference=MNI 
//nullstudy_79
//Subjects=18
-8  40  -2 
42  14  34 
32  14  -36 
-18  4  20 
-48  -42  -4 
-10  44  28 
-64  -32  32 
-50  -38  -14 
-54  18  6 
36  18  -12 
-20  32  46 
20  6  50 
-18  -64  10 
-14  54  -18 
-30  0  -32 
-22  -88  0 
-16  -46  50 
-12  64  10 

//Reference=MNI 
//nullstudy_80
//Subjects=20
-60  16  10 
-48  -68  -18 
-16  -44  -20 

//Reference=MNI 
//nullstudy_81
//Subjects=21
-28  20  -16 
2  8  2 
-24  12  -46 
-50  -36  -2 
-34  -30  -18 
2  2  12 
-48  14  -18 

//Reference=MNI 
//nullstudy_82
//Subjects=22
-42  -80  -40 
-20  -82  -48 
-58  -18  46 
-14  30  24 
50  16  12 
-44  -4  50 
-30  52  34 
40  16  -34 
4  62  -4 
-28  12  54 
-6  -42  -48 
-36  50  6 
38  46  6 
50  6  14 
0  26  -14 
-12  -56  2 
-20  26  44 
-34  10  52 
-52  -52  14 
-60  0  -24 
-30  -94  12 
52  28  28 
-32  48  0 
-60  -52  -18 
-12  16  -22 
30  10  -46 
36  6  -48 
-16  -48  4 
12  42  -24 
-42  -76  -44 
40  22  -2 

//Reference=MNI 
//nullstudy_83
//Subjects=20
-50  -82  -4 
34  42  32 
-6  20  -28 
-36  -16  68 
-6  -24  68 
-54  -22  -4 
-32  -76  -30 
-10  -30  4 
-16  -48  -30 
-8  -46  -66 
2  30  14 
-16  -80  -34 
-62  -4  16 
-40  18  -24 
-36  -52  52 
-46  -46  -8 
-24  2  56 
-64  -18  -26 
42  10  18 
10  40  28 
-32  52  -12 
-64  -34  -6 
-20  -100  14 
-16  -76  -14 
-6  -18  6 
-54  -58  8 
42  4  -26 
-36  6  -6 
-18  36  36 
16  34  56 
-18  -70  38 
8  30  -10 
-8  -74  -50 
2  32  12 
-22  -46  -52 
-6  -64  46 
4  58  6 
-58  -66  -14 
-50  -20  2 
-28  12  -32 
-50  -40  28 
-46  -32  -16 
-10  50  0 
-44  34  26 
-46  10  28 
-42  -30  -22 
-22  -78  10 
-28  -22  -22 
-36  -74  -26 
-38  -28  22 
0  22  56 
-8  36  10 
-28  8  -46 
-36  34  0 
-10  44  40 
10  4  -14 
-40  -68  -56 
-36  -76  44 
-26  -96  -6 
-12  -18  -36 
-64  -14  40 
-2  -72  -46 
42  10  -42 
14  22  60 
-22  -74  -8 

//Reference=MNI 
//nullstudy_84
//Subjects=20
-10  -84  16 
52  18  2 

//Reference=MNI 
//nullstudy_85
//Subjects=18
-6  -100  0 
-66  -34  8 
-18  -40  -14 
22  44  18 
-6  22  -10 

//Reference=MNI 
//nullstudy_86
//Subjects=20
-32  32  32 
-38  -42  -52 
-52  -58  -48 

//Reference=MNI 
//nullstudy_87
//Subjects=17
32  18  32 
-10  60  -6 

//Reference=MNI 
//nullstudy_88
//Subjects=20
-58  2  -2 
-40  34  38 
4  46  10 
-40  -4  14 
-28  -34  70 
-46  46  14 

//Reference=MNI 
//nullstudy_89
//Subjects=22
-6  20  -6 
-8  4  42 

//Reference=MNI 
//nullstudy_90
//Subjects=21
26  14  -8 
-12  -36  76 
-60  -46  34 
-40  -26  -20 
-16  -104  4 
-26  62  14 
-22  18  -34 

//Reference=MNI 
//nullstudy_91
//Subjects=22
-8  66  2 
-4  -2  74 
-20  0  50 
16  64  -2 
-6  -22  56 
-40  42  22 
-30  10  -24 
-10  -66  60 
46  40  18 
2  66  -4 
-16  -78  -48 
-4  -88  -4 
-16  -64  18 
-40  -2  26 
-6  -80  -24 

//Reference=MNI 
//nullstudy_92
//Subjects=21
-18  -82  46 
6  60  24 
-6  -26  26 
34  58  12 
-24  -66  26 
-6  -102  -8 
-14  -56  22 
-8  -14  -26 
-28  -80  -40 
-24  -80  16 
-10  -26  -44 
22  34  50 
-28  -38  60 
-32  -38  42 
-10  56  -10 
-32  -52  -12 

//Reference=MNI 
//nullstudy_93
//Subjects=19
-4  -80  -32 
-48  -8  -38 
-8  -66  28 
-50  6  4 
32  24  30 
-46  -72  0 
-34  12  32 
-60  -14  -32 
-20  -38  -54 
-54  -8  -14 
-10  -60  -22 
-2  -94  6 
-50  -16  54 
-58  -6  -10 
-8  -46  14 
-28  -78  38 
-40  16  -22 
28  32  24 
6  40  44 
-22  -82  34 
-10  54  -20 
-50  0  52 
-48  -62  -44 
-50  -20  24 
-18  -40  64 
14  30  -24 
40  6  -12 

//Reference=MNI 
//nullstudy_94
//Subjects=20
-34  -82  12 
-40  -50  20 
-46  32  -16 
-28  0  62 
-4  -34  -54 
-56  -40  40 
-34  14  -10 
-4  -8  46 
32  48  -2 
-6  -36  -26 

//Reference=MNI 
//nullstudy_95
//Subjects=21
-40  -32  24 
-54  -36  10 
-24  -48  -10 

//Reference=MNI 
//nullstudy_96
//Subjects=19
-20  -4  -32 
-30  -40  -4 
-10  -82  -36 
-36  28  8 
8  32  -6 

//Reference=MNI 
//nullstudy_97
//Subjects=20
-10  10  64 
-52  -10  52 
-46  14  -36 
-54  -2  -6 
-52  -56  2 
-30  14  34 
20  62  20 
-26  -72  36 
-58  -14  8 
-10  6  66 
-68  -16  24 
-8  -50  -28 
-38  16  34 
16  54  44 
-30  12  54 
-26  -4  62 

//Reference=MNI 
//nullstudy_98
//Subjects=20
-4  8  38 
-32  -92  22 
-2  -62  14 

//Reference=MNI 
//nullstudy_99
//Subjects=19
-36  -80  -38 
30  18  58 
46  6  -20 
-38  6  8 
-8  -30  38 

//Reference=MNI 
//nullstudy_100
//Subjects=20
-8  -84  46 
-6  24  -16 
-34  40  36 
-64  -52  -14 
28  48  -20 
54  10  44 
-42  -54  -54 

