//Reference=MNI 
//truestudy_1
//Subjects=30
46  -67  -6 
45  -67  -6 
44  -66  -5 
48  -66  -7 
43  -67  -7 
46  -66  -5 

//Reference=MNI 
//truestudy_2
//Subjects=30
45  -65  -7 
45  -66  -6 

//Reference=MNI 
//truestudy_3
//Subjects=29
45  -66  -5 
46  -68  -8 
45  -68  -6 
48  -65  -5 
46  -66  -7 

//Reference=MNI 
//nullstudy_1
//Subjects=30
24  4  -10 
-2  -24  -42 
30  4  -36 
10  22  68 
-36  -26  -26 
24  52  -4 

//Reference=MNI 
//nullstudy_2
//Subjects=30
0  26  -8 
-54  -12  -30 

//Reference=MNI 
//nullstudy_3
//Subjects=29
32  52  -14 
6  50  4 
-48  36  -8 
-24  -82  40 
-10  12  -4 

//Reference=MNI 
//nullstudy_4
//Subjects=31
-40  0  8 
-20  -96  8 
-44  -84  26 
-18  -68  -48 
-32  2  -44 
-4  -26  -14 
-24  -62  -4 

//Reference=MNI 
//nullstudy_5
//Subjects=30
-10  -64  -24 
-4  -68  18 

//Reference=MNI 
//nullstudy_6
//Subjects=30
-16  42  40 
-30  -20  -24 
-14  10  -28 
-20  -82  -8 
54  16  -18 
-18  -86  -22 
-34  -26  -30 
-2  -70  16 
-36  -72  12 

//Reference=MNI 
//nullstudy_7
//Subjects=29
-28  -74  22 
-66  -32  -14 
-28  -48  -48 
-8  -48  58 

//Reference=MNI 
//nullstudy_8
//Subjects=30
-36  -54  -50 
48  22  16 
-2  6  -22 
-42  -82  -24 
62  2  22 
-40  -56  -44 
-12  -60  20 
-14  -94  16 
-10  -80  -8 
-24  -34  -28 

//Reference=MNI 
//nullstudy_9
//Subjects=30
-2  -70  46 
-54  -8  -24 
26  52  -2 

//Reference=MNI 
//nullstudy_10
//Subjects=31
-44  52  -12 
-52  -14  -6 
-18  -52  -32 
-12  62  -8 
42  24  10 
-36  22  0 

//Reference=MNI 
//nullstudy_11
//Subjects=30
38  14  -32 
-32  -48  -46 
-62  -54  28 
-14  -78  52 
-24  28  -10 

//Reference=MNI 
//nullstudy_12
//Subjects=30
-12  42  2 
-34  36  -18 
-36  28  40 
-60  -24  8 
-14  -64  2 
28  12  66 
-40  -74  48 
-50  -24  28 

//Reference=MNI 
//nullstudy_13
//Subjects=29
-6  -54  -62 
-32  22  58 
-20  -62  24 
-16  -58  -56 

//Reference=MNI 
//nullstudy_14
//Subjects=30
16  12  18 
-4  4  0 
34  38  18 
-4  -52  -68 
-2  -48  -46 
18  10  -4 
-22  10  62 

//Reference=MNI 
//nullstudy_15
//Subjects=31
-4  -88  20 
24  50  40 
60  12  -14 

//Reference=MNI 
//nullstudy_16
//Subjects=30
-68  -12  -16 
-12  22  -24 
-36  -56  54 
-10  -50  8 
-58  -40  -16 
-6  -86  -10 
-26  -98  -10 
12  14  72 

//Reference=MNI 
//nullstudy_17
//Subjects=30
-22  30  28 
-2  -54  -60 
-24  -50  -28 
48  8  6 
-44  6  22 
16  64  26 
-56  -8  24 
38  20  -14 
-28  -86  26 

//Reference=MNI 
//nullstudy_18
//Subjects=29
-12  6  -14 
0  30  -16 
-40  -6  36 
-40  -80  -38 
-54  -10  32 
-58  -8  -12 
-6  6  42 

//Reference=MNI 
//nullstudy_19
//Subjects=29
12  56  32 
-4  -76  -20 
-4  -46  -16 
-34  14  0 
-10  -88  -2 

//Reference=MNI 
//nullstudy_20
//Subjects=31
54  12  -20 
-36  0  36 

//Reference=MNI 
//nullstudy_21
//Subjects=29
-14  -90  8 
-44  -50  -24 

//Reference=MNI 
//nullstudy_22
//Subjects=29
2  36  -32 
-60  -38  2 
6  66  14 
-12  -36  -4 
2  46  50 
-16  28  -24 
-18  -2  50 
-44  -64  -12 
-38  -48  56 
12  52  40 
-56  -50  40 

//Reference=MNI 
//nullstudy_23
//Subjects=31
-38  -54  -56 
16  38  38 

//Reference=MNI 
//nullstudy_24
//Subjects=31
-6  -58  60 
-40  -10  -44 
32  12  -8 
-14  16  56 
36  26  -8 
2  6  -14 
-60  -56  -30 
-48  8  -34 
-22  -10  54 
4  14  -22 
-26  -56  -60 
4  52  24 

//Reference=MNI 
//nullstudy_25
//Subjects=29
-28  -62  -62 
-28  -92  26 
-48  -38  42 
-38  -56  12 

//Reference=MNI 
//nullstudy_26
//Subjects=30
-24  34  44 
-36  36  38 
-14  -4  18 

//Reference=MNI 
//nullstudy_27
//Subjects=30
0  64  -16 
-14  42  8 
-40  -74  14 
-42  -56  32 
-20  -84  48 
36  56  4 
-56  -4  20 
-48  -30  42 
-32  -72  26 
0  6  60 

//Reference=MNI 
//nullstudy_28
//Subjects=29
-18  -92  18 
-44  14  -12 
-48  8  40 
-28  -48  0 
-20  -78  -14 
-2  12  28 
-38  26  -26 
-2  -44  64 
-44  -32  -20 
22  46  -18 

//Reference=MNI 
//nullstudy_29
//Subjects=30
-16  38  44 
-66  -26  16 

//Reference=MNI 
//nullstudy_30
//Subjects=30
30  6  46 
-50  42  12 
-32  -34  -6 
-20  8  -12 
-38  -20  36 
-2  -38  -34 

//Reference=MNI 
//nullstudy_31
//Subjects=32
-12  62  24 
-6  -102  12 
-54  -40  0 
-50  -62  -10 

//Reference=MNI 
//nullstudy_32
//Subjects=30
-62  -30  26 
-24  -84  40 
-36  -38  70 

//Reference=MNI 
//nullstudy_33
//Subjects=30
-50  -26  32 
-2  -76  -42 
16  48  -18 
-4  52  48 
-38  30  38 
-24  36  -18 
-6  20  -28 
-28  -60  32 
-42  -30  -24 
-54  -2  26 
38  30  -16 

//Reference=MNI 
//nullstudy_34
//Subjects=30
-50  -46  12 
-48  -42  54 
4  12  -26 
46  4  -6 
36  26  -4 
-36  -52  64 
52  26  20 
-10  44  20 
38  58  16 
-12  -32  18 
-34  -64  -40 
-52  -58  8 
-6  -102  -4 
-42  48  4 
-38  6  58 
-8  -36  40 
-12  -42  38 
18  56  10 
-22  -20  -26 
-6  -78  44 

//Reference=MNI 
//nullstudy_35
//Subjects=30
-10  28  24 
6  34  14 
-18  -68  -48 
-4  -58  -34 
8  16  46 
-30  -38  -16 
28  28  -8 
-26  22  8 
-44  8  24 
-50  -20  8 
-28  -60  -28 
-10  -22  -40 
-2  28  42 
52  10  12 
-18  24  -2 
-6  -32  48 
-18  -60  16 
-20  -52  2 
-18  -22  -32 
-44  20  8 
-22  -50  -34 
-18  -46  -62 
50  28  -14 
-68  -18  24 
-12  -12  28 
-54  -26  -26 

//Reference=MNI 
//nullstudy_36
//Subjects=29
-22  46  -22 
-44  -28  8 
-50  0  26 
18  58  0 
-28  66  0 
2  6  12 
-16  -54  8 

//Reference=MNI 
//nullstudy_37
//Subjects=32
-20  -30  -22 
-14  -72  -48 
-14  -72  -38 
-68  -32  -2 
-34  0  -4 
50  14  24 
-38  -32  -26 
-66  -50  14 
-12  -54  -42 
-30  12  64 
52  4  4 
30  58  12 
-12  6  50 
-14  42  -28 
-18  -46  -32 
-30  -64  54 
-52  -18  -28 
-4  -50  14 
-38  44  2 
-10  -48  -12 
-32  -36  68 
50  18  -6 
-44  8  -40 
-2  -72  2 
-54  22  26 
46  16  40 
-24  20  -10 
-46  -44  14 
-26  -84  18 

//Reference=MNI 
//nullstudy_38
//Subjects=31
-24  -66  36 
-20  -68  20 
4  50  34 
-18  -36  -40 

//Reference=MNI 
//nullstudy_39
//Subjects=29
-38  -68  -32 
-50  -40  2 
-16  28  10 
-44  52  -8 
42  26  26 
-48  -6  50 

//Reference=MNI 
//nullstudy_40
//Subjects=29
54  4  12 
-10  -102  -12 

//Reference=MNI 
//nullstudy_41
//Subjects=29
-44  -26  -6 
-60  -40  -8 
20  50  24 
-12  2  58 
-56  -46  -12 
-36  56  12 
-48  -54  -30 

//Reference=MNI 
//nullstudy_42
//Subjects=28
24  46  -12 
32  40  16 
-44  -66  -2 
-26  -68  -38 
-22  -50  -12 

//Reference=MNI 
//nullstudy_43
//Subjects=30
-24  -10  52 
-4  -70  4 
-54  -36  16 
50  22  8 
-16  -20  78 

//Reference=MNI 
//nullstudy_44
//Subjects=31
-24  12  -8 
-2  -58  -28 
-60  -54  -2 

//Reference=MNI 
//nullstudy_45
//Subjects=30
40  42  36 
-10  -62  32 
-60  -56  38 
2  58  10 
10  62  28 
-32  -20  38 
42  20  -40 
10  24  46 
38  12  -6 
-6  8  52 
-30  48  24 
-68  -10  -14 
-46  -40  8 
-2  -78  22 
-22  -42  -20 
-4  -80  48 
36  18  34 
-4  -66  -6 
2  60  26 
-8  -60  24 
-30  24  -4 
-48  -70  28 
-6  32  -12 
-10  -76  -32 
-8  -78  -38 
-40  22  2 
-14  -10  -30 
32  34  4 
-16  -18  -16 
-8  70  16 
-42  -68  -56 
-30  -70  20 
50  42  12 
-50  30  0 
46  24  36 
-10  -40  4 
-22  38  -10 
-40  26  48 
-46  18  -14 
6  50  -16 
-24  -52  0 
-32  56  -2 
-10  -50  -20 
-30  8  58 
-4  -50  50 
-26  -44  4 
-44  -62  -44 
-14  -82  -10 
-26  -40  -34 
38  6  52 
-26  64  16 
12  52  46 
-10  60  16 
-8  -72  26 
-34  -72  -58 
-26  -90  28 

//Reference=MNI 
//nullstudy_46
//Subjects=28
-38  -90  8 
-54  -10  -14 
62  4  30 
-6  -56  -58 
-12  50  -26 
-24  4  72 
0  6  46 
-24  -4  54 
-6  -10  4 
-48  -76  28 
20  2  64 
38  16  4 
0  26  56 
50  4  50 
-20  -68  -20 
-30  -34  -10 
-40  -72  42 

//Reference=MNI 
//nullstudy_47
//Subjects=31
6  50  40 
-22  -16  54 

//Reference=MNI 
//nullstudy_48
//Subjects=31
-14  -62  62 
-22  14  -6 
46  34  34 

//Reference=MNI 
//nullstudy_49
//Subjects=29
-34  -82  2 
-46  -34  36 
-56  -16  24 

//Reference=MNI 
//nullstudy_50
//Subjects=30
-48  -22  -6 
-42  16  50 

//Reference=MNI 
//nullstudy_51
//Subjects=29
-30  38  10 
6  28  -6 
-24  8  -46 
-8  -58  -38 
-22  -80  44 
-16  -66  -2 

//Reference=MNI 
//nullstudy_52
//Subjects=30
-12  -96  20 
-10  60  20 
-24  -76  0 
26  28  60 
34  12  -42 
-26  -8  -14 
-18  6  -16 
6  42  34 
28  26  8 
38  22  -10 
-40  -32  -24 
-38  -32  -16 
-22  -94  -8 
38  42  12 
-28  -56  -50 

//Reference=MNI 
//nullstudy_53
//Subjects=30
-66  -12  2 
18  2  -6 
-8  0  -16 
-12  12  68 
-38  18  -24 
-16  68  12 
-40  34  -22 
-4  -62  -20 

//Reference=MNI 
//nullstudy_54
//Subjects=29
40  4  -28 
-8  -50  -64 

//Reference=MNI 
//nullstudy_55
//Subjects=31
6  26  34 
14  14  48 
-42  -64  42 

//Reference=MNI 
//nullstudy_56
//Subjects=29
-36  14  12 
62  8  4 
14  44  22 

//Reference=MNI 
//nullstudy_57
//Subjects=30
-10  -8  16 
-40  -66  -20 
-34  -64  38 
-26  -40  62 
38  28  -4 
34  22  -12 
-2  -54  60 
-2  -82  -22 

//Reference=MNI 
//nullstudy_58
//Subjects=30
38  18  12 
-44  24  6 
-26  -48  -4 
18  68  10 
-26  -72  20 
-6  -106  -4 
-54  -4  -12 
-10  10  42 
38  48  -14 
-8  -90  32 

//Reference=MNI 
//nullstudy_59
//Subjects=28
-18  2  -2 
-64  -2  16 

//Reference=MNI 
//nullstudy_60
//Subjects=29
8  30  50 
-8  -16  50 
-2  -60  -40 
18  26  58 
48  16  -18 
8  34  -18 

//Reference=MNI 
//nullstudy_61
//Subjects=31
-20  -26  -32 
-8  -34  34 
-18  -96  -10 

//Reference=MNI 
//nullstudy_62
//Subjects=29
-54  -20  -28 
-46  0  46 
-14  42  20 
-4  2  -18 
-30  62  6 
-36  -26  66 

//Reference=MNI 
//nullstudy_63
//Subjects=31
-26  -70  58 
-12  -44  76 
-14  -40  74 
24  10  -24 
42  42  36 
-54  -58  46 
-10  -14  -20 
-36  -64  -54 
18  52  -8 
-20  60  -14 

//Reference=MNI 
//nullstudy_64
//Subjects=29
44  44  12 
-18  -54  -56 

//Reference=MNI 
//nullstudy_65
//Subjects=29
-40  -60  12 
-18  -98  -2 
-6  -32  -44 
-50  -44  22 
22  14  -44 
-38  22  -4 
-20  -38  76 
-34  26  52 
30  10  12 
-8  36  14 
-36  -26  12 
-40  22  -2 
-22  -70  32 
-46  -8  -24 
-52  0  -26 
-12  -52  6 

//Reference=MNI 
//nullstudy_66
//Subjects=31
-4  -26  10 
-10  -34  -34 

//Reference=MNI 
//nullstudy_67
//Subjects=29
-20  -86  6 
-24  12  -22 
-24  -80  48 
52  38  14 
-28  46  0 
-24  -48  58 
-30  -62  40 
-8  -72  44 

//Reference=MNI 
//nullstudy_68
//Subjects=30
20  2  58 
52  18  8 
-28  -54  -4 
-6  -26  66 
38  6  -2 
-30  30  26 

//Reference=MNI 
//nullstudy_69
//Subjects=29
-44  -70  34 
-52  0  -36 
-40  12  -2 

//Reference=MNI 
//nullstudy_70
//Subjects=30
4  30  -28 
-14  66  24 
16  40  -24 
44  22  2 

//Reference=MNI 
//nullstudy_71
//Subjects=32
-62  0  10 
-26  6  46 
46  6  -8 
26  24  36 
30  58  28 
-60  4  8 
-34  -12  48 

//Reference=MNI 
//nullstudy_72
//Subjects=31
-42  -62  -50 
-42  -42  56 
-42  -76  38 

//Reference=MNI 
//nullstudy_73
//Subjects=31
62  2  -22 
-26  50  12 
-4  58  14 
-44  -8  -16 
-28  -60  56 
-6  -8  -4 
2  46  18 
-36  -48  -8 
-32  -68  -18 
-14  -56  -2 
34  54  0 
-34  -72  -56 
46  44  -14 
-2  32  -24 
-16  -100  -20 
-24  0  56 
-36  -86  30 
34  16  38 
34  58  -4 
-38  16  20 
48  6  54 

//Reference=MNI 
//nullstudy_74
//Subjects=30
-44  6  26 
0  50  16 
40  52  14 

//Reference=MNI 
//nullstudy_75
//Subjects=29
-20  -64  4 
-10  42  -26 
-36  -80  -28 

//Reference=MNI 
//nullstudy_76
//Subjects=30
-24  -62  2 
-12  -26  -16 
-22  14  50 
-16  -64  -62 
-22  46  34 
40  48  2 
-48  -78  20 
-10  -16  64 
-12  -96  26 

//Reference=MNI 
//nullstudy_77
//Subjects=30
-52  16  8 
-22  -26  -14 
18  14  54 

//Reference=MNI 
//nullstudy_78
//Subjects=29
60  16  -4 
30  22  0 
-26  -30  56 
-38  16  -4 

//Reference=MNI 
//nullstudy_79
//Subjects=30
8  28  54 
-20  30  44 

//Reference=MNI 
//nullstudy_80
//Subjects=30
-10  -24  80 
-42  34  -14 
-26  20  -12 

//Reference=MNI 
//nullstudy_81
//Subjects=29
-38  -48  -24 
-66  -2  14 
-34  -48  -44 
-20  38  28 
30  10  30 
-50  -8  48 
-28  -98  -16 
-26  -70  40 
-14  40  50 
-48  -16  12 
-26  -66  0 
-32  10  -14 

//Reference=MNI 
//nullstudy_82
//Subjects=32
-40  -72  -40 
-6  52  -14 
34  8  -20 
-12  -68  46 
-38  40  18 
-32  -40  -44 
32  40  18 
-22  -56  60 
-10  22  56 
-16  -80  -10 
-22  12  -30 
-6  -44  52 
48  38  10 
10  42  24 
2  6  34 
30  60  4 
-60  -46  46 
-24  -86  22 
-6  48  44 
-56  -74  10 

//Reference=MNI 
//nullstudy_83
//Subjects=32
-2  -72  48 
-22  -84  -40 
-46  18  -8 
-48  22  26 
2  40  2 
28  50  8 
-2  50  26 
-60  -54  -2 
-30  50  4 
36  18  26 
38  14  32 
-36  58  12 
-24  14  -34 
-10  -56  60 
10  28  50 
-10  68  18 
-24  10  -14 
-22  -58  -12 
18  32  42 
-14  -46  66 
-18  -4  -6 
-46  0  34 
46  28  14 
-10  -4  48 
24  46  44 
-48  -68  -24 
-18  -6  -28 
-38  -16  -40 
-36  -44  -54 
46  52  12 
-24  -60  -22 
-8  -100  -6 
-38  -22  60 
-6  -40  54 
58  6  26 
36  8  -38 
-46  24  32 
-50  -24  -2 

//Reference=MNI 
//nullstudy_84
//Subjects=30
-42  -56  -26 
-54  -30  44 
46  34  2 

//Reference=MNI 
//nullstudy_85
//Subjects=30
-22  -64  40 
-20  60  32 

//Reference=MNI 
//nullstudy_86
//Subjects=29
-56  -4  -26 
12  2  8 
42  14  42 
-30  6  54 
30  16  52 
-26  -4  -34 
-30  -20  74 
-24  58  -16 

//Reference=MNI 
//nullstudy_87
//Subjects=29
-36  -22  0 
-2  -38  -50 
-54  -36  -16 
54  40  -2 
-54  38  0 
-26  -90  -8 

//Reference=MNI 
//nullstudy_88
//Subjects=32
4  16  64 
-16  -88  20 
-32  -52  54 

//Reference=MNI 
//nullstudy_89
//Subjects=31
-58  6  -12 
-10  -52  -6 
-56  -34  52 
58  8  -8 
-24  32  42 

//Reference=MNI 
//nullstudy_90
//Subjects=30
-24  -70  -54 
-14  -8  20 
50  22  -12 
60  16  22 
2  52  -2 

//Reference=MNI 
//nullstudy_91
//Subjects=29
-4  -38  66 
-34  2  -36 
-36  -38  36 

//Reference=MNI 
//nullstudy_92
//Subjects=28
-14  20  0 
38  36  -20 
46  4  10 
2  32  44 
12  4  76 
-18  -22  74 
40  6  56 
34  26  -4 
-36  28  -24 
-54  -28  52 
-34  -8  0 
-14  -70  -34 
-28  -16  56 
12  10  56 
-28  30  28 
-14  -28  -36 
-16  22  52 
-38  -68  -40 
-4  -30  -44 
-34  -82  34 
-40  -68  0 
0  46  -18 
40  40  16 
-34  2  -22 

//Reference=MNI 
//nullstudy_93
//Subjects=30
16  58  28 
-60  -68  0 
-58  -18  22 
-32  28  32 
-48  8  40 
-40  -32  54 
-50  -58  32 
-58  16  -2 
-38  -74  -46 
-12  32  -24 
2  40  2 
32  58  -12 
-10  -86  -8 
40  42  -22 
44  18  36 
-28  4  64 
58  6  -6 
-50  14  -34 
-2  -6  40 
28  8  -8 
-56  -8  -14 
-38  -56  -54 
-14  -26  -2 
-16  42  -22 
36  46  24 
-4  60  38 
44  4  38 
50  28  40 
36  6  -28 
-6  -30  -40 
44  48  0 
54  8  -18 
-4  24  30 
-4  -74  4 
-18  -102  2 
-56  -16  -8 
0  36  -32 
-34  -26  64 
-28  -2  64 
-4  24  38 
20  46  -10 
32  2  2 

//Reference=MNI 
//nullstudy_94
//Subjects=30
-10  -26  10 
54  4  26 

//Reference=MNI 
//nullstudy_95
//Subjects=31
-32  -14  -12 
-36  26  -28 
-66  -22  -18 

//Reference=MNI 
//nullstudy_96
//Subjects=30
-28  10  -2 
-6  42  -22 
-12  -44  60 

//Reference=MNI 
//nullstudy_97
//Subjects=31
-48  22  4 
40  8  -6 

//Reference=MNI 
//nullstudy_98
//Subjects=28
54  10  36 
-6  -32  -16 
-46  -56  -44 
-36  42  32 
24  14  -32 
-18  -34  64 
-56  -44  -24 
-44  -30  8 
42  12  22 
42  58  -2 
-54  -66  16 
-20  -40  -28 
-2  18  0 
34  46  28 

//Reference=MNI 
//nullstudy_99
//Subjects=28
36  10  22 
22  10  -30 
28  50  26 
36  30  22 
-46  -36  42 
-22  -64  -24 
-8  -40  -52 
-50  16  36 
-50  34  -12 
-36  34  4 
-8  56  -2 
2  40  52 
-56  -18  -30 

//Reference=MNI 
//nullstudy_100
//Subjects=29
22  58  20 
-10  -18  72 
-26  -60  40 
-2  44  -28 
-38  -6  60 

