//Reference=MNI 
//truestudy_1
//Subjects=19
45  -65  -6 
46  -66  -7 
46  -64  -9 

//Reference=MNI 
//truestudy_2
//Subjects=21
47  -65  -6 
44  -65  -6 
46  -67  -8 
46  -66  -5 
46  -66  -9 
44  -67  -6 
47  -65  -6 
46  -66  -7 
46  -65  -6 
45  -66  -7 

//Reference=MNI 
//truestudy_3
//Subjects=19
46  -67  -5 
46  -66  -5 
47  -66  -4 
45  -66  -6 

//Reference=MNI 
//nullstudy_1
//Subjects=19
-14  50  -22 
-20  4  -8 
-42  -40  14 

//Reference=MNI 
//nullstudy_2
//Subjects=21
42  38  28 
-42  -46  -50 
-4  6  -2 
10  28  20 
-20  -60  30 
28  8  -40 
20  22  40 
-24  60  26 
-36  4  4 
-12  44  -28 

//Reference=MNI 
//nullstudy_3
//Subjects=19
20  52  -8 
-18  -62  -6 
-22  -60  58 
-34  -4  -24 

//Reference=MNI 
//nullstudy_4
//Subjects=19
28  22  54 
-4  56  -18 

//Reference=MNI 
//nullstudy_5
//Subjects=20
-6  40  -2 
-14  42  46 
-2  28  -2 
-8  -84  -46 

//Reference=MNI 
//nullstudy_6
//Subjects=20
-8  6  -16 
2  32  -12 
14  62  22 
-52  -26  48 
-50  30  8 
-4  16  -10 

//Reference=MNI 
//nullstudy_7
//Subjects=20
56  4  20 
46  6  30 
-26  -60  -48 
-8  28  -12 
-22  2  -38 
34  30  0 
46  30  22 
-46  -24  48 

//Reference=MNI 
//nullstudy_8
//Subjects=20
-44  -76  38 
-46  -16  36 
-26  46  14 

//Reference=MNI 
//nullstudy_9
//Subjects=20
-56  -8  24 
42  50  20 
-16  -46  -22 
-16  -100  -6 
-46  -44  6 
6  12  46 
-6  -54  36 

//Reference=MNI 
//nullstudy_10
//Subjects=19
10  4  12 
-46  16  0 
-38  -60  -48 
38  14  32 

//Reference=MNI 
//nullstudy_11
//Subjects=21
-32  -40  -10 
-30  -42  -4 
-54  -64  18 
20  52  30 
2  32  -22 
-36  -10  -20 
38  16  42 
60  14  30 
-16  -42  -42 
-4  26  20 
-26  -14  46 
-56  8  8 
16  22  62 
6  30  -28 
-14  -76  -44 
14  58  6 
10  54  44 
-14  18  -12 
-10  -20  -26 

//Reference=MNI 
//nullstudy_12
//Subjects=19
0  2  2 
-14  -48  50 
-36  -56  -10 

//Reference=MNI 
//nullstudy_13
//Subjects=21
-38  26  34 
10  64  -4 
42  16  -32 
-56  -30  -14 
-22  44  -20 
18  6  -8 
-44  -76  22 
-34  -12  66 
-14  -52  -44 
-10  -2  40 
-28  -48  8 
-36  48  -2 
-10  -16  10 
-60  -18  28 
58  4  30 
-4  -54  -36 
-16  -86  20 
10  60  -10 
-36  2  -2 
-26  -96  -20 
-26  32  -18 
2  22  18 
-2  -74  0 
22  2  -20 
-60  -24  -12 
-16  -46  -26 
-48  -16  0 
-38  -48  -54 
-2  -74  -20 
40  42  22 
-12  -12  4 
-42  -4  58 
-20  -58  -54 
-26  8  58 

//Reference=MNI 
//nullstudy_14
//Subjects=19
-40  -50  16 
-52  -26  32 
-14  26  46 

//Reference=MNI 
//nullstudy_15
//Subjects=20
-34  -36  40 
-36  0  10 
-56  -60  -4 
40  32  28 
-18  -72  60 
20  52  16 

//Reference=MNI 
//nullstudy_16
//Subjects=18
-4  -6  44 
-52  -74  4 

//Reference=MNI 
//nullstudy_17
//Subjects=20
0  38  32 
6  6  56 
44  12  16 
-12  -64  62 
-40  22  18 
42  2  -20 
-4  -48  -50 
-22  -68  60 
-38  -18  2 
32  2  42 
-10  -50  -16 
-8  -44  -16 
-8  18  36 
-6  26  30 
-34  -56  -16 
-8  -90  0 
-8  -72  -26 
-32  -32  18 
-22  -50  -44 
-36  60  10 
-42  -28  -4 
-42  -52  14 
-22  -52  -26 
-62  0  4 
-40  8  -14 
-12  -16  44 
4  24  40 
-10  -54  -28 
10  4  48 
48  16  48 
-10  -2  -12 
-26  -48  72 
-52  -42  48 
-10  -38  -46 
-58  -56  44 

//Reference=MNI 
//nullstudy_18
//Subjects=18
34  14  -42 
-40  -50  -22 
-34  -32  38 
-60  -64  20 
-48  28  38 
26  58  26 
-12  -40  -48 
-64  -48  12 

//Reference=MNI 
//nullstudy_19
//Subjects=19
-28  12  10 
-20  46  16 
0  8  2 
-14  8  18 
-12  -80  50 

//Reference=MNI 
//nullstudy_20
//Subjects=21
-56  12  30 
-34  6  -20 

//Reference=MNI 
//nullstudy_21
//Subjects=20
26  52  24 
-2  -64  -2 

//Reference=MNI 
//nullstudy_22
//Subjects=19
30  30  48 
30  14  -18 
4  22  2 
-8  58  -8 
-40  -80  10 
-26  -56  -22 
10  10  14 
30  12  -44 
24  54  -6 
-10  36  52 
4  60  22 
-8  -60  -20 
-44  42  -18 
12  48  -8 
-26  -72  -52 
-8  -86  -14 
-58  -56  22 
36  4  -40 

//Reference=MNI 
//nullstudy_23
//Subjects=21
-50  8  12 
-14  -34  -12 
62  4  18 
44  16  54 

//Reference=MNI 
//nullstudy_24
//Subjects=21
-54  -56  40 
-34  50  -6 

//Reference=MNI 
//nullstudy_25
//Subjects=19
-56  -36  52 
38  26  20 
-18  -90  26 
-20  -78  20 
-50  -38  26 
-38  -20  70 
-50  -46  50 
-52  -46  38 
4  36  14 
-66  -36  36 
-54  38  -2 
30  10  30 
-20  58  22 
-24  -76  8 

//Reference=MNI 
//nullstudy_26
//Subjects=19
-8  16  2 
-58  -18  0 
-36  42  18 
-22  54  -12 
12  52  -14 
46  14  -20 
-22  -30  0 
-4  18  -18 
-52  -26  40 
42  8  -40 
-12  -62  66 
14  58  34 
-54  -10  -22 
-10  -28  62 
-52  -52  8 
-2  -10  -6 
-34  32  20 
-66  -44  32 
-20  32  34 
44  12  -40 
-18  12  12 

//Reference=MNI 
//nullstudy_27
//Subjects=20
-6  -34  -14 
-28  -68  -4 
-46  34  30 

//Reference=MNI 
//nullstudy_28
//Subjects=19
-10  -34  72 
-28  -32  -26 
-32  -78  -46 

//Reference=MNI 
//nullstudy_29
//Subjects=20
-12  0  -22 
-32  34  24 
-42  22  8 
-28  8  -6 

//Reference=MNI 
//nullstudy_30
//Subjects=20
20  10  4 
-18  -64  -12 
-42  -78  -44 

//Reference=MNI 
//nullstudy_31
//Subjects=20
44  4  58 
-14  -102  -2 
-26  -94  16 
-12  -54  -58 
-2  -52  -12 
38  38  10 
-36  -6  56 
-38  24  2 

//Reference=MNI 
//nullstudy_32
//Subjects=21
28  46  26 
-10  -76  -26 
-8  -70  24 
-52  -6  -32 
-14  -82  14 

//Reference=MNI 
//nullstudy_33
//Subjects=20
-48  50  -6 
-28  -68  30 
10  26  58 
-46  -38  -4 

//Reference=MNI 
//nullstudy_34
//Subjects=21
-24  -58  -48 
-22  -78  34 
-4  4  54 
54  10  42 
-26  -80  -12 
-16  6  -26 
-34  -70  -10 
-4  48  -26 
30  34  2 

//Reference=MNI 
//nullstudy_35
//Subjects=20
18  62  14 
-66  -22  2 
-10  -52  0 
-32  -74  30 

//Reference=MNI 
//nullstudy_36
//Subjects=19
18  46  4 
28  66  -8 
-34  -24  52 
-8  -74  -38 
20  50  6 
-36  -56  -54 
-6  -66  -48 
-22  -4  -38 
24  64  -4 
-4  -92  -12 
-42  -66  38 
-16  -86  36 
-10  60  34 
-26  10  4 
-30  -34  -40 
-64  -8  36 
-2  -56  -64 
42  44  10 
-22  -8  66 
-52  -56  -48 
-40  6  -22 

//Reference=MNI 
//nullstudy_37
//Subjects=19
-6  28  64 
-66  -16  12 
-32  -54  -16 
-8  -94  0 
-40  -22  -4 
-52  -14  -40 
8  18  50 

//Reference=MNI 
//nullstudy_38
//Subjects=18
-18  -34  -42 
12  18  2 

//Reference=MNI 
//nullstudy_39
//Subjects=20
46  18  -16 
-50  -18  44 
2  28  -26 
-6  -32  -14 

//Reference=MNI 
//nullstudy_40
//Subjects=20
-32  24  30 
-12  10  64 

//Reference=MNI 
//nullstudy_41
//Subjects=21
-46  32  24 
4  34  52 
-28  -40  70 
-18  8  62 
-14  -32  68 

//Reference=MNI 
//nullstudy_42
//Subjects=21
-14  -90  40 
-8  -58  -26 
-6  -70  -16 

//Reference=MNI 
//nullstudy_43
//Subjects=19
-16  -8  24 
-20  -44  -30 
-8  40  46 
-24  -30  -16 
-34  44  38 
-42  40  -4 
-8  -34  80 
12  56  -8 
-52  36  16 

//Reference=MNI 
//nullstudy_44
//Subjects=20
-18  -62  -60 
-14  0  -2 
-32  -36  -32 
-10  -68  -16 
-50  26  6 
-12  -82  2 
-54  -22  6 
14  22  -20 
-12  -12  -32 
-28  -56  44 
-6  -52  -8 
-18  34  44 

//Reference=MNI 
//nullstudy_45
//Subjects=21
-46  30  34 
-2  22  68 

//Reference=MNI 
//nullstudy_46
//Subjects=19
-16  -28  -14 
-38  -60  34 
-50  -56  26 
-14  26  2 
-10  -32  80 

//Reference=MNI 
//nullstudy_47
//Subjects=19
-12  -34  6 
-18  -50  -28 
-10  -54  74 
-52  -40  14 
32  30  -20 
-16  -86  -26 
-6  -70  6 
-2  -50  -70 
-12  12  -6 
-10  -2  14 
-40  14  -12 
-28  0  -48 
-44  6  38 

//Reference=MNI 
//nullstudy_48
//Subjects=21
36  46  -10 
-20  12  -14 
62  2  -12 

//Reference=MNI 
//nullstudy_49
//Subjects=20
-28  -68  26 
-56  -4  22 

//Reference=MNI 
//nullstudy_50
//Subjects=23
38  40  34 
-28  -58  -28 
-14  -80  -40 
-48  48  -6 
64  2  -18 
-60  -36  26 
-20  -34  -16 
-56  -46  14 
-30  -20  -18 
40  40  38 
-16  -60  -54 
28  18  8 
44  20  20 

//Reference=MNI 
//nullstudy_51
//Subjects=20
-24  44  38 
54  24  18 
-48  -28  6 
-12  10  46 
60  8  2 
-10  -94  8 
-18  -50  -6 

//Reference=MNI 
//nullstudy_52
//Subjects=19
-22  -28  -20 
46  14  -14 
4  20  52 
-46  -68  -8 
-4  24  48 
22  30  36 
-12  30  -22 
62  14  28 
-44  -78  2 
-4  -36  42 
-26  -56  -20 
-4  26  50 
-54  -70  6 
-26  -100  10 
32  30  6 
-22  -72  -40 
-30  -88  -14 
-28  58  10 
-34  -18  -24 
-12  -64  -24 
-22  -42  -56 
-26  52  10 
50  4  48 
-24  -72  -46 
-38  12  10 
-20  68  4 
-28  58  -10 
-16  -86  -22 
-16  -52  52 
-62  -36  46 
-20  34  56 
32  24  -28 
16  8  20 
-22  6  48 
52  4  42 
-6  26  26 

//Reference=MNI 
//nullstudy_53
//Subjects=18
-36  -30  14 
-16  -42  74 
-14  -90  6 
-26  -36  -14 
-52  -4  48 
14  58  0 
30  16  30 

//Reference=MNI 
//nullstudy_54
//Subjects=22
42  22  -14 
-54  -24  42 
-50  26  28 

//Reference=MNI 
//nullstudy_55
//Subjects=20
-38  -66  -30 
-16  -78  -56 

//Reference=MNI 
//nullstudy_56
//Subjects=20
-22  -42  -28 
-14  2  -14 
-22  -86  38 
32  52  -18 
50  44  20 
-2  -16  -20 
-34  -48  0 
38  12  56 
-48  -56  40 
-52  38  -10 
-46  -10  56 
-52  -76  24 
-54  -10  -32 
-50  14  -28 
14  30  56 

//Reference=MNI 
//nullstudy_57
//Subjects=18
-10  -34  4 
-64  -24  4 
18  48  -14 

//Reference=MNI 
//nullstudy_58
//Subjects=20
50  14  0 
-36  -80  -36 
-6  8  -24 
-28  22  -6 
-46  20  10 

//Reference=MNI 
//nullstudy_59
//Subjects=21
-18  -52  64 
32  20  -2 

//Reference=MNI 
//nullstudy_60
//Subjects=21
4  36  2 
-4  -52  -26 
-34  -78  -18 
4  32  16 
-20  -68  8 
-56  -36  44 

//Reference=MNI 
//nullstudy_61
//Subjects=20
-40  -62  -12 
-2  58  4 
-6  -62  38 
-10  -62  64 
-40  28  46 
-18  26  0 
-48  -56  -6 
30  6  2 
30  24  4 
-20  -82  30 
-2  66  14 
-36  -12  -32 
6  28  30 

//Reference=MNI 
//nullstudy_62
//Subjects=19
34  32  48 
-66  -50  24 
-46  -24  12 
-26  18  -30 
-18  -2  -28 
10  14  18 
-32  6  -24 
20  52  32 
-52  -70  8 
44  20  -28 
-16  -32  -28 
-28  -36  -6 
-30  64  -4 
-46  38  16 

//Reference=MNI 
//nullstudy_63
//Subjects=22
10  28  -12 
-18  -78  -56 
-44  0  2 
-34  4  -30 
18  16  -30 
32  2  14 
-22  -36  -20 

//Reference=MNI 
//nullstudy_64
//Subjects=22
10  52  8 
-6  -2  24 

//Reference=MNI 
//nullstudy_65
//Subjects=19
20  66  -16 
0  48  -6 
20  10  -44 
-26  -52  68 
-18  6  52 
-42  -58  58 
-46  -60  -36 
16  58  -2 
-34  -66  -40 
-36  4  -4 
-36  -66  4 
-32  -84  38 
-36  -82  4 
-2  -82  -44 

//Reference=MNI 
//nullstudy_66
//Subjects=21
-10  -90  -42 
38  4  -26 
-26  -42  58 
-58  -36  -22 
-14  42  -22 
-26  28  -4 
-16  -40  -24 
4  46  -6 
-20  6  -48 
-24  2  4 
-26  -40  -40 
-2  -38  32 
-12  -4  48 
12  8  16 
-40  -12  16 
-36  -52  -52 
16  38  58 
30  46  -8 
-2  -46  52 
-38  -50  -32 
-26  60  10 
-10  -62  12 
-54  26  -6 
-36  -46  -6 
-14  -8  -16 
-16  -30  14 
-10  -14  76 
0  32  58 
-16  -84  -32 
-42  -54  10 
-56  -26  22 
-42  -74  46 
-36  2  14 
-4  12  -4 
-6  12  26 
-64  -22  20 
-40  -20  56 
-34  -90  -10 

//Reference=MNI 
//nullstudy_67
//Subjects=20
-60  -18  -12 
2  60  30 
-8  42  -10 

//Reference=MNI 
//nullstudy_68
//Subjects=19
-4  -46  -50 
54  8  48 
-18  -80  24 
38  8  6 
44  10  22 
-48  34  14 
-48  -54  -20 
48  2  14 
-18  12  -40 

//Reference=MNI 
//nullstudy_69
//Subjects=21
-12  -48  -54 
-30  -30  62 
-20  6  -34 
-68  -10  16 

//Reference=MNI 
//nullstudy_70
//Subjects=20
-38  34  18 
-26  16  56 

//Reference=MNI 
//nullstudy_71
//Subjects=19
-42  -40  36 
26  8  -46 
-32  -76  -16 
-36  48  -8 
6  62  -8 
4  6  26 
-48  -44  -4 
-6  50  32 
-14  -6  -10 
-20  -16  66 
2  2  20 
-42  30  12 
-8  -64  38 
40  34  14 
-56  -14  22 
-40  -2  -8 
-40  -30  -26 
-24  -14  50 
10  72  10 
-6  8  4 

//Reference=MNI 
//nullstudy_72
//Subjects=21
46  26  -16 
-46  -14  14 
-50  16  12 
10  42  -24 
-8  -38  4 
-54  -60  32 
-38  -66  -6 
-66  -16  -22 
-14  -48  -64 

//Reference=MNI 
//nullstudy_73
//Subjects=19
-56  -54  -10 
-42  36  16 

//Reference=MNI 
//nullstudy_74
//Subjects=19
48  4  28 
-62  8  14 
-44  30  2 
-28  -54  -54 
-32  -38  -28 
30  34  40 
-64  -36  -8 
-24  -48  -30 

//Reference=MNI 
//nullstudy_75
//Subjects=21
-44  -60  2 
32  28  12 
-30  14  -18 

//Reference=MNI 
//nullstudy_76
//Subjects=22
-26  20  -14 
10  32  -16 
28  24  -14 

//Reference=MNI 
//nullstudy_77
//Subjects=20
-30  58  6 
-50  34  18 
-6  -64  -6 
-56  -42  22 
-18  -86  -14 
-58  4  -12 
-22  -54  -22 
-14  -44  -46 
12  22  -4 
-4  -14  50 
-40  -82  32 
-40  18  -42 

//Reference=MNI 
//nullstudy_78
//Subjects=19
-14  -88  30 
-32  -36  -18 
-12  -58  -28 
0  14  -10 
0  58  14 
-26  2  -16 
-48  -56  -46 
50  12  -6 
20  46  40 
-6  -78  -42 
-30  18  -18 
-4  -32  32 
26  36  24 
2  16  -18 
-38  -2  60 

//Reference=MNI 
//nullstudy_79
//Subjects=20
-10  -12  44 
2  62  24 
8  52  22 
6  26  30 

//Reference=MNI 
//nullstudy_80
//Subjects=20
4  24  36 
-28  -88  32 

//Reference=MNI 
//nullstudy_81
//Subjects=20
-10  -56  38 
-40  -80  34 
52  8  4 
-4  26  30 
30  10  -34 
-24  -2  8 
-18  -68  18 

//Reference=MNI 
//nullstudy_82
//Subjects=20
-48  -60  -36 
2  60  20 
10  18  66 
-26  18  62 
-4  -2  -8 

//Reference=MNI 
//nullstudy_83
//Subjects=19
12  32  58 
-40  -80  18 
-20  42  22 
12  22  12 

//Reference=MNI 
//nullstudy_84
//Subjects=19
-58  0  6 
-2  56  -26 
10  36  -18 
-60  -28  36 
-46  2  16 

//Reference=MNI 
//nullstudy_85
//Subjects=21
-38  -76  -10 
44  4  54 
-36  -6  20 
-62  -28  12 

//Reference=MNI 
//nullstudy_86
//Subjects=21
-24  -8  66 
-32  14  46 

//Reference=MNI 
//nullstudy_87
//Subjects=20
-54  -38  4 
-46  24  4 
-44  -68  -32 
-4  36  40 
30  22  -30 
-10  0  40 
-2  -64  52 
-6  -4  38 
-36  -6  18 

//Reference=MNI 
//nullstudy_88
//Subjects=21
-34  -48  52 
-16  -38  66 
40  32  22 
-16  -24  -4 
50  28  -2 
26  2  -14 
-36  -28  -16 
48  22  34 
-36  -76  12 
-12  -74  -16 
62  6  0 
-14  -76  48 
12  38  58 
30  26  54 
-42  -20  14 
-6  -68  0 
52  4  -36 
-10  -78  -52 
-54  -10  -40 
-8  58  0 

//Reference=MNI 
//nullstudy_89
//Subjects=20
-32  -78  42 
-60  -38  16 
-32  20  12 
-42  -22  -30 
-32  -68  -26 

//Reference=MNI 
//nullstudy_90
//Subjects=21
-48  -30  38 
58  12  -14 
-44  -54  -6 
-6  -88  42 
-46  34  6 
-2  34  40 
42  2  0 
-12  40  -6 

//Reference=MNI 
//nullstudy_91
//Subjects=21
-44  24  -18 
-44  -30  -18 
-66  -26  36 
-12  56  14 
4  20  8 

//Reference=MNI 
//nullstudy_92
//Subjects=20
42  2  34 
-60  -14  24 
-34  -16  54 
-22  0  -44 
-34  -12  -34 
-60  -8  -6 
-28  -80  48 
-26  -38  -10 
20  12  -8 
-32  22  8 
-30  22  -20 
-26  -70  -2 
-50  30  34 

//Reference=MNI 
//nullstudy_93
//Subjects=20
20  14  10 
-68  -40  -6 
-50  -72  2 
-16  -34  -42 
-66  -16  8 
-20  -78  8 
-60  -6  12 
-36  -72  32 
-16  -70  -28 

//Reference=MNI 
//nullstudy_94
//Subjects=22
-36  -12  -32 
-32  -68  54 
-38  -26  56 
-10  10  -30 

//Reference=MNI 
//nullstudy_95
//Subjects=19
-16  -76  -50 
-22  2  -24 
-12  -16  -30 
42  14  52 
-18  0  -14 
-28  -60  56 

//Reference=MNI 
//nullstudy_96
//Subjects=20
-16  -38  56 
-54  -14  32 
34  42  22 
-10  -60  44 
-2  38  4 
-32  -4  -44 
-12  -32  70 
-42  10  -8 
60  22  20 
-16  -84  42 
18  22  66 
-8  -80  52 
44  18  36 
58  2  42 
-32  46  8 
6  8  74 
-18  -80  -20 
40  42  20 
-28  -16  -12 
-32  -50  -22 
32  22  -18 
-42  -52  -32 
0  52  6 

//Reference=MNI 
//nullstudy_97
//Subjects=21
-20  -6  -32 
-52  -38  8 

//Reference=MNI 
//nullstudy_98
//Subjects=22
-60  4  34 
-24  8  70 
-38  40  34 
48  10  -38 
12  36  18 
-40  0  54 

//Reference=MNI 
//nullstudy_99
//Subjects=21
-26  -80  -46 
38  8  -30 
-10  40  -28 
-12  -58  4 
-4  -74  -10 
-26  -40  -50 
-24  -74  -34 
-34  0  -20 

//Reference=MNI 
//nullstudy_100
//Subjects=20
38  22  -22 
-30  26  48 
-12  62  -8 
-50  28  -16 
-32  -38  -6 
-2  -16  52 
-44  0  38 
-8  -34  80 
2  6  -18 
38  6  -4 
-30  -72  56 

