//Reference=MNI 
//truestudy_1
//Subjects=11
47  -66  -5 
48  -65  -4 
46  -66  -5 
46  -66  -6 
45  -65  -7 
46  -67  -4 
44  -66  -6 
46  -68  -6 
44  -66  -6 
47  -67  -7 
46  -66  -6 
47  -67  -5 
47  -65  -7 
45  -64  -5 
47  -68  -6 
47  -68  -4 

//Reference=MNI 
//truestudy_2
//Subjects=11
45  -67  -5 
45  -68  -7 
46  -66  -7 
46  -66  -7 
46  -66  -8 
46  -66  -6 
48  -66  -4 
46  -67  -7 
47  -68  -7 
46  -66  -6 

//Reference=MNI 
//truestudy_3
//Subjects=10
46  -66  -6 
47  -66  -7 
43  -67  -8 
47  -66  -5 
45  -64  -7 
43  -65  -7 

//Reference=MNI 
//nullstudy_1
//Subjects=11
0  56  40 
-20  -6  48 
-14  -34  16 
-10  -82  22 
-12  6  -24 
54  6  -12 
-24  -76  -32 
-26  -28  -16 
-32  18  -38 
20  2  20 
-10  -18  12 
8  24  30 
6  42  36 
-60  -24  -14 
-32  -50  70 
44  36  40 

//Reference=MNI 
//nullstudy_2
//Subjects=11
-22  14  -14 
22  4  -20 
-36  -74  12 
-4  44  -18 
58  20  20 
-52  6  8 
36  10  56 
-2  -52  -66 
-10  -28  72 
-38  26  -10 

//Reference=MNI 
//nullstudy_3
//Subjects=10
-12  -22  -16 
-6  -12  70 
-4  -86  -34 
-26  -36  50 
-2  -32  -40 
-32  -36  -46 

//Reference=MNI 
//nullstudy_4
//Subjects=9
-30  -76  50 
-30  -32  68 

//Reference=MNI 
//nullstudy_5
//Subjects=10
-28  -48  -16 
-30  -36  -40 
-48  -2  -8 
4  12  -2 
-6  40  22 
12  16  -22 

//Reference=MNI 
//nullstudy_6
//Subjects=10
-50  24  -2 
20  18  -6 
-18  60  30 
-46  -38  8 
-18  4  -32 
-14  -12  76 
-50  -76  6 
-56  2  -18 
-32  -34  -28 
22  36  56 

//Reference=MNI 
//nullstudy_7
//Subjects=11
-44  -68  36 
-20  -52  -62 
-26  -66  -30 
-60  -64  -14 
8  60  38 
-18  -4  -44 
10  72  10 
-46  -18  -4 
-56  -22  30 
-46  -52  -38 
-38  -82  2 
-2  -24  -22 
16  28  10 
-20  62  6 
-12  -58  -36 
54  4  -26 

//Reference=MNI 
//nullstudy_8
//Subjects=9
-22  -38  -30 
-12  -32  48 

//Reference=MNI 
//nullstudy_9
//Subjects=9
-58  6  -16 
-50  -30  24 
-20  38  -18 

//Reference=MNI 
//nullstudy_10
//Subjects=10
-48  -20  42 
14  32  56 
-14  66  0 
-10  52  44 
-40  -68  6 
-40  0  12 
-54  -28  38 
-44  2  0 

//Reference=MNI 
//nullstudy_11
//Subjects=11
60  16  28 
8  24  24 
-2  -86  8 
-46  -8  30 
18  46  -20 
-30  -32  16 
-38  -50  40 
-20  -52  58 
-54  -68  -10 
-4  -16  66 
34  8  -12 

//Reference=MNI 
//nullstudy_12
//Subjects=8
38  16  40 
38  10  6 

//Reference=MNI 
//nullstudy_13
//Subjects=10
8  36  12 
48  6  -28 
-52  6  -18 

//Reference=MNI 
//nullstudy_14
//Subjects=9
-48  -40  10 
-52  24  18 
16  22  52 
-66  -30  36 
-12  -82  -50 
-34  -70  4 

//Reference=MNI 
//nullstudy_15
//Subjects=10
-18  -88  12 
-44  16  46 

//Reference=MNI 
//nullstudy_16
//Subjects=11
-10  -46  10 
34  8  -10 
-48  -4  -18 
-36  28  40 
-18  -40  -18 
-26  -40  40 
-40  -80  26 
-44  -86  14 

//Reference=MNI 
//nullstudy_17
//Subjects=11
-42  -50  26 
-36  58  6 
52  16  28 
8  20  -14 
-42  10  -28 
-40  -8  48 
-12  -44  -34 
6  24  42 
-24  -2  -46 
-6  56  -18 
56  16  24 
-18  24  -26 
-50  -62  14 
-26  62  18 

//Reference=MNI 
//nullstudy_18
//Subjects=9
-34  2  42 
-10  -58  2 
-26  -74  44 
20  58  0 
-14  -44  58 
-36  -54  64 
-16  14  54 
-26  -64  36 
-46  52  -8 
60  12  12 
-26  12  66 
-50  -32  22 
-6  -4  46 
2  20  26 
58  18  26 

//Reference=MNI 
//nullstudy_19
//Subjects=11
-40  -76  -10 
-32  26  28 

//Reference=MNI 
//nullstudy_20
//Subjects=11
-46  -32  44 
-10  2  -24 
-10  2  -32 
24  64  -14 
60  12  32 
-24  42  -10 
-2  16  -2 
28  60  -2 
-24  2  -30 
-2  -64  -12 
-10  -38  76 
-44  -58  -30 

//Reference=MNI 
//nullstudy_21
//Subjects=10
-12  18  48 
-36  40  8 
38  24  36 
-4  -86  -28 
-2  -84  -44 
60  4  8 
-42  54  -4 
-40  -44  -42 
-8  -40  60 
20  56  40 
-4  -84  46 
34  10  62 
-46  -28  42 
-6  -14  18 
-34  -94  10 

//Reference=MNI 
//nullstudy_22
//Subjects=12
-32  -46  52 
-14  -32  48 
-2  -26  -4 
-42  -18  52 

//Reference=MNI 
//nullstudy_23
//Subjects=11
-46  14  34 
40  22  52 
0  48  30 
4  54  34 
-6  -36  -14 
-48  44  8 
-12  6  -4 
-24  -86  30 
-54  -54  -22 
-58  -34  -18 
-42  -8  54 
8  28  28 
14  52  -10 
-24  56  -20 
56  32  4 
10  62  18 
-48  -50  -10 
-10  -50  52 
-28  -46  -44 
2  40  18 
-22  -20  66 
46  36  6 
28  22  -12 
38  22  54 

//Reference=MNI 
//nullstudy_24
//Subjects=10
-12  -30  -30 
-40  -78  -24 
-50  -34  26 
50  10  22 
-18  -8  66 
-46  -34  14 
12  32  20 
-4  -66  -4 
-16  -66  16 
-22  48  14 
8  68  -16 
-64  -24  -26 
-50  -72  32 
32  16  -28 
-14  -102  18 
-8  16  6 
2  22  38 

//Reference=MNI 
//nullstudy_25
//Subjects=10
36  56  12 
-10  38  4 
-20  6  60 
-44  -74  18 
-22  -32  54 

//Reference=MNI 
//nullstudy_26
//Subjects=10
44  12  38 
-22  -36  72 
-26  66  -2 
54  8  20 
-44  -52  -2 
-48  18  0 

//Reference=MNI 
//nullstudy_27
//Subjects=10
22  40  -22 
-14  -62  40 
-4  -64  -22 
-20  -104  6 
-4  -64  -8 
-28  -56  -32 

//Reference=MNI 
//nullstudy_28
//Subjects=11
16  10  -30 
-22  40  22 
-40  52  2 
-6  -74  30 
-14  -94  -14 
-8  34  36 
-34  -56  -24 
-26  -82  16 

//Reference=MNI 
//nullstudy_29
//Subjects=10
-48  18  -18 
42  24  16 
-14  -6  20 
12  44  52 
-14  -28  22 
-8  38  -12 
-12  -82  -42 
-50  -18  12 
-34  -62  -42 
20  16  60 
34  24  46 
-16  -74  38 
-44  -58  44 
44  4  -44 
-30  -28  48 

//Reference=MNI 
//nullstudy_30
//Subjects=10
-66  -16  10 
46  14  18 
-24  -66  -6 

//Reference=MNI 
//nullstudy_31
//Subjects=12
-30  26  0 
14  26  34 
-24  -52  -46 
-2  -60  30 
-40  -8  58 

//Reference=MNI 
//nullstudy_32
//Subjects=12
52  22  32 
-54  -62  2 
-46  -34  18 
6  40  -32 
-20  -50  74 
30  24  38 
28  6  -46 
-38  -88  10 
46  2  0 
46  26  -14 
10  46  10 
20  44  22 
18  6  60 
18  48  38 
-48  30  -16 
-2  -80  12 
-56  -58  26 
52  32  34 
-18  -72  28 
-52  -38  -6 
-14  -44  -18 
-34  -86  -2 
26  4  -32 
8  40  8 
56  12  24 
46  14  -14 
30  10  6 
-38  -10  -44 

//Reference=MNI 
//nullstudy_33
//Subjects=10
-6  -26  78 
-52  10  -38 
-28  52  24 
-26  -64  -46 
40  36  -22 
-34  -46  2 
-6  -54  -58 
8  66  -6 
14  18  -20 
-68  -18  0 
-44  -60  44 
-48  -74  4 
-4  30  -24 
-22  -96  -12 
-34  52  22 
-40  42  -18 
-14  42  16 
-36  48  -10 
2  58  22 
-42  -68  22 
-2  -74  4 

//Reference=MNI 
//nullstudy_34
//Subjects=9
32  42  4 
32  6  12 
-24  -38  66 
28  20  52 
-28  -12  72 
-30  4  8 

//Reference=MNI 
//nullstudy_35
//Subjects=9
-54  -40  32 
-50  -36  -4 

//Reference=MNI 
//nullstudy_36
//Subjects=9
-66  -44  28 
32  56  30 

//Reference=MNI 
//nullstudy_37
//Subjects=13
-18  30  -20 
-34  -16  50 
4  48  -28 
-34  20  -40 

//Reference=MNI 
//nullstudy_38
//Subjects=10
-42  -68  48 
-12  60  18 
26  20  40 
-54  -56  -36 
-20  48  28 
10  26  58 
-36  -48  -26 
-6  -92  -10 
-20  -66  2 
-32  -68  18 
-18  -78  46 
22  20  -24 
52  18  26 
-56  -46  -12 
-26  -2  72 
-2  26  16 
-24  56  -12 
-2  -58  40 
14  2  -6 
-16  -66  -12 
-20  -58  -48 
10  8  -28 
-28  34  40 
-28  -40  56 
-52  -44  20 

//Reference=MNI 
//nullstudy_39
//Subjects=8
64  10  26 
-36  22  46 
2  4  26 
-14  -70  38 
-32  4  -48 

//Reference=MNI 
//nullstudy_40
//Subjects=8
-12  8  22 
36  10  50 

//Reference=MNI 
//nullstudy_41
//Subjects=12
-58  -48  12 
-34  22  34 

//Reference=MNI 
//nullstudy_42
//Subjects=10
46  18  -38 
-36  26  -28 
-32  -84  -42 
-50  -32  -2 
52  24  24 
14  48  -24 
-40  -62  -40 
-66  -42  12 
-34  -50  -34 
24  58  -16 
28  10  -38 
-20  -52  70 
26  6  -16 
-38  -10  -8 

//Reference=MNI 
//nullstudy_43
//Subjects=12
-24  -56  66 
-14  -66  -32 
4  28  54 

//Reference=MNI 
//nullstudy_44
//Subjects=11
-44  -42  30 
12  52  -8 
34  2  -44 
14  12  14 
26  16  50 
-36  10  58 
-40  -74  48 
12  46  34 
40  10  -34 
-4  -12  44 
-14  -8  -40 
-20  -8  62 
-44  -74  8 
-36  -28  -16 
-26  -4  0 
-18  -42  58 
6  6  72 
-54  -36  56 
-68  -40  6 
-60  -2  40 
-36  20  20 

//Reference=MNI 
//nullstudy_45
//Subjects=9
-26  -48  -40 
48  22  48 
-42  -26  62 
56  34  -4 
-24  36  46 
-36  -32  38 
-36  -4  -40 
-34  -12  -32 
-8  -78  48 
-34  4  -6 
-50  4  -6 
14  52  20 
-12  -30  -2 
10  56  20 
-36  -4  -2 
6  52  0 
-52  -42  4 
-48  48  4 
10  42  40 
16  52  -4 

//Reference=MNI 
//nullstudy_46
//Subjects=10
-38  4  6 
60  8  -28 
4  64  32 
-54  6  2 

//Reference=MNI 
//nullstudy_47
//Subjects=11
-46  -28  -26 
-30  10  50 
-48  -2  -40 
-26  40  -10 

//Reference=MNI 
//nullstudy_48
//Subjects=9
-18  -64  -44 
-26  26  -14 
2  52  0 
-26  -46  -32 
-10  -80  -26 
-24  -50  -10 
-22  36  -18 
14  20  52 
-24  12  -26 
24  52  -4 
30  32  48 

//Reference=MNI 
//nullstudy_49
//Subjects=11
-42  -8  -18 
-54  0  18 
-24  -6  64 
-4  -46  42 

//Reference=MNI 
//nullstudy_50
//Subjects=10
-42  -18  58 
-4  54  8 
-36  4  -18 
-60  -10  28 
-2  -58  66 
16  10  6 
-8  -22  -44 
44  4  -10 
30  14  64 
-18  -32  66 

//Reference=MNI 
//nullstudy_51
//Subjects=10
-12  64  20 
-66  -8  -16 
40  20  -20 
-22  -98  -20 
-20  -46  -6 

//Reference=MNI 
//nullstudy_52
//Subjects=10
54  38  0 
28  46  44 
-26  -42  -30 
-18  -60  -38 
-38  -44  -28 
-44  -70  -36 
-62  -10  -22 
6  24  -30 

//Reference=MNI 
//nullstudy_53
//Subjects=10
-16  -48  -10 
44  12  -14 
-32  4  66 
-22  -32  -30 
-20  -78  -30 
40  32  30 

//Reference=MNI 
//nullstudy_54
//Subjects=10
26  10  64 
-42  -18  -40 
-36  -38  -30 
6  22  6 
-16  38  -22 
6  36  -28 
-54  -26  46 
48  44  18 
36  10  24 
-18  40  30 
-36  -72  -24 
-56  28  2 
-36  -46  36 

//Reference=MNI 
//nullstudy_55
//Subjects=11
-54  -8  22 
38  8  -30 
-54  30  2 
18  46  24 
-58  -52  -20 
-62  2  -8 
-10  -92  16 

//Reference=MNI 
//nullstudy_56
//Subjects=13
-8  20  4 
-60  -54  20 
-42  14  -26 
-38  -52  -42 
10  20  48 
64  10  22 
-18  36  -22 
48  12  38 
-42  -66  -10 
46  44  -8 
-46  -46  -12 
-28  -44  -2 
-30  -48  44 

//Reference=MNI 
//nullstudy_57
//Subjects=12
-34  -72  6 
-30  8  -10 
-32  -24  4 
-16  20  -22 
-8  -32  30 
-40  -42  18 
8  2  62 
34  4  -36 
-38  -22  42 
-10  -42  44 
-34  14  24 
-26  46  40 
-12  56  4 
-56  -28  -12 
-52  -54  34 
36  18  -2 
-18  -74  2 
-54  18  26 
-8  -30  58 
-34  32  -12 
-34  8  10 
28  40  24 
-24  -62  2 
44  8  -18 
-4  -58  -20 
-8  -64  20 
12  36  18 
-32  6  64 
-26  40  22 
-52  -36  -2 
-56  2  30 
-60  -58  -28 

//Reference=MNI 
//nullstudy_58
//Subjects=11
-4  -32  -22 
-14  -20  62 
-58  -44  24 
-32  -62  -14 
-38  -46  36 
36  16  6 
-2  54  -2 
6  2  -8 
36  30  32 
-8  -74  44 
-22  -38  -44 
-40  -84  18 
58  30  14 
-18  -30  -2 
28  22  -18 

//Reference=MNI 
//nullstudy_59
//Subjects=10
-32  -46  -2 
-24  18  48 
-28  10  -18 
10  40  50 
-12  -38  6 
-54  -26  10 
-26  -32  -24 
2  32  36 
48  6  4 

//Reference=MNI 
//nullstudy_60
//Subjects=9
-34  -4  -34 
-26  -74  26 
34  40  12 
-18  12  -42 

//Reference=MNI 
//nullstudy_61
//Subjects=11
-34  -42  -8 
34  4  58 
-38  -58  -46 

//Reference=MNI 
//nullstudy_62
//Subjects=10
-44  -26  -24 
-8  -102  2 
-2  -54  36 
-58  16  10 
-18  -86  14 
-16  -70  -22 
-18  -14  62 
-26  -92  -16 
-20  32  -22 
-56  -46  30 
-38  -54  22 
-46  -68  12 
-8  16  -8 
-10  -28  72 
6  60  -20 
50  36  -14 
-4  -44  68 
-36  0  62 
-36  -54  46 
2  38  -14 
4  16  -22 
-22  8  -40 
50  12  6 
6  32  -10 
-60  -22  -10 
-54  -60  -24 
-56  -56  -18 
-58  -36  20 
-36  44  20 
-36  -66  50 
-58  -8  40 
-26  66  10 
54  10  22 
-8  -48  28 
-10  40  -20 
-62  -10  0 
4  40  -10 
-54  -14  0 
-12  -60  62 
-2  -90  -26 

//Reference=MNI 
//nullstudy_63
//Subjects=10
-50  -72  16 
-48  -60  34 
-32  -34  52 
-54  -40  48 
30  24  8 
-56  -30  56 
-56  -72  10 
-12  -56  50 

//Reference=MNI 
//nullstudy_64
//Subjects=9
-20  -28  2 
-10  -2  22 
-36  -54  -58 
34  14  36 

//Reference=MNI 
//nullstudy_65
//Subjects=11
20  2  20 
38  40  -18 
-4  28  -30 

//Reference=MNI 
//nullstudy_66
//Subjects=9
4  2  68 
-46  -24  44 
-4  -22  68 
38  36  0 
-64  -38  12 
-8  -48  -34 
-12  52  20 
-32  -80  34 
-12  28  -28 
-12  -64  -62 
-48  -26  -8 
6  46  48 
-36  14  -20 
-20  -76  6 
-22  -78  -6 
40  32  18 
-2  18  54 
-4  44  8 
-8  -82  6 
30  4  6 

//Reference=MNI 
//nullstudy_67
//Subjects=10
34  16  -16 
36  54  4 

//Reference=MNI 
//nullstudy_68
//Subjects=9
4  28  44 
-38  -70  10 
-50  -16  46 
4  56  14 
56  24  16 

//Reference=MNI 
//nullstudy_69
//Subjects=12
-2  -54  10 
-44  32  -2 

//Reference=MNI 
//nullstudy_70
//Subjects=11
4  4  68 
-48  -72  -34 
38  16  56 
18  44  42 
-32  -76  -8 
20  46  44 
-14  -14  4 
-58  -24  -24 
-2  -28  -14 
-46  -54  46 
10  6  60 
-32  -54  -26 
-34  -82  16 
-12  -72  36 
26  58  -4 
18  10  52 
-8  54  30 
-6  40  6 
-66  -54  10 
48  32  -18 

//Reference=MNI 
//nullstudy_71
//Subjects=10
-46  -30  -8 
48  12  -32 
-26  50  20 
-16  -38  22 
8  38  -8 
-46  -20  8 
-36  -36  -14 
-28  -10  -42 
-24  -60  -62 
-20  -4  -20 
-14  -14  -26 
-42  26  -24 
-62  4  -20 
-4  -20  -24 
-8  -6  8 
30  2  -36 
-6  -86  0 

//Reference=MNI 
//nullstudy_72
//Subjects=9
-10  -30  54 
-16  -52  -30 
32  12  42 
-30  4  -8 
-18  42  50 
-10  -82  -32 

//Reference=MNI 
//nullstudy_73
//Subjects=10
16  10  -4 
-32  34  18 
38  24  -4 
4  40  52 

//Reference=MNI 
//nullstudy_74
//Subjects=8
42  54  2 
-8  -54  -62 
-52  -38  32 
50  50  -2 
16  50  -4 
4  56  40 
-58  -32  -6 

//Reference=MNI 
//nullstudy_75
//Subjects=10
2  42  -2 
-30  58  -14 

//Reference=MNI 
//nullstudy_76
//Subjects=9
-8  -20  22 
-6  -36  -28 
-34  -32  -14 
-20  -60  28 
-8  -36  -18 

//Reference=MNI 
//nullstudy_77
//Subjects=9
-16  -44  0 
-44  -10  -18 

//Reference=MNI 
//nullstudy_78
//Subjects=9
20  52  -18 
-46  -44  60 
16  16  58 

//Reference=MNI 
//nullstudy_79
//Subjects=11
-8  -62  -60 
-22  -12  -22 
-46  -4  36 
-30  -82  -16 

//Reference=MNI 
//nullstudy_80
//Subjects=11
-10  -38  38 
-2  -62  -4 
-66  -38  -10 
-54  10  -26 
-10  -64  62 
40  38  -22 
48  12  24 
48  12  0 
-26  -8  66 
-36  -54  -20 
28  24  52 
20  60  -2 

//Reference=MNI 
//nullstudy_81
//Subjects=10
6  58  -26 
-40  -12  -8 
54  38  16 
-48  -26  62 
8  6  -14 
-22  -52  46 
-6  -38  76 
-10  60  22 
-34  -72  -30 
-28  44  6 
40  18  -12 
-18  -64  6 
-44  18  40 
-2  -2  0 

//Reference=MNI 
//nullstudy_82
//Subjects=11
-8  -58  -6 
10  68  22 
-68  -30  26 
-26  -64  -36 
-58  -50  40 
-10  -64  -6 

//Reference=MNI 
//nullstudy_83
//Subjects=9
-10  -58  -40 
-14  -14  -18 
-8  -72  -6 
-20  -96  8 
42  38  26 
-38  -76  22 
-6  62  -20 
10  48  44 
28  46  -18 
-46  14  -38 
-42  -8  56 
-10  46  -2 
26  56  -6 

//Reference=MNI 
//nullstudy_84
//Subjects=12
-10  -62  50 
-24  -22  -6 
-40  0  -2 

//Reference=MNI 
//nullstudy_85
//Subjects=9
30  28  48 
36  8  54 
-24  -48  -34 
-14  -4  28 
-14  14  20 
-56  -24  20 
-24  56  26 
46  32  -20 
12  20  -12 
26  4  -42 
-30  -42  70 
-26  44  32 
-8  -26  74 
34  4  -46 

//Reference=MNI 
//nullstudy_86
//Subjects=9
-34  8  58 
54  4  -40 
-8  -28  -24 

//Reference=MNI 
//nullstudy_87
//Subjects=10
-34  -64  -22 
-42  -78  6 
-20  -72  -12 

//Reference=MNI 
//nullstudy_88
//Subjects=12
-24  -56  66 
-50  -20  -24 
-28  -96  14 
-40  -56  12 
40  46  -20 
44  32  6 
-34  -4  14 
-54  -48  8 
-42  8  -36 
-18  -76  -48 

//Reference=MNI 
//nullstudy_89
//Subjects=10
16  56  10 
32  34  -22 
-16  12  54 
12  46  -26 
-30  14  28 
-24  -68  42 
-22  -82  -14 
-6  -22  14 
-28  -46  -20 
-54  2  -12 
-2  -28  -4 
-28  -96  -6 
-6  -90  -22 
0  6  -20 
50  6  0 
-64  -42  -24 
50  20  -2 
-8  -82  -24 

//Reference=MNI 
//nullstudy_90
//Subjects=11
-54  -38  -24 
38  30  6 
-62  -22  10 
-50  -54  -30 
-28  38  32 
-16  -68  -54 
-20  -76  52 

//Reference=MNI 
//nullstudy_91
//Subjects=11
-22  50  18 
6  16  70 
-22  58  14 
36  4  28 
-28  46  2 
-54  -8  32 
-18  40  48 
-26  -70  -20 
-34  14  38 
-26  22  48 

//Reference=MNI 
//nullstudy_92
//Subjects=10
-12  -42  -4 
-12  -48  46 
8  68  -2 
2  12  42 
10  64  2 
-52  -30  -32 
6  70  -6 
-12  -20  -6 
24  20  -40 
-12  -14  -16 
-60  12  28 
-42  -40  62 
-24  -54  44 
-16  20  -20 
-56  -56  -26 
-30  -78  34 
-50  -64  24 
-4  20  -14 
-56  -24  10 

//Reference=MNI 
//nullstudy_93
//Subjects=10
-12  24  30 
58  10  12 
-12  -82  6 
-38  32  20 
46  4  58 
-34  32  -6 

//Reference=MNI 
//nullstudy_94
//Subjects=10
-44  6  20 
-40  -72  48 
-18  -4  24 
-22  -6  10 
-18  0  -16 
-30  -14  -12 
-2  -2  8 
-16  66  12 
24  48  -20 
-12  70  0 
-70  -40  2 

//Reference=MNI 
//nullstudy_95
//Subjects=9
26  24  -16 
-60  -54  -24 
4  14  60 
-36  -44  52 
-20  -80  48 
-48  10  -38 

//Reference=MNI 
//nullstudy_96
//Subjects=10
-8  -58  -52 
-22  -4  46 
26  40  -20 

//Reference=MNI 
//nullstudy_97
//Subjects=11
-24  -32  76 
2  4  72 
-2  -18  -16 

//Reference=MNI 
//nullstudy_98
//Subjects=11
-62  14  12 
-2  -44  58 
-18  -100  8 
38  8  34 
-8  24  46 
-4  -58  -28 
-8  60  -24 
-46  -36  -20 

//Reference=MNI 
//nullstudy_99
//Subjects=11
-16  52  30 
-32  32  -24 
-4  -64  -18 
-22  2  46 
-36  -60  -30 
8  34  12 
4  64  -2 
-8  -2  -30 
44  34  10 
-12  -104  -8 
-50  -28  50 
-18  -6  74 

//Reference=MNI 
//nullstudy_100
//Subjects=10
-10  -8  16 
-34  4  4 
-40  6  62 
44  8  48 
-26  -12  46 
-62  -36  -10 
-10  30  32 
-6  -44  72 
-60  2  10 
-16  -42  44 
-44  -58  48 
16  10  70 
18  30  54 
-34  -58  -26 
-18  24  62 

