//Reference=MNI 
//truestudy_1
//Subjects=29
48  -67  -6 
46  -64  -7 

//Reference=MNI 
//truestudy_2
//Subjects=30
46  -67  -5 
45  -66  -6 
46  -66  -7 
45  -66  -6 
47  -68  -6 

//Reference=MNI 
//truestudy_3
//Subjects=29
46  -66  -5 
46  -65  -7 

//Reference=MNI 
//nullstudy_1
//Subjects=29
-32  -52  58 
-32  -64  -50 

//Reference=MNI 
//nullstudy_2
//Subjects=30
-8  -38  -20 
-18  -34  -16 
-16  58  14 
-18  8  -20 
2  4  46 

//Reference=MNI 
//nullstudy_3
//Subjects=29
-6  64  -16 
-24  -74  8 

//Reference=MNI 
//nullstudy_4
//Subjects=31
-20  -32  4 
-14  -66  58 
8  46  -20 
-6  -48  -42 
24  12  -42 
36  8  36 
-10  -18  66 
-4  18  28 
46  4  56 
-50  -8  -16 

//Reference=MNI 
//nullstudy_5
//Subjects=31
48  32  14 
-10  -36  14 
-10  -8  14 
-62  -48  14 
30  10  0 
-14  -98  -10 
-4  4  66 
-10  56  28 
-48  -30  0 
-4  30  30 
-2  44  2 
-58  -28  36 
-44  -8  -42 
20  24  4 
-48  28  38 
36  22  -28 
-8  34  16 
-10  -76  -30 
-4  -64  -48 
8  16  56 
60  26  4 
0  18  -14 

//Reference=MNI 
//nullstudy_6
//Subjects=31
10  54  -18 
-6  -60  -36 
44  4  18 
-32  -80  -20 
-32  40  -12 
-46  24  46 
-64  -52  20 
58  24  12 
-32  -78  -42 
-24  -64  38 
-48  -60  -48 

//Reference=MNI 
//nullstudy_7
//Subjects=31
-36  -50  -22 
14  10  -12 
-54  -46  30 
-2  -10  -14 
-32  -70  -56 
-40  -66  2 
-22  -78  42 
-48  -74  -32 
48  42  -14 
-12  -80  -32 
-4  0  -10 
-32  18  -14 
-66  -42  28 
48  32  -8 
-38  -36  24 

//Reference=MNI 
//nullstudy_8
//Subjects=28
44  44  -2 
-6  -60  -24 

//Reference=MNI 
//nullstudy_9
//Subjects=28
-6  -62  62 
-8  54  -8 

//Reference=MNI 
//nullstudy_10
//Subjects=29
-34  30  8 
-12  2  48 

//Reference=MNI 
//nullstudy_11
//Subjects=31
-54  -48  52 
-36  -82  -28 
-54  16  -12 
-38  -90  4 
-58  -54  20 
-38  -8  0 
-12  6  20 
8  4  66 
52  16  16 

//Reference=MNI 
//nullstudy_12
//Subjects=30
-6  -30  -16 
-34  -58  -6 
-68  -16  2 
-34  -90  -18 
-2  -42  8 
12  34  -12 
-46  -52  2 

//Reference=MNI 
//nullstudy_13
//Subjects=32
-18  10  -8 
-16  68  0 
-24  12  6 
52  34  -16 
-50  22  -14 
44  38  -8 
-12  -72  -36 
-32  -6  -36 
-2  -32  70 
-16  -72  -26 
-64  -32  0 
-44  -16  -12 
-60  8  2 
56  4  44 
-26  4  -44 
4  26  -24 
-38  26  8 
-48  14  -10 
50  26  -4 

//Reference=MNI 
//nullstudy_14
//Subjects=29
-26  -72  18 
8  6  28 
-40  -92  4 
-38  6  52 

//Reference=MNI 
//nullstudy_15
//Subjects=30
10  56  24 
-32  -80  12 
-26  -78  30 
-8  -50  10 
-26  -68  30 
-50  -34  -4 

//Reference=MNI 
//nullstudy_16
//Subjects=32
-20  -16  56 
-60  -56  40 
-42  -56  46 
-38  -58  -6 
36  12  14 
-18  -66  40 
44  6  4 
-18  42  42 
-10  26  32 
-40  -62  -36 
-42  6  8 
-4  -18  22 
-36  -48  -8 
-62  -50  -4 
22  46  24 
-6  -10  -26 
-8  -54  26 
2  32  16 
-16  -44  0 

//Reference=MNI 
//nullstudy_17
//Subjects=29
-14  -2  -18 
48  22  22 
-24  50  -10 

//Reference=MNI 
//nullstudy_18
//Subjects=30
-2  28  -20 
-2  -26  -48 
34  4  32 
10  56  34 
-36  -74  -54 
-52  -42  -16 
-40  -64  30 
-2  4  -10 
-34  18  14 
-10  10  54 

//Reference=MNI 
//nullstudy_19
//Subjects=31
-22  14  -26 
-62  -8  12 
-38  -66  -4 
-6  -76  44 
32  18  24 
-10  -48  -62 
-38  44  12 
-32  16  42 
-52  -34  54 

//Reference=MNI 
//nullstudy_20
//Subjects=30
-4  -88  38 
-28  -52  4 
-34  56  0 
-40  8  -32 

//Reference=MNI 
//nullstudy_21
//Subjects=29
-22  -30  20 
-8  24  34 

//Reference=MNI 
//nullstudy_22
//Subjects=29
-4  -40  -54 
34  4  -36 
-20  -24  26 
-8  -50  -4 

//Reference=MNI 
//nullstudy_23
//Subjects=30
-44  -74  28 
-34  0  -2 
42  16  24 

//Reference=MNI 
//nullstudy_24
//Subjects=31
-44  16  -20 
-16  -14  -14 
-22  -4  -40 
-8  -16  -14 
40  26  -10 
42  18  -4 
-24  52  30 
-32  0  46 
14  26  62 
-12  40  6 
-58  -38  -2 

//Reference=MNI 
//nullstudy_25
//Subjects=30
-6  34  -24 
-16  26  62 
-48  4  -4 

//Reference=MNI 
//nullstudy_26
//Subjects=31
-36  -38  56 
-14  -54  -36 
0  12  34 
-6  -90  26 
-38  -58  -10 
-36  12  26 
-32  26  50 
-32  -10  -4 
10  56  10 

//Reference=MNI 
//nullstudy_27
//Subjects=32
-18  22  62 
-50  -16  44 
-36  -12  54 
-2  16  54 
-36  -82  12 
-4  -26  42 
-62  -52  38 
-20  -42  -50 
28  32  46 
-62  -56  -2 
-2  22  -20 
-8  20  -24 
24  14  -12 
6  60  6 
-28  -66  60 
-40  -84  2 
-34  36  20 
44  56  -2 

//Reference=MNI 
//nullstudy_28
//Subjects=33
2  22  58 
40  4  28 
2  58  6 
-28  -66  -52 
-30  22  36 
-10  54  14 
-38  -76  34 
-58  -32  50 
34  6  -4 
-26  8  -12 
-58  -42  48 
-36  -92  -2 
-2  -72  -28 
-30  -24  64 
4  8  26 
-36  24  -16 
-26  -80  -2 
30  50  -6 
54  8  42 
-22  -44  6 
22  28  52 
-32  10  -32 
-58  -12  6 
-4  62  -20 
-4  -68  -22 
-50  -44  -44 
-20  -64  -12 
-42  -76  12 
-40  -58  -52 
-16  16  60 
-2  -38  38 
-44  -32  36 
-50  -6  46 
32  32  20 
4  36  30 
-44  54  2 
-26  4  12 

//Reference=MNI 
//nullstudy_29
//Subjects=30
-46  -54  40 
2  40  4 
-14  -56  6 
-4  -62  -58 

//Reference=MNI 
//nullstudy_30
//Subjects=33
18  18  56 
34  28  26 
-34  -90  -4 
14  6  18 
-30  14  -26 
14  20  -8 
-6  36  -30 
22  46  -10 
-56  24  8 
32  46  -14 
12  32  26 
-34  4  -28 
34  38  24 
-6  -20  60 
-32  -84  10 
-8  -88  -28 
-22  26  54 
-24  56  -16 
-6  18  2 
-20  62  26 
-32  -80  36 
-62  -24  -8 
-42  40  -8 
-26  -80  -16 
0  52  4 
48  14  -40 
-38  2  38 
-6  -76  -16 
-38  30  44 
4  6  -2 
26  18  -16 
22  26  -14 
-38  -4  -6 
-30  52  8 
-26  -58  -44 
-36  -2  16 
36  22  -14 
-70  -24  8 
-18  -4  -10 
-22  -92  -2 
-42  -30  -20 
-34  -92  -20 
-44  -58  38 
30  54  22 
-44  12  48 
-16  64  2 
-64  -22  -30 
-40  -22  -36 
-38  -2  14 
-12  -52  64 
-58  -48  30 
-30  52  -6 
-8  -40  -40 
-16  -70  62 
-58  -8  -36 
-42  -2  56 
-32  38  16 
-52  -70  38 
6  50  6 
-40  -34  20 
-4  -20  -14 
-4  -42  18 
-38  58  6 
-12  -60  36 
-10  22  -20 

//Reference=MNI 
//nullstudy_31
//Subjects=29
-36  44  4 
-12  8  -12 

//Reference=MNI 
//nullstudy_32
//Subjects=31
-6  -86  -4 
-30  -80  48 
-2  -76  54 

//Reference=MNI 
//nullstudy_33
//Subjects=29
-44  -16  -26 
-68  -18  -10 
-46  -12  -4 
-32  50  2 
-50  -20  -22 
38  52  -6 
20  62  24 
-30  -36  -18 
-2  -48  -26 
-12  12  42 
-30  28  32 

//Reference=MNI 
//nullstudy_34
//Subjects=29
-38  -68  -54 
-2  -76  12 
60  6  -22 
16  60  -22 

//Reference=MNI 
//nullstudy_35
//Subjects=29
6  14  32 
-20  -50  -50 
36  40  6 
-14  -50  48 

//Reference=MNI 
//nullstudy_36
//Subjects=29
-48  24  4 
-20  -98  -10 
-24  -36  -42 

//Reference=MNI 
//nullstudy_37
//Subjects=32
-20  -72  -56 
26  18  52 

//Reference=MNI 
//nullstudy_38
//Subjects=30
-44  -2  -46 
-38  -52  -12 
-38  0  -2 
-42  -82  4 
-38  30  26 
-48  -36  56 
-60  -2  40 
-44  -58  -28 
-22  46  -14 
-24  42  28 
-42  -48  6 
-30  -16  -40 
-30  -54  50 
-38  4  22 
40  34  0 
-46  38  -12 
-26  -22  -30 

//Reference=MNI 
//nullstudy_39
//Subjects=31
-40  6  -44 
-32  14  34 
-42  30  -18 
-18  -56  6 
-4  -34  -38 
30  44  -18 
44  4  44 
44  2  40 

//Reference=MNI 
//nullstudy_40
//Subjects=30
-52  30  0 
-38  -72  38 
-26  -48  -14 
20  64  -12 
-30  -88  28 
-38  -4  34 
-44  -12  -16 
-20  30  38 
-52  -54  36 
-62  -32  4 

//Reference=MNI 
//nullstudy_41
//Subjects=31
-12  -36  -38 
36  28  36 
-4  4  54 
42  20  32 
-28  10  -46 
-46  -24  48 
-42  -82  -12 

//Reference=MNI 
//nullstudy_42
//Subjects=30
32  14  12 
-2  -60  48 
-26  40  32 
-14  58  -10 
-2  -34  -30 
-28  -6  -12 
36  18  34 
-16  -66  26 
50  44  6 
-40  -78  12 
14  58  8 
-34  -84  28 
-16  -42  72 
-50  4  -36 

//Reference=MNI 
//nullstudy_43
//Subjects=31
-10  -34  6 
-2  34  48 
-10  -76  -2 
-14  -80  14 
-40  4  -44 
-60  -40  -14 
-26  -50  54 
48  38  2 
-32  -54  -8 
50  4  42 
-28  28  46 
-8  -68  16 
2  12  -18 
-44  -42  16 
-2  48  -24 
-40  -74  8 
-36  -36  -20 
-6  32  32 
-16  -38  -10 

//Reference=MNI 
//nullstudy_44
//Subjects=30
-40  -26  4 
14  6  74 
-44  50  -6 
-44  -26  52 
-44  40  -4 
-16  -46  58 
-2  -86  0 

//Reference=MNI 
//nullstudy_45
//Subjects=30
-26  22  40 
-28  -52  -50 
-26  -84  -38 
-32  8  26 
6  54  -20 
-56  -30  -30 
-56  -8  -12 
-8  22  2 
-54  -6  24 

//Reference=MNI 
//nullstudy_46
//Subjects=32
-52  -64  20 
12  42  -8 
20  62  10 

//Reference=MNI 
//nullstudy_47
//Subjects=29
-10  -8  58 
24  16  -8 
-6  34  -4 
48  44  4 
54  12  -14 

//Reference=MNI 
//nullstudy_48
//Subjects=32
32  24  0 
-30  -66  -58 
-42  -38  10 
-8  16  60 
38  28  -10 
-10  10  66 
-44  -52  50 
22  48  6 
-8  -54  -32 
-56  -12  48 
-48  2  -38 
-34  12  12 
-58  16  14 
-30  34  30 
-6  -28  52 
-4  -90  16 
-18  40  28 
-66  -28  18 
-20  60  0 
-32  -38  -2 
-8  22  32 
-4  -22  72 

//Reference=MNI 
//nullstudy_49
//Subjects=30
-8  -60  12 
-34  44  -6 
-24  -76  8 

//Reference=MNI 
//nullstudy_50
//Subjects=30
18  22  -24 
24  62  -12 
-6  -6  -28 
-14  -14  40 
-30  -4  -46 
22  10  46 
50  40  16 
8  40  46 
-56  -8  8 
-66  -40  4 
-34  40  28 
2  34  60 
-28  -66  34 
-46  30  20 
-12  -56  32 
-56  -66  10 
52  20  -20 

//Reference=MNI 
//nullstudy_51
//Subjects=31
-4  62  32 
0  24  16 
-48  -32  48 
42  54  -14 
4  6  20 
42  32  0 

//Reference=MNI 
//nullstudy_52
//Subjects=29
30  40  -16 
-6  20  46 
-46  -68  -2 
-6  -18  -20 
-38  50  -6 
-52  -2  -4 
-46  -66  18 
14  52  -24 
-28  -20  58 
-40  -26  -16 
-4  -38  -28 
-36  -86  8 
-24  -10  -48 
-8  -86  -10 
-54  2  28 

//Reference=MNI 
//nullstudy_53
//Subjects=30
-42  -38  -36 
-10  38  -28 
-32  10  4 
-22  -16  64 
44  18  52 
10  38  30 
-44  -56  -32 
-22  -34  -42 
-10  -64  56 
42  24  -20 

//Reference=MNI 
//nullstudy_54
//Subjects=30
-42  0  30 
0  36  6 
26  4  -48 

//Reference=MNI 
//nullstudy_55
//Subjects=30
18  4  -6 
-4  22  -14 
-48  -46  -40 
-18  -40  2 

//Reference=MNI 
//nullstudy_56
//Subjects=29
-32  -64  -12 
-2  -36  -62 
-18  28  40 
-20  50  20 
14  46  40 

//Reference=MNI 
//nullstudy_57
//Subjects=31
34  28  38 
60  28  12 
-16  -58  50 
-10  -22  12 
-10  32  52 
-46  -10  32 
10  40  -6 
-56  24  24 
-46  -12  14 
10  6  72 
-22  -2  44 

//Reference=MNI 
//nullstudy_58
//Subjects=30
-22  60  16 
-26  -76  -42 

//Reference=MNI 
//nullstudy_59
//Subjects=31
-16  2  74 
2  58  4 
-42  -70  -44 
-36  46  32 
-38  4  60 
-40  -14  -42 
-32  -36  -20 
-22  -88  -18 
-48  20  -22 
-36  -18  34 
-16  -60  16 
-20  10  -42 
44  26  20 
-14  -68  32 
-52  -40  -4 
6  64  28 
2  22  20 
-20  6  -20 
-10  -66  -14 
-30  -52  -56 
-26  18  -30 
-44  -74  -26 
-10  -90  -42 
-14  6  -24 
-20  -68  -48 
20  24  50 

//Reference=MNI 
//nullstudy_60
//Subjects=30
-22  42  50 
-60  16  14 
58  18  30 
-12  42  -6 
-18  -68  10 
10  24  56 
-6  -8  -30 
-56  -38  26 
10  34  54 
-54  -14  48 
-10  -82  40 
-50  40  4 
-62  -38  22 
-36  52  26 
10  6  40 

//Reference=MNI 
//nullstudy_61
//Subjects=29
-32  -14  2 
32  32  46 
-24  44  -10 
46  8  58 
-34  -4  -46 
-12  -74  -38 
-44  12  -10 
-58  6  -8 
34  20  -44 
-20  -46  6 

//Reference=MNI 
//nullstudy_62
//Subjects=30
-8  -6  -2 
4  48  44 
-12  20  64 
-50  8  -2 

//Reference=MNI 
//nullstudy_63
//Subjects=30
-22  -62  14 
-70  -36  6 
20  38  44 

//Reference=MNI 
//nullstudy_64
//Subjects=30
28  58  22 
36  12  2 
-44  -30  16 
-30  -24  6 
-20  -6  -14 
-30  44  10 
-16  -68  2 

//Reference=MNI 
//nullstudy_65
//Subjects=30
4  40  34 
-4  -66  8 
-20  -42  66 
-14  -72  20 

//Reference=MNI 
//nullstudy_66
//Subjects=31
-28  10  -26 
-16  -70  50 
-2  26  -28 

//Reference=MNI 
//nullstudy_67
//Subjects=30
34  48  -14 
-30  -56  -48 
26  50  32 
-2  -84  46 
66  2  22 
-2  52  -6 

//Reference=MNI 
//nullstudy_68
//Subjects=29
-28  0  -12 
-26  -48  -20 
-40  -2  58 
-46  -40  30 
-6  2  30 
-22  14  0 
-2  24  32 
-32  -8  0 
-28  -78  24 

//Reference=MNI 
//nullstudy_69
//Subjects=29
-22  60  14 
-20  -46  16 
-16  -14  70 
2  50  36 
-18  22  62 
-46  -74  -18 
20  20  2 
-16  -24  -34 

//Reference=MNI 
//nullstudy_70
//Subjects=30
-34  -56  56 
38  30  50 
32  56  8 

//Reference=MNI 
//nullstudy_71
//Subjects=30
54  26  22 
-18  14  66 
24  6  8 
-44  -66  40 

//Reference=MNI 
//nullstudy_72
//Subjects=29
-50  -22  8 
26  56  22 
-18  40  34 
4  26  66 
-42  -10  46 
-4  50  26 

//Reference=MNI 
//nullstudy_73
//Subjects=30
52  4  2 
-8  32  32 
-42  -16  56 
-2  4  -4 
-42  -54  34 

//Reference=MNI 
//nullstudy_74
//Subjects=30
30  44  28 
-58  -40  16 

//Reference=MNI 
//nullstudy_75
//Subjects=30
-12  -72  4 
40  24  38 
-4  -52  -22 

//Reference=MNI 
//nullstudy_76
//Subjects=30
42  20  -8 
-42  -6  -40 
-6  -24  -12 
8  26  -18 
-10  -54  42 
-46  -52  -4 

//Reference=MNI 
//nullstudy_77
//Subjects=29
-32  26  30 
-42  30  10 
-20  -46  64 
40  14  58 
-18  -6  -24 

//Reference=MNI 
//nullstudy_78
//Subjects=29
-14  2  -18 
-14  -92  -4 
-34  -42  0 
-16  -78  -50 
-34  20  14 
-22  -72  40 
-58  -46  -14 
-6  -12  0 
-24  4  70 
-10  -42  -52 

//Reference=MNI 
//nullstudy_79
//Subjects=30
-4  -8  16 
-32  -72  46 

//Reference=MNI 
//nullstudy_80
//Subjects=28
-44  -8  52 
36  50  24 
-26  -90  18 
58  8  -2 

//Reference=MNI 
//nullstudy_81
//Subjects=29
-26  20  34 
-40  40  -18 
-18  -80  48 
-40  24  -10 

//Reference=MNI 
//nullstudy_82
//Subjects=30
4  20  8 
-28  2  66 

//Reference=MNI 
//nullstudy_83
//Subjects=28
-58  -30  -16 
12  8  -14 

//Reference=MNI 
//nullstudy_84
//Subjects=31
-28  8  -20 
-44  -54  -22 
50  12  14 
-50  26  14 
-10  54  20 
-30  50  24 

//Reference=MNI 
//nullstudy_85
//Subjects=29
-18  64  14 
-2  12  66 

//Reference=MNI 
//nullstudy_86
//Subjects=30
-10  -104  2 
-44  -82  -18 
10  40  2 
-38  20  48 
34  18  44 
-42  -30  -4 
-14  -82  16 
-4  -74  -22 
46  24  42 
24  24  56 

//Reference=MNI 
//nullstudy_87
//Subjects=30
0  22  68 
-44  -6  -18 
36  58  -8 

//Reference=MNI 
//nullstudy_88
//Subjects=30
-10  -58  -56 
-26  10  50 
-42  -90  -10 
-22  -64  22 
-2  -82  -16 

//Reference=MNI 
//nullstudy_89
//Subjects=31
-10  -34  -32 
-56  -40  0 
-6  -26  -28 
-46  -6  12 
-46  -76  32 
56  20  36 
-16  -104  -4 
42  4  28 
-44  -30  54 
-20  -46  60 
-10  0  48 
-24  -42  -52 
-38  24  34 

//Reference=MNI 
//nullstudy_90
//Subjects=31
-34  22  54 
-10  -20  22 
-48  48  -6 
-6  66  -4 
2  46  38 
-10  60  -14 

//Reference=MNI 
//nullstudy_91
//Subjects=28
-34  -18  -34 
-40  6  -22 
-42  -46  12 
-40  -46  34 
-18  16  -12 
60  18  18 
-26  -32  -24 

//Reference=MNI 
//nullstudy_92
//Subjects=31
40  18  14 
-12  -12  28 
-14  12  -4 
-12  -64  -32 
-18  -90  8 
-40  52  8 
52  12  44 
-50  20  14 
-2  -20  -36 
-32  -70  -4 
-36  24  32 
-30  32  48 
-42  -10  -12 
-4  50  26 
-28  22  58 
2  60  14 
-28  64  -2 
-36  -50  36 
-44  12  -2 

//Reference=MNI 
//nullstudy_93
//Subjects=30
-38  36  10 
-70  -36  0 

//Reference=MNI 
//nullstudy_94
//Subjects=29
-30  -98  -4 
-4  -54  -48 
58  2  26 
42  40  2 
12  10  48 
-16  -78  26 
-6  -48  10 
-58  -18  -36 
-8  36  46 
-20  8  6 
-38  -74  -20 
-38  -84  -32 
-42  -32  -28 
-34  2  56 
-18  -94  -14 
-18  62  6 
-34  -72  -42 
-16  -2  74 
-4  -58  6 
-4  70  0 
-28  -46  70 
-8  -38  -52 
2  42  -12 
50  22  -26 

//Reference=MNI 
//nullstudy_95
//Subjects=29
-18  -22  -32 
-36  46  22 
-12  52  42 
26  28  28 
-18  -70  42 

//Reference=MNI 
//nullstudy_96
//Subjects=28
-12  -70  -42 
-2  -40  -14 

//Reference=MNI 
//nullstudy_97
//Subjects=29
38  6  -32 
-10  -52  68 
-36  54  12 

//Reference=MNI 
//nullstudy_98
//Subjects=30
-2  -60  44 
-32  50  24 

//Reference=MNI 
//nullstudy_99
//Subjects=30
-24  -96  -16 
-52  -28  2 

//Reference=MNI 
//nullstudy_100
//Subjects=32
-42  -22  42 
-48  -28  -24 
-12  -10  48 
52  30  28 

