//Reference=MNI 
//truestudy_1
//Subjects=11
47  -65  -7 
46  -66  -4 
44  -67  -5 
46  -67  -7 
46  -66  -6 
45  -66  -5 
44  -66  -7 
46  -67  -8 
46  -65  -6 
45  -66  -7 
47  -66  -6 
45  -67  -7 
46  -66  -6 
47  -65  -6 
46  -66  -8 

//Reference=MNI 
//truestudy_2
//Subjects=11
45  -66  -6 
46  -64  -6 
47  -65  -6 
46  -67  -7 
46  -67  -6 
45  -66  -5 
48  -67  -7 
43  -69  -5 
45  -67  -6 
46  -66  -4 

//Reference=MNI 
//truestudy_3
//Subjects=11
46  -64  -5 
48  -67  -4 
45  -67  -7 
48  -68  -7 
46  -65  -5 
46  -65  -5 
45  -67  -7 
46  -66  -6 
46  -65  -7 

//Reference=MNI 
//nullstudy_1
//Subjects=11
-18  36  46 
-8  14  18 
-34  -82  -34 
10  54  26 
-2  -54  4 
-14  -10  -28 
-4  44  -30 
-22  -2  -6 
58  20  12 
-8  -52  -56 
-20  -14  74 
44  40  -16 
-44  -36  24 
-14  32  58 
-16  -78  4 

//Reference=MNI 
//nullstudy_2
//Subjects=11
12  10  -18 
44  18  8 
42  14  34 
52  4  4 
-38  -18  -34 
4  46  -30 
-6  -18  70 
-14  -52  -30 
-56  -4  -28 
-18  0  26 

//Reference=MNI 
//nullstudy_3
//Subjects=11
40  10  14 
-22  -24  58 
-38  -36  -12 
0  56  32 
-6  30  60 
-8  -52  -48 
-26  28  44 
-42  -66  -12 
-4  -54  28 

//Reference=MNI 
//nullstudy_4
//Subjects=9
-32  -56  -52 
-8  4  38 
-20  -18  -24 

//Reference=MNI 
//nullstudy_5
//Subjects=9
2  38  -22 
-36  28  -22 
-68  -38  -18 

//Reference=MNI 
//nullstudy_6
//Subjects=11
30  4  -2 
-38  26  12 
-4  -104  8 
54  26  34 
-48  -44  -46 
-48  -70  -34 
-10  -22  2 
-32  30  -18 
2  16  -22 
-6  28  -18 
-22  62  16 
-38  0  -16 
24  52  40 
-28  2  -48 
-4  12  54 
-58  -44  -30 
-52  -2  -10 
-2  -6  32 
50  14  2 
-26  -86  10 
-6  -16  -4 
-8  22  36 
-14  -28  14 
-20  -54  -46 
-36  40  28 
-36  -14  -4 

//Reference=MNI 
//nullstudy_7
//Subjects=9
-46  44  20 
-4  2  -4 

//Reference=MNI 
//nullstudy_8
//Subjects=11
-64  -54  10 
-8  -50  16 
-46  30  4 
-54  -48  40 
18  18  8 
24  8  68 
-14  -68  -26 
-6  26  62 
-48  -70  -34 
-10  48  -14 

//Reference=MNI 
//nullstudy_9
//Subjects=7
-52  -26  -22 
-8  46  -4 

//Reference=MNI 
//nullstudy_10
//Subjects=10
-6  -92  -26 
-66  -34  30 
8  4  42 
24  22  -16 
14  52  -24 
-52  14  6 
16  44  8 

//Reference=MNI 
//nullstudy_11
//Subjects=11
-40  18  -32 
-20  60  -8 
16  40  8 
-36  50  -16 
-42  28  -4 
-16  -42  -30 
-20  26  34 
-20  -80  -4 
-10  26  52 
-4  -32  34 
-10  -94  -4 

//Reference=MNI 
//nullstudy_12
//Subjects=10
-12  -32  -22 
-54  16  14 
-8  -16  52 
-10  -72  -52 
-44  -8  -34 
-14  -72  -2 

//Reference=MNI 
//nullstudy_13
//Subjects=9
-32  -66  -44 
-34  40  18 

//Reference=MNI 
//nullstudy_14
//Subjects=10
24  50  18 
-38  8  24 
-20  -40  4 
-50  -56  -50 

//Reference=MNI 
//nullstudy_15
//Subjects=10
54  8  10 
-34  -26  -30 
0  20  -6 
12  2  -16 
-68  -26  -20 

//Reference=MNI 
//nullstudy_16
//Subjects=11
44  46  -4 
-14  66  -12 
-42  0  22 
-66  -52  12 
52  12  30 
-62  -24  46 
-40  -12  -8 
-64  -14  -24 
-26  -68  -8 
-64  -28  -24 
-44  -44  12 
6  14  68 
-20  2  58 
-4  -76  -50 
-12  -78  44 
-18  -84  2 
-4  -28  -20 

//Reference=MNI 
//nullstudy_17
//Subjects=11
50  38  18 
-36  -2  32 
-36  -40  -38 
50  48  10 
8  68  16 
-40  50  10 
-50  -4  -12 
-36  -6  -2 
-8  -16  -24 
-14  -62  -50 
-24  26  38 
-12  -26  80 
62  20  8 
22  6  -6 
-38  -14  22 
-10  -84  -24 
-36  34  -18 

//Reference=MNI 
//nullstudy_18
//Subjects=9
54  12  28 
22  56  26 

//Reference=MNI 
//nullstudy_19
//Subjects=9
-26  20  -12 
20  16  8 
22  40  22 

//Reference=MNI 
//nullstudy_20
//Subjects=11
-16  18  10 
-38  2  2 
10  32  34 
32  60  6 
-10  -30  -8 
-12  -94  -8 
16  4  68 
-28  -6  2 
26  54  10 
-12  -80  -38 

//Reference=MNI 
//nullstudy_21
//Subjects=10
30  8  -24 
2  2  -30 
-8  -50  -48 
16  52  4 
-38  0  -40 

//Reference=MNI 
//nullstudy_22
//Subjects=9
-42  -84  -28 
-40  24  12 

//Reference=MNI 
//nullstudy_23
//Subjects=9
4  8  66 
-58  16  30 
-2  -96  4 

//Reference=MNI 
//nullstudy_24
//Subjects=10
-54  16  38 
-36  -62  14 
-10  60  8 
-48  46  -4 
-56  -38  50 
-46  -72  -40 
4  8  66 

//Reference=MNI 
//nullstudy_25
//Subjects=9
-44  -50  -50 
34  12  -40 

//Reference=MNI 
//nullstudy_26
//Subjects=10
-12  -42  40 
-28  -68  -16 
4  34  10 
-4  -60  32 
8  52  -14 
-4  -68  -10 

//Reference=MNI 
//nullstudy_27
//Subjects=11
-2  -12  68 
-10  4  -34 
-60  -56  -20 
-16  -96  -18 
-28  50  -4 
-30  58  18 
-10  -42  -18 
-28  -70  -52 
-32  32  16 

//Reference=MNI 
//nullstudy_28
//Subjects=10
-16  -44  -48 
-50  -52  -32 
-50  -56  -42 

//Reference=MNI 
//nullstudy_29
//Subjects=11
-14  -48  4 
-34  -8  6 
-4  2  36 
30  20  -16 
58  20  0 
-20  -34  12 
-62  -30  -2 
-54  -12  -14 
-12  24  -16 
-14  58  34 

//Reference=MNI 
//nullstudy_30
//Subjects=10
20  28  -26 
-14  8  -24 
-6  -48  32 

//Reference=MNI 
//nullstudy_31
//Subjects=10
-46  -42  -38 
-22  -52  44 
-6  -36  54 
-34  -64  46 
-4  -24  68 
-30  -74  30 
-4  60  38 
36  40  28 
-4  -88  12 

//Reference=MNI 
//nullstudy_32
//Subjects=11
-32  -62  -48 
4  2  -24 
36  48  -6 
-26  -52  -56 
-42  -6  -20 
22  22  -14 
-36  12  14 
-38  -4  10 
12  20  46 
-26  -94  -12 
-10  -2  -32 
-16  -88  28 
-12  -82  20 
-56  8  -2 
-2  -60  -54 
-30  -44  -24 
-46  -4  44 
-52  34  22 

//Reference=MNI 
//nullstudy_33
//Subjects=10
-28  -48  60 
-8  -34  -40 
-44  -52  42 
-6  8  -26 

//Reference=MNI 
//nullstudy_34
//Subjects=10
-44  -30  6 
32  22  0 
-44  10  20 
-10  -68  2 
-32  -60  28 
-52  -80  2 

//Reference=MNI 
//nullstudy_35
//Subjects=10
-24  -66  6 
-48  -56  32 
-26  -78  -42 
-40  34  -12 

//Reference=MNI 
//nullstudy_36
//Subjects=11
-10  -66  -42 
60  10  4 
-44  -12  62 
-8  -12  -28 
10  46  52 
-18  -82  8 
-12  -70  58 
18  62  28 
22  56  -20 
-40  -46  -54 
-16  18  66 
8  20  38 
-46  -84  0 
-38  -46  -30 
-44  -34  36 
-34  -10  14 
46  16  46 
-26  20  -6 
-20  -84  -50 

//Reference=MNI 
//nullstudy_37
//Subjects=10
-60  6  2 
-44  10  36 
44  10  -26 
-20  20  38 
-50  -6  28 
-12  -50  -46 

//Reference=MNI 
//nullstudy_38
//Subjects=10
-30  -68  40 
-30  -22  10 
-10  -74  46 
-14  -44  -12 
-22  -38  -32 

//Reference=MNI 
//nullstudy_39
//Subjects=9
22  6  -48 
-20  -60  -4 

//Reference=MNI 
//nullstudy_40
//Subjects=9
-48  -54  -30 
-30  -14  -40 
-44  -46  -48 
-20  -74  -48 

//Reference=MNI 
//nullstudy_41
//Subjects=12
-6  34  34 
2  20  -4 
-20  -4  -36 
-34  -28  70 
-48  26  26 
24  4  62 
-12  16  12 
-4  -58  -6 
-22  -40  -44 
-44  -48  18 
-10  -56  40 
-40  12  58 
4  2  36 
-44  0  -38 
-36  -20  20 
-36  -24  -26 
-22  50  -16 
32  16  64 
50  46  2 
-42  -28  20 
-28  -54  58 
-44  -84  -4 
-10  -18  56 
-26  -62  42 
14  6  14 
-32  -54  56 
-58  -60  22 
-6  -4  -8 
-32  -48  66 
-2  -8  58 
-34  -8  4 
-50  -72  -26 
-16  2  -32 
-48  -66  26 
-58  -8  -34 
-32  -10  -22 
-20  -80  28 
42  18  22 
-4  -6  22 
-26  -20  -26 
-48  -26  54 
-60  -46  20 
-56  -50  2 
-50  2  48 
54  12  42 
56  4  34 
-54  16  32 
-36  18  -18 
32  14  52 
14  30  54 
-10  -66  -28 
-20  -50  70 
16  12  8 
-52  -2  -34 
-6  -40  -38 
-36  -56  -54 
-34  -6  42 

//Reference=MNI 
//nullstudy_42
//Subjects=10
-40  -32  -16 
-46  32  -20 
-38  -70  10 
10  4  42 
-30  -54  48 

//Reference=MNI 
//nullstudy_43
//Subjects=10
-2  -36  6 
2  58  20 
-6  -82  -6 
18  62  6 

//Reference=MNI 
//nullstudy_44
//Subjects=10
-12  -40  40 
-56  -66  -22 
-40  18  24 

//Reference=MNI 
//nullstudy_45
//Subjects=10
-50  -20  44 
-32  -98  -2 
18  70  -2 
-14  -20  22 
-24  -38  -34 
-52  -10  24 
-40  12  -40 
-38  -82  22 

//Reference=MNI 
//nullstudy_46
//Subjects=10
-10  32  52 
-58  -2  -20 
-10  -30  -20 
-48  -2  -14 
-22  28  -26 
-32  -62  36 
-40  -68  50 
-2  -82  -16 
-6  38  38 
-18  40  -16 
-14  46  42 
-42  -46  42 
0  44  -24 

//Reference=MNI 
//nullstudy_47
//Subjects=12
20  18  -20 
20  30  -18 
-4  64  30 
40  8  60 
52  12  30 
-24  -32  -12 
34  20  -10 
-14  -6  -16 
-34  16  52 
-8  -8  -2 
-6  -52  -60 
-28  -64  -12 
54  18  24 
10  58  38 

//Reference=MNI 
//nullstudy_48
//Subjects=9
-38  -44  -38 
22  56  4 

//Reference=MNI 
//nullstudy_49
//Subjects=9
-14  -60  70 
32  2  40 

//Reference=MNI 
//nullstudy_50
//Subjects=10
-28  -84  -30 
-42  38  -16 
-26  28  30 
-10  6  50 

//Reference=MNI 
//nullstudy_51
//Subjects=10
-32  6  -40 
-40  16  -42 
-50  -82  -6 
52  12  12 
-28  -4  -44 

//Reference=MNI 
//nullstudy_52
//Subjects=11
-24  26  -20 
34  2  8 
-64  -38  -20 
-12  16  52 
-18  36  42 
-12  18  -10 
-14  8  -14 
-26  46  18 
-14  -46  56 
-12  -44  -30 
-38  -60  -22 
12  50  36 
40  14  -8 
-2  -38  44 
-4  -28  -24 
-56  12  -4 
-4  38  48 
-6  46  18 
-38  -40  -48 
-22  -82  -16 

//Reference=MNI 
//nullstudy_53
//Subjects=10
-16  -88  -32 
-18  -56  -52 
-38  12  14 
-56  -56  -22 

//Reference=MNI 
//nullstudy_54
//Subjects=8
18  10  -16 
18  56  -8 

//Reference=MNI 
//nullstudy_55
//Subjects=11
30  12  50 
-42  -34  26 
-26  -66  -30 
0  24  26 
-46  -56  18 
-42  26  28 
-28  -26  58 
-12  -18  -22 
-14  -44  -28 
-12  -54  34 
-12  -36  -28 
-32  6  -4 
-48  42  0 
-50  8  -30 
-48  -16  30 
-10  -84  -40 

//Reference=MNI 
//nullstudy_56
//Subjects=10
16  34  24 
-16  -24  4 
12  62  0 
0  62  -18 
-42  -2  14 
18  4  -46 
-46  -34  52 

//Reference=MNI 
//nullstudy_57
//Subjects=11
-26  -90  -38 
16  64  10 
28  34  42 
22  28  38 
-8  26  46 
-40  -14  -8 
2  36  24 
-44  22  -8 
-26  -88  -36 
-2  -82  38 

//Reference=MNI 
//nullstudy_58
//Subjects=9
-50  40  14 
-40  -74  38 

//Reference=MNI 
//nullstudy_59
//Subjects=10
-60  2  26 
30  6  -36 
8  32  20 
16  38  54 
34  24  -40 
-62  -60  16 
-26  -64  -22 
48  30  36 
-44  -70  -40 
-28  -48  -16 
-4  -78  36 
-64  -8  -12 
10  32  -28 
-16  -40  -28 
20  42  30 
52  14  -26 
-10  -28  76 
24  24  -14 
-26  44  22 
-30  -62  -28 
-64  -16  -28 
-38  32  32 
-10  -48  0 
30  48  -8 
34  16  -10 
4  66  -12 
-8  -76  -22 
-48  -38  14 
-16  -30  44 
-4  -88  -10 
-30  -70  42 

//Reference=MNI 
//nullstudy_60
//Subjects=10
-58  -8  -2 
-48  44  14 
-26  -22  60 
-20  -82  42 
-16  30  40 
40  8  40 
4  26  32 
38  50  10 
-20  22  44 
54  14  -26 

//Reference=MNI 
//nullstudy_61
//Subjects=10
-56  -18  22 
-32  -86  20 
-62  -4  -26 
6  4  -18 

//Reference=MNI 
//nullstudy_62
//Subjects=10
12  2  16 
62  2  -18 
-64  -22  -24 
-44  -64  30 

//Reference=MNI 
//nullstudy_63
//Subjects=11
64  6  12 
34  14  -16 
-28  -80  -50 
-54  -24  34 
-54  -48  -42 

//Reference=MNI 
//nullstudy_64
//Subjects=8
-14  -28  40 
42  18  -8 
-54  -30  10 
52  2  -4 
-42  -16  -6 
-8  64  32 
-30  -74  -38 
-22  -4  50 
-20  -54  -16 
-36  48  30 
-12  -16  76 
-2  -34  74 
32  10  -14 
22  6  -10 
-16  62  32 
-16  -82  24 
-36  -4  56 

//Reference=MNI 
//nullstudy_65
//Subjects=10
-22  -64  8 
-30  -30  18 

//Reference=MNI 
//nullstudy_66
//Subjects=11
-36  -10  -42 
-14  -64  48 
48  22  -10 
32  50  16 

//Reference=MNI 
//nullstudy_67
//Subjects=10
26  48  -16 
-42  16  -16 
-2  -38  2 
-2  12  2 
-10  -84  -46 
-26  -86  -48 
-24  40  44 
10  62  -24 
14  52  -22 
-12  14  6 

//Reference=MNI 
//nullstudy_68
//Subjects=10
-48  -54  24 
56  30  8 
-22  -66  -58 
12  60  -4 
-24  -16  -22 

//Reference=MNI 
//nullstudy_69
//Subjects=8
-38  -2  48 
32  6  -28 
-32  -62  56 
-14  4  -24 

//Reference=MNI 
//nullstudy_70
//Subjects=10
-2  -16  -4 
-36  -6  -48 

//Reference=MNI 
//nullstudy_71
//Subjects=10
-14  -44  -10 
-32  -30  66 
-28  -44  56 
-64  -34  -10 

//Reference=MNI 
//nullstudy_72
//Subjects=10
-26  8  56 
4  18  54 
-26  8  42 
-40  -2  6 

//Reference=MNI 
//nullstudy_73
//Subjects=10
-62  -30  -10 
36  12  8 
-32  38  18 
2  60  10 
42  4  10 
-10  -78  52 

//Reference=MNI 
//nullstudy_74
//Subjects=9
30  34  -16 
-36  -16  58 
-62  -16  -10 
-36  -74  24 
-56  -56  32 
-8  -24  -48 
-56  -16  -6 

//Reference=MNI 
//nullstudy_75
//Subjects=11
50  8  -10 
42  14  56 
32  34  -2 

//Reference=MNI 
//nullstudy_76
//Subjects=11
-12  -78  38 
-44  36  -22 
-2  -82  44 
-8  36  6 
-2  -10  54 
-24  -52  58 
-42  8  -12 
-24  40  22 

//Reference=MNI 
//nullstudy_77
//Subjects=11
-30  -8  56 
-38  14  36 
-22  2  8 
-52  18  -18 
48  42  -12 
-6  68  10 
-14  -28  68 
-68  -20  -10 
-16  -8  28 

//Reference=MNI 
//nullstudy_78
//Subjects=11
8  48  2 
-4  -50  30 
-2  4  34 
-16  -10  76 
-34  48  -12 
18  22  -22 
40  8  -44 
-12  44  20 
-10  -14  54 
-26  -66  52 
-8  60  16 
-46  -28  -24 

//Reference=MNI 
//nullstudy_79
//Subjects=9
-18  -66  60 
-56  -40  16 

//Reference=MNI 
//nullstudy_80
//Subjects=11
-18  10  54 
20  10  -10 
-32  -52  6 
56  8  40 
-48  -60  -52 
-16  -68  -60 
-32  -82  30 
-34  -2  -42 
-34  -16  36 
-20  -78  48 
-8  -58  -50 
36  2  -38 
-14  -72  16 
-28  2  54 
-30  -36  -10 
-26  56  32 
-4  -48  -12 
24  26  38 
-56  -10  2 
-44  -52  30 
-20  -10  -40 
-4  -6  50 
-4  14  70 
-44  -58  -32 
-44  -6  -22 
-38  28  -10 
-46  46  16 
18  22  -28 
-14  -78  40 
-6  34  30 
16  60  -22 
-2  -76  58 
-30  -36  -18 
-48  -6  -12 
46  16  -22 
-32  -12  2 
-46  -38  30 
34  38  -8 
50  2  -36 
-8  -28  76 
20  4  -2 
2  48  -16 
-2  -42  -18 
20  52  -18 
-28  32  -14 
-32  -20  18 
26  68  2 
-2  -14  20 
4  54  -14 
-48  -14  -18 
-14  50  14 
-46  28  14 
-10  32  60 
-26  -8  -44 
52  6  30 
-46  -64  -10 
-24  -40  -40 
-26  16  -40 
-2  -20  -34 
-10  -24  36 
44  18  22 
-36  18  -38 
-46  -20  -14 
-20  -96  -20 

//Reference=MNI 
//nullstudy_81
//Subjects=11
30  16  60 
-38  -18  66 
-24  -66  -60 
34  6  -6 
-48  0  -32 
-14  -44  66 
-48  -40  -22 
-52  -36  48 
-42  40  14 
-46  22  28 
-4  26  -30 
38  34  28 
-8  -88  -28 
10  46  24 
-18  2  -20 
-62  -58  28 
-4  38  46 
-26  -76  -20 
40  16  -14 
-14  -88  34 
-12  -12  56 
-52  0  2 
32  28  6 
-58  -64  -2 
-50  -6  42 
0  16  0 

//Reference=MNI 
//nullstudy_82
//Subjects=13
-14  -78  -32 
-18  26  48 

//Reference=MNI 
//nullstudy_83
//Subjects=9
-34  -70  -36 
-8  -46  44 
-4  -40  58 
-6  -46  -2 
-4  14  -16 
-42  -82  18 
-44  -70  40 
38  38  -6 
-54  6  -24 

//Reference=MNI 
//nullstudy_84
//Subjects=10
-22  18  -6 
-8  -50  -32 
-2  62  4 
-18  -92  -32 
34  10  2 
-30  -54  6 
-56  -38  32 
34  60  -6 
-46  -72  -8 
-36  -24  70 

//Reference=MNI 
//nullstudy_85
//Subjects=9
8  44  56 
-4  30  50 
-48  4  10 
-26  -64  38 
-60  -52  -28 
-18  -44  -28 
-6  -90  16 
-22  6  72 
-40  50  6 
-48  -36  14 
-18  -98  22 
-30  4  -50 
-20  34  -20 
32  22  38 
-8  -68  46 
-40  -2  52 
-36  -62  28 
-42  -24  42 
-62  -28  24 
-66  -18  12 

//Reference=MNI 
//nullstudy_86
//Subjects=10
-12  -86  36 
44  40  36 

//Reference=MNI 
//nullstudy_87
//Subjects=10
-40  16  10 
-52  -54  -20 
60  6  -26 
-46  -40  42 
-6  -78  -40 
-8  -42  -16 

//Reference=MNI 
//nullstudy_88
//Subjects=10
-4  56  -4 
-54  -26  28 
-42  -28  52 

//Reference=MNI 
//nullstudy_89
//Subjects=10
6  2  -10 
-4  -26  70 
-34  48  22 
42  38  -12 
-2  -90  10 
42  24  26 
-38  42  32 

//Reference=MNI 
//nullstudy_90
//Subjects=9
-32  22  0 
10  4  10 
-64  -22  -22 
-14  -50  -26 
-10  -60  -10 

//Reference=MNI 
//nullstudy_91
//Subjects=9
-8  -42  24 
-64  -6  30 
6  20  -26 
-24  -42  20 

//Reference=MNI 
//nullstudy_92
//Subjects=12
-50  -20  -26 
-42  -10  -12 
-30  -38  -6 

//Reference=MNI 
//nullstudy_93
//Subjects=9
-42  -70  8 
-4  38  48 
26  56  18 

//Reference=MNI 
//nullstudy_94
//Subjects=10
56  2  -4 
-20  -36  58 
48  18  38 

//Reference=MNI 
//nullstudy_95
//Subjects=11
-52  -48  30 
-62  -38  -18 
0  26  54 
-28  64  10 
-8  40  16 
-10  -50  28 
-50  -26  52 
8  36  30 
-56  -10  30 
44  44  4 
-24  -88  -16 
-48  20  -26 
-20  0  -26 
-28  -18  6 
-24  52  12 
-36  -26  0 
-26  54  24 
-12  -78  -18 
-36  -74  -28 
-10  30  -20 
-44  -10  56 
-48  -42  28 
-22  -52  44 
18  42  28 
-64  -48  8 
-4  -96  20 
-26  -26  -8 
-38  -44  66 
66  4  16 
-26  -92  10 

//Reference=MNI 
//nullstudy_96
//Subjects=10
-2  10  34 
-48  14  26 
-10  -40  -50 

//Reference=MNI 
//nullstudy_97
//Subjects=10
-38  36  44 
-44  -66  -20 
10  62  8 
-20  -52  -10 
36  22  48 
-28  -80  -50 
-18  56  -12 
-36  22  -38 

//Reference=MNI 
//nullstudy_98
//Subjects=11
-34  4  -10 
20  6  -10 
-54  -26  4 
-26  -94  -2 
-14  -52  -6 
46  32  30 
-8  26  -10 
-6  -44  16 

//Reference=MNI 
//nullstudy_99
//Subjects=9
8  10  -24 
2  6  36 
58  34  2 
-4  12  24 
-20  -62  -34 
-24  -2  52 
-14  22  -4 

//Reference=MNI 
//nullstudy_100
//Subjects=12
-10  -26  54 
-12  -42  -8 
-44  -74  -20 
-22  -84  -40 

