//Reference=MNI 
//truestudy_1
//Subjects=11
46  -68  -5 
47  -67  -5 
45  -66  -6 
45  -67  -7 
47  -65  -8 
47  -64  -7 
46  -65  -5 
46  -66  -7 
46  -65  -4 

//Reference=MNI 
//truestudy_2
//Subjects=10
46  -67  -8 
47  -68  -6 
47  -67  -7 
46  -67  -6 
45  -66  -6 

//Reference=MNI 
//truestudy_3
//Subjects=11
45  -66  -6 
46  -65  -5 
45  -67  -6 
45  -66  -6 
46  -65  -4 
45  -66  -7 
47  -65  -7 
46  -66  -7 

//Reference=MNI 
//nullstudy_1
//Subjects=11
-46  -18  8 
-2  -88  20 
-10  46  -24 
26  64  -8 
-14  -32  70 
6  20  56 
32  32  0 
12  10  -18 
-42  -28  14 

//Reference=MNI 
//nullstudy_2
//Subjects=10
40  20  -2 
-4  48  48 
-24  6  44 
-8  -88  -32 
-66  -20  38 

//Reference=MNI 
//nullstudy_3
//Subjects=11
-8  28  -14 
-52  -22  36 
-2  -14  -6 
-6  -72  -48 
54  6  -24 
-38  -64  -12 
-16  56  38 
-2  -52  26 

//Reference=MNI 
//nullstudy_4
//Subjects=10
-8  -6  52 
-4  -62  -14 

//Reference=MNI 
//nullstudy_5
//Subjects=10
4  60  26 
-32  54  28 
-28  -8  -46 
-22  48  -16 
8  12  36 
-52  2  10 

//Reference=MNI 
//nullstudy_6
//Subjects=9
-34  -58  22 
-44  -4  58 

//Reference=MNI 
//nullstudy_7
//Subjects=10
-16  8  20 
26  8  -2 
-8  -50  40 
-26  54  24 
-18  -4  -44 
-22  -34  8 

//Reference=MNI 
//nullstudy_8
//Subjects=8
-28  -30  -6 
4  56  -20 

//Reference=MNI 
//nullstudy_9
//Subjects=11
-36  -8  54 
-48  -32  -30 
-24  -20  -28 
-26  -32  -32 
-66  -34  4 
-12  -106  -4 
-34  -86  -18 
-34  10  -48 
-44  34  4 
38  2  0 
24  2  10 
-8  56  -26 
-34  -52  46 
-38  -84  -12 
-14  -18  38 
-6  -62  60 

//Reference=MNI 
//nullstudy_10
//Subjects=10
-6  -32  -44 
-42  -18  38 
-32  -36  -22 
34  16  10 

//Reference=MNI 
//nullstudy_11
//Subjects=9
-10  0  58 
-6  -18  80 
-46  38  -18 
-18  -98  -10 

//Reference=MNI 
//nullstudy_12
//Subjects=10
-50  4  -20 
4  28  -18 
-12  -102  14 
-28  -60  -24 

//Reference=MNI 
//nullstudy_13
//Subjects=10
-20  -54  -44 
38  56  22 
-36  -42  -54 
-10  -42  -22 
-48  -18  52 
4  56  10 

//Reference=MNI 
//nullstudy_14
//Subjects=10
-10  0  -10 
-44  -60  -32 
-42  -82  -16 
16  14  20 

//Reference=MNI 
//nullstudy_15
//Subjects=10
-28  -46  -46 
-42  -18  52 
-2  -40  74 
46  22  -30 
-20  -30  -2 
18  12  -6 
-20  -88  -2 

//Reference=MNI 
//nullstudy_16
//Subjects=8
-54  -16  -20 
-18  -42  52 

//Reference=MNI 
//nullstudy_17
//Subjects=10
6  6  42 
46  54  4 
-34  -58  46 
20  8  -4 
-34  -4  50 
-16  30  -24 
-68  -34  4 

//Reference=MNI 
//nullstudy_18
//Subjects=13
48  16  4 
-30  -76  -22 
-62  -46  10 
-38  48  22 
26  18  -10 
14  52  -14 
-38  -4  -40 
-14  -2  -30 
-32  24  50 
-20  -46  12 
-18  -80  -30 
-50  -62  6 
-8  10  48 
48  24  -16 
-58  -32  42 
8  18  56 
-42  -78  6 
-4  6  -10 
-40  -10  -48 
-12  20  52 
-42  24  -16 
-56  -56  22 
-48  -54  50 
10  28  -30 
36  50  4 
-14  4  -22 
-8  -66  46 
-40  -64  4 
-10  -6  48 
-38  -40  -32 
-6  -42  -60 
-26  -34  -48 

//Reference=MNI 
//nullstudy_19
//Subjects=9
50  16  42 
50  8  54 
-8  40  -28 

//Reference=MNI 
//nullstudy_20
//Subjects=11
-24  60  28 
-32  -70  -26 
-16  10  -38 
-44  10  -10 
60  4  -2 
-42  -8  -14 
32  4  32 
-4  -28  6 
38  28  38 
0  22  -30 
6  38  -32 
-40  8  -12 
-30  -76  14 
24  6  -46 
-10  -96  -8 

//Reference=MNI 
//nullstudy_21
//Subjects=10
-4  -84  32 
-10  -92  0 
-30  2  42 
-26  -6  -20 

//Reference=MNI 
//nullstudy_22
//Subjects=10
-36  -22  60 
-12  -14  6 
-18  -72  -44 
8  62  20 
24  48  12 
-40  -14  40 
-6  28  24 
-14  -54  -44 
-34  22  -30 

//Reference=MNI 
//nullstudy_23
//Subjects=10
-52  -14  40 
-52  0  18 
-28  -64  -28 
4  34  -16 
-6  66  -10 
-32  -36  70 

//Reference=MNI 
//nullstudy_24
//Subjects=10
-24  -94  -20 
-46  -50  30 
12  18  44 

//Reference=MNI 
//nullstudy_25
//Subjects=9
0  8  28 
-60  -18  0 

//Reference=MNI 
//nullstudy_26
//Subjects=8
-18  -36  48 
-44  12  -2 

//Reference=MNI 
//nullstudy_27
//Subjects=9
-12  -2  -40 
-20  42  44 
26  52  24 

//Reference=MNI 
//nullstudy_28
//Subjects=10
6  48  -12 
-44  8  36 
-42  -18  38 

//Reference=MNI 
//nullstudy_29
//Subjects=11
-46  40  -20 
44  2  8 
-50  -74  16 
48  14  0 
-48  -22  42 
0  48  -26 
42  50  10 
-38  -78  34 
34  28  32 

//Reference=MNI 
//nullstudy_30
//Subjects=11
-44  -22  58 
-48  -34  56 
-14  -10  72 
-66  -14  -12 
22  12  58 
-2  -42  44 
-20  -10  -30 
44  16  6 

//Reference=MNI 
//nullstudy_31
//Subjects=9
-4  -54  -18 
-44  48  16 

//Reference=MNI 
//nullstudy_32
//Subjects=8
48  16  36 
-16  -14  58 

//Reference=MNI 
//nullstudy_33
//Subjects=10
-40  -80  -30 
30  18  0 

//Reference=MNI 
//nullstudy_34
//Subjects=10
-40  8  22 
54  4  24 
-22  -68  22 
-50  -14  -6 
52  10  -38 

//Reference=MNI 
//nullstudy_35
//Subjects=10
0  18  54 
-8  -60  34 
-12  -80  4 
48  10  24 
-50  -4  -10 
-64  0  -4 

//Reference=MNI 
//nullstudy_36
//Subjects=11
-46  26  30 
14  26  24 
44  8  30 
-58  -28  36 
30  20  46 
-32  -22  -18 
-42  12  10 
-46  12  -6 
-4  -12  -34 
8  18  66 
-12  -62  38 
-36  34  2 
-58  -2  6 
-2  10  66 
-34  -2  -4 
-8  -88  36 
30  30  -22 
-10  -60  10 
-8  -84  44 
-8  52  8 
36  18  -32 
-26  -2  -18 
-22  -78  -42 
38  14  14 
-30  -50  46 
-48  30  2 
-36  -36  -22 
-50  -20  0 
-6  -98  -18 
-10  -10  6 
-42  -30  56 
2  38  42 

//Reference=MNI 
//nullstudy_37
//Subjects=10
-38  -20  12 
-58  -44  -14 
-66  -30  -22 
-16  26  -10 
-34  -28  66 
-28  32  28 
26  28  28 
-2  40  12 

//Reference=MNI 
//nullstudy_38
//Subjects=12
10  42  -4 
-42  32  14 
-44  -74  -6 
-32  -88  -32 
-36  -76  -18 
-42  -88  8 
-46  -58  -10 
-40  -82  -18 
-38  -70  -10 
18  64  10 
-16  -10  28 
-36  8  -24 
18  52  -10 
-20  52  6 
58  12  -4 
-20  68  2 
-30  40  16 

//Reference=MNI 
//nullstudy_39
//Subjects=10
-16  -62  38 
-2  -64  -36 
4  28  -12 
-10  -50  6 

//Reference=MNI 
//nullstudy_40
//Subjects=11
-62  -56  14 
-4  -54  62 
-6  -24  78 
-20  26  40 
-56  -28  40 
4  2  4 
-38  -60  0 
38  38  12 
-38  -60  -48 
6  64  26 
2  52  -8 
58  14  6 

//Reference=MNI 
//nullstudy_41
//Subjects=11
-38  42  22 
-8  -32  -30 
-8  -34  2 
-40  -24  24 
-12  -68  46 
6  62  -16 
-54  22  32 
-20  62  -12 
-46  -40  0 
-10  -28  18 
-52  4  40 
-38  42  18 
-26  -56  70 
-50  -48  16 
-26  -42  -8 
-18  56  6 
-36  -56  58 
-44  -52  -30 
-12  -16  -40 
-26  -60  60 
-64  -58  6 
-10  46  20 
-58  -36  36 
-12  -6  68 
30  18  64 
-38  -54  28 
-40  10  58 
6  14  48 
-8  -64  -36 
2  28  52 
-38  42  20 
-56  -62  -28 
-64  -30  36 
-10  -82  -52 
-28  6  60 

//Reference=MNI 
//nullstudy_42
//Subjects=10
-24  14  62 
26  32  56 
-40  -26  -22 
-8  56  2 

//Reference=MNI 
//nullstudy_43
//Subjects=9
-8  36  10 
10  56  4 

//Reference=MNI 
//nullstudy_44
//Subjects=8
-2  -16  34 
-18  -66  -42 

//Reference=MNI 
//nullstudy_45
//Subjects=11
-10  -68  58 
-2  -52  -10 
-54  -34  -4 
-34  2  46 
-4  14  -12 
-6  26  -10 
-30  54  -4 
30  14  -20 
-4  64  -16 
-18  -28  4 
-18  -70  -24 
22  34  -12 
38  18  -12 
-4  -94  -18 

//Reference=MNI 
//nullstudy_46
//Subjects=9
-30  48  36 
-24  62  22 
-4  -48  -10 

//Reference=MNI 
//nullstudy_47
//Subjects=11
26  32  52 
-14  -58  -40 
-32  10  -22 
50  2  -26 
-22  68  -2 
-56  -18  -36 
48  2  0 
-14  2  -8 

//Reference=MNI 
//nullstudy_48
//Subjects=8
-10  2  16 
-8  -78  0 

//Reference=MNI 
//nullstudy_49
//Subjects=10
-48  8  32 
58  18  22 
-10  2  44 

//Reference=MNI 
//nullstudy_50
//Subjects=8
-52  6  -32 
-2  -54  -46 

//Reference=MNI 
//nullstudy_51
//Subjects=10
14  28  34 
50  4  -16 

//Reference=MNI 
//nullstudy_52
//Subjects=10
-8  -62  -58 
-8  -40  -60 
-4  16  64 
-56  -32  36 
-16  -86  -32 
-22  -62  28 

//Reference=MNI 
//nullstudy_53
//Subjects=9
-34  -18  -32 
-6  70  -4 
-28  -56  -30 

//Reference=MNI 
//nullstudy_54
//Subjects=9
-60  -56  28 
0  38  -22 
-8  -20  -32 

//Reference=MNI 
//nullstudy_55
//Subjects=9
-34  -72  -42 
-6  4  -2 
-38  8  -18 

//Reference=MNI 
//nullstudy_56
//Subjects=11
-16  -78  -28 
-30  -66  4 
24  10  66 
-28  2  10 
-40  -62  -26 
-12  -68  56 
-36  -6  -2 
46  36  20 
-40  6  20 

//Reference=MNI 
//nullstudy_57
//Subjects=9
-26  40  30 
-14  -8  -36 
-20  54  28 

//Reference=MNI 
//nullstudy_58
//Subjects=9
-46  -62  52 
0  12  12 

//Reference=MNI 
//nullstudy_59
//Subjects=9
-20  4  -26 
-44  -40  -30 
-16  2  60 

//Reference=MNI 
//nullstudy_60
//Subjects=10
58  8  36 
-42  -82  -24 
-16  -68  -10 

//Reference=MNI 
//nullstudy_61
//Subjects=10
-42  -52  -36 
-26  12  44 
20  42  48 
-8  -50  26 
-64  -48  30 
38  8  4 

//Reference=MNI 
//nullstudy_62
//Subjects=10
-4  -60  -34 
-66  -14  8 
6  28  60 
-42  -76  -40 
40  16  30 
42  4  -30 
-22  -90  26 
-32  -72  42 
-20  44  36 

//Reference=MNI 
//nullstudy_63
//Subjects=10
-26  -8  60 
-2  -102  -10 
14  26  8 
-4  -30  26 
-32  -18  -38 

//Reference=MNI 
//nullstudy_64
//Subjects=8
-12  -62  -14 
-52  -76  -2 

//Reference=MNI 
//nullstudy_65
//Subjects=9
0  10  6 
-14  -50  32 
26  8  -18 

//Reference=MNI 
//nullstudy_66
//Subjects=10
-10  48  40 
-8  24  62 
-10  -36  -44 
-6  44  38 

//Reference=MNI 
//nullstudy_67
//Subjects=11
-18  -72  -48 
-50  -4  18 
20  48  40 
26  64  8 
-4  -24  8 
-12  0  58 
6  10  -12 
-34  -46  -50 
-24  -48  -14 
-42  28  30 
-30  -78  -38 
-4  -44  72 

//Reference=MNI 
//nullstudy_68
//Subjects=10
-2  -56  -12 
-28  -78  22 
22  62  0 
-20  -52  60 
-36  8  30 
-38  10  62 
-6  -102  14 
-18  50  -12 
-26  64  16 
4  34  -20 
10  18  60 
-30  -40  64 
14  6  -2 
12  50  32 
-46  -2  34 
-8  -26  -46 
-10  44  6 

//Reference=MNI 
//nullstudy_69
//Subjects=10
-42  2  56 
46  34  -4 
50  22  -8 
34  2  -44 
-40  -64  -18 
2  4  4 
-36  -92  16 

//Reference=MNI 
//nullstudy_70
//Subjects=10
-38  -4  8 
-36  -26  -32 
-38  -4  2 
-20  48  10 
16  16  18 
-28  20  -42 
0  18  56 

//Reference=MNI 
//nullstudy_71
//Subjects=11
42  20  0 
-6  34  10 
-22  -40  -12 
-54  -26  12 
-46  8  -26 
-36  14  -24 
-18  -14  -24 
-54  6  0 
-28  24  -32 
-2  30  0 
38  2  30 
24  48  -2 
30  26  -18 
-34  6  56 
-18  -50  -42 
-48  0  10 
-50  -48  -8 
12  24  -6 
2  16  -14 
-18  -16  26 
-16  -104  -10 
-10  -52  28 
-52  -24  56 
-10  -94  32 
-58  -20  14 
-50  22  28 

//Reference=MNI 
//nullstudy_72
//Subjects=10
44  8  36 
-50  -46  20 
-2  -80  6 
-40  32  0 
-14  -84  -42 
-14  -30  -34 
-34  -90  10 

//Reference=MNI 
//nullstudy_73
//Subjects=10
16  14  -30 
12  6  12 

//Reference=MNI 
//nullstudy_74
//Subjects=10
-18  68  10 
-24  -68  -54 
8  64  32 
-2  -68  -26 
-52  -44  36 

//Reference=MNI 
//nullstudy_75
//Subjects=9
-28  -64  58 
-18  -16  -34 
-14  -100  0 

//Reference=MNI 
//nullstudy_76
//Subjects=12
-16  -24  8 
-30  38  26 
42  30  -8 
-10  -86  6 
-28  -54  62 
-20  -82  -40 
-40  -30  4 
-36  -54  -18 
40  56  -6 
-28  10  -44 
-4  -18  50 
60  28  6 
-20  -42  -40 
-38  -64  -24 
-56  8  8 
-52  -32  18 
8  50  4 

//Reference=MNI 
//nullstudy_77
//Subjects=11
-26  -48  -50 
20  22  66 
34  52  -2 
56  6  -36 
-4  -4  56 
36  24  30 
-52  14  22 
-8  -46  -48 
-36  -52  40 
26  22  -2 
8  20  -14 
-2  -28  24 
-38  -52  54 
-28  -62  46 
-18  4  -24 
12  60  -14 
-66  -38  24 
-30  10  -22 
-4  12  4 
30  18  6 
-32  8  -18 
-48  -34  20 
-30  6  62 
10  32  38 
-14  -18  22 
-42  -78  18 
-30  -32  68 
-4  -4  30 
-18  -102  -8 
-4  -12  12 
-16  -50  -2 

//Reference=MNI 
//nullstudy_78
//Subjects=10
-28  42  -18 
-4  6  -24 
-52  4  26 
-46  -42  62 
-48  -12  2 
-14  20  -20 

//Reference=MNI 
//nullstudy_79
//Subjects=12
36  58  20 
-70  -40  0 
-52  -2  6 
-18  -80  10 
-66  -44  32 
-16  -84  -2 
-32  -44  50 
-42  24  36 
-58  4  34 
-50  40  -12 
-4  -74  40 
-30  -70  -20 
40  40  34 
-20  50  8 
-18  -44  46 
30  40  26 
40  56  -10 
-46  -36  34 
-32  54  10 

//Reference=MNI 
//nullstudy_80
//Subjects=11
-2  -72  -2 
-14  -104  -8 
-6  24  22 
-62  -38  22 
-60  -50  44 
-20  -72  -58 
-4  -82  -44 
-8  -26  -14 
-4  -68  38 
-32  -96  8 
-62  2  -24 
-4  -68  -54 
-44  -72  40 

//Reference=MNI 
//nullstudy_81
//Subjects=10
14  56  10 
36  6  2 
-10  -50  -48 
14  6  62 

//Reference=MNI 
//nullstudy_82
//Subjects=10
10  4  -8 
-4  -12  52 
-32  18  -12 
-12  -20  -38 
30  2  -40 
-28  26  -4 

//Reference=MNI 
//nullstudy_83
//Subjects=11
-42  2  -20 
-10  -28  72 
32  10  12 
-28  54  -2 
12  8  -8 
-34  -40  -52 
-4  40  6 
-42  -66  -44 
-10  34  22 
2  62  -22 
30  22  -10 
-12  -60  26 
-34  36  6 
-34  30  18 
-58  -28  48 
-12  -46  -50 
-10  -62  20 

//Reference=MNI 
//nullstudy_84
//Subjects=11
-32  -82  -32 
-40  28  42 
26  52  4 
-10  24  44 
-18  -4  24 
18  62  12 
-22  18  -24 
-34  24  10 
-32  -16  10 
-12  -100  10 
-38  48  -10 
-36  -24  16 
-10  44  -8 
-8  14  54 
-4  -8  34 
-4  -20  52 
-30  8  38 
-44  -30  -4 
-28  -20  66 
-22  -36  70 
30  42  -22 
-28  2  -32 
-60  12  26 
-42  -80  22 
42  14  24 
-12  -34  -46 
-18  -38  42 
2  52  -16 
-20  62  22 
-18  -28  -38 
-6  -40  46 
-42  -34  36 

//Reference=MNI 
//nullstudy_85
//Subjects=11
-12  -56  -18 
-4  -68  54 
-14  -56  -62 
-10  -28  -22 
-46  -18  58 
-10  40  14 
32  38  34 
8  60  12 
-6  -8  8 
-40  14  52 
20  52  22 
12  44  46 
-44  42  -2 
-10  -12  78 
-22  2  60 
58  2  14 
-66  -14  18 
22  16  54 
-56  -42  12 
-52  -36  2 
-8  -36  50 
-20  -16  -26 
-24  -2  10 
18  58  24 
-16  -76  -22 
-46  6  -10 
-34  -12  -46 

//Reference=MNI 
//nullstudy_86
//Subjects=11
-38  -12  -28 
40  44  34 
-14  -92  -26 
-40  -48  -34 
-42  -72  24 
-62  -22  22 
44  56  12 
-18  10  62 
-4  -76  -14 
-38  28  12 
-30  -86  38 
-52  -48  16 
-42  -40  34 
-40  -60  6 
-26  38  22 

//Reference=MNI 
//nullstudy_87
//Subjects=9
-14  -66  58 
36  26  46 

//Reference=MNI 
//nullstudy_88
//Subjects=11
-42  -40  -40 
-42  -46  -18 
-64  -52  22 
-34  -30  14 
-48  20  22 
-14  -14  62 
-2  -28  38 
-42  -62  40 

//Reference=MNI 
//nullstudy_89
//Subjects=10
-26  -46  -24 
-64  -54  -12 
-40  -72  -36 
22  60  -4 
-40  -56  30 
-2  -104  2 

//Reference=MNI 
//nullstudy_90
//Subjects=10
38  12  -36 
-28  -6  2 
26  14  -8 

//Reference=MNI 
//nullstudy_91
//Subjects=10
-34  -18  10 
-4  -96  -4 
-16  24  4 
-40  -82  -32 

//Reference=MNI 
//nullstudy_92
//Subjects=10
-4  34  48 
-60  -52  30 
30  56  -4 
36  32  38 
-22  8  -18 

//Reference=MNI 
//nullstudy_93
//Subjects=11
-6  -92  34 
-8  -14  72 
20  12  -22 
-44  34  24 
-16  0  -42 
-38  46  -14 
6  8  -30 
-22  30  38 
-50  -42  12 

//Reference=MNI 
//nullstudy_94
//Subjects=10
-20  -12  72 
-36  20  -26 
-46  -2  -24 

//Reference=MNI 
//nullstudy_95
//Subjects=11
-2  -72  -12 
8  28  26 
-8  -16  -22 
-14  -28  70 
-34  18  32 
14  14  34 
-50  -54  22 

//Reference=MNI 
//nullstudy_96
//Subjects=10
6  6  -6 
-26  -66  -58 
-26  -68  2 

//Reference=MNI 
//nullstudy_97
//Subjects=12
-2  10  -16 
44  46  20 
-34  36  -10 
-16  -78  8 
-42  -4  -38 
-54  8  -26 
-34  -20  44 
46  30  12 
0  30  40 
-20  14  62 
-24  -12  -30 
-24  0  -16 
-18  -40  -36 
-24  2  64 
36  10  -48 
-60  12  12 
-8  -60  -40 
4  50  -20 
-4  -98  12 
-32  -12  -44 
-10  18  16 
-2  10  40 
22  52  26 
-8  -26  78 
-56  -68  -20 
32  26  24 
20  6  2 
-50  -46  42 
6  14  34 
-16  -10  -30 
4  44  -16 
20  68  -2 

//Reference=MNI 
//nullstudy_98
//Subjects=11
64  4  22 
-30  -64  -40 
-24  -10  54 
-10  -40  34 
2  30  -8 
-20  -64  -34 
-36  -72  30 
10  32  62 
34  32  -8 
-6  44  32 
8  14  62 
-50  -26  -32 
-6  -62  2 
-16  -50  -50 
-52  -26  46 
28  42  26 
10  2  72 
-30  -86  12 
-10  -20  0 
-36  20  30 
-18  -32  58 
-38  14  46 
-42  -46  60 
-50  -4  -12 
-36  -56  -38 
28  12  68 
-28  18  0 

//Reference=MNI 
//nullstudy_99
//Subjects=9
-16  -52  -12 
-10  -20  42 
-58  -60  28 

//Reference=MNI 
//nullstudy_100
//Subjects=11
42  30  14 
2  6  68 
50  18  -26 
-38  14  20 
-34  42  -20 
-42  -50  18 
-38  8  -14 
26  24  62 
58  10  -16 

