//Reference=MNI 
//truestudy_1
//Subjects=30
45  -64  -6 
45  -66  -6 
46  -65  -6 
46  -66  -5 
46  -67  -7 

//Reference=MNI 
//truestudy_2
//Subjects=31
46  -66  -7 
47  -63  -6 
45  -67  -7 
46  -67  -6 
47  -67  -6 
46  -64  -7 
46  -67  -4 
48  -65  -7 
47  -62  -7 
46  -66  -6 
44  -64  -5 

//Reference=MNI 
//truestudy_3
//Subjects=30
47  -65  -6 
47  -68  -6 
44  -67  -5 
46  -66  -5 
46  -65  -6 

//Reference=MNI 
//nullstudy_1
//Subjects=30
-24  -32  -28 
-34  -46  -44 
6  20  2 
-28  -18  -12 
46  44  -12 

//Reference=MNI 
//nullstudy_2
//Subjects=31
-50  -22  -12 
-56  6  26 
-8  -82  -36 
-34  -58  22 
-50  -66  44 
-42  40  -4 
-8  58  -10 
-44  -48  58 
-44  -4  52 
28  54  14 
-52  -42  -22 

//Reference=MNI 
//nullstudy_3
//Subjects=30
-18  -74  54 
52  4  44 
-8  16  -30 
-8  44  16 
50  38  2 

//Reference=MNI 
//nullstudy_4
//Subjects=29
-14  -42  -30 
-56  -38  -24 
26  24  -18 

//Reference=MNI 
//nullstudy_5
//Subjects=29
-28  -70  -26 
-42  -4  44 
-48  0  22 

//Reference=MNI 
//nullstudy_6
//Subjects=30
-26  6  -26 
-18  -28  10 
28  38  22 
-32  -56  -38 
-16  -34  40 
44  4  -32 
-18  4  54 

//Reference=MNI 
//nullstudy_7
//Subjects=30
14  36  -20 
-54  -24  -28 
-12  -90  32 
-38  -12  48 
-56  -56  -30 
34  38  4 

//Reference=MNI 
//nullstudy_8
//Subjects=29
-54  -52  -14 
12  62  2 
10  12  -4 

//Reference=MNI 
//nullstudy_9
//Subjects=30
32  48  -16 
-32  -50  70 
-32  -28  22 
-36  6  50 
-30  -78  18 
-6  -40  -30 
-48  -54  -24 
-6  -2  -16 
-56  -8  -36 

//Reference=MNI 
//nullstudy_10
//Subjects=30
10  30  14 
-46  -2  34 
-42  -82  -6 
-6  -38  32 

//Reference=MNI 
//nullstudy_11
//Subjects=31
-58  -24  52 
6  48  -2 
12  16  50 
-2  -22  10 
-42  6  -40 
-54  -72  12 
52  4  -28 
66  8  12 
-44  -66  24 
-24  52  -14 

//Reference=MNI 
//nullstudy_12
//Subjects=30
-26  -58  42 
-16  -26  44 
-18  -42  -50 
26  40  24 
-44  2  -44 
22  14  4 

//Reference=MNI 
//nullstudy_13
//Subjects=30
-12  -88  6 
36  32  -12 
-10  -74  24 
-18  -62  8 
30  22  58 
14  30  54 
-26  4  -36 
-24  46  0 
40  18  -20 

//Reference=MNI 
//nullstudy_14
//Subjects=31
58  6  -32 
-62  -6  28 
-50  -26  -14 
-34  -88  28 
-34  -14  -2 
-24  -30  56 
10  36  -18 
6  10  -20 
0  46  16 

//Reference=MNI 
//nullstudy_15
//Subjects=30
4  42  2 
36  28  34 

//Reference=MNI 
//nullstudy_16
//Subjects=30
-30  -46  -24 
-30  58  18 
28  14  -42 
-16  -14  62 
-44  -2  46 

//Reference=MNI 
//nullstudy_17
//Subjects=30
4  46  48 
-46  6  -30 
-12  -66  -60 
4  6  74 
28  54  10 
4  54  -4 

//Reference=MNI 
//nullstudy_18
//Subjects=29
-42  22  46 
-40  -18  18 
-4  -62  -12 
4  52  38 
-40  -92  2 
-2  -34  6 
4  52  26 

//Reference=MNI 
//nullstudy_19
//Subjects=30
16  70  4 
-12  -32  50 

//Reference=MNI 
//nullstudy_20
//Subjects=30
-36  -62  -22 
-8  -2  -34 
36  44  -10 
-2  -76  -32 
-18  -30  -34 
-16  20  -12 
16  24  66 
-48  -12  42 
-4  52  12 

//Reference=MNI 
//nullstudy_21
//Subjects=31
-2  -54  -62 
-44  -38  34 
-32  54  -18 
14  58  -24 
0  26  -4 
-56  -56  40 
-40  -32  26 

//Reference=MNI 
//nullstudy_22
//Subjects=31
-6  52  -8 
56  2  -4 
-8  -80  12 
-16  -6  28 
0  20  48 
-28  -38  -12 
2  26  44 
24  26  -26 
-40  22  -30 
30  28  32 
-24  64  20 
-48  -42  56 
32  26  54 
-18  -74  -8 
-18  -32  -44 
-12  -76  24 
-24  -50  54 

//Reference=MNI 
//nullstudy_23
//Subjects=30
-10  -52  28 
-8  22  58 
-26  -48  70 
-32  -14  -2 
34  54  -6 
-58  -46  20 
-2  -38  -54 
-16  -12  -28 
54  10  -32 
-42  -66  -8 
32  6  -4 
-8  -10  76 
-8  62  32 
-66  -26  -4 
-16  -50  -54 
-36  -32  -20 
-60  -14  16 
-36  -40  -50 

//Reference=MNI 
//nullstudy_24
//Subjects=31
54  28  32 
-36  -14  -8 
-16  -94  28 
60  2  38 
12  66  20 
-46  2  38 

//Reference=MNI 
//nullstudy_25
//Subjects=31
-30  48  18 
-4  -36  -22 
-8  -2  36 
-38  -12  58 
-14  -92  -12 
-6  -80  -48 
-24  -16  50 
-34  -66  50 
-10  -36  42 
-20  -72  58 
-12  -72  -42 
-28  -12  -14 
-36  -4  -36 

//Reference=MNI 
//nullstudy_26
//Subjects=28
58  4  6 
32  6  -6 
-28  -4  62 
-22  4  -40 
-16  -78  24 
-30  -14  -38 
0  58  -8 
-4  12  66 
-60  10  -2 
-12  66  -4 
-8  -64  32 
-42  -52  30 
-30  52  -8 
-18  2  -16 
-20  -72  -52 
-34  -22  -36 

//Reference=MNI 
//nullstudy_27
//Subjects=30
-20  60  -14 
-54  -24  42 
-28  -44  -26 

//Reference=MNI 
//nullstudy_28
//Subjects=30
-10  -62  2 
10  20  0 
-32  0  30 
-38  -14  -18 
-6  -52  -22 
-58  -8  -14 

//Reference=MNI 
//nullstudy_29
//Subjects=31
-14  -40  -8 
-8  58  6 
-50  -28  58 
-38  -40  22 

//Reference=MNI 
//nullstudy_30
//Subjects=32
-24  42  -14 
-30  -84  4 
-46  -50  38 
-2  -76  -42 
-18  -42  -52 
-56  -10  44 
-64  -8  2 
24  64  -4 
-46  -72  -6 
-28  8  -26 
-8  58  32 

//Reference=MNI 
//nullstudy_31
//Subjects=30
-6  -20  16 
-22  -32  70 
-4  -12  10 
-8  -26  -16 
-6  -50  44 
-58  -4  -26 
-20  30  44 
-28  -68  -34 
-32  -12  60 
-64  -46  12 
-44  6  -34 
-46  -46  40 
-6  -26  -50 
-12  -42  78 
-8  -78  -20 
-42  -44  -48 
-8  32  60 
-50  32  -12 

//Reference=MNI 
//nullstudy_32
//Subjects=31
-6  -28  -12 
10  14  -6 
-8  -42  -60 
-18  -42  12 
20  14  10 
-34  54  -8 
-68  -24  10 
-12  22  -2 
-38  20  14 
52  46  2 
-28  -56  46 
-10  -50  14 
-8  56  -22 

//Reference=MNI 
//nullstudy_33
//Subjects=31
-64  -22  10 
-38  40  4 
-26  60  -8 
-6  -36  -46 
2  16  70 
-56  -50  26 
56  18  30 
-36  28  36 
-48  -16  -16 

//Reference=MNI 
//nullstudy_34
//Subjects=29
-12  -74  48 
34  46  36 
-40  -6  4 
-38  -52  -20 
26  28  -24 
-16  30  -20 
-42  8  4 
-8  -32  44 
-42  36  16 

//Reference=MNI 
//nullstudy_35
//Subjects=28
28  38  28 
18  60  2 
-4  -72  -32 

//Reference=MNI 
//nullstudy_36
//Subjects=30
16  46  12 
-64  -16  18 

//Reference=MNI 
//nullstudy_37
//Subjects=28
16  28  -20 
-46  -56  48 
6  60  16 
4  66  20 
-26  4  62 
-8  64  2 

//Reference=MNI 
//nullstudy_38
//Subjects=32
-18  -8  62 
-28  0  4 

//Reference=MNI 
//nullstudy_39
//Subjects=30
-40  44  10 
-12  12  -10 
-10  4  10 
-6  -16  10 
-12  -58  -52 
-14  54  -4 
-4  -14  42 
-22  4  58 
26  16  -30 
-24  -80  -54 
-54  -8  48 
-58  12  16 
-46  24  -8 
-26  -8  68 
-8  -64  64 
-10  26  4 

//Reference=MNI 
//nullstudy_40
//Subjects=28
-14  -90  -24 
-2  14  56 
14  20  -2 
-24  34  26 
-66  -32  -2 
-60  -56  -18 

//Reference=MNI 
//nullstudy_41
//Subjects=28
-32  -4  -40 
-50  24  30 

//Reference=MNI 
//nullstudy_42
//Subjects=30
-12  26  60 
44  28  -12 

//Reference=MNI 
//nullstudy_43
//Subjects=31
-34  -52  -60 
-52  -36  -10 
-2  24  -12 
-56  -30  32 
-58  8  -24 
-26  -50  -20 

//Reference=MNI 
//nullstudy_44
//Subjects=30
26  36  42 
-2  4  68 
14  28  22 
-36  -4  -32 
-4  2  32 
-12  -86  34 
8  38  -12 
-46  -12  -46 
-6  -54  -16 
-20  -60  -46 
44  30  -14 
58  6  -6 
-6  38  -18 
-4  50  -22 

//Reference=MNI 
//nullstudy_45
//Subjects=30
4  30  26 
-32  16  58 
-36  -8  20 
-22  -66  -4 
-42  12  -18 
-12  64  -6 
-4  -12  -10 
32  60  -12 
-4  -76  26 
26  2  -4 
26  14  -46 
-34  -14  14 
-22  0  -4 
-40  -64  34 
-36  -58  54 
-20  -24  68 
-14  2  -34 
-42  -36  -22 

//Reference=MNI 
//nullstudy_46
//Subjects=32
-14  -88  10 
-44  -52  36 
-40  -76  36 
56  6  -24 
-12  -42  -40 
-52  -8  -8 

//Reference=MNI 
//nullstudy_47
//Subjects=30
26  56  16 
-58  -56  4 
38  16  -12 
12  32  32 
4  58  22 
-54  -34  -16 
-46  4  -18 
-8  -42  -20 
-10  10  -20 
-16  -72  50 
-38  -4  -18 
-2  -72  -18 
0  32  -26 
-18  -48  68 
-48  42  22 
-28  22  2 
-20  -64  62 
-26  -48  10 
-44  -48  34 
-58  -58  -26 
-30  -68  -32 
-28  36  52 
2  22  16 
-14  -96  2 
-12  36  18 
8  58  2 
42  38  22 
20  42  32 
-36  -50  -6 
60  10  -2 
-42  -10  28 

//Reference=MNI 
//nullstudy_48
//Subjects=31
-52  2  44 
-36  34  24 
-36  -74  50 
24  42  46 
-12  32  54 
-28  8  -48 

//Reference=MNI 
//nullstudy_49
//Subjects=32
50  2  56 
-64  -24  -6 
-6  56  8 
-44  -74  -26 
14  14  56 
-16  -46  -52 
-26  -70  -24 
-22  14  68 
26  48  -10 
-26  -68  -22 
6  10  68 
-62  12  16 

//Reference=MNI 
//nullstudy_50
//Subjects=31
48  28  -8 
-6  -52  6 
-42  -4  -22 
-52  4  48 
-12  2  -32 
-48  -70  24 
-68  -32  -12 
-48  -4  38 
-30  -76  20 
-18  30  -16 
-60  12  20 
-28  18  38 
-52  14  38 
-56  -2  40 
44  14  14 
28  34  -18 
-6  40  -16 
-34  -52  52 
-20  38  -22 

//Reference=MNI 
//nullstudy_51
//Subjects=30
14  28  64 
-4  -54  -40 
-14  4  12 
-42  -8  -10 
52  30  6 
-56  -70  -6 
-32  -34  -20 
-50  12  -26 
10  46  24 
-32  -78  -10 
-12  -80  50 

//Reference=MNI 
//nullstudy_52
//Subjects=30
-62  -32  38 
24  16  -4 
-6  -8  -20 
-36  -48  -20 
12  6  -30 

//Reference=MNI 
//nullstudy_53
//Subjects=29
-22  -78  -54 
-40  -44  -16 
-18  -66  -32 
-16  20  -16 

//Reference=MNI 
//nullstudy_54
//Subjects=30
16  44  36 
36  10  62 

//Reference=MNI 
//nullstudy_55
//Subjects=32
-58  10  32 
-28  -80  46 
-58  -44  10 
-40  -8  -10 
-34  -70  14 
-24  -62  -14 
12  4  -36 
-52  -22  14 

//Reference=MNI 
//nullstudy_56
//Subjects=30
38  4  -38 
-12  20  8 
-34  -48  -56 
-4  48  38 
-4  -68  10 
-8  -74  -24 
-28  -50  -44 
32  24  34 
18  62  22 
-12  -62  10 
24  56  34 
8  64  -2 
-36  -76  14 
-18  -12  -30 
-2  -50  -6 
-22  -78  -10 
-40  52  0 
-30  50  2 
46  44  -20 
-6  24  -30 

//Reference=MNI 
//nullstudy_57
//Subjects=29
-26  30  50 
-48  -66  -22 
4  12  -18 
-40  -56  -32 
-16  -36  74 

//Reference=MNI 
//nullstudy_58
//Subjects=29
-14  56  26 
-12  66  14 
38  8  -48 
52  30  -10 

//Reference=MNI 
//nullstudy_59
//Subjects=31
14  4  -22 
8  38  32 
-8  -88  -6 
-10  -36  -46 

//Reference=MNI 
//nullstudy_60
//Subjects=31
-4  -62  -48 
34  56  -16 
-50  -60  34 
-6  -44  -2 
14  48  -24 
-62  -58  -4 
-38  18  -16 
-62  -46  28 
46  48  18 
-8  -42  -60 
-34  -78  32 
-54  -58  8 
8  62  12 

//Reference=MNI 
//nullstudy_61
//Subjects=30
-14  -32  -36 
-48  -76  26 
-6  2  72 
-34  -4  44 
-36  12  4 
-26  -34  -10 
32  60  -12 
-58  4  34 
-54  -76  -4 
-16  -6  72 
-12  16  40 

//Reference=MNI 
//nullstudy_62
//Subjects=30
-32  8  48 
-34  -14  50 
-20  -24  78 
-10  -18  42 
52  16  -16 
-32  30  -12 

//Reference=MNI 
//nullstudy_63
//Subjects=31
-4  -28  68 
-4  -36  64 
-26  -12  -16 
-32  14  2 
50  46  -12 
-22  -34  -32 
26  4  -50 

//Reference=MNI 
//nullstudy_64
//Subjects=31
-20  30  -16 
-26  -92  -10 
-6  -38  -60 
-32  -4  54 
-22  22  34 
10  64  -10 
42  30  -8 
-6  34  -20 
-16  -50  -6 
-58  16  18 
-44  28  42 
-20  12  -10 
-40  24  30 
-14  -32  38 
-12  20  -4 
-20  10  54 
-34  -38  14 
-2  46  -8 
-38  -54  -42 
10  22  54 
-6  40  54 
-46  -32  -26 
28  18  -4 
-12  66  4 
26  4  -14 
-2  -94  22 
-14  -60  16 
12  44  -14 
-10  -36  -20 

//Reference=MNI 
//nullstudy_65
//Subjects=29
4  58  -12 
-12  -16  -12 
-20  22  46 
-52  -56  44 
26  4  6 
-12  -98  -2 
22  30  -18 

//Reference=MNI 
//nullstudy_66
//Subjects=27
-36  -88  -8 
36  38  26 
-24  -60  68 

//Reference=MNI 
//nullstudy_67
//Subjects=32
16  58  34 
-12  -84  -14 

//Reference=MNI 
//nullstudy_68
//Subjects=31
-28  44  14 
-42  30  32 
-22  -98  -4 
-10  -64  4 
40  4  42 
-10  -8  8 
-38  -36  -8 
38  22  -16 
-30  44  28 
-4  -14  -38 
-32  -10  14 
-8  -8  -24 
-58  -30  -30 
-44  16  32 
-8  -40  -14 
-16  16  54 
-8  -68  32 
-18  -28  68 

//Reference=MNI 
//nullstudy_69
//Subjects=29
-16  -62  68 
-32  10  42 
-10  -2  -28 
-12  -46  -6 
-16  -54  -44 
-30  -12  -36 
-10  -62  12 
58  6  2 
52  28  -14 

//Reference=MNI 
//nullstudy_70
//Subjects=29
-66  -22  34 
-24  12  -40 
-60  -48  12 

//Reference=MNI 
//nullstudy_71
//Subjects=30
-24  52  12 
-30  58  22 

//Reference=MNI 
//nullstudy_72
//Subjects=31
-28  -8  -10 
-42  8  -12 
-14  0  -24 
-4  -72  56 

//Reference=MNI 
//nullstudy_73
//Subjects=30
-8  14  40 
-46  -58  22 
-52  14  22 
-8  -44  64 
58  8  12 
46  24  -30 
-34  34  34 

//Reference=MNI 
//nullstudy_74
//Subjects=30
-18  -76  32 
-2  -84  -20 
46  12  52 

//Reference=MNI 
//nullstudy_75
//Subjects=32
-40  38  38 
38  38  -20 

//Reference=MNI 
//nullstudy_76
//Subjects=31
-6  0  -20 
-48  -48  20 
-8  6  72 
-2  -26  -30 
-30  50  -12 
-8  -54  0 
-2  28  42 
32  26  -26 
-30  -28  56 
-12  38  54 
-12  -96  -10 
-14  -62  -62 

//Reference=MNI 
//nullstudy_77
//Subjects=30
-4  -52  60 
-42  -30  -4 
54  10  4 
-44  -56  34 
-56  -58  8 
0  64  8 
0  8  40 
-6  -2  14 
-20  -64  8 
28  58  10 
-2  -76  14 
-32  -50  66 
-46  -54  -14 
-34  8  -42 

//Reference=MNI 
//nullstudy_78
//Subjects=32
-22  16  60 
-4  60  -10 
-56  8  0 
-12  -76  -28 
-6  -102  -8 

//Reference=MNI 
//nullstudy_79
//Subjects=30
-16  -4  -12 
-38  -90  6 
-16  -82  18 
-52  -28  2 
-54  -6  4 
36  32  30 
-6  -92  -28 
-24  18  -26 
-50  -24  -6 
-18  -32  4 
-18  -28  -2 
14  28  6 
-20  -6  62 
-20  -42  -18 
48  4  -18 
-16  20  4 
-32  0  -46 
-38  -58  44 
-32  -54  -62 
-22  -70  16 
-54  -74  -12 
-28  -48  -48 
-20  -56  -34 
-40  -56  62 
-46  -30  16 
-4  38  32 
-6  -86  38 
34  28  10 
40  4  26 
-4  -60  -50 
14  24  -24 
-52  -20  8 
-58  -34  24 
-64  -4  32 
-34  16  22 
-20  -78  -8 
-58  -18  -2 

//Reference=MNI 
//nullstudy_80
//Subjects=29
-26  -20  -8 
-32  -78  -12 
26  56  10 
-64  -4  -8 
-34  -48  -12 
-6  -14  20 
-22  -52  -20 
-22  4  -30 
-46  -2  42 
10  50  -12 
-10  -2  -14 
-52  -44  36 
-10  0  -26 
-6  -4  48 
-50  -80  2 
12  10  34 
-44  36  -18 

//Reference=MNI 
//nullstudy_81
//Subjects=28
-34  -16  10 
-44  38  26 

//Reference=MNI 
//nullstudy_82
//Subjects=31
-10  46  -16 
48  8  6 

//Reference=MNI 
//nullstudy_83
//Subjects=30
-10  -56  -24 
34  36  20 
-50  -6  30 
-40  -66  48 
-36  -44  48 
-10  58  40 
-20  -72  28 
-8  -52  40 
-34  30  6 
-8  -34  64 
-32  -48  -30 
-28  6  48 
14  30  -28 
2  10  -10 

//Reference=MNI 
//nullstudy_84
//Subjects=30
48  36  18 
40  52  -4 
12  48  -20 
-24  10  48 
14  30  62 
-38  36  -10 

//Reference=MNI 
//nullstudy_85
//Subjects=31
-8  64  6 
-22  20  56 
30  2  42 
58  8  -28 
-4  10  -22 

//Reference=MNI 
//nullstudy_86
//Subjects=32
-36  -62  -24 
-20  -88  -18 
-2  42  36 
2  38  50 
-42  -42  62 
-14  -94  16 
14  54  38 
44  10  16 
-28  -92  -26 
-32  14  52 
-36  -20  -12 
-6  -88  -40 
-10  66  26 
-48  -28  -8 
52  10  26 

//Reference=MNI 
//nullstudy_87
//Subjects=31
-32  -28  -16 
54  30  16 
-38  -66  -14 
-38  -32  56 
-20  -2  6 
-40  -82  14 
-40  -46  66 
18  22  -2 
48  4  -16 
-62  -40  6 
34  36  18 
-44  -70  -24 
-46  14  20 
-42  -40  -36 
-6  -84  26 
-2  -82  26 
-40  -52  28 
-8  20  -6 
-50  -52  -10 
10  44  44 
-24  -50  -18 
28  12  40 
-4  -92  -6 

//Reference=MNI 
//nullstudy_88
//Subjects=30
-54  -14  -42 
36  52  -4 
-52  -58  10 
-4  -46  -56 
-6  -62  68 
-20  24  50 
-16  -26  -24 
-4  22  34 
-64  -20  32 
-50  -26  56 
-22  58  0 
-36  -40  52 
-64  -40  12 

//Reference=MNI 
//nullstudy_89
//Subjects=32
-68  -32  16 
-24  26  -12 
-30  20  56 
-8  -38  50 
-14  8  -16 

//Reference=MNI 
//nullstudy_90
//Subjects=29
-22  -40  -34 
-38  -18  -4 
-6  -42  22 
-18  -60  64 
34  32  36 
-60  -36  -2 
-44  -20  12 
-18  48  -22 
-28  -38  64 
-32  2  -46 
-22  -72  -30 
-18  -8  -40 
34  38  28 
-26  -18  -24 
-44  22  -12 
-50  14  -8 
-42  -72  -36 
-32  -48  38 
14  66  2 
-12  46  52 

//Reference=MNI 
//nullstudy_91
//Subjects=30
-16  -74  -42 
-42  -26  12 

//Reference=MNI 
//nullstudy_92
//Subjects=30
36  30  -4 
-18  68  -4 
-38  12  46 
-38  -2  14 

//Reference=MNI 
//nullstudy_93
//Subjects=30
44  10  8 
-12  10  48 
-4  60  36 
-6  -36  6 
28  48  -2 

//Reference=MNI 
//nullstudy_94
//Subjects=29
-42  -6  -42 
-30  -66  -54 
-24  -6  54 
-24  26  -14 

//Reference=MNI 
//nullstudy_95
//Subjects=29
-22  52  28 
-30  -30  74 

//Reference=MNI 
//nullstudy_96
//Subjects=32
-34  -20  18 
38  26  44 

//Reference=MNI 
//nullstudy_97
//Subjects=29
32  32  44 
-52  -46  -40 
6  26  -8 
-48  -30  -24 
6  14  22 
-58  -14  -32 
8  24  22 
-18  68  4 
-60  -42  46 
-6  -34  70 
-46  -86  -12 
-56  -4  48 
-20  -26  -20 
36  4  62 
-8  -52  60 
-10  -20  2 
20  34  -20 
-58  -36  12 
20  20  64 
-18  -28  26 
28  28  -8 

//Reference=MNI 
//nullstudy_98
//Subjects=29
36  16  -8 
48  2  46 
-32  -12  -28 

//Reference=MNI 
//nullstudy_99
//Subjects=28
6  4  44 
8  38  16 
-28  38  30 

//Reference=MNI 
//nullstudy_100
//Subjects=28
-30  -70  -30 
-20  10  -34 

