//Reference=MNI 
//truestudy_1
//Subjects=11
46  -67  -6 
46  -66  -6 
46  -67  -7 
46  -65  -6 
44  -67  -6 
47  -66  -5 
48  -65  -5 
47  -66  -5 
46  -66  -5 

//Reference=MNI 
//truestudy_2
//Subjects=10
46  -65  -7 
47  -66  -5 
46  -67  -6 
45  -66  -7 
44  -65  -7 

//Reference=MNI 
//truestudy_3
//Subjects=8
44  -65  -8 
45  -65  -7 

//Reference=MNI 
//nullstudy_1
//Subjects=11
-38  -20  -6 
-28  -94  -6 
2  52  12 
-16  56  28 
-24  -54  -48 
14  14  70 
-2  -90  34 
-18  -62  46 
-38  12  54 

//Reference=MNI 
//nullstudy_2
//Subjects=10
-26  -6  8 
-4  -18  34 
56  4  -4 
-56  -46  -12 
-22  -78  -46 

//Reference=MNI 
//nullstudy_3
//Subjects=8
-48  -74  -20 
-26  8  -8 

//Reference=MNI 
//nullstudy_4
//Subjects=10
-34  -74  14 
-48  -56  18 
-42  16  -26 
-38  -22  50 
14  66  -10 
-62  -12  12 

//Reference=MNI 
//nullstudy_5
//Subjects=11
-54  -22  46 
-6  -100  -12 
-8  -18  50 
-50  -52  -10 
36  10  -26 
-4  -76  -52 
4  6  74 
12  40  -16 
-10  2  48 
40  38  20 
-42  42  -14 
-40  -90  6 
-42  -2  48 
-40  -58  36 

//Reference=MNI 
//nullstudy_6
//Subjects=12
46  20  -10 
-50  20  24 
-54  10  32 
-32  -88  -8 
12  68  -8 
4  2  54 
-54  12  -2 
-44  36  -14 
-54  -50  -12 
-16  -68  -24 
-6  8  64 
-70  -30  12 
24  58  32 
-32  -80  14 
-44  -18  -34 
-14  -90  28 
-52  -58  44 
-44  24  22 
-24  -54  -18 
18  18  18 
34  30  0 
52  12  -6 
-34  -32  54 
42  18  56 
38  8  -14 
-24  -48  70 
-20  -46  -4 
8  72  2 
-10  -52  4 
-42  -10  2 
-44  -40  20 
22  62  22 
-4  -56  -54 
-30  -18  68 
10  50  34 
34  42  10 
-20  -66  66 
-58  6  -24 
-60  -46  -14 
-10  -38  -28 
-14  40  -8 
-44  6  40 
-32  -58  42 
2  60  -18 
-16  12  60 
-4  -60  -30 
-2  -14  26 
-22  8  -16 
0  52  12 
-12  40  -8 

//Reference=MNI 
//nullstudy_7
//Subjects=10
-42  -12  42 
-44  10  56 
12  22  0 

//Reference=MNI 
//nullstudy_8
//Subjects=10
-12  -58  36 
-26  -66  -4 
32  8  -26 
-44  38  22 
-46  -40  -36 
-22  -84  -12 

//Reference=MNI 
//nullstudy_9
//Subjects=8
-48  -72  40 
-54  0  -14 

//Reference=MNI 
//nullstudy_10
//Subjects=9
-56  14  2 
-66  -30  2 

//Reference=MNI 
//nullstudy_11
//Subjects=10
-34  -56  -52 
26  18  62 
-8  -58  48 
-2  -20  -38 
52  32  -12 

//Reference=MNI 
//nullstudy_12
//Subjects=10
-8  -58  -4 
-48  -46  4 
-22  -48  -24 
0  12  68 
-30  -58  -2 
-40  -2  46 
-12  -36  8 

//Reference=MNI 
//nullstudy_13
//Subjects=11
-34  -54  -52 
-54  22  2 
8  10  40 
54  24  0 
-32  4  -50 
-36  -12  -28 
-60  -16  28 
-24  -68  -44 
-52  -64  0 
-28  58  -8 
-6  -36  -10 
-30  -64  -12 
-42  -54  8 
-46  40  24 
-16  -44  44 
-16  -96  -8 
-62  -14  -32 
-36  56  12 
-4  -22  -32 
-34  30  42 
-20  -60  -10 
-2  22  50 
22  36  52 

//Reference=MNI 
//nullstudy_14
//Subjects=10
50  2  14 
22  18  -22 
-40  -74  38 
0  8  50 
16  36  -28 

//Reference=MNI 
//nullstudy_15
//Subjects=10
-38  -70  2 
-22  6  -38 
-14  64  -10 
8  26  34 
-66  -34  -20 

//Reference=MNI 
//nullstudy_16
//Subjects=11
-50  -44  30 
-2  -10  8 
-48  30  24 
-2  8  68 
-26  -86  -18 
-54  -14  38 
-22  4  0 
-40  -82  -28 
28  50  -4 
-10  20  -26 

//Reference=MNI 
//nullstudy_17
//Subjects=11
22  26  48 
-50  -26  -6 
20  18  50 
-2  -24  80 
-28  -14  -32 
-38  14  -34 
36  58  6 
-16  -4  -16 
-66  -6  2 
20  2  -12 
-14  -62  -6 

//Reference=MNI 
//nullstudy_18
//Subjects=10
-8  -10  52 
-10  -4  40 
-36  -74  6 
58  2  36 
-28  -24  70 
14  64  12 
20  40  -16 

//Reference=MNI 
//nullstudy_19
//Subjects=11
-54  -40  36 
-24  -62  56 
-14  -46  56 
-10  14  62 
-36  30  44 
-38  -76  -28 
30  14  48 
-18  0  -14 

//Reference=MNI 
//nullstudy_20
//Subjects=10
-6  -16  10 
-6  -54  -48 
-18  -28  -10 
-58  -34  24 

//Reference=MNI 
//nullstudy_21
//Subjects=11
-18  -84  18 
20  40  40 
-46  -52  -40 
-34  6  36 
-4  -58  -18 
54  14  34 
-4  -18  -24 
-38  -54  -40 

//Reference=MNI 
//nullstudy_22
//Subjects=12
-50  -40  2 
-56  14  34 
48  12  26 
44  4  34 
-38  34  14 
20  40  38 
-8  20  64 
-60  -62  10 
-10  -22  56 
-48  -46  -40 
-8  10  -14 

//Reference=MNI 
//nullstudy_23
//Subjects=12
-38  46  34 
-52  -68  -4 
-54  -22  -6 
-46  -66  -16 
-40  24  -32 
48  40  -8 
-36  -44  -32 
-64  -54  -10 
-48  14  -14 
40  8  -8 
46  28  26 
-4  -40  0 
-14  54  -16 
32  34  24 
46  12  30 
-40  20  8 
34  26  32 
-50  -12  44 
8  30  30 
-38  -14  56 
-36  -28  2 
-28  -14  -22 
-22  -4  -24 
-58  -70  14 
-22  -48  -42 
20  18  4 
10  30  -30 
-56  14  4 
-26  -2  4 
-38  -26  -30 
-8  -30  14 
62  4  8 

//Reference=MNI 
//nullstudy_24
//Subjects=11
34  28  -4 
-42  8  40 
-52  -4  20 
-14  36  16 
-46  26  30 
46  20  -2 
-4  54  -10 
-48  24  44 
42  12  6 
-10  -66  10 
-64  -30  20 
-4  -36  -48 
-40  -34  -12 
-18  64  14 
-42  -64  54 
-44  -20  -24 
-36  -54  -40 
10  2  56 

//Reference=MNI 
//nullstudy_25
//Subjects=10
-52  -18  54 
-30  -18  -14 
-34  44  34 

//Reference=MNI 
//nullstudy_26
//Subjects=10
-4  -46  -14 
-8  -70  -2 
-60  -30  14 
-18  10  68 
-32  50  -16 
-6  -22  44 

//Reference=MNI 
//nullstudy_27
//Subjects=10
-12  -24  80 
-22  8  50 
10  14  64 
0  28  22 
-36  -54  58 
-64  -34  -18 
-10  54  -2 
-14  42  12 
4  38  -34 

//Reference=MNI 
//nullstudy_28
//Subjects=11
-20  -40  -52 
0  10  62 
16  40  36 
-36  -38  -44 
-34  -88  6 
-20  -20  -22 
-42  18  -20 
-12  -90  10 
-54  -48  28 

//Reference=MNI 
//nullstudy_29
//Subjects=11
-6  -52  -26 
-8  8  -22 
-20  -62  26 
-46  -44  22 
-30  0  -4 
-22  36  -22 
-48  -78  30 
-46  -4  -6 
14  22  -10 
-12  -32  54 
-60  -54  42 
22  16  -26 
26  44  -20 
14  42  6 

//Reference=MNI 
//nullstudy_30
//Subjects=11
-58  22  18 
2  4  58 
14  22  66 
-6  -72  28 
-34  24  -28 
-12  -2  -30 
-4  0  64 
32  36  40 

//Reference=MNI 
//nullstudy_31
//Subjects=10
42  32  18 
-12  -68  -34 
6  62  24 
-26  2  -16 

//Reference=MNI 
//nullstudy_32
//Subjects=11
-56  -18  -10 
38  62  2 
-28  10  -24 
60  8  -16 
-30  38  -22 
-6  -58  52 
-4  -26  10 
-50  10  28 
50  6  14 
12  30  -18 

//Reference=MNI 
//nullstudy_33
//Subjects=11
-36  -14  -20 
-54  -2  46 
-2  2  74 
-8  22  10 
-50  -42  42 
-50  -32  44 
-42  0  32 
-48  -26  32 
-30  -4  56 

//Reference=MNI 
//nullstudy_34
//Subjects=11
46  6  -40 
-56  4  8 
-32  44  -2 
-48  22  24 
-20  -92  34 
6  64  -14 
-6  -94  0 
-6  14  -20 
-60  -66  4 

//Reference=MNI 
//nullstudy_35
//Subjects=10
-58  -6  14 
-56  -32  32 
-44  20  46 
-34  -78  -54 
-14  -88  -4 

//Reference=MNI 
//nullstudy_36
//Subjects=9
-22  -52  50 
-28  -84  18 
-40  -70  52 

//Reference=MNI 
//nullstudy_37
//Subjects=10
-16  -30  -42 
6  20  62 
-16  50  26 
-20  -92  6 
-2  -62  -58 

//Reference=MNI 
//nullstudy_38
//Subjects=11
40  10  -28 
-44  -28  -22 
-26  -78  2 
-26  -96  -18 
2  22  16 
30  28  -14 
-16  22  52 
-50  -38  58 
-60  -10  -4 

//Reference=MNI 
//nullstudy_39
//Subjects=10
-18  10  -2 
-38  8  48 
-52  -46  -36 
-12  50  22 
-12  -98  0 

//Reference=MNI 
//nullstudy_40
//Subjects=12
-4  -62  58 
2  66  26 
-6  -78  -10 
-54  0  32 
-30  -2  60 
18  4  -8 
-14  -52  40 
-8  -74  30 
-52  -56  8 
18  30  -22 
38  16  30 
12  58  28 
-4  26  48 
-30  2  2 
-54  -14  -40 
-2  -92  -2 
24  20  -32 

//Reference=MNI 
//nullstudy_41
//Subjects=10
38  32  8 
48  6  54 
-54  -36  -22 
52  2  -28 
-58  -50  -22 

//Reference=MNI 
//nullstudy_42
//Subjects=9
-26  60  -2 
-38  34  38 

//Reference=MNI 
//nullstudy_43
//Subjects=9
-50  -52  30 
32  8  -24 
-16  -28  26 

//Reference=MNI 
//nullstudy_44
//Subjects=9
54  34  -2 
-6  32  -18 

//Reference=MNI 
//nullstudy_45
//Subjects=10
26  16  6 
-12  -90  16 
-42  -54  40 
24  28  42 
-16  -12  -20 
44  12  -40 
-48  -16  -30 
-32  36  -6 

//Reference=MNI 
//nullstudy_46
//Subjects=10
-4  -14  -26 
10  60  34 
-46  6  42 
-44  -2  38 
-2  -72  -4 
-10  14  64 
-26  -38  -44 
-52  -58  -28 
48  40  16 
-30  -56  2 
-40  -24  -22 
-50  -4  24 
-68  -34  26 
-38  -52  52 
-36  -52  54 
22  54  20 
-32  -58  -58 

//Reference=MNI 
//nullstudy_47
//Subjects=12
-20  46  30 
36  42  40 
2  62  30 
30  30  24 
6  42  -18 
20  56  -8 
-52  -30  32 
-44  20  26 
-2  38  -32 
-6  6  6 
-16  -28  -22 
-2  12  62 
-24  12  -2 
-22  -92  -36 
-32  -16  56 
38  6  28 
-10  -54  20 
-46  -32  -28 
-60  -58  28 
-2  -38  -38 
-10  -88  0 

//Reference=MNI 
//nullstudy_48
//Subjects=10
-40  -32  -12 
14  2  74 
-26  28  52 
-14  -56  38 
48  14  -20 
8  40  8 

//Reference=MNI 
//nullstudy_49
//Subjects=12
-2  -22  -24 
24  40  -18 
-26  -18  70 
-8  -24  52 
-58  8  6 
42  12  24 
-12  -78  42 
-40  -80  -16 
-10  34  22 
-14  56  -16 
-12  -62  -6 
-54  16  24 
-22  -4  -16 
-58  -24  28 
-40  24  52 
-30  58  -16 

//Reference=MNI 
//nullstudy_50
//Subjects=11
-36  36  18 
36  18  58 
-8  -66  6 
26  18  -2 
-38  -54  -30 
-40  -6  0 
-40  38  10 
-12  -36  -2 
-24  -74  18 
-44  -26  -20 
-60  2  28 
24  34  52 
-42  6  12 
-28  -94  -12 
-70  -24  -4 
-32  -14  54 
-2  -24  -16 
-26  22  42 
-20  -46  14 
-56  -28  14 
-6  26  16 
-24  -8  66 
24  18  40 
-54  -64  28 
-2  -46  72 

//Reference=MNI 
//nullstudy_51
//Subjects=10
-26  -34  8 
-18  -30  -36 
-24  28  52 
20  32  60 
2  68  10 
36  18  -10 

//Reference=MNI 
//nullstudy_52
//Subjects=11
-20  -60  50 
50  26  -12 
-16  -72  34 
-68  -28  -8 
30  54  20 
-4  -64  -32 
-10  -66  -14 
-16  12  16 
22  32  44 
-40  -86  0 
-8  24  -10 

//Reference=MNI 
//nullstudy_53
//Subjects=11
-6  -52  54 
-26  10  4 
-10  -56  -2 
10  4  -20 
-44  36  10 
-14  -84  -40 
-56  -14  30 
-30  -50  -54 

//Reference=MNI 
//nullstudy_54
//Subjects=11
-22  -72  24 
8  62  6 
-8  30  28 
16  2  -24 
-40  -34  14 
8  62  -14 
-8  -82  -20 
-50  -48  -12 
50  10  -30 
34  46  36 
-56  -54  26 
-14  22  66 
-16  -74  52 

//Reference=MNI 
//nullstudy_55
//Subjects=8
28  10  54 
-20  -38  -20 

//Reference=MNI 
//nullstudy_56
//Subjects=10
-10  10  -28 
-4  -60  -30 
-4  0  54 
-40  -14  40 
-12  -54  -52 
28  8  -16 

//Reference=MNI 
//nullstudy_57
//Subjects=8
-36  -50  -42 
-50  -36  22 

//Reference=MNI 
//nullstudy_58
//Subjects=8
10  40  42 
-10  -90  -22 

//Reference=MNI 
//nullstudy_59
//Subjects=10
-22  -36  -2 
38  2  16 
-26  -8  2 

//Reference=MNI 
//nullstudy_60
//Subjects=7
-42  -28  46 
-58  -60  30 

//Reference=MNI 
//nullstudy_61
//Subjects=9
-30  22  56 
-18  -52  60 

//Reference=MNI 
//nullstudy_62
//Subjects=9
-28  16  -30 
-8  46  52 

//Reference=MNI 
//nullstudy_63
//Subjects=11
-44  -86  20 
44  34  38 
-40  -52  50 

//Reference=MNI 
//nullstudy_64
//Subjects=10
-42  28  -22 
-26  -56  54 
-10  -38  34 
-54  32  -2 
-28  24  48 
-68  -12  -18 
26  22  60 
-44  -64  18 
-32  -90  6 

//Reference=MNI 
//nullstudy_65
//Subjects=10
-14  -62  28 
8  30  -10 
-32  -54  62 
-56  0  14 
66  2  16 
-44  36  22 
-2  36  18 
-8  -40  -58 

//Reference=MNI 
//nullstudy_66
//Subjects=10
-10  -96  4 
-36  32  0 
14  46  16 
-32  -26  22 
-28  -4  -42 
38  48  6 
-36  60  4 
-42  32  -16 
-42  0  48 

//Reference=MNI 
//nullstudy_67
//Subjects=11
-28  -52  46 
-10  28  60 

//Reference=MNI 
//nullstudy_68
//Subjects=12
-38  -22  24 
-12  -14  58 

//Reference=MNI 
//nullstudy_69
//Subjects=9
-24  -72  -24 
-4  -102  8 
10  8  70 
14  48  48 
2  20  -24 
-66  -38  -20 
-40  -14  -42 
-4  -16  42 
-10  -70  46 
6  68  -14 
-46  -62  -4 
-10  -16  80 
-30  30  6 
-4  -40  2 
-34  -56  -24 
-66  -24  40 
20  18  2 
-14  -46  -48 
-44  14  -16 
-56  8  -16 
-42  -40  48 
-10  -70  52 
-52  -48  -34 
46  4  14 
22  42  34 
-46  -66  8 
26  10  -38 

//Reference=MNI 
//nullstudy_70
//Subjects=10
-62  -36  10 
20  22  -26 
50  36  -2 
-10  -64  -8 
18  38  50 
-26  -74  -34 
-16  52  -12 
-66  -34  8 
-10  -54  -22 
-32  38  -20 
-50  -48  48 
-46  -50  -10 
24  18  60 
-12  -64  6 
-12  -14  28 
-48  -80  -20 
-34  2  -24 
-20  -88  -32 
-24  -64  30 
26  56  4 
-22  -38  -26 
-14  18  -20 
-66  -8  -4 
42  46  -8 
-34  50  22 
54  6  6 
-36  -72  12 
58  2  28 
24  22  36 
42  6  -34 
-26  -88  -14 
-2  -22  62 
48  38  14 

//Reference=MNI 
//nullstudy_71
//Subjects=10
-38  40  -18 
-42  -2  -12 

//Reference=MNI 
//nullstudy_72
//Subjects=11
-26  20  -40 
-6  -4  52 
-40  54  14 
-26  -8  0 
-20  -88  -32 
20  22  -14 
36  8  34 
-26  2  66 
30  42  30 
-30  -6  -48 
-2  46  46 
50  36  26 
-16  -86  44 
-18  -56  -14 
-40  -30  -18 
-50  8  20 
-50  -10  -42 
-26  26  4 

//Reference=MNI 
//nullstudy_73
//Subjects=9
20  24  48 
-26  -26  68 
6  36  -12 
-56  -32  44 

//Reference=MNI 
//nullstudy_74
//Subjects=11
-12  -14  16 
-38  -30  42 
-22  -96  14 
-22  -82  -50 
-34  -66  38 
-24  -68  58 
46  40  18 
20  68  2 
-36  6  6 
-46  50  8 
-6  66  -18 

//Reference=MNI 
//nullstudy_75
//Subjects=9
-58  10  -2 
-6  -8  14 

//Reference=MNI 
//nullstudy_76
//Subjects=12
-38  -74  -44 
10  46  6 
36  20  6 
-12  -98  -2 
-36  2  48 
0  10  4 
-10  10  -28 
-16  -24  42 
-4  -56  42 
-52  -6  42 
-50  14  12 
44  38  10 
-46  24  -8 
-54  -36  -4 
42  50  8 
-18  32  -16 
-22  -28  6 
-8  -6  38 
-40  34  8 
-32  -92  10 
-34  16  2 

//Reference=MNI 
//nullstudy_77
//Subjects=9
6  46  0 
-56  -14  16 

//Reference=MNI 
//nullstudy_78
//Subjects=10
-32  8  -34 
-50  -54  16 
-42  -42  -20 
-4  -22  -16 
20  62  -4 
-54  -26  -6 
-16  -88  -32 
8  26  16 
14  26  -28 
-54  -36  -24 

//Reference=MNI 
//nullstudy_79
//Subjects=10
-20  -46  -56 
-32  -56  56 

//Reference=MNI 
//nullstudy_80
//Subjects=11
-18  28  -12 
-30  28  -4 
-58  -20  34 

//Reference=MNI 
//nullstudy_81
//Subjects=11
-6  28  38 
2  36  -26 
-34  18  12 

//Reference=MNI 
//nullstudy_82
//Subjects=11
6  8  50 
-4  54  2 
-48  -32  54 
-48  -46  54 
-20  26  62 
2  54  -2 
-46  14  -18 
-34  -86  2 
-30  -8  -8 

//Reference=MNI 
//nullstudy_83
//Subjects=9
-46  -78  -4 
-12  30  -28 
-50  -44  -14 
-6  -16  24 
-60  -34  22 
-56  -10  38 
-6  56  -6 
36  60  14 
-46  -74  -8 
-30  44  22 
-48  -54  -38 
38  14  38 
14  14  40 
-40  -80  6 
8  42  32 
-8  -64  -34 
-8  -92  22 
-8  -10  70 
20  64  -18 
-20  -48  14 
-48  -74  -22 
-38  -52  16 
46  42  24 
-4  -40  -10 
32  2  -20 
-42  -90  6 
20  54  30 
-10  12  34 
-16  -60  48 

//Reference=MNI 
//nullstudy_84
//Subjects=10
-40  -46  -50 
-48  -40  -22 
-4  4  72 
44  38  32 
-18  -64  38 
20  62  8 
42  34  -8 
-40  18  -26 

//Reference=MNI 
//nullstudy_85
//Subjects=10
-34  6  -38 
38  4  -20 
-2  40  10 
-60  -16  -18 

//Reference=MNI 
//nullstudy_86
//Subjects=10
-34  -10  60 
-26  -56  60 
-2  52  -24 
-22  -48  50 
-2  16  -18 
-20  -100  18 

//Reference=MNI 
//nullstudy_87
//Subjects=10
-44  34  28 
-42  22  2 
26  54  -10 
-30  14  -26 
-36  -70  8 

//Reference=MNI 
//nullstudy_88
//Subjects=9
-10  14  44 
32  48  20 
-58  -10  -26 
-20  -52  -58 
-4  -80  -24 

//Reference=MNI 
//nullstudy_89
//Subjects=10
-46  -72  -12 
58  2  32 
-24  10  -30 
-52  18  18 

//Reference=MNI 
//nullstudy_90
//Subjects=10
-34  -76  -32 
-4  -90  4 
-44  -72  32 

//Reference=MNI 
//nullstudy_91
//Subjects=10
-32  34  44 
-6  -22  48 
-48  44  -14 
-24  -36  -20 
-36  -16  12 
-50  0  36 
-4  -52  20 
-10  16  -20 
0  30  46 
-58  -56  18 
24  30  54 
24  64  -2 
-12  -18  42 
-36  -68  -10 
40  8  32 
-14  -68  46 
-64  -28  34 
-14  -88  -8 

//Reference=MNI 
//nullstudy_92
//Subjects=10
4  60  -24 
-58  14  32 
18  62  16 
-24  -70  -46 
42  38  30 
36  14  56 
-2  -56  48 

//Reference=MNI 
//nullstudy_93
//Subjects=9
-62  -40  12 
-2  30  -30 
-6  54  2 
22  20  -16 
-34  20  0 
-46  14  22 

//Reference=MNI 
//nullstudy_94
//Subjects=9
46  24  -24 
-2  -78  30 
-14  -64  -18 
-10  -58  -46 
28  12  42 

//Reference=MNI 
//nullstudy_95
//Subjects=11
-6  -78  16 
-28  -60  -28 
-66  -52  -8 

//Reference=MNI 
//nullstudy_96
//Subjects=10
8  26  62 
2  58  8 
-8  -46  -12 

//Reference=MNI 
//nullstudy_97
//Subjects=9
-58  -24  50 
-50  -28  -16 
-10  -10  2 
30  30  30 
-24  28  -18 
-16  2  -34 
42  18  40 
-20  -64  -34 
10  44  -16 

//Reference=MNI 
//nullstudy_98
//Subjects=10
-44  -80  -14 
54  42  2 
-54  -30  -2 
-22  -70  -40 
-6  -46  -38 
36  24  -4 
-44  -72  -22 
-12  6  -22 

//Reference=MNI 
//nullstudy_99
//Subjects=8
52  42  -4 
42  54  -10 

//Reference=MNI 
//nullstudy_100
//Subjects=9
10  60  -10 
-10  -70  50 
-16  28  40 
-44  54  -4 

