//Reference=MNI 
//truestudy_1
//Subjects=19
46  -65  -6 
46  -67  -7 
47  -67  -6 

//Reference=MNI 
//truestudy_2
//Subjects=21
45  -67  -7 
46  -67  -7 
44  -67  -5 
45  -66  -7 
46  -66  -6 
44  -66  -5 
45  -66  -8 
45  -66  -6 
46  -66  -7 
47  -65  -7 
45  -66  -7 

//Reference=MNI 
//truestudy_3
//Subjects=20
47  -65  -7 
45  -65  -5 
47  -66  -5 
46  -65  -4 
46  -66  -5 
46  -67  -7 
47  -66  -5 

//Reference=MNI 
//nullstudy_1
//Subjects=19
-10  -48  10 
30  56  -6 
-50  -42  32 

//Reference=MNI 
//nullstudy_2
//Subjects=21
-24  -4  -30 
-34  -58  28 
-16  -80  -38 
-48  -66  -48 
-46  -22  -4 
-8  -62  -52 
-44  36  -18 
-8  -70  -12 
-18  -42  10 
42  6  50 
-38  4  -22 

//Reference=MNI 
//nullstudy_3
//Subjects=20
-14  -66  28 
-28  2  -34 
28  36  32 
-14  -78  6 
-54  -54  12 
-6  -62  4 
42  34  36 

//Reference=MNI 
//nullstudy_4
//Subjects=19
-14  -86  10 
-2  36  -6 
-6  4  36 
-36  -80  -48 

//Reference=MNI 
//nullstudy_5
//Subjects=20
-2  -38  -64 
-26  -2  12 
-4  28  36 
-26  -54  -6 

//Reference=MNI 
//nullstudy_6
//Subjects=20
-30  8  10 
-64  -4  -22 
12  56  22 
-14  -48  -62 
6  42  -28 

//Reference=MNI 
//nullstudy_7
//Subjects=21
-24  -38  -38 
2  26  60 
-26  -66  -14 
-4  30  -10 
-10  -6  64 
18  22  0 
-16  -26  -6 
-10  -36  74 
28  24  54 
-14  -84  -40 

//Reference=MNI 
//nullstudy_8
//Subjects=20
12  52  8 
-14  -90  -4 
-22  -56  50 
-34  -36  -16 

//Reference=MNI 
//nullstudy_9
//Subjects=19
40  20  54 
60  24  20 

//Reference=MNI 
//nullstudy_10
//Subjects=21
2  56  28 
-30  60  -10 
-58  -58  -2 
-6  -36  -46 
-50  -18  34 
-2  -40  70 
-48  4  -20 
-58  -2  12 
-64  -54  14 
-4  40  6 
36  14  46 
20  14  50 
4  58  -8 

//Reference=MNI 
//nullstudy_11
//Subjects=22
-4  -96  18 
-32  18  -38 
-2  32  34 
-50  -42  -2 
-46  -66  30 
42  10  -44 
-58  -34  4 
-2  34  -26 
-54  30  26 
-6  -12  38 
-50  -42  4 
-4  -24  -12 
-24  -32  -20 
18  18  -12 
34  14  44 
-18  16  -26 
-32  -28  -22 
-4  10  -2 
-22  -54  60 
-12  -20  -10 
-14  -8  76 
-24  -92  26 
-50  -24  10 
42  26  24 
58  24  16 
0  4  -10 
-46  -40  34 
44  16  0 
-10  -16  -32 
-22  -58  -24 
-24  20  56 
0  62  34 
46  18  -38 
-10  -20  46 
-16  -14  78 
-58  -60  36 
-60  -16  48 
-50  -12  26 
-26  -76  30 

//Reference=MNI 
//nullstudy_12
//Subjects=20
32  12  28 
-28  -2  -10 
-40  -8  -6 

//Reference=MNI 
//nullstudy_13
//Subjects=20
-58  -2  -22 
-28  -18  -32 
-4  22  42 
32  20  -10 

//Reference=MNI 
//nullstudy_14
//Subjects=20
-12  -22  -24 
-8  34  -8 
44  6  42 
-50  42  6 
-22  -72  -60 

//Reference=MNI 
//nullstudy_15
//Subjects=20
-30  -34  72 
-30  14  -38 
-60  -68  6 
-10  -92  28 
52  6  10 
-28  -62  -16 
-12  -20  -26 
-32  -48  34 

//Reference=MNI 
//nullstudy_16
//Subjects=21
-44  -46  -52 
-42  -4  42 
-26  -44  -38 
-44  6  6 
-38  -26  22 
-34  58  -14 
38  40  8 
-22  16  -42 
-4  -98  22 
34  50  14 
40  4  -20 
-24  22  -12 
-50  0  -12 

//Reference=MNI 
//nullstudy_17
//Subjects=19
38  20  -28 
-28  -52  -14 
-6  -4  24 
18  16  -8 

//Reference=MNI 
//nullstudy_18
//Subjects=20
-42  -72  42 
44  10  36 
-60  -62  30 
-46  -6  -34 
-2  -48  -6 
10  46  -18 

//Reference=MNI 
//nullstudy_19
//Subjects=18
-26  -58  -8 
-48  8  -26 

//Reference=MNI 
//nullstudy_20
//Subjects=21
-30  26  -10 
18  18  -28 
8  34  -16 
-22  -50  14 
-16  -66  -60 
-52  12  12 
58  16  4 
-42  -62  -14 
-24  -58  48 
-4  -44  12 
-28  -46  -8 
28  46  40 
-16  -84  -14 
-50  38  0 
-4  -14  58 
-62  -6  -20 
-24  -46  -54 
-38  40  -6 
-38  36  20 
-46  22  36 
-34  44  36 
-30  -8  -48 
16  28  -2 
-10  54  44 

//Reference=MNI 
//nullstudy_21
//Subjects=21
-44  -80  -6 
-52  -44  -16 
-24  48  -18 
-10  -24  38 
-48  -36  28 
18  14  66 
-10  18  0 
-40  -58  50 
-6  50  26 
-54  -16  -38 
-8  -40  56 
-12  32  -18 
-32  -70  -52 
24  10  48 
-54  -42  -24 
-20  -68  2 
-36  -8  62 
-16  46  2 
30  60  12 
-30  -16  50 
-2  -78  -36 
0  4  74 
-60  -26  -18 
24  28  60 

//Reference=MNI 
//nullstudy_22
//Subjects=22
-40  -66  -50 
-8  -62  -56 
-58  -6  -10 
32  34  -6 
-30  12  50 
14  26  -10 
16  6  14 
-50  -68  -8 
-38  -18  -40 
-34  -44  70 
38  6  -46 
26  4  -10 
42  12  -24 
-26  -34  52 
-34  -46  58 
-52  -34  20 
-6  20  66 
38  56  -6 
8  14  18 
-26  20  -22 

//Reference=MNI 
//nullstudy_23
//Subjects=19
-40  -18  48 
-50  -44  -8 

//Reference=MNI 
//nullstudy_24
//Subjects=21
-28  18  -12 
-6  -46  8 
-34  -64  42 
-30  38  -20 
-14  -78  56 
-18  -70  -44 
-60  -12  16 
-34  10  0 
-34  -90  -22 
-12  -34  -24 
-30  -66  62 
-32  -52  -36 
-16  -50  32 
-50  -14  16 
-18  22  -16 
-20  -24  -4 
-24  -14  62 
-6  -24  38 

//Reference=MNI 
//nullstudy_25
//Subjects=20
-26  32  54 
-8  34  36 
38  20  -32 
22  14  68 
-20  22  -18 
-42  -2  -8 
-32  -72  36 

//Reference=MNI 
//nullstudy_26
//Subjects=20
-4  26  -26 
-24  -16  -30 
36  6  -16 
-62  6  16 
40  40  -8 
-62  8  16 
-38  -92  6 
-38  -12  52 
-14  42  34 

//Reference=MNI 
//nullstudy_27
//Subjects=20
18  18  -22 
22  12  -36 
-50  -62  50 
50  30  -2 
-58  -64  12 

//Reference=MNI 
//nullstudy_28
//Subjects=20
54  8  -36 
-30  -88  -8 
-56  -62  6 
38  38  8 
-4  -62  -18 

//Reference=MNI 
//nullstudy_29
//Subjects=20
16  40  -26 
-30  6  6 
30  4  -32 
-6  -82  4 
-14  -84  18 
46  46  -2 
30  48  4 

//Reference=MNI 
//nullstudy_30
//Subjects=20
-30  52  32 
-46  28  34 
-38  -30  -28 
-28  -98  -14 

//Reference=MNI 
//nullstudy_31
//Subjects=20
-54  -6  42 
-60  -30  16 
12  22  -28 
-32  -44  2 
-54  -8  -18 
46  2  -8 
-66  -18  6 

//Reference=MNI 
//nullstudy_32
//Subjects=20
26  64  10 
58  34  12 
-4  -68  34 

//Reference=MNI 
//nullstudy_33
//Subjects=18
-2  -62  -14 
18  34  38 

//Reference=MNI 
//nullstudy_34
//Subjects=22
-6  -72  -24 
-26  -26  -30 
-6  -6  16 
-10  -58  -46 
-16  -2  28 
-14  -78  8 
-8  40  -16 
-40  16  58 
-62  -52  4 
8  22  6 
44  36  -18 
-24  -40  -18 
-44  36  -18 
26  26  -24 

//Reference=MNI 
//nullstudy_35
//Subjects=19
-26  -68  -40 
28  16  46 

//Reference=MNI 
//nullstudy_36
//Subjects=21
-24  -46  52 
28  24  36 
-36  -8  4 
-52  -36  -4 
-32  -66  -34 
-26  -64  -14 
-2  38  -20 
-34  -4  10 
8  28  34 
-46  24  -8 
-10  30  36 
44  6  20 

//Reference=MNI 
//nullstudy_37
//Subjects=20
-12  -42  -50 
-12  -6  38 
-40  24  -6 
-32  -18  -32 
-16  -80  34 

//Reference=MNI 
//nullstudy_38
//Subjects=20
54  8  36 
-4  -54  66 
-12  -24  -38 
-36  -28  -16 
-62  -44  42 
-2  -76  -18 

//Reference=MNI 
//nullstudy_39
//Subjects=22
-54  -36  -14 
16  30  52 
-32  52  26 
-8  34  36 
-30  22  4 
-54  -26  52 
-36  -74  -12 
52  22  -10 
-16  -38  76 
-12  62  14 
8  28  62 
-18  -92  -16 
-16  -74  -34 
-8  -60  4 
-42  10  24 
2  66  -2 
-64  -6  10 
38  34  -10 
-34  -74  -52 
8  4  22 
-50  -48  -34 
-30  -74  36 
-34  2  -8 
8  52  42 
-24  30  36 
-40  -76  28 
44  42  18 
-4  40  44 
38  24  -28 
-16  -68  32 
0  36  -16 
-40  6  -36 
-42  14  48 

//Reference=MNI 
//nullstudy_40
//Subjects=18
-4  -22  42 
38  30  -12 

//Reference=MNI 
//nullstudy_41
//Subjects=19
-64  -10  -18 
26  20  -34 

//Reference=MNI 
//nullstudy_42
//Subjects=19
24  52  10 
-36  12  48 
8  30  36 

//Reference=MNI 
//nullstudy_43
//Subjects=21
-64  -40  40 
-10  -2  68 
-12  -24  48 
-56  -32  -28 
-14  -52  -8 
50  28  6 
30  14  12 
-8  -40  68 
-4  14  -26 
-6  46  8 
-64  -42  8 
-48  16  -16 
2  46  36 
-36  -22  12 
-30  -2  -20 
-38  -14  -8 

//Reference=MNI 
//nullstudy_44
//Subjects=19
-14  32  56 
28  54  6 

//Reference=MNI 
//nullstudy_45
//Subjects=20
10  46  -14 
-8  -34  -18 
-16  -16  14 
-24  -60  -44 
-14  -92  12 
-68  -28  -12 
-6  -40  -18 
28  8  -12 

//Reference=MNI 
//nullstudy_46
//Subjects=21
-8  66  22 
-32  -20  -4 
-12  -20  12 
32  36  16 
-36  -16  -40 
38  14  -12 
-38  20  48 
-16  -66  52 
-68  -44  -4 
8  10  68 

//Reference=MNI 
//nullstudy_47
//Subjects=21
-4  -102  12 
-36  -12  -10 
-40  -74  28 
4  46  42 
24  30  -12 
42  36  -16 
-26  -68  26 
12  54  -24 
-6  48  -18 
-30  -66  -36 
-6  -30  -14 
18  22  -22 
-50  -8  -10 
-26  12  -4 
-4  64  14 
-36  -40  50 
-36  8  28 
-42  8  32 
54  14  28 
-62  -4  0 
-32  2  60 
-2  -18  0 

//Reference=MNI 
//nullstudy_48
//Subjects=21
-10  -46  4 
44  26  -6 
-36  -72  -36 
-50  46  -6 
-4  -96  -4 
-24  -68  -32 
-26  18  46 
-44  52  2 
-32  -46  -38 
-10  34  -6 
0  46  44 
-34  -26  44 
6  46  0 

//Reference=MNI 
//nullstudy_49
//Subjects=18
-40  -40  14 
20  66  -2 

//Reference=MNI 
//nullstudy_50
//Subjects=21
-34  -40  -34 
-32  -78  38 
-34  8  42 
-34  -56  62 
-26  -42  -18 
6  10  -8 
-8  -74  36 
10  34  -28 
-48  -82  -12 
8  40  32 
-60  -30  -8 
-6  -24  -12 
-34  -42  -48 
34  2  -48 
-40  -16  -26 
34  10  -46 
-28  -98  14 
-10  34  52 
-18  -60  -4 
-20  -90  12 
-10  -30  -40 
-62  2  16 
-26  34  54 
34  8  -26 

//Reference=MNI 
//nullstudy_51
//Subjects=19
-32  38  12 
36  56  26 

//Reference=MNI 
//nullstudy_52
//Subjects=20
0  42  -2 
38  6  28 
-26  -28  -12 
42  12  42 
-52  -4  -18 
-24  -16  70 

//Reference=MNI 
//nullstudy_53
//Subjects=20
-24  24  -24 
-40  6  -36 
-6  -10  52 
-60  -24  2 
-56  -66  -14 
-28  36  -16 
24  42  36 
-56  -2  28 
-8  -30  76 

//Reference=MNI 
//nullstudy_54
//Subjects=18
-10  -54  -30 
-52  -18  -18 

//Reference=MNI 
//nullstudy_55
//Subjects=20
-42  -42  48 
-56  -2  -32 
-28  12  -10 
40  42  -6 
-4  58  -8 
-20  -90  -18 

//Reference=MNI 
//nullstudy_56
//Subjects=23
-18  16  64 
-10  -36  50 
-54  -22  20 
-46  -62  -10 
-52  -32  46 
-16  -40  70 
60  10  -4 
-16  -50  -10 
2  14  26 
38  22  32 
-18  -56  72 
-6  -28  -30 
-30  -22  46 
-46  -16  34 
-4  14  24 
-12  24  4 
-44  -68  -6 
-46  -34  -26 
4  26  56 
-22  14  42 
-46  14  32 
-22  -8  46 
-12  -58  -10 
-28  -50  -58 
-4  -78  -38 
10  56  -8 
-32  28  -20 

//Reference=MNI 
//nullstudy_57
//Subjects=19
-46  22  34 
-34  0  -46 
-6  36  4 

//Reference=MNI 
//nullstudy_58
//Subjects=18
4  32  14 
-40  -60  58 

//Reference=MNI 
//nullstudy_59
//Subjects=19
-2  -4  14 
-64  -36  32 
-50  2  -34 

//Reference=MNI 
//nullstudy_60
//Subjects=20
-44  -24  18 
-34  12  8 
-24  62  -6 
50  50  -2 
-56  -10  10 

//Reference=MNI 
//nullstudy_61
//Subjects=20
-2  -72  -18 
-44  24  30 
42  46  26 
-6  -60  -50 
-14  -16  18 
-22  -64  -16 
-58  -32  -16 

//Reference=MNI 
//nullstudy_62
//Subjects=20
-4  52  10 
-20  -32  -40 
-8  -68  22 
-48  44  -10 

//Reference=MNI 
//nullstudy_63
//Subjects=20
-16  -70  34 
22  42  48 
-14  -54  50 
-2  14  -4 
-16  24  2 

//Reference=MNI 
//nullstudy_64
//Subjects=21
-32  -76  -32 
-38  20  -8 
-56  -26  -34 
-14  -36  68 
-26  -24  -14 
-26  -6  -50 
-30  -66  -4 
-4  -48  38 

//Reference=MNI 
//nullstudy_65
//Subjects=19
-36  30  -6 
-32  42  -20 
-18  -56  -42 

//Reference=MNI 
//nullstudy_66
//Subjects=21
-2  -74  30 
38  8  -44 
-14  34  46 
-16  -16  14 
-30  2  -10 
-12  -94  -8 
-6  -66  58 
6  46  46 

//Reference=MNI 
//nullstudy_67
//Subjects=22
18  48  42 
-4  -50  46 
-22  -4  70 
-32  -24  58 
8  56  32 
12  10  36 
-28  50  2 
8  56  32 
-4  -12  -8 
-28  -22  -34 
-26  -60  -56 
-18  -18  60 
-10  -60  10 
-66  -6  -12 
-18  6  0 
42  30  42 
-10  8  64 

//Reference=MNI 
//nullstudy_68
//Subjects=20
-18  -26  -20 
-22  -54  60 
10  34  60 
-68  -38  24 
-6  -58  54 
-16  -74  -38 
-42  -68  -40 

//Reference=MNI 
//nullstudy_69
//Subjects=20
-32  30  32 
30  28  -10 
60  22  26 
-12  -72  -12 
-6  -74  -4 

//Reference=MNI 
//nullstudy_70
//Subjects=22
-46  -66  -10 
-4  -68  16 
-24  -38  -56 
6  4  2 
-42  4  8 
-48  -4  -46 
8  6  60 
16  46  16 
-30  -64  28 
-10  -92  -14 
-26  48  -2 
-22  36  -26 
-30  -60  -30 
-40  20  -16 
-16  -64  -62 
30  20  -22 
-4  -42  58 
-2  -64  22 
-22  -26  -24 
-30  -52  68 
-32  -50  6 
46  44  10 
-52  -18  18 
-24  28  48 
-8  -92  10 
-16  -48  -20 
52  30  0 
0  10  -6 
-28  -44  -56 
-34  -66  38 
-44  20  -14 
-20  6  4 
-2  16  0 
-24  68  0 
-40  -12  -14 
2  52  -8 
-42  -34  18 

//Reference=MNI 
//nullstudy_71
//Subjects=20
22  6  -20 
-22  -42  -18 
-2  -44  30 
-10  68  0 
-30  -34  -40 
-60  -34  18 
-12  18  18 
-2  -16  2 
26  24  52 

//Reference=MNI 
//nullstudy_72
//Subjects=20
-50  10  -26 
-42  18  -36 
40  22  18 
-10  48  10 
-48  42  4 
-8  26  62 
16  48  4 
-24  -60  18 
-40  40  30 

//Reference=MNI 
//nullstudy_73
//Subjects=19
-10  22  34 
26  48  38 

//Reference=MNI 
//nullstudy_74
//Subjects=20
-32  -36  40 
-6  -34  76 
8  38  12 

//Reference=MNI 
//nullstudy_75
//Subjects=21
30  60  26 
-12  -36  80 
-42  -2  52 
-44  -14  52 
-30  10  14 
-28  -66  -38 
-2  36  28 
-6  -82  -8 
44  4  42 
14  14  70 
54  20  0 
-40  -90  8 
-56  18  2 
-26  -96  -12 
-58  6  28 
-6  -88  -38 
-50  -54  44 
-8  -56  8 

//Reference=MNI 
//nullstudy_76
//Subjects=22
-44  -82  6 
-16  -16  68 
-48  26  -16 
4  62  -18 
-8  -2  16 
-66  -32  -22 
-44  -22  50 
-50  0  -2 
-66  -40  36 
-8  32  16 
-22  -12  76 
-46  -16  50 
-40  -64  -28 
34  36  10 
-6  -8  50 
-2  -42  -14 

//Reference=MNI 
//nullstudy_77
//Subjects=21
-28  14  -20 
52  6  50 
58  30  0 
48  42  24 
60  2  14 
-34  -72  54 
-22  42  38 
36  22  -6 
-24  -70  50 
-14  42  54 
-22  16  64 
-8  -66  14 
-18  -24  76 
-40  -8  48 

//Reference=MNI 
//nullstudy_78
//Subjects=20
-26  52  12 
-12  -30  -4 
-64  -46  26 
-46  -50  -32 
6  34  -30 
-42  10  -12 

//Reference=MNI 
//nullstudy_79
//Subjects=21
-28  -48  36 
-46  -58  28 
46  12  -30 
-54  -12  -10 
44  24  26 
-18  -6  56 
-12  -86  -36 
-48  -52  30 
-22  18  40 
-12  -8  56 

//Reference=MNI 
//nullstudy_80
//Subjects=22
-20  26  38 
-16  -40  74 
-34  -76  20 
-20  -74  4 
-10  0  10 
-42  -38  -16 
-10  26  -10 
-8  52  12 
44  10  -40 
-58  -14  8 
12  36  4 
-40  -28  20 
-30  -54  54 

//Reference=MNI 
//nullstudy_81
//Subjects=20
-8  56  -22 
-22  -90  -36 
-32  50  26 
-12  -64  30 

//Reference=MNI 
//nullstudy_82
//Subjects=19
-8  -22  -44 
-28  -58  46 
-32  46  20 
-58  18  26 

//Reference=MNI 
//nullstudy_83
//Subjects=21
16  14  -34 
16  18  -22 
-32  -86  22 
-14  -76  44 
-30  -80  -18 
-56  -28  8 
16  38  42 
20  8  66 
-50  -2  54 
-42  -22  -6 
6  36  14 
-62  -14  -12 
-52  -52  -2 
-36  -18  -20 
-46  12  20 
-4  10  -12 

//Reference=MNI 
//nullstudy_84
//Subjects=22
-38  -8  16 
-28  -2  -12 
32  18  28 
-6  -42  -64 
-10  8  18 
0  18  -16 
-16  -58  -26 
38  48  32 
-26  -82  16 
44  18  -36 
-62  -18  28 
6  58  -12 
10  46  10 
-22  -76  -4 
-8  -46  24 
-28  -30  -32 

//Reference=MNI 
//nullstudy_85
//Subjects=22
-32  38  28 
-30  -60  64 
-42  -60  -28 
16  28  -18 
48  2  -8 
-34  -54  -20 
-4  20  54 
-6  -50  -60 
-46  -62  -22 
54  38  -8 
18  62  10 
14  46  48 
-36  38  32 
-6  -78  6 

//Reference=MNI 
//nullstudy_86
//Subjects=20
-58  6  -24 
-30  26  -16 
-12  0  56 
-34  30  4 
-24  -62  14 
-8  -64  42 

//Reference=MNI 
//nullstudy_87
//Subjects=19
-42  -44  10 
-44  -34  60 
10  38  10 

//Reference=MNI 
//nullstudy_88
//Subjects=19
-60  -30  16 
-30  -60  -8 

//Reference=MNI 
//nullstudy_89
//Subjects=22
-44  -54  -2 
-12  16  -2 
-46  -38  -14 
-42  -20  48 
-22  -60  4 
-42  -78  -34 
-2  -78  48 
56  4  26 
-10  -80  -16 
-44  36  24 
-4  -72  -26 
-10  46  -24 
40  20  -36 
-4  -22  28 
20  10  -46 
-24  -56  40 
8  6  50 
-42  -14  -8 
-44  36  -4 

//Reference=MNI 
//nullstudy_90
//Subjects=20
14  8  14 
-6  10  -20 
-32  -52  -54 
-32  -4  -46 
34  62  -4 
-36  -12  6 

//Reference=MNI 
//nullstudy_91
//Subjects=21
-10  -50  68 
-36  40  -14 
-40  -78  32 
-6  42  34 
-50  -72  -12 
-40  6  8 
-22  -44  72 
-16  8  70 
-26  -8  -48 
16  60  4 

//Reference=MNI 
//nullstudy_92
//Subjects=20
-14  -36  -26 
-34  -74  -6 
26  38  -14 
-42  -58  46 
10  2  76 

//Reference=MNI 
//nullstudy_93
//Subjects=20
-36  -46  -20 
-32  -10  -16 
48  14  -6 
-32  12  -16 
-30  -44  -30 
-60  10  18 

//Reference=MNI 
//nullstudy_94
//Subjects=17
-44  -14  -6 
-14  -78  6 

//Reference=MNI 
//nullstudy_95
//Subjects=19
-58  -14  -34 
34  42  -12 

//Reference=MNI 
//nullstudy_96
//Subjects=18
-28  -58  -6 
-44  -4  -20 

//Reference=MNI 
//nullstudy_97
//Subjects=21
-30  -72  20 
-38  -74  34 
22  36  44 
-54  -48  48 
-34  -58  50 
4  56  2 
-30  36  36 
-4  20  60 
-24  -8  -38 
20  10  -12 
-4  -14  14 
-42  14  10 
-6  -100  -2 
-48  -36  60 
-34  2  28 
62  6  -4 
-8  -48  16 
-16  -26  -26 

//Reference=MNI 
//nullstudy_98
//Subjects=19
-8  14  68 
-54  -4  -22 
2  26  16 
26  44  28 

//Reference=MNI 
//nullstudy_99
//Subjects=19
-26  -56  -52 
-42  28  -20 
-36  -64  -50 

//Reference=MNI 
//nullstudy_100
//Subjects=21
-38  -2  -44 
-16  -42  -34 
-62  -36  18 
-48  -76  -14 
-26  -96  -20 
-10  4  12 
-30  -100  -4 
48  22  -4 

