//Reference=MNI 
//truestudy_1
//Subjects=30
46  -65  -3 
46  -67  -7 
45  -66  -6 
47  -67  -4 

//Reference=MNI 
//truestudy_2
//Subjects=30
45  -67  -7 
45  -66  -6 
47  -67  -7 
46  -65  -5 
46  -66  -7 
46  -64  -7 
45  -66  -4 
47  -68  -6 
47  -63  -6 

//Reference=MNI 
//truestudy_3
//Subjects=29
46  -65  -8 
47  -66  -7 
47  -66  -7 

//Reference=MNI 
//nullstudy_1
//Subjects=30
-14  -60  30 
0  58  -10 
-32  -6  -14 
44  16  24 

//Reference=MNI 
//nullstudy_2
//Subjects=30
-16  -76  -26 
-12  36  -10 
-36  14  40 
10  6  20 
-22  66  -6 
-10  8  2 
62  6  -14 
-20  46  30 
0  10  64 

//Reference=MNI 
//nullstudy_3
//Subjects=29
-12  58  18 
-42  -52  28 
-34  -26  54 

//Reference=MNI 
//nullstudy_4
//Subjects=31
-12  -6  64 
-42  18  46 
-36  16  -26 
-10  -66  -54 
-16  22  10 
-8  22  24 
-34  -48  58 
-38  -76  0 
-30  -32  20 
-46  -40  -40 
8  44  -2 
34  18  38 
16  2  -18 
18  64  16 

//Reference=MNI 
//nullstudy_5
//Subjects=30
-30  34  -4 
-10  10  -24 
-34  50  -18 
-54  -68  18 
-46  -10  12 
-24  -28  -24 
-54  -14  26 
16  30  -26 
-20  -100  -14 
-50  -22  18 
-48  -50  -50 
62  10  4 

//Reference=MNI 
//nullstudy_6
//Subjects=31
14  12  -12 
-54  -48  -22 
-64  -4  4 
-40  24  18 
-46  -12  34 
-30  -30  74 
-34  52  -18 
-52  -68  -38 
-60  -24  20 

//Reference=MNI 
//nullstudy_7
//Subjects=31
-60  4  34 
12  20  34 
-8  -66  16 
-28  -6  -26 
-54  -50  44 
-38  -34  22 
-40  4  -32 
46  18  20 
-12  -26  48 
-12  -16  -18 
-4  -82  -2 
-22  -42  -18 
-50  -34  -22 

//Reference=MNI 
//nullstudy_8
//Subjects=31
-24  22  -26 
48  8  -10 
-14  -34  18 
-2  4  2 
-26  -74  22 
-52  -32  -22 
-42  36  -2 
-4  8  70 
-56  -22  18 
-42  4  12 
-40  34  -6 
-6  6  44 

//Reference=MNI 
//nullstudy_9
//Subjects=31
-38  -74  46 
44  24  0 
-42  -46  -38 
14  56  -18 
-36  26  54 
-30  -12  -40 
-44  -2  -32 
-10  -66  20 
-40  18  4 
10  50  34 
-54  -18  16 

//Reference=MNI 
//nullstudy_10
//Subjects=30
-46  -12  -12 
32  18  -6 
-22  -20  -24 
-4  -54  46 

//Reference=MNI 
//nullstudy_11
//Subjects=31
62  10  18 
-56  -40  0 
42  12  -6 
-60  -18  18 
-16  -50  -50 
-40  6  62 
-38  36  14 
0  8  4 
-36  -58  30 
-40  -78  -18 
6  24  26 
42  40  6 
-14  -48  -6 
42  8  -8 
-24  -46  -54 
-58  -6  36 
-18  -74  42 
-44  16  42 
-36  50  32 
-44  -82  -24 
16  2  -22 
28  14  -20 
-22  -68  12 
-40  2  36 
-24  20  42 
2  64  4 
-44  12  -2 
-54  -40  16 
10  14  -16 
-32  48  -16 
-20  -4  48 
-10  -78  56 
44  2  36 
-10  -80  20 

//Reference=MNI 
//nullstudy_12
//Subjects=31
-46  -52  30 
10  26  -30 
-24  -44  62 
-46  -16  30 
-44  -36  -4 
-22  32  -10 
-38  18  34 
-28  -100  -12 
-4  12  -2 
32  32  -2 
20  54  -14 
18  42  30 
-12  -62  0 

//Reference=MNI 
//nullstudy_13
//Subjects=28
-26  -84  -50 
-20  -12  54 

//Reference=MNI 
//nullstudy_14
//Subjects=29
-32  24  54 
-20  42  32 
28  2  52 

//Reference=MNI 
//nullstudy_15
//Subjects=29
-30  -48  64 
-2  -44  -22 
12  34  -8 

//Reference=MNI 
//nullstudy_16
//Subjects=31
-6  -64  -6 
8  64  -4 
-18  8  4 
-24  -92  -20 
52  24  -8 
22  50  22 
-14  -58  36 
-6  -32  52 
-14  -18  60 
-2  -46  -10 
-10  -42  36 
-32  -70  44 
52  34  10 
-26  -60  54 
-42  -24  62 

//Reference=MNI 
//nullstudy_17
//Subjects=31
-26  -18  76 
16  8  -10 
-54  -46  -26 
10  20  36 
-46  24  38 
32  12  16 
-2  -12  -6 
-18  -6  -36 
-70  -30  8 
-36  -24  -2 
22  10  2 

//Reference=MNI 
//nullstudy_18
//Subjects=30
42  16  -42 
-20  -32  72 
-12  -32  80 
-60  -18  26 
-32  -86  6 
-12  72  6 

//Reference=MNI 
//nullstudy_19
//Subjects=31
36  48  36 
-4  -26  26 
34  28  -24 
0  16  10 
-30  6  2 
34  12  38 
-50  -12  -2 
-4  -34  78 
-46  -24  44 
14  12  -18 
-12  -62  -20 
-44  -76  40 
-60  -4  32 
-18  -12  -38 

//Reference=MNI 
//nullstudy_20
//Subjects=30
-56  -54  -28 
-44  -42  -12 
-2  4  20 
30  16  62 
-68  -22  18 
34  22  36 
2  54  -10 
10  16  -20 

//Reference=MNI 
//nullstudy_21
//Subjects=29
-50  -56  6 
32  6  10 

//Reference=MNI 
//nullstudy_22
//Subjects=30
-60  -56  34 
22  18  -2 
-8  22  66 
-26  -4  44 
-62  -4  16 

//Reference=MNI 
//nullstudy_23
//Subjects=30
-20  -30  12 
-6  -20  70 
-22  -46  16 
-4  -30  -8 

//Reference=MNI 
//nullstudy_24
//Subjects=28
-40  -74  -8 
-34  -80  22 

//Reference=MNI 
//nullstudy_25
//Subjects=28
-22  -16  -14 
-22  -30  76 

//Reference=MNI 
//nullstudy_26
//Subjects=28
44  16  18 
-10  70  18 

//Reference=MNI 
//nullstudy_27
//Subjects=30
-28  -82  -4 
-8  -92  -2 
36  54  8 
-18  -70  -42 

//Reference=MNI 
//nullstudy_28
//Subjects=29
58  16  -10 
-58  -56  12 
18  28  54 

//Reference=MNI 
//nullstudy_29
//Subjects=29
-22  34  -22 
-38  -64  -46 
-6  -66  -20 
-48  -48  16 

//Reference=MNI 
//nullstudy_30
//Subjects=31
-6  -42  -46 
-44  16  -12 
-12  -54  68 
-14  -48  60 
-54  10  -22 
-30  -10  -32 
36  48  0 
-28  -48  -12 
-20  46  -20 
-28  2  64 

//Reference=MNI 
//nullstudy_31
//Subjects=31
-16  -66  6 
-58  0  34 
-46  20  -28 
-26  -74  40 
-18  -58  -2 
-34  -54  -58 
18  10  -18 
44  22  50 
-14  -86  8 
-12  -76  12 

//Reference=MNI 
//nullstudy_32
//Subjects=30
-16  26  8 
-2  -80  -6 
-22  -76  -30 
-56  -20  -12 
-2  64  -8 
-44  -84  -18 

//Reference=MNI 
//nullstudy_33
//Subjects=29
-8  58  4 
-26  -80  -22 

//Reference=MNI 
//nullstudy_34
//Subjects=29
-34  -16  0 
50  6  38 

//Reference=MNI 
//nullstudy_35
//Subjects=31
-14  -50  -44 
54  24  14 
-46  -52  -44 
-56  -12  52 
-42  -84  22 
-56  -14  48 
26  4  46 
46  18  -36 
-42  -46  34 
20  14  48 
-50  -16  -14 
-28  -38  54 
-46  -40  -30 
-18  -52  -14 
34  10  -16 
4  60  -8 
-4  -68  50 
-46  24  -8 
-52  -6  44 
-38  2  -44 
28  26  -16 
-26  -42  -50 
-14  -62  -56 
-34  -78  20 
10  32  -8 
16  18  14 
-40  -28  52 

//Reference=MNI 
//nullstudy_36
//Subjects=29
-48  -10  -6 
-10  -28  14 
-26  30  48 

//Reference=MNI 
//nullstudy_37
//Subjects=29
56  18  28 
-52  -40  -4 
-30  -44  -4 

//Reference=MNI 
//nullstudy_38
//Subjects=30
-44  -26  -24 
44  30  4 
-22  -50  -20 
-30  -24  56 
-26  32  2 

//Reference=MNI 
//nullstudy_39
//Subjects=29
28  10  6 
-22  -32  -26 
-2  -82  -12 
-4  30  -20 

//Reference=MNI 
//nullstudy_40
//Subjects=30
-36  -60  -20 
-4  -70  -30 
-26  -60  -48 
-12  2  22 
-38  8  -8 
0  2  -8 
-42  -18  14 
-12  -38  -30 
-2  10  46 

//Reference=MNI 
//nullstudy_41
//Subjects=29
-26  -78  46 
42  30  16 

//Reference=MNI 
//nullstudy_42
//Subjects=28
-2  22  62 
-32  60  -2 

//Reference=MNI 
//nullstudy_43
//Subjects=31
-20  -66  42 
-40  -26  56 
40  20  48 
-48  -2  -38 
-46  -38  -4 
-36  -56  -14 
-2  -16  -20 
-46  -74  8 
-20  -60  34 
-26  2  6 
-12  -50  26 
52  10  42 
-28  -86  40 

//Reference=MNI 
//nullstudy_44
//Subjects=31
-12  -34  70 
-20  -88  40 
-44  -74  -4 
-4  2  72 
14  38  52 
-18  -8  -10 
8  6  62 
0  30  -32 
-26  -78  -4 
-24  -26  70 

//Reference=MNI 
//nullstudy_45
//Subjects=31
-46  18  -20 
-40  -66  -50 
-42  -30  -24 
36  20  14 
34  52  -12 
-50  -56  32 
-36  -26  -22 
-48  -38  38 
-32  6  60 
-22  -28  -4 
-22  46  20 
-8  -30  4 
-6  36  -6 
14  10  62 
-6  -44  74 

//Reference=MNI 
//nullstudy_46
//Subjects=30
50  26  12 
-38  -70  -30 
-52  0  -30 
-22  -48  8 
10  32  24 
-32  -20  50 

//Reference=MNI 
//nullstudy_47
//Subjects=29
52  10  34 
16  42  0 
-36  -86  6 
-6  -56  -34 

//Reference=MNI 
//nullstudy_48
//Subjects=29
-58  4  -10 
-8  -24  -10 
54  14  -34 

//Reference=MNI 
//nullstudy_49
//Subjects=29
-14  68  16 
12  50  -16 

//Reference=MNI 
//nullstudy_50
//Subjects=29
-48  -14  -36 
-24  -62  -24 
-12  -68  58 

//Reference=MNI 
//nullstudy_51
//Subjects=30
-38  0  -44 
-10  -58  -48 
-20  -80  28 
-18  26  58 
-48  0  -4 

//Reference=MNI 
//nullstudy_52
//Subjects=30
40  42  28 
-12  38  8 
-36  30  24 
-30  2  -14 
-8  -92  12 

//Reference=MNI 
//nullstudy_53
//Subjects=32
-44  18  -26 
-36  6  32 
-20  -46  58 
-54  -34  -6 
-22  66  14 
-38  28  24 
52  4  32 
-18  18  -28 
-8  60  32 
-22  2  72 
62  2  -24 
24  12  -18 
-28  6  -32 
-66  -36  2 
-44  20  46 
-16  52  -20 
-26  -42  -44 
-12  -30  54 
-52  -52  40 
36  56  -12 
28  48  6 
-40  -52  22 
-22  -2  -12 
-52  -54  52 
-40  -74  44 
-4  -28  72 
-54  2  38 
-40  -4  -36 
10  46  2 
-24  -28  -4 
40  32  6 
-58  -40  -8 
14  44  32 
-46  -48  -52 

//Reference=MNI 
//nullstudy_54
//Subjects=29
10  70  18 
-46  -34  62 

//Reference=MNI 
//nullstudy_55
//Subjects=31
-22  -76  28 
-8  4  34 
-8  -26  78 
-54  6  44 
-8  -58  -44 
-28  34  -22 
-36  4  10 
18  16  -38 
56  38  4 
-48  -48  24 
-22  50  -16 
22  10  46 
38  48  22 
-30  16  36 
-4  62  -4 
-20  -104  6 
-4  -34  10 
-10  -68  22 
-40  -74  -44 
-18  -48  -42 
-28  -62  -62 
-10  20  64 
-54  4  14 

//Reference=MNI 
//nullstudy_56
//Subjects=30
28  54  -16 
-32  -50  54 
14  30  24 
-68  -28  -14 

//Reference=MNI 
//nullstudy_57
//Subjects=31
30  24  2 
40  54  2 
-6  -60  -64 
-28  -22  68 
-34  26  16 
-44  -24  -32 
0  28  16 

//Reference=MNI 
//nullstudy_58
//Subjects=30
-28  -80  -54 
-32  -28  -8 
0  28  56 
44  14  40 
-44  -76  8 
-52  -10  -8 
-14  -44  -60 

//Reference=MNI 
//nullstudy_59
//Subjects=28
-16  -80  -14 
-2  -54  -4 

//Reference=MNI 
//nullstudy_60
//Subjects=31
-12  -18  8 
-58  8  22 
-22  -60  -32 
14  46  -8 
24  50  6 
-48  0  -46 
34  4  -6 
-48  -12  -28 
-48  -74  12 
46  34  -4 
-50  18  -10 
28  2  46 
-36  28  0 
2  36  48 
-58  -42  24 
-28  -76  -34 
-4  26  60 
-32  34  14 
30  6  -44 
-58  -14  -40 
-56  -46  6 
-46  -20  -10 
-12  10  -24 
-12  -36  -24 
-58  14  10 
-14  -66  -50 
-16  -32  -14 
48  12  50 
-20  -80  -28 
-2  -38  -58 
-14  -54  -12 

//Reference=MNI 
//nullstudy_61
//Subjects=30
-48  -36  -30 
-46  -62  -38 
38  18  36 
-36  26  -24 
-22  20  48 
-24  -4  -16 
-8  -34  52 
-32  -16  56 
-8  -96  20 
-52  -36  20 

//Reference=MNI 
//nullstudy_62
//Subjects=31
56  6  -14 
-36  40  30 
-10  -20  -40 
-2  68  2 
24  36  56 
-4  -50  66 
-2  34  54 
50  32  -4 
-48  -26  60 
-22  -46  -22 
-56  6  -24 
-12  60  -16 

//Reference=MNI 
//nullstudy_63
//Subjects=30
28  46  -10 
58  20  20 
-32  48  -18 
-34  4  -18 
44  34  22 
-50  -18  56 
-24  62  6 
-4  -70  44 
-24  -18  72 
-20  -46  70 

//Reference=MNI 
//nullstudy_64
//Subjects=30
44  24  48 
42  24  -2 
-32  -48  -10 
-58  -60  2 
-6  -40  -26 
-20  -12  72 
-38  -74  -30 

//Reference=MNI 
//nullstudy_65
//Subjects=29
-40  42  36 
-32  -68  -42 
-12  0  -8 

//Reference=MNI 
//nullstudy_66
//Subjects=29
-32  -26  52 
-44  -68  -20 

//Reference=MNI 
//nullstudy_67
//Subjects=30
-12  -76  40 
-58  -22  -20 
-10  -80  48 
20  52  16 
-60  -58  -10 

//Reference=MNI 
//nullstudy_68
//Subjects=30
-26  -32  -34 
-4  -58  28 
-22  34  56 
-40  28  -16 
-38  -86  -10 
-34  58  -10 
-26  50  8 
30  26  2 

//Reference=MNI 
//nullstudy_69
//Subjects=29
-52  44  -4 
-32  60  4 
-46  -40  18 

//Reference=MNI 
//nullstudy_70
//Subjects=30
-24  -2  -12 
2  8  -14 
-46  -78  -16 
-12  -48  -42 
26  58  -14 

//Reference=MNI 
//nullstudy_71
//Subjects=30
-12  -40  -4 
-56  -68  -22 
-8  30  60 
6  6  30 
10  34  22 
-40  -78  20 
-52  -52  -12 

//Reference=MNI 
//nullstudy_72
//Subjects=30
-18  -64  -20 
12  6  72 
-50  -26  20 
-34  -58  -56 
32  64  2 
-34  -68  48 
8  38  -14 

//Reference=MNI 
//nullstudy_73
//Subjects=30
-46  -36  30 
-36  16  -42 
-26  -58  52 
-36  -64  6 
-10  26  -24 

//Reference=MNI 
//nullstudy_74
//Subjects=29
-46  -60  38 
4  2  4 

//Reference=MNI 
//nullstudy_75
//Subjects=34
24  64  -14 
-62  -8  36 
-46  -36  10 
-6  32  2 
-2  36  26 
34  12  58 
-36  -88  0 
-14  16  -10 
-22  50  18 
-18  -58  20 
52  14  -30 
-40  20  -2 
-28  34  44 
26  12  0 
-50  -38  16 
-52  -8  -24 
-54  -10  18 
-10  -28  68 
-36  6  62 
22  54  -8 
58  14  -10 
-34  -46  -38 
-2  32  22 
-54  24  -2 
44  2  38 
-28  20  -36 
-48  -10  32 
-4  -64  38 
-14  26  -16 

//Reference=MNI 
//nullstudy_76
//Subjects=29
-8  44  6 
-8  -44  -48 

//Reference=MNI 
//nullstudy_77
//Subjects=31
-56  20  22 
24  22  40 
-30  -94  -10 
-12  64  20 
-34  -64  22 
-46  34  34 
-56  -28  -24 
50  2  44 

//Reference=MNI 
//nullstudy_78
//Subjects=31
-34  14  46 
-4  -8  8 
-16  -30  -18 
-64  -52  20 
36  44  -12 
-48  18  34 
-28  0  70 
-14  -58  -46 
-32  -56  50 
22  18  64 
-20  -98  -8 
-20  -30  -10 
-42  44  28 
-58  -28  28 
40  56  14 
-12  -38  52 
-48  -36  46 
-2  -54  -48 
-22  0  48 
-34  -40  -4 
14  38  -26 
28  48  32 
-26  -30  -34 
-36  0  56 
6  18  28 
-10  -74  60 
14  20  -14 
-4  8  72 
-44  38  -18 
-38  -50  20 
-58  -30  46 
58  14  20 
-18  -62  -18 
14  30  24 
-6  -16  14 
-26  22  10 
-32  34  44 

//Reference=MNI 
//nullstudy_79
//Subjects=30
-42  8  -18 
-12  -84  26 
-54  -8  -8 
-28  -50  10 
16  12  14 
-36  -68  42 

//Reference=MNI 
//nullstudy_80
//Subjects=29
-38  -40  -42 
-64  -58  8 

//Reference=MNI 
//nullstudy_81
//Subjects=29
-8  8  2 
-16  -48  50 
36  18  -18 

//Reference=MNI 
//nullstudy_82
//Subjects=30
2  8  18 
-8  12  46 
-56  -16  2 
-42  -36  18 

//Reference=MNI 
//nullstudy_83
//Subjects=31
-38  -86  6 
-50  34  18 
-44  56  -2 
58  2  42 
-28  -96  -10 
-50  -24  20 
-32  -86  -40 
-4  -42  -38 
-18  -68  -16 
-32  22  2 
0  32  38 

//Reference=MNI 
//nullstudy_84
//Subjects=31
-34  -8  64 
-36  -8  6 
-22  -54  68 
-54  0  -20 
-32  -44  0 
-8  -18  8 
12  60  -4 
-6  0  -10 
40  58  -4 
40  4  -28 
10  68  16 

//Reference=MNI 
//nullstudy_85
//Subjects=29
2  26  -22 
-26  -54  -10 

//Reference=MNI 
//nullstudy_86
//Subjects=29
-56  -54  -2 
-36  -58  -40 
-24  -64  18 

//Reference=MNI 
//nullstudy_87
//Subjects=32
-30  12  8 
20  54  -2 
-48  10  -34 
-2  36  -26 
-30  -68  -60 
-42  -2  -10 
64  4  -14 
-10  -2  22 
-20  -72  -4 
38  54  -10 
-2  -28  52 
14  50  48 

//Reference=MNI 
//nullstudy_88
//Subjects=29
-10  16  60 
-28  -14  2 
-26  46  10 

//Reference=MNI 
//nullstudy_89
//Subjects=30
-58  -64  28 
-6  18  66 
2  46  10 
-56  -16  52 
-8  -98  10 

//Reference=MNI 
//nullstudy_90
//Subjects=31
-30  4  62 
-46  -44  4 
-24  -4  60 
-42  22  -16 
-40  -10  48 
-2  -90  -30 
-32  -60  -56 
-20  -78  -44 
-58  12  18 
-48  -40  56 
-24  24  40 

//Reference=MNI 
//nullstudy_91
//Subjects=31
-4  -88  22 
44  22  20 
-50  -6  -10 
-28  -58  12 
-14  14  -16 
40  30  -14 
-30  38  10 
-32  2  2 
-8  -36  -56 

//Reference=MNI 
//nullstudy_92
//Subjects=30
-52  32  2 
-14  -16  10 
50  10  -26 
-24  -32  2 

//Reference=MNI 
//nullstudy_93
//Subjects=31
-10  8  -12 
-22  -44  16 
28  6  -44 
-34  6  48 
-8  -72  32 
0  54  -6 
-32  -46  44 
8  14  -20 
-50  -38  -24 
-56  -14  30 
-56  -46  26 
28  52  18 
38  18  -8 

//Reference=MNI 
//nullstudy_94
//Subjects=28
-30  -42  54 
-62  -32  -2 
44  18  14 

//Reference=MNI 
//nullstudy_95
//Subjects=30
-10  -88  28 
-46  12  -30 
-8  -76  -24 
-34  -28  -30 
26  52  40 
-10  -24  -24 
32  14  8 

//Reference=MNI 
//nullstudy_96
//Subjects=30
-30  10  2 
-20  -20  -30 
-12  52  -2 
-14  -38  -30 

//Reference=MNI 
//nullstudy_97
//Subjects=31
-12  -72  -40 
-6  -66  6 
-48  -6  6 
-2  44  34 
-28  -70  -54 
-46  22  8 
-12  26  -16 
-14  -26  -36 
-48  -64  -40 
36  8  2 
-8  -78  -10 
-40  8  26 
-24  -78  -48 
-42  34  -14 
-6  -26  12 
10  50  48 
-56  -58  -20 
-20  6  -38 
-30  -72  -10 
-14  -82  -42 
10  50  32 
-62  -16  34 
-36  -44  68 
-62  -52  -14 
36  38  42 
-4  0  6 
-22  40  18 
-34  -26  -10 
40  22  -32 
54  26  10 
-28  34  38 
-58  -42  -20 
-32  -78  40 
-60  -16  -12 
-56  -48  -2 
-36  24  -20 
-46  -72  -28 
-8  -4  -30 
-18  -62  52 
-4  -104  -2 
18  58  32 
16  64  28 
-20  -80  -22 
-32  4  44 
-20  14  46 
36  42  32 
-22  -42  -54 
30  50  22 
-36  4  26 
58  16  -12 
-34  28  50 
46  38  6 
-6  30  -8 
54  4  46 
-6  -56  -18 
42  18  -6 
-40  28  22 
-18  -34  64 
-24  -58  54 
-32  28  38 
-18  -54  -2 
-46  -68  40 
6  44  -28 
-32  4  -50 

//Reference=MNI 
//nullstudy_98
//Subjects=30
-46  -4  16 
-14  36  56 
40  40  40 
-18  -38  -2 
-38  -86  -32 

//Reference=MNI 
//nullstudy_99
//Subjects=30
-40  44  24 
-6  -14  70 
-30  -80  6 
-36  2  52 
-36  -34  22 
-24  -32  52 
-12  52  12 

//Reference=MNI 
//nullstudy_100
//Subjects=30
-6  -36  70 
-34  16  48 
-12  -68  30 
-30  -64  -56 
-36  0  -12 
-28  -54  -60 

