//Reference=MNI 
//truestudy_1
//Subjects=18
48  -67  -5 
48  -66  -7 

//Reference=MNI 
//truestudy_2
//Subjects=22
46  -67  -5 
48  -67  -4 
47  -66  -6 
48  -67  -6 
47  -65  -6 
45  -67  -8 
45  -65  -5 
45  -67  -6 
47  -66  -5 
47  -65  -6 

//Reference=MNI 
//truestudy_3
//Subjects=20
47  -65  -6 
47  -66  -6 
46  -67  -7 
46  -69  -6 
48  -67  -6 
46  -66  -5 

//Reference=MNI 
//nullstudy_1
//Subjects=18
-26  -30  66 
-48  18  44 

//Reference=MNI 
//nullstudy_2
//Subjects=22
-46  28  2 
-14  -28  72 
-20  -66  50 
40  12  52 
34  6  66 
-46  -56  -44 
-38  -76  -20 
-22  -60  -20 
-44  26  22 
-48  -14  44 

//Reference=MNI 
//nullstudy_3
//Subjects=20
-26  28  34 
32  46  42 
-48  -48  48 
-24  -62  18 
-10  -50  44 
-24  0  6 

//Reference=MNI 
//nullstudy_4
//Subjects=20
36  30  42 
-56  -36  26 
-38  -36  -12 
-38  -60  -40 
58  6  -16 

//Reference=MNI 
//nullstudy_5
//Subjects=20
-58  -12  4 
-6  -26  -2 
32  36  -14 
-34  -72  38 

//Reference=MNI 
//nullstudy_6
//Subjects=20
-32  -12  -20 
-30  24  -24 
-54  -14  36 

//Reference=MNI 
//nullstudy_7
//Subjects=21
-2  16  36 
28  40  -16 
20  44  52 
-44  16  48 
-2  -60  44 
-4  30  44 
-16  -12  18 
-2  34  28 

//Reference=MNI 
//nullstudy_8
//Subjects=20
44  22  52 
-58  -30  40 
-30  62  18 
32  42  22 

//Reference=MNI 
//nullstudy_9
//Subjects=20
-58  -68  22 
-48  -4  -24 
-42  -76  -38 

//Reference=MNI 
//nullstudy_10
//Subjects=21
-6  44  -14 
-18  -76  18 
2  18  10 
34  44  30 
32  10  62 
-66  -44  -18 
-58  -10  28 
-50  -76  -20 
-60  -10  2 
14  4  42 
-48  -36  26 

//Reference=MNI 
//nullstudy_11
//Subjects=20
-28  34  -8 
-20  18  68 
-62  -4  -30 
-68  -18  20 
-20  -40  -48 
-44  -88  12 
-56  10  40 

//Reference=MNI 
//nullstudy_12
//Subjects=18
-6  -40  -58 
54  14  -30 

//Reference=MNI 
//nullstudy_13
//Subjects=20
-10  36  16 
-14  -58  12 
-12  14  40 
-12  12  -26 

//Reference=MNI 
//nullstudy_14
//Subjects=21
-10  24  66 
34  56  -12 
-2  14  28 
46  28  -12 
-50  -66  26 
-30  -30  54 
-58  -18  -34 
-42  50  -6 
-8  -50  -46 
-56  -50  -30 
12  24  -28 
24  6  -18 
-60  -30  34 
-14  22  -20 
-20  -10  -8 
-12  -94  -20 
-22  -44  -22 
-44  28  24 
2  24  34 
-12  -14  80 
-46  -8  -10 
-48  -46  -14 
14  56  18 
-58  -44  34 
-40  12  54 
-12  70  10 
-42  -8  14 
-28  0  64 
-2  42  50 
-28  -40  -8 
-4  -34  -56 
-6  -24  28 
48  12  12 
-52  22  36 

//Reference=MNI 
//nullstudy_15
//Subjects=20
-14  -8  68 
-42  -44  -30 
-26  -92  8 
-56  6  8 
-6  -72  24 

//Reference=MNI 
//nullstudy_16
//Subjects=18
-44  -10  46 
22  36  28 

//Reference=MNI 
//nullstudy_17
//Subjects=19
-34  58  0 
-22  62  28 

//Reference=MNI 
//nullstudy_18
//Subjects=21
34  24  30 
-34  44  12 
-42  -78  26 
-60  -26  -12 
-26  -44  52 
18  44  -12 
42  32  -16 
-22  64  -4 
-36  -2  66 

//Reference=MNI 
//nullstudy_19
//Subjects=20
8  28  56 
10  14  48 
-30  -80  38 
-46  -74  -6 
-14  -44  -32 
-38  2  -26 
-34  -46  -40 

//Reference=MNI 
//nullstudy_20
//Subjects=22
-22  -94  -28 
-8  -32  -14 
38  26  48 
-38  -92  -12 
14  30  -24 
-22  36  -8 
-28  18  -36 
-38  -76  18 
-44  -38  60 
-8  8  0 
4  34  30 
-22  -56  -42 
-58  -60  -20 
36  32  -22 
-42  14  -34 
20  2  -40 
16  62  12 
-24  -46  -8 

//Reference=MNI 
//nullstudy_21
//Subjects=20
52  2  -2 
4  26  20 
-38  30  46 
26  4  6 
-32  -76  20 
58  16  26 
-8  -34  -4 

//Reference=MNI 
//nullstudy_22
//Subjects=19
34  36  -20 
14  22  34 
-58  -60  26 

//Reference=MNI 
//nullstudy_23
//Subjects=20
-8  26  66 
-38  -40  -8 
-60  -36  18 
42  34  -18 
-8  22  58 
10  8  0 

//Reference=MNI 
//nullstudy_24
//Subjects=20
28  58  12 
-40  -84  -14 
-12  -38  34 
-32  -24  66 

//Reference=MNI 
//nullstudy_25
//Subjects=18
8  62  32 
-4  64  20 

//Reference=MNI 
//nullstudy_26
//Subjects=20
-54  -48  22 
36  20  30 
-36  52  6 
-34  -66  58 
-50  -6  34 
-16  14  50 

//Reference=MNI 
//nullstudy_27
//Subjects=20
12  70  16 
16  12  4 
-14  -50  -50 
-36  -34  48 
-16  -94  16 
-28  -82  26 

//Reference=MNI 
//nullstudy_28
//Subjects=21
-36  50  -12 
-20  -52  66 
0  18  36 
-56  -6  4 
-34  56  -4 
-40  12  58 
-28  -68  -50 
-70  -24  2 
-10  -8  -36 
38  8  34 
-38  -66  14 
-52  -52  -22 
-28  -10  4 
-50  -18  -40 
-16  36  54 
28  40  36 
-44  -22  52 
-62  -54  36 
-6  -2  40 
24  50  -4 
-52  -10  6 
-4  -52  -56 
-16  -34  42 

//Reference=MNI 
//nullstudy_29
//Subjects=21
-60  -4  40 
-50  28  14 
-32  -84  6 
-36  50  -14 
-44  -74  -30 
-28  -2  48 
34  34  -8 
44  16  -24 
-60  0  40 
-52  -68  -36 
-2  -52  -24 
56  10  18 
8  18  38 
-44  42  28 
-22  -80  46 
58  4  -32 
10  4  24 
-18  -64  52 
-14  -62  -22 
32  12  12 
42  18  -26 
-16  -28  12 
-24  -64  8 
-16  -90  -4 
-16  2  -36 
-26  -72  56 
-18  58  26 
-12  -66  6 
-14  -88  -10 

//Reference=MNI 
//nullstudy_30
//Subjects=21
24  8  -18 
-46  -76  -26 
-36  -38  44 
8  72  2 
-6  -46  22 
34  60  22 
58  14  26 
-58  -16  12 
-10  -78  40 
-46  -66  20 
20  30  34 
-26  -40  -48 
-48  -66  -42 
-20  56  -8 
-2  2  76 
-26  28  28 
-44  48  -2 
-10  -64  6 
-42  -38  20 
-50  -22  36 
-22  -68  -62 
-24  -54  -18 
-28  -92  4 
18  18  14 
-12  56  6 
-28  -50  12 
-50  -20  -16 
-28  -38  10 
-38  -64  -16 
16  38  18 
-46  0  8 
-58  -52  24 
-24  22  60 
-10  24  30 
-24  -28  56 
-24  -50  -20 
-2  -70  -48 
34  18  -44 
58  2  -20 
12  14  46 

//Reference=MNI 
//nullstudy_31
//Subjects=19
30  16  -34 
-42  38  30 
-36  -16  -26 

//Reference=MNI 
//nullstudy_32
//Subjects=19
-14  -24  -12 
-30  -54  58 

//Reference=MNI 
//nullstudy_33
//Subjects=19
-28  -8  -26 
-60  -38  -20 
-46  6  -12 

//Reference=MNI 
//nullstudy_34
//Subjects=20
-50  -16  -12 
38  36  30 
-48  -82  -14 
-40  -48  -28 
-20  -28  60 
-40  -60  10 
-30  -94  6 
-30  12  42 
-10  -10  58 

//Reference=MNI 
//nullstudy_35
//Subjects=19
-36  18  38 
24  62  6 
16  46  -10 

//Reference=MNI 
//nullstudy_36
//Subjects=21
-40  -8  12 
52  4  44 
-18  -92  22 
-46  -30  56 
-32  -12  -20 
-14  -40  4 
-38  0  0 
0  68  -2 
-40  48  8 
-10  -26  -34 
-14  -16  6 
24  16  -40 
-46  -62  24 

//Reference=MNI 
//nullstudy_37
//Subjects=19
-58  14  30 
-12  22  58 
44  34  22 
-46  -40  26 

//Reference=MNI 
//nullstudy_38
//Subjects=20
-34  10  36 
-4  -34  4 
-44  -44  48 
-20  -50  -38 
-32  -18  16 
8  48  32 

//Reference=MNI 
//nullstudy_39
//Subjects=20
-22  32  36 
-46  -8  50 
-34  34  46 
-26  -40  64 
-8  56  26 
-20  -92  -10 
6  46  -10 
24  12  -2 

//Reference=MNI 
//nullstudy_40
//Subjects=23
6  62  10 
-2  -86  0 
18  40  -18 
-54  -40  2 
-4  -54  -40 
-6  -86  30 
-44  6  -2 
36  54  8 
34  54  -8 
-12  -24  76 
6  48  0 
-46  -22  -36 
-34  20  56 
-22  -58  -6 
-66  -6  4 
-44  -80  -34 
16  54  12 
-8  -56  -34 
-14  -74  -20 
-10  62  -20 
-48  0  6 

//Reference=MNI 
//nullstudy_41
//Subjects=18
-66  -8  28 
-30  2  -46 

//Reference=MNI 
//nullstudy_42
//Subjects=21
-52  -48  -32 
-18  -86  36 
-18  -8  62 
-54  14  30 
-22  -60  -34 
52  4  -24 
64  4  0 
48  4  -28 
-2  30  34 
-34  26  32 

//Reference=MNI 
//nullstudy_43
//Subjects=20
-34  -78  -24 
-24  4  -36 
16  22  2 
-2  6  -22 

//Reference=MNI 
//nullstudy_44
//Subjects=20
-18  -16  56 
40  30  10 
-26  -46  -44 
-14  -34  48 
12  38  22 
-22  -2  -46 

//Reference=MNI 
//nullstudy_45
//Subjects=19
-22  42  32 
-42  -8  -34 

//Reference=MNI 
//nullstudy_46
//Subjects=21
-48  -36  10 
-10  2  70 
-14  -48  74 
-4  -70  -50 
-20  -98  -8 
-6  -80  -44 
-24  -40  68 
-38  -14  64 
-38  20  6 
-44  -56  -4 
16  68  -8 
-8  -26  -26 
-40  6  20 
-8  -70  -32 
-52  -58  2 
-48  -10  -18 
-12  -12  -16 

//Reference=MNI 
//nullstudy_47
//Subjects=21
26  10  -34 
12  34  12 
-16  -88  10 
-34  -56  -46 
-6  -46  -16 
0  44  4 
-24  16  38 
6  28  -4 
32  24  -6 
32  34  38 
-52  -40  6 

//Reference=MNI 
//nullstudy_48
//Subjects=20
6  66  2 
-52  -52  34 
-4  -68  16 
-20  -76  26 
-48  -32  26 
-26  -82  -50 
-22  -56  -52 
-24  -36  56 

//Reference=MNI 
//nullstudy_49
//Subjects=21
20  68  10 
-30  0  -16 
-64  -30  -28 
-8  44  -4 
52  18  30 
24  6  -24 
-54  -48  -18 
-28  -26  16 
12  44  44 
-34  -50  -32 

//Reference=MNI 
//nullstudy_50
//Subjects=20
-4  -26  42 
-30  -62  -28 
-40  -76  10 
2  42  24 
-34  -84  -8 
-4  4  -32 
-16  -78  -4 
-62  -24  42 

//Reference=MNI 
//nullstudy_51
//Subjects=19
-58  -42  -24 
-28  -54  -46 
-20  -64  -12 

//Reference=MNI 
//nullstudy_52
//Subjects=21
-38  -4  -40 
-6  -88  -32 
-12  22  42 
-64  -52  10 
-54  0  -6 
-36  -88  12 
-32  12  -42 
-36  38  32 
-24  46  44 
-8  0  54 
-30  -8  -18 
-18  54  -18 
-36  38  36 
-62  -28  -18 
-54  -32  16 

//Reference=MNI 
//nullstudy_53
//Subjects=20
-42  6  18 
-32  -50  2 
-22  -74  -22 
48  16  -10 
-42  -42  18 

//Reference=MNI 
//nullstudy_54
//Subjects=21
8  36  30 
52  6  -22 
30  14  -20 
-8  -24  -14 
-28  -64  2 
-64  -46  -18 
48  28  2 
-36  -62  2 

//Reference=MNI 
//nullstudy_55
//Subjects=19
-34  0  52 
-46  -34  16 

//Reference=MNI 
//nullstudy_56
//Subjects=20
-8  42  16 
-24  -40  -24 
-8  -40  -10 
8  28  32 

//Reference=MNI 
//nullstudy_57
//Subjects=21
46  52  4 
-40  -46  -24 
-56  6  -8 
-6  -8  -12 
-10  -12  2 
2  62  -20 
-50  -2  -4 
-26  -80  16 
42  18  38 
-22  -92  -8 
-20  -96  -10 
-10  -44  36 

//Reference=MNI 
//nullstudy_58
//Subjects=21
-12  -28  50 
-42  -12  2 
-10  -56  12 
-18  -2  26 
-24  26  -6 
34  24  -30 
-8  -90  0 
-24  -70  0 
-14  -66  14 

//Reference=MNI 
//nullstudy_59
//Subjects=18
-42  26  -24 
-12  -38  8 

//Reference=MNI 
//nullstudy_60
//Subjects=21
-4  -22  -34 
-54  0  -12 
-14  6  72 
16  46  46 
-4  -68  -16 
14  54  20 
-62  -40  -24 
20  36  54 
-34  -8  -50 
-38  18  22 
-8  -98  20 

//Reference=MNI 
//nullstudy_61
//Subjects=20
-24  -64  -24 
-50  -48  44 
8  14  16 
-16  52  38 
-40  -40  26 

//Reference=MNI 
//nullstudy_62
//Subjects=21
-42  -56  -6 
36  26  28 
-40  -74  8 
-4  -46  -50 
30  26  -28 
58  2  14 
-54  -60  4 
-22  -86  30 
20  22  54 
-36  -70  -16 
-8  44  -22 

//Reference=MNI 
//nullstudy_63
//Subjects=21
-66  -38  12 
14  26  62 
-34  -14  48 
58  34  2 
-26  4  -26 
-38  -16  16 
44  20  10 
14  22  12 

//Reference=MNI 
//nullstudy_64
//Subjects=18
-56  30  4 
-32  -56  -54 

//Reference=MNI 
//nullstudy_65
//Subjects=21
26  22  52 
-56  8  30 
-14  58  26 
-30  8  -38 
28  44  30 
-14  40  36 
-38  -16  54 
-6  34  -22 

//Reference=MNI 
//nullstudy_66
//Subjects=19
-50  -4  40 
-60  -2  12 
-66  -32  36 

//Reference=MNI 
//nullstudy_67
//Subjects=20
-12  4  76 
14  70  14 
-34  -48  -18 

//Reference=MNI 
//nullstudy_68
//Subjects=21
-8  -12  -16 
-32  16  26 
-20  -60  32 
-56  0  22 
-18  2  56 
-6  -48  2 
-68  -38  10 
-24  20  -16 
16  32  -24 
10  40  12 
26  32  52 
-24  50  22 
-28  -20  74 
-32  -18  64 

//Reference=MNI 
//nullstudy_69
//Subjects=19
8  52  -10 
-20  -66  34 

//Reference=MNI 
//nullstudy_70
//Subjects=21
-12  -30  -32 
10  10  34 
-42  -60  34 
-50  -20  -6 
-8  8  -6 
-10  -22  48 
-8  -34  50 
-40  -38  10 
28  20  -4 

//Reference=MNI 
//nullstudy_71
//Subjects=22
-4  4  -24 
-8  68  12 
-4  -56  52 
10  44  -14 
-10  -58  -4 
-46  -64  -22 
-54  -10  20 
-36  22  -12 
-36  -10  -32 
-34  4  -8 
6  20  2 
-28  -70  22 
-64  -26  -22 
-42  -74  -18 
-20  48  10 
-14  -64  -20 
36  12  -38 
-36  -52  56 
-30  -18  -26 
64  6  -2 
-14  -18  66 
-26  30  26 
-12  36  44 
-4  -50  -62 

//Reference=MNI 
//nullstudy_72
//Subjects=21
-8  -76  30 
36  36  -14 
-2  46  6 
-26  -52  34 
-24  -6  -24 
-50  2  46 
-2  56  8 
-22  -28  -24 
-10  -50  76 

//Reference=MNI 
//nullstudy_73
//Subjects=19
0  16  44 
-28  -44  -16 

//Reference=MNI 
//nullstudy_74
//Subjects=21
-66  -36  32 
-20  20  -28 
-58  -4  -24 
-8  54  14 
-20  -40  -48 
-44  -62  -42 
-4  -16  30 
-56  -10  -6 
-6  6  66 
-34  -62  54 
-18  66  10 

//Reference=MNI 
//nullstudy_75
//Subjects=20
30  46  34 
26  22  -24 
-58  4  12 
-32  32  36 
-38  20  -22 
14  24  -14 
-4  -2  -20 
48  46  4 
-50  28  34 

//Reference=MNI 
//nullstudy_76
//Subjects=22
-8  0  46 
-48  22  -20 
-22  -90  -40 
-50  -38  -12 
-16  -52  -38 
22  36  -16 
-36  -42  36 
-38  -64  -42 
10  4  56 
-60  -18  38 
-24  -24  58 
-22  -4  70 
-26  -64  -28 
20  42  52 
-46  -42  -16 
-4  -36  28 
-36  -42  -32 
-8  2  -22 
-32  38  40 
-58  -2  -22 
-50  42  -16 
-4  -84  -14 
-12  -50  -66 
-62  -58  12 
-22  -76  32 
-38  -32  -14 
-14  -68  32 
-36  -14  66 
42  22  18 
-28  -78  40 
-28  4  -24 
-34  -72  34 
8  62  -8 

//Reference=MNI 
//nullstudy_77
//Subjects=21
-6  -28  2 
-44  0  -48 
48  42  -6 
20  48  18 
-40  -56  24 
-42  -56  44 
-28  -10  10 
-2  36  -28 
-22  -32  14 
-48  -64  38 
26  20  38 
30  8  66 
-8  -62  18 
-24  42  14 
34  10  6 
-36  32  44 
-54  26  4 
-24  -46  8 
-38  -70  -54 
-2  -46  54 
2  34  -22 
-14  -18  8 
-26  26  -6 
-34  8  52 
-4  30  14 
-22  -52  0 
-32  8  -16 
2  48  -24 
-60  -10  -28 
-42  -30  12 
20  8  58 
2  4  36 
22  44  22 
-32  46  14 
-8  -42  -56 

//Reference=MNI 
//nullstudy_78
//Subjects=20
-14  -38  54 
-52  14  20 
4  22  44 
-18  60  -14 
-50  -8  0 

//Reference=MNI 
//nullstudy_79
//Subjects=20
-26  -18  70 
0  16  32 
-48  -4  4 
-12  -62  -6 
-34  -60  18 
-34  -46  38 
-2  -58  -34 
48  34  30 

//Reference=MNI 
//nullstudy_80
//Subjects=20
-4  -18  62 
-34  -10  16 
-6  34  -8 

//Reference=MNI 
//nullstudy_81
//Subjects=20
-2  -92  -14 
-30  48  10 
-6  -14  -28 
30  30  -2 
-30  40  38 
-50  -56  48 
-38  6  24 

//Reference=MNI 
//nullstudy_82
//Subjects=21
50  42  22 
-58  -36  20 
-40  -82  18 
-36  -68  -14 
30  6  -36 
-38  58  -8 
-10  50  -24 
-6  -92  20 
6  48  -4 
-36  18  4 
-28  14  -42 
26  56  34 
-10  52  30 
-18  -94  22 

//Reference=MNI 
//nullstudy_83
//Subjects=20
-14  -32  -16 
-8  -86  26 
-4  62  10 
36  54  18 
-62  -40  -4 
-30  -80  -30 

//Reference=MNI 
//nullstudy_84
//Subjects=19
34  30  44 
-44  -62  12 

//Reference=MNI 
//nullstudy_85
//Subjects=20
-6  -36  72 
-60  -8  -20 
-56  -14  38 
-12  -76  54 
-12  -68  -46 
18  4  58 

//Reference=MNI 
//nullstudy_86
//Subjects=20
-32  42  -18 
-42  -16  44 
20  30  48 
-34  -18  -36 

//Reference=MNI 
//nullstudy_87
//Subjects=21
-8  -60  -22 
-4  -82  -46 
-24  36  44 
-2  40  48 
38  38  30 
-18  66  2 
-8  28  -22 
56  16  0 
-48  0  -14 
-8  -82  28 
-28  6  46 
-36  -40  50 
-52  -76  0 
-54  18  0 
46  4  -44 
32  54  -14 
-10  52  16 
-12  -84  -28 
-14  -70  34 
-8  0  -10 
-46  14  44 
-2  -84  -24 
-12  -4  -24 
-26  46  38 
-10  36  28 
26  6  -40 
38  4  62 
-34  -52  0 
42  44  30 

//Reference=MNI 
//nullstudy_88
//Subjects=20
-32  -42  56 
-28  36  40 
-40  42  20 
-36  16  -28 

//Reference=MNI 
//nullstudy_89
//Subjects=18
36  32  18 
-52  -20  6 

//Reference=MNI 
//nullstudy_90
//Subjects=22
-34  -70  32 
42  28  4 
-2  -44  -54 
-24  16  -16 
-28  48  4 
-32  -28  50 
-28  -36  -24 
-48  -22  28 
-24  -36  18 
-64  -10  -18 
-4  -10  -34 
36  28  26 
-42  -56  -16 
-12  -40  -52 
6  2  -28 
-2  20  18 
-46  -26  -30 

//Reference=MNI 
//nullstudy_91
//Subjects=19
-50  -28  -28 
-40  12  44 

//Reference=MNI 
//nullstudy_92
//Subjects=21
-44  -40  -22 
-10  32  -16 
-28  -82  32 
-54  14  16 
-36  50  2 
-22  -2  60 
-54  8  -24 

//Reference=MNI 
//nullstudy_93
//Subjects=18
-10  -42  -40 
18  24  -2 

//Reference=MNI 
//nullstudy_94
//Subjects=20
-26  -24  -22 
-26  -50  -10 
60  18  16 
-50  -48  -46 
-52  -32  48 
-64  -36  4 
42  36  32 
-6  44  30 
-12  -86  -10 
-44  24  48 
34  6  40 
-48  -60  2 
-28  -74  -46 
14  42  34 
52  46  4 
-2  40  -8 
-12  -56  -48 

//Reference=MNI 
//nullstudy_95
//Subjects=19
4  40  -32 
14  14  -14 

//Reference=MNI 
//nullstudy_96
//Subjects=21
-56  -30  34 
-20  -62  -6 
42  4  -26 
-38  -76  2 
-8  -12  48 
-24  -88  4 
-42  8  40 
20  58  -20 
-20  -48  -50 
-6  -22  40 

//Reference=MNI 
//nullstudy_97
//Subjects=20
12  64  8 
-42  -76  -4 
-56  -18  28 
-48  -42  30 
-18  -8  -40 

//Reference=MNI 
//nullstudy_98
//Subjects=20
-20  66  -2 
-24  -88  -44 
2  56  24 
42  26  -28 
-38  -64  -22 
-8  -64  62 

//Reference=MNI 
//nullstudy_99
//Subjects=21
-2  4  4 
0  48  34 
-20  34  38 
-34  34  -20 
62  14  24 
-8  36  20 
-20  -54  68 
-36  -70  54 

//Reference=MNI 
//nullstudy_100
//Subjects=21
-22  34  -26 
-2  62  10 
-58  -6  4 
-36  -12  -44 
-22  -80  0 
-12  36  50 
-14  -54  42 
34  44  -14 
-64  -30  14 
-4  56  24 
18  6  -42 

