//Reference=MNI 
//truestudy_1
//Subjects=10
48  -65  -4 
46  -65  -5 
46  -66  -6 
46  -66  -6 

//Reference=MNI 
//truestudy_2
//Subjects=11
45  -67  -5 
46  -66  -6 
45  -66  -6 
46  -66  -7 
47  -66  -8 
45  -67  -7 
46  -66  -5 
44  -67  -7 
45  -65  -6 
46  -66  -6 
47  -67  -6 
44  -66  -6 
46  -67  -5 
48  -67  -6 
46  -65  -6 
46  -64  -6 
45  -66  -5 
45  -66  -8 
46  -66  -6 
47  -65  -7 

//Reference=MNI 
//truestudy_3
//Subjects=8
47  -67  -6 
46  -66  -8 
47  -64  -4 

//Reference=MNI 
//nullstudy_1
//Subjects=10
-2  20  54 
-38  32  0 
-38  -64  2 
-24  -42  -8 

//Reference=MNI 
//nullstudy_2
//Subjects=11
-24  16  -8 
-10  64  6 
2  14  -20 
-20  -72  12 
-8  -82  36 
-68  -28  -12 
-62  -60  14 
-2  -50  -52 
36  8  -20 
-30  -74  38 
-6  -12  70 
-24  -88  -38 
32  16  4 
32  16  50 
-36  -44  -2 
-44  -84  6 
-8  -16  -12 
40  24  -16 
-58  -68  4 
32  6  40 

//Reference=MNI 
//nullstudy_3
//Subjects=8
-56  -16  22 
-58  18  6 
-30  4  36 

//Reference=MNI 
//nullstudy_4
//Subjects=10
-14  -64  56 
-58  -64  20 
-24  6  -18 
-66  -20  20 
-52  -46  -12 
-56  10  24 

//Reference=MNI 
//nullstudy_5
//Subjects=12
-20  -32  18 
-52  -24  60 
-52  -60  0 
-32  26  4 
-12  10  6 
-24  -22  -18 
-20  42  50 
-30  -42  64 
-42  36  -2 
-18  68  2 
-30  -78  -36 
-28  -52  44 
-22  -24  -22 
-6  -50  -46 
-12  -70  18 
34  32  50 
-52  22  28 
-58  -2  30 
-44  -36  -28 
-30  -44  -26 
10  28  42 
0  6  50 
-66  -44  12 
-26  34  42 
-16  -56  2 
-18  -80  -54 
-6  -60  6 
50  12  -32 

//Reference=MNI 
//nullstudy_6
//Subjects=11
-8  48  18 
-18  -32  -46 
8  16  -8 
-2  58  -10 
-28  22  -14 
-6  -86  32 
-42  18  42 
-14  -22  46 
12  12  70 
-66  -50  26 
-46  -14  -26 
-38  -44  -14 
36  18  12 

//Reference=MNI 
//nullstudy_7
//Subjects=11
-4  -50  54 
-56  -12  10 
-22  -58  -46 
34  28  24 
-42  -44  18 
22  26  62 
-26  -12  44 
-56  -10  -24 
-32  22  -20 
-14  -72  -50 
-64  -30  -16 
-34  14  60 
-42  22  -14 
-28  22  -28 
-56  -30  48 
-6  -18  12 
-38  -56  38 
-38  6  26 

//Reference=MNI 
//nullstudy_8
//Subjects=10
-62  -10  -4 
22  42  46 
-44  -26  22 
32  36  38 
-62  -56  2 

//Reference=MNI 
//nullstudy_9
//Subjects=8
40  28  38 
-54  -72  10 
34  18  58 

//Reference=MNI 
//nullstudy_10
//Subjects=9
2  48  -4 
-2  22  4 
-62  -40  -6 

//Reference=MNI 
//nullstudy_11
//Subjects=10
-56  -2  32 
-10  -88  -26 
-32  -74  -18 
40  6  4 
-22  -76  -18 

//Reference=MNI 
//nullstudy_12
//Subjects=9
-30  -38  -6 
-26  -18  70 
12  32  -24 

//Reference=MNI 
//nullstudy_13
//Subjects=10
-34  48  12 
20  54  -12 
-32  -88  8 
32  60  -4 
48  16  -26 
-6  -58  10 

//Reference=MNI 
//nullstudy_14
//Subjects=10
-30  -50  66 
-2  -36  -32 
-36  32  -10 
-44  -54  30 
-12  64  -12 

//Reference=MNI 
//nullstudy_15
//Subjects=10
-4  -70  62 
4  24  16 
-32  -44  36 
-40  -62  -46 
-42  44  -20 
38  46  0 

//Reference=MNI 
//nullstudy_16
//Subjects=9
-28  18  -40 
-30  -44  -34 

//Reference=MNI 
//nullstudy_17
//Subjects=9
-40  42  18 
-16  -38  -14 
-46  2  48 
-58  -36  52 

//Reference=MNI 
//nullstudy_18
//Subjects=10
44  22  0 
-52  -20  -10 
-36  8  24 
-16  6  -42 
-4  2  -6 
-30  -82  26 

//Reference=MNI 
//nullstudy_19
//Subjects=9
10  28  22 
-54  -40  44 
-42  0  8 

//Reference=MNI 
//nullstudy_20
//Subjects=10
26  50  12 
-10  40  8 
-50  -52  -12 
-28  -2  46 
-38  14  24 
-42  -10  -30 

//Reference=MNI 
//nullstudy_21
//Subjects=11
34  32  50 
4  46  -6 
10  22  46 
-54  -34  -32 
-12  -46  28 
4  48  46 
-6  -70  42 
-38  -76  18 
-4  -4  30 
-14  32  56 
-34  -28  46 
28  8  -24 
-2  -6  -30 
-52  -22  4 
-8  -42  2 

//Reference=MNI 
//nullstudy_22
//Subjects=10
-14  -14  20 
2  28  -26 
-12  64  -20 
-20  -42  60 
10  40  36 
-36  2  -16 

//Reference=MNI 
//nullstudy_23
//Subjects=10
-48  12  -34 
-6  -2  50 
-44  -52  -18 

//Reference=MNI 
//nullstudy_24
//Subjects=9
24  44  22 
-56  -54  20 

//Reference=MNI 
//nullstudy_25
//Subjects=11
-20  -4  -40 
-34  -70  -14 
-50  -46  50 
-6  -52  -48 
-20  -54  -30 
-28  46  6 
-32  4  32 
-38  -76  -36 
-24  -90  -22 
-30  18  28 
-2  -24  20 

//Reference=MNI 
//nullstudy_26
//Subjects=11
16  16  4 
-50  30  6 
-64  -32  -4 
-46  30  -14 
-54  -52  -20 
-26  -78  26 
-24  32  -14 
-30  14  -44 

//Reference=MNI 
//nullstudy_27
//Subjects=9
52  2  -4 
-36  -12  -38 

//Reference=MNI 
//nullstudy_28
//Subjects=11
-28  -64  -6 
-2  -64  -48 
48  24  16 
18  68  8 
-26  -60  -44 
-4  -50  26 
-66  -50  22 
-8  -28  18 
-38  -10  -48 
16  36  -24 
-18  -80  18 
-50  8  -12 
-6  -2  -18 
-4  -30  -18 

//Reference=MNI 
//nullstudy_29
//Subjects=10
-20  -90  -32 
20  6  58 
14  2  68 
-48  -52  58 
-32  10  62 
-20  14  -8 
-24  -76  8 
-42  -48  -38 
-22  16  -30 
0  54  20 
-28  -18  8 
-12  -66  -50 
-56  10  16 
6  62  28 
36  52  20 
-56  -48  26 
-34  -92  10 
2  28  58 
-34  64  2 
-66  -42  30 
38  18  10 

//Reference=MNI 
//nullstudy_30
//Subjects=10
-34  -42  56 
-32  -28  56 
-6  -36  -60 

//Reference=MNI 
//nullstudy_31
//Subjects=11
32  52  28 
24  64  22 
-30  -64  -12 
8  8  46 
-28  60  -4 
28  4  58 
-20  -70  50 
-2  -28  40 
10  58  36 
-48  -44  60 

//Reference=MNI 
//nullstudy_32
//Subjects=11
-36  -62  22 
-26  36  52 
20  56  -8 
28  2  -14 
-4  -30  58 
-64  -16  36 
-14  -94  -16 
20  56  4 
4  50  -12 
-50  -2  18 
34  38  16 
-34  -70  22 
14  4  -10 
-8  -46  -38 
-44  -40  46 
-22  -82  46 
4  50  50 
4  42  6 
-58  -42  24 
-6  -58  52 
20  28  46 
-30  22  48 

//Reference=MNI 
//nullstudy_33
//Subjects=9
32  56  16 
-34  28  50 
-36  -50  -26 

//Reference=MNI 
//nullstudy_34
//Subjects=10
-20  -86  12 
-34  -56  44 
14  18  38 
-38  -2  44 
4  36  46 

//Reference=MNI 
//nullstudy_35
//Subjects=10
52  30  30 
56  8  -10 
-26  -48  54 
-24  38  -16 
6  8  -6 
-22  36  26 
32  48  36 

//Reference=MNI 
//nullstudy_36
//Subjects=9
32  34  24 
-8  -20  6 

//Reference=MNI 
//nullstudy_37
//Subjects=10
28  8  4 
-18  54  36 
-48  -64  -14 
-4  -28  42 
-28  32  -24 
-42  32  12 

//Reference=MNI 
//nullstudy_38
//Subjects=9
22  38  54 
-46  44  0 

//Reference=MNI 
//nullstudy_39
//Subjects=10
-34  14  46 
-52  -56  28 
-38  -42  -50 
12  28  60 
-12  0  56 

//Reference=MNI 
//nullstudy_40
//Subjects=10
-6  12  8 
-26  -50  -28 
-40  20  46 
32  4  -44 
6  36  -4 

//Reference=MNI 
//nullstudy_41
//Subjects=9
-50  -48  -14 
-38  24  54 
34  10  -16 
-36  -70  -24 

//Reference=MNI 
//nullstudy_42
//Subjects=11
-24  -52  50 
-2  -30  36 
12  32  -18 
-42  0  8 
8  48  -8 
-38  -54  34 
-24  -8  -8 
-32  -6  -6 
2  4  64 
-40  -18  -36 
20  18  0 
-38  -40  -30 
-62  -54  22 
-34  0  14 
-40  -20  64 
16  60  -12 
-6  -20  -34 
-42  -48  24 
30  14  36 

//Reference=MNI 
//nullstudy_43
//Subjects=11
8  56  -10 
32  20  50 
-54  -62  -18 
-2  -22  4 
-6  -86  -12 
-6  30  54 
-36  -38  54 
-60  6  -18 

//Reference=MNI 
//nullstudy_44
//Subjects=11
48  20  30 
-34  -80  -10 
-26  -60  -52 
-36  22  40 
-24  6  -44 
-50  4  34 
-42  -78  -14 
-6  -60  34 
-34  -30  46 
-52  -28  58 
-36  -40  40 
-50  34  2 
20  56  -2 
-10  14  -8 
-8  40  40 
-56  2  -16 
-22  14  58 
-12  -42  -50 
-34  -26  -18 
50  40  -12 
44  14  -10 
-56  -16  14 
-4  12  34 
-50  -52  16 
54  2  52 
32  32  30 
-54  40  -4 
-44  -50  34 
12  36  -28 
-26  -74  -34 
38  6  28 
-8  62  2 
-26  36  36 
32  6  -20 
28  64  20 
-40  38  12 
-56  -50  0 
2  20  58 
-20  -40  58 
62  10  26 
-28  12  -14 
-52  0  -40 
-34  -4  -30 

//Reference=MNI 
//nullstudy_45
//Subjects=12
-12  48  38 
-52  -28  12 
32  4  -12 
-2  10  60 
42  4  -42 
26  16  64 
-14  -60  32 
-22  -42  64 
-2  -40  -44 
-64  -26  -14 
-10  8  -2 
24  34  -18 
-46  -38  22 
-44  -22  64 
56  22  4 
4  32  46 
-60  -48  32 
-8  -6  36 
-26  -52  66 
38  12  4 
-56  -44  -8 
-10  -54  24 
-24  -24  -8 
-36  24  -18 
-48  10  38 
36  24  -16 
-46  -28  38 
-10  -66  -42 
-6  -96  22 

//Reference=MNI 
//nullstudy_46
//Subjects=8
-16  16  -24 
-48  -36  -26 

//Reference=MNI 
//nullstudy_47
//Subjects=11
-22  -48  -40 
-50  -54  28 
-26  -82  -26 
-50  -10  50 
24  54  24 
44  6  -4 
-48  30  8 
-14  -96  -26 
14  12  36 
-8  36  16 
-20  -56  -44 
-22  -20  -14 
-6  0  58 
-28  -76  -12 
-30  -8  64 

//Reference=MNI 
//nullstudy_48
//Subjects=10
28  6  2 
-2  -64  42 
-50  20  20 
-54  -26  -32 
-50  -52  -18 
-18  -40  62 

//Reference=MNI 
//nullstudy_49
//Subjects=11
-44  -40  -42 
-4  16  -16 
26  30  -18 
-60  20  12 
-62  6  8 
-54  -36  46 
-12  0  46 
-22  -68  48 
56  18  16 
-30  -34  54 
-6  4  56 
-12  50  44 
-36  16  -30 
-50  12  -24 
-50  -54  -52 
-10  60  8 
52  26  26 
36  18  56 
-62  -14  10 
6  20  60 
-4  -8  64 
-32  -8  56 

//Reference=MNI 
//nullstudy_50
//Subjects=10
-6  -44  -4 
-36  44  -14 
-36  -32  60 
-28  -46  72 

//Reference=MNI 
//nullstudy_51
//Subjects=11
-14  -86  18 
-30  -22  48 
-8  -74  -22 
6  2  -22 
-30  -52  -32 
-16  -66  -58 
-34  38  -18 
34  32  48 
-24  6  -10 
34  2  54 
46  34  -8 
10  24  0 
-40  -44  20 
-6  -32  16 
-12  -62  -22 
-4  28  -4 

//Reference=MNI 
//nullstudy_52
//Subjects=11
-2  -56  -64 
-2  -32  -32 
-52  8  42 
-34  -28  -24 
-6  -30  70 
-10  -80  6 
-28  14  -10 
-12  -78  28 
48  32  24 
-2  -96  -20 
4  14  54 
-62  -12  -16 

//Reference=MNI 
//nullstudy_53
//Subjects=9
-42  -16  -38 
-22  -6  -48 
-48  -64  -52 
36  18  54 

//Reference=MNI 
//nullstudy_54
//Subjects=10
-6  -70  60 
-56  -22  -32 
-30  -60  -56 
-2  -96  18 
-26  50  -12 

//Reference=MNI 
//nullstudy_55
//Subjects=10
-16  -18  66 
-40  -56  46 
30  18  6 

//Reference=MNI 
//nullstudy_56
//Subjects=10
12  20  -14 
-64  -38  -22 
-18  -88  -14 
-54  -38  56 

//Reference=MNI 
//nullstudy_57
//Subjects=9
-6  52  32 
-52  -34  -6 
6  32  26 
-16  -90  -38 

//Reference=MNI 
//nullstudy_58
//Subjects=8
44  12  -32 
-16  -52  62 
-34  4  48 

//Reference=MNI 
//nullstudy_59
//Subjects=10
-42  -48  42 
-12  0  -10 
-58  -58  -28 
-30  30  38 
-12  -84  26 
-62  -6  -18 
12  56  38 
-12  14  40 

//Reference=MNI 
//nullstudy_60
//Subjects=9
-30  -50  -42 
-44  -40  52 

//Reference=MNI 
//nullstudy_61
//Subjects=11
-58  -10  32 
-30  44  36 
-40  -58  54 
-48  48  4 
-22  38  24 
-32  -44  64 
-20  6  -20 
-34  12  2 
-14  -80  -24 
20  40  48 

//Reference=MNI 
//nullstudy_62
//Subjects=8
12  50  28 
-24  -60  12 

//Reference=MNI 
//nullstudy_63
//Subjects=11
-2  -58  -2 
34  36  -22 
8  62  2 
-4  -26  64 
10  64  14 
-42  -46  38 
-8  16  8 
50  28  16 
-38  -60  -30 
-42  4  -42 
-30  -68  -62 
-32  -58  4 

//Reference=MNI 
//nullstudy_64
//Subjects=10
-24  -34  -22 
-52  4  -42 
14  58  38 
20  4  -16 
-6  -36  30 
-42  40  -12 
-26  -26  -18 

//Reference=MNI 
//nullstudy_65
//Subjects=10
16  60  -18 
-38  -84  14 
6  10  2 
44  18  46 
-66  -46  -12 
8  30  58 
-40  -88  -10 

//Reference=MNI 
//nullstudy_66
//Subjects=9
18  2  60 
-36  -48  -22 

//Reference=MNI 
//nullstudy_67
//Subjects=12
64  12  18 
-16  2  -22 
-8  -46  -46 
-40  -78  36 
-48  -50  2 
-8  34  -4 
-10  16  42 
-28  8  -28 
-2  -8  -32 
-16  -20  6 
32  62  18 
-34  -16  14 
-36  -42  46 
-6  -40  44 
-42  -68  -8 
12  16  8 
-14  -42  -42 
-18  -64  -56 
-50  22  30 
-48  36  -12 
-26  6  70 
46  36  24 
-52  -72  2 
-60  -18  36 
-24  50  18 
-66  -34  -10 
-56  -70  16 
-48  -12  10 
-4  -74  2 
-14  -80  -36 
-20  26  -16 
-28  64  14 
-44  -52  16 
-30  56  24 
4  46  16 
-26  30  -24 
-34  -48  -34 
-52  -50  30 
-26  30  0 
-40  -78  -46 
-38  36  -16 
50  8  10 
-2  -42  -52 
-42  -28  -20 
2  2  -2 
42  12  46 
-42  14  52 
-28  14  -44 
-60  -14  -36 
4  38  -14 
-32  -20  -22 
-8  -22  -32 
-32  -86  30 
54  22  -8 
-38  14  32 
-42  -30  8 

//Reference=MNI 
//nullstudy_68
//Subjects=10
-10  -44  56 
16  44  40 
42  6  -34 

//Reference=MNI 
//nullstudy_69
//Subjects=11
12  66  -4 
-40  -56  14 
-64  -48  26 
-40  -68  -50 
24  50  -20 
-8  -52  66 
-18  -28  -16 
-18  -20  4 
-42  4  -18 

//Reference=MNI 
//nullstudy_70
//Subjects=10
-14  -12  26 
-14  -60  -10 
-4  44  28 
-8  4  52 
-28  -58  -16 
-36  -8  -2 
52  2  -40 

//Reference=MNI 
//nullstudy_71
//Subjects=10
-28  44  38 
-40  38  -12 
-24  6  -6 
-50  26  2 
34  36  34 
32  62  20 

//Reference=MNI 
//nullstudy_72
//Subjects=9
-48  -34  18 
24  32  42 

//Reference=MNI 
//nullstudy_73
//Subjects=11
-2  -16  76 
-2  -54  -32 
-28  38  16 
6  4  30 
-26  6  58 
-26  -36  62 
-6  -88  -10 
-52  -30  60 
28  50  30 
52  14  20 
-28  -10  68 
-38  0  2 
22  12  -28 
-30  -22  56 

//Reference=MNI 
//nullstudy_74
//Subjects=10
-16  10  18 
-30  -78  18 
-54  12  40 
44  12  58 
-32  -54  60 

//Reference=MNI 
//nullstudy_75
//Subjects=11
22  20  46 
22  52  14 
30  20  40 
-66  -12  8 
-12  -72  -46 
-10  -26  -12 
-22  -12  48 
-10  -32  76 
-2  -94  10 
-22  58  -12 
44  2  50 
-4  -68  -34 
34  26  48 

//Reference=MNI 
//nullstudy_76
//Subjects=10
-40  38  -14 
-6  -44  12 
26  24  38 
-46  -44  56 
-6  -18  -4 

//Reference=MNI 
//nullstudy_77
//Subjects=9
-60  -34  24 
-58  -26  8 

//Reference=MNI 
//nullstudy_78
//Subjects=12
-34  30  52 
30  18  50 
-48  -12  -12 
-44  4  -18 
-2  -16  -8 
-28  8  6 
32  14  54 
-64  -8  -10 
-10  24  -20 
-52  16  -16 
-38  -48  -56 
-50  10  38 
-20  -62  12 
36  44  -6 
-62  4  -6 
28  20  54 
-24  -42  56 

//Reference=MNI 
//nullstudy_79
//Subjects=11
26  14  6 
-16  -56  -22 
58  28  16 
-2  -72  60 
54  16  8 
-12  -38  48 
-10  22  4 
-52  18  0 
-12  2  44 
36  10  26 
26  18  -12 
-30  24  52 
-42  -12  -10 
24  10  -40 
-24  44  -16 
-6  44  24 
-58  -14  24 
-10  60  8 
-34  48  34 
-14  -48  -18 
-36  -76  -2 
-14  32  -18 
18  14  -26 
60  2  22 
-42  8  -14 

//Reference=MNI 
//nullstudy_80
//Subjects=8
-46  0  52 
36  24  30 

//Reference=MNI 
//nullstudy_81
//Subjects=11
-48  20  2 
-10  -96  -6 
-18  18  8 
34  10  -4 
-48  -6  50 
-20  -76  34 
-50  -60  20 
-42  -8  32 
18  34  40 
34  58  24 
16  56  34 

//Reference=MNI 
//nullstudy_82
//Subjects=9
-16  -86  28 
-2  -32  -16 
44  26  50 

//Reference=MNI 
//nullstudy_83
//Subjects=10
8  4  50 
-20  60  -10 
-54  -52  -20 
-8  20  64 

//Reference=MNI 
//nullstudy_84
//Subjects=7
-62  -6  -20 
6  60  10 

//Reference=MNI 
//nullstudy_85
//Subjects=9
-42  -24  46 
-38  -26  58 

//Reference=MNI 
//nullstudy_86
//Subjects=11
-22  -44  12 
20  56  32 
-14  12  -18 
18  46  -24 
-50  -58  24 
-52  -40  52 
54  4  -32 
-46  -26  -30 
-48  0  32 
-36  46  -14 
56  6  30 
-6  -92  4 
-2  -44  54 
48  30  28 

//Reference=MNI 
//nullstudy_87
//Subjects=11
6  16  64 
-68  -24  20 
30  36  46 
-30  18  -12 
52  20  2 
30  36  -8 
-54  -40  -30 
-34  -68  26 
-46  0  34 
-52  -28  24 
-30  -70  -24 
-30  40  8 
20  24  62 
-40  -30  42 
-16  -52  6 
-24  -100  6 
-70  -40  -2 

//Reference=MNI 
//nullstudy_88
//Subjects=9
18  26  62 
-4  -62  -18 
18  14  -2 
8  62  4 

//Reference=MNI 
//nullstudy_89
//Subjects=9
-44  8  -34 
-24  48  -8 

//Reference=MNI 
//nullstudy_90
//Subjects=11
12  10  -26 
38  28  -8 
-4  -32  -42 
-54  -74  8 
-26  -80  18 
-6  70  2 
50  34  20 
-46  -36  10 
-48  -60  -36 
32  38  48 
-6  62  -16 
2  22  38 
-20  -28  -20 
38  18  4 
-18  -54  74 

//Reference=MNI 
//nullstudy_91
//Subjects=9
10  14  46 
24  52  28 
-54  -70  10 

//Reference=MNI 
//nullstudy_92
//Subjects=9
-2  -2  20 
26  52  -12 

//Reference=MNI 
//nullstudy_93
//Subjects=9
-42  30  -6 
-16  60  34 

//Reference=MNI 
//nullstudy_94
//Subjects=11
-34  -48  -58 
-20  -38  -30 
-36  36  46 
-12  -48  -20 
-36  -54  -14 
2  22  52 
-46  28  32 
-8  -32  76 
-52  -30  -20 
-36  -34  50 

//Reference=MNI 
//nullstudy_95
//Subjects=10
48  10  24 
10  70  8 
-2  8  -16 
56  18  -12 
-50  -2  36 
-10  -78  4 

//Reference=MNI 
//nullstudy_96
//Subjects=10
-54  8  40 
60  16  2 
10  30  20 
-60  -24  -12 
-4  -24  46 
-24  54  16 
-18  22  44 
-48  -28  62 
-22  -12  -16 

//Reference=MNI 
//nullstudy_97
//Subjects=11
-38  -4  16 
-46  44  24 
-24  -40  -10 
42  42  8 
-40  40  8 
-12  -82  46 
28  24  -16 
-42  20  40 
-14  -60  4 
-14  -72  -30 
-42  -60  52 
-44  -70  -38 
-6  -8  6 
4  40  14 
-18  60  24 
-56  -32  8 
4  18  24 
-46  14  -4 
-60  -18  2 
-4  30  -18 
-18  -82  50 
-50  -38  46 
-34  -82  -24 
-2  36  26 
-38  12  -36 
54  42  -6 
-16  -72  46 
8  60  18 
-32  -88  26 
-44  12  48 

//Reference=MNI 
//nullstudy_98
//Subjects=11
-24  10  0 
-2  0  60 
-52  -54  36 
-32  52  30 
-54  -54  12 
4  42  8 
-20  -86  -38 
-4  -102  12 

//Reference=MNI 
//nullstudy_99
//Subjects=10
24  32  42 
-4  -64  68 
10  12  -4 
-38  8  -10 

//Reference=MNI 
//nullstudy_100
//Subjects=10
14  20  4 
24  60  16 
48  2  -10 
44  8  50 
-44  52  -6 
-34  -38  54 

