//Reference=MNI 
//truestudy_1
//Subjects=9
44  -66  -6 
47  -65  -9 
43  -66  -7 

//Reference=MNI 
//truestudy_2
//Subjects=10
48  -66  -6 
45  -67  -5 
48  -68  -5 
45  -66  -6 
47  -67  -6 

//Reference=MNI 
//truestudy_3
//Subjects=10
48  -65  -4 
46  -66  -6 
45  -66  -6 
46  -66  -5 
44  -68  -5 
44  -67  -7 

//Reference=MNI 
//nullstudy_1
//Subjects=9
-12  -32  -40 
-54  -48  22 
-34  -86  -38 

//Reference=MNI 
//nullstudy_2
//Subjects=10
-6  44  40 
-48  -10  -26 
-16  18  66 
-36  -38  -28 
-30  -70  42 

//Reference=MNI 
//nullstudy_3
//Subjects=10
-28  -4  44 
44  30  22 
-4  -14  -12 
-56  20  4 
-20  8  -34 
-6  -58  -38 

//Reference=MNI 
//nullstudy_4
//Subjects=8
-20  -20  -26 
-48  -76  -4 

//Reference=MNI 
//nullstudy_5
//Subjects=14
12  12  72 
-12  64  -6 
-4  -16  16 
58  6  12 
32  60  -16 
-42  36  -20 
32  64  -10 
46  2  -42 
-56  -20  -28 
46  22  -32 
0  58  26 
-4  4  64 
-64  -10  6 
-12  -70  8 
36  12  10 
-16  -76  -4 
-64  -50  -16 
-16  4  52 
-14  -38  48 
-10  -56  22 
-12  70  -8 
-40  38  18 
-42  -22  10 
-48  4  32 
-64  -8  12 
18  10  16 
-20  -32  -4 
-12  40  24 
-28  -8  -42 

//Reference=MNI 
//nullstudy_6
//Subjects=10
34  62  4 
28  54  -18 
-56  -4  0 
-18  -76  36 
-4  -26  44 
-6  68  18 
-2  -12  10 
-30  -60  -30 

//Reference=MNI 
//nullstudy_7
//Subjects=11
-20  -46  -6 
-40  -56  -46 
-54  -60  -24 
-8  -60  26 
-2  -20  -28 
-48  44  14 
-36  -44  -34 
-60  -22  42 
-26  -60  0 
-58  -58  -30 
6  30  8 
-36  12  38 
-32  10  -40 
-62  -40  32 
16  44  0 
-2  -70  58 
-52  -48  38 
12  66  28 
34  10  0 
24  10  8 
-6  -16  -26 
48  6  -16 

//Reference=MNI 
//nullstudy_8
//Subjects=10
10  54  34 
30  32  32 
-34  20  28 
-48  -80  -10 
-44  -40  -38 

//Reference=MNI 
//nullstudy_9
//Subjects=11
-50  -40  -6 
32  30  -18 
-54  -16  34 
12  32  -28 
2  44  46 
-14  -48  -60 
-10  12  4 
-14  36  44 
-18  -84  -8 
-16  -6  56 
-40  -72  -16 

//Reference=MNI 
//nullstudy_10
//Subjects=10
-20  10  -38 
-42  -64  26 
-22  48  6 
-10  -82  -22 
-10  34  38 

//Reference=MNI 
//nullstudy_11
//Subjects=10
-24  -60  48 
-44  -20  46 
-14  -50  -50 
-14  -100  8 
32  26  44 
28  22  58 
-20  -46  -44 

//Reference=MNI 
//nullstudy_12
//Subjects=12
6  28  32 
-2  -64  -52 
26  6  2 
-32  -74  -6 
-8  -36  54 
-46  -60  -24 
-24  -96  -18 
-30  62  12 
-4  -32  52 
38  30  4 
42  2  18 
-62  -20  44 
36  30  -22 
-14  -64  -54 
-18  -58  14 

//Reference=MNI 
//nullstudy_13
//Subjects=10
4  34  44 
-16  -94  20 
-30  6  -20 
10  54  34 
-42  -82  20 
48  28  42 
-60  -20  -2 
-30  12  46 

//Reference=MNI 
//nullstudy_14
//Subjects=9
4  20  26 
-4  18  -6 
-38  -54  -58 

//Reference=MNI 
//nullstudy_15
//Subjects=12
-10  -90  -30 
42  38  0 
36  20  2 
-24  -18  60 
32  16  30 
-28  54  18 
-8  4  6 
-34  30  14 
16  30  56 
-50  -28  28 
-30  -46  50 
-42  -64  -4 
-24  50  34 
-62  -24  16 
32  40  -18 
-34  -50  -6 
-34  -52  -56 
-4  -68  46 
-58  -16  -14 
6  40  -12 
-34  10  -44 

//Reference=MNI 
//nullstudy_16
//Subjects=11
-12  -4  -28 
-36  -32  14 
30  56  32 
48  16  -14 
-66  -50  10 
10  8  58 
48  12  -12 
-56  -52  -10 

//Reference=MNI 
//nullstudy_17
//Subjects=10
-20  -72  -32 
-40  18  -28 
-8  -14  -28 
44  14  -8 
-24  -78  40 

//Reference=MNI 
//nullstudy_18
//Subjects=7
4  26  22 
-58  22  4 

//Reference=MNI 
//nullstudy_19
//Subjects=10
-6  4  -30 
-50  -22  20 
-2  28  56 
-24  -66  20 
-44  24  -30 
18  22  44 

//Reference=MNI 
//nullstudy_20
//Subjects=9
46  36  -12 
-8  -52  6 
-26  -72  58 
-22  4  10 

//Reference=MNI 
//nullstudy_21
//Subjects=12
-22  -74  56 
-36  -44  68 
-18  -64  14 
-36  -80  -48 
-28  -58  2 
12  16  16 
-64  -46  32 
-2  -82  46 
-18  36  -28 
-54  -16  14 
32  44  10 
-42  -64  -48 
-52  -66  30 
-12  -78  52 
-2  -44  64 

//Reference=MNI 
//nullstudy_22
//Subjects=9
-2  -74  -34 
-12  -88  44 

//Reference=MNI 
//nullstudy_23
//Subjects=11
-4  -86  28 
0  16  -4 
30  32  32 
-30  -78  -20 
44  26  42 
-46  4  24 
-12  -54  -50 
-20  -72  -24 

//Reference=MNI 
//nullstudy_24
//Subjects=11
12  36  -22 
34  4  -36 
-2  38  -4 
4  12  38 
-30  40  18 
6  58  16 
34  60  -16 

//Reference=MNI 
//nullstudy_25
//Subjects=10
-6  -28  28 
-12  -88  -32 
48  6  54 
-42  -88  -4 

//Reference=MNI 
//nullstudy_26
//Subjects=11
28  48  32 
-20  -80  50 
-30  54  30 
50  2  -36 
6  24  60 
48  50  0 
16  2  74 
-12  -64  4 
26  16  -22 
-14  -22  -20 
-50  -24  -18 
-58  -42  38 
54  2  32 
-40  -82  22 
32  54  26 
30  2  58 
-34  -54  -42 
-20  -88  38 

//Reference=MNI 
//nullstudy_27
//Subjects=11
-22  62  -4 
-36  -18  -8 
-26  8  -36 
-30  -22  48 
-70  -18  -14 
-56  -4  6 
-2  -62  0 
-12  -52  -60 
-44  4  34 
-34  -42  64 
-8  -80  -22 
-34  -54  -16 
-44  -62  -30 
-24  44  46 
-54  -30  42 
-14  58  28 

//Reference=MNI 
//nullstudy_28
//Subjects=9
-48  -56  -26 
14  20  4 
-26  -8  62 

//Reference=MNI 
//nullstudy_29
//Subjects=12
10  54  46 
16  68  -2 
-44  16  -36 
-34  -36  50 
0  36  -30 
2  42  0 
-14  -92  -34 
-6  -52  54 
8  54  14 
-10  -76  -4 
-16  -82  -40 
14  16  36 
-22  28  -16 
-28  -8  -8 
-12  -66  0 
-30  -44  56 
-46  4  -18 
-20  12  -42 

//Reference=MNI 
//nullstudy_30
//Subjects=9
-62  -46  -26 
2  42  38 
-2  -48  -28 

//Reference=MNI 
//nullstudy_31
//Subjects=11
-40  -12  -4 
-22  -78  -20 
46  48  -8 
-48  -80  12 
-2  -26  -8 
36  4  -28 
28  16  -32 
-34  30  48 
-38  30  8 

//Reference=MNI 
//nullstudy_32
//Subjects=8
-6  -100  2 
-6  56  -22 

//Reference=MNI 
//nullstudy_33
//Subjects=9
-52  -8  40 
-28  0  12 
-48  -22  -36 

//Reference=MNI 
//nullstudy_34
//Subjects=11
-34  56  6 
-40  -10  34 
-64  -38  -6 
-18  18  62 
-8  58  -2 
-20  -2  -38 
-34  10  -30 
-60  -16  -2 
-60  -2  -8 
-46  -50  8 
-22  -84  -18 
-32  -10  -8 
-62  -10  14 
-24  -34  -4 

//Reference=MNI 
//nullstudy_35
//Subjects=10
22  6  -48 
-42  -80  -8 
-50  -28  -12 
-60  -48  26 

//Reference=MNI 
//nullstudy_36
//Subjects=12
-6  14  62 
-42  -44  4 
62  2  6 
-2  -4  -10 
-8  -16  42 
-22  14  -40 
-12  -32  38 
-28  -10  -22 
-40  34  -22 
-22  6  62 
8  14  16 

//Reference=MNI 
//nullstudy_37
//Subjects=12
-26  -10  8 
-48  6  -6 
-34  -82  16 
-22  62  -14 
14  62  4 
-24  -36  -42 
-24  -56  66 
-34  -68  14 
-4  -84  22 
-28  -32  -32 
16  4  -26 
0  42  20 
-50  -28  26 
18  22  66 
-46  30  28 
-28  -68  34 
-42  -84  6 
40  46  -20 
-14  18  60 
52  20  40 
0  54  30 
-34  24  -26 
-18  -60  26 
-36  -74  -46 
-30  -4  62 
50  20  2 
-62  -16  -6 
-44  -64  -12 
-4  -82  -44 
-44  -48  14 
-30  -12  -26 
-2  -40  -12 
6  52  -6 
-42  -16  2 
-36  20  42 
-4  8  36 
-28  -72  52 
32  28  50 
-50  -34  -22 
40  18  8 
-6  -36  58 
-14  40  40 
-32  -38  66 
-16  -58  58 
-32  -10  2 
-24  -56  -40 
-22  64  0 
-60  -48  12 
-50  26  4 
16  40  -20 
-24  -24  -26 
28  2  10 
8  66  30 
-12  -12  70 
-26  -38  -16 
4  48  2 

//Reference=MNI 
//nullstudy_38
//Subjects=11
10  46  -12 
-32  54  -14 
-18  -40  44 
60  20  14 
-32  2  8 
-34  -88  -28 
-54  -28  36 
-58  -42  -12 
-70  -40  0 
-10  0  -12 
-10  -76  10 
36  52  -4 
-2  -100  16 
-22  12  52 
0  60  -2 
38  14  30 
30  44  -18 

//Reference=MNI 
//nullstudy_39
//Subjects=8
54  6  -12 
-2  -72  -44 

//Reference=MNI 
//nullstudy_40
//Subjects=12
-22  -94  4 
52  6  30 
-4  44  28 
-22  -72  24 
36  6  -26 
-54  -38  -30 
-30  -76  38 
-38  -84  34 
-22  -80  18 
-48  -38  40 
10  42  20 
-8  -32  -34 
-34  28  36 
-8  -78  -44 
-14  -66  -32 
-20  -66  -50 
-24  -22  54 
-46  -46  48 
42  36  -6 
-6  40  26 
-18  -76  50 
28  40  -14 
-16  -54  56 
6  38  -22 
-52  -4  -4 
-28  26  46 
-10  18  4 
-24  58  20 
-28  -58  12 
-58  -38  -28 
-48  -24  26 
30  10  62 
56  4  8 
-4  -80  6 
-32  -48  -32 
22  18  -30 
-16  -82  2 

//Reference=MNI 
//nullstudy_41
//Subjects=8
56  14  4 
48  30  -12 

//Reference=MNI 
//nullstudy_42
//Subjects=11
-14  -70  -6 
-10  8  -20 
-50  -18  38 
-12  -6  42 
0  36  50 
-54  -20  36 
-22  -76  20 
-50  -78  12 
6  58  20 
-64  -44  40 
10  62  4 
38  10  46 
-12  -10  10 
-6  14  44 
24  22  -30 
24  46  -10 
54  6  4 
18  8  64 
-44  -64  -56 
-48  -18  -12 
-12  40  0 
-28  -36  -18 
-10  -104  -12 
-60  -58  34 
-26  -2  10 
-2  -18  8 
44  26  -14 
-26  32  -24 
-24  -34  -38 
-22  68  6 
52  38  6 
2  62  -22 
-52  -48  -32 
-18  -88  -4 

//Reference=MNI 
//nullstudy_43
//Subjects=10
40  10  32 
32  38  12 
-2  -54  68 

//Reference=MNI 
//nullstudy_44
//Subjects=10
-8  -24  10 
0  18  42 
58  4  -24 
-8  24  8 
-26  0  54 
-24  -34  14 
52  18  2 
-18  -74  38 
-36  4  -40 
-20  -90  0 
12  2  10 

//Reference=MNI 
//nullstudy_45
//Subjects=10
28  46  36 
-14  -26  -22 
-30  -22  70 
-52  -46  -2 

//Reference=MNI 
//nullstudy_46
//Subjects=8
-44  -16  -26 
8  52  4 

//Reference=MNI 
//nullstudy_47
//Subjects=11
28  18  -2 
-2  -26  -44 
0  30  10 
-10  -34  46 
-22  -72  -16 
34  40  10 
-14  -68  -40 
-50  -62  20 
-4  -64  38 
16  6  62 
-34  -86  -2 
-38  -86  30 
-26  -12  70 
-12  12  22 
-54  32  -6 
-34  62  -10 
-30  -26  -10 
6  26  -14 
-46  -22  0 
-22  -70  -4 
-38  24  8 
-10  -48  52 

//Reference=MNI 
//nullstudy_48
//Subjects=9
-52  -4  14 
-18  -80  6 
-2  -32  12 

//Reference=MNI 
//nullstudy_49
//Subjects=9
8  16  44 
8  6  10 

//Reference=MNI 
//nullstudy_50
//Subjects=10
-38  28  30 
-38  -20  4 
34  58  22 
-44  -88  4 
-10  -68  30 
-54  -48  34 

//Reference=MNI 
//nullstudy_51
//Subjects=11
-50  -16  6 
-4  -96  -8 
50  6  42 
48  26  8 
-6  18  -14 
-38  24  -28 
-26  52  -14 
2  52  14 
42  44  -2 

//Reference=MNI 
//nullstudy_52
//Subjects=11
-26  -48  0 
-64  -22  -26 
-22  64  -8 
-42  -50  -24 
-30  28  56 
-40  -44  -36 
-40  -66  42 
-26  50  4 
-10  -60  30 
-20  -4  -36 
8  38  10 
-22  -74  -46 
-6  -20  42 
46  42  6 
-2  56  42 
24  18  -6 
-58  -6  -34 
-52  -40  10 
56  16  12 
-42  -72  10 
-36  -2  64 
-4  -28  -36 
-30  -84  24 

//Reference=MNI 
//nullstudy_53
//Subjects=10
-44  -38  18 
-34  -52  -18 
-48  -2  6 
20  10  16 
-52  26  0 
-46  -30  14 

//Reference=MNI 
//nullstudy_54
//Subjects=12
-28  32  2 
-48  8  -28 
-12  -42  -56 
-4  54  10 
-34  14  -46 
20  4  -6 
-36  32  30 
-50  -10  30 
-22  -2  12 
-30  42  16 
8  58  -12 
-10  62  -18 
-36  60  6 
-24  4  56 
-22  -58  16 
-40  -34  56 
-4  -48  40 
-58  -8  28 
48  24  -14 
-58  8  -12 

//Reference=MNI 
//nullstudy_55
//Subjects=10
-54  20  12 
48  18  -14 

//Reference=MNI 
//nullstudy_56
//Subjects=12
2  42  6 
-2  -72  -38 
-30  22  30 
-48  -46  54 
50  8  -42 
-24  52  16 
-38  -78  -48 
-14  -74  -54 
-16  -74  -52 
-20  36  32 
2  14  -6 
8  10  2 
-26  6  -4 
-18  -48  -54 
-10  -66  -8 
-60  -38  2 
62  4  38 

//Reference=MNI 
//nullstudy_57
//Subjects=10
-48  16  48 
-10  -84  -32 
-20  -2  50 
-34  -16  16 
-18  30  -22 

//Reference=MNI 
//nullstudy_58
//Subjects=11
-12  -10  76 
48  18  36 
-30  -6  -4 
-10  4  -20 
-58  -52  8 
-10  48  -20 
-16  20  68 
-8  -12  76 
-10  -100  -14 

//Reference=MNI 
//nullstudy_59
//Subjects=10
42  56  -6 
-6  -2  60 
-44  8  8 
-28  -84  -26 
-18  -94  -12 
24  18  58 
-36  -84  -8 
40  40  16 
-40  -68  42 
-4  44  8 

//Reference=MNI 
//nullstudy_60
//Subjects=9
-4  -54  -44 
26  16  -14 

//Reference=MNI 
//nullstudy_61
//Subjects=10
-10  -8  24 
-52  -38  56 
-8  8  -26 
-28  -92  4 
-12  -78  18 
-36  -30  -6 
-28  -42  -46 
-48  -16  -18 

//Reference=MNI 
//nullstudy_62
//Subjects=11
-8  -18  56 
40  32  -10 
8  14  70 
-18  -88  2 
-4  -44  -26 
-6  -42  -22 
46  40  32 
18  6  74 
36  42  28 
-14  -98  -14 
2  8  68 
30  64  12 

//Reference=MNI 
//nullstudy_63
//Subjects=10
10  70  -6 
-60  -6  -8 
-48  18  30 
-40  4  58 

//Reference=MNI 
//nullstudy_64
//Subjects=9
-16  -30  -24 
-22  -92  22 
-66  -10  -8 

//Reference=MNI 
//nullstudy_65
//Subjects=10
26  50  -10 
14  28  22 
-4  -60  -32 
-6  -92  26 
-2  -48  74 
-12  -56  42 
12  6  68 
-36  12  -10 
-44  -34  8 
30  12  -12 
-20  26  50 

//Reference=MNI 
//nullstudy_66
//Subjects=10
56  4  -2 
-48  -44  8 
-38  -46  44 
-18  12  46 
-28  -74  -56 
-36  -4  -10 
-22  -76  54 

//Reference=MNI 
//nullstudy_67
//Subjects=9
-44  4  -18 
-6  -98  -8 
-22  -30  4 

//Reference=MNI 
//nullstudy_68
//Subjects=10
-6  10  -30 
-12  38  18 
60  2  -26 
-32  -60  -18 
-24  -34  62 

//Reference=MNI 
//nullstudy_69
//Subjects=11
40  50  2 
4  54  -28 
-2  -40  72 
-8  34  -8 
44  30  -12 
-30  -6  6 
-32  38  -16 
28  24  -10 
-36  2  -26 
44  30  -20 
-34  -62  -52 
10  24  38 

//Reference=MNI 
//nullstudy_70
//Subjects=9
-12  48  -22 
50  36  8 

//Reference=MNI 
//nullstudy_71
//Subjects=9
12  2  60 
-12  -86  20 
48  34  12 

//Reference=MNI 
//nullstudy_72
//Subjects=10
-16  24  14 
62  8  -8 
-8  44  -20 
-60  -46  -2 
-56  6  26 
-42  40  20 

//Reference=MNI 
//nullstudy_73
//Subjects=10
-38  26  44 
-18  52  -16 
14  56  -24 
-28  -38  -50 
-12  28  2 

//Reference=MNI 
//nullstudy_74
//Subjects=9
-4  -44  -42 
-16  -90  -44 
-22  62  8 

//Reference=MNI 
//nullstudy_75
//Subjects=12
-32  -46  -60 
40  6  44 
-20  66  20 
-36  22  40 
-52  18  16 
-56  -42  -12 
-20  -56  -46 
2  12  60 
18  30  -20 
-48  -70  24 
-2  -72  14 

//Reference=MNI 
//nullstudy_76
//Subjects=9
-38  -24  -28 
-12  -38  70 
-8  28  -10 
-12  -68  -52 

//Reference=MNI 
//nullstudy_77
//Subjects=10
-62  -42  28 
-2  -64  50 
40  6  -4 
-46  0  -12 
0  60  -8 
-8  -42  -50 
-4  2  2 

//Reference=MNI 
//nullstudy_78
//Subjects=12
-24  16  52 
24  70  4 
56  18  0 
0  56  6 
-62  -12  -10 
-4  42  6 
-32  -8  12 
-8  12  46 
6  38  -20 
-22  -72  -48 
-8  -90  2 
-20  -62  62 
-18  -26  18 
-34  -12  -22 
-14  20  -8 

//Reference=MNI 
//nullstudy_79
//Subjects=11
-28  46  -10 
28  44  20 
-12  -16  -30 
-52  -64  -34 
-40  -76  -20 
-26  -84  40 
-56  -2  12 
-24  -50  12 
-6  -44  -24 
-8  38  -14 
-8  70  -10 
-30  -30  50 
-34  48  -12 

//Reference=MNI 
//nullstudy_80
//Subjects=11
44  12  38 
-28  -52  -50 
-44  -12  -4 
-24  -76  26 
-68  -28  20 
-52  -26  8 
-2  -74  -10 
-34  -64  -20 

//Reference=MNI 
//nullstudy_81
//Subjects=10
-42  44  14 
-56  16  -6 
8  14  42 
-10  22  6 
62  10  -4 
-28  -40  12 

//Reference=MNI 
//nullstudy_82
//Subjects=11
-64  -36  38 
20  2  -12 
-36  -30  40 
-26  20  -18 
30  44  22 
-62  -26  38 
-12  -84  34 
-54  -12  14 
-36  -56  32 
-18  -34  -40 
-26  8  -42 
-62  -50  -14 
-48  -16  48 
-62  -6  -2 
-58  -50  44 

//Reference=MNI 
//nullstudy_83
//Subjects=10
-52  2  -28 
-14  -58  -30 
30  24  38 
-48  2  -34 
-18  -44  -22 

//Reference=MNI 
//nullstudy_84
//Subjects=10
-10  14  54 
44  36  4 
32  42  36 
26  46  -14 
-10  -32  52 
-12  18  -4 

//Reference=MNI 
//nullstudy_85
//Subjects=11
-14  -30  -2 
36  18  36 
-2  -82  44 
-28  -12  -2 
6  14  4 
-48  -44  54 
-40  -76  38 
-14  -26  0 
30  6  -30 
-48  24  -16 
-48  -74  -10 
-4  -36  -24 
10  8  -4 

//Reference=MNI 
//nullstudy_86
//Subjects=10
44  52  6 
32  48  40 
-30  -14  48 
-4  -56  46 
48  28  16 

//Reference=MNI 
//nullstudy_87
//Subjects=10
16  56  -2 
2  8  -26 
-64  -20  -6 
-12  -60  28 
-36  -74  2 
-14  -60  -4 
-64  -2  2 
42  40  -12 
42  10  -28 

//Reference=MNI 
//nullstudy_88
//Subjects=9
-14  -2  -34 
-28  18  -24 

//Reference=MNI 
//nullstudy_89
//Subjects=10
-16  20  -26 
-6  30  -32 
-4  -54  -4 
6  66  12 
-68  -24  -22 

//Reference=MNI 
//nullstudy_90
//Subjects=10
-66  -16  -18 
12  44  38 
36  6  26 
-8  -98  -6 
-26  -74  -12 
24  12  4 
-42  -14  -12 

//Reference=MNI 
//nullstudy_91
//Subjects=9
-42  -10  4 
-18  -40  -6 
-34  30  18 

//Reference=MNI 
//nullstudy_92
//Subjects=11
-6  30  46 
22  46  20 
-24  16  -26 
-4  -70  20 
-34  -4  -34 
-62  4  32 
-58  -42  -18 
-26  -12  70 

//Reference=MNI 
//nullstudy_93
//Subjects=10
-8  -50  6 
8  36  48 
-52  -6  -24 
-38  -24  60 
26  10  -32 

//Reference=MNI 
//nullstudy_94
//Subjects=10
-56  22  -4 
-4  50  2 
-18  20  -26 
-50  -52  -40 

//Reference=MNI 
//nullstudy_95
//Subjects=9
-64  -12  -20 
-2  -70  54 

//Reference=MNI 
//nullstudy_96
//Subjects=9
-16  -86  -22 
-26  40  -18 

//Reference=MNI 
//nullstudy_97
//Subjects=10
-62  -54  -18 
-30  40  -22 
-24  10  10 
18  34  -18 
38  18  34 

//Reference=MNI 
//nullstudy_98
//Subjects=10
-48  -72  -18 
-60  -46  2 
-32  -6  16 
-20  40  30 
-6  -54  32 

//Reference=MNI 
//nullstudy_99
//Subjects=11
16  32  26 
20  60  30 
-2  -26  42 
12  18  42 
16  6  24 
-10  38  46 
-18  14  52 
6  6  8 
-28  8  -28 

//Reference=MNI 
//nullstudy_100
//Subjects=9
22  52  28 
-48  -46  -30 
-6  -34  -34 

