//Reference=MNI 
//truestudy_1
//Subjects=11
47  -66  -6 
47  -67  -5 
45  -65  -6 
48  -66  -5 
47  -65  -6 
45  -65  -4 
46  -66  -6 
45  -65  -6 
47  -67  -6 
45  -67  -5 
45  -65  -4 
45  -69  -6 
45  -65  -5 
47  -66  -7 
44  -67  -4 
46  -67  -5 
47  -65  -3 
46  -65  -6 
46  -66  -6 
45  -67  -5 
47  -66  -3 

//Reference=MNI 
//truestudy_2
//Subjects=11
46  -66  -6 
47  -64  -7 
45  -66  -7 
45  -66  -7 
47  -65  -6 
45  -66  -7 
48  -64  -5 
45  -65  -6 
45  -65  -6 
47  -66  -7 
46  -66  -6 
45  -67  -5 

//Reference=MNI 
//truestudy_3
//Subjects=10
45  -66  -8 
45  -66  -6 
47  -66  -6 

//Reference=MNI 
//nullstudy_1
//Subjects=11
2  64  28 
-18  8  58 
-2  -24  -20 
-18  20  58 
-32  46  32 
34  30  -18 
-8  -30  8 
-10  -44  -18 
-42  -62  28 
-52  2  -24 
-10  -94  -30 
34  42  -20 
-6  -8  -20 
-52  16  38 
52  10  -30 
-10  -76  -18 
-46  -38  22 
56  38  -6 
-32  -48  4 
-2  48  -24 
-36  -70  50 

//Reference=MNI 
//nullstudy_2
//Subjects=11
34  18  -30 
30  42  34 
18  12  -28 
-28  -78  -36 
-10  -28  46 
-8  -26  -12 
-12  -12  64 
-12  -48  -58 
-50  6  -14 
-30  36  46 
-62  -28  10 
-18  -66  -24 

//Reference=MNI 
//nullstudy_3
//Subjects=10
-40  -88  -10 
-22  2  -10 
-34  -42  56 

//Reference=MNI 
//nullstudy_4
//Subjects=9
32  40  -8 
64  6  32 

//Reference=MNI 
//nullstudy_5
//Subjects=11
-8  -66  60 
16  4  -34 
-26  26  0 
2  30  22 
50  26  18 
-56  -36  52 
-14  -78  14 
-12  -74  10 
-6  40  58 
-30  -28  -30 
14  42  42 
6  34  62 
48  36  -16 

//Reference=MNI 
//nullstudy_6
//Subjects=10
48  30  10 
2  8  34 
-50  -52  -18 
-64  -38  -2 
12  10  16 

//Reference=MNI 
//nullstudy_7
//Subjects=11
-40  -60  36 
-60  -56  2 
-48  -42  28 
-70  -28  -10 
-34  22  -12 
-6  -50  -64 
-42  2  14 
-22  -92  -14 
4  6  -12 
-26  -62  -56 
-34  52  2 
32  2  44 
-14  -86  -14 
-42  -70  -26 
-4  -50  -20 
-22  6  56 
-30  -12  -10 

//Reference=MNI 
//nullstudy_8
//Subjects=11
-8  20  -8 
-14  -80  8 
-8  24  -10 
-10  -42  60 
-12  -10  -14 
6  38  -10 
8  38  50 
-6  40  -22 
-16  -94  -16 
-52  44  -6 
-34  -78  2 
28  4  46 

//Reference=MNI 
//nullstudy_9
//Subjects=9
-56  -16  -40 
-20  -40  22 

//Reference=MNI 
//nullstudy_10
//Subjects=13
-6  -20  -20 
-46  -8  54 
-48  -78  -26 
-30  -66  -46 
-10  64  2 
52  4  16 
4  64  -12 
-36  42  4 
-26  22  -22 
-12  24  38 
-10  36  58 
-40  -66  24 
-12  -84  -36 

//Reference=MNI 
//nullstudy_11
//Subjects=12
-10  42  40 
-62  -16  44 
-56  -74  -2 
-36  -8  14 
-2  -70  12 
-52  -54  14 
48  46  16 
12  10  0 
18  2  54 
-18  -82  -26 
8  62  -2 
18  36  36 
-24  -86  -34 
28  12  54 
-10  40  30 
-40  -8  -2 
-34  -18  68 
-10  -56  26 

//Reference=MNI 
//nullstudy_12
//Subjects=10
-38  30  46 
-24  20  -18 
-62  -22  32 
-20  -104  -2 
16  24  60 
-48  -82  12 

//Reference=MNI 
//nullstudy_13
//Subjects=11
-28  -66  -50 
-40  -14  12 
-12  24  -14 
48  8  -38 
-12  64  -16 
-4  32  46 
44  2  -36 
-64  0  18 
-24  -42  70 

//Reference=MNI 
//nullstudy_14
//Subjects=10
-64  2  2 
-6  -10  66 
-22  8  46 
32  64  2 
38  10  -32 

//Reference=MNI 
//nullstudy_15
//Subjects=10
-60  -6  30 
-14  -30  70 
-12  64  0 
-42  -56  -28 
-8  -70  -32 
-36  36  4 
30  38  26 
-14  -84  26 

//Reference=MNI 
//nullstudy_16
//Subjects=9
-22  -14  74 
-10  22  46 

//Reference=MNI 
//nullstudy_17
//Subjects=9
-6  38  56 
-50  14  38 

//Reference=MNI 
//nullstudy_18
//Subjects=11
-38  -10  -48 
-46  -2  -34 
-26  -82  4 
-38  18  -40 
-48  -68  40 
-10  -14  54 
-14  6  64 

//Reference=MNI 
//nullstudy_19
//Subjects=10
-36  -16  4 
-28  -64  -42 
-36  2  60 

//Reference=MNI 
//nullstudy_20
//Subjects=9
18  54  4 
-20  -64  56 
12  14  -8 

//Reference=MNI 
//nullstudy_21
//Subjects=11
-4  -10  -18 
14  38  -6 
-6  -46  -16 
-18  -2  62 
48  16  -36 
-6  2  32 
-22  50  10 
-54  -40  44 
34  8  38 
-6  -54  2 
6  22  42 

//Reference=MNI 
//nullstudy_22
//Subjects=12
-38  54  2 
-6  10  52 
-10  -50  28 
-48  -38  42 
-38  18  48 
-46  14  40 
-22  -36  -38 
54  38  6 
-50  -34  56 
-12  -60  20 
2  10  26 
16  42  -2 
-12  -88  -4 
-34  -36  68 
-44  -54  -58 
-42  -16  -2 
46  42  -16 
-30  -94  -16 
-38  -58  -34 
-36  6  -8 
-16  -72  -60 
32  50  -16 
24  30  40 
-6  -10  54 
-16  -28  -2 
24  26  38 
-58  -54  -12 
-64  -50  0 
32  12  66 
-56  -16  -30 
-26  -96  18 
-36  -84  -26 
-56  -40  48 
-42  -22  34 
-2  -52  16 
-40  2  -24 
4  66  10 
-10  -36  -6 
-32  4  30 

//Reference=MNI 
//nullstudy_23
//Subjects=11
-24  -48  2 
0  56  4 
26  50  40 
-32  -86  14 
10  10  16 
-28  -34  -4 
-2  32  28 
-42  2  56 
-28  22  42 
-38  12  20 
-52  -20  20 
-12  -22  -10 
-32  -86  -38 
-22  6  -20 
-8  34  54 
-4  62  -6 
-32  2  58 
26  56  -2 
-58  -46  46 
-36  26  -24 

//Reference=MNI 
//nullstudy_24
//Subjects=11
-38  -32  -8 
-40  6  36 
-44  -4  46 
-2  -62  -16 
-60  -4  16 
24  58  34 
-44  -28  36 
-46  -2  -46 
-42  34  34 
-20  64  -2 
-16  66  18 
-36  -78  44 

//Reference=MNI 
//nullstudy_25
//Subjects=8
-42  54  4 
-58  -16  20 

//Reference=MNI 
//nullstudy_26
//Subjects=9
-52  -4  -12 
-18  -36  0 

//Reference=MNI 
//nullstudy_27
//Subjects=9
-48  14  46 
-34  -78  4 

//Reference=MNI 
//nullstudy_28
//Subjects=9
-12  58  16 
-24  22  60 

//Reference=MNI 
//nullstudy_29
//Subjects=11
36  20  -4 
-54  -22  28 
-42  34  -22 
-32  -34  -6 
-10  -4  -38 
-34  12  32 
-46  16  -32 
-2  -58  16 
-30  30  -24 

//Reference=MNI 
//nullstudy_30
//Subjects=10
-52  2  -14 
-32  -78  -46 
-50  -54  -20 
-10  -14  14 
-2  4  48 

//Reference=MNI 
//nullstudy_31
//Subjects=10
-16  -50  -6 
12  2  66 
-34  28  -18 
-6  -6  -26 
-26  -12  -40 

//Reference=MNI 
//nullstudy_32
//Subjects=10
-50  -56  26 
-52  -28  26 
-54  -4  -18 

//Reference=MNI 
//nullstudy_33
//Subjects=11
58  28  18 
-32  14  6 
4  62  -16 
34  46  28 
18  64  24 
-6  58  10 
-6  -40  48 
-12  -8  -18 
-6  -60  -64 
60  6  34 
-56  -30  -8 
14  10  6 
0  36  52 
-44  -64  20 
-46  20  36 
-22  12  60 
-16  6  -2 
10  40  32 
32  26  34 
44  2  -42 
-48  -76  -22 
-36  -2  -36 
-12  -86  -2 
-8  -82  -32 
-50  -26  16 
-54  0  38 
6  24  58 
-34  60  -4 
-26  18  54 
42  14  -20 
-4  -6  46 
-50  -66  32 
-44  -82  -8 
-42  -78  16 

//Reference=MNI 
//nullstudy_34
//Subjects=10
-10  -54  66 
-38  -70  -52 
-18  68  -2 
-54  -52  36 

//Reference=MNI 
//nullstudy_35
//Subjects=11
-60  -52  22 
40  26  24 
-32  6  0 
32  8  66 
-20  -54  42 
2  26  -18 
-16  52  -18 
-38  -64  0 
-12  -20  74 
-50  -52  8 
-58  -4  -26 
-16  -68  -10 
46  12  18 
0  44  -26 

//Reference=MNI 
//nullstudy_36
//Subjects=11
34  10  -46 
-8  70  -10 
-40  34  36 
-48  -84  -2 
28  12  46 
-30  16  -22 
-38  -38  68 
-20  -60  34 
-38  -4  16 
-6  36  48 
-30  40  22 

//Reference=MNI 
//nullstudy_37
//Subjects=10
-12  -56  -18 
-6  -38  -22 
-32  -14  72 
-20  -46  76 
0  36  4 

//Reference=MNI 
//nullstudy_38
//Subjects=10
-56  -12  4 
-10  -26  -36 
32  50  38 
-18  -12  28 

//Reference=MNI 
//nullstudy_39
//Subjects=10
42  6  40 
10  18  -30 
-20  -22  60 
-6  10  32 
-34  -20  48 

//Reference=MNI 
//nullstudy_40
//Subjects=9
-54  -14  -38 
-56  22  -4 

//Reference=MNI 
//nullstudy_41
//Subjects=10
-54  -20  18 
-30  -64  -16 
-14  46  30 
-42  12  -2 
-16  -38  -54 

//Reference=MNI 
//nullstudy_42
//Subjects=9
-32  -38  56 
12  14  62 

//Reference=MNI 
//nullstudy_43
//Subjects=9
-42  44  2 
-24  50  42 

//Reference=MNI 
//nullstudy_44
//Subjects=8
-10  -38  34 
-20  -82  -52 

//Reference=MNI 
//nullstudy_45
//Subjects=9
-52  -54  10 
-18  68  12 
-4  -48  -28 

//Reference=MNI 
//nullstudy_46
//Subjects=9
50  32  20 
-24  6  50 

//Reference=MNI 
//nullstudy_47
//Subjects=9
-10  46  -2 
-46  -58  -28 
-54  -32  38 

//Reference=MNI 
//nullstudy_48
//Subjects=11
-24  -68  62 
-10  -78  -40 
-4  38  6 
-6  -104  6 
-40  -58  -6 
-10  -84  -8 
-38  18  -14 
-10  -10  58 
-40  16  -28 

//Reference=MNI 
//nullstudy_49
//Subjects=12
-54  -38  28 
-42  12  36 
-14  -64  -42 
-24  -38  16 
-30  -36  -16 
-8  -18  68 
-10  64  20 
-34  -44  -12 
-46  22  30 
38  52  24 
-56  -60  -18 
-6  -74  50 
-26  -56  -16 
44  24  20 

//Reference=MNI 
//nullstudy_50
//Subjects=10
34  10  42 
-30  -34  46 
-46  -74  -16 
22  46  16 
-2  -4  56 
-40  22  0 
-50  -24  -12 

//Reference=MNI 
//nullstudy_51
//Subjects=10
-20  46  42 
-22  -18  -18 
40  16  -18 
52  30  2 
40  20  6 

//Reference=MNI 
//nullstudy_52
//Subjects=12
-52  0  -18 
-44  -10  4 
-64  -4  18 
-24  -34  68 
38  6  8 
-24  10  -42 
-22  64  -6 
-46  16  -8 
-18  -100  2 
18  54  40 
-2  -48  58 
-14  2  74 
52  12  -22 
-26  -60  -22 
-32  -8  62 
-6  -82  -8 

//Reference=MNI 
//nullstudy_53
//Subjects=9
-2  28  40 
-14  -54  50 
22  68  -6 

//Reference=MNI 
//nullstudy_54
//Subjects=9
-64  -26  -18 
36  44  22 

//Reference=MNI 
//nullstudy_55
//Subjects=11
-32  -20  18 
-26  -36  62 
-36  -32  50 
-8  -20  38 
-42  -76  4 
-24  -82  -50 
-12  -48  70 
-28  -6  48 
52  32  26 
-18  -46  -62 

//Reference=MNI 
//nullstudy_56
//Subjects=8
-52  -48  18 
-18  -76  42 

//Reference=MNI 
//nullstudy_57
//Subjects=10
-30  12  50 
14  50  44 
-22  -60  -2 
-8  -86  38 
-26  -10  4 
-60  -38  34 
38  54  16 
6  2  56 

//Reference=MNI 
//nullstudy_58
//Subjects=11
6  50  -20 
-4  -38  -62 
14  14  -20 
-64  -52  -12 
8  2  -8 
-4  -62  -58 
-8  -88  -2 
-8  -68  -52 
-10  8  48 
-6  -70  46 
14  44  16 
-8  18  14 

//Reference=MNI 
//nullstudy_59
//Subjects=10
-50  -14  -26 
-8  -66  -14 
-42  -82  -34 
0  50  -4 
-2  18  68 
-12  20  30 

//Reference=MNI 
//nullstudy_60
//Subjects=9
22  58  -8 
-46  50  8 
-20  8  48 
52  42  0 

//Reference=MNI 
//nullstudy_61
//Subjects=10
-24  -40  8 
-8  10  -20 
-16  -8  22 
-34  -38  46 

//Reference=MNI 
//nullstudy_62
//Subjects=9
-12  -74  46 
-14  -6  -16 
-30  -64  56 

//Reference=MNI 
//nullstudy_63
//Subjects=8
14  46  -16 
-44  -58  -14 

//Reference=MNI 
//nullstudy_64
//Subjects=11
20  18  12 
-22  -32  -6 
38  22  36 
-30  -10  72 
-46  -60  24 
-14  2  20 
-12  34  20 
20  32  60 
-48  8  -38 
-2  4  64 
-12  -56  42 
28  6  -4 
-56  4  24 
-14  -46  -28 
24  22  36 
-26  -42  14 
-18  -62  -60 
-40  -92  6 
-2  50  -10 
10  36  -12 
-8  18  4 
-12  -48  -64 
-52  -58  32 
-46  -38  64 
-10  -64  62 
-38  60  -2 
52  2  6 
-14  -2  -28 
-8  6  20 
-10  52  -16 
-50  -58  -6 

//Reference=MNI 
//nullstudy_65
//Subjects=9
-48  -8  52 
-54  -20  0 
10  18  8 
-22  -74  42 

//Reference=MNI 
//nullstudy_66
//Subjects=10
10  4  62 
-18  18  14 
24  6  -48 
12  8  52 

//Reference=MNI 
//nullstudy_67
//Subjects=9
48  18  -20 
-56  20  14 
44  8  -28 

//Reference=MNI 
//nullstudy_68
//Subjects=9
-6  -86  18 
-44  -74  -42 

//Reference=MNI 
//nullstudy_69
//Subjects=11
-38  26  -26 
-52  -6  -20 
28  54  36 
-50  -28  54 
-24  14  6 
-42  -36  36 
-38  -50  -58 
62  4  0 
-24  -42  -22 
-36  34  -12 
20  16  10 
-34  44  -20 
-22  -86  36 

//Reference=MNI 
//nullstudy_70
//Subjects=9
-20  -74  -48 
-50  -34  -16 

//Reference=MNI 
//nullstudy_71
//Subjects=11
-66  -2  12 
-48  -34  14 
2  4  -4 
-14  66  2 
28  48  28 
8  42  6 
-58  -34  -6 
42  8  -10 
38  6  58 
-20  10  -30 

//Reference=MNI 
//nullstudy_72
//Subjects=9
-32  34  -18 
-56  12  14 

//Reference=MNI 
//nullstudy_73
//Subjects=9
20  12  -34 
-16  -54  68 
38  60  8 

//Reference=MNI 
//nullstudy_74
//Subjects=10
-38  20  32 
-8  2  42 
54  20  10 

//Reference=MNI 
//nullstudy_75
//Subjects=10
-30  -90  -6 
-46  6  30 
30  8  -12 
-46  -58  -6 
-8  -84  -18 

//Reference=MNI 
//nullstudy_76
//Subjects=11
-8  24  -14 
-16  -90  -6 
-42  -14  62 
6  26  66 
-40  -80  -4 
-44  -8  62 
-24  62  -8 
-6  46  4 
2  44  34 
48  14  18 
8  8  -6 
-34  -68  -34 
40  48  10 
-18  -34  2 
20  4  22 
48  6  -2 
-34  -82  -44 
-34  -42  -56 
34  46  28 
28  6  -12 
-24  -36  12 
28  58  -4 
-18  26  42 
-54  -4  -26 
-12  34  58 
-4  -96  22 
-38  -24  58 
-42  4  12 
-2  32  -16 
30  60  2 
62  8  -8 
-22  -62  40 
30  36  40 
-28  -12  -14 
-10  -56  -42 
-38  2  -40 
40  46  -20 
-22  58  22 
-42  -10  -46 
0  28  -12 
8  10  44 
-56  -28  -14 
-32  0  16 
42  38  -8 
44  20  -8 
-60  -54  -10 
34  48  30 
-48  -26  -30 
-54  -36  -28 
-4  -30  6 
-66  -44  -6 
-14  8  -32 
-30  -48  62 
-54  -8  52 
-36  28  2 
-44  -50  22 

//Reference=MNI 
//nullstudy_77
//Subjects=12
-28  -100  0 
-10  -84  -34 

//Reference=MNI 
//nullstudy_78
//Subjects=10
-8  28  60 
-20  -58  54 
-34  -62  -62 
20  12  18 
-60  -62  -4 
32  10  58 
-38  -50  -42 
-18  -40  40 
-20  58  -10 
-44  -16  -8 
-36  -44  -50 
-12  -64  -28 
-6  68  24 
-34  58  2 
-20  -58  60 
-56  10  24 
50  42  -8 

//Reference=MNI 
//nullstudy_79
//Subjects=9
-32  10  52 
-20  -68  24 
-2  54  30 
26  4  48 
-10  -66  -26 
-30  60  -4 

//Reference=MNI 
//nullstudy_80
//Subjects=12
-48  0  18 
-38  -2  42 
-52  -2  12 

//Reference=MNI 
//nullstudy_81
//Subjects=10
-22  -56  -58 
-36  -78  -6 
-52  -34  -26 
-14  -96  -10 
52  24  36 
10  22  12 
44  6  12 
-2  -84  -24 
-24  -22  64 
-4  16  0 
-34  -18  -34 
0  66  -12 
-48  -76  26 
-12  -38  64 
6  32  0 
-40  46  -18 
-12  54  36 
-22  -34  -8 
-20  -58  -30 
-44  12  12 
-6  32  -24 
-56  -36  38 
-70  -38  8 
-48  -72  -32 
-64  -40  4 
-20  66  -4 
38  28  20 
36  12  42 

//Reference=MNI 
//nullstudy_82
//Subjects=11
-38  -54  38 
-32  14  -44 
-60  -54  4 
32  50  30 

//Reference=MNI 
//nullstudy_83
//Subjects=11
-20  -58  -52 
48  2  54 
-4  6  46 
56  30  28 
-2  -44  -18 
52  4  6 
12  14  42 
-38  -10  18 
-34  -42  -28 
2  54  6 
-46  4  26 
54  28  32 
-34  0  -46 
-24  -50  -44 
6  16  -10 
-8  -40  0 

//Reference=MNI 
//nullstudy_84
//Subjects=9
-34  -74  -8 
-46  -20  2 
20  10  60 
-36  -74  -36 
-60  -44  4 
-10  -20  50 
-52  -10  -42 
-24  6  60 
-26  -48  38 

//Reference=MNI 
//nullstudy_85
//Subjects=8
-36  -48  -34 
-24  -14  -22 
-38  -18  40 

//Reference=MNI 
//nullstudy_86
//Subjects=10
60  6  28 
-38  14  58 

//Reference=MNI 
//nullstudy_87
//Subjects=10
-20  48  32 
-20  -44  20 
16  10  -38 
-20  -32  26 
34  12  -46 
-6  -50  56 
38  26  34 
-22  -82  32 
-46  -6  42 
-58  24  14 
36  38  -12 

//Reference=MNI 
//nullstudy_88
//Subjects=10
6  20  6 
8  54  -2 
-44  0  36 
-64  -38  6 
-16  8  54 

//Reference=MNI 
//nullstudy_89
//Subjects=10
-42  -34  10 
-6  -26  2 
24  54  -2 
-16  50  -18 

//Reference=MNI 
//nullstudy_90
//Subjects=11
36  46  -20 
-36  -2  44 
-10  -70  -10 
-6  -70  -24 
24  4  -32 
40  32  32 

//Reference=MNI 
//nullstudy_91
//Subjects=11
52  8  50 
-40  -48  58 
-26  12  0 
-48  -56  -36 
-36  42  2 
-36  -36  52 
-40  -68  -52 
-38  10  28 
-14  -4  -20 
-58  -34  -16 

//Reference=MNI 
//nullstudy_92
//Subjects=10
-30  -8  -18 
-4  -74  -18 
-20  -60  20 
-20  52  8 
-30  -88  -20 
-30  -60  30 
-32  30  4 
-2  -74  -32 
-26  26  -24 

//Reference=MNI 
//nullstudy_93
//Subjects=7
-48  -12  32 
-46  -58  26 
-64  -6  32 
-48  6  48 
10  32  32 
-12  34  46 
-44  50  -14 

//Reference=MNI 
//nullstudy_94
//Subjects=10
-28  22  -10 
-28  -38  -28 
24  30  -10 
-20  36  42 
-36  38  38 
44  8  14 

//Reference=MNI 
//nullstudy_95
//Subjects=10
-16  -64  48 
2  38  -34 
-40  32  36 
20  28  -12 
-10  -32  -4 
48  8  -34 
-34  10  -20 
-34  -42  56 
-36  36  34 
20  60  22 
-54  0  -6 
-42  -42  44 
-30  -54  -62 
-36  -70  26 
-36  -46  -48 
-12  -90  36 
-4  -42  20 
-52  -56  -42 
-26  -56  0 
32  14  64 
-18  -8  -20 
20  4  -32 
-2  -26  -34 
-56  -38  22 
-52  18  -14 
-4  -18  -2 
-20  16  44 
-28  -82  28 
12  52  30 
-20  -64  2 
-42  -50  -14 
-12  26  -16 
-48  -36  60 
-16  -30  -28 
2  52  44 
-44  -82  -26 
-40  0  6 
-22  -48  -60 
-26  -84  -6 
-34  -2  -6 
-28  -16  0 
-28  22  -30 

//Reference=MNI 
//nullstudy_96
//Subjects=11
-12  -104  12 
-20  -78  26 

//Reference=MNI 
//nullstudy_97
//Subjects=10
-22  20  40 
42  6  14 
-10  -90  -40 
-12  -102  -12 
58  18  18 

//Reference=MNI 
//nullstudy_98
//Subjects=11
-54  -18  0 
-36  -10  12 
-50  -8  36 
-46  -70  26 
-12  4  22 
-30  -36  62 

//Reference=MNI 
//nullstudy_99
//Subjects=11
-24  -50  6 
22  54  -8 
-34  10  -30 
-4  42  34 
-34  -26  66 
-34  12  -34 
-2  48  -8 
-26  -54  8 
22  50  38 
-14  34  -18 
-12  -36  -40 

//Reference=MNI 
//nullstudy_100
//Subjects=8
-26  -56  -50 
-40  -80  8 
-12  14  50 

