//Reference=MNI 
//truestudy_1
//Subjects=22
45  -65  -6 
46  -66  -4 
45  -66  -4 
43  -65  -6 
46  -64  -6 
45  -67  -5 
45  -64  -7 
45  -66  -5 
47  -65  -7 
46  -65  -5 
45  -66  -6 
46  -66  -5 
47  -65  -7 
46  -67  -3 
45  -66  -7 
46  -69  -7 
45  -68  -7 
45  -66  -6 

//Reference=MNI 
//truestudy_2
//Subjects=19
48  -66  -7 
46  -66  -5 
47  -66  -7 

//Reference=MNI 
//truestudy_3
//Subjects=21
47  -65  -9 
45  -66  -6 
46  -66  -8 
44  -67  -6 
47  -68  -6 
47  -67  -7 
47  -66  -5 
47  -66  -4 
47  -66  -5 
46  -65  -7 
47  -67  -7 
45  -66  -6 
45  -66  -7 
43  -65  -6 
47  -68  -6 
47  -66  -6 

//Reference=MNI 
//nullstudy_1
//Subjects=22
-4  4  -16 
-30  12  -10 
-32  -46  -30 
-52  6  -36 
52  24  18 
-56  -68  -12 
-2  -58  -20 
-32  -60  -22 
-36  -16  50 
32  26  6 
-38  -44  -30 
-50  -64  -6 
-32  -88  26 
16  62  16 
20  2  -26 
-64  -32  6 
-22  -58  -40 
-18  -78  -10 

//Reference=MNI 
//nullstudy_2
//Subjects=19
-12  -38  70 
-38  36  6 
-42  2  32 

//Reference=MNI 
//nullstudy_3
//Subjects=21
-34  -66  20 
-24  -58  -8 
-44  34  14 
-60  6  -24 
-6  -36  52 
-12  0  52 
-30  20  52 
28  54  20 
-24  -82  38 
-38  -30  8 
0  22  26 
10  14  -26 
24  6  -20 
-16  -6  -28 
-46  -82  22 
-66  -24  38 

//Reference=MNI 
//nullstudy_4
//Subjects=21
-8  -38  50 
-34  -38  -8 
-10  -18  -30 
-22  -74  42 
-2  -14  52 
-44  -82  6 
-4  64  -18 
-46  -18  -14 
14  20  36 
8  2  -24 

//Reference=MNI 
//nullstudy_5
//Subjects=21
44  4  56 
6  42  -18 
-24  56  -6 
-46  -2  -16 
-56  -10  -32 
-14  -48  56 
44  32  34 
-36  60  -12 
-20  -62  50 

//Reference=MNI 
//nullstudy_6
//Subjects=20
-8  22  -14 
-34  -2  62 
-50  6  -36 
50  28  14 
-6  -94  12 
-6  -22  -38 

//Reference=MNI 
//nullstudy_7
//Subjects=21
40  44  -2 
-68  -22  16 
6  6  -26 
44  58  -4 
-10  -68  14 
-34  -4  -50 
46  8  14 
-12  14  -26 
-8  -30  -4 
-40  -58  -28 
36  38  -22 
48  38  -16 
-8  16  4 
46  22  26 
-46  -70  -18 
-28  -42  70 
-62  -28  -22 
-12  -48  -12 
-52  18  28 
-50  18  -30 
-50  2  -38 
-58  -44  24 
-56  -28  -22 
-36  30  18 
42  44  18 
34  16  8 

//Reference=MNI 
//nullstudy_8
//Subjects=21
22  40  52 
50  6  -2 
-68  -26  -16 
8  60  8 
18  22  50 
-50  -62  -38 
-8  10  -24 
-30  -90  -34 
-52  -26  -18 
-4  -96  4 
34  62  18 
-48  4  20 
-60  -56  34 
-6  -86  -8 
-28  -74  -14 
54  16  42 
-14  48  28 
2  48  22 
42  16  58 

//Reference=MNI 
//nullstudy_9
//Subjects=18
-20  -14  70 
-18  -22  10 

//Reference=MNI 
//nullstudy_10
//Subjects=21
-10  -16  74 
-40  -62  54 
-16  -82  -2 
56  34  -6 
-24  -30  -26 
-40  -52  -18 
-42  -88  8 
-52  -8  12 
18  38  -16 
-34  46  -18 
-54  -8  48 

//Reference=MNI 
//nullstudy_11
//Subjects=19
-46  8  32 
22  68  2 

//Reference=MNI 
//nullstudy_12
//Subjects=20
2  32  -2 
-56  -10  48 
-54  16  -14 
-30  -2  -50 
-20  -94  -22 
-8  -82  8 
30  6  -42 
-18  10  18 

//Reference=MNI 
//nullstudy_13
//Subjects=18
2  4  48 
-52  -60  4 

//Reference=MNI 
//nullstudy_14
//Subjects=18
-18  -46  -56 
40  28  -14 
30  32  44 

//Reference=MNI 
//nullstudy_15
//Subjects=20
56  10  -34 
32  10  58 
-36  22  28 
-40  -48  -36 

//Reference=MNI 
//nullstudy_16
//Subjects=19
4  8  70 
-2  52  22 
30  64  8 

//Reference=MNI 
//nullstudy_17
//Subjects=21
-16  -30  -26 
-8  -6  -26 
-24  -94  -12 
48  6  -36 
46  10  -22 
-6  4  -4 
-30  -2  -18 
-30  -82  -10 
34  40  24 
-20  -40  -18 
-6  38  10 
-16  64  -18 
2  58  8 
-26  -2  -48 
-8  4  46 
-62  -38  14 
16  52  -16 
-34  -4  -28 
-14  -10  76 
-50  4  18 
12  2  -18 
12  46  34 
-34  34  36 
-30  -14  64 
-2  -44  76 
52  8  12 
-28  -82  -16 
-42  -46  36 
-4  24  50 
-20  -44  8 
-68  -10  -18 
-34  -10  -24 
44  36  30 
-64  -8  6 
-30  -82  8 
-46  -14  2 
-12  2  22 
-68  -28  2 
28  26  -22 
-8  -46  12 
-38  -18  -36 
-38  -80  40 
-60  -28  6 
-14  -96  28 
-8  -14  2 
-18  44  26 
-14  -58  -4 
-68  -36  -10 
-34  -20  2 
-30  26  -14 
-24  -84  -36 
-34  16  36 
-50  2  -12 
32  48  4 
-62  -28  26 
-14  -86  -44 
-24  6  62 
8  6  42 
-24  -46  -8 
34  58  24 
-14  -60  -50 
-40  -4  34 
-34  28  -20 
-10  -48  74 
-26  12  -32 

//Reference=MNI 
//nullstudy_18
//Subjects=20
28  14  -12 
34  22  40 
-56  6  2 
34  20  -16 

//Reference=MNI 
//nullstudy_19
//Subjects=20
18  40  -18 
-54  -24  -26 
-10  18  -18 
30  20  36 
-46  -86  4 
0  2  50 
-26  -70  -58 
-24  4  6 
-40  -68  -14 

//Reference=MNI 
//nullstudy_20
//Subjects=20
-36  10  36 
-34  16  -6 
-20  -28  64 
-36  0  0 
-24  16  -28 

//Reference=MNI 
//nullstudy_21
//Subjects=20
-26  8  4 
-32  -80  -14 
-36  36  -10 
-20  -70  0 
-6  -46  -34 

//Reference=MNI 
//nullstudy_22
//Subjects=20
-48  -68  -42 
-36  36  26 
-36  -56  30 
-10  6  6 
-64  -40  4 
-56  -4  14 

//Reference=MNI 
//nullstudy_23
//Subjects=20
-14  -16  14 
-20  -2  72 
-26  -50  -30 
-4  -32  74 
-38  30  30 

//Reference=MNI 
//nullstudy_24
//Subjects=19
-54  -32  10 
-4  -80  26 
16  48  -18 
-30  16  -40 
-18  -96  -20 
-26  -46  -28 
-20  -46  16 

//Reference=MNI 
//nullstudy_25
//Subjects=22
-22  -62  42 
-2  -34  48 

//Reference=MNI 
//nullstudy_26
//Subjects=20
28  28  44 
-10  -94  10 
-46  -54  44 
-22  -64  46 
-8  12  -2 
2  6  58 
-40  44  4 
4  44  -24 
-68  -48  -10 
0  22  16 
-2  -42  -18 
6  44  -6 
-44  2  32 
-22  46  38 
-26  -8  58 

//Reference=MNI 
//nullstudy_27
//Subjects=20
-22  -36  70 
-18  22  8 
-40  -6  -38 

//Reference=MNI 
//nullstudy_28
//Subjects=19
-12  -58  -14 
-20  66  -2 
-26  -34  -48 
-4  -100  6 
-2  48  20 

//Reference=MNI 
//nullstudy_29
//Subjects=20
-52  -46  -18 
6  42  10 
46  18  44 

//Reference=MNI 
//nullstudy_30
//Subjects=19
30  42  -8 
-12  -66  22 
-44  -38  18 
2  58  28 
56  34  14 
0  48  30 
-2  -52  30 

//Reference=MNI 
//nullstudy_31
//Subjects=20
40  14  -30 
-2  -68  14 
-36  -64  42 
58  2  -18 

//Reference=MNI 
//nullstudy_32
//Subjects=19
-62  -22  10 
-4  28  28 
-18  -72  -42 
-20  -26  72 
-26  -94  22 

//Reference=MNI 
//nullstudy_33
//Subjects=20
-44  -12  2 
-48  22  -28 
-12  -52  -66 

//Reference=MNI 
//nullstudy_34
//Subjects=20
-4  50  26 
-18  -72  40 
-18  -22  4 
42  28  -22 

//Reference=MNI 
//nullstudy_35
//Subjects=19
-44  8  0 
-10  -20  50 
-24  8  -2 
-22  8  -2 
-52  -36  -16 
-26  4  -26 
-20  -26  -36 
-12  -54  44 
-6  -68  30 
-44  18  -12 

//Reference=MNI 
//nullstudy_36
//Subjects=20
36  24  24 
54  20  8 

//Reference=MNI 
//nullstudy_37
//Subjects=20
50  14  32 
-24  16  38 
-54  26  30 
-4  -50  58 
-22  -82  -54 

//Reference=MNI 
//nullstudy_38
//Subjects=20
-36  -74  16 
-8  24  -28 
-4  18  46 
-52  -56  52 
-6  -44  8 
-20  -60  52 
-32  -54  -28 
-40  -78  -2 
-24  42  -14 
-30  -24  -8 
16  22  62 
18  14  -18 

//Reference=MNI 
//nullstudy_39
//Subjects=20
-52  -58  -48 
-22  -44  -24 
-4  28  -20 
-38  48  26 
-56  -72  -8 
-20  20  66 

//Reference=MNI 
//nullstudy_40
//Subjects=21
-6  -14  -32 
-26  -64  -24 
58  8  -24 
-40  -84  -26 
-32  -46  -28 

//Reference=MNI 
//nullstudy_41
//Subjects=22
-8  -58  42 
-8  -60  66 
-2  -16  -2 
-28  0  -12 
6  18  -4 
-20  -24  58 
-44  -66  50 
-40  -2  40 
-58  16  22 
-26  6  70 

//Reference=MNI 
//nullstudy_42
//Subjects=21
-28  -68  28 
-4  -80  -26 
-30  -68  22 
-48  -16  34 
12  36  36 
-4  -6  14 
-8  -8  -30 
-20  -72  -32 
-32  -14  70 
-44  28  -20 

//Reference=MNI 
//nullstudy_43
//Subjects=22
-6  -76  -18 
-56  8  -16 
-4  -12  10 
-4  -54  -30 
-36  -52  -58 
-2  60  6 
-20  -80  -10 
-30  -34  48 
-26  4  -30 
4  30  0 
-10  -52  -44 
-2  30  -16 
0  50  -24 
-38  36  40 
-24  -58  -60 
-46  -56  36 

//Reference=MNI 
//nullstudy_44
//Subjects=19
-16  46  -14 
-34  -90  4 
20  36  58 
4  60  -8 
-44  -80  16 
-16  -64  -40 
-2  -54  -28 
20  12  -40 
-30  -32  -16 
-4  60  26 
-34  -96  -2 
34  36  10 
-36  -70  4 
-6  -12  18 
-26  -48  60 
-14  32  20 
-4  -62  -60 
-20  -102  -14 
-32  18  -22 
-38  30  20 
-32  0  -24 
-34  -8  56 
-38  -8  -18 
-26  -56  42 
4  44  28 
-36  -52  18 
-36  -86  26 
-56  -68  -8 
-66  -30  2 
24  34  -22 
-18  -48  6 
32  48  -2 
-22  -12  -24 
-58  -30  36 
-6  -72  10 
-8  -16  -16 
-26  42  42 
42  30  -2 

//Reference=MNI 
//nullstudy_45
//Subjects=18
-24  10  56 
52  4  46 
8  14  66 

//Reference=MNI 
//nullstudy_46
//Subjects=19
-60  -30  0 
-22  -86  18 

//Reference=MNI 
//nullstudy_47
//Subjects=20
-56  8  38 
-30  -52  54 

//Reference=MNI 
//nullstudy_48
//Subjects=19
-34  -24  64 
-58  -36  -12 
-2  -80  -18 
-14  -78  4 

//Reference=MNI 
//nullstudy_49
//Subjects=21
-20  -86  2 
-12  -88  22 
-14  -80  6 
-20  56  16 

//Reference=MNI 
//nullstudy_50
//Subjects=20
-8  -54  -40 
-16  32  50 
24  52  18 
12  58  -18 
-40  -84  -14 
-12  -88  -36 
-44  40  20 
-38  -2  -24 
46  38  -12 
56  16  2 
-36  2  56 
-8  -66  -44 
-18  -88  -36 
6  6  0 
-32  -28  -10 
-48  32  -12 
-38  48  6 
6  46  -16 
54  14  -34 
58  8  30 
6  56  -22 
-36  8  -24 
44  40  2 
-24  -86  18 
16  54  -2 
40  14  58 
-40  -54  44 
-30  48  0 
-34  -60  16 
-4  -90  -4 
-68  -14  2 
48  46  16 
-10  -74  30 

//Reference=MNI 
//nullstudy_51
//Subjects=20
-10  -42  -62 
-14  -86  -48 
-36  -50  -24 
-30  10  -4 
-44  -80  -10 
-32  -30  -12 
26  14  40 
-64  -18  0 

//Reference=MNI 
//nullstudy_52
//Subjects=20
-10  -72  16 
-10  -68  2 
2  30  54 
10  40  48 
-46  12  16 
-6  -32  -42 
-32  -16  70 
-42  -16  -36 

//Reference=MNI 
//nullstudy_53
//Subjects=20
-52  -16  52 
-4  -28  -48 
-2  -52  -34 
-24  0  62 
-6  -78  2 
-54  -66  0 
-10  -74  -8 
-28  -34  -38 
-6  8  26 
-4  28  -28 

//Reference=MNI 
//nullstudy_54
//Subjects=21
12  66  26 
-44  -52  60 
18  28  -22 
-8  -86  -30 
40  46  0 
-38  -50  -50 
-38  -38  38 

//Reference=MNI 
//nullstudy_55
//Subjects=19
-2  -48  -20 
-30  64  -8 
-12  -78  34 
32  32  18 
12  20  8 
18  56  -2 
-4  50  -30 
28  62  -2 
-16  -46  -46 
-36  24  -16 
-18  -86  24 
8  2  -16 
-42  -74  -10 
-10  14  6 
-8  -64  20 
-36  -12  44 
-28  -8  12 

//Reference=MNI 
//nullstudy_56
//Subjects=19
-2  -48  -34 
-6  50  24 
46  24  -14 
-26  42  24 

//Reference=MNI 
//nullstudy_57
//Subjects=19
60  8  -28 
36  6  8 

//Reference=MNI 
//nullstudy_58
//Subjects=18
4  24  36 
-2  -84  16 
62  2  36 

//Reference=MNI 
//nullstudy_59
//Subjects=22
-50  -8  30 
-26  -66  24 

//Reference=MNI 
//nullstudy_60
//Subjects=20
-36  -32  8 
-16  -8  60 
-6  -12  -12 
-44  10  18 
48  22  26 
-2  38  32 
-12  -42  4 
-14  -62  12 
-32  -66  26 
-18  -22  70 
-46  -62  -40 
-28  -84  -26 
-6  -4  -34 
-18  58  34 
-22  -2  -48 
36  52  2 
-46  -72  -34 
6  10  54 
-52  -14  -36 
-56  -64  34 
52  8  -14 
-18  -54  58 
-26  -78  18 
-36  6  44 
26  4  10 
-10  64  12 
-64  -36  34 
-22  -58  -26 
-20  22  54 
6  6  66 
-12  52  -22 
-16  -30  14 
-22  -22  56 

//Reference=MNI 
//nullstudy_61
//Subjects=20
-32  -76  32 
-62  -54  10 
-2  -100  0 
-28  -2  8 
32  24  -40 

//Reference=MNI 
//nullstudy_62
//Subjects=20
-28  -46  -52 
-2  8  66 
-16  -8  62 

//Reference=MNI 
//nullstudy_63
//Subjects=21
6  38  44 
-20  24  54 
-8  -32  6 
-30  -26  68 
-42  -40  8 

//Reference=MNI 
//nullstudy_64
//Subjects=19
18  6  -14 
46  52  -2 
-12  -4  46 
-20  -84  12 
-50  -48  50 
-28  -8  10 
-44  -14  -36 
2  42  38 
-20  -44  -22 
38  34  46 
-42  2  0 
10  54  22 
-16  -84  -14 
-16  -62  -42 
-52  -8  42 
-10  14  0 
18  12  62 
-30  -48  56 
-6  28  58 
28  8  46 
-48  -6  -36 
-12  -14  22 
40  30  28 
40  30  16 
-32  8  40 
-16  18  54 
-10  20  58 
24  6  -10 
-34  -86  14 
-40  20  48 
-48  0  -14 
-46  -24  8 
-2  -38  48 
-32  -50  -48 
-36  -52  -28 
-26  -36  -10 
4  16  26 
16  56  12 
-8  58  16 
-2  20  8 
-60  -42  12 
-52  36  6 
-30  -26  62 
32  32  -20 
32  2  -28 
-10  -58  -20 
-26  -12  -20 
-12  -4  20 
-42  -66  -24 
-26  56  4 
-40  -12  0 
-6  36  -2 
-64  0  18 
-2  54  24 
-48  -46  -2 
38  8  10 
20  40  48 
56  34  2 
-4  -24  36 
-4  -78  0 
-14  -78  0 
-18  -86  28 
12  24  42 
-26  -36  -28 
-30  12  36 
46  4  -30 
-40  -62  -6 
-28  52  30 
22  20  38 

//Reference=MNI 
//nullstudy_65
//Subjects=19
-20  -8  -46 
-28  40  34 

//Reference=MNI 
//nullstudy_66
//Subjects=21
-28  -74  -34 
-40  -86  2 
12  22  60 

//Reference=MNI 
//nullstudy_67
//Subjects=20
-32  -80  -30 
-16  42  52 

//Reference=MNI 
//nullstudy_68
//Subjects=19
-16  -70  8 
-30  -52  8 
4  32  -8 
-48  -66  44 
-8  -96  30 
-58  -66  -18 
42  44  12 
26  16  -36 
-64  -48  14 

//Reference=MNI 
//nullstudy_69
//Subjects=22
40  6  12 
-64  -50  10 
-40  -24  36 
12  4  76 

//Reference=MNI 
//nullstudy_70
//Subjects=19
-28  60  18 
-22  -62  60 

//Reference=MNI 
//nullstudy_71
//Subjects=19
24  30  60 
-4  -62  62 
-8  -14  40 
-22  -68  10 
24  62  28 
14  58  28 
-50  -56  -32 
-24  -84  -26 
42  12  30 
38  54  26 
-66  -14  32 
-26  -40  72 
34  42  -18 

//Reference=MNI 
//nullstudy_72
//Subjects=20
-24  -32  -44 
-46  -56  -50 

//Reference=MNI 
//nullstudy_73
//Subjects=22
-64  -20  -32 
-44  52  0 

//Reference=MNI 
//nullstudy_74
//Subjects=19
32  30  4 
24  62  0 
22  10  -26 

//Reference=MNI 
//nullstudy_75
//Subjects=20
-22  10  -20 
-10  -78  -4 
18  48  2 
-28  -42  -18 
36  20  36 
6  34  -10 
-10  -48  -60 
-22  -76  10 
-4  26  58 
22  4  -20 
2  22  18 
50  20  -28 
-12  42  10 
-12  -38  -6 
6  20  52 
-26  -16  6 
-12  24  36 
-70  -36  -4 
-2  -94  -20 
-28  -44  -6 
-32  -56  -20 
2  30  -20 
-16  -74  58 
-2  -16  -36 
22  22  54 
16  32  40 
-8  -90  24 
-42  -44  -36 
36  18  -24 
-20  -70  56 
-10  -84  18 
-30  -46  0 
38  18  34 

//Reference=MNI 
//nullstudy_76
//Subjects=21
-8  -82  46 
-42  -6  34 
-20  -88  36 

//Reference=MNI 
//nullstudy_77
//Subjects=20
-14  6  -28 
-2  -30  -34 
-62  -50  10 
-32  -16  0 
34  4  -32 

//Reference=MNI 
//nullstudy_78
//Subjects=21
-48  -38  -8 
-2  12  36 
6  8  34 
58  22  30 
52  18  -6 
38  8  26 
-40  -34  24 
28  18  64 
-24  -70  6 
-40  -2  58 
60  16  20 
-22  4  2 
-18  -30  -14 
-14  -58  46 

//Reference=MNI 
//nullstudy_79
//Subjects=19
-48  -46  34 
-34  54  8 
-32  -98  -2 
-44  -52  -24 
-44  42  8 

//Reference=MNI 
//nullstudy_80
//Subjects=19
-8  6  -12 
-36  -44  -34 
-10  -16  -20 
-66  -46  -10 
-4  -42  68 
-4  -24  -6 
-8  14  0 
8  10  -10 
-16  -32  66 
-10  20  -12 
-30  18  -10 

//Reference=MNI 
//nullstudy_81
//Subjects=21
-50  -64  -8 
-60  -14  40 
-44  -36  8 

//Reference=MNI 
//nullstudy_82
//Subjects=20
-2  -28  14 
-60  -34  -28 
-6  -100  -18 

//Reference=MNI 
//nullstudy_83
//Subjects=20
-26  22  12 
-26  20  40 
-28  -12  62 
-14  -48  -34 
14  38  -2 
36  58  -2 
-32  -74  -56 
-50  -66  -28 
-16  60  24 
-24  -76  40 
-14  -6  64 
32  34  0 
-10  44  14 
-40  10  -44 
-30  4  56 
-8  68  0 
-14  -104  6 
16  36  42 

//Reference=MNI 
//nullstudy_84
//Subjects=20
0  62  24 
-54  16  36 
-42  12  24 
18  16  -36 
38  30  -16 
-24  64  -12 
-44  -68  28 

//Reference=MNI 
//nullstudy_85
//Subjects=20
-26  -82  12 
-68  -20  2 
8  50  -20 
-60  -20  38 

//Reference=MNI 
//nullstudy_86
//Subjects=20
34  64  4 
2  20  -10 
-42  -56  -14 
-12  -38  18 
-52  -76  -4 

//Reference=MNI 
//nullstudy_87
//Subjects=21
-32  -26  -30 
-24  -40  74 
-64  -46  28 
-20  -54  -50 
-56  -50  34 
-60  -10  -2 
-2  -72  -18 

//Reference=MNI 
//nullstudy_88
//Subjects=19
-10  -10  -20 
-54  -20  -38 

//Reference=MNI 
//nullstudy_89
//Subjects=20
-68  -36  24 
14  4  74 
-6  0  72 
48  14  2 
-46  -54  34 
-36  20  -16 
-24  -2  62 
-56  -2  46 
-6  68  -14 

//Reference=MNI 
//nullstudy_90
//Subjects=19
30  14  -46 
-2  -52  -50 

//Reference=MNI 
//nullstudy_91
//Subjects=19
-62  12  14 
58  14  24 
-54  -18  2 
-14  -80  12 
-62  -16  22 

//Reference=MNI 
//nullstudy_92
//Subjects=20
-20  36  42 
32  48  12 
-14  -86  -32 
-38  -40  -10 

//Reference=MNI 
//nullstudy_93
//Subjects=19
-56  -26  40 
-6  -52  -64 
22  20  42 
-28  -44  -16 

//Reference=MNI 
//nullstudy_94
//Subjects=19
-40  -66  22 
-34  30  28 
-42  -28  -18 
-42  -36  14 
-28  -2  -24 
-10  -58  -42 

//Reference=MNI 
//nullstudy_95
//Subjects=19
-8  50  -18 
-20  -66  -22 
-14  46  36 

//Reference=MNI 
//nullstudy_96
//Subjects=20
-4  -94  30 
-12  10  66 
-28  -40  -54 

//Reference=MNI 
//nullstudy_97
//Subjects=21
-4  -18  78 
-8  -90  30 

//Reference=MNI 
//nullstudy_98
//Subjects=20
-18  -40  56 
-2  -2  -10 
-40  42  12 
-60  -14  0 
-38  -12  -12 
40  12  42 
-18  -44  -40 
-14  56  -10 
-14  0  64 
-52  6  38 
-4  -84  -34 

//Reference=MNI 
//nullstudy_99
//Subjects=19
-16  -10  64 
-6  -4  10 
-38  62  0 
-68  -32  2 
-22  -90  -38 
18  6  56 
-24  -78  44 
30  46  2 

//Reference=MNI 
//nullstudy_100
//Subjects=20
6  16  26 
40  28  -14 
56  10  -14 
-44  6  -22 

