//Reference=MNI 
//truestudy_1
//Subjects=31
46  -64  -7 
47  -66  -7 
47  -65  -6 
45  -68  -6 
46  -67  -7 
45  -67  -5 
47  -66  -4 
46  -65  -6 
44  -66  -6 

//Reference=MNI 
//truestudy_2
//Subjects=30
46  -66  -7 
46  -65  -4 
46  -67  -5 
47  -66  -7 
47  -67  -5 
46  -68  -5 

//Reference=MNI 
//truestudy_3
//Subjects=31
45  -65  -6 
47  -65  -8 
47  -66  -6 
45  -66  -4 
46  -65  -5 
46  -66  -7 
47  -65  -3 
44  -65  -6 
46  -64  -4 
45  -65  -5 

//Reference=MNI 
//nullstudy_1
//Subjects=31
-30  6  -4 
32  28  48 
-8  2  58 
-58  -26  -22 
-34  -6  8 
60  8  -22 
24  40  28 
-64  -6  -4 
-34  -64  -18 

//Reference=MNI 
//nullstudy_2
//Subjects=30
-22  -84  -22 
-58  -36  4 
-20  68  4 
32  26  54 
54  12  34 
-2  -82  2 

//Reference=MNI 
//nullstudy_3
//Subjects=31
-34  8  -20 
-30  -38  42 
-42  30  40 
48  32  -12 
-30  60  2 
-32  -76  26 
-36  -28  56 
-48  16  -22 
-48  -8  12 
-22  0  -44 

//Reference=MNI 
//nullstudy_4
//Subjects=30
-68  -14  0 
-16  26  0 

//Reference=MNI 
//nullstudy_5
//Subjects=31
32  20  -12 
-54  -74  14 
-64  0  -6 
-30  -56  -42 
0  68  14 
-20  -48  56 
22  8  56 
-40  -56  38 
-12  -44  2 

//Reference=MNI 
//nullstudy_6
//Subjects=30
-40  -58  52 
-48  12  -32 
-54  6  14 
-14  62  -14 
-24  -56  -32 
-10  -88  -32 
0  58  -14 
4  56  0 

//Reference=MNI 
//nullstudy_7
//Subjects=30
-46  -6  -20 
10  34  34 
-42  -4  2 
-14  16  -22 
-6  22  30 
46  22  24 
-58  12  2 
-68  -42  2 
-68  -30  24 
-16  -34  68 

//Reference=MNI 
//nullstudy_8
//Subjects=30
44  6  -18 
-12  58  10 
-52  2  26 
-68  -20  -10 

//Reference=MNI 
//nullstudy_9
//Subjects=30
-50  -16  38 
6  66  20 
-40  22  -26 
-64  -16  24 
50  20  26 
56  18  26 

//Reference=MNI 
//nullstudy_10
//Subjects=29
32  40  38 
-48  -28  28 
-28  -30  -14 

//Reference=MNI 
//nullstudy_11
//Subjects=28
-50  -54  44 
-22  -78  4 

//Reference=MNI 
//nullstudy_12
//Subjects=31
-4  -46  56 
-46  -12  34 
-32  -2  -50 
-34  26  40 
-62  -18  -18 
-4  60  8 
-58  -18  6 
-26  -76  28 
-26  8  4 
-48  -10  2 
-2  -26  -6 
-12  -98  12 
-44  12  32 

//Reference=MNI 
//nullstudy_13
//Subjects=31
-48  -46  32 
10  6  50 
-38  -74  -18 
-4  56  0 
-24  -88  28 
14  8  62 
-12  -14  76 
-20  -36  74 

//Reference=MNI 
//nullstudy_14
//Subjects=30
-22  28  54 
-22  -56  4 
-36  -76  -44 
-16  30  6 
14  40  50 
-26  -14  -10 

//Reference=MNI 
//nullstudy_15
//Subjects=31
4  64  -14 
-28  24  40 
-44  20  -8 
-48  -54  -46 
-54  -10  48 
-8  -28  48 
-4  -54  4 
28  20  -42 

//Reference=MNI 
//nullstudy_16
//Subjects=30
-56  -66  26 
-38  -20  46 
-6  -74  -16 
-34  -34  -28 

//Reference=MNI 
//nullstudy_17
//Subjects=31
-10  -70  -26 
48  12  -6 
6  28  48 
-8  -76  8 
-66  -52  -6 
-28  -16  -20 
-38  -94  -2 
-12  -16  -12 
-10  36  6 

//Reference=MNI 
//nullstudy_18
//Subjects=29
28  38  38 
-62  -26  36 
-36  20  48 

//Reference=MNI 
//nullstudy_19
//Subjects=30
40  46  -12 
-44  -2  -14 

//Reference=MNI 
//nullstudy_20
//Subjects=31
10  4  10 
-14  -48  -14 

//Reference=MNI 
//nullstudy_21
//Subjects=31
-6  -42  20 
-36  50  -14 
-30  8  -24 
-10  -12  76 
38  14  -30 
-26  -88  20 
6  70  14 
-4  2  2 
-52  -8  -30 

//Reference=MNI 
//nullstudy_22
//Subjects=31
-50  -64  -8 
-2  -92  30 
44  12  16 
16  16  -8 
-38  -40  62 
38  28  16 
40  44  30 
-54  -42  36 
-8  44  -22 
-52  -42  58 
58  8  42 
2  46  30 
48  16  34 
-12  -80  -10 

//Reference=MNI 
//nullstudy_23
//Subjects=29
60  2  16 
-8  -10  40 
10  12  32 
-58  2  2 
8  14  70 
-50  -10  -24 
-42  -80  32 
-2  -42  -38 
0  44  12 
-16  -82  0 
34  58  -16 
-54  -28  -16 
-18  -102  -14 
44  4  -22 
18  16  58 

//Reference=MNI 
//nullstudy_24
//Subjects=29
-4  -52  46 
-42  40  30 
-64  -18  12 

//Reference=MNI 
//nullstudy_25
//Subjects=31
-32  -24  44 
-28  -56  -16 

//Reference=MNI 
//nullstudy_26
//Subjects=30
-8  -70  -24 
-58  -10  -30 
32  12  -44 
-12  -46  -12 
-58  -48  -20 
-42  14  0 
-2  36  -6 
32  30  50 
-42  -60  22 
-20  -72  -18 
18  36  54 
-30  52  30 
16  8  -32 
14  20  56 
48  12  -16 
-52  -2  -14 
-40  -38  20 
-36  -82  -42 
-54  12  -32 
-66  -26  6 
-48  22  -16 
20  16  52 
-16  -62  -32 
6  46  48 
-38  26  44 
-20  -10  58 
-34  -4  18 
-28  -82  16 
-6  -20  24 
-46  -2  36 
-22  10  -22 
-24  -98  0 
4  2  4 
4  6  68 
-34  -50  -34 

//Reference=MNI 
//nullstudy_27
//Subjects=28
-18  -38  74 
-4  -72  60 
20  56  -12 
-2  -38  30 
-22  -48  -48 

//Reference=MNI 
//nullstudy_28
//Subjects=29
-30  18  10 
-44  -62  -54 

//Reference=MNI 
//nullstudy_29
//Subjects=30
16  66  0 
-30  -18  6 
-32  30  0 
4  30  -30 
-40  -92  -2 
18  26  -4 
10  36  -16 

//Reference=MNI 
//nullstudy_30
//Subjects=31
8  60  -8 
-12  -10  -28 

//Reference=MNI 
//nullstudy_31
//Subjects=32
-18  54  -16 
10  52  -22 
30  10  -22 
14  4  -26 
-42  16  24 
0  32  16 
-22  50  16 
18  6  60 

//Reference=MNI 
//nullstudy_32
//Subjects=30
6  56  2 
-64  -18  -2 
-58  -34  -8 
-6  52  32 
-4  -36  24 
-16  -70  -26 
-40  -22  -6 
-56  4  8 
-36  -26  4 
-52  24  0 

//Reference=MNI 
//nullstudy_33
//Subjects=31
-56  -46  30 
18  12  -40 
38  52  0 
12  28  -20 
12  2  -22 
-34  -80  42 
-66  -24  20 
-6  -70  50 
-30  -70  -58 
-14  -62  -38 
48  18  0 
-42  18  -2 
-38  6  -38 
-20  -14  -10 
-28  2  54 
46  2  22 
-44  -58  46 

//Reference=MNI 
//nullstudy_34
//Subjects=31
-42  0  34 
-28  4  -38 
54  4  -26 
-50  -20  54 

//Reference=MNI 
//nullstudy_35
//Subjects=30
-26  -54  -14 
-2  36  -20 
-22  -80  -2 
-34  8  -40 
-28  -90  -28 
-30  -72  -50 
-36  -36  54 
-60  -16  -30 
-24  8  -40 
-2  -42  2 
12  52  44 
-8  -102  -10 
-4  -46  -64 
-34  -34  18 
-12  -60  26 
-66  -18  -2 
-4  -38  74 
-58  0  -6 
-18  -76  38 
-20  -50  -48 
-50  22  10 
24  30  38 
-8  -98  -6 
-30  -18  50 
-2  40  26 
-8  -102  -14 

//Reference=MNI 
//nullstudy_36
//Subjects=32
-14  52  42 
16  20  -10 
-40  -24  -16 
-10  -104  10 
-56  22  16 
-28  -66  54 
48  22  32 
-44  24  -4 
-36  8  42 
16  8  60 
-32  -54  -20 
-46  52  -6 
-38  -40  58 

//Reference=MNI 
//nullstudy_37
//Subjects=32
-52  2  2 
-10  -44  70 
-6  34  62 
-6  2  40 
-24  -56  -36 
-16  -80  28 

//Reference=MNI 
//nullstudy_38
//Subjects=31
-18  4  -14 
-30  -48  -36 
-60  -50  2 
-52  -38  54 
-22  -88  -4 
12  20  0 
-22  -38  -26 
-34  -68  -24 
-14  -78  -16 
-48  32  -2 
2  62  14 
-44  36  -18 
-52  -36  26 
-8  -20  -16 
-54  -62  10 
-10  -24  4 
-26  -58  38 
-20  -74  52 
-18  50  24 

//Reference=MNI 
//nullstudy_39
//Subjects=29
20  66  10 
-54  -12  -40 
-30  -88  10 
-34  -92  6 
-8  -68  58 
-4  64  4 
-38  -74  34 
-14  -96  -10 
-26  -38  8 
-66  -40  18 
-12  -86  28 
-58  -54  6 
-14  62  18 
-20  42  40 
-8  -50  38 
36  50  16 
-8  -52  -2 
-12  -78  28 
-4  -76  -44 
-10  -46  52 
-38  36  -4 
26  64  18 
-8  -12  6 
-40  -28  48 
-20  2  -16 
-32  2  -14 
-12  -80  10 
-46  4  6 
-42  -8  38 
-46  -2  8 
-20  -60  -44 
-22  -82  -12 
14  18  32 

//Reference=MNI 
//nullstudy_40
//Subjects=31
18  52  -20 
-14  -76  56 
4  12  -6 
-50  14  -36 
-2  -10  34 
-12  -44  -28 
52  12  38 
-22  -80  8 
-24  -54  -52 
-44  -2  -26 
-18  -52  -34 

//Reference=MNI 
//nullstudy_41
//Subjects=31
-22  -86  -26 
-34  -46  -14 

//Reference=MNI 
//nullstudy_42
//Subjects=30
-32  -32  42 
-54  -20  0 
-34  52  -8 
64  12  16 
14  44  -22 
-26  -38  -22 
-30  20  -16 
-18  -86  -28 
-30  -16  -40 
-42  -38  48 
-36  18  48 

//Reference=MNI 
//nullstudy_43
//Subjects=31
-12  12  -14 
44  40  18 
-32  52  30 
-12  -20  -10 
-6  -16  28 
-16  -18  18 
-36  -80  32 
-38  -40  -14 

//Reference=MNI 
//nullstudy_44
//Subjects=31
50  30  -2 
-12  4  76 
-26  -40  -50 
-18  -46  -4 
-42  0  -46 

//Reference=MNI 
//nullstudy_45
//Subjects=31
-14  66  -10 
-48  -54  34 
8  36  -30 
-26  14  44 
-40  -60  -52 
-24  52  -12 
46  14  -2 
-40  -76  -8 
44  26  -24 
-38  26  -26 
-6  46  46 
-58  -60  6 
-4  44  34 
-12  -82  38 
-58  -16  -24 
18  40  -22 
-26  -46  -24 
-42  -18  -2 
-66  -48  -2 

//Reference=MNI 
//nullstudy_46
//Subjects=30
-12  -30  -2 
-20  -84  48 
-44  -74  16 
10  22  -16 
-44  -18  4 
18  50  -12 
-10  -76  42 
8  22  60 
18  22  56 
2  44  4 
-52  28  0 
-42  -54  28 
-28  -70  4 
-8  26  -30 
-10  -38  -32 
40  50  0 
-10  -88  38 
-22  -80  16 
-8  22  50 
-28  -68  -38 
-24  4  12 
-24  42  32 
-46  14  24 
-20  -44  -58 
34  18  60 
-2  -66  -38 
-50  -50  -40 
-38  26  40 
-16  -94  28 
-32  -46  -44 
-34  20  56 
-2  -56  70 
46  10  -10 
-8  2  -30 
-22  24  50 

//Reference=MNI 
//nullstudy_47
//Subjects=30
32  20  26 
-44  28  8 
-16  26  44 
36  22  56 
-4  -72  0 
-42  -74  20 
-30  28  48 
-42  -66  -44 
-12  -58  -12 
-46  -68  32 
-2  -58  42 
-36  -6  20 
-34  -34  -26 
32  28  8 
-40  -58  -50 
-52  -46  -14 
-26  -16  70 
6  6  -24 
-28  46  -2 
18  58  -18 
-44  -62  -40 
-8  8  10 
-2  16  26 

//Reference=MNI 
//nullstudy_48
//Subjects=29
-50  30  20 
-44  36  -16 
-8  34  -30 
-8  38  14 
-60  2  -30 

//Reference=MNI 
//nullstudy_49
//Subjects=29
-52  -40  20 
-32  -80  -30 
-4  -18  30 
-18  -50  -26 
-24  -84  -14 

//Reference=MNI 
//nullstudy_50
//Subjects=29
0  10  70 
-50  -36  56 

//Reference=MNI 
//nullstudy_51
//Subjects=33
-10  -42  -8 
-42  -10  50 

//Reference=MNI 
//nullstudy_52
//Subjects=30
-24  -40  -28 
-14  -76  -20 
-10  -72  24 

//Reference=MNI 
//nullstudy_53
//Subjects=29
-56  2  44 
38  10  36 
-66  -40  12 
-58  -20  -32 
26  32  26 
-6  -78  -40 
-18  4  2 
4  58  28 
42  2  40 
-30  10  -36 
-22  -86  -22 
-22  62  20 
-28  -74  -20 
16  64  -12 
8  8  -24 
-12  8  -6 

//Reference=MNI 
//nullstudy_54
//Subjects=29
-6  62  -2 
-44  -64  26 
-26  -76  -54 

//Reference=MNI 
//nullstudy_55
//Subjects=30
-50  -66  -32 
56  2  40 
-68  -30  24 
-4  -82  -36 

//Reference=MNI 
//nullstudy_56
//Subjects=31
-40  24  -26 
-28  -76  14 

//Reference=MNI 
//nullstudy_57
//Subjects=32
8  2  14 
0  22  -2 
-2  -70  42 
-40  34  -6 
-60  2  14 
-24  -92  -4 
-50  10  42 
-40  -52  -12 
-30  -78  -30 
-22  -54  -4 
36  4  8 
-10  -36  76 
-12  16  66 
-66  -20  -26 
-20  -10  -44 
-28  20  52 
4  56  30 
-4  -10  -12 
-54  -8  50 
14  52  -10 

//Reference=MNI 
//nullstudy_58
//Subjects=32
-66  -50  6 
-38  -72  44 
-14  8  -12 

//Reference=MNI 
//nullstudy_59
//Subjects=30
-18  -54  20 
38  22  -12 
58  28  0 
-8  2  8 
-30  -46  -32 
-20  32  46 
-66  -52  6 
-28  -74  -22 

//Reference=MNI 
//nullstudy_60
//Subjects=31
-26  -2  -6 
-4  -56  18 
-30  -34  -8 
-42  0  54 
-42  -16  -8 
-32  -48  32 
46  48  8 
-14  50  -22 
-50  -36  22 
-32  60  -14 
2  24  32 
40  18  -34 
34  28  -20 
-44  -36  -2 
-26  -48  62 
-6  62  0 
-24  -74  34 
-6  -40  -22 
-34  -86  -10 
-56  0  2 
-22  -56  44 
6  50  -18 
-52  -56  -34 
-58  -12  -2 
-48  22  -16 
-6  46  -28 
4  52  -10 
24  52  32 
-36  12  46 
38  16  -44 
-26  -10  44 
14  10  60 
-6  -44  -30 
58  12  -26 
-16  -30  -14 
-54  -68  -8 
-34  56  6 
-52  12  -4 
-2  32  24 
-42  12  16 
-44  -58  -50 
-48  2  -38 
52  18  30 

//Reference=MNI 
//nullstudy_61
//Subjects=30
6  42  32 
-54  -12  10 
-38  -36  8 
4  6  36 
-16  -52  68 
-68  -38  -8 
-44  -38  20 
-14  -36  66 
-62  -14  2 
-56  -10  20 
-10  46  28 
-4  -68  -40 
-22  -46  74 
-20  -30  6 
-20  -34  4 
-46  -70  22 
28  10  -44 

//Reference=MNI 
//nullstudy_62
//Subjects=30
-38  4  32 
-16  -60  6 
0  8  66 
-24  -98  -14 
-54  -28  -4 
-44  -46  58 
-4  -84  -24 
-28  -84  20 
-44  -62  8 
-44  44  24 
16  14  -10 
-10  -54  -44 
-44  -56  54 
-64  -34  -18 
-8  38  -12 

//Reference=MNI 
//nullstudy_63
//Subjects=30
18  16  68 
-34  -70  16 
-12  -40  -6 
-6  -50  50 

//Reference=MNI 
//nullstudy_64
//Subjects=31
-12  -8  18 
-10  -52  74 
-8  48  -26 
-32  -44  -54 
-10  42  6 
-30  50  24 
40  16  -26 
6  12  72 
-62  -52  10 

//Reference=MNI 
//nullstudy_65
//Subjects=29
38  28  0 
-42  -58  14 
-50  -54  6 
-12  22  -28 
-54  -14  46 
-46  42  -2 

//Reference=MNI 
//nullstudy_66
//Subjects=28
-4  44  38 
32  6  64 
20  56  36 
-56  -26  -16 
-4  -72  -24 
-20  60  28 
28  24  -2 

//Reference=MNI 
//nullstudy_67
//Subjects=31
-46  6  -8 
24  12  -14 
-42  6  8 
56  18  24 
-50  -40  14 
-38  20  46 
44  58  -2 
-18  14  -8 
-10  -18  -26 
-32  34  18 
-8  -34  46 
-52  -60  48 
-38  0  28 

//Reference=MNI 
//nullstudy_68
//Subjects=29
-52  16  -22 
22  2  -40 
-6  -18  36 
-12  -32  -10 
34  30  16 
-2  -6  40 
56  34  -2 
-26  -38  54 
-12  20  44 
-38  -50  -48 
2  44  40 
8  26  -28 
2  18  -4 

//Reference=MNI 
//nullstudy_69
//Subjects=29
-56  -42  36 
-28  -14  -10 

//Reference=MNI 
//nullstudy_70
//Subjects=30
-22  -42  60 
38  30  -16 

//Reference=MNI 
//nullstudy_71
//Subjects=31
-2  -42  -56 
-50  -24  32 
-26  -82  -28 
-30  -22  42 
-12  -104  -10 
-16  2  -30 
-26  38  38 
-44  -16  -26 
-30  -52  -34 
40  6  22 
42  30  44 
28  56  18 
-46  4  12 
-50  -36  4 
-6  68  22 
-34  -26  -28 
30  62  -6 
-58  -18  22 
-30  -18  -28 
-36  -80  44 
2  50  24 
-12  -34  42 
-8  58  -18 
-48  -48  -34 
-46  -64  12 
-20  14  58 
-18  -28  16 
-46  38  24 
26  20  42 
-46  -48  38 
-50  -24  -16 
6  22  -14 

//Reference=MNI 
//nullstudy_72
//Subjects=30
-40  -46  54 
-28  -58  42 
-28  -34  -28 

//Reference=MNI 
//nullstudy_73
//Subjects=29
-4  -30  50 
12  56  42 
40  38  38 

//Reference=MNI 
//nullstudy_74
//Subjects=30
-4  44  -32 
-58  12  14 
6  16  -12 
-32  -6  46 

//Reference=MNI 
//nullstudy_75
//Subjects=28
46  14  0 
-10  -80  38 
-12  -6  -20 
-48  -68  30 
-12  -54  28 
-24  -70  -42 
38  36  -20 
-46  -56  -6 
-8  -88  -22 
12  24  62 
-20  32  46 
-18  -36  0 
-28  -82  22 
22  56  32 
-4  -2  -10 
-26  54  10 
-26  -56  -60 
-38  46  -2 

//Reference=MNI 
//nullstudy_76
//Subjects=30
-38  -16  -38 
14  70  -10 
18  4  -12 

//Reference=MNI 
//nullstudy_77
//Subjects=30
10  28  -20 
54  18  20 
-42  -68  38 

//Reference=MNI 
//nullstudy_78
//Subjects=30
-44  -18  40 
-22  -32  68 
-20  -34  10 
6  14  62 
-30  -20  62 
30  60  -16 

//Reference=MNI 
//nullstudy_79
//Subjects=30
-64  -26  36 
30  12  -46 

//Reference=MNI 
//nullstudy_80
//Subjects=29
-30  6  4 
28  54  22 
-32  -32  44 
-34  -18  22 
-12  -40  -6 
-4  34  -24 
-40  16  -34 
-60  -52  20 

//Reference=MNI 
//nullstudy_81
//Subjects=29
-26  -70  -54 
18  66  8 
-10  -74  50 
22  24  36 

//Reference=MNI 
//nullstudy_82
//Subjects=29
-2  54  14 
-12  -36  46 
-48  -12  -24 

//Reference=MNI 
//nullstudy_83
//Subjects=29
-2  64  -18 
-8  -44  76 
-50  -24  54 
-46  -84  -6 
-54  0  34 

//Reference=MNI 
//nullstudy_84
//Subjects=31
-12  -48  -60 
-42  52  12 

//Reference=MNI 
//nullstudy_85
//Subjects=29
-28  -64  -12 
-46  -46  50 

//Reference=MNI 
//nullstudy_86
//Subjects=30
4  18  34 
-38  -44  -36 

//Reference=MNI 
//nullstudy_87
//Subjects=29
-42  -62  40 
16  18  -2 

//Reference=MNI 
//nullstudy_88
//Subjects=29
-16  -2  28 
-28  0  66 
4  26  18 
-36  -74  10 
-8  -14  -30 
-14  -16  20 
22  58  36 
-16  10  -12 

//Reference=MNI 
//nullstudy_89
//Subjects=32
-10  -56  -22 
-28  -98  -18 
-6  16  44 
-24  -68  52 

//Reference=MNI 
//nullstudy_90
//Subjects=29
-4  -36  24 
-24  42  -14 
-12  64  24 
2  8  -16 

//Reference=MNI 
//nullstudy_91
//Subjects=29
-2  -18  -42 
-42  -68  38 
-54  10  -20 

//Reference=MNI 
//nullstudy_92
//Subjects=30
-14  18  -28 
-2  -28  30 

//Reference=MNI 
//nullstudy_93
//Subjects=30
-2  -18  8 
6  18  -20 
-14  28  26 
50  34  18 
-18  -102  -10 
-44  -40  20 
-12  -8  24 
-6  -58  24 
30  24  -28 
6  40  42 
-38  -2  -36 

//Reference=MNI 
//nullstudy_94
//Subjects=29
-44  -50  62 
-6  58  24 
-22  -36  -16 
-22  -50  -24 

//Reference=MNI 
//nullstudy_95
//Subjects=30
-36  -18  50 
12  6  44 

//Reference=MNI 
//nullstudy_96
//Subjects=29
-16  -70  10 
-18  -46  -4 
-16  -44  48 
-16  -62  -56 
26  60  6 
-40  -74  12 

//Reference=MNI 
//nullstudy_97
//Subjects=31
-50  -54  -16 
-10  -80  48 
-10  28  -14 
-54  -46  14 
22  38  30 
-38  -2  36 

//Reference=MNI 
//nullstudy_98
//Subjects=31
-20  32  -18 
10  24  68 

//Reference=MNI 
//nullstudy_99
//Subjects=32
4  22  48 
-36  -58  40 
58  4  -16 
-8  -32  2 
-4  -96  28 
-50  -52  -12 
-54  -48  -38 
-38  -58  56 

//Reference=MNI 
//nullstudy_100
//Subjects=30
-2  38  32 
-2  -50  -64 
30  44  -20 
-46  -78  -20 

