//Reference=MNI 
//truestudy_1
//Subjects=29
47  -66  -4 
47  -65  -7 
46  -65  -6 

//Reference=MNI 
//truestudy_2
//Subjects=30
47  -67  -6 
47  -66  -6 
47  -67  -5 
47  -67  -5 

//Reference=MNI 
//truestudy_3
//Subjects=30
47  -66  -6 
45  -66  -5 
45  -68  -5 
47  -67  -7 

//Reference=MNI 
//nullstudy_1
//Subjects=29
-4  -22  20 
-12  -58  34 
-40  46  4 

//Reference=MNI 
//nullstudy_2
//Subjects=30
-36  12  36 
-26  -52  58 
-8  -14  68 
30  26  58 

//Reference=MNI 
//nullstudy_3
//Subjects=30
-30  -12  70 
-48  -66  -18 
-10  -34  -28 
6  20  62 

//Reference=MNI 
//nullstudy_4
//Subjects=31
44  12  14 
-16  -80  -30 
-16  -20  20 
2  8  -4 
-40  26  20 
-8  26  -22 
-2  -66  34 
4  18  -18 
14  18  -12 
40  32  34 
-46  -70  -22 
-2  -86  16 
16  2  -6 
-54  -62  40 
34  40  46 
-68  -36  -8 
-8  -56  44 
-34  4  48 
-24  8  48 
-2  36  -28 
-28  6  62 
-20  -68  -14 
-44  -44  -36 
-38  -54  -60 
-8  -2  62 
-18  -94  24 
-48  26  22 
24  38  46 
8  18  50 
-4  -24  -50 
-20  48  34 
-26  46  -8 
16  2  76 

//Reference=MNI 
//nullstudy_5
//Subjects=30
-52  -36  -14 
-2  14  38 
-2  -46  -68 
-32  36  10 
-38  -88  6 

//Reference=MNI 
//nullstudy_6
//Subjects=31
22  10  66 
-6  16  62 
50  24  -16 
-2  42  -6 
-60  -60  26 
-42  32  34 
-40  16  24 
32  30  56 
-34  -46  40 
-2  -62  42 

//Reference=MNI 
//nullstudy_7
//Subjects=30
-32  -24  14 
46  10  -34 
-48  -30  12 
-44  -12  -8 
28  18  44 
-54  -4  10 

//Reference=MNI 
//nullstudy_8
//Subjects=30
-8  -66  54 
6  46  24 
30  6  -20 
-24  -6  -22 
-68  -20  -6 
-22  -88  -4 
-28  -90  8 
28  22  -20 
16  42  0 
-4  58  2 
-2  -46  24 
-4  18  26 

//Reference=MNI 
//nullstudy_9
//Subjects=30
10  66  16 
-68  -18  -18 
-4  -34  60 
-4  -64  -14 
-18  0  -34 

//Reference=MNI 
//nullstudy_10
//Subjects=28
-8  -70  18 
-22  38  -22 
-50  -30  30 
-34  -32  58 
-34  52  10 
-46  -2  42 
58  18  14 
52  4  -30 
-46  26  -6 
-14  40  -20 
48  46  16 
18  22  50 
-16  -72  22 

//Reference=MNI 
//nullstudy_11
//Subjects=30
-2  -26  -4 
-32  -52  36 

//Reference=MNI 
//nullstudy_12
//Subjects=30
-28  -56  36 
26  18  56 
-56  -28  10 
-2  -52  68 
60  10  2 
-20  -2  48 
-10  -44  66 
-12  34  -20 

//Reference=MNI 
//nullstudy_13
//Subjects=30
-22  -72  36 
46  16  54 
-56  -42  40 
-68  -24  24 

//Reference=MNI 
//nullstudy_14
//Subjects=30
-52  10  18 
6  16  68 
8  64  20 

//Reference=MNI 
//nullstudy_15
//Subjects=31
-30  -20  -16 
44  40  12 

//Reference=MNI 
//nullstudy_16
//Subjects=30
-28  -44  -42 
-38  -42  58 
-24  16  -34 
22  8  -12 
30  58  20 
-16  -20  6 
-40  -10  -30 
28  26  32 
-38  -38  -8 
-2  -84  22 
-6  40  26 

//Reference=MNI 
//nullstudy_17
//Subjects=31
-32  -30  -30 
-36  20  -26 
-50  0  4 
-50  4  30 

//Reference=MNI 
//nullstudy_18
//Subjects=29
-8  32  -16 
-48  18  -22 
-60  -56  40 
-54  34  -10 
-20  -56  56 
-10  -44  -14 
56  2  -36 
22  42  -14 

//Reference=MNI 
//nullstudy_19
//Subjects=30
-70  -34  8 
-56  -14  -10 

//Reference=MNI 
//nullstudy_20
//Subjects=29
-24  6  -46 
-64  -52  -2 

//Reference=MNI 
//nullstudy_21
//Subjects=29
-10  -52  -44 
6  40  -28 

//Reference=MNI 
//nullstudy_22
//Subjects=31
-50  -48  4 
56  24  18 
-22  -66  52 

//Reference=MNI 
//nullstudy_23
//Subjects=31
38  18  -2 
-50  26  -4 
-34  -94  14 
-30  50  22 
-54  -56  -34 
-44  -40  34 
-26  -68  10 
0  22  -26 
-34  20  24 
20  18  -30 
-34  -50  -16 
-22  -66  16 
2  22  -18 

//Reference=MNI 
//nullstudy_24
//Subjects=29
-34  2  14 
10  66  -12 
-20  44  -16 
-60  -18  18 
-46  -34  6 
4  56  -18 
8  14  30 
-46  -68  -52 
14  50  28 
-2  -30  68 
-50  6  -34 
-6  -10  24 
-36  20  10 
-4  22  68 
-56  -8  -42 
-6  60  14 
-46  -6  -40 
-28  26  -6 

//Reference=MNI 
//nullstudy_25
//Subjects=30
-12  50  36 
-34  -56  56 
-54  0  46 

//Reference=MNI 
//nullstudy_26
//Subjects=31
-12  34  -8 
-6  66  -12 
64  10  6 
-8  -20  12 

//Reference=MNI 
//nullstudy_27
//Subjects=29
-42  -20  10 
-20  -78  20 
-34  8  -40 
50  42  20 
40  6  -6 
-30  -56  -20 
-28  0  -10 
-26  -48  10 
60  8  16 
-8  68  -12 
-10  -10  14 

//Reference=MNI 
//nullstudy_28
//Subjects=29
-40  -60  -2 
24  4  50 
-2  -62  32 

//Reference=MNI 
//nullstudy_29
//Subjects=30
-8  66  6 
-44  -2  56 
-40  32  34 
34  34  36 

//Reference=MNI 
//nullstudy_30
//Subjects=29
28  16  42 
-10  -44  -42 
-52  -54  -4 
-6  -16  28 
-58  -24  -16 
-28  -6  -32 

//Reference=MNI 
//nullstudy_31
//Subjects=31
4  38  -34 
10  70  0 
-28  38  34 

//Reference=MNI 
//nullstudy_32
//Subjects=28
-4  68  -4 
-8  8  12 
-2  -56  -4 
-2  -62  4 
34  26  32 
-60  -22  40 
-44  -60  54 
-50  12  28 
-42  -14  38 
48  8  42 
-16  -84  16 
-16  -52  50 
6  42  40 
34  54  14 
-24  -52  -32 
-20  62  -10 
48  22  24 
-38  -32  -28 
-50  -28  38 
-12  66  24 
-18  -28  -16 
-48  -24  12 

//Reference=MNI 
//nullstudy_33
//Subjects=31
8  14  70 
-6  46  32 

//Reference=MNI 
//nullstudy_34
//Subjects=32
2  18  -2 
-26  2  -26 
30  34  -18 
-42  -4  30 
-32  -24  6 
24  4  -48 
-36  -36  56 
-58  -26  44 
58  6  -24 
0  40  -20 
-14  -24  44 
-54  -26  14 
-32  -6  -6 
34  2  30 
42  24  -28 
0  64  -2 
-16  -44  66 
-46  0  -40 
32  4  46 
-28  -38  -34 
-64  -60  -4 
-34  42  -20 
-10  -14  8 
4  64  -20 
-46  -20  22 
-22  26  38 
-32  32  -16 
-44  -20  58 
-34  12  -24 
-54  -64  -22 
-50  40  14 
-2  22  52 
-8  10  -26 

//Reference=MNI 
//nullstudy_35
//Subjects=32
-28  20  -12 
-48  40  4 
-8  40  -6 
-2  62  -6 
-18  -78  -56 
8  56  42 
-26  -30  -20 
-28  -16  -22 
0  38  48 
-16  -42  -50 
-44  18  8 
-6  16  66 
40  54  24 
-28  -58  -2 
-28  -60  -14 
56  4  -34 
-50  30  12 
-50  -42  10 
48  18  12 
36  32  16 
-2  -32  10 
48  18  14 
38  8  52 
-38  -18  -26 
-22  6  6 
-16  -38  48 
8  36  -28 
14  26  -6 
60  22  14 
-52  0  26 
-16  -50  8 
-40  -34  50 
-8  -10  42 
-24  -16  54 

//Reference=MNI 
//nullstudy_36
//Subjects=29
-14  -16  -30 
-52  28  4 
10  18  -2 
22  26  -22 
36  10  26 
32  46  -14 
-6  22  60 
26  34  44 
32  24  24 
-6  50  18 
18  24  -26 
-20  -78  48 
-34  30  2 
-12  -76  -46 
-4  8  34 
-42  -46  42 
38  36  -4 
-38  60  -4 
-18  -20  -28 

//Reference=MNI 
//nullstudy_37
//Subjects=30
-44  -42  -18 
-32  46  34 

//Reference=MNI 
//nullstudy_38
//Subjects=30
4  14  -6 
-36  -20  6 
-26  48  -2 
-22  -74  -54 
-16  -22  -20 
52  38  -10 
-38  -26  58 
-2  -34  -22 

//Reference=MNI 
//nullstudy_39
//Subjects=30
-68  -24  -10 
-16  -98  16 
-10  -76  -26 

//Reference=MNI 
//nullstudy_40
//Subjects=30
-2  -26  74 
-32  6  64 
40  2  -26 
-42  -42  38 
-50  -50  -40 
36  12  -4 
-8  22  32 

//Reference=MNI 
//nullstudy_41
//Subjects=30
-8  10  40 
54  32  30 
-26  -4  52 
20  24  52 
-34  24  -14 
-60  -12  -6 
-4  28  -12 
-8  -24  64 
30  46  24 
-10  68  22 

//Reference=MNI 
//nullstudy_42
//Subjects=29
-58  2  -8 
-10  -54  -26 
-6  2  76 
-50  -22  0 
-48  -50  -22 
4  8  -18 
38  32  46 
-4  -36  60 
26  30  28 
2  14  26 

//Reference=MNI 
//nullstudy_43
//Subjects=31
-44  -56  -20 
-4  0  30 

//Reference=MNI 
//nullstudy_44
//Subjects=30
-20  -16  -36 
34  14  -38 
-34  -66  32 
-40  38  14 
-50  -58  -42 
-42  -30  -16 
50  36  20 
10  2  54 
-38  48  -18 
-30  -46  -12 
-66  -32  -22 
-24  32  30 
30  12  64 
-34  -10  -28 
-42  14  36 
-20  -80  0 
-58  0  36 
8  38  36 
-66  -26  -2 
18  12  58 
-20  -26  6 
-18  4  66 
-20  8  -44 
8  58  16 
-44  -12  -14 
-44  -70  30 
38  40  2 
12  36  48 
-60  -28  10 
-64  -26  -18 
20  18  8 
42  36  26 
-6  -32  72 
12  60  -12 
-8  -80  54 
-10  -40  -32 
52  18  -20 
-24  -10  -22 
-32  -48  -42 
-58  -26  36 
8  62  34 
6  2  40 
-30  -68  -34 

//Reference=MNI 
//nullstudy_45
//Subjects=29
-64  -10  -26 
54  20  2 
52  30  -14 

//Reference=MNI 
//nullstudy_46
//Subjects=31
-12  -74  -14 
-38  -26  38 
-42  6  2 

//Reference=MNI 
//nullstudy_47
//Subjects=31
-32  30  -20 
-4  12  -28 
-6  -24  0 
24  32  -14 
-14  -38  -30 
4  30  -30 
-48  0  54 
-14  -62  60 

//Reference=MNI 
//nullstudy_48
//Subjects=30
-6  -22  56 
-14  -100  22 
-48  -18  -6 
-30  2  -22 
18  50  38 
-30  -14  -18 
-6  -34  -22 
22  60  16 
-26  -2  -40 
34  6  60 
-6  10  -28 
-34  -92  18 
-70  -36  -6 
-40  -56  56 

//Reference=MNI 
//nullstudy_49
//Subjects=30
-24  28  50 
-2  60  38 
-52  -4  22 
-32  -46  -8 
-26  -8  -42 
-34  -70  22 
18  60  14 

//Reference=MNI 
//nullstudy_50
//Subjects=32
-32  -90  18 
-48  0  8 
-10  8  14 
20  34  36 
28  16  -32 
-8  8  -20 
-40  -18  62 

//Reference=MNI 
//nullstudy_51
//Subjects=28
-12  -12  70 
-50  -6  8 
-24  -16  -20 
44  30  24 
12  48  -24 
-6  16  40 
-2  -90  -8 
-50  6  -26 
-8  28  -14 
-8  66  16 
-34  -56  24 
-50  -32  62 
-26  -70  -48 
-42  -52  6 
12  26  42 
-18  -60  -60 
16  16  10 
-8  62  -16 
-28  -68  -32 
-2  60  16 
44  10  -6 
-50  -74  4 
-30  -74  -16 
-50  30  18 
-34  -44  52 
-14  -16  -20 
-12  -40  0 
-26  -50  -20 
-32  50  4 
18  16  -36 
-38  14  32 
-4  -100  8 
-10  44  -26 
62  6  34 
38  20  -14 
-42  -44  -18 
-30  -86  6 
-8  -92  -28 
12  24  54 
-12  -68  30 
-44  -14  -38 
-8  62  -18 
-26  -54  0 
-10  -104  -4 
-36  -48  50 
-50  -64  -42 
-34  -14  -8 
4  56  -24 
-32  18  -18 
-60  -32  -30 
-40  6  6 
-8  -64  -40 

//Reference=MNI 
//nullstudy_52
//Subjects=30
-14  18  -20 
-22  4  -6 

//Reference=MNI 
//nullstudy_53
//Subjects=29
-32  -70  32 
4  30  60 

//Reference=MNI 
//nullstudy_54
//Subjects=30
-32  -80  36 
-18  12  50 
-18  -22  -34 

//Reference=MNI 
//nullstudy_55
//Subjects=26
-52  2  18 
20  12  -20 
-16  -48  -20 
62  4  34 

//Reference=MNI 
//nullstudy_56
//Subjects=28
24  2  62 
-48  18  -30 

//Reference=MNI 
//nullstudy_57
//Subjects=30
-56  -52  38 
-16  -2  70 
-10  -66  -30 

//Reference=MNI 
//nullstudy_58
//Subjects=29
-6  50  22 
-38  -26  16 
-52  -36  44 
-64  -34  16 
-44  26  32 
-20  50  0 
-36  -40  50 
-30  -4  -34 
-40  24  18 
-24  -2  -26 
38  4  62 
8  10  58 
-44  -46  -30 
-18  -84  -36 
36  12  -36 
-10  -86  30 
-18  -72  -4 
0  4  0 
4  60  6 
36  22  -14 
-44  -56  6 
-50  -14  -24 
-14  -54  40 
-16  -62  42 
-46  10  -22 
-2  -40  58 
-32  -38  36 
-50  -10  -38 
16  14  14 
-30  -40  -22 
-12  -64  -62 
-10  -38  -42 
-62  -30  -26 
28  32  4 
-52  -46  -18 
-12  12  60 
-30  -30  46 
34  46  2 
-10  -42  52 
-50  6  20 
-28  -88  -12 
-60  -64  22 
-34  -24  -8 
-34  34  -8 
12  14  18 
-22  -10  76 
20  38  -16 
-50  34  12 
-24  -52  -42 
-14  -62  -46 
-22  -64  -52 
16  60  12 
-26  52  -14 
34  2  -42 
-38  -18  -30 
-14  -2  -2 

//Reference=MNI 
//nullstudy_59
//Subjects=29
-12  -50  66 
-58  -8  0 
-18  -62  48 
-20  -36  74 
-66  -24  -18 
-50  6  -28 
-22  22  40 

//Reference=MNI 
//nullstudy_60
//Subjects=31
-28  -90  -24 
-54  -36  2 
-42  8  -28 

//Reference=MNI 
//nullstudy_61
//Subjects=31
50  36  2 
18  70  12 

//Reference=MNI 
//nullstudy_62
//Subjects=30
4  2  22 
-38  2  56 
-14  -58  72 

//Reference=MNI 
//nullstudy_63
//Subjects=31
-36  -52  20 
-22  -74  -6 

//Reference=MNI 
//nullstudy_64
//Subjects=30
-62  -20  10 
58  14  2 
-4  8  -26 

//Reference=MNI 
//nullstudy_65
//Subjects=31
-30  -42  70 
-64  -4  -16 
-8  -2  -14 
-2  -16  68 
18  54  0 
-10  -68  48 
-12  -62  -54 
32  38  -10 
-2  -58  -28 
-12  36  32 
-2  -54  -52 
-8  -50  0 
0  4  32 
6  28  52 
-10  -100  20 
38  20  28 

//Reference=MNI 
//nullstudy_66
//Subjects=30
-52  -76  -10 
4  24  -30 
-64  -16  20 
-54  -8  28 
-46  -54  -32 
2  28  -26 
10  44  -28 
28  54  34 
-6  44  -30 

//Reference=MNI 
//nullstudy_67
//Subjects=28
0  28  26 
-60  -10  34 
-14  -86  -4 
32  62  6 
-2  48  -14 

//Reference=MNI 
//nullstudy_68
//Subjects=30
52  26  32 
-2  -60  42 
32  28  -24 
-58  6  -12 
-12  -80  -34 
-30  20  6 
-26  -74  -10 
-22  -34  74 
-32  -30  50 

//Reference=MNI 
//nullstudy_69
//Subjects=30
-46  -52  46 
-64  -48  -20 
24  6  50 
-56  -58  -2 
22  32  46 
12  20  16 
-20  48  32 
-54  -58  2 

//Reference=MNI 
//nullstudy_70
//Subjects=29
-50  -38  24 
20  42  26 
24  64  8 
22  64  16 
-34  -72  6 
-16  -32  12 
-54  -46  -36 
2  22  26 
-2  44  10 
32  4  64 
32  64  6 
-4  -40  -18 

//Reference=MNI 
//nullstudy_71
//Subjects=31
-6  6  -26 
-36  -8  -50 
36  4  -44 
-4  -42  -56 
-48  -52  -40 

//Reference=MNI 
//nullstudy_72
//Subjects=29
-54  -40  34 
-18  -80  -24 

//Reference=MNI 
//nullstudy_73
//Subjects=28
-28  30  34 
-46  -2  -18 
-44  -30  44 
40  10  10 
-20  -48  -12 
-20  -34  8 

//Reference=MNI 
//nullstudy_74
//Subjects=30
-52  -10  48 
56  32  4 
-28  30  48 
-28  -84  -40 
-30  -80  -12 
-50  -68  10 

//Reference=MNI 
//nullstudy_75
//Subjects=30
30  28  8 
34  28  -8 
-62  -18  20 

//Reference=MNI 
//nullstudy_76
//Subjects=29
-26  -34  66 
-28  -38  -36 
-14  48  40 
-46  16  -16 
-20  -88  12 
-46  -2  -4 
-4  40  38 
-8  -54  -4 
-46  6  44 
-2  12  24 
-4  -20  78 
58  14  -14 
-10  -70  16 
-50  -64  38 
-20  2  60 
-14  64  -10 
-60  -16  48 
-60  -30  28 
10  22  -28 
42  12  -4 
-64  -14  36 
26  8  -42 
-18  -42  -40 
-32  -88  2 
-30  -22  -26 
0  32  20 
-2  28  -4 
52  42  12 
20  66  4 
22  34  48 
-20  -82  42 
-8  -84  -42 
-14  -68  -24 

//Reference=MNI 
//nullstudy_77
//Subjects=30
-10  20  -22 
-10  -72  32 
38  52  -18 

//Reference=MNI 
//nullstudy_78
//Subjects=31
-28  -44  -26 
-22  -42  -14 

//Reference=MNI 
//nullstudy_79
//Subjects=30
6  6  60 
-2  -88  4 
-14  46  50 

//Reference=MNI 
//nullstudy_80
//Subjects=30
8  12  68 
8  26  -20 
-36  48  8 
14  30  64 
-38  -78  -6 

//Reference=MNI 
//nullstudy_81
//Subjects=29
0  52  30 
-50  -42  -16 

//Reference=MNI 
//nullstudy_82
//Subjects=29
-56  -68  -4 
-44  -8  56 
-24  -92  24 
-24  -48  54 
-4  -18  -10 
-32  -80  -50 
-10  -62  -38 
-42  28  -16 
-14  -30  -18 

//Reference=MNI 
//nullstudy_83
//Subjects=31
34  4  -30 
60  2  -26 
-46  22  6 
-36  -84  -10 
-18  -22  64 
14  48  8 
-38  -64  -26 
18  18  12 

//Reference=MNI 
//nullstudy_84
//Subjects=32
-38  26  40 
44  30  8 
0  22  -16 
-58  -52  36 
-20  -52  54 
-12  64  30 

//Reference=MNI 
//nullstudy_85
//Subjects=30
54  4  40 
-28  32  -10 
18  50  22 
-12  -36  68 
12  4  8 
-16  64  10 
-48  -2  -6 

//Reference=MNI 
//nullstudy_86
//Subjects=31
-4  -2  -30 
-18  -2  22 

//Reference=MNI 
//nullstudy_87
//Subjects=31
-38  -72  0 
-50  36  4 
-16  -16  66 

//Reference=MNI 
//nullstudy_88
//Subjects=29
48  42  8 
52  2  -32 
-36  -78  -24 
38  10  -8 
-12  -32  74 
56  22  10 
-18  -14  -38 
-64  -30  16 
-22  -52  -40 
42  36  -20 
-66  -48  -2 
-4  -74  -32 
-16  -88  28 
-10  64  -2 

//Reference=MNI 
//nullstudy_89
//Subjects=29
8  54  -16 
-56  -2  26 
-46  -40  54 
-4  14  68 
-22  -6  -12 
-26  14  -38 
-52  -38  -32 
32  10  40 
-36  -8  -16 
-30  -18  64 
0  48  -22 
-26  -58  10 
-34  -58  -56 
-14  10  -8 
-42  4  -14 
26  52  -4 
46  24  42 
10  42  24 
-34  -52  38 
-6  -38  -20 
40  12  12 
-20  -86  4 
2  10  0 
-34  14  8 

//Reference=MNI 
//nullstudy_90
//Subjects=30
-10  -34  -8 
-12  -66  -48 
34  4  -12 
-44  -46  16 
-2  -34  -16 
-46  -34  62 
-8  42  8 
-42  -42  48 

//Reference=MNI 
//nullstudy_91
//Subjects=28
24  46  4 
-48  -42  12 
-12  -54  -6 
-46  14  40 
-24  -82  32 
44  42  34 
4  62  14 
-30  14  50 
-10  -92  -14 
50  38  -12 
-56  -72  -10 

//Reference=MNI 
//nullstudy_92
//Subjects=31
-28  -80  20 
-48  0  16 
-36  -66  -60 
-10  -68  30 
-56  -18  -6 
-28  -60  0 
42  24  -34 
-10  58  -24 
-14  -36  0 
38  62  -6 

//Reference=MNI 
//nullstudy_93
//Subjects=31
-46  48  -14 
18  16  -26 
46  2  -14 

//Reference=MNI 
//nullstudy_94
//Subjects=30
-34  -10  4 
-24  6  -22 

//Reference=MNI 
//nullstudy_95
//Subjects=29
20  50  -2 
-22  -8  -6 
-46  26  6 
-44  -8  -36 
-64  -16  22 
40  36  34 

//Reference=MNI 
//nullstudy_96
//Subjects=30
14  60  6 
-40  -24  -26 

//Reference=MNI 
//nullstudy_97
//Subjects=30
-26  -10  -48 
-20  -78  -28 
-16  -46  70 
-12  -70  46 
46  12  -8 
12  34  28 
-62  -20  -6 
-24  32  -24 
12  24  -4 
-54  16  -20 

//Reference=MNI 
//nullstudy_98
//Subjects=31
-48  -76  -12 
44  8  12 
20  26  46 
-22  -66  16 
-16  -78  -38 
-22  -38  76 
-50  2  46 
0  12  0 
-28  -60  42 
-36  -68  -50 

//Reference=MNI 
//nullstudy_99
//Subjects=29
-42  -60  -28 
-58  -56  -14 
24  20  -40 
8  40  -14 
-64  -2  -16 
24  20  60 

//Reference=MNI 
//nullstudy_100
//Subjects=31
-18  8  -16 
-18  -84  6 
12  12  68 

