//Reference=MNI 
//truestudy_1
//Subjects=19
45  -65  -4 
48  -68  -8 

//Reference=MNI 
//truestudy_2
//Subjects=19
46  -65  -4 
47  -65  -7 
47  -64  -5 

//Reference=MNI 
//truestudy_3
//Subjects=19
44  -66  -8 
47  -66  -6 
46  -66  -4 
45  -65  -8 

//Reference=MNI 
//nullstudy_1
//Subjects=19
-2  -14  -8 
16  6  60 

//Reference=MNI 
//nullstudy_2
//Subjects=19
-44  -80  -4 
26  40  28 
-4  -24  24 

//Reference=MNI 
//nullstudy_3
//Subjects=19
-12  -6  -36 
8  4  36 
-6  -56  68 
10  26  -14 

//Reference=MNI 
//nullstudy_4
//Subjects=19
56  12  20 
-50  -14  18 
-48  -4  2 

//Reference=MNI 
//nullstudy_5
//Subjects=20
-26  4  54 
-14  -66  10 
-22  -84  -48 
-16  -24  -36 
-48  26  38 
-60  2  16 

//Reference=MNI 
//nullstudy_6
//Subjects=20
-58  -8  34 
-30  -82  -42 
-30  -54  -16 
-22  16  0 
-4  -68  24 
-66  -48  16 

//Reference=MNI 
//nullstudy_7
//Subjects=21
-20  32  58 
-16  62  16 
-44  -20  44 
48  20  40 
-4  8  74 
-32  -58  36 
-36  -18  -6 
-52  8  -30 
34  10  -38 
-54  10  -8 
18  42  40 
18  32  -28 

//Reference=MNI 
//nullstudy_8
//Subjects=21
-50  -14  50 
-60  -22  30 
-42  8  58 
18  18  2 
-52  24  0 
54  20  -18 
-12  62  34 
-40  18  50 
26  6  -14 
38  34  20 
-30  -44  -26 
-52  6  -6 
-18  44  -16 
-66  -40  14 
-44  -80  -4 
-14  -82  22 
-30  30  -4 
-10  -42  38 
-2  56  18 

//Reference=MNI 
//nullstudy_9
//Subjects=20
-20  -72  -24 
20  58  -14 
-34  -18  -38 
-54  -74  4 
-6  30  60 
-42  -28  58 

//Reference=MNI 
//nullstudy_10
//Subjects=20
2  38  28 
-62  -58  20 
-20  -46  18 
-2  52  10 

//Reference=MNI 
//nullstudy_11
//Subjects=18
-8  -24  50 
-24  -2  -16 

//Reference=MNI 
//nullstudy_12
//Subjects=22
-58  -20  4 
4  4  64 
-12  -92  -18 
-10  2  70 
4  60  -24 
36  48  -10 
-42  10  22 
42  14  -40 
-6  -8  4 
8  36  30 
-34  -32  -6 
12  4  58 
32  50  16 
-8  -34  58 
-38  -24  12 
6  56  8 
-18  -70  -50 

//Reference=MNI 
//nullstudy_13
//Subjects=20
0  42  8 
48  26  30 
-38  56  -12 
-56  -70  22 

//Reference=MNI 
//nullstudy_14
//Subjects=20
28  12  58 
-2  -4  66 
0  32  2 
2  50  -26 
38  48  12 
26  34  36 

//Reference=MNI 
//nullstudy_15
//Subjects=20
-30  -60  36 
-36  -84  8 
-4  16  -2 

//Reference=MNI 
//nullstudy_16
//Subjects=20
-28  -54  -62 
-42  -6  -18 
-28  38  -8 
28  22  -28 
-46  42  14 

//Reference=MNI 
//nullstudy_17
//Subjects=20
0  28  -24 
2  40  56 
56  20  32 
-12  46  26 
-52  -8  -10 

//Reference=MNI 
//nullstudy_18
//Subjects=19
18  32  42 
-12  -56  -28 

//Reference=MNI 
//nullstudy_19
//Subjects=21
58  2  2 
-48  -14  -4 
-58  16  18 
-30  22  60 
58  22  2 
-14  -30  72 
48  18  2 
-46  42  -18 
8  34  18 
-10  50  -18 
-8  -20  -36 
-38  -56  -6 
-34  28  -24 
-28  40  -12 
-28  46  4 
10  24  -2 
-20  8  -6 
-6  -10  76 
40  10  -16 
-20  22  -20 
16  26  12 

//Reference=MNI 
//nullstudy_20
//Subjects=19
46  40  -12 
-10  56  36 

//Reference=MNI 
//nullstudy_21
//Subjects=22
-26  -26  62 
-4  -80  -42 
-12  4  -18 
34  60  6 
-10  -24  -22 
-56  -18  -28 
48  36  18 
60  14  24 
38  24  30 
-20  -24  -18 
30  50  10 
-12  58  8 
12  2  -18 
44  22  32 
-30  -74  -26 

//Reference=MNI 
//nullstudy_22
//Subjects=19
-22  -98  20 
40  46  12 

//Reference=MNI 
//nullstudy_23
//Subjects=21
42  4  44 
-28  -12  52 
-8  -66  -20 
14  20  40 
-12  62  -4 
4  54  -26 
-16  -64  -4 
-42  6  56 
-22  -48  52 
-48  10  36 
-12  -92  6 
-12  -34  -6 
12  10  -14 
-54  -14  -38 
-34  42  0 
-36  -80  -14 
28  6  66 
58  28  -2 
-8  -48  -38 
-44  6  44 
-46  -54  10 
-22  -64  -42 
-28  -76  -22 
-24  22  -20 
-60  2  0 
-28  -44  -12 
10  6  -14 
-56  -2  -12 
-22  -36  0 
-48  38  -12 
-48  -50  28 
-12  14  6 
-6  -36  6 
-16  -44  -10 
-38  -72  -36 
6  36  22 
-22  4  54 
-48  8  -16 
-10  52  -8 
-18  48  44 
4  64  16 
-10  -2  26 
-14  20  -24 
-36  6  -42 
-40  -24  50 
-42  28  40 
-36  -34  38 
-10  -70  0 
-30  -58  8 
-32  -38  -12 

//Reference=MNI 
//nullstudy_24
//Subjects=18
-24  -86  28 
-6  36  60 

//Reference=MNI 
//nullstudy_25
//Subjects=20
-4  -56  20 
-10  -56  -60 
46  38  -10 
42  28  4 

//Reference=MNI 
//nullstudy_26
//Subjects=19
-54  16  4 
-30  -66  -26 

//Reference=MNI 
//nullstudy_27
//Subjects=18
-32  -44  -4 
-8  -2  16 

//Reference=MNI 
//nullstudy_28
//Subjects=21
-2  2  0 
-14  -70  36 
-30  -36  -40 
-30  26  40 
-24  -50  60 
-36  -54  -26 
-24  24  38 
-66  -30  -6 
-14  -76  0 

//Reference=MNI 
//nullstudy_29
//Subjects=19
58  14  -18 
-30  -56  -4 

//Reference=MNI 
//nullstudy_30
//Subjects=18
-28  -38  50 
40  32  34 

//Reference=MNI 
//nullstudy_31
//Subjects=18
-32  6  58 
-34  30  16 

//Reference=MNI 
//nullstudy_32
//Subjects=20
-8  8  64 
24  4  -10 
-6  8  0 

//Reference=MNI 
//nullstudy_33
//Subjects=17
30  8  42 
48  28  36 
-42  -46  14 
-34  46  6 
4  70  14 

//Reference=MNI 
//nullstudy_34
//Subjects=20
10  20  -12 
-16  -48  -2 

//Reference=MNI 
//nullstudy_35
//Subjects=21
-16  -24  36 
22  16  -20 
-38  -4  -48 
-22  -30  8 
-10  -88  14 

//Reference=MNI 
//nullstudy_36
//Subjects=21
-30  -40  60 
-68  -12  14 
-44  -52  -32 
-8  -78  36 
-58  -56  20 
-54  -54  22 
-36  -84  -12 
-4  -70  -40 

//Reference=MNI 
//nullstudy_37
//Subjects=22
30  2  44 
-56  -28  -20 
-2  -98  10 
-16  -74  -54 
40  38  38 
-36  -62  -10 
-26  50  -6 
-64  -24  14 

//Reference=MNI 
//nullstudy_38
//Subjects=18
16  44  10 
-4  -24  -46 
-14  -88  34 
-64  -30  28 
-6  42  34 
-8  -48  52 
48  10  24 
-36  -90  4 
-50  30  -4 
-38  34  28 
-36  26  34 
-20  -80  -44 

//Reference=MNI 
//nullstudy_39
//Subjects=21
-56  -56  24 
-20  34  44 

//Reference=MNI 
//nullstudy_40
//Subjects=21
-20  -12  70 
48  14  -38 
-46  -62  -30 
56  26  0 
-34  42  18 
32  22  -38 
-26  -20  -10 
14  14  34 
-32  56  20 
-58  -42  10 
-58  -50  6 
52  30  0 
-4  -74  20 
-20  -62  -50 
-30  40  34 
-28  -72  -30 
38  32  34 

//Reference=MNI 
//nullstudy_41
//Subjects=20
46  26  -8 
-24  -26  68 
48  24  -14 
-34  -32  -26 
-26  -28  -16 
-22  -76  52 
-12  -82  18 
-42  -2  -30 
-42  -52  50 
-16  -80  -8 
-38  -86  -8 

//Reference=MNI 
//nullstudy_42
//Subjects=21
34  10  44 
-20  -42  -2 
34  50  30 
-58  2  22 
-42  -4  44 
-12  -34  -14 
-16  -36  -48 
-4  38  4 

//Reference=MNI 
//nullstudy_43
//Subjects=20
56  2  40 
-54  -50  32 
0  8  74 
-38  -36  8 
-22  -6  -28 
12  24  -24 
12  60  38 
-30  4  34 
-48  28  -12 
-12  -66  -8 
52  28  18 
-4  -96  18 
-20  60  -18 
-28  -58  -4 

//Reference=MNI 
//nullstudy_44
//Subjects=19
-44  -6  58 
-8  58  -22 
0  36  10 
-54  -48  6 
58  10  -18 
42  28  -22 

//Reference=MNI 
//nullstudy_45
//Subjects=20
-48  -76  12 
-50  -50  54 
-10  -6  8 

//Reference=MNI 
//nullstudy_46
//Subjects=20
-14  70  16 
-8  -94  -26 
-28  -56  -52 
-6  -76  16 
64  4  2 
-10  -14  -12 

//Reference=MNI 
//nullstudy_47
//Subjects=19
-4  -10  52 
-2  38  58 
-34  -16  50 
-10  -30  -2 
-8  -44  28 
-10  56  16 

//Reference=MNI 
//nullstudy_48
//Subjects=20
-14  52  6 
-8  -20  -6 
-22  -46  -50 

//Reference=MNI 
//nullstudy_49
//Subjects=21
-22  -52  48 
-4  48  52 
-12  20  -30 
-8  -24  -42 
62  2  20 
-6  56  -26 
-8  -28  2 
26  36  26 

//Reference=MNI 
//nullstudy_50
//Subjects=20
-8  -60  -16 
-34  22  10 
-2  32  -16 
-6  -48  -4 
-28  -58  -16 
-44  -70  -34 
10  16  -12 
-42  -70  -18 
26  50  10 
-6  2  -20 

//Reference=MNI 
//nullstudy_51
//Subjects=20
-40  -86  -16 
14  12  66 
10  14  32 
-10  -52  60 
16  58  14 
-24  -92  10 
-4  -42  -8 
-12  -86  -38 
10  26  22 

//Reference=MNI 
//nullstudy_52
//Subjects=18
20  4  2 
-6  -70  -50 
-30  -66  -58 
-46  46  -2 
-56  -4  34 
-40  56  2 
-60  -12  10 

//Reference=MNI 
//nullstudy_53
//Subjects=21
-54  -54  12 
-2  -8  34 
-12  -56  -12 

//Reference=MNI 
//nullstudy_54
//Subjects=20
-54  -20  30 
-22  -56  -20 
-38  -22  44 
-12  42  -24 
32  12  14 
10  4  22 
-14  -48  -30 
-6  -68  -2 

//Reference=MNI 
//nullstudy_55
//Subjects=20
-34  50  -18 
12  22  -28 
-20  32  58 

//Reference=MNI 
//nullstudy_56
//Subjects=19
-2  -50  68 
-38  -12  -10 
48  32  26 
-52  -24  -8 

//Reference=MNI 
//nullstudy_57
//Subjects=22
26  26  -24 
-26  -48  -58 
6  32  -32 

//Reference=MNI 
//nullstudy_58
//Subjects=20
-32  14  2 
-6  -56  -2 
-34  -88  -12 
20  54  20 
-30  -82  -38 
62  12  -4 
-52  -24  -10 
6  6  8 
-26  -14  -10 
-18  -16  -36 
-24  30  34 
-36  -86  24 
-28  -64  -52 
-50  -70  30 
-8  -100  -2 
-50  -10  -32 
-40  -76  26 
-28  -70  52 
-28  -44  -28 
-22  -18  -30 
-12  -22  76 

//Reference=MNI 
//nullstudy_59
//Subjects=21
-14  -42  44 
2  58  -2 
-8  28  26 
-38  24  20 
-26  12  6 
-20  -36  10 
-2  62  -2 
34  4  62 
-22  28  50 
-40  -42  66 
-42  -26  24 

//Reference=MNI 
//nullstudy_60
//Subjects=20
52  38  22 
-34  -38  60 
-44  -58  12 
-42  -74  -28 
46  52  -4 
-56  10  28 
-26  -74  -44 
34  26  -32 

//Reference=MNI 
//nullstudy_61
//Subjects=20
-62  -40  -16 
-50  -50  -48 
-16  -28  20 

//Reference=MNI 
//nullstudy_62
//Subjects=19
-20  -70  24 
16  60  0 
-12  -10  52 
-54  -4  20 
-24  4  4 
-26  50  -12 
-34  -72  -56 
-4  18  24 

//Reference=MNI 
//nullstudy_63
//Subjects=20
-14  -54  28 
48  16  8 

//Reference=MNI 
//nullstudy_64
//Subjects=21
-42  38  36 
-42  -16  2 
-26  42  16 
18  62  -6 
-46  24  -2 

//Reference=MNI 
//nullstudy_65
//Subjects=21
-16  -36  48 
-8  10  -14 
60  16  6 
-34  -8  -48 
-36  20  30 
-18  -34  -8 
12  54  14 
6  4  -24 

//Reference=MNI 
//nullstudy_66
//Subjects=21
14  64  28 
-36  14  22 
-28  -30  14 
-26  -42  -54 
-26  26  42 
-20  -28  -34 
-16  8  24 
-24  26  44 
-12  -80  0 
-34  -34  -16 
-26  22  44 
-56  -2  20 
-12  -52  16 
26  8  -10 
-52  -24  -2 
-34  -50  34 
20  54  4 
-42  8  10 
-18  -52  54 
-30  -34  62 
-32  30  38 
-12  44  -18 

//Reference=MNI 
//nullstudy_67
//Subjects=22
-36  40  40 
-44  -28  44 
-32  14  12 
-22  -14  -10 
-44  32  0 
-42  -2  60 
-42  -66  50 
-12  62  10 
-12  14  12 
-12  -70  -14 
-66  -16  -26 
-62  -54  -6 
-24  -60  -32 
-38  20  42 
-16  -74  46 
-24  -46  -8 
-48  -80  -18 
-18  -66  26 
4  40  20 
56  2  34 
-10  -66  52 
-4  68  2 
-66  -48  14 
12  58  34 
34  16  30 
-10  -78  4 
0  4  32 
46  30  14 
0  8  28 
-22  -80  -14 
-8  -68  10 
-38  -86  32 
22  24  -24 
-12  18  30 
-8  -16  -8 
-6  -72  62 
2  4  58 
-34  -4  66 
-4  -52  4 
-50  18  42 
-14  -26  -28 
-26  -70  4 
-42  -68  -30 
-8  -2  68 
-8  -14  0 
0  48  -22 
6  4  20 
10  6  60 
-18  6  64 
-46  8  -6 
-2  -44  40 
-42  24  26 
-6  -54  38 
52  6  10 
30  14  -10 
38  2  56 
-8  -18  46 
-24  0  52 
-8  42  -26 
4  46  8 
-10  -28  40 
-56  -4  32 

//Reference=MNI 
//nullstudy_68
//Subjects=20
44  30  -6 
-18  -74  -22 
-4  58  0 
-36  -26  14 
-12  -70  -8 
-22  -74  -2 
-30  -38  -30 
-2  -88  -12 
-62  -4  6 
-64  -36  18 
-40  34  30 
-18  -40  54 

//Reference=MNI 
//nullstudy_69
//Subjects=20
38  2  40 
-48  -70  -14 
-30  34  16 
-2  50  -4 
-60  -14  4 

//Reference=MNI 
//nullstudy_70
//Subjects=20
-36  -74  36 
-58  4  30 
-50  -56  -48 
-4  14  6 
38  24  24 
-34  54  -2 
-50  -36  52 
-10  -16  -10 
-38  -14  -20 

//Reference=MNI 
//nullstudy_71
//Subjects=20
-44  4  26 
-42  -30  -20 
-22  -74  20 
-12  22  -14 
0  56  -12 
-60  -34  24 
-54  -76  -2 
-40  -54  40 
-38  -72  -30 

//Reference=MNI 
//nullstudy_72
//Subjects=20
12  52  20 
-50  28  -2 
-2  40  42 
34  8  0 

//Reference=MNI 
//nullstudy_73
//Subjects=20
-34  52  18 
-56  -22  2 
-50  10  36 
4  44  26 
-34  -40  -54 
-6  -52  0 

//Reference=MNI 
//nullstudy_74
//Subjects=19
-48  -22  62 
50  24  14 
26  16  40 
34  16  8 
32  4  -24 
-8  -16  74 
48  4  -14 

//Reference=MNI 
//nullstudy_75
//Subjects=20
-28  60  -4 
-28  -62  -54 

//Reference=MNI 
//nullstudy_76
//Subjects=20
-46  -76  -28 
-12  -62  18 
-40  -58  30 
-52  -62  48 
-30  -78  -52 
-10  -54  -30 
-14  -28  -10 
-6  -38  -48 

//Reference=MNI 
//nullstudy_77
//Subjects=20
44  12  54 
-4  -78  -8 
42  44  -16 
-28  -54  50 
-14  -46  -58 
-12  -24  -32 

//Reference=MNI 
//nullstudy_78
//Subjects=20
46  20  0 
-14  -78  -22 
-38  56  14 

//Reference=MNI 
//nullstudy_79
//Subjects=20
22  16  -40 
-36  -16  -32 
-46  14  10 
40  34  -6 

//Reference=MNI 
//nullstudy_80
//Subjects=23
-40  46  0 
-34  -58  -6 
-40  -24  -30 
36  16  -8 

//Reference=MNI 
//nullstudy_81
//Subjects=20
-60  -12  -36 
-40  -62  6 
24  40  36 
0  4  -28 
-10  -56  24 
36  46  36 
-30  -80  6 
30  34  -20 
-22  -20  -22 
-12  -18  44 
-4  4  0 
-16  26  50 
-28  -44  -6 
-46  32  -4 
-18  -38  20 
-20  -24  -20 
-10  -16  58 
-30  -82  -50 
-56  8  2 
16  64  6 
-50  26  14 

//Reference=MNI 
//nullstudy_82
//Subjects=20
-62  -22  36 
-22  -94  10 
-10  68  0 

//Reference=MNI 
//nullstudy_83
//Subjects=19
-34  -28  -28 
12  24  2 
14  42  22 
-30  -8  6 
36  12  52 
-42  20  -30 
-34  -74  -6 
46  30  14 

//Reference=MNI 
//nullstudy_84
//Subjects=19
-24  24  -2 
26  46  22 
-6  -6  -8 

//Reference=MNI 
//nullstudy_85
//Subjects=19
-18  14  -12 
44  10  -24 

//Reference=MNI 
//nullstudy_86
//Subjects=21
-10  -64  22 
-14  44  32 
-26  16  48 

//Reference=MNI 
//nullstudy_87
//Subjects=20
-54  -58  -34 
-20  -88  -2 
-22  26  -22 
-2  -14  -12 
-20  -56  -12 
56  26  28 
46  28  8 
46  34  24 
-14  64  10 
-12  -20  4 
-2  -86  -18 
-4  -32  -30 
-8  46  16 
26  4  70 

//Reference=MNI 
//nullstudy_88
//Subjects=20
2  62  34 
-2  -72  52 
-60  -42  48 

//Reference=MNI 
//nullstudy_89
//Subjects=22
-64  -8  -26 
50  2  36 
26  54  -12 
-52  -74  -4 
-58  -18  18 
8  46  26 

//Reference=MNI 
//nullstudy_90
//Subjects=22
60  6  16 
30  6  -40 
-54  -56  22 
-52  -38  -4 
-22  14  48 
-6  -56  64 
-34  -80  8 
14  70  6 
-32  -10  50 
-64  -58  4 
60  4  -32 
-10  -58  -38 
-46  -24  16 
-10  0  54 
-6  -44  -52 
-26  -70  -36 
-12  -60  24 
-46  14  40 
-2  -10  -32 
-6  -48  -6 
-40  -12  36 
-50  -46  18 
18  2  70 
24  24  50 
-10  44  -14 
-54  6  -10 
-20  -70  -46 
-4  -28  -34 
-26  -12  6 

//Reference=MNI 
//nullstudy_91
//Subjects=20
-42  8  -2 
-50  -32  60 
-38  16  20 
-32  -86  -6 
-42  -70  12 
-24  -52  -8 
-28  -26  74 
-60  -42  -26 
-8  28  -24 
-14  -30  76 
-16  -54  14 
44  18  52 
-52  28  -2 
16  16  -28 
-22  -2  -50 
10  44  6 

//Reference=MNI 
//nullstudy_92
//Subjects=19
-50  -4  -40 
-62  -30  14 
-48  -12  8 
22  26  54 
18  52  16 

//Reference=MNI 
//nullstudy_93
//Subjects=20
48  12  8 
-60  -44  26 

//Reference=MNI 
//nullstudy_94
//Subjects=20
44  48  2 
-34  4  2 
-26  -70  8 

//Reference=MNI 
//nullstudy_95
//Subjects=20
-36  56  -14 
6  46  -10 
-54  -18  2 
-4  -62  -22 
-38  -18  -26 
44  6  20 

//Reference=MNI 
//nullstudy_96
//Subjects=21
-14  -64  -24 
24  14  -30 
-28  -10  68 
12  34  14 
52  10  26 
-64  -24  -28 
-56  -66  0 
-14  -68  -34 
-8  -80  -2 
6  18  52 

//Reference=MNI 
//nullstudy_97
//Subjects=20
26  46  -8 
-10  -54  -42 
-42  -56  10 
-46  -30  18 
-14  -18  -22 
-6  -54  -42 
-60  -20  -24 
-28  20  34 
-54  -50  -24 
-6  -12  72 
-6  10  58 
44  26  48 
14  54  -10 
8  12  52 
-60  -64  6 
36  16  52 
52  18  -14 

//Reference=MNI 
//nullstudy_98
//Subjects=20
-64  -16  -20 
20  66  12 
-22  -64  -60 
-26  -78  34 
-16  6  -14 
-34  -52  -24 

//Reference=MNI 
//nullstudy_99
//Subjects=21
46  16  -38 
38  12  -24 
14  68  6 
-10  36  52 
28  6  -38 

//Reference=MNI 
//nullstudy_100
//Subjects=21
8  6  8 
-34  -62  48 
-18  -96  -8 
-34  -38  52 
-30  -24  12 
-22  -4  66 
-58  -12  20 
34  50  -18 
58  32  16 
30  38  20 

