//Reference=MNI 
//truestudy_1
//Subjects=21
45  -65  -6 
46  -67  -5 
46  -68  -5 
46  -66  -5 
45  -65  -5 
46  -66  -5 
46  -65  -7 
45  -66  -6 
45  -65  -5 
46  -66  -8 

//Reference=MNI 
//truestudy_2
//Subjects=20
46  -65  -7 
45  -66  -6 
47  -64  -6 
46  -65  -7 
45  -66  -8 
45  -66  -7 
48  -64  -6 
47  -67  -6 
45  -66  -5 

//Reference=MNI 
//truestudy_3
//Subjects=19
46  -66  -5 
46  -66  -7 
47  -66  -6 
46  -67  -6 

//Reference=MNI 
//nullstudy_1
//Subjects=21
-30  -66  -36 
-48  -8  0 
14  60  2 
-34  24  10 
-62  -44  -20 
-10  36  6 
40  36  20 
34  6  -32 
-54  -32  -6 
-64  -6  10 

//Reference=MNI 
//nullstudy_2
//Subjects=20
58  2  12 
-42  24  -10 
32  36  32 
50  2  0 
-26  -66  -18 
-42  -78  -34 
-28  -44  62 
32  24  60 
-46  -62  -6 

//Reference=MNI 
//nullstudy_3
//Subjects=19
24  64  14 
-42  28  16 
-44  14  54 
50  46  12 

//Reference=MNI 
//nullstudy_4
//Subjects=22
-2  -14  38 
-12  -16  76 
-24  -78  24 
-6  38  -6 
22  40  52 
-54  -40  -18 
12  6  22 
-20  28  -16 
-8  10  -2 
-18  36  -16 
-26  -30  70 
-10  68  20 
-20  -10  -14 
46  28  0 
10  42  28 
-22  -16  60 
-46  24  6 
-10  16  60 
-34  -54  -30 
-8  -24  22 
48  38  20 
-14  -86  -2 
-24  -92  -10 
-8  -64  -54 
-24  22  -10 
-58  -22  -16 

//Reference=MNI 
//nullstudy_5
//Subjects=20
-8  -82  -40 
-38  -20  40 
-6  -22  18 
-28  -96  2 
-42  -80  2 
56  30  10 
-34  20  -42 
-32  40  14 
-34  -10  46 
-14  -16  46 
28  28  -24 
38  40  6 
-36  2  56 
-62  -24  -4 

//Reference=MNI 
//nullstudy_6
//Subjects=19
-4  -80  -36 
54  6  8 

//Reference=MNI 
//nullstudy_7
//Subjects=20
-12  -50  -20 
32  44  -8 
-22  -56  -24 
-10  -28  62 

//Reference=MNI 
//nullstudy_8
//Subjects=18
-24  -92  4 
-8  12  38 
-28  -42  64 

//Reference=MNI 
//nullstudy_9
//Subjects=21
-4  -54  -42 
12  48  16 
18  36  48 
30  34  -20 
-28  -82  46 
-18  8  -12 
-68  -14  20 
-40  -30  44 
-26  -68  -52 
-2  -20  58 
-6  -46  -60 
-34  30  4 
-26  -2  -16 
-52  -30  -4 
-8  38  18 
-32  34  -16 
-28  -74  -52 
14  18  -30 
-20  -68  28 
-14  -60  -42 

//Reference=MNI 
//nullstudy_10
//Subjects=20
-44  50  -16 
-38  -24  16 
-26  -62  36 
58  4  44 
-48  -24  42 
-2  -30  -2 

//Reference=MNI 
//nullstudy_11
//Subjects=20
-4  -40  -56 
-26  -66  -38 
-30  -2  42 
-50  -52  -48 

//Reference=MNI 
//nullstudy_12
//Subjects=18
-18  -12  -28 
-50  -18  28 

//Reference=MNI 
//nullstudy_13
//Subjects=22
-30  8  -42 
-54  -66  34 
-12  -84  -12 
-2  -20  48 
-32  -64  -38 
-4  -54  60 
-50  18  -4 
24  48  18 
-28  2  -4 
-8  10  10 
-4  -44  12 
38  50  22 
16  72  8 
26  30  36 
10  54  -24 
56  2  48 
-34  -12  10 
-8  -48  -38 

//Reference=MNI 
//nullstudy_14
//Subjects=19
-48  -64  28 
-8  -54  -42 

//Reference=MNI 
//nullstudy_15
//Subjects=19
-48  -54  -34 
-24  -8  8 
-8  54  36 

//Reference=MNI 
//nullstudy_16
//Subjects=19
-42  -6  2 
60  12  36 
-32  -86  4 

//Reference=MNI 
//nullstudy_17
//Subjects=21
-42  24  -14 
-22  66  8 
-28  24  8 
48  4  4 
4  50  22 
-14  -26  6 
-44  -50  -50 
-4  -8  -8 
32  16  42 
-4  -2  -14 
-50  -72  34 
34  52  24 
-8  60  -10 
-60  -18  -24 
-10  -66  -28 
-36  -4  48 
30  40  -16 
24  4  -22 
-12  18  -24 
-20  -58  42 
-4  -82  -20 
-30  14  -38 
-26  -86  2 
-12  -54  -26 
-22  -74  -58 
60  14  12 
-16  18  6 
-8  -28  40 
30  38  40 
-50  20  44 

//Reference=MNI 
//nullstudy_18
//Subjects=20
-16  -92  4 
-6  -74  42 
-12  -36  -46 
-24  -28  -16 
-18  -30  74 
-32  -78  44 
-6  -14  64 
-34  -40  42 
44  16  -18 
40  14  26 
-2  -14  -18 
36  32  50 
18  58  12 
-38  -22  40 
-12  64  28 
-16  -72  -32 

//Reference=MNI 
//nullstudy_19
//Subjects=20
12  2  -10 
-10  -90  36 
-38  -70  -44 
28  4  -36 
40  12  46 
-30  -66  -18 
0  2  30 
-6  -28  68 

//Reference=MNI 
//nullstudy_20
//Subjects=21
-12  -86  -42 
-64  -30  -18 
-4  -28  14 
-16  4  22 
-28  -64  -24 
-54  4  -32 
64  4  32 
-50  -46  -16 
-40  -82  -34 
-34  -34  -40 
-40  -24  -18 
-44  -36  56 
-38  -68  -2 
28  2  2 
-46  -36  48 
-44  14  32 
-50  -10  38 
56  28  2 
-4  -24  68 
-36  4  2 
-8  -90  -24 
-14  16  -20 
2  8  -18 

//Reference=MNI 
//nullstudy_21
//Subjects=19
10  36  56 
-46  6  24 

//Reference=MNI 
//nullstudy_22
//Subjects=21
-18  -70  -40 
-24  -58  48 
30  4  -24 
-4  -38  4 
-10  -68  -48 
-28  -18  -14 
-12  -22  -26 
-12  -24  -20 
2  38  28 
-34  6  44 
-18  -104  -10 
-34  26  16 
26  52  32 
-20  -18  62 
-42  0  -42 

//Reference=MNI 
//nullstudy_23
//Subjects=18
26  2  70 
-16  -78  -8 

//Reference=MNI 
//nullstudy_24
//Subjects=20
6  12  50 
16  4  -34 
-28  -60  -14 

//Reference=MNI 
//nullstudy_25
//Subjects=19
12  52  4 
-50  -52  -4 

//Reference=MNI 
//nullstudy_26
//Subjects=18
-2  -94  -12 
-46  -60  -26 

//Reference=MNI 
//nullstudy_27
//Subjects=19
8  64  12 
-18  -12  68 

//Reference=MNI 
//nullstudy_28
//Subjects=20
-42  -46  -42 
10  24  46 
-32  -68  -48 

//Reference=MNI 
//nullstudy_29
//Subjects=21
-12  -50  -6 
-6  44  -8 
-2  -12  68 
-12  -70  12 
0  54  -20 
-4  -82  -48 
-44  -38  -24 
-10  -48  -62 
44  52  4 

//Reference=MNI 
//nullstudy_30
//Subjects=22
16  52  -20 
-14  54  -24 
14  10  -4 
28  10  -22 
-34  -86  30 
-38  40  -2 
-52  -52  8 
42  34  16 
-6  -8  -32 
-2  54  -28 
-26  42  -14 
-32  54  24 
38  24  -12 
-32  -2  -18 

//Reference=MNI 
//nullstudy_31
//Subjects=19
-38  60  -10 
0  16  26 

//Reference=MNI 
//nullstudy_32
//Subjects=21
-10  -84  44 
-32  -80  -48 
-32  8  50 
-18  -56  -46 
-14  -84  -14 
-14  -66  -28 
-62  -18  24 

//Reference=MNI 
//nullstudy_33
//Subjects=20
-58  -16  -6 
-38  -52  48 
-32  -48  4 
-60  -44  14 
-54  -34  36 

//Reference=MNI 
//nullstudy_34
//Subjects=19
14  30  54 
-36  22  46 
-34  -36  22 
-50  -8  -32 

//Reference=MNI 
//nullstudy_35
//Subjects=20
-30  -52  2 
-6  54  -24 
-28  46  26 
-30  8  -48 
-4  28  12 
-22  -68  16 

//Reference=MNI 
//nullstudy_36
//Subjects=21
50  16  44 
-32  -32  18 
-42  -42  -20 
-2  -8  -2 
32  20  42 
50  44  12 
-18  -92  24 
-54  -16  44 
12  64  -18 

//Reference=MNI 
//nullstudy_37
//Subjects=19
-16  -82  46 
-38  -18  14 
-26  12  6 

//Reference=MNI 
//nullstudy_38
//Subjects=20
-12  50  26 
-52  -24  42 
-30  22  50 
2  48  -16 

//Reference=MNI 
//nullstudy_39
//Subjects=20
-36  -38  22 
-34  52  24 
-2  48  24 
-50  -74  -28 
-48  -80  10 
-40  -58  34 
-38  -22  -18 

//Reference=MNI 
//nullstudy_40
//Subjects=20
8  34  42 
-12  -62  50 
-6  52  44 
-26  0  66 
34  34  14 

//Reference=MNI 
//nullstudy_41
//Subjects=19
-22  12  2 
-28  2  -14 

//Reference=MNI 
//nullstudy_42
//Subjects=19
-62  -42  34 
-26  -40  -24 
24  2  4 

//Reference=MNI 
//nullstudy_43
//Subjects=19
-12  -68  -42 
-8  50  18 

//Reference=MNI 
//nullstudy_44
//Subjects=21
48  36  10 
-20  -22  4 
-48  -72  -24 
-32  -6  52 
-40  -12  60 
22  4  -10 
-12  4  52 
-20  -12  56 
-44  -16  -12 
-30  -68  58 
-26  -6  -28 
28  4  -42 

//Reference=MNI 
//nullstudy_45
//Subjects=20
-62  -58  28 
-56  -50  -32 
-14  40  -12 
-12  -20  62 
-10  -8  -26 

//Reference=MNI 
//nullstudy_46
//Subjects=20
-34  -82  -40 
4  48  48 
0  6  60 
-56  -42  -20 

//Reference=MNI 
//nullstudy_47
//Subjects=20
-12  -2  48 
-18  -72  60 
-16  -18  -32 
-54  -44  24 

//Reference=MNI 
//nullstudy_48
//Subjects=20
-70  -22  -10 
-28  -24  -20 
-30  -48  -14 
2  50  8 
6  64  6 
-2  -60  44 
-24  54  36 
-6  48  46 
-56  -46  30 

//Reference=MNI 
//nullstudy_49
//Subjects=20
12  36  50 
14  22  54 
20  10  52 
-12  8  -32 
-10  -76  54 
-42  -46  -50 
-2  -58  8 
-8  24  40 
-10  2  38 
-50  14  6 
-54  -32  0 
-42  10  28 
-8  -26  18 
-6  -58  46 
-8  -36  -54 
-20  -10  74 
38  14  10 
4  30  60 
-4  -84  -44 
-14  -60  -26 
-22  -42  8 
64  4  -16 
-26  -50  -26 
22  26  42 
-34  0  8 
-24  -54  -48 
-36  -18  -32 
-34  0  -40 
-22  18  -4 
48  30  42 
-38  50  8 
-8  -62  36 
-16  -34  6 
34  34  42 
-16  -72  -56 
-18  -30  -32 
-20  -6  -28 
36  50  0 
-28  62  22 
-34  -96  0 
-56  -50  48 
-30  -64  26 

//Reference=MNI 
//nullstudy_50
//Subjects=22
-62  -26  42 
-8  4  40 
-36  48  -14 
20  58  -12 
-52  10  -14 
-8  -86  22 
52  26  -4 
30  14  56 
-46  36  6 
-46  -78  34 
-64  -28  -10 

//Reference=MNI 
//nullstudy_51
//Subjects=21
-10  -52  -40 
48  10  -4 
-30  -82  -42 
-50  2  -14 
-40  -22  2 
24  2  -24 
-18  64  16 

//Reference=MNI 
//nullstudy_52
//Subjects=21
38  50  2 
-8  6  -8 
-36  -44  38 
-8  -30  -46 
-24  -56  -22 
-38  26  -8 
-46  -24  4 
-6  18  2 
-44  4  -48 
-10  -22  -8 
24  10  -10 
-22  4  60 
-16  -50  6 
-36  20  40 
36  8  4 
-10  -84  -42 

//Reference=MNI 
//nullstudy_53
//Subjects=22
-56  30  -4 
-4  -52  42 
-12  46  -14 
-58  -36  -4 
46  48  -12 
-16  -28  8 
2  18  -6 
6  16  10 
-48  -54  28 
-60  -42  -2 
-32  -78  -12 

//Reference=MNI 
//nullstudy_54
//Subjects=21
-6  -16  76 
-22  -10  76 
0  12  60 
34  10  -36 
-34  -30  -28 
-44  -12  -40 
-6  -60  40 
26  26  -4 
-14  -32  -42 
-52  36  6 
-30  -62  8 
-30  -4  -26 
30  16  -24 
-46  14  50 
-26  12  42 
-6  -84  48 
-20  -68  22 
64  8  12 

//Reference=MNI 
//nullstudy_55
//Subjects=21
-34  0  50 
52  4  -34 
-40  0  58 
-6  4  12 
-50  32  32 
-8  -42  -36 
-38  -56  -38 
-42  -54  14 
-54  30  26 
-56  -18  -28 
-18  -70  -32 
-18  40  30 
-20  -72  22 
0  14  -10 
-6  28  44 
-44  26  -4 
-52  -26  -22 
14  60  -22 
-58  -20  10 
-10  -50  64 
56  16  -8 
-32  12  58 
-38  -28  12 
-44  4  18 
6  66  24 
-8  66  4 
56  16  -2 
-52  6  -8 
20  50  28 
-46  -56  -56 
-48  -32  50 
-62  -14  34 
-4  -22  54 

//Reference=MNI 
//nullstudy_56
//Subjects=20
-20  -28  -6 
34  16  10 
6  22  34 
-8  16  -26 
-10  22  -10 
-14  58  24 
-20  -76  50 
-14  -66  50 
-8  -80  -20 
-56  -34  48 
6  22  -6 
40  14  4 
-40  -72  16 
-34  -48  -26 
-46  -16  62 
44  32  44 
-14  32  54 
-34  -68  52 
-14  -62  -56 
-14  -92  -28 
36  52  14 
-64  -6  -24 
-12  -2  42 
-6  -10  -10 
-36  26  42 

//Reference=MNI 
//nullstudy_57
//Subjects=22
50  8  6 
-18  -90  -42 
34  6  50 
14  58  -10 
-32  -8  -48 
-30  -12  -38 
-50  -40  42 
46  2  -6 

//Reference=MNI 
//nullstudy_58
//Subjects=18
-38  18  -36 
-28  36  52 
-52  42  0 
-52  -36  44 
-22  -34  76 

//Reference=MNI 
//nullstudy_59
//Subjects=21
-28  -74  -10 
6  6  -18 
22  4  -18 
-58  -4  0 
18  16  -38 
56  10  -4 
6  14  22 
-14  -38  36 
-30  -74  32 
-20  -102  12 
-4  -44  -4 
-30  -20  4 
-52  -46  -10 

//Reference=MNI 
//nullstudy_60
//Subjects=21
-10  -48  -38 
0  16  -16 

//Reference=MNI 
//nullstudy_61
//Subjects=19
38  30  28 
-42  -62  24 
42  12  -44 
-2  36  -22 
-42  -70  2 
-22  18  38 
-36  -90  -10 
-58  -8  -16 
-2  -88  2 
-6  30  52 

//Reference=MNI 
//nullstudy_62
//Subjects=19
-24  -2  -2 
-28  10  -34 
-6  -14  20 
-34  -46  -40 
-12  -24  -4 
42  26  6 
-12  -64  58 
-36  0  64 
32  38  34 
-56  -38  36 
-46  52  -2 
32  8  2 

//Reference=MNI 
//nullstudy_63
//Subjects=20
-36  -28  54 
-32  -24  46 

//Reference=MNI 
//nullstudy_64
//Subjects=20
-6  28  -12 
48  18  -4 

//Reference=MNI 
//nullstudy_65
//Subjects=19
-58  -6  20 
-64  6  12 
-32  -92  4 
-48  -12  -38 

//Reference=MNI 
//nullstudy_66
//Subjects=21
6  52  16 
-10  -28  10 
-8  -20  50 
-4  -14  34 

//Reference=MNI 
//nullstudy_67
//Subjects=19
-22  10  -4 
-52  -36  50 
-4  30  -24 

//Reference=MNI 
//nullstudy_68
//Subjects=21
-12  -72  42 
16  26  62 
-36  4  4 
-46  -74  -18 
14  58  2 
-14  -80  38 
6  40  20 
14  22  66 

//Reference=MNI 
//nullstudy_69
//Subjects=20
10  46  -8 
50  24  -6 
2  8  2 

//Reference=MNI 
//nullstudy_70
//Subjects=22
-26  12  0 
-8  44  10 
-14  44  -28 
-44  -2  14 
-6  36  -6 
-36  -72  -18 
-60  -64  -2 
-10  40  46 
-16  -74  6 
-60  -2  6 

//Reference=MNI 
//nullstudy_71
//Subjects=19
-10  -70  20 
-4  -86  -4 
-58  -12  30 
-26  60  24 
-30  -64  -18 
2  60  -18 
-28  -84  -18 
-32  -36  50 

//Reference=MNI 
//nullstudy_72
//Subjects=20
-20  -4  -38 
-6  -2  -8 
-10  42  50 
-34  -70  36 
-36  42  0 
-18  -12  -8 
-40  20  30 
-12  -54  -64 
-20  -86  -30 
-62  -34  22 
14  20  2 
-2  6  44 
-40  -32  26 
-2  -50  -32 
-10  -14  -36 
-50  -4  -30 
-60  -50  24 
-46  -14  44 
-4  34  0 

//Reference=MNI 
//nullstudy_73
//Subjects=20
-18  -100  -8 
-42  -54  40 
64  4  -2 

//Reference=MNI 
//nullstudy_74
//Subjects=21
-42  44  -8 
50  12  4 
48  24  36 
-16  -76  38 
52  16  10 
-46  -68  -16 

//Reference=MNI 
//nullstudy_75
//Subjects=20
-24  -92  -18 
-4  4  -26 
-32  -84  38 
-10  38  -26 
-28  -2  -32 
-30  2  -16 
-70  -30  8 

//Reference=MNI 
//nullstudy_76
//Subjects=21
-10  -58  -60 
4  52  8 
-48  -22  0 
36  54  8 
-14  66  0 
-4  -44  -46 
-68  -18  -8 
-18  -86  -2 

//Reference=MNI 
//nullstudy_77
//Subjects=20
-38  2  8 
-42  -22  12 

//Reference=MNI 
//nullstudy_78
//Subjects=20
-30  -36  -50 
26  2  66 
-10  -58  44 
42  38  -22 
36  18  -12 
-44  -14  58 
-28  -92  -26 
-10  -50  -22 

//Reference=MNI 
//nullstudy_79
//Subjects=22
-2  -72  52 
-8  40  36 
-30  -46  58 
40  12  50 
-2  22  -26 
2  44  -6 
-44  -66  -8 

//Reference=MNI 
//nullstudy_80
//Subjects=23
-12  -68  58 
-8  44  32 
16  38  52 
-6  34  52 
20  36  50 
-40  -84  0 
40  40  -18 
-32  -20  -22 
-32  14  12 
-2  -26  38 
-50  34  -4 
44  18  -16 
38  32  -22 
28  56  20 
-12  -78  6 
-20  -84  36 
-8  -74  -54 
2  46  22 
2  2  40 
50  8  22 
-32  -2  -16 
-54  -52  -28 
-42  10  20 
-50  -14  2 
-64  -60  -2 
-2  -74  6 
-6  -8  20 
-58  -32  22 
-6  -42  20 
-8  -90  -20 
-42  -64  -32 
-58  -48  14 
22  58  -6 
-40  8  -46 
-42  -40  14 
-14  12  18 
-44  -62  -56 
-10  -82  16 
-34  -8  -44 
-28  -68  -14 
-6  26  46 
-22  -48  -10 
38  24  -20 
-2  12  72 
-50  -22  16 
30  10  44 
-46  -42  34 
-34  -8  42 
-2  -32  24 
-36  -58  -50 
-2  56  2 
-24  -34  4 
-2  -34  24 
30  64  2 
48  38  18 
-44  -80  -2 
48  32  2 
-2  28  36 
-44  -12  28 
6  18  46 
-46  -64  -28 
28  6  44 
36  24  46 
-50  20  0 
-54  -46  -22 
-34  18  -28 
-46  8  26 

//Reference=MNI 
//nullstudy_81
//Subjects=20
32  8  52 
2  32  -4 
6  32  -32 
50  14  -6 

//Reference=MNI 
//nullstudy_82
//Subjects=20
42  48  10 
-6  -16  20 
-38  -38  -10 
32  6  4 
48  20  -34 
30  26  50 
58  28  10 
-54  -54  12 

//Reference=MNI 
//nullstudy_83
//Subjects=20
-12  6  -12 
-6  -14  54 
-22  -62  -48 
-6  -50  -48 
-20  -36  66 
12  8  -26 
4  28  -20 
-16  18  -24 
-12  0  -8 
8  54  -28 
52  32  -14 
-56  -70  -6 
-38  -56  32 
-8  -42  -40 
-52  -36  4 
-22  -96  4 
-58  -24  18 
22  10  -46 
-4  0  -10 
-22  16  -26 
-28  -22  72 
-52  8  -18 
24  2  -10 
-8  0  54 
-52  -52  8 
20  62  -8 
-18  -82  -32 
-66  -8  12 
-10  -56  -26 
-48  -12  -38 
-32  12  -42 
-8  -80  8 
-34  -38  -44 
-26  36  -24 
-8  -26  -34 
-6  24  -24 
-12  -82  -50 
-38  -24  -16 
-50  -34  46 
-34  -60  -60 
-6  -68  -34 
12  20  40 
-30  -28  -14 
16  54  10 
-58  -4  -18 
2  8  68 
-12  -38  8 
8  36  -16 
-30  -54  -46 
0  18  26 
-48  -28  24 
-14  18  56 
-58  18  24 
-42  34  24 
54  16  -2 
8  38  14 

//Reference=MNI 
//nullstudy_84
//Subjects=19
2  50  -12 
10  22  -24 
-20  -76  -10 

//Reference=MNI 
//nullstudy_85
//Subjects=20
-8  -40  54 
44  44  32 
-52  -14  12 
-28  -38  -40 
-2  -84  -10 
-52  6  12 
-12  32  44 
46  22  18 
-40  -6  -46 
16  34  -18 
-32  0  14 
-20  -64  -12 
-24  -54  -62 
-62  -2  6 
20  50  34 
-4  -88  42 
-22  50  -2 
-18  -58  -60 
-36  22  50 
-2  10  46 
-10  -88  -20 
-18  -14  76 
-4  -32  74 
-36  -22  20 
14  34  16 
-52  -14  -36 
-28  -72  -10 
-6  -10  52 
-32  0  -44 
-42  28  26 
42  6  -16 

//Reference=MNI 
//nullstudy_86
//Subjects=20
48  36  2 
-32  -42  -40 
-60  -16  40 
-32  2  0 
-2  14  -6 
-12  12  -30 
-32  16  10 
-56  -28  48 
-24  -32  8 
-50  -46  54 
-36  -96  -2 
26  4  12 
-48  -6  -36 
-16  -72  54 
-30  -14  -26 
50  44  6 
-6  -14  52 
12  50  36 
-2  -62  -44 
20  16  58 
-12  50  -12 
-22  -82  44 
42  20  4 

//Reference=MNI 
//nullstudy_87
//Subjects=20
-8  28  36 
-52  32  0 
-22  -56  -16 
36  38  42 

//Reference=MNI 
//nullstudy_88
//Subjects=19
-14  2  -32 
36  18  40 
-8  30  26 
-26  -60  -48 
-58  -10  -22 
38  46  -10 
-2  -62  -30 

//Reference=MNI 
//nullstudy_89
//Subjects=21
-62  -30  46 
-32  50  22 
-2  -96  0 
0  10  26 
18  54  -2 
-38  -72  30 

//Reference=MNI 
//nullstudy_90
//Subjects=21
-28  -44  -56 
-6  -22  8 
-44  -12  30 

//Reference=MNI 
//nullstudy_91
//Subjects=20
-14  -78  56 
-44  36  30 
-56  -20  -2 
34  32  18 
-36  -22  4 
-32  14  58 
-54  -32  -10 

//Reference=MNI 
//nullstudy_92
//Subjects=20
-40  -14  -10 
2  38  -26 
44  20  -20 
46  10  -4 
-4  -24  34 
-26  -34  60 
-36  -44  -22 
-42  28  32 

//Reference=MNI 
//nullstudy_93
//Subjects=22
-42  52  0 
-26  -72  -50 
-8  36  28 
-46  6  6 

//Reference=MNI 
//nullstudy_94
//Subjects=17
0  44  2 
60  12  0 
-2  -68  -6 
-22  -76  48 

//Reference=MNI 
//nullstudy_95
//Subjects=20
-34  -36  36 
-12  36  30 
-36  -78  -50 
-38  -36  62 
-12  -56  30 
-28  -32  -40 
-8  -16  78 
-54  0  16 

//Reference=MNI 
//nullstudy_96
//Subjects=21
-48  -18  46 
-16  -96  -4 
-28  -18  64 
-38  -42  42 
-12  -2  -12 
-4  -6  36 
-10  2  14 
-16  10  12 
-36  -38  -32 
-50  24  38 
-58  -50  26 
36  30  16 
-32  -34  60 
-60  -20  34 
-48  -4  54 
-44  -28  26 
-18  -72  -52 
-42  -70  -26 
-10  -72  -14 
-68  -28  30 
10  30  -14 
-10  -18  -12 
-2  48  -16 

//Reference=MNI 
//nullstudy_97
//Subjects=19
-14  16  66 
-12  52  20 
-36  -36  64 
-36  -20  4 
14  12  -28 

//Reference=MNI 
//nullstudy_98
//Subjects=19
-42  -86  10 
-64  -34  -26 
-34  16  6 

//Reference=MNI 
//nullstudy_99
//Subjects=22
-24  -58  52 
-54  4  14 
-42  20  30 
-56  -36  26 
-16  -34  12 
-10  -26  -46 
-46  52  -8 
-28  -66  8 
-42  34  18 
-52  8  44 
0  16  52 
-32  -84  14 

//Reference=MNI 
//nullstudy_100
//Subjects=19
-24  -98  -2 
-26  -50  2 

