//Reference=MNI 
//truestudy_1
//Subjects=11
46  -66  -6 
47  -66  -6 
45  -66  -5 
46  -65  -5 
46  -68  -6 
45  -66  -7 
43  -66  -6 
47  -65  -5 
47  -66  -5 
45  -66  -6 
45  -67  -7 
47  -66  -8 
46  -64  -7 
47  -65  -7 
45  -67  -7 
46  -67  -5 
45  -66  -7 
46  -65  -6 
47  -64  -6 
46  -63  -7 
46  -67  -7 

//Reference=MNI 
//truestudy_2
//Subjects=10
48  -66  -5 
45  -66  -7 
46  -67  -6 
45  -66  -8 
46  -66  -6 
46  -66  -6 
47  -65  -5 
46  -67  -6 
48  -67  -7 
48  -66  -6 
46  -66  -5 
46  -66  -6 
45  -67  -6 
46  -67  -6 

//Reference=MNI 
//truestudy_3
//Subjects=10
46  -65  -4 
47  -65  -4 
46  -64  -7 
45  -65  -5 
47  -65  -6 

//Reference=MNI 
//nullstudy_1
//Subjects=11
46  28  20 
20  22  52 
-18  -40  -18 
-20  -38  -54 
16  16  -28 
16  56  -8 
-14  -26  -12 
-26  -64  -54 
-16  -98  8 
-60  -12  24 
-58  10  24 
-24  34  -20 
-18  -24  -10 
-4  -42  52 
-42  10  6 
-24  -60  22 
12  34  -20 
-50  -8  -4 
-56  -22  -26 
-42  -12  -4 
-10  -76  28 

//Reference=MNI 
//nullstudy_2
//Subjects=10
-32  4  50 
26  58  -8 
-14  18  -12 
50  4  -44 
8  50  12 
-18  -80  -6 
56  18  32 
16  16  -28 
14  36  60 
-48  -40  6 
-20  -36  64 
-22  -4  58 
10  16  -4 
-26  16  -40 

//Reference=MNI 
//nullstudy_3
//Subjects=10
-36  40  14 
-56  -32  36 
-4  68  16 
-6  -64  -24 
-6  -60  68 

//Reference=MNI 
//nullstudy_4
//Subjects=10
40  32  28 
18  18  12 
54  8  -18 
-2  -50  -2 
-24  -62  -58 

//Reference=MNI 
//nullstudy_5
//Subjects=9
-24  32  32 
-12  -30  48 
-4  2  -20 

//Reference=MNI 
//nullstudy_6
//Subjects=10
-2  40  -24 
-40  -14  36 
-58  -16  -28 
-34  18  54 
-22  62  16 
-4  -2  60 
-48  -6  -34 
44  52  -4 

//Reference=MNI 
//nullstudy_7
//Subjects=10
34  56  -14 
-16  -60  30 
-26  -74  18 

//Reference=MNI 
//nullstudy_8
//Subjects=9
-26  -48  36 
-12  48  18 

//Reference=MNI 
//nullstudy_9
//Subjects=10
-28  34  22 
50  14  2 
-14  -64  -20 
-6  20  -4 

//Reference=MNI 
//nullstudy_10
//Subjects=9
-24  -16  -26 
12  2  -8 

//Reference=MNI 
//nullstudy_11
//Subjects=11
-42  -84  6 
34  14  44 
6  68  16 
-12  28  -18 
-56  -46  20 
-30  28  42 
-10  -60  -60 
-44  0  48 
-4  -48  -20 

//Reference=MNI 
//nullstudy_12
//Subjects=9
-14  -8  -38 
-24  0  60 
-42  16  20 

//Reference=MNI 
//nullstudy_13
//Subjects=10
-54  10  -24 
-6  -34  -10 
-40  38  10 
-12  -80  22 
-14  42  54 

//Reference=MNI 
//nullstudy_14
//Subjects=10
-50  24  38 
-34  60  -4 
-30  -82  -2 
-14  8  62 

//Reference=MNI 
//nullstudy_15
//Subjects=10
-2  -86  -18 
-16  -94  30 
-8  -34  -10 
-42  -88  -10 

//Reference=MNI 
//nullstudy_16
//Subjects=11
42  12  22 
20  8  -8 
-28  -26  68 
-24  -84  -22 
-44  -18  -6 
-44  -4  -38 

//Reference=MNI 
//nullstudy_17
//Subjects=9
-34  58  8 
-60  -58  -4 
-34  14  -4 
-28  24  -22 
-28  12  12 
-20  -58  -40 
32  32  50 
34  46  22 
-38  24  32 
-12  -52  16 
-58  -68  18 
-18  -42  44 

//Reference=MNI 
//nullstudy_18
//Subjects=8
-40  -30  64 
-32  -70  -38 

//Reference=MNI 
//nullstudy_19
//Subjects=8
-14  22  60 
-24  0  -24 

//Reference=MNI 
//nullstudy_20
//Subjects=10
-46  8  -14 
12  36  -8 

//Reference=MNI 
//nullstudy_21
//Subjects=10
-44  -56  34 
-20  12  66 
-36  -48  38 
-12  -80  22 

//Reference=MNI 
//nullstudy_22
//Subjects=8
-16  62  10 
62  14  12 
46  2  -12 
-8  -44  34 

//Reference=MNI 
//nullstudy_23
//Subjects=11
10  10  18 
-50  -74  10 
16  58  -22 
-18  -84  8 
-2  -92  22 
28  34  42 
16  6  56 
-20  56  8 
-46  -28  -6 
-58  -12  -40 
-18  -74  38 
-22  -92  14 
-44  0  2 
-38  -76  36 
-50  -62  32 
54  34  26 
-16  -74  -58 
-6  -26  8 
-10  -68  4 
56  2  36 
34  2  50 
-30  2  54 
-24  -100  -6 
-32  32  0 
-26  -80  -2 
-34  8  -44 
-44  6  16 
16  10  58 
22  30  -14 
-26  46  2 
-26  -70  52 
38  38  -14 
-18  -10  -8 
-54  10  -4 
-46  -4  54 
50  44  4 
-34  -68  -6 
-16  -42  8 
-12  -16  -34 
10  30  26 
-2  -30  46 
38  56  4 
-14  -74  -24 
-40  -56  52 
-8  6  -2 
-46  4  -38 
38  36  -10 
-20  -86  -16 
56  20  -4 
-26  24  30 
-8  -76  14 
-18  -82  -50 
-38  -18  36 
-20  -50  -8 
-8  -12  -36 
-20  -48  68 
-32  46  10 
44  36  34 
42  28  -10 
-50  2  -22 
16  68  14 
-8  -34  -40 
44  46  10 
-58  -66  26 
-38  0  -32 

//Reference=MNI 
//nullstudy_24
//Subjects=9
-56  -30  -10 
44  12  52 
-24  -36  -42 
-22  -68  -20 
52  4  28 
-48  -32  30 
-16  66  4 

//Reference=MNI 
//nullstudy_25
//Subjects=7
-58  -34  30 
-2  12  -12 

//Reference=MNI 
//nullstudy_26
//Subjects=10
-42  -48  -36 
18  38  42 
-32  60  -10 
-28  -46  8 
-6  28  64 
38  28  44 
-58  -24  2 

//Reference=MNI 
//nullstudy_27
//Subjects=9
-34  -44  32 
-28  -58  -22 

//Reference=MNI 
//nullstudy_28
//Subjects=10
-6  4  46 
-30  -6  -50 

//Reference=MNI 
//nullstudy_29
//Subjects=11
-12  -80  50 
0  46  16 
20  56  2 
8  54  -6 
4  58  26 

//Reference=MNI 
//nullstudy_30
//Subjects=10
-14  36  52 
16  38  20 

//Reference=MNI 
//nullstudy_31
//Subjects=8
-62  -18  16 
-8  32  42 
-50  -56  -46 

//Reference=MNI 
//nullstudy_32
//Subjects=9
-8  -40  -28 
-16  -54  -32 
-12  62  -14 
-6  -8  4 
14  64  26 
-4  16  46 
-32  -70  46 
42  18  52 
-34  -20  -36 
-12  -74  2 
-4  2  -32 
-50  26  -10 
12  62  14 
-64  -18  42 
44  6  6 
-4  -24  48 
-2  -54  -20 
-36  -12  -34 
-32  60  -14 
-48  -66  10 
-50  -46  22 
-2  -28  -20 
42  12  -24 

//Reference=MNI 
//nullstudy_33
//Subjects=10
32  26  -18 
-42  -54  2 
-10  -10  -22 
-44  20  44 
38  30  2 

//Reference=MNI 
//nullstudy_34
//Subjects=7
38  14  50 
-10  -18  -26 

//Reference=MNI 
//nullstudy_35
//Subjects=11
-4  -42  40 
-14  4  22 
-44  -68  14 

//Reference=MNI 
//nullstudy_36
//Subjects=10
-24  18  -26 
-36  -12  -36 
-34  -44  -46 
-64  -44  10 
-20  -62  -50 
-6  22  56 
-20  12  70 
-36  -52  -30 
-30  -6  -34 
-54  -40  40 
40  26  4 

//Reference=MNI 
//nullstudy_37
//Subjects=10
-38  -50  -42 
52  34  14 

//Reference=MNI 
//nullstudy_38
//Subjects=13
-14  -26  -40 
32  12  -24 
-42  54  10 
-46  -68  46 
-60  -36  -6 
14  12  -24 
-32  -46  46 
54  12  4 
-62  -20  -20 
-48  -4  32 
-6  20  70 

//Reference=MNI 
//nullstudy_39
//Subjects=9
-38  24  14 
46  40  -8 
12  34  18 
-12  -76  -56 
-14  -38  16 
-54  -6  -28 
0  40  -2 

//Reference=MNI 
//nullstudy_40
//Subjects=11
-26  -84  12 
-8  28  20 
44  4  30 
-46  -70  18 

//Reference=MNI 
//nullstudy_41
//Subjects=9
-12  -68  -22 
-56  6  0 
-54  -44  -22 
12  12  36 
-42  -28  66 
-38  -56  -42 
-14  2  74 
-30  -2  44 
-28  -76  -22 
2  38  26 
36  32  -16 
-44  6  14 
-20  -34  14 
-66  -44  -6 
-24  -30  -16 
-66  -48  22 
-46  -76  24 
-42  -20  -30 
-40  -18  64 
48  48  16 
-66  -24  28 

//Reference=MNI 
//nullstudy_42
//Subjects=11
32  6  -34 
10  48  42 
-34  -26  -32 
-12  -72  -38 

//Reference=MNI 
//nullstudy_43
//Subjects=9
-26  42  16 
-2  -18  42 
44  48  4 
-14  -56  60 
-12  -70  -20 
-16  -94  -2 
-8  -22  -16 
-40  48  6 
36  12  2 
12  62  -16 
-34  -64  -26 

//Reference=MNI 
//nullstudy_44
//Subjects=12
4  62  34 
38  54  2 

//Reference=MNI 
//nullstudy_45
//Subjects=9
-34  -58  32 
-44  -76  32 
2  52  -16 
-52  6  34 
-6  -60  14 
-60  -30  -22 
-8  8  64 
-52  24  -2 

//Reference=MNI 
//nullstudy_46
//Subjects=10
56  6  6 
-18  48  38 
-54  -72  26 
-8  -56  16 

//Reference=MNI 
//nullstudy_47
//Subjects=12
20  12  56 
-28  -20  -14 
-46  -44  6 
-34  -76  -12 
-6  28  60 
-38  -88  8 
-16  48  48 
-32  -98  6 
24  8  -10 
-30  64  8 
40  18  52 
36  46  -14 
-4  -46  68 
-42  -56  -12 
-26  -90  -34 
-6  -80  24 
-52  -56  -32 
-14  -20  44 
-38  4  50 
-50  6  26 
6  20  50 
2  52  42 
0  58  -12 

//Reference=MNI 
//nullstudy_48
//Subjects=12
-26  28  -2 
-2  -54  72 
-10  -78  -32 
-48  40  -14 

//Reference=MNI 
//nullstudy_49
//Subjects=10
-56  -60  -12 
-2  -40  28 
6  2  6 
-14  -70  56 
-54  -72  20 
-26  -60  -20 
-32  36  24 

//Reference=MNI 
//nullstudy_50
//Subjects=9
-32  50  28 
0  8  64 
34  18  -14 
-38  34  40 
-62  -16  -8 
-54  -18  -4 
32  62  -8 
-40  12  58 
18  52  22 
-14  -92  -6 
-28  2  -50 
-46  -56  40 
-2  36  60 
-16  -64  6 
-24  -40  -42 
-40  6  -4 
-12  24  36 
-32  48  18 
-14  -46  -50 
-8  -64  -44 
-28  -56  -42 
-56  -40  -20 
-60  -52  -20 
-44  20  -10 
-32  -28  -22 
-10  -38  68 
18  48  30 
-24  -76  24 
-14  20  -8 
-48  22  0 
-32  -8  -48 
-10  -62  56 
-38  24  -10 
-44  -18  32 
22  46  38 
-42  -64  30 
-40  -4  48 
-12  -78  -28 
-58  4  18 
44  14  -42 
-22  -80  -34 
-2  -26  28 
-10  60  12 
-48  -56  34 
-16  -92  12 
8  62  -8 
-42  -24  58 
-48  -46  36 
28  20  -18 
-38  -50  14 
-24  18  -32 
-14  -58  -56 
-52  4  26 
-16  -98  22 
0  54  0 
-34  54  -14 
-12  -40  -20 
50  6  30 
-48  12  0 
30  10  -4 
30  52  -2 
-48  -32  54 
16  8  70 
-38  30  40 
-16  -2  -22 
-38  -72  6 
-4  -2  -4 
0  58  40 
38  16  -26 

//Reference=MNI 
//nullstudy_51
//Subjects=13
-44  -30  0 
-10  -8  68 

//Reference=MNI 
//nullstudy_52
//Subjects=9
-28  22  -28 
-10  18  30 
-4  -70  50 
54  6  -36 
-22  -16  64 
-42  -42  54 
60  10  20 
42  8  34 
-14  22  -14 
-46  -2  42 
50  42  16 
-16  -18  10 
-66  -44  16 
10  18  48 
30  28  -18 
-48  -44  14 

//Reference=MNI 
//nullstudy_53
//Subjects=10
-18  20  14 
-38  6  -44 
-10  -62  -56 

//Reference=MNI 
//nullstudy_54
//Subjects=10
-26  -64  34 
-30  -92  -24 

//Reference=MNI 
//nullstudy_55
//Subjects=10
-14  64  26 
-30  -30  -30 
-20  -26  -18 
-42  -14  2 
-20  62  -6 
-2  42  2 
-30  -64  -42 
-32  60  4 
-12  44  -12 
-50  -36  -32 
-12  -36  -44 
-24  46  -18 
-36  20  50 
-28  40  -20 
-46  -48  -20 
-50  -58  -48 
-10  50  20 
-18  -88  -42 
-4  40  48 
-2  -32  -34 
-60  -28  38 
-42  -70  -22 
-34  -74  -16 
50  34  -16 
-68  -34  32 
-42  58  -4 

//Reference=MNI 
//nullstudy_56
//Subjects=11
-8  -50  60 
-34  14  -4 

//Reference=MNI 
//nullstudy_57
//Subjects=10
-34  48  16 
-60  0  -20 
28  58  -14 
-12  44  -4 

//Reference=MNI 
//nullstudy_58
//Subjects=11
-46  6  32 
-26  -80  20 
-34  46  16 

//Reference=MNI 
//nullstudy_59
//Subjects=11
-34  -6  42 
8  60  -26 
38  10  58 
-52  -28  -28 
0  62  12 
-6  -10  -28 

//Reference=MNI 
//nullstudy_60
//Subjects=9
-36  -62  -48 
-14  -44  66 
-14  70  -2 
-32  -92  -2 
-8  -14  16 
-38  -36  16 
-6  -28  28 
32  66  2 
0  58  8 
-14  -88  8 
6  30  62 

//Reference=MNI 
//nullstudy_61
//Subjects=9
-28  -54  -28 
-2  -52  -34 
60  4  42 
-56  20  -6 

//Reference=MNI 
//nullstudy_62
//Subjects=10
-10  -36  0 
-44  -48  -26 
-6  -74  -52 
-48  -70  18 
-10  18  -2 
-46  14  26 
-6  22  -22 
-40  -2  56 
-50  -18  -6 
-56  -54  48 

//Reference=MNI 
//nullstudy_63
//Subjects=9
-28  -82  -34 
-34  -48  34 
-2  52  -20 
-36  -60  30 
-64  -8  8 
-16  -50  6 
36  34  -10 
24  28  50 
10  36  36 
-6  -46  -46 
-16  40  38 
-14  -104  12 
-60  -30  -6 
4  4  -16 
-26  -36  -54 
42  34  24 
-18  -68  -50 
-30  -70  -8 
-20  -22  20 
-26  -72  -14 
-44  54  10 
-2  -4  52 
-48  0  26 
0  8  4 
34  2  -38 
-54  6  46 
46  36  34 
48  24  -16 
-48  36  -14 
44  52  -12 

//Reference=MNI 
//nullstudy_64
//Subjects=10
4  32  52 
38  12  24 
38  2  48 
-16  -78  38 

//Reference=MNI 
//nullstudy_65
//Subjects=9
4  28  20 
-14  70  2 

//Reference=MNI 
//nullstudy_66
//Subjects=12
-8  -52  -10 
-14  22  64 
-6  -64  -10 

//Reference=MNI 
//nullstudy_67
//Subjects=10
32  30  48 
14  66  20 

//Reference=MNI 
//nullstudy_68
//Subjects=11
-24  46  -14 
28  24  -32 
-54  -52  38 
56  12  -14 
-38  -32  62 
60  8  36 

//Reference=MNI 
//nullstudy_69
//Subjects=9
44  14  48 
-28  -76  -4 
-30  -34  -36 

//Reference=MNI 
//nullstudy_70
//Subjects=9
-8  -76  22 
58  30  16 
-10  60  6 
-34  -38  46 
-8  -76  -2 
-46  -34  30 
10  36  38 
-8  -32  50 
14  58  -20 
44  46  18 
-10  -70  -20 
16  34  56 
-8  0  12 
38  46  30 
-50  -60  16 
50  14  4 
-12  16  70 
-32  -90  22 
-4  26  34 
-32  54  -12 
-16  -42  20 
-38  -60  38 
42  22  6 
4  32  60 
-8  16  8 
-6  -20  2 
-50  -58  22 
-26  -4  -14 
-50  -22  38 
-16  -18  12 
-2  26  66 
-52  -66  -14 
-50  -6  30 
-20  -42  -8 
14  40  40 
-8  -86  22 
-28  -68  22 
-30  34  -4 
-42  -62  32 
-20  24  56 
-46  16  -10 
-48  0  -34 
-38  18  20 
-30  32  30 
-18  -44  -36 
18  56  14 
12  20  16 
-56  -56  18 
-56  8  -34 
20  36  52 
-14  -44  -6 

//Reference=MNI 
//nullstudy_71
//Subjects=10
-30  -56  48 
-60  -58  32 
-4  -42  -64 
-36  -48  38 
4  12  32 
-16  -76  -2 
-38  -14  -38 
-40  -8  -50 

//Reference=MNI 
//nullstudy_72
//Subjects=10
36  34  -2 
8  34  30 
50  40  22 
-26  40  42 
52  4  20 
-42  -78  28 
-12  -24  66 
-20  -6  68 
-48  20  6 
0  50  12 
-48  -50  -32 

//Reference=MNI 
//nullstudy_73
//Subjects=11
-16  54  -18 
-56  -60  -30 
-20  -4  52 

//Reference=MNI 
//nullstudy_74
//Subjects=10
30  2  -4 
-24  -82  -8 

//Reference=MNI 
//nullstudy_75
//Subjects=10
-52  16  2 
-2  -14  4 
-58  -4  -24 
-32  -56  66 

//Reference=MNI 
//nullstudy_76
//Subjects=10
-30  -12  -4 
-10  68  20 
-34  -72  -52 
-36  -12  14 

//Reference=MNI 
//nullstudy_77
//Subjects=11
34  34  -6 
-2  -68  -32 
-52  -50  46 
26  12  -4 
-24  8  42 
-16  16  56 
48  42  2 
-42  6  -30 
-56  -60  -32 
-16  -30  -26 
-64  -2  -4 

//Reference=MNI 
//nullstudy_78
//Subjects=10
-26  -60  12 
-20  -26  -14 
-24  16  -12 
-14  -94  34 

//Reference=MNI 
//nullstudy_79
//Subjects=9
-26  -12  58 
-48  28  2 
-46  -50  -18 
-48  -58  -22 
-4  8  64 
6  12  -18 

//Reference=MNI 
//nullstudy_80
//Subjects=10
-36  22  38 
-62  -42  -16 
-64  -22  -10 
-48  -14  40 
-10  42  48 

//Reference=MNI 
//nullstudy_81
//Subjects=12
12  58  16 
-58  16  0 
-20  -12  -40 
-4  18  -28 
-22  34  -20 
-54  4  -12 
-42  46  -6 
-56  -52  -8 
-36  -16  16 
-56  22  10 
-14  -30  78 

//Reference=MNI 
//nullstudy_82
//Subjects=9
-22  -64  -8 
-14  -92  30 
36  12  34 
-44  22  8 

//Reference=MNI 
//nullstudy_83
//Subjects=10
44  14  -44 
-18  10  -38 
-42  -32  60 

//Reference=MNI 
//nullstudy_84
//Subjects=9
-22  -58  -46 
-14  46  -18 
-4  64  -16 
56  12  26 

//Reference=MNI 
//nullstudy_85
//Subjects=10
-8  -32  14 
-16  -24  -8 
-4  -60  10 
-36  -54  54 
32  50  18 
-22  16  -22 
18  24  -18 
42  18  -36 
-36  -52  58 
-20  14  4 
20  34  30 
-42  38  28 
-24  34  -16 
-58  -16  28 
-20  -52  -34 
-54  -2  -8 
-58  -36  6 
-42  -42  -34 

//Reference=MNI 
//nullstudy_86
//Subjects=9
8  62  2 
-8  -62  -38 

//Reference=MNI 
//nullstudy_87
//Subjects=9
-16  64  12 
-32  -44  -28 
-22  -68  10 
-58  -4  -8 

//Reference=MNI 
//nullstudy_88
//Subjects=9
-14  -44  72 
0  30  50 
-48  -32  0 

//Reference=MNI 
//nullstudy_89
//Subjects=9
6  2  48 
-10  -26  18 
-4  -34  -2 
-32  -56  48 
0  16  -2 
-48  0  0 
-6  -28  60 
-16  -76  -52 
4  12  68 

//Reference=MNI 
//nullstudy_90
//Subjects=11
-2  42  -26 
-4  10  -22 

//Reference=MNI 
//nullstudy_91
//Subjects=10
-28  -60  -42 
-40  -44  20 

//Reference=MNI 
//nullstudy_92
//Subjects=11
36  20  22 
-4  50  42 
26  48  24 

//Reference=MNI 
//nullstudy_93
//Subjects=11
-12  -38  -40 
-28  -98  -18 
-18  -2  -44 
14  6  8 

//Reference=MNI 
//nullstudy_94
//Subjects=10
-4  -50  -2 
-36  8  -6 
-22  30  42 
-38  0  50 
-42  -66  -18 
-44  -66  -46 
-40  38  -20 
-14  -64  -60 
46  24  16 
-32  16  42 

//Reference=MNI 
//nullstudy_95
//Subjects=9
28  24  0 
-38  -34  54 
-20  -88  -16 
4  44  -2 
-56  -28  -24 

//Reference=MNI 
//nullstudy_96
//Subjects=9
52  4  -32 
-50  -60  2 
16  16  18 
44  34  12 
38  20  54 
-26  -42  -40 
-10  -40  42 
-6  -4  6 
-4  -18  76 
-20  -26  -22 

//Reference=MNI 
//nullstudy_97
//Subjects=10
-34  -58  -12 
-34  -68  4 
-18  -90  24 
-46  46  18 
-56  -28  16 
-50  14  -8 
-38  2  -36 
0  46  38 
-20  -58  10 
-24  38  28 
46  42  -12 
-50  -74  -24 
-42  26  22 
28  8  -28 
-30  -36  42 
-22  -72  32 
-46  18  20 
34  6  42 

//Reference=MNI 
//nullstudy_98
//Subjects=10
-24  -2  -40 
-16  28  52 
0  18  -20 
-18  34  32 
32  12  4 

//Reference=MNI 
//nullstudy_99
//Subjects=11
-8  66  -6 
-52  -46  28 
-14  -72  34 
-18  54  -12 

//Reference=MNI 
//nullstudy_100
//Subjects=9
-36  -82  10 
6  60  -2 
10  64  -22 

