//Reference=MNI 
//truestudy_1
//Subjects=20
44  -66  -6 
44  -66  -6 
45  -67  -7 

//Reference=MNI 
//truestudy_2
//Subjects=18
48  -65  -6 
47  -66  -8 
47  -67  -7 

//Reference=MNI 
//truestudy_3
//Subjects=19
46  -66  -5 
45  -64  -5 

//Reference=MNI 
//nullstudy_1
//Subjects=20
-50  6  -38 
38  18  -24 
-60  -48  -14 

//Reference=MNI 
//nullstudy_2
//Subjects=18
-34  -18  62 
-8  -10  52 
12  10  70 

//Reference=MNI 
//nullstudy_3
//Subjects=19
-14  22  16 
-28  -32  -24 

//Reference=MNI 
//nullstudy_4
//Subjects=21
-10  -58  -50 
-40  -70  4 
-70  -28  8 
52  4  44 
60  4  -20 
-2  -94  -6 
-32  -58  58 
8  38  44 
-32  24  20 
-36  -24  -32 
-38  -74  -22 
-44  -68  42 
-60  -6  -28 
-6  -58  -36 

//Reference=MNI 
//nullstudy_5
//Subjects=20
-32  14  12 
-4  60  4 
-58  -62  -26 
-22  -54  54 
-50  20  26 
-58  20  22 
-24  -22  -22 
-16  58  -6 
-34  -50  66 
-16  -28  2 

//Reference=MNI 
//nullstudy_6
//Subjects=20
-36  24  -8 
26  36  -18 
38  30  -4 
-24  -14  68 
-60  -26  -2 
-32  -36  54 
-48  32  32 
-26  -46  64 
-22  -34  -18 
-8  -58  26 
-6  -58  -20 
-54  -24  -6 
-4  10  -14 

//Reference=MNI 
//nullstudy_7
//Subjects=21
2  4  -14 
-46  -56  18 
-30  40  44 
46  42  -4 
26  18  0 
-34  -90  22 
-22  -96  -22 
-52  0  12 
-24  22  44 
-6  -38  36 
16  42  -18 
14  8  -4 
2  66  -4 
-54  -24  48 
-42  -78  -30 
22  32  -16 
-8  6  -18 
-18  -26  76 
-52  -56  -4 

//Reference=MNI 
//nullstudy_8
//Subjects=19
-2  -30  -54 
-10  -32  -36 
-64  -22  -4 
-28  16  10 
-30  16  -2 
-6  -74  -28 
-38  6  -48 
-34  -62  -20 
-18  -82  -14 
40  46  32 
-38  -38  24 
58  16  2 
-6  0  -32 
-40  22  -24 
-22  -50  -40 
-22  -28  54 
20  4  -4 
-14  -70  12 
-62  -40  38 
8  62  -22 
-28  -76  -10 
-54  -64  38 
-30  -54  -4 
6  64  -6 
-48  -66  -48 
-14  6  68 
0  48  8 
-10  26  -26 
-44  -88  6 
40  12  38 
8  10  0 
-6  -82  16 
30  14  12 
-28  -64  24 
-6  60  0 
-12  -78  14 
-14  24  -6 

//Reference=MNI 
//nullstudy_9
//Subjects=21
-8  -52  62 
-14  -44  -40 
-24  -60  -6 
-22  30  34 
-56  26  -4 
-14  -94  -14 

//Reference=MNI 
//nullstudy_10
//Subjects=20
-32  6  -40 
-64  -30  -6 

//Reference=MNI 
//nullstudy_11
//Subjects=18
-26  -46  66 
-34  -48  54 
-24  46  18 
-20  -40  62 
-10  50  30 
-2  26  -30 
-22  -74  40 
4  24  -8 
-6  -50  36 
-52  -32  38 
-24  44  10 
28  56  30 
-46  48  8 

//Reference=MNI 
//nullstudy_12
//Subjects=20
4  32  -22 
-62  -22  -12 
-36  28  26 
-4  -42  -40 
-18  34  48 

//Reference=MNI 
//nullstudy_13
//Subjects=19
-28  30  -2 
18  26  48 

//Reference=MNI 
//nullstudy_14
//Subjects=20
-46  -44  -48 
-16  36  -16 
28  32  -4 
2  6  42 
40  22  50 

//Reference=MNI 
//nullstudy_15
//Subjects=21
-28  46  8 
38  40  18 
-48  -6  -24 

//Reference=MNI 
//nullstudy_16
//Subjects=20
-14  18  2 
-16  26  46 
-8  -64  -42 
-38  -70  -52 
-50  -64  -42 
-30  -24  56 

//Reference=MNI 
//nullstudy_17
//Subjects=20
20  12  -30 
-56  -40  0 
12  8  -22 
-24  20  56 
-8  6  -32 
-6  54  -4 
30  22  14 
-4  -86  -42 
34  4  -38 
-12  60  28 
-38  14  -32 

//Reference=MNI 
//nullstudy_18
//Subjects=22
-38  -60  4 
44  16  10 
-24  -24  -18 
-10  -2  -32 
-28  26  8 
-36  -20  -38 
-48  -4  0 
-8  -74  -22 

//Reference=MNI 
//nullstudy_19
//Subjects=20
-24  -58  2 
-14  -56  62 
8  18  70 

//Reference=MNI 
//nullstudy_20
//Subjects=20
-16  44  -22 
-2  -48  -66 
-52  30  -14 
-34  -82  6 
-52  -66  -4 
22  42  26 
10  42  20 
-30  2  -8 
-26  6  -4 
-42  52  4 
-8  -48  -38 
48  2  -24 
-26  -10  60 
0  16  58 
-22  -74  28 
-4  62  26 
-20  -92  24 
-12  -98  20 
-2  -34  26 
20  18  44 
54  26  10 
-20  -28  4 

//Reference=MNI 
//nullstudy_21
//Subjects=22
-52  -44  -20 
40  44  -16 
-6  -70  -8 
-34  -66  -26 
-64  -42  -24 
-60  -14  42 

//Reference=MNI 
//nullstudy_22
//Subjects=19
-52  30  26 
-4  34  20 

//Reference=MNI 
//nullstudy_23
//Subjects=21
-48  -24  38 
48  42  6 
-16  -82  0 
2  32  56 
-4  -88  -10 
-2  -54  26 
-34  -94  -18 
36  28  -12 
-8  22  8 
-36  -66  -40 
-34  16  -16 
-30  2  -42 
-18  -4  72 
-30  -48  -48 
-52  0  8 

//Reference=MNI 
//nullstudy_24
//Subjects=20
-46  -70  -18 
-20  -80  50 
6  4  -2 

//Reference=MNI 
//nullstudy_25
//Subjects=19
-36  -20  -16 
-16  -16  -18 
-18  -78  -20 
-6  -10  46 
-20  -42  -2 
10  2  52 
8  34  4 
-16  -84  10 

//Reference=MNI 
//nullstudy_26
//Subjects=21
-46  -18  -40 
60  14  -6 
-10  -14  44 
-16  -22  78 
-8  -42  -52 

//Reference=MNI 
//nullstudy_27
//Subjects=19
-38  -52  -32 
-64  -56  0 
-4  -38  -36 
-12  64  30 

//Reference=MNI 
//nullstudy_28
//Subjects=21
-24  -42  -52 
-2  -26  64 
-28  54  14 
4  50  26 
18  30  46 
-12  -64  -48 
12  56  -24 
-22  -4  68 
10  14  48 
-46  42  -8 

//Reference=MNI 
//nullstudy_29
//Subjects=19
-40  -86  -8 
-54  10  2 
20  44  22 

//Reference=MNI 
//nullstudy_30
//Subjects=20
-22  -92  -10 
-46  -74  -14 
-42  22  -36 
40  12  -4 
-28  8  50 
18  62  -10 
-52  18  20 
-6  -98  -2 
-60  -62  10 
-22  -42  -8 
14  56  6 
-6  -34  6 
-68  -12  -16 
-16  18  68 
-34  30  36 
-50  -22  4 
2  8  -6 
-22  2  -42 
-4  -26  68 
-44  34  34 
38  24  -8 
-30  -88  -32 
2  12  54 
24  32  -20 
6  26  24 
-12  26  52 
-10  20  -2 
-16  -72  -30 
14  36  -28 
-30  -86  -34 
-8  -30  -6 

//Reference=MNI 
//nullstudy_31
//Subjects=19
48  4  -30 
-38  -8  2 
-36  -76  28 

//Reference=MNI 
//nullstudy_32
//Subjects=20
-4  -46  -52 
-34  -78  0 
-46  -52  -44 
-18  -90  6 
-38  -16  60 

//Reference=MNI 
//nullstudy_33
//Subjects=18
-22  28  34 
-18  -72  20 
-30  -20  -12 

//Reference=MNI 
//nullstudy_34
//Subjects=21
-12  -34  -4 
36  16  -42 
8  58  30 
-24  -64  -12 
-52  -68  6 
-12  2  38 

//Reference=MNI 
//nullstudy_35
//Subjects=20
-38  -6  6 
-38  -34  14 

//Reference=MNI 
//nullstudy_36
//Subjects=19
-2  6  68 
-24  -76  24 
4  14  28 
46  34  28 
-22  36  50 
-12  60  18 
-10  -66  -46 
-22  -74  30 
-64  -22  -26 

//Reference=MNI 
//nullstudy_37
//Subjects=21
-10  24  10 
-4  -74  2 
-30  -38  58 
18  66  14 
-58  -14  -8 
32  28  0 

//Reference=MNI 
//nullstudy_38
//Subjects=22
-2  2  40 
-54  -10  -2 
-40  -58  -34 
-42  -14  -8 

//Reference=MNI 
//nullstudy_39
//Subjects=21
-16  4  -6 
16  64  20 
-36  -68  42 
-22  -52  -46 
8  30  -30 
-50  -18  6 
-4  -98  0 
-18  -56  10 
-20  -34  74 
-38  -86  -14 
-50  6  -38 
-32  -48  -8 
-4  -18  12 
-24  34  -12 
-24  -60  34 
-54  -56  4 
52  8  36 
8  10  -20 
26  44  38 
-54  -62  -26 
12  34  44 
-20  -66  4 
-54  -58  -16 
-54  18  -2 
-18  4  20 
-30  -36  40 
-10  8  58 
-52  -68  -16 
-18  -38  50 
-22  -36  -16 
-48  -58  -34 
-8  -46  -62 
-32  -34  12 
32  22  28 
-10  42  46 
-26  4  -48 
-46  -44  -2 
-28  -76  -24 
-20  -56  70 
-10  -46  -6 
20  56  -14 
-54  -56  4 
-10  -46  6 

//Reference=MNI 
//nullstudy_40
//Subjects=20
16  24  4 
-40  -64  42 
-46  -16  42 
32  26  36 
56  20  4 
-34  54  -4 
16  50  28 
-54  -42  54 
-20  -62  46 
-42  40  2 
-10  36  36 
-18  -40  66 
-42  -26  24 
-4  62  -18 
-34  -76  20 
-46  16  38 
-40  -48  26 
4  18  2 
-6  -58  68 
-12  -62  -58 
-50  -50  -8 
-6  -100  -6 
-44  28  16 
44  4  -32 
12  46  12 
-36  -38  -24 
-20  32  36 
-12  18  60 
-52  -28  58 
20  24  -26 
-14  -50  -10 

//Reference=MNI 
//nullstudy_41
//Subjects=19
6  68  10 
-20  30  32 
-2  -2  52 
-32  -92  -4 
-16  -52  -12 
-52  2  38 
-36  60  12 
-8  46  8 
54  14  -32 
-22  -10  62 
-46  -38  38 
16  32  58 
-8  0  56 
-22  40  22 
-38  34  -12 
-26  48  12 
-32  -90  2 
14  46  32 
34  22  12 
-48  -32  10 
60  8  -26 
-64  -52  30 
-2  58  26 
-30  -8  48 
32  46  10 
-38  -72  -26 
-22  -40  4 
18  24  14 

//Reference=MNI 
//nullstudy_42
//Subjects=20
-26  -56  46 
-10  -32  -38 
30  42  26 
-46  28  0 
-16  -74  18 

//Reference=MNI 
//nullstudy_43
//Subjects=19
-22  -56  36 
6  60  -14 

//Reference=MNI 
//nullstudy_44
//Subjects=19
-44  -2  -42 
-26  -82  8 
-26  -12  -28 
-26  -96  12 
-60  -54  -4 

//Reference=MNI 
//nullstudy_45
//Subjects=21
-4  -14  -32 
-34  -24  -12 
-16  24  -18 

//Reference=MNI 
//nullstudy_46
//Subjects=19
-18  -24  14 
-30  -60  -8 

//Reference=MNI 
//nullstudy_47
//Subjects=20
-52  -44  48 
-54  -16  8 
-48  -4  -16 
-16  -72  -14 
26  44  8 
16  22  -18 
-12  -64  -24 
-2  22  -6 
-52  40  -10 
36  10  58 

//Reference=MNI 
//nullstudy_48
//Subjects=19
-42  -6  10 
-42  -38  0 
8  14  32 
-34  -4  -36 

//Reference=MNI 
//nullstudy_49
//Subjects=22
-34  22  14 
-6  4  0 
-30  12  66 
-10  -50  -66 
-42  -12  -28 
-56  0  -24 
2  24  -2 
-44  34  26 
-10  -92  -34 
-28  -38  52 
-4  62  24 

//Reference=MNI 
//nullstudy_50
//Subjects=20
4  8  -2 
-12  34  28 
-8  -26  66 
24  52  -16 

//Reference=MNI 
//nullstudy_51
//Subjects=20
-2  2  74 
-40  34  38 
-56  -48  -30 
-20  32  38 
-6  14  -12 

//Reference=MNI 
//nullstudy_52
//Subjects=20
-8  -88  42 
10  60  -24 
18  60  -16 
-42  -72  36 

//Reference=MNI 
//nullstudy_53
//Subjects=19
56  4  18 
42  22  -14 
-8  -52  -46 
-58  -54  0 
30  16  -8 
-8  -20  -24 
0  28  38 
8  14  44 
-32  20  46 
-40  32  -10 
32  50  10 
-54  -6  32 
-26  -50  6 
-18  -62  28 
44  42  6 
26  6  -32 

//Reference=MNI 
//nullstudy_54
//Subjects=18
-34  -80  0 
32  2  44 
-60  -48  -22 
-10  -62  68 
-34  0  66 
-8  -46  -50 
-22  56  36 
38  16  -2 
-58  -24  42 

//Reference=MNI 
//nullstudy_55
//Subjects=20
-50  -18  50 
-36  8  -42 
16  38  -18 
-34  32  48 
-50  -58  -38 
-50  -30  2 
-2  54  8 
-64  -26  26 

//Reference=MNI 
//nullstudy_56
//Subjects=20
-2  50  -28 
22  12  -34 
0  42  16 
-38  -70  -8 

//Reference=MNI 
//nullstudy_57
//Subjects=19
-24  36  28 
-18  30  58 
0  14  -16 

//Reference=MNI 
//nullstudy_58
//Subjects=21
36  46  26 
30  36  -8 

//Reference=MNI 
//nullstudy_59
//Subjects=20
56  14  36 
-28  38  28 
34  26  -32 
-64  -14  14 
-22  24  -14 

//Reference=MNI 
//nullstudy_60
//Subjects=20
52  14  -14 
-44  6  -34 
-46  -54  48 
-58  -36  -2 

//Reference=MNI 
//nullstudy_61
//Subjects=21
-6  -72  -2 
-26  46  28 

//Reference=MNI 
//nullstudy_62
//Subjects=19
-54  -2  26 
-50  -12  -34 
-54  -44  40 
-48  -74  -38 
-8  -16  70 
-20  60  30 
-28  -2  -8 
-4  -54  -64 
40  8  62 
-10  -66  -34 
36  8  60 
-34  -72  -36 
-12  30  52 
-6  6  54 

//Reference=MNI 
//nullstudy_63
//Subjects=20
-4  -26  24 
-44  -42  -12 
44  36  18 
-28  52  -6 
60  6  -30 
-18  40  36 

//Reference=MNI 
//nullstudy_64
//Subjects=20
-24  -62  6 
-46  10  18 
-44  52  2 
46  26  48 
-26  6  10 
-34  -24  -26 

//Reference=MNI 
//nullstudy_65
//Subjects=19
26  18  -24 
-10  -50  50 
38  8  36 
-2  -12  4 
-70  -26  4 
50  4  -24 
-8  -80  30 
8  30  48 
14  38  -4 

//Reference=MNI 
//nullstudy_66
//Subjects=19
-40  40  10 
-16  -50  -4 
-32  10  -14 

//Reference=MNI 
//nullstudy_67
//Subjects=19
64  4  -14 
-14  -32  34 
22  70  0 
-4  -10  14 
-6  -86  -30 
-58  -12  -34 
-26  -64  -14 
0  28  18 
-4  42  -16 
24  6  2 
-58  -8  -18 

//Reference=MNI 
//nullstudy_68
//Subjects=21
-34  28  16 
-24  -94  -2 
-34  -2  16 
-4  -66  20 
-42  -54  -46 
-36  30  -18 
30  6  -6 
-14  52  38 
-50  -30  -30 

//Reference=MNI 
//nullstudy_69
//Subjects=21
-12  -92  -18 
60  6  -20 
-38  -6  40 

//Reference=MNI 
//nullstudy_70
//Subjects=20
-40  -2  0 
-54  14  -8 
-30  -36  38 

//Reference=MNI 
//nullstudy_71
//Subjects=21
-48  -14  -20 
-26  -40  -54 
50  20  22 
-22  32  58 

//Reference=MNI 
//nullstudy_72
//Subjects=20
-14  -44  -18 
-26  -2  -24 
-50  -58  26 
12  20  2 
-14  -90  -32 
-16  -86  -8 
-32  -80  -50 
-28  -26  52 

//Reference=MNI 
//nullstudy_73
//Subjects=20
26  28  28 
-6  0  30 
10  8  -12 
-14  -82  2 
-22  -70  38 
52  2  -24 
22  32  -20 

//Reference=MNI 
//nullstudy_74
//Subjects=21
-52  -10  24 
40  34  30 
12  44  -10 
-8  -60  52 
-32  -52  54 
-12  -74  -44 
-6  -40  -10 
24  34  50 
44  44  -16 

//Reference=MNI 
//nullstudy_75
//Subjects=22
-2  -2  68 
-44  -70  28 
-8  -30  -2 
-20  -58  48 
18  38  -14 
28  12  -42 
-50  36  18 
-10  -102  -18 
-18  -84  30 
-54  -52  -6 
-4  -16  48 
-44  -48  26 
-46  -82  -20 
-10  -62  20 
18  16  6 
-6  -58  42 

//Reference=MNI 
//nullstudy_76
//Subjects=21
-36  -50  62 
-18  22  -8 
-36  22  -18 
-10  -46  60 
-2  -40  40 
-46  -50  -52 

//Reference=MNI 
//nullstudy_77
//Subjects=21
-36  -64  -10 
44  4  40 
-42  -82  -36 
-16  -30  -24 
-46  -16  0 
34  40  -20 
-40  -32  -12 

//Reference=MNI 
//nullstudy_78
//Subjects=20
-56  -66  -26 
-34  -50  60 
-20  54  10 
-30  -70  -28 
36  2  18 
-68  -34  20 
48  16  18 
24  10  46 
-32  -68  -54 
-20  -72  32 

//Reference=MNI 
//nullstudy_79
//Subjects=20
-2  -58  48 
14  50  8 
-28  48  -4 
-60  6  22 
-44  46  10 
-32  -68  -28 
-10  -74  40 
-28  50  -10 
54  38  2 
54  12  -6 
-10  -44  58 
8  50  -16 
-2  -18  -38 
-38  -82  8 
28  18  44 
-6  -8  -18 
-4  38  4 
-32  34  12 

//Reference=MNI 
//nullstudy_80
//Subjects=23
-32  -68  38 
-32  -14  16 
-46  46  -18 
-2  -72  -34 
-36  -66  -18 
-8  -30  40 
-12  -58  -4 
-28  34  30 
30  32  -14 
-42  40  34 

//Reference=MNI 
//nullstudy_81
//Subjects=20
-28  -46  36 
-10  -24  -34 
-22  16  54 
54  2  -30 
-18  -84  0 
-2  18  36 
-4  -56  52 
-4  -24  -10 
42  12  8 
-30  -70  32 
-2  36  -24 
40  4  60 
6  42  56 
12  38  -28 
-30  2  52 

//Reference=MNI 
//nullstudy_82
//Subjects=19
26  10  -14 
10  46  -28 
-28  -50  -52 
36  30  -4 

//Reference=MNI 
//nullstudy_83
//Subjects=17
-52  26  8 
-8  -96  4 
-22  -28  8 
32  64  4 
-32  -16  52 

//Reference=MNI 
//nullstudy_84
//Subjects=20
-56  -6  -16 
36  54  -4 
-50  -6  46 
-64  -30  34 
12  62  20 
-36  -30  -20 
-46  -74  24 
-46  -54  -32 
-16  -56  -12 
-24  -52  40 
-30  -78  -50 
-42  -58  -32 
-16  -20  20 
-66  -18  36 
-20  20  -14 
-4  6  -16 
-56  26  -4 
-40  20  40 
-8  -86  38 
2  48  -26 
-20  -8  -28 
-10  -50  -40 
40  26  28 
-8  28  -30 
-54  -46  -4 
-52  -20  2 
-2  -48  -10 
-40  -26  40 
-36  6  -10 
-2  12  38 
-8  -56  14 
-32  -12  72 
-20  -82  26 
-18  8  -14 
-22  -64  -10 
-10  -104  4 
-40  -72  18 
-18  -70  4 
-16  -64  -48 
-52  38  -12 
-12  -76  28 
-56  -52  2 
-36  0  -44 

//Reference=MNI 
//nullstudy_85
//Subjects=19
-28  58  20 
-26  -6  56 
-26  -36  -40 
34  8  -28 
-4  -90  32 
-40  46  16 

//Reference=MNI 
//nullstudy_86
//Subjects=19
-8  -26  30 
-4  -12  -6 
-30  -24  58 

//Reference=MNI 
//nullstudy_87
//Subjects=20
-52  -32  32 
-62  8  12 

//Reference=MNI 
//nullstudy_88
//Subjects=18
-34  -8  46 
-32  -14  -34 
-6  -80  28 

//Reference=MNI 
//nullstudy_89
//Subjects=20
-54  20  24 
-38  -52  -10 

//Reference=MNI 
//nullstudy_90
//Subjects=20
60  26  18 
-40  -74  -54 

//Reference=MNI 
//nullstudy_91
//Subjects=21
44  34  20 
-44  -72  -10 
-32  26  48 
-34  -54  -48 
-22  -38  62 

//Reference=MNI 
//nullstudy_92
//Subjects=21
-14  -88  -28 
32  24  -2 

//Reference=MNI 
//nullstudy_93
//Subjects=21
-18  -20  12 
30  20  -30 
-16  -74  -32 
-18  0  60 
-32  -82  36 

//Reference=MNI 
//nullstudy_94
//Subjects=19
-36  -58  -34 
-10  -86  24 
40  28  48 
-28  -26  62 
-4  -68  36 
-36  -42  -6 
-20  -78  52 
-38  -64  36 
-32  -72  -14 
4  36  6 
-24  52  -20 

//Reference=MNI 
//nullstudy_95
//Subjects=21
-54  -28  -28 
4  4  26 
-54  0  38 
-42  10  38 
-10  -26  74 
14  2  -6 
30  58  8 
-6  -40  -36 
-22  -74  -36 
-60  -66  12 
-4  -48  44 
-22  -70  -54 

//Reference=MNI 
//nullstudy_96
//Subjects=19
-48  -32  60 
-14  -28  20 
-10  18  46 
-6  -82  -36 
-18  -88  32 
2  40  4 
-60  -8  44 
-50  -34  8 

//Reference=MNI 
//nullstudy_97
//Subjects=20
-32  8  38 
24  6  -32 
-44  -82  -8 
-26  -86  -16 
20  10  72 
6  20  4 
20  18  2 
-36  24  26 
34  18  38 

//Reference=MNI 
//nullstudy_98
//Subjects=21
-32  -14  44 
-38  -28  58 
-28  -72  18 
-6  -2  56 

//Reference=MNI 
//nullstudy_99
//Subjects=19
-30  12  -18 
-22  -44  -12 
-8  -38  -18 
-46  -36  6 
-26  58  24 
40  12  22 
-34  -24  -34 

//Reference=MNI 
//nullstudy_100
//Subjects=21
-48  12  -22 
-24  44  -18 

