//Reference=MNI 
//truestudy_1
//Subjects=31
46  -66  -6 
46  -67  -4 
48  -68  -6 
47  -67  -5 
45  -64  -8 
44  -66  -5 
46  -67  -7 
47  -66  -6 
44  -67  -7 
47  -66  -6 
46  -67  -5 

//Reference=MNI 
//truestudy_2
//Subjects=30
44  -66  -4 
46  -67  -5 
48  -66  -7 

//Reference=MNI 
//truestudy_3
//Subjects=29
44  -66  -6 
46  -67  -6 
45  -65  -3 

//Reference=MNI 
//nullstudy_1
//Subjects=31
12  8  -12 
-4  -54  -30 
50  14  -6 
-6  -64  58 
36  54  24 
30  16  -14 
-32  -58  -54 
-2  58  -6 
34  12  40 
28  6  -44 
-8  -60  32 

//Reference=MNI 
//nullstudy_2
//Subjects=30
-4  -38  -36 
-16  -32  10 
-34  -12  46 

//Reference=MNI 
//nullstudy_3
//Subjects=29
-52  -54  -46 
-66  -20  -10 
-12  -56  -56 

//Reference=MNI 
//nullstudy_4
//Subjects=30
22  62  8 
4  26  46 
-42  38  -6 
-20  30  -16 

//Reference=MNI 
//nullstudy_5
//Subjects=30
24  2  -14 
-70  -22  -6 
-48  -8  34 
26  42  -10 
-32  14  -22 
12  52  10 

//Reference=MNI 
//nullstudy_6
//Subjects=31
54  8  6 
-54  -42  38 
-56  0  28 
12  16  0 
-48  42  -12 
-54  -36  -6 
-54  -4  44 
-44  -6  -42 
-36  -68  48 
-26  -44  -8 

//Reference=MNI 
//nullstudy_7
//Subjects=29
-18  6  72 
-52  -44  -4 
-8  -90  14 
-38  -46  34 
36  22  56 
-16  -28  6 
-22  -34  10 
-28  -40  -54 
-8  10  14 
-12  -88  40 
-48  -76  18 
-8  -10  72 
-50  16  -10 
-6  -70  -46 
18  44  -12 
-62  2  -20 
-6  -46  70 
-30  -36  -28 
-6  -54  -16 
-2  -82  20 
42  52  10 
-4  38  2 
-22  6  -16 
-32  -98  -4 
26  6  46 
-46  -16  40 
60  8  8 
-44  -36  -32 
-50  30  6 
-2  48  18 
24  18  60 
12  54  20 
-10  -60  58 
-12  -50  30 
-38  -12  16 
0  6  74 
34  48  6 
-8  -92  20 
-44  -26  12 
42  52  -2 
-38  16  54 
-36  -58  28 
-22  -14  52 
-20  30  46 
-4  -26  46 
18  26  62 
-56  -14  12 
-22  8  4 
-48  -76  18 
20  24  4 
50  50  -4 
18  28  -24 
-38  -2  2 
-6  -60  -8 
-20  6  70 
14  6  44 

//Reference=MNI 
//nullstudy_8
//Subjects=30
14  60  12 
-60  18  6 
-44  -60  -26 
48  24  10 
4  46  -20 
8  68  -6 
0  24  16 
-20  -24  54 

//Reference=MNI 
//nullstudy_9
//Subjects=28
-32  42  24 
40  24  18 
-14  48  0 
-30  12  14 
-2  -62  -50 
-38  -12  -38 
-62  -32  24 
-30  -32  60 
16  34  40 
-40  32  -10 
-38  48  12 
-46  8  -30 
-62  -4  12 
-10  -28  12 
-18  60  14 
-28  -4  -44 
-32  -38  -46 
-44  -60  30 
-4  22  22 
-44  -62  50 
-46  -20  24 
-42  -74  -22 
-44  -14  10 
-44  -30  -22 
-2  34  -16 
-46  -4  44 
28  18  42 
-14  -18  -24 
-12  -50  -66 
40  12  56 
38  8  12 
-12  40  2 
-2  6  -24 
-44  14  -8 
-44  -32  -4 
-44  -32  60 
-24  -74  -56 
-38  4  -36 
6  36  50 
-50  -48  0 
-24  -56  4 
-40  -16  -20 
-2  46  -6 

//Reference=MNI 
//nullstudy_10
//Subjects=29
-34  2  4 
-24  -20  58 
-14  -42  38 
-60  -16  20 
-26  -56  60 
-4  40  34 
0  12  30 
-12  -88  2 
-32  20  6 
38  36  10 

//Reference=MNI 
//nullstudy_11
//Subjects=31
-54  -64  0 
-40  32  -16 

//Reference=MNI 
//nullstudy_12
//Subjects=30
-32  -8  -32 
-48  -34  -22 
-18  -74  -50 
52  40  10 
-24  -92  12 

//Reference=MNI 
//nullstudy_13
//Subjects=30
-12  36  -20 
8  34  -20 
-62  -54  28 

//Reference=MNI 
//nullstudy_14
//Subjects=29
-48  8  -10 
-8  18  -2 
-2  58  -6 

//Reference=MNI 
//nullstudy_15
//Subjects=30
24  4  -38 
58  14  10 
-14  -24  -2 
-42  -60  44 
-48  12  -4 
-46  10  10 
-20  -26  70 
-2  -64  22 
18  2  66 
32  40  32 
-20  -26  -22 
-16  -22  22 
44  44  -6 
-16  2  64 
-26  -74  56 
36  32  42 
-4  48  24 
-24  -66  62 

//Reference=MNI 
//nullstudy_16
//Subjects=29
30  12  -42 
-4  -42  -26 
-6  -68  -54 
28  20  -14 
-64  -42  -4 
56  40  6 

//Reference=MNI 
//nullstudy_17
//Subjects=31
-64  -6  -18 
54  22  6 
-16  26  6 
-34  28  -8 
-8  -52  74 
-32  -86  -30 

//Reference=MNI 
//nullstudy_18
//Subjects=31
-40  30  30 
-40  4  -32 
-32  -24  8 

//Reference=MNI 
//nullstudy_19
//Subjects=30
16  22  -26 
14  58  -14 
-42  -70  -14 
-28  -82  -8 
6  8  -30 
8  2  -34 
-50  -6  -34 
-34  44  -4 
-52  2  38 
8  8  50 

//Reference=MNI 
//nullstudy_20
//Subjects=28
-16  -98  24 
-40  -10  38 

//Reference=MNI 
//nullstudy_21
//Subjects=28
28  22  -34 
-50  -54  -34 
-18  -68  -62 
-12  -86  -20 
-6  2  -2 
-2  -76  48 
-2  -100  -4 
-26  -46  36 

//Reference=MNI 
//nullstudy_22
//Subjects=31
-4  -28  24 
-10  -32  -22 
-16  -32  -2 
-48  -42  -22 
-44  12  -18 
-34  10  -44 
-6  -4  48 
-16  22  10 
14  2  60 

//Reference=MNI 
//nullstudy_23
//Subjects=29
-36  -76  -6 
-46  -48  -36 
-44  10  40 
-24  -62  14 
-6  -58  -42 
-10  -60  -30 
-42  -66  48 
-50  -10  50 

//Reference=MNI 
//nullstudy_24
//Subjects=31
34  16  -24 
24  24  58 

//Reference=MNI 
//nullstudy_25
//Subjects=30
-22  -94  -22 
8  16  64 

//Reference=MNI 
//nullstudy_26
//Subjects=33
-4  -20  -38 
-42  -44  42 
34  24  4 
48  10  -42 
0  6  56 
26  12  -8 
-2  -48  -28 
-10  -66  36 
44  2  24 
-8  -82  2 
-50  34  24 
-66  -18  -22 
12  48  44 
6  4  -6 
-58  -36  42 
-48  -22  32 

//Reference=MNI 
//nullstudy_27
//Subjects=30
-2  -24  -38 
4  20  48 
-30  14  12 

//Reference=MNI 
//nullstudy_28
//Subjects=30
0  36  38 
6  34  52 
0  34  40 
12  54  -22 
10  42  -6 
-6  8  -26 
-18  10  -12 
-22  -68  10 
14  58  20 
-18  26  10 
-56  -18  -18 
-58  -26  48 
-40  42  30 
40  4  46 
-52  28  -10 
-48  -64  -20 
-52  -64  -44 
-14  66  14 

//Reference=MNI 
//nullstudy_29
//Subjects=30
-12  -56  -24 
-66  -46  -8 
-16  -76  52 
-32  -38  -16 
-40  34  14 

//Reference=MNI 
//nullstudy_30
//Subjects=30
-12  -2  20 
-42  8  28 
-22  -40  -46 
-60  -20  -30 
-22  6  54 
-28  -64  62 
-58  -56  44 
-46  -20  0 
6  36  28 
-44  -84  24 
-4  2  52 
18  22  54 
-28  60  -10 
-10  -74  52 
42  26  -2 
-4  38  -20 
-4  -98  -20 
2  32  34 
20  14  -18 
28  4  48 
-44  -18  -36 
-58  -32  36 
-50  -66  6 
-6  -78  44 
-16  -62  4 
-22  6  -30 
-32  -8  8 
8  26  -18 
-18  30  4 
-42  -2  -14 
-18  -34  24 
-60  -32  -10 
-58  -50  28 
6  8  54 
-2  -8  6 
-12  52  38 
28  38  -16 
-6  -76  22 
-8  14  46 
38  12  22 
-40  50  -4 
-12  -56  -66 

//Reference=MNI 
//nullstudy_31
//Subjects=31
-42  -38  18 
0  58  14 
-42  -8  -34 

//Reference=MNI 
//nullstudy_32
//Subjects=29
-42  -68  -46 
-2  36  -22 
-10  -36  -36 
-40  -12  -32 
-60  -10  -24 
-34  -28  -12 
-6  -74  -2 

//Reference=MNI 
//nullstudy_33
//Subjects=31
32  10  48 
-40  50  4 
-60  -54  -26 

//Reference=MNI 
//nullstudy_34
//Subjects=29
-20  -88  -14 
-40  -16  2 
-50  28  32 
46  18  4 
-24  -68  -46 
10  52  38 

//Reference=MNI 
//nullstudy_35
//Subjects=30
-40  -2  58 
-30  22  -38 
48  24  42 
-10  -22  48 
-34  50  6 
8  48  38 
-6  -34  0 
-52  14  18 
-32  -38  -2 
-26  28  52 

//Reference=MNI 
//nullstudy_36
//Subjects=30
-66  -26  6 
-18  -6  76 

//Reference=MNI 
//nullstudy_37
//Subjects=31
-2  -8  52 
-52  -74  10 
-14  -38  46 
-24  -30  -26 
52  22  38 
-18  -76  -28 
-26  -62  -2 
-36  -74  36 
-64  -44  -10 

//Reference=MNI 
//nullstudy_38
//Subjects=29
-10  -34  46 
-2  -70  2 
-34  34  -8 
20  62  -16 

//Reference=MNI 
//nullstudy_39
//Subjects=30
28  8  58 
-46  -28  2 
-66  -30  22 
-26  -36  -38 
42  46  -2 

//Reference=MNI 
//nullstudy_40
//Subjects=29
-24  18  -10 
-40  2  -26 
4  30  12 
6  42  46 
-36  34  32 
26  44  32 
-58  -12  38 
-36  -18  -14 
-28  -14  -32 
-50  -26  52 
-34  26  30 
-28  -36  -6 
-22  20  54 
-56  -70  -14 
-36  24  26 
-18  -32  4 
-38  -60  -22 
-44  -72  18 
2  8  48 
-26  -38  -14 
-44  22  22 
44  28  36 
-8  -70  -16 
-6  -50  30 
-22  -66  -8 
-28  -74  -16 
-8  -28  18 
-26  10  48 
38  38  6 
34  44  26 
-8  40  -18 
-36  58  18 
-8  54  10 
-30  48  40 
54  8  42 
-22  44  12 
42  30  38 
-6  28  32 
-2  -60  -56 
-6  66  -2 
36  46  -20 
-44  -38  -26 
24  24  38 
-8  -36  46 
-2  -40  38 
2  2  -2 
-14  -94  18 
4  34  -10 
-2  50  16 
-6  34  14 
-28  30  -22 
-6  -48  -14 
12  48  -2 
-2  -82  30 
-50  -20  48 
4  42  -8 
36  40  34 
-12  -28  40 
-14  0  -16 
-6  -58  52 
20  58  34 
48  20  30 
-52  26  -6 
-10  22  66 
-38  -74  -28 

//Reference=MNI 
//nullstudy_41
//Subjects=30
-64  -42  2 
-12  -58  30 
-2  38  28 
10  42  16 
-36  6  24 
10  4  24 
-34  -8  -12 

//Reference=MNI 
//nullstudy_42
//Subjects=30
-8  -10  40 
-14  -48  -20 
44  56  12 
-50  -46  14 
-42  -30  40 
-32  -2  38 
-22  -56  -14 
-66  -16  28 
6  18  4 

//Reference=MNI 
//nullstudy_43
//Subjects=30
-46  -58  6 
-52  12  2 
-20  -80  -36 
-12  22  54 
-24  16  44 
-8  -2  -16 
-18  -82  20 
-34  -90  -8 
-48  -40  0 
-14  56  -22 
-4  -70  -34 
-30  -66  32 
-28  -36  -22 
-46  -18  42 
-24  -8  -46 

//Reference=MNI 
//nullstudy_44
//Subjects=30
-52  -62  42 
-12  -68  -50 
62  6  32 

//Reference=MNI 
//nullstudy_45
//Subjects=30
-4  -20  -6 
-24  44  -16 
-12  64  24 
6  50  -8 
-52  -24  -34 

//Reference=MNI 
//nullstudy_46
//Subjects=28
-52  -22  -24 
46  36  -12 
-40  46  -4 
28  68  0 

//Reference=MNI 
//nullstudy_47
//Subjects=32
14  40  -6 
-50  -42  44 
-4  -16  58 
-64  -28  34 
-10  -90  24 
-6  56  22 
-28  -68  -8 
-8  -22  40 
-6  -20  10 

//Reference=MNI 
//nullstudy_48
//Subjects=30
-6  50  -14 
-46  -24  22 
38  8  34 
-46  20  40 
-36  -30  -10 
-58  2  30 

//Reference=MNI 
//nullstudy_49
//Subjects=30
-4  -22  -24 
-58  -24  18 
-48  -50  18 
-10  -48  72 

//Reference=MNI 
//nullstudy_50
//Subjects=32
-60  -58  -10 
-62  -56  -12 
-6  -42  52 
-46  -46  -32 
-34  -42  44 
-14  26  -28 
-50  32  12 

//Reference=MNI 
//nullstudy_51
//Subjects=31
28  44  26 
-8  0  16 
8  50  4 
30  24  56 

//Reference=MNI 
//nullstudy_52
//Subjects=30
-32  -2  4 
-66  -14  -26 

//Reference=MNI 
//nullstudy_53
//Subjects=31
0  26  -18 
-54  -20  -12 
-34  -74  -56 
-42  38  4 
-48  2  -24 
-16  -34  -48 
22  28  50 
-52  -14  -38 
-6  -26  40 
38  52  -2 
26  12  4 
-26  -74  -20 
-28  -50  56 
-34  -84  30 
-54  4  8 
34  12  -10 
-26  -98  -18 
24  60  26 
-40  -58  -12 
-20  -58  66 
6  2  22 
26  40  42 
48  2  14 
10  18  6 
-54  -24  46 
-60  -14  -12 
-58  -64  -14 
-52  -74  -16 
-58  -4  -4 

//Reference=MNI 
//nullstudy_54
//Subjects=30
50  20  32 
-42  32  -18 
-46  20  -32 
-26  54  20 
-8  -40  -6 
-6  -20  22 

//Reference=MNI 
//nullstudy_55
//Subjects=29
-22  36  -16 
-50  -30  38 
-26  -62  56 
-34  -56  -28 
-8  -90  30 
-56  -46  52 

//Reference=MNI 
//nullstudy_56
//Subjects=31
-20  -84  18 
-30  -44  -32 
-20  -94  -18 
-22  58  -6 
-6  18  -6 
-46  50  6 
-42  -66  -30 
-6  -60  -20 
-60  -60  -4 
-30  -18  -20 
2  64  20 
-4  -52  50 
-16  -86  -40 
-30  2  50 
-54  -30  -24 
-6  -26  -38 
-16  2  26 
42  28  8 
-50  -30  -16 
-20  4  6 
-20  6  70 

//Reference=MNI 
//nullstudy_57
//Subjects=33
0  18  18 
-20  -60  -18 
-22  -68  -56 
-22  -38  -2 
-48  -60  -26 
-58  -12  20 
-20  40  28 
-8  -84  42 
30  10  38 

//Reference=MNI 
//nullstudy_58
//Subjects=29
-36  16  32 
-24  -64  -46 
12  64  8 
-46  12  40 
-56  -64  14 
-36  22  18 

//Reference=MNI 
//nullstudy_59
//Subjects=30
-44  -64  36 
48  34  -16 
14  58  24 
-10  -64  36 
30  12  -28 
-34  38  16 
-52  -54  -14 
-8  -2  68 
-44  -46  26 
-36  -18  8 
-20  -46  74 
-38  -4  64 
-56  -56  -16 
42  8  2 
-22  -84  -48 
-46  -28  -6 
-38  -4  14 
-14  -54  6 
-38  -60  10 
-14  18  -6 
-58  -24  -30 
-62  -16  -22 
-2  -50  70 

//Reference=MNI 
//nullstudy_60
//Subjects=30
-44  -46  22 
-34  -32  46 
-30  -34  -12 
-32  32  44 
-28  54  14 

//Reference=MNI 
//nullstudy_61
//Subjects=30
-36  -2  -44 
-64  -36  26 
-40  -64  -30 

//Reference=MNI 
//nullstudy_62
//Subjects=31
-44  -56  20 
-28  -48  -44 
-34  44  18 
4  16  60 
-10  -48  66 
40  12  -42 
-60  -16  -36 
-14  -26  10 
20  26  0 
44  22  30 
-38  14  -40 
42  4  -44 
-52  -26  44 
-58  -6  14 
-48  -2  -10 
-16  20  64 
-38  14  46 
-32  -22  -16 
10  56  38 
-52  -36  -20 
-42  2  52 
42  44  34 
-38  0  30 
-38  54  4 
-44  52  -12 
-52  -42  34 
20  26  -24 
-56  -18  34 
6  42  38 
-8  -76  -10 
-22  -66  48 

//Reference=MNI 
//nullstudy_63
//Subjects=28
22  64  14 
-14  -4  26 
-30  36  32 
-12  -56  70 
-70  -28  10 
-42  26  10 
-34  -24  16 
-8  14  12 
-4  56  28 
-24  -62  36 
-10  -72  -44 
-42  -60  18 
-54  -50  -36 
-6  2  46 
-40  -88  -2 
-38  -26  44 
-30  16  -22 
-20  -70  38 
-46  2  -28 
-58  -44  -4 
-14  -58  -56 
-2  -70  30 
-2  2  2 
-6  -30  -32 
16  38  58 
-20  -28  -16 
-6  2  -12 
0  18  48 
26  20  62 
-34  -68  32 
38  32  32 
-14  68  -12 
-46  16  -6 
-38  20  42 
-38  -12  58 
-8  -56  -28 
-6  -44  -4 
-48  16  14 
-30  -50  64 
-50  -28  -30 
-24  16  -18 
-38  8  42 
-52  -62  38 
18  18  52 
-26  10  -48 
-42  -2  -24 
-42  -14  22 
-40  -66  -44 

//Reference=MNI 
//nullstudy_64
//Subjects=30
16  38  36 
-2  -70  -16 
-44  18  36 
-20  -86  38 
-10  -56  22 
-58  20  20 
-8  -56  0 
-32  32  -14 
-26  -82  -44 
-10  12  6 
-54  14  12 
34  20  52 
-26  34  -16 
-42  -14  40 
-24  28  42 
-6  0  54 
-26  -90  -10 
-26  64  -4 
28  26  -24 
24  4  -8 
34  52  0 
-12  -18  60 
-22  48  40 
-10  -76  0 
-14  34  44 
-6  10  14 
-4  -60  -18 
-38  -88  -12 
-50  14  -4 
-48  -22  50 
26  60  16 
-8  24  56 
18  58  14 
-44  -28  44 
0  46  -30 
-10  -20  54 
-20  -40  20 
-30  -64  -24 
-18  -34  68 
26  60  14 

//Reference=MNI 
//nullstudy_65
//Subjects=30
-2  52  24 
38  2  -20 
10  40  -18 
-36  -42  34 
-8  -48  -56 
-26  -74  20 
-36  -10  -12 
-28  -24  -28 
-10  8  -20 
-56  16  30 
40  58  12 
42  8  38 
-24  -92  32 
-54  14  40 
-8  -82  14 

//Reference=MNI 
//nullstudy_66
//Subjects=30
-40  -18  -8 
-56  -56  -30 

//Reference=MNI 
//nullstudy_67
//Subjects=30
-42  -62  8 
-48  -42  -30 
42  24  -36 
-20  34  46 
-42  4  -44 
-36  8  -46 
-56  -4  28 
-52  -42  -20 
22  26  -24 

//Reference=MNI 
//nullstudy_68
//Subjects=29
-30  30  52 
-30  16  -30 
2  24  -6 
-38  24  -12 

//Reference=MNI 
//nullstudy_69
//Subjects=30
20  24  64 
-56  -12  -34 
-14  -84  44 
32  56  -6 
20  42  38 
-26  -70  10 

//Reference=MNI 
//nullstudy_70
//Subjects=30
-38  -72  22 
-36  -68  -10 
-10  38  32 
-52  -64  -10 
-30  -14  4 
10  68  -6 
-26  -86  -12 
-18  46  -12 
-32  -70  38 
-60  -34  6 

//Reference=MNI 
//nullstudy_71
//Subjects=30
58  4  0 
-10  -92  34 

//Reference=MNI 
//nullstudy_72
//Subjects=29
-10  16  56 
-36  -16  14 
24  36  38 
-18  -72  22 

//Reference=MNI 
//nullstudy_73
//Subjects=29
14  70  -8 
-4  -64  18 
38  46  -10 
-44  18  -28 
28  36  26 
-12  4  72 

//Reference=MNI 
//nullstudy_74
//Subjects=30
-26  -12  -42 
10  48  46 
62  2  -14 
-30  -46  -6 
-38  0  10 
-14  -70  60 
38  4  60 
-14  54  -24 
-32  34  -22 
0  64  22 
-46  -62  -20 
36  62  -10 

//Reference=MNI 
//nullstudy_75
//Subjects=30
-40  -14  -36 
-20  -58  -8 
-14  -22  10 
-48  -24  40 

//Reference=MNI 
//nullstudy_76
//Subjects=28
-22  44  32 
-8  -42  -38 

//Reference=MNI 
//nullstudy_77
//Subjects=30
-2  -68  -38 
-52  20  0 
-54  22  34 
-10  50  50 
-48  -36  -24 
-42  -14  12 
-20  12  -32 

//Reference=MNI 
//nullstudy_78
//Subjects=31
-12  36  -10 
-50  -74  -22 
-6  -40  46 
-62  -14  16 
-34  2  40 
-6  -6  0 

//Reference=MNI 
//nullstudy_79
//Subjects=31
-34  -44  -8 
-26  -70  -20 
26  4  -36 

//Reference=MNI 
//nullstudy_80
//Subjects=31
-40  -62  -12 
40  4  24 
36  18  32 

//Reference=MNI 
//nullstudy_81
//Subjects=31
-36  -14  -36 
-32  -94  14 

//Reference=MNI 
//nullstudy_82
//Subjects=30
-36  -76  -38 
-6  -68  -40 
-26  -38  66 
14  6  46 
30  44  36 

//Reference=MNI 
//nullstudy_83
//Subjects=29
-28  -72  -2 
-2  -56  -14 
-26  66  -8 
-6  -8  14 
20  50  -2 
-38  0  2 

//Reference=MNI 
//nullstudy_84
//Subjects=31
-16  -102  0 
-26  30  -4 

//Reference=MNI 
//nullstudy_85
//Subjects=31
20  46  40 
-60  -6  34 
6  18  58 
12  30  36 
-8  8  -22 
34  56  14 
-4  -52  -60 

//Reference=MNI 
//nullstudy_86
//Subjects=31
-20  -72  -8 
12  42  24 
-34  -80  46 
-22  -4  -18 
-38  8  46 
4  10  28 
-4  38  -12 
-10  -4  -22 

//Reference=MNI 
//nullstudy_87
//Subjects=30
-22  -74  -12 
-44  2  34 
-4  -14  -34 
-24  -54  38 
62  8  -8 
-42  -64  10 
-38  -78  42 
-58  -6  -2 
-6  -88  -12 
-8  -44  -56 
-40  -54  -20 
4  2  -18 
-22  -32  2 
26  8  2 
-30  -36  50 
28  26  32 
-38  -48  -56 
34  24  14 
-16  18  66 
-8  -48  20 
-8  -32  -50 
-32  -44  -48 
36  22  -32 
-24  18  -26 
-40  14  28 
-54  -28  0 
-44  -72  4 
-16  0  72 

//Reference=MNI 
//nullstudy_88
//Subjects=28
-8  -88  32 
-16  -74  50 
-20  -32  -30 
14  32  20 
-56  30  10 
-4  -78  28 
-24  -36  -26 
-34  -38  -2 

//Reference=MNI 
//nullstudy_89
//Subjects=29
-10  -2  76 
-30  -16  60 
20  32  52 
-48  -54  56 
-32  -20  -6 
-14  4  -2 
-52  -8  -18 
-46  -34  28 

//Reference=MNI 
//nullstudy_90
//Subjects=29
24  32  50 
64  2  34 
-24  -18  -28 
-42  -58  -58 
-24  10  -10 
-10  -34  54 
-36  24  4 
-32  24  14 
40  20  28 
-54  -14  54 
-6  34  -16 
-42  8  34 
26  18  -42 
-68  -24  0 
-58  20  16 
-40  -22  54 
-20  -64  -8 
-38  -8  -2 

//Reference=MNI 
//nullstudy_91
//Subjects=31
-64  -6  2 
-30  48  38 
-4  -24  -16 
-2  -96  16 

//Reference=MNI 
//nullstudy_92
//Subjects=30
-38  4  12 
32  4  38 
-4  32  48 
-30  32  -6 
-14  -28  44 
-52  38  14 
-38  -12  66 
-8  -62  -46 
-8  26  20 
40  62  2 
-50  2  54 
28  8  8 
-32  40  16 
-52  -48  36 
-40  -12  -12 
-4  44  -26 
-30  4  66 
-28  52  -4 
-10  -36  -46 
-24  18  58 
-2  -54  -62 
-4  4  74 
-12  -42  2 
40  14  -10 
14  46  20 
-10  14  12 
4  30  -6 
-34  12  60 
-32  -70  -20 
10  44  -12 
46  12  18 
-2  -66  -40 
-52  22  -14 
-56  -16  -20 
-38  -82  -14 
-18  -52  -36 
30  22  -38 
-10  36  36 
-50  -24  -32 
-30  20  58 
-10  -50  -54 
40  2  54 

//Reference=MNI 
//nullstudy_93
//Subjects=31
-16  -60  68 
-62  -28  26 
14  38  16 
-42  -58  -6 
-6  -56  54 
-8  16  -4 
-44  -32  -24 
-36  -54  -14 
-34  -70  -60 
-26  -42  -2 
-44  -56  -4 
50  2  48 
50  48  -8 
-36  8  -18 
-40  -58  42 
-32  -58  -10 
-38  -28  -28 
-2  -76  -22 
-46  -26  20 
-16  30  60 
-30  -64  48 
-10  18  12 
-4  -54  -12 
-4  -2  50 
4  4  58 
-38  -34  -22 
-60  -38  34 
-8  -54  8 
-8  -24  12 
-12  -42  36 
-18  -44  -36 
-32  -34  -8 

//Reference=MNI 
//nullstudy_94
//Subjects=30
-22  -14  74 
28  24  -10 
36  60  2 
-34  6  56 
-64  -20  6 
-62  2  20 
-28  -4  -24 
-6  -40  -28 
-44  -32  58 
14  38  46 
-26  48  8 

//Reference=MNI 
//nullstudy_95
//Subjects=30
-44  44  -8 
6  2  76 
-52  40  -2 
26  56  34 
-50  -50  8 
-16  -40  -28 

//Reference=MNI 
//nullstudy_96
//Subjects=30
-40  -58  -8 
40  12  -10 
-30  -42  -26 

//Reference=MNI 
//nullstudy_97
//Subjects=32
-32  12  0 
-38  -10  52 
-26  -64  -32 

//Reference=MNI 
//nullstudy_98
//Subjects=29
-4  36  -30 
-6  -50  68 
-6  0  38 

//Reference=MNI 
//nullstudy_99
//Subjects=29
-28  -18  4 
-10  -54  -54 
-6  -26  -26 
-42  -34  56 
-32  -90  -10 
-32  -78  -54 
-24  4  -36 

//Reference=MNI 
//nullstudy_100
//Subjects=28
-20  60  18 
-64  -8  20 
-60  -20  -10 
-22  -74  10 
58  8  22 
-10  60  30 

