//Reference=MNI 
//truestudy_1
//Subjects=31
46  -67  -4 
46  -66  -7 
46  -65  -5 
46  -68  -7 
45  -65  -5 
45  -66  -4 
46  -68  -7 
45  -66  -6 
46  -65  -6 
46  -65  -7 
44  -65  -7 
46  -67  -7 
48  -67  -6 
47  -65  -7 
46  -68  -6 

//Reference=MNI 
//truestudy_2
//Subjects=29
48  -65  -6 
46  -66  -6 
46  -67  -7 
48  -67  -6 

//Reference=MNI 
//truestudy_3
//Subjects=30
46  -67  -8 
45  -67  -7 
45  -66  -6 
46  -66  -5 
47  -65  -5 
46  -67  -5 

//Reference=MNI 
//nullstudy_1
//Subjects=31
-4  -20  -2 
-26  46  18 
-66  -44  16 
-8  8  -12 
22  40  -12 
-10  -78  -30 
-44  -66  28 
-12  -66  -34 
-46  -20  2 
-8  40  18 
-8  22  -20 
-36  20  -18 
-28  0  62 
-6  -24  56 
36  36  18 

//Reference=MNI 
//nullstudy_2
//Subjects=29
-2  -66  64 
-26  -96  18 
-46  -10  12 
-14  -80  50 

//Reference=MNI 
//nullstudy_3
//Subjects=30
-10  -54  6 
-40  -6  -34 
-32  22  60 
-14  14  -12 
-58  -32  -14 
10  36  42 

//Reference=MNI 
//nullstudy_4
//Subjects=30
-50  -46  -38 
24  58  16 
22  32  60 
18  10  68 
40  20  -30 

//Reference=MNI 
//nullstudy_5
//Subjects=31
-32  -30  60 
-54  -54  40 
12  6  -6 
-54  -2  -14 
-16  -86  -46 
-24  -82  -34 
-28  30  -22 
-56  -60  14 

//Reference=MNI 
//nullstudy_6
//Subjects=31
-30  10  16 
-36  44  -18 
-36  -28  -20 
-50  -4  22 
32  20  8 
-50  22  8 
24  58  10 
-56  -66  -4 
-44  2  40 

//Reference=MNI 
//nullstudy_7
//Subjects=29
-48  -30  20 
-30  -56  58 
-24  -2  -48 

//Reference=MNI 
//nullstudy_8
//Subjects=29
-28  -100  -6 
-30  -42  -34 
-26  -40  40 

//Reference=MNI 
//nullstudy_9
//Subjects=31
44  30  -8 
-58  -46  42 
-6  -18  -18 
42  30  30 
8  4  22 
42  4  -10 
-12  40  -18 
-42  26  48 
-16  -26  10 
-32  -56  -8 
-8  -44  -34 
-60  -6  40 
58  26  26 

//Reference=MNI 
//nullstudy_10
//Subjects=29
20  8  60 
-30  -82  -12 

//Reference=MNI 
//nullstudy_11
//Subjects=32
-18  -78  -34 
0  18  18 
-54  16  -4 
-36  -30  -30 
-40  -64  12 
12  10  -22 
-22  40  -22 
-14  -86  -12 
-38  -18  -32 
-48  -36  0 
-14  58  -6 
-40  46  22 
18  28  -14 
-2  12  16 
10  60  12 
12  52  -8 
-14  -82  12 
34  56  26 
-26  -26  -16 
-56  -68  -14 
-34  22  -16 

//Reference=MNI 
//nullstudy_12
//Subjects=30
-32  10  50 
-32  -54  -50 
-58  -68  16 
32  24  36 
-38  -86  -18 

//Reference=MNI 
//nullstudy_13
//Subjects=30
26  8  56 
-2  -84  -26 
-46  -26  -30 
0  20  40 
-24  10  2 
-18  -20  -16 

//Reference=MNI 
//nullstudy_14
//Subjects=30
-2  -50  32 
-8  -56  20 
8  12  -2 

//Reference=MNI 
//nullstudy_15
//Subjects=29
58  6  16 
-10  -90  -40 
-32  20  36 
-36  4  -46 

//Reference=MNI 
//nullstudy_16
//Subjects=29
-36  10  6 
-16  -2  -2 

//Reference=MNI 
//nullstudy_17
//Subjects=29
-48  -64  -8 
-12  -48  -26 
-68  -26  8 

//Reference=MNI 
//nullstudy_18
//Subjects=31
-38  -28  10 
32  34  -20 
-30  -68  50 
-44  -80  -18 
-30  14  64 
-10  -96  -24 
-20  -50  68 
14  24  -2 
48  50  -2 
46  28  30 
-20  -36  -50 
-4  -80  26 
6  28  50 
-28  0  -26 
-10  -76  14 
12  30  60 
-10  -28  12 
-22  -60  48 

//Reference=MNI 
//nullstudy_19
//Subjects=31
16  28  -4 
2  28  -14 
42  2  36 
-18  -14  76 
-30  22  -36 
-40  26  28 
-44  -34  -24 
-32  42  38 
10  54  18 
28  20  46 

//Reference=MNI 
//nullstudy_20
//Subjects=30
-64  -12  -2 
30  40  22 
54  4  40 
-62  6  -4 
-22  -50  46 
-50  -20  -20 
-64  -8  24 
-26  -80  -10 
-50  -38  -6 

//Reference=MNI 
//nullstudy_21
//Subjects=29
-60  -6  -10 
-2  12  34 
-4  68  6 

//Reference=MNI 
//nullstudy_22
//Subjects=31
-16  -6  24 
-44  -62  -34 
-2  22  18 
-58  8  -4 
-20  -66  18 
-16  -74  6 
-14  -60  44 
-40  -80  28 

//Reference=MNI 
//nullstudy_23
//Subjects=29
-12  -34  -40 
-16  6  -12 
-26  -6  -32 

//Reference=MNI 
//nullstudy_24
//Subjects=30
-10  -56  12 
2  60  26 
-32  4  46 

//Reference=MNI 
//nullstudy_25
//Subjects=30
-6  12  56 
-48  -50  44 
-8  -36  60 
-38  -90  0 
30  18  -28 

//Reference=MNI 
//nullstudy_26
//Subjects=30
54  8  -16 
-14  40  10 
-14  -80  -40 
-54  4  -6 
-46  8  56 

//Reference=MNI 
//nullstudy_27
//Subjects=31
-28  46  10 
-8  -6  40 
32  58  -2 
-54  -28  58 
-42  -34  28 
-44  0  16 
-16  -60  28 
-12  -20  -18 

//Reference=MNI 
//nullstudy_28
//Subjects=31
44  20  4 
-20  -40  56 
-46  10  38 
-2  48  28 
-58  -54  46 
-50  10  20 
-10  -64  -16 
-48  8  -2 
-36  16  32 
-54  -38  16 
-2  -48  -6 
-56  -30  22 
-6  -88  38 
-8  -16  46 
-22  30  46 
-6  60  14 
-8  20  8 
32  24  0 

//Reference=MNI 
//nullstudy_29
//Subjects=30
-16  -76  8 
-10  -40  6 
-30  20  58 
-28  -52  -18 
-44  26  24 

//Reference=MNI 
//nullstudy_30
//Subjects=30
-24  -4  -28 
-8  -76  56 
-2  36  -30 
-30  12  -16 
-56  12  -6 

//Reference=MNI 
//nullstudy_31
//Subjects=31
24  14  -36 
-18  -66  62 

//Reference=MNI 
//nullstudy_32
//Subjects=29
28  36  -8 
-36  16  -12 
-18  -40  56 
-22  0  -12 
-32  -10  6 

//Reference=MNI 
//nullstudy_33
//Subjects=29
-40  12  26 
10  12  -28 
-44  16  -18 
-30  6  44 
-44  -52  -4 
-30  -66  4 
-46  -50  0 
-10  70  2 
-50  24  30 
-62  -30  46 
8  40  48 
-70  -24  2 
-38  54  22 
-12  -84  -50 
-10  -104  0 
38  2  4 
-36  -82  -14 
-28  6  50 
-50  -42  14 
20  8  18 

//Reference=MNI 
//nullstudy_34
//Subjects=31
-20  -42  68 
-40  -14  4 
-32  -18  -24 

//Reference=MNI 
//nullstudy_35
//Subjects=30
-62  -4  -6 
-54  -2  8 

//Reference=MNI 
//nullstudy_36
//Subjects=30
-8  64  -10 
-4  -24  -48 
-26  -6  -20 
-10  -54  74 
-2  -90  28 
0  4  42 
32  2  40 
-2  -20  74 
-30  -34  -42 
-46  -48  -44 
-32  -68  30 
-44  42  2 
40  18  -24 
-22  -84  -34 
-46  14  46 
-38  -58  -24 
-34  20  56 
-30  40  14 
46  24  -12 
-40  22  48 
-18  -98  14 
-46  -72  44 
-16  42  46 
-10  18  8 
-50  -80  -8 
-38  -38  -10 
-50  -58  -22 
-28  -20  58 
-38  -40  -30 
-38  -94  6 
30  20  -6 
52  6  48 
52  20  42 
-32  -6  12 
-14  -54  68 
16  8  -42 
-2  -10  6 
-58  -58  2 
-20  -34  -26 
-18  -84  46 
-18  16  -14 
58  10  32 
36  12  22 
-38  -82  -12 
-6  -36  54 
-30  -50  48 
-24  38  44 
-64  -10  -8 

//Reference=MNI 
//nullstudy_37
//Subjects=30
-16  -34  -24 
-54  -56  14 
64  2  -8 
-46  -32  -8 
-34  -14  70 

//Reference=MNI 
//nullstudy_38
//Subjects=29
-20  18  62 
-18  -78  36 

//Reference=MNI 
//nullstudy_39
//Subjects=32
-4  -68  0 
-26  -12  62 
-8  70  2 
-18  38  -26 
-6  -28  42 

//Reference=MNI 
//nullstudy_40
//Subjects=31
-32  -54  58 
-42  -52  40 

//Reference=MNI 
//nullstudy_41
//Subjects=30
-28  -92  -18 
-60  -32  -22 
-22  -6  -24 
-10  -22  58 
-58  -46  26 
-38  8  2 
-24  6  -32 
46  48  -14 
-40  32  22 
-56  -70  0 
-50  -20  22 
54  24  -6 
-52  -46  22 
-24  -56  50 
-22  -102  10 
-24  62  20 
-44  -64  18 
-58  -48  36 
-10  2  -12 
-32  -50  4 
-32  2  4 
6  38  -8 
32  2  50 
-42  -72  46 

//Reference=MNI 
//nullstudy_42
//Subjects=31
52  14  -30 
-38  -16  -8 
-24  -30  62 
-22  -94  -12 
-28  -80  -26 
-38  -44  -32 
-6  68  -8 
-30  56  0 
-52  -36  12 
-38  -48  -52 

//Reference=MNI 
//nullstudy_43
//Subjects=31
-24  -52  70 
-44  -68  46 
-28  -4  8 
30  20  30 
-46  16  -10 
-12  2  -8 
-64  -26  36 
30  10  -40 
-12  2  54 
-4  -10  46 

//Reference=MNI 
//nullstudy_44
//Subjects=32
0  10  12 
-52  32  22 
-12  -84  -48 
38  44  6 
-42  -68  -6 
-8  -96  -14 
22  40  -14 
-14  -60  -60 
-8  24  -22 
-38  -62  8 
20  46  -12 
-24  -82  22 
6  42  6 
8  30  50 
-52  -38  4 
-4  -26  8 
-66  -10  -22 
-18  12  10 
14  60  -12 
14  30  -20 
-14  -90  16 
-12  -64  62 
-42  -56  54 
-42  -12  -42 
30  36  -16 
-26  -82  -14 
48  14  40 
-22  42  46 
-26  -58  36 
-24  -74  -38 
-26  36  34 

//Reference=MNI 
//nullstudy_45
//Subjects=30
-12  10  -8 
-18  -44  6 
-14  -34  38 
-38  -38  -12 
-4  -82  20 
42  10  -18 
-8  52  -28 
-26  -84  8 
-32  -70  36 
52  8  -38 
30  54  26 
26  40  20 
-26  -58  62 
-50  -74  -28 
32  14  -34 
-28  14  -18 
-10  -34  -20 
-24  6  -14 
-54  -60  4 
48  8  44 
-62  -20  -14 
2  30  36 
-20  -12  -44 
-24  -54  -6 
-42  -50  18 
-6  -62  40 
-18  36  44 

//Reference=MNI 
//nullstudy_46
//Subjects=31
-44  54  6 
-6  -60  16 
-26  26  -20 
-6  20  56 
-48  -24  2 
-42  14  28 
-8  -54  22 
-40  26  -22 
-20  48  18 
-14  58  24 
50  6  -12 
-4  -50  70 
-44  -64  2 
-8  24  -28 
6  18  54 
-12  -10  14 
-6  8  66 
4  30  14 
-28  58  -16 
-34  -8  -4 
-46  -24  52 
-8  -6  56 
-38  -72  -42 
-6  -6  68 

//Reference=MNI 
//nullstudy_47
//Subjects=32
-40  2  60 
62  16  6 
-48  -10  52 
-56  -40  36 
-2  -24  58 
46  22  -2 
-20  -62  44 
-4  32  48 
-52  -54  12 

//Reference=MNI 
//nullstudy_48
//Subjects=31
-42  -54  -38 
-40  52  12 
-18  -78  48 
-24  -2  70 
-42  -48  -18 
-16  -54  -14 
-2  50  30 
18  40  -24 
-26  52  2 
12  50  -4 
-32  2  -36 
-16  -32  -30 
34  20  -22 
54  8  16 
-34  -78  -18 
-60  -58  -16 
48  50  -8 

//Reference=MNI 
//nullstudy_49
//Subjects=31
-56  -62  -28 
-54  -28  48 
-26  -24  -30 
16  14  -2 
-32  -26  48 
-6  -34  38 
8  54  2 
-20  -60  10 
-52  10  30 
4  50  -24 
-6  -16  28 
-24  -40  10 
8  72  0 
-40  -38  -28 
-56  12  -8 
-40  -24  -32 
-42  18  -4 
-46  8  -10 
-36  16  -18 
-2  2  28 
56  4  -20 
-20  -6  -18 
10  70  -8 
-42  -78  40 
28  16  62 

//Reference=MNI 
//nullstudy_50
//Subjects=31
-4  -34  64 
-4  16  -28 
-2  -36  -50 
34  12  -18 
28  18  -32 
-14  -22  -12 
6  60  -22 
-18  0  -34 

//Reference=MNI 
//nullstudy_51
//Subjects=30
-18  -60  2 
-8  -40  62 
-18  -82  -42 
-10  -28  68 
2  28  -2 
12  12  52 
28  6  8 
-30  -88  -22 
-18  10  64 
-36  -44  -10 

//Reference=MNI 
//nullstudy_52
//Subjects=29
-26  -86  -38 
18  2  -6 
-26  44  -20 
-4  -50  28 
-30  -16  -34 
-2  -18  34 
-62  -32  46 
12  50  -18 
40  4  2 
-38  10  -44 
-2  -78  -12 
60  14  -2 
-34  -34  -12 
-28  -32  -18 
-38  -60  8 
-14  -94  -24 
34  12  4 
-20  -48  4 

//Reference=MNI 
//nullstudy_53
//Subjects=29
48  38  4 
16  34  40 
-28  48  -18 
-30  -66  58 
30  28  28 
-16  -80  4 
-16  -66  -40 
44  2  32 
-12  64  26 
-8  46  -16 

//Reference=MNI 
//nullstudy_54
//Subjects=32
-40  -46  -54 
8  56  -18 

//Reference=MNI 
//nullstudy_55
//Subjects=30
-6  -14  44 
-34  -38  54 
14  50  8 

//Reference=MNI 
//nullstudy_56
//Subjects=30
-12  -8  -28 
-18  -62  -8 
-6  -92  20 
14  18  58 
6  14  0 
30  62  14 
-4  -38  24 
-50  30  22 
-54  16  -6 
-32  -80  38 
-52  -16  -14 
-34  -68  14 
-12  20  64 
4  8  28 
-54  -74  -8 

//Reference=MNI 
//nullstudy_57
//Subjects=29
-24  -40  20 
-34  -48  -30 
-2  14  38 
-10  -78  8 
-28  26  -16 

//Reference=MNI 
//nullstudy_58
//Subjects=30
-36  -46  -30 
-36  -2  -48 
4  2  10 
-30  -48  -12 
-14  46  -24 

//Reference=MNI 
//nullstudy_59
//Subjects=30
-2  -46  6 
-8  -12  12 
-34  34  -22 

//Reference=MNI 
//nullstudy_60
//Subjects=30
10  34  30 
-32  -28  54 
-50  -58  -24 
-6  -88  -8 
12  62  10 
-4  58  -20 
-18  -52  52 

//Reference=MNI 
//nullstudy_61
//Subjects=30
-34  -12  -34 
-60  -56  24 
-62  -12  24 
-26  12  -4 

//Reference=MNI 
//nullstudy_62
//Subjects=30
-42  -54  -22 
-46  -34  -28 
4  30  44 
-48  0  30 
-20  12  62 
-46  -72  24 

//Reference=MNI 
//nullstudy_63
//Subjects=31
16  2  -32 
-26  10  -20 
18  36  -18 
-70  -18  -14 

//Reference=MNI 
//nullstudy_64
//Subjects=28
-36  -50  -58 
-12  20  42 
40  52  6 

//Reference=MNI 
//nullstudy_65
//Subjects=31
-44  -58  -24 
26  62  10 
-14  -32  8 
-6  -4  30 
-28  -68  -22 
-14  -64  14 
-2  -86  18 
12  44  48 
-4  58  16 
-42  -46  -50 
-38  -16  -34 

//Reference=MNI 
//nullstudy_66
//Subjects=30
36  8  -4 
-2  -22  -20 
-16  -30  -28 

//Reference=MNI 
//nullstudy_67
//Subjects=31
-34  -80  4 
-22  -70  26 
-12  -90  -28 
-10  -50  -58 
-2  56  -26 
-56  -52  -16 
-32  -18  -30 
-8  -98  -2 
12  36  -4 

//Reference=MNI 
//nullstudy_68
//Subjects=31
-34  56  -14 
-4  -18  -40 
-28  54  10 
-36  -64  -30 
-10  64  4 
50  4  26 

//Reference=MNI 
//nullstudy_69
//Subjects=30
-52  -14  26 
-40  -58  24 
-22  -34  -42 
-32  -48  -26 
-62  -22  22 
-38  -40  -8 
2  62  16 
0  40  20 
-38  -4  36 
-12  -66  10 
-34  6  12 
-14  -38  52 
-36  -64  -12 

//Reference=MNI 
//nullstudy_70
//Subjects=31
-36  -8  -38 
-58  -26  12 
12  46  48 
-58  8  22 
40  20  28 
-46  -46  48 
46  6  48 
38  24  -18 
36  34  40 
-64  4  10 
-4  -74  8 
0  24  -6 
-58  -18  24 
-20  -60  10 

//Reference=MNI 
//nullstudy_71
//Subjects=31
-44  2  54 
60  8  -26 
-16  -66  58 
-24  -86  6 
-48  -8  -14 
-12  -56  -40 
-4  -36  54 
-2  -72  -36 
4  10  24 

//Reference=MNI 
//nullstudy_72
//Subjects=31
2  34  -14 
-26  -8  -26 
-18  36  30 
12  18  14 
4  4  38 
-14  -46  -30 
-40  -72  -34 
-50  -12  -26 
-34  -90  -6 
4  66  10 
-22  -72  -8 
32  10  52 
-42  2  36 
-20  -52  -58 
-52  -42  18 
2  52  -22 
16  22  -28 
-8  36  38 
-2  -14  62 
32  6  66 
-42  -60  -14 
-46  16  8 
-42  -2  18 
24  46  32 
-44  -4  -4 
-52  -26  26 
36  10  26 
-26  -2  -38 
-54  -52  -8 
-34  -24  58 
-12  -10  8 
-22  -42  -2 
-6  -28  12 
-34  -72  10 
22  40  48 
52  14  0 
30  12  4 
52  6  -36 
-50  -18  -4 
34  14  -42 
-62  -20  30 
14  34  20 

//Reference=MNI 
//nullstudy_73
//Subjects=30
-26  -68  -38 
-58  -20  52 
-48  -6  -18 
-46  8  42 
-52  -66  28 
-18  56  18 
-38  -2  40 
-42  -44  38 

//Reference=MNI 
//nullstudy_74
//Subjects=30
8  50  -6 
-12  10  62 
-34  62  2 
26  60  28 
-18  -90  -10 
4  44  -24 
-2  26  50 
10  8  -24 
48  12  30 
-40  42  -20 
54  30  8 

//Reference=MNI 
//nullstudy_75
//Subjects=29
16  22  2 
-16  -70  -2 
-10  40  58 
52  22  16 
-14  -56  -30 
-32  -18  -24 
-16  42  -20 
-12  -60  10 

//Reference=MNI 
//nullstudy_76
//Subjects=30
26  48  -12 
-58  -68  -6 
-38  -88  2 
-16  -14  74 
-42  -54  42 
-36  0  -14 
-36  -12  -40 
-44  -44  56 
-48  -18  36 
-4  -24  -22 

//Reference=MNI 
//nullstudy_77
//Subjects=30
-44  -6  -14 
-52  -30  16 
-24  -46  -8 
-16  -72  0 

//Reference=MNI 
//nullstudy_78
//Subjects=30
-50  -24  -8 
46  32  32 
30  32  36 

//Reference=MNI 
//nullstudy_79
//Subjects=30
-20  64  18 
-16  -16  66 
-12  8  60 
6  24  -12 

//Reference=MNI 
//nullstudy_80
//Subjects=30
-30  30  -8 
38  16  54 
-20  50  8 
-4  -74  54 
-52  16  24 

//Reference=MNI 
//nullstudy_81
//Subjects=31
-40  -2  -8 
-18  -4  -20 
28  58  6 
-8  -102  8 

//Reference=MNI 
//nullstudy_82
//Subjects=29
42  6  30 
-14  -38  50 
-4  10  64 
34  24  -22 
-26  -70  -44 

//Reference=MNI 
//nullstudy_83
//Subjects=31
-44  -62  -32 
-44  -68  14 
-34  -20  -24 
-10  38  -14 
-58  -54  44 
-8  -50  60 
0  4  2 
-26  16  -2 
-66  -42  18 
-30  46  38 
-46  -20  -30 
-26  -74  -12 
42  2  -20 
-24  -44  52 
-8  4  -32 
-44  -30  42 
-54  -58  -46 
28  18  -30 
-52  -50  -12 

//Reference=MNI 
//nullstudy_84
//Subjects=29
-58  -46  40 
52  22  10 

//Reference=MNI 
//nullstudy_85
//Subjects=31
26  62  6 
-2  -54  -16 
8  6  72 
-56  -58  10 
-8  -8  68 
20  22  64 
-2  -80  -32 
-30  -54  -56 
-30  -74  28 
-34  -2  -44 
-38  -18  18 
28  54  22 
-56  4  32 
-6  2  10 
-32  36  38 
40  32  10 
-14  66  22 
0  52  -10 
-6  -8  46 
-10  -8  16 
-36  22  28 

//Reference=MNI 
//nullstudy_86
//Subjects=32
-30  32  44 
-32  -38  -50 
-48  -48  -4 

//Reference=MNI 
//nullstudy_87
//Subjects=31
-20  -12  -20 
24  54  2 
18  44  50 
-32  -80  -44 
-10  -40  -38 
4  32  14 
-56  -14  16 
-30  -38  40 
-48  32  -4 
26  8  -32 
-4  -12  6 
-6  -42  -22 
-46  14  4 
-16  -76  24 
-26  -86  -14 
22  46  44 
-20  -68  64 
-56  -16  2 
-40  22  54 
-54  6  -38 
16  24  62 
-20  -52  72 
-30  -40  -50 
64  2  -22 
-48  -18  38 
-12  -80  44 
-40  -88  6 
-10  -88  16 
-28  -4  -20 
-4  40  -2 

//Reference=MNI 
//nullstudy_88
//Subjects=30
-18  -70  -46 
-22  -82  12 
10  48  18 
22  46  -14 
-60  -26  -12 
-38  -16  6 
-58  -22  24 
-68  -12  20 
10  32  24 
-32  -86  -24 
-58  -16  46 
24  10  -2 
-4  2  64 
-10  -60  -28 
-62  -14  40 
-30  -74  -58 
-30  40  38 
-8  -64  54 
-24  24  -24 
-18  -66  4 
-56  -14  50 
-12  36  16 

//Reference=MNI 
//nullstudy_89
//Subjects=30
-50  10  -40 
-16  -14  78 
-68  -34  -14 
6  26  14 
16  50  -20 
-46  -50  -46 
-24  -92  -8 
-46  -32  2 
-42  0  60 
-52  38  -12 
-56  -28  36 
0  30  14 
-42  6  24 
36  20  40 
-18  58  24 
8  52  34 
-54  2  -16 

//Reference=MNI 
//nullstudy_90
//Subjects=27
62  4  26 
-16  -66  22 
16  2  -44 

//Reference=MNI 
//nullstudy_91
//Subjects=30
-50  -10  38 
-4  26  -24 
-4  -76  40 
-66  -14  20 

//Reference=MNI 
//nullstudy_92
//Subjects=30
-60  -34  10 
-54  -76  14 

//Reference=MNI 
//nullstudy_93
//Subjects=29
-10  -18  76 
-50  4  50 
-56  -40  32 
-52  22  -2 

//Reference=MNI 
//nullstudy_94
//Subjects=30
-44  -60  -46 
0  62  18 
48  28  36 

//Reference=MNI 
//nullstudy_95
//Subjects=30
-56  2  -12 
-34  26  -26 
-30  12  -34 

//Reference=MNI 
//nullstudy_96
//Subjects=30
-46  -72  -2 
-8  -22  -30 
62  8  22 
26  52  12 
-14  -72  -28 
40  58  -8 
-26  -52  54 
-44  -30  34 
-8  -34  48 
-34  -42  42 

//Reference=MNI 
//nullstudy_97
//Subjects=29
56  6  -26 
18  34  -14 
-26  4  -12 
-24  56  -12 
-20  -60  -26 
-34  -50  56 
8  68  -6 

//Reference=MNI 
//nullstudy_98
//Subjects=27
-52  -46  38 
24  12  62 
-20  -78  32 
-20  38  -10 
-40  -56  50 
-26  -36  -22 

//Reference=MNI 
//nullstudy_99
//Subjects=29
-6  18  26 
-64  -46  -6 
-38  -82  -42 

//Reference=MNI 
//nullstudy_100
//Subjects=30
-16  -84  -46 
-26  -48  -30 

