//Reference=MNI 
//truestudy_1
//Subjects=30
48  -66  -8 
45  -65  -6 
46  -64  -5 
47  -66  -7 
48  -67  -7 
48  -66  -6 
47  -66  -5 
45  -65  -6 
46  -66  -6 
47  -65  -5 
47  -65  -6 

//Reference=MNI 
//truestudy_2
//Subjects=30
45  -67  -6 
44  -65  -7 
46  -66  -7 
44  -67  -6 

//Reference=MNI 
//truestudy_3
//Subjects=31
46  -65  -7 
46  -64  -8 
47  -67  -5 
46  -66  -5 
46  -67  -7 
45  -67  -6 
49  -68  -5 
46  -66  -5 
47  -66  -7 
47  -66  -6 
47  -65  -7 
46  -66  -6 
46  -67  -6 

//Reference=MNI 
//nullstudy_1
//Subjects=30
-24  -12  72 
44  10  -14 
-16  -30  0 
-38  -50  28 
2  12  70 
-40  -64  32 
52  30  30 
-24  -78  -22 
-66  -34  -8 
-12  -54  30 
-64  -20  30 

//Reference=MNI 
//nullstudy_2
//Subjects=30
-12  46  -12 
-34  10  -40 
-6  32  -6 
-40  24  -28 

//Reference=MNI 
//nullstudy_3
//Subjects=31
-34  14  44 
-50  40  10 
18  22  44 
-6  4  -26 
-48  16  18 
-50  -76  -8 
-10  -20  54 
-14  -28  -20 
10  8  52 
34  6  34 
-8  -52  28 
46  50  -14 
-38  -20  -4 

//Reference=MNI 
//nullstudy_4
//Subjects=31
-14  46  30 
-46  -38  36 
-4  -72  44 
46  28  -2 
-56  -26  -22 
40  16  -42 
-46  -80  -12 
-12  30  32 
-32  -14  6 
-24  42  38 
12  16  40 

//Reference=MNI 
//nullstudy_5
//Subjects=32
-34  -34  44 
-12  -40  -48 
-60  -44  20 
-60  -62  10 
-34  4  -40 
-44  -42  4 
10  36  2 
42  42  4 
-22  -94  12 
-62  -56  8 
-2  -70  28 
-30  36  16 

//Reference=MNI 
//nullstudy_6
//Subjects=30
38  24  -18 
-18  -54  16 
34  2  60 
-20  -16  -22 

//Reference=MNI 
//nullstudy_7
//Subjects=30
36  14  46 
-22  0  -4 
6  8  12 
-36  -26  -14 
-20  14  56 
46  18  -8 
-68  -42  10 
-40  18  -2 
-50  -36  48 
-6  -80  54 
-12  -32  -30 
-44  -78  28 
-4  22  48 
-10  -46  4 
-14  -74  16 
-20  -12  -16 
-18  -34  -36 
-14  -66  40 
-54  -12  42 
-24  -16  -10 
-18  30  48 
-46  10  18 
-2  -52  28 
2  2  30 
-54  30  -6 
-64  -4  16 
10  46  -14 
-24  -76  -8 
-46  16  -30 

//Reference=MNI 
//nullstudy_8
//Subjects=30
-42  -64  -34 
-34  16  -20 
20  6  -28 
-24  -48  0 

//Reference=MNI 
//nullstudy_9
//Subjects=31
-14  -64  -26 
-38  -58  -48 
42  46  12 
-48  -10  42 
-28  -26  -16 
-22  -50  -16 
38  24  54 
24  16  -38 
-66  -54  10 
-10  -52  28 
-22  -86  -2 
-12  -64  42 
-42  -14  50 

//Reference=MNI 
//nullstudy_10
//Subjects=29
-28  -74  -40 
52  24  20 
48  8  -26 
-44  0  -42 
-20  -46  68 
-40  -4  8 
-30  34  -20 
-28  28  2 
18  12  -20 
66  2  20 
-2  30  -20 
-34  -96  8 
16  6  14 
-20  -84  -6 
-34  -78  24 
-4  -68  54 
-64  -22  26 
50  16  46 

//Reference=MNI 
//nullstudy_11
//Subjects=29
-50  -18  8 
-50  -66  14 

//Reference=MNI 
//nullstudy_12
//Subjects=30
-56  12  8 
-18  -60  -56 

//Reference=MNI 
//nullstudy_13
//Subjects=28
-6  -42  44 
56  14  34 
-30  -74  50 
-50  4  8 
-38  -10  46 
-10  38  -14 

//Reference=MNI 
//nullstudy_14
//Subjects=31
12  62  4 
-26  -46  40 

//Reference=MNI 
//nullstudy_15
//Subjects=30
36  2  34 
-28  -6  -44 
-4  22  -4 
-60  -30  16 
-32  -10  -44 
-54  -62  20 
4  20  58 
-28  -2  -14 
-8  68  20 
-2  -50  4 
2  30  32 
-50  -32  -30 
-64  -36  0 
-10  -34  -32 
30  2  -50 
-36  -54  -56 
-42  30  10 
-60  -16  -30 
-36  10  12 
22  64  4 
-28  56  -10 
-6  40  28 
58  22  14 
8  14  46 
-18  -38  -44 
-32  8  -6 
-56  -20  52 
-26  -82  16 
6  8  66 
-18  -70  -40 

//Reference=MNI 
//nullstudy_16
//Subjects=30
26  44  -10 
-26  -78  38 
-20  -56  -30 
-28  46  12 

//Reference=MNI 
//nullstudy_17
//Subjects=30
34  52  -6 
-28  26  44 
-54  8  -12 
-24  -66  -4 

//Reference=MNI 
//nullstudy_18
//Subjects=32
-8  -12  70 
-40  24  44 
-46  12  6 
-38  -94  4 
-26  18  42 

//Reference=MNI 
//nullstudy_19
//Subjects=30
-28  -30  -20 
-26  -86  -30 
-4  20  18 
-8  -28  76 
8  50  4 
-54  6  46 
-6  8  32 
-20  -38  -30 
-54  30  6 
-54  -14  24 
18  70  0 
32  18  42 
18  56  -4 
-36  -88  4 
10  8  66 

//Reference=MNI 
//nullstudy_20
//Subjects=29
-38  -6  18 
-12  54  12 
-54  -44  50 
-12  -66  -10 

//Reference=MNI 
//nullstudy_21
//Subjects=29
-56  -44  52 
-28  -70  18 
-10  -42  2 

//Reference=MNI 
//nullstudy_22
//Subjects=28
26  30  58 
-44  -38  -18 
-34  -58  44 

//Reference=MNI 
//nullstudy_23
//Subjects=29
-32  -48  -6 
-38  40  36 
-26  8  2 

//Reference=MNI 
//nullstudy_24
//Subjects=29
-8  6  68 
-40  -6  46 
-34  -34  56 

//Reference=MNI 
//nullstudy_25
//Subjects=30
-34  -78  -34 
-52  -68  32 
-38  -78  42 

//Reference=MNI 
//nullstudy_26
//Subjects=30
-54  -40  2 
-66  -22  -20 
-66  -12  12 
24  48  32 

//Reference=MNI 
//nullstudy_27
//Subjects=28
-56  -14  -28 
-30  -74  38 
-50  -62  12 
-26  24  -14 
0  20  18 
-8  36  58 

//Reference=MNI 
//nullstudy_28
//Subjects=28
-12  -68  -6 
12  36  -12 

//Reference=MNI 
//nullstudy_29
//Subjects=31
42  18  -24 
-6  -22  78 

//Reference=MNI 
//nullstudy_30
//Subjects=31
-10  20  62 
26  4  56 
-20  -26  -32 
10  30  40 
-46  -22  -22 
-36  48  -12 
-8  6  -30 
-10  -14  16 
-64  -22  18 

//Reference=MNI 
//nullstudy_31
//Subjects=31
-58  -52  -28 
-12  -36  -26 
-12  6  38 
14  42  48 
-28  -98  -4 
-16  -4  62 
-38  -46  -58 
-26  2  -36 
-2  52  22 
-22  2  54 
-16  4  -2 
-28  20  14 
-58  -60  30 
-60  -46  30 
16  20  -4 
-26  60  0 
-12  -22  12 
-52  -48  -24 
-26  20  40 
-38  -68  50 
-6  -36  70 
-34  52  8 
-48  -12  -12 
-26  -42  74 
24  2  -42 
-52  -18  -22 
-52  6  -30 

//Reference=MNI 
//nullstudy_32
//Subjects=30
-44  4  -12 
-42  20  24 
-50  6  -32 
-42  24  8 
-4  -22  -16 
-38  -40  46 
-58  -52  28 

//Reference=MNI 
//nullstudy_33
//Subjects=29
56  34  8 
28  10  -42 
-32  -26  68 
-48  -46  -24 
58  2  -32 
-4  -6  44 
32  46  -8 
-12  -12  76 
-20  -38  -30 

//Reference=MNI 
//nullstudy_34
//Subjects=31
-42  -14  56 
-20  54  -10 
-64  -28  34 

//Reference=MNI 
//nullstudy_35
//Subjects=29
-6  -86  6 
-18  -102  6 
-28  -4  64 
-34  52  22 
-4  22  22 
28  2  -24 
-16  18  10 
-28  -6  -8 
-56  -22  2 
-70  -36  -4 
2  48  50 
-18  -26  28 
-36  -56  -54 
-58  -2  -26 
-32  -54  -28 
-36  6  -44 

//Reference=MNI 
//nullstudy_36
//Subjects=30
-24  -70  -42 
-4  14  54 

//Reference=MNI 
//nullstudy_37
//Subjects=29
16  24  -18 
24  30  40 
-28  -50  -14 
0  2  56 
12  46  -8 
-14  -44  -48 

//Reference=MNI 
//nullstudy_38
//Subjects=29
-26  12  0 
-38  38  16 
-10  -72  -28 

//Reference=MNI 
//nullstudy_39
//Subjects=29
-24  -86  32 
-12  -46  -32 
-44  -46  36 
54  20  -24 

//Reference=MNI 
//nullstudy_40
//Subjects=29
20  2  74 
12  16  4 

//Reference=MNI 
//nullstudy_41
//Subjects=31
-6  8  -28 
-6  -66  -42 

//Reference=MNI 
//nullstudy_42
//Subjects=31
-24  44  -10 
-32  -40  62 
-24  -40  -14 
44  6  14 
-28  -56  -60 
-60  -14  22 
-2  42  40 
-24  -70  50 
-12  -18  44 
-34  0  4 
-12  -52  -62 
-48  -42  38 
-52  -40  26 
-6  0  -4 
-54  8  -28 
-26  -56  -28 
-28  60  0 
-36  42  -12 
0  32  38 
-44  -16  38 
-20  -24  -12 
-46  -72  36 
24  66  20 
26  40  46 
-48  -34  20 
-12  -66  44 
-4  52  -16 
-10  -34  -22 
-20  -68  40 
-30  4  -4 
-26  26  10 
-22  14  -32 
16  62  20 
-20  -58  -8 
-26  -36  0 
-36  -18  -42 
-40  -34  54 
-2  -14  -26 
-26  -88  -44 
-34  60  12 
-6  -82  -46 
-20  -90  -40 
-20  -68  22 
-24  -88  -32 
-10  -66  -54 
-24  62  -14 
-4  -72  38 
-48  44  -8 
-44  -12  16 
-38  16  56 
18  62  4 
-2  -10  44 
-36  -86  30 
56  24  28 
-6  -38  2 
-10  -72  -50 

//Reference=MNI 
//nullstudy_43
//Subjects=30
-2  -46  -4 
-18  -20  -22 
2  68  12 
46  46  6 
-12  -72  -38 
-8  -96  16 

//Reference=MNI 
//nullstudy_44
//Subjects=30
-4  -64  -12 
-4  -72  -44 
-8  -54  74 
-34  -74  10 
-48  -64  12 
-40  -34  -14 
24  22  -12 
36  10  10 
-16  -80  -48 

//Reference=MNI 
//nullstudy_45
//Subjects=29
-34  -14  -20 
-58  -46  -26 

//Reference=MNI 
//nullstudy_46
//Subjects=29
-12  -36  74 
-24  -94  16 
-2  14  -8 
-56  2  -4 
-8  -30  -32 
-30  6  66 
2  6  -18 

//Reference=MNI 
//nullstudy_47
//Subjects=31
-6  64  -14 
20  42  24 
10  4  74 
-22  -58  -2 

//Reference=MNI 
//nullstudy_48
//Subjects=29
6  16  -2 
-36  -76  14 

//Reference=MNI 
//nullstudy_49
//Subjects=29
-16  24  62 
-16  -66  54 
-34  -58  22 
-38  -34  52 
-48  -58  54 
-22  -38  58 
14  24  4 
-8  -30  40 

//Reference=MNI 
//nullstudy_50
//Subjects=31
36  40  14 
-34  34  16 

//Reference=MNI 
//nullstudy_51
//Subjects=30
-10  -94  -4 
-10  -26  -16 

//Reference=MNI 
//nullstudy_52
//Subjects=31
-32  -10  56 
-26  -54  64 
28  46  26 
-34  26  30 
-10  6  20 
-10  -46  -14 
-52  8  -30 
-16  -36  62 
-26  -30  70 

//Reference=MNI 
//nullstudy_53
//Subjects=30
-20  -86  6 
-56  18  18 
-8  -50  -2 

//Reference=MNI 
//nullstudy_54
//Subjects=29
-14  -76  24 
-42  14  -34 
-34  -16  -42 
-50  6  28 
0  38  12 
30  48  -8 
-64  -32  32 
-16  -50  0 
-50  -20  -36 
-26  0  70 
-36  -52  -8 
-18  -28  -22 
-10  -44  -2 

//Reference=MNI 
//nullstudy_55
//Subjects=30
-42  -54  -48 
56  12  12 
-20  -60  -14 
-12  30  18 
-12  -66  36 
-18  -76  38 
22  2  56 
0  38  12 
-60  -14  10 
12  24  44 
-40  -70  -56 
-36  -78  14 
54  32  2 
-6  24  -10 
4  20  34 
-14  38  44 
-46  -28  16 
50  16  -32 
-30  16  54 
-54  -36  -30 
-24  -92  -20 
-16  -82  -18 

//Reference=MNI 
//nullstudy_56
//Subjects=31
-56  -40  20 
44  10  38 
-24  46  46 

//Reference=MNI 
//nullstudy_57
//Subjects=29
-2  -70  -46 
-12  70  16 
-32  -6  -6 
-10  52  -4 
34  48  -14 

//Reference=MNI 
//nullstudy_58
//Subjects=31
20  8  6 
-62  -42  -6 
-52  -56  40 
-24  -72  6 
-6  -70  34 
58  2  -20 
2  64  18 
-26  -46  -38 
40  10  14 
6  6  66 
-24  -70  -36 
-62  -6  32 
10  28  58 

//Reference=MNI 
//nullstudy_59
//Subjects=29
-34  46  -6 
-56  -20  -14 
-28  -34  -42 

//Reference=MNI 
//nullstudy_60
//Subjects=30
-56  -48  48 
-50  2  -4 
-28  -28  72 
-46  -26  54 
-30  -82  -38 
-24  -92  -24 
-44  -56  30 
-42  -60  -24 
-26  -76  -2 
-38  -54  -30 
-4  -52  -18 
-48  -62  32 
-4  -58  2 

//Reference=MNI 
//nullstudy_61
//Subjects=31
32  22  48 
-38  -76  -38 

//Reference=MNI 
//nullstudy_62
//Subjects=31
-30  32  2 
48  18  40 
36  18  6 
-44  -42  46 

//Reference=MNI 
//nullstudy_63
//Subjects=28
-38  16  -2 
-52  -74  -8 
40  58  4 
-26  10  -38 
14  18  62 
-28  -14  -2 
-26  -78  -2 
-22  12  -38 
-6  -34  -48 
-2  54  38 
-22  -60  -56 
-54  20  4 
-18  -104  -10 
-10  0  12 
-28  54  -16 
-32  -76  16 
56  2  18 
-26  -72  8 
-8  54  -10 
28  54  34 
38  38  16 
-54  -6  -12 
-46  -6  -40 
-64  -22  -2 
-34  -18  62 
-2  -46  -54 
-28  42  -16 
-6  44  22 
-30  26  8 
12  40  42 
-10  -68  -48 
12  12  -28 
-6  -26  -32 

//Reference=MNI 
//nullstudy_64
//Subjects=29
40  38  38 
-34  -68  -52 
52  38  16 
-20  14  48 
-48  -30  2 
-6  64  -18 
-48  -64  -48 
36  52  16 
-44  -42  6 
-30  8  8 
-18  -30  -34 
26  8  4 
-44  -76  -10 
66  4  22 
12  52  20 
34  24  -10 

//Reference=MNI 
//nullstudy_65
//Subjects=29
-22  -38  76 
-8  46  50 

//Reference=MNI 
//nullstudy_66
//Subjects=30
18  6  62 
-50  -68  22 
-34  -74  12 

//Reference=MNI 
//nullstudy_67
//Subjects=29
-42  -52  32 
-42  26  28 

//Reference=MNI 
//nullstudy_68
//Subjects=28
-60  -64  -6 
-32  28  32 

//Reference=MNI 
//nullstudy_69
//Subjects=32
32  16  10 
22  22  50 
20  50  46 
-44  22  -26 

//Reference=MNI 
//nullstudy_70
//Subjects=30
50  8  34 
-14  -80  -38 

//Reference=MNI 
//nullstudy_71
//Subjects=31
-62  -20  30 
-4  -34  26 
40  4  24 
54  28  10 
-36  18  -32 
16  28  -28 
50  32  -18 
-34  -48  -22 
14  64  -8 
-68  -12  16 
-24  18  -14 
-36  20  24 
-16  -52  72 
-62  -48  40 
32  22  40 
-28  -60  -24 
10  42  10 
-20  -74  40 
-22  -80  -32 
-16  42  -26 
20  20  -24 
-26  -6  54 
-34  -44  62 
22  48  4 
36  26  0 
-24  -36  -16 
-38  -78  26 
42  36  34 
-52  -34  -24 
-4  0  32 
-12  -84  -4 
-20  -6  76 
-4  44  54 
12  40  -24 
-22  -14  60 
-30  -100  0 
34  6  -14 

//Reference=MNI 
//nullstudy_72
//Subjects=31
-22  -34  54 
-46  -54  52 
-66  -22  -28 
-14  -2  -8 
-52  20  0 
6  2  -16 

//Reference=MNI 
//nullstudy_73
//Subjects=31
-4  -82  -48 
-50  -16  -4 
42  22  42 
-10  -18  64 
-16  28  -26 
-12  -8  50 
-10  -70  14 
-2  -74  -24 
-10  -74  -32 
-64  -32  40 

//Reference=MNI 
//nullstudy_74
//Subjects=30
-2  -48  66 
-60  -40  -14 
-44  48  -12 
-34  6  -16 
-8  60  8 
-42  -14  32 
-24  -66  -40 
-30  -82  30 
-46  -82  6 
14  64  4 
4  40  -32 
-30  -26  -18 
-26  -32  54 
30  60  -4 
2  20  32 
-40  -40  -16 

//Reference=MNI 
//nullstudy_75
//Subjects=32
-40  -26  -22 
30  22  -40 
-28  -64  -18 
-48  -64  -28 
-34  4  -10 
6  22  20 
-12  -12  20 
-34  0  -36 
-16  -38  0 
-38  6  22 
-36  -36  10 
-50  -14  40 

//Reference=MNI 
//nullstudy_76
//Subjects=30
-28  -68  46 
6  24  -10 
-56  -72  12 

//Reference=MNI 
//nullstudy_77
//Subjects=32
-20  -46  64 
-46  -52  38 
-46  -58  -48 
26  60  24 
-4  -36  72 
-6  -52  36 
54  4  34 
-32  -90  4 
-22  -2  50 
-50  -54  54 
0  38  50 
-26  -66  6 
40  14  -16 
-36  -38  -18 
-34  -14  18 
-46  18  28 
-30  48  6 
-60  0  -16 

//Reference=MNI 
//nullstudy_78
//Subjects=30
-42  16  -8 
-28  52  18 
-40  2  34 
-26  62  4 

//Reference=MNI 
//nullstudy_79
//Subjects=30
34  60  -4 
-4  36  6 
-26  -88  6 
16  6  -22 
-2  46  50 
-54  -14  -6 
-26  36  34 
-56  -8  -40 
-36  -26  58 
-6  -36  36 
-10  28  50 
54  20  8 
12  58  32 
-26  -60  -2 
-12  -90  4 
-2  -78  -4 
-58  -58  8 
-2  -32  14 
50  36  -14 
2  52  -4 
48  10  20 

//Reference=MNI 
//nullstudy_80
//Subjects=29
-40  -10  12 
-12  54  30 
-50  -64  -26 
-38  12  44 
42  54  0 

//Reference=MNI 
//nullstudy_81
//Subjects=32
-50  8  40 
52  14  6 
-22  -76  32 
-34  -94  -10 
32  42  32 
-42  6  -10 

//Reference=MNI 
//nullstudy_82
//Subjects=29
30  62  10 
12  4  22 
-46  -72  14 

//Reference=MNI 
//nullstudy_83
//Subjects=30
28  58  22 
-36  16  4 
-24  -60  60 
-20  -64  -18 
-48  -54  -48 
-40  -64  8 
-46  -52  -42 
-50  -60  -18 
-28  -66  -38 
-10  -34  -18 
-44  -28  -28 
-10  -68  -24 
-12  50  26 
-28  -92  24 
-12  -40  -34 

//Reference=MNI 
//nullstudy_84
//Subjects=30
-14  8  -24 
-24  -82  18 
-44  -70  -24 

//Reference=MNI 
//nullstudy_85
//Subjects=30
-48  -58  10 
-50  -26  12 
-44  -16  56 
-14  -78  -48 
-26  -6  -28 
0  12  8 

//Reference=MNI 
//nullstudy_86
//Subjects=30
-12  0  -18 
-28  -66  -48 
36  26  22 
-46  -10  -34 
-28  44  36 

//Reference=MNI 
//nullstudy_87
//Subjects=31
-14  -104  -6 
-12  -68  26 
42  22  -38 
-22  -78  -34 
-58  -58  36 
44  28  -2 

//Reference=MNI 
//nullstudy_88
//Subjects=32
38  6  14 
32  8  -38 
40  2  -36 

//Reference=MNI 
//nullstudy_89
//Subjects=31
-34  6  -30 
-24  -56  -2 
-40  -60  12 
-42  -8  -6 
10  50  24 
-16  0  66 
-30  -80  32 
36  34  -18 
8  34  34 
20  56  6 
58  8  8 
-20  44  18 
-36  -58  32 
14  40  -10 

//Reference=MNI 
//nullstudy_90
//Subjects=30
-14  -62  30 
-8  -16  68 
6  10  62 
-12  -6  -14 
-60  -38  8 
-32  -64  -54 
54  4  -26 
-28  -30  68 
-22  -46  -10 
-6  -50  74 
6  2  -28 
36  18  26 
20  10  -26 
-8  -62  66 
-12  42  46 
34  16  14 

//Reference=MNI 
//nullstudy_91
//Subjects=29
-46  16  -2 
34  60  -8 
52  2  -18 
-50  22  -14 
-6  6  10 
2  44  -14 
-34  -98  -6 
-16  -38  -50 
44  24  36 
-26  20  40 
40  38  14 
-52  -10  4 

//Reference=MNI 
//nullstudy_92
//Subjects=30
-14  36  50 
-36  20  -4 
30  34  38 
-16  -84  24 
-22  -56  -2 
-46  4  32 
-52  0  36 

//Reference=MNI 
//nullstudy_93
//Subjects=29
34  28  36 
-32  22  -18 

//Reference=MNI 
//nullstudy_94
//Subjects=31
-30  -10  46 
50  2  34 
-2  16  36 
-6  26  38 

//Reference=MNI 
//nullstudy_95
//Subjects=29
-36  42  -18 
38  34  48 

//Reference=MNI 
//nullstudy_96
//Subjects=29
-54  -50  -42 
-16  -96  -2 
-20  16  4 
-12  -14  72 
-42  22  -6 
-56  -58  0 
-32  -26  -12 
-28  -76  -52 

//Reference=MNI 
//nullstudy_97
//Subjects=29
-44  -44  30 
-36  -84  -28 
-14  -30  62 
-38  30  30 

//Reference=MNI 
//nullstudy_98
//Subjects=30
36  16  -36 
46  6  -6 

//Reference=MNI 
//nullstudy_99
//Subjects=30
-40  4  58 
-8  54  38 
-38  2  -32 

//Reference=MNI 
//nullstudy_100
//Subjects=29
60  2  40 
-48  22  24 
-40  -10  62 
-30  6  66 
-54  -54  -10 
-58  -32  -16 
12  48  20 
-4  -26  12 
-16  -84  10 
-38  28  4 

