//Reference=MNI 
//truestudy_1
//Subjects=8
47  -67  -6 
46  -67  -6 

//Reference=MNI 
//truestudy_2
//Subjects=9
45  -66  -4 
47  -65  -5 

//Reference=MNI 
//truestudy_3
//Subjects=10
47  -69  -6 
45  -65  -5 
45  -65  -6 
45  -64  -7 
45  -67  -4 
44  -66  -5 
44  -66  -6 
46  -66  -5 

//Reference=MNI 
//nullstudy_1
//Subjects=8
12  12  62 
-42  -68  8 

//Reference=MNI 
//nullstudy_2
//Subjects=9
-8  -64  -6 
54  6  36 

//Reference=MNI 
//nullstudy_3
//Subjects=10
16  62  32 
-12  8  -6 
-24  -36  -20 
-4  -22  -40 
-8  -98  -14 
-18  -30  -26 
-36  -68  -30 
-2  0  44 

//Reference=MNI 
//nullstudy_4
//Subjects=11
12  22  52 
-54  -72  4 
-20  -26  72 
2  26  46 
28  26  -16 
-4  28  -6 
-36  -58  -36 
-34  20  -32 
-8  -36  -4 
-20  -88  14 
-14  -34  44 
32  58  -8 

//Reference=MNI 
//nullstudy_5
//Subjects=11
-14  -14  62 
20  20  12 
-28  0  4 
-34  -58  42 
-40  12  20 
-58  -60  -2 
12  70  -8 
-36  4  38 
30  32  44 

//Reference=MNI 
//nullstudy_6
//Subjects=9
4  68  12 
-38  -24  56 

//Reference=MNI 
//nullstudy_7
//Subjects=10
-6  -66  -18 
22  14  -14 
-26  18  40 
-10  -56  -24 
-28  -74  -26 
-10  -64  -56 
-60  -22  50 
-48  -4  -14 
-40  2  -48 
14  66  16 
-14  -34  18 
40  32  -4 
-50  -10  -42 
4  30  44 
46  32  -16 
-16  -64  -36 
-24  -70  -54 
-20  -82  14 
22  34  28 
24  24  50 
-42  4  -2 
-44  -84  -8 
-60  -28  -20 

//Reference=MNI 
//nullstudy_8
//Subjects=10
-4  40  54 
-38  -28  50 
-40  -90  0 
-18  -86  0 
40  56  12 
24  66  -6 
-4  8  -16 

//Reference=MNI 
//nullstudy_9
//Subjects=11
22  18  50 
-6  32  12 
-10  -86  -14 
-12  -84  4 
50  44  -10 
-14  8  22 
-14  22  -6 
-32  -36  -44 
-52  4  -4 
24  52  -2 
-10  -90  30 
-30  -54  52 
-50  -58  22 
-14  64  2 
-62  8  26 

//Reference=MNI 
//nullstudy_10
//Subjects=11
-50  16  4 
-58  -8  32 
-48  14  48 
-36  20  52 
38  6  -8 
42  10  -2 
-32  -84  20 
-32  -2  64 
28  8  -30 
-40  -54  8 
-42  -42  10 
-2  -32  60 
-18  -74  -22 

//Reference=MNI 
//nullstudy_11
//Subjects=10
-4  -74  -2 
-44  -84  -8 
-50  2  -36 
-48  16  -26 
-60  -32  48 
-62  -16  4 

//Reference=MNI 
//nullstudy_12
//Subjects=9
-58  -26  20 
40  2  -12 
-44  -40  22 
-8  -62  -44 

//Reference=MNI 
//nullstudy_13
//Subjects=10
-2  -18  -18 
-26  -48  -60 
-16  -88  6 

//Reference=MNI 
//nullstudy_14
//Subjects=11
52  12  -36 
-32  52  26 
-6  -36  38 
8  12  68 
10  26  64 
-22  38  48 
-34  -64  18 
-8  32  36 
8  60  4 
-58  -42  8 

//Reference=MNI 
//nullstudy_15
//Subjects=9
38  32  34 
-24  -2  12 

//Reference=MNI 
//nullstudy_16
//Subjects=11
-34  -48  -10 
58  4  -14 
-28  32  34 
40  4  16 
48  10  2 
-10  -40  0 
-40  34  -12 
-46  -76  -10 
-52  -20  -28 
34  28  30 
-36  -42  60 
-4  22  34 

//Reference=MNI 
//nullstudy_17
//Subjects=11
-66  -10  -14 
-26  -82  6 
-8  -16  16 
4  14  48 
-14  -46  -52 
-8  4  14 
-8  -84  8 
14  16  32 
54  8  -32 

//Reference=MNI 
//nullstudy_18
//Subjects=8
-16  -80  -40 
-48  -6  58 

//Reference=MNI 
//nullstudy_19
//Subjects=10
-12  -16  62 
-10  -64  -26 
-52  -56  -10 
26  40  -12 

//Reference=MNI 
//nullstudy_20
//Subjects=13
-6  -78  -48 
2  10  -16 
-38  8  8 
-24  -98  16 
-44  -76  -20 
4  48  -18 
2  4  -22 
-38  -72  -30 
-22  -92  -34 
42  6  34 
-6  32  30 
-44  6  8 
-30  38  24 
4  30  64 

//Reference=MNI 
//nullstudy_21
//Subjects=10
-22  -68  50 
-20  -40  -56 
-24  -58  50 
-62  -20  32 
-30  -8  58 
-16  -100  -16 
32  54  2 
10  2  50 
-16  0  -38 
28  14  -22 

//Reference=MNI 
//nullstudy_22
//Subjects=11
-48  -32  10 
-34  -68  24 
-32  -12  -16 
-16  44  46 
-8  4  40 
-52  -68  -8 
-58  -22  8 
-22  52  34 
-10  -22  4 
-36  0  6 
-52  24  8 
-6  -78  24 
-52  -18  34 
-40  -92  -8 
-56  -62  36 
-38  -34  18 
-50  -48  -6 
-64  -38  40 
-30  -72  46 
-14  -54  32 
-40  -90  -8 
-10  -14  64 
-30  22  -22 

//Reference=MNI 
//nullstudy_23
//Subjects=12
14  34  -16 
-44  -50  12 
-18  40  52 
-40  -84  28 
6  18  70 
54  14  -32 
-46  -34  30 
-18  -76  -50 
8  38  -4 
-56  -2  34 
54  24  -4 
10  14  -14 
40  4  -30 
-18  -62  -22 

//Reference=MNI 
//nullstudy_24
//Subjects=9
-4  -72  24 
-18  -90  -32 

//Reference=MNI 
//nullstudy_25
//Subjects=11
-6  -8  14 
-8  56  -10 
-4  40  -32 
8  46  -18 
-30  20  34 
64  2  -20 
-2  -46  -14 
54  14  18 
2  66  24 
-46  10  34 
-34  -92  -14 
32  48  14 
-10  -68  -40 
-30  -62  -32 
-4  -40  54 
-6  64  -2 
46  28  28 
-2  -78  -46 
-8  -58  24 
-22  -64  48 
-56  -36  46 
-4  -4  46 
44  10  -36 
28  4  8 
-68  -20  24 
-14  18  10 
-40  -20  18 
-22  -92  -10 
-46  -48  2 

//Reference=MNI 
//nullstudy_26
//Subjects=9
-22  -36  18 
-6  42  24 
-14  -62  -30 

//Reference=MNI 
//nullstudy_27
//Subjects=11
-10  -58  26 
-30  6  -16 
22  6  -48 
-12  -8  52 
-26  -36  -22 
-50  -34  56 
-16  -20  22 
54  30  8 
6  56  24 
-40  -86  -24 
-10  -32  -16 
40  16  10 
-44  -64  32 
-6  -54  -14 
-20  -64  4 
-6  46  20 
30  12  -16 

//Reference=MNI 
//nullstudy_28
//Subjects=8
-52  -24  58 
2  26  -24 

//Reference=MNI 
//nullstudy_29
//Subjects=10
-14  12  -26 
24  60  20 
-12  -66  -2 

//Reference=MNI 
//nullstudy_30
//Subjects=11
44  16  -12 
-34  -36  -12 
42  22  -14 
34  42  -12 
-60  18  14 
-28  28  -8 
-64  -4  8 
8  14  24 
-26  -80  -24 

//Reference=MNI 
//nullstudy_31
//Subjects=9
-44  0  2 
34  20  40 
0  6  8 

//Reference=MNI 
//nullstudy_32
//Subjects=9
-4  18  -26 
-60  -24  -26 
-2  -100  -16 

//Reference=MNI 
//nullstudy_33
//Subjects=9
42  42  36 
-50  40  -14 

//Reference=MNI 
//nullstudy_34
//Subjects=7
-24  38  -18 
14  6  52 

//Reference=MNI 
//nullstudy_35
//Subjects=11
-16  -84  -16 
-26  2  -6 
-8  34  18 
-16  30  62 
-2  -48  52 
-28  -12  -18 
-64  -30  14 
-58  -28  10 
0  50  8 
46  46  -12 
6  60  0 

//Reference=MNI 
//nullstudy_36
//Subjects=10
-20  -52  -22 
-6  6  14 
-8  -48  42 
-28  -36  70 
-30  -22  -2 
-12  54  22 

//Reference=MNI 
//nullstudy_37
//Subjects=10
-16  -16  8 
-6  -78  20 
4  2  52 
-56  -60  -24 
42  2  6 
-18  -60  -56 
-14  -32  -24 
6  48  0 

//Reference=MNI 
//nullstudy_38
//Subjects=13
-22  -52  4 
32  32  -22 
-52  -14  -16 
-66  -46  20 
-14  -18  76 
-48  -2  40 
-46  -46  38 
-12  -48  -20 
-36  -68  56 
-44  -30  18 
20  52  -2 
-22  -8  -34 
-48  -26  28 
-70  -30  -14 
-16  14  66 
-44  -44  50 
0  48  18 
-34  22  6 
-14  -72  -24 
-42  -70  22 

//Reference=MNI 
//nullstudy_39
//Subjects=10
30  8  -30 
-22  -86  -22 
-18  -80  2 
22  28  36 
-2  -24  -6 
-12  -22  -12 
-30  -44  -18 

//Reference=MNI 
//nullstudy_40
//Subjects=8
-58  -58  -2 
-18  -90  18 

//Reference=MNI 
//nullstudy_41
//Subjects=9
-52  -36  2 
12  52  28 

//Reference=MNI 
//nullstudy_42
//Subjects=12
48  12  -26 
-26  -52  52 
54  12  -22 
-10  -14  -18 
-42  -26  48 
-16  -84  6 
-24  -64  28 
32  36  12 
-14  -66  8 
-36  -22  66 
-20  36  -22 

//Reference=MNI 
//nullstudy_43
//Subjects=11
-26  -86  -22 
-40  40  0 
30  42  22 
56  2  48 
-14  -84  -2 
-6  -20  10 
50  26  30 
-28  -78  32 
-14  -22  68 
-56  32  0 
-10  2  68 
42  18  -38 
-46  -62  -12 
-52  4  38 
-36  -58  34 
-54  -12  30 
-40  -28  -20 
-50  -54  10 
-6  -86  2 
-42  -76  -30 
-12  -54  -34 
-18  -82  -18 
50  6  -8 
-10  68  20 
-42  -28  50 
22  52  -18 
54  12  -32 
6  36  -22 
38  18  54 
-24  -50  58 
-20  46  42 
-50  16  -14 
-12  -70  60 
-38  -72  24 
-6  -80  -42 
-34  -4  12 
-46  -12  32 
-38  36  -20 
-48  -50  -40 
-40  -72  -6 
-16  -66  -44 
-28  -32  60 
-16  -68  -42 
-36  2  -12 

//Reference=MNI 
//nullstudy_44
//Subjects=9
-40  -18  20 
-46  -2  -24 
-32  10  48 
-62  -8  38 

//Reference=MNI 
//nullstudy_45
//Subjects=10
-26  -58  60 
-26  -78  -52 
-10  -74  -42 
-28  -52  -46 
48  10  42 
40  16  -22 
-42  -34  8 
-14  50  -8 
26  20  -16 

//Reference=MNI 
//nullstudy_46
//Subjects=12
-38  -2  4 
46  8  58 
-40  -56  -8 
-12  -6  14 
-22  -76  28 
-14  -2  28 
18  4  -20 
-34  -24  -24 
-24  -52  -40 
-26  -42  12 
-66  -26  12 
-6  -2  56 
-54  0  2 
-16  -92  30 
-6  -28  -48 
-32  -2  -8 
-8  34  20 
-28  -78  -22 
-10  -16  24 
-38  -84  -6 
-30  42  20 

//Reference=MNI 
//nullstudy_47
//Subjects=10
26  24  -24 
-20  -76  -6 
-2  8  64 
-32  -4  -50 
12  28  0 

//Reference=MNI 
//nullstudy_48
//Subjects=8
-32  -12  8 
2  52  32 

//Reference=MNI 
//nullstudy_49
//Subjects=9
-28  28  -20 
48  44  10 
52  38  0 

//Reference=MNI 
//nullstudy_50
//Subjects=11
-16  24  -28 
-2  -40  -34 
-42  -68  50 
-44  -50  8 
-64  -26  -12 
-40  -82  -8 
-8  -66  -38 
-22  0  46 
-6  20  -28 

//Reference=MNI 
//nullstudy_51
//Subjects=8
-42  -44  24 
-58  -58  -18 

//Reference=MNI 
//nullstudy_52
//Subjects=9
-28  6  58 
-50  -8  12 

//Reference=MNI 
//nullstudy_53
//Subjects=9
34  48  26 
52  2  28 

//Reference=MNI 
//nullstudy_54
//Subjects=9
4  24  -12 
-10  -4  70 

//Reference=MNI 
//nullstudy_55
//Subjects=11
-46  -16  14 
46  46  10 
-26  50  38 
-2  -34  66 
-60  -58  32 
56  26  8 
44  22  -8 
54  6  -30 
-10  -94  -18 
38  14  26 
48  4  46 
-16  -28  6 
-10  66  18 
-6  36  14 
-32  -74  18 
-26  60  28 
0  56  8 
-16  -48  -40 
-2  -88  -26 
-34  16  4 
20  14  66 
-18  -66  -42 
0  24  -20 
-50  -18  60 
-44  54  10 

//Reference=MNI 
//nullstudy_56
//Subjects=12
-18  8  -4 
-32  -12  66 
20  24  48 
16  22  -6 
-10  -36  38 
-34  -46  48 
-40  -88  -6 
-16  4  -14 
-14  8  -16 
-40  -88  -18 
-42  -22  4 
-12  -72  8 
-48  -52  50 
-32  20  -8 
54  6  -38 

//Reference=MNI 
//nullstudy_57
//Subjects=9
-6  14  0 
-48  -34  -16 
-40  14  48 

//Reference=MNI 
//nullstudy_58
//Subjects=9
6  34  -28 
24  40  -14 
-28  -10  64 

//Reference=MNI 
//nullstudy_59
//Subjects=12
-34  30  26 
-10  54  -22 
-12  -102  2 
-32  -40  -46 
-30  -48  -16 
2  8  -14 
-16  -22  4 
-44  -46  -50 
-36  16  36 
-24  -6  44 
58  24  28 
-42  -72  -12 
-24  -60  34 
-18  24  8 
-40  -22  56 
-34  22  52 
4  58  -8 
-8  -38  -54 
-60  -36  -22 
-6  34  36 
-14  -82  -26 
18  24  42 
-36  -74  -12 

//Reference=MNI 
//nullstudy_60
//Subjects=11
-6  64  24 
-34  -52  -52 
8  72  -2 
10  48  10 
6  66  20 
-42  12  32 
20  22  62 
-60  -28  -6 
-6  -26  -30 
-10  30  26 
36  10  6 
-14  60  -6 

//Reference=MNI 
//nullstudy_61
//Subjects=11
-20  -78  24 
-46  -40  0 
10  62  20 
-56  16  0 
-50  4  12 
10  38  16 
28  6  64 

//Reference=MNI 
//nullstudy_62
//Subjects=10
-36  18  -24 
-10  -38  32 
-22  -18  66 
-62  -30  28 

//Reference=MNI 
//nullstudy_63
//Subjects=10
-10  -58  50 
-20  -52  72 
-16  -72  -60 
-44  -2  -36 
-26  -62  52 
-32  -56  -42 

//Reference=MNI 
//nullstudy_64
//Subjects=10
-30  -78  -56 
-22  -90  22 
10  36  22 
62  4  -24 
18  46  42 
10  44  8 

//Reference=MNI 
//nullstudy_65
//Subjects=11
-2  28  30 
-48  12  -12 
2  26  64 
-14  18  64 
-8  -20  80 
-6  -22  8 
44  16  18 
-10  -60  -50 
-12  70  -2 

//Reference=MNI 
//nullstudy_66
//Subjects=10
-8  -36  -44 
-12  -64  -62 
-40  -86  8 
-42  0  54 
-34  -36  56 
-34  -60  -38 
-42  32  -4 

//Reference=MNI 
//nullstudy_67
//Subjects=10
-28  58  10 
-22  28  56 
-66  -20  -30 
-26  -46  74 
-24  -96  22 
-12  -38  6 

//Reference=MNI 
//nullstudy_68
//Subjects=12
-42  22  18 
-40  26  50 
-4  -4  -2 
-24  -76  -10 
-22  -96  0 
-2  56  0 
24  18  -20 
-48  -78  32 
-4  0  -8 
-10  24  -24 
-20  62  -18 
48  24  -12 

//Reference=MNI 
//nullstudy_69
//Subjects=10
-48  42  -12 
-62  -6  -20 
-16  28  58 
-4  -86  -4 
-56  -16  20 

//Reference=MNI 
//nullstudy_70
//Subjects=11
-56  -66  14 
-48  -34  -6 
-58  8  6 
-38  -38  8 
-18  -30  -34 
-2  8  62 
6  26  24 
-46  -28  0 
-38  -48  -12 
-18  -16  -28 
-24  6  62 
-62  0  8 
52  4  24 
-38  -32  40 
-22  60  26 

//Reference=MNI 
//nullstudy_71
//Subjects=11
-44  -14  -34 
-8  34  44 
-14  -84  -4 
-30  52  -16 
26  14  -34 
-2  -62  -8 
16  22  54 
42  44  -10 
-16  -56  -32 
-26  48  -2 
18  6  -22 
36  28  -18 
16  26  10 
-58  -52  10 

//Reference=MNI 
//nullstudy_72
//Subjects=10
-46  -46  44 
-58  -38  18 
-12  -76  -26 

//Reference=MNI 
//nullstudy_73
//Subjects=11
-2  -60  60 
-12  70  4 
-58  -56  36 
-36  0  38 
-32  -32  38 
-12  48  8 
-24  40  20 
-10  -40  -46 
-52  -28  6 
20  14  16 
-24  -86  -46 

//Reference=MNI 
//nullstudy_74
//Subjects=11
-20  62  20 
-10  20  8 
-4  2  70 
-20  -66  32 
-4  46  50 
-12  -84  38 
-44  -26  44 
-42  -4  -50 
10  2  66 

//Reference=MNI 
//nullstudy_75
//Subjects=10
-12  66  20 
20  58  20 
-66  -12  28 
-10  -50  -48 
-62  -54  30 

//Reference=MNI 
//nullstudy_76
//Subjects=10
-34  10  2 
-36  -74  28 
-34  -84  -20 
-32  -78  8 
14  8  -16 
-8  -34  66 

//Reference=MNI 
//nullstudy_77
//Subjects=8
-4  -50  72 
-4  44  32 

//Reference=MNI 
//nullstudy_78
//Subjects=11
-8  50  -22 
-32  -12  -4 
-48  -60  24 
-12  18  68 
-6  -98  -16 
-38  6  36 
-18  -20  4 
66  2  0 
-44  -58  52 
4  32  54 
50  2  36 
-12  -18  44 
-42  -62  22 
-50  -30  46 
-40  -16  42 
-2  -62  30 
-14  42  -26 

//Reference=MNI 
//nullstudy_79
//Subjects=8
-26  6  -30 
-30  -16  60 

//Reference=MNI 
//nullstudy_80
//Subjects=10
8  10  72 
26  10  -4 
-62  -50  -12 
34  14  -32 
38  12  42 
36  48  -14 

//Reference=MNI 
//nullstudy_81
//Subjects=10
-4  -40  -18 
-42  -6  56 

//Reference=MNI 
//nullstudy_82
//Subjects=11
-8  -8  -36 
28  16  -42 
-20  -76  12 
-8  -34  40 
-12  44  -8 
0  10  32 
-56  18  -4 

//Reference=MNI 
//nullstudy_83
//Subjects=10
-28  -34  -40 
-54  -36  30 
-32  12  56 
-6  -92  -14 
-22  2  10 
-34  -50  42 
-14  -50  -34 
-34  34  18 
32  14  2 
-36  -58  -6 

//Reference=MNI 
//nullstudy_84
//Subjects=11
-8  24  56 
-38  -6  -50 
-10  -18  8 
-20  -34  -50 
-38  -72  -40 
-12  28  26 
-46  -62  8 
36  32  -18 
-12  2  14 
26  10  -28 
-20  -102  -14 
-40  -22  16 
16  54  26 
-36  56  16 
-44  -26  22 
-44  -56  -56 
-22  -16  74 
-10  -54  38 

//Reference=MNI 
//nullstudy_85
//Subjects=12
-4  -102  6 
-52  -62  -24 
-50  -64  32 
-54  -10  44 
-6  -2  64 
-24  -92  -2 
-32  40  24 
-58  -44  4 
-60  -34  34 
-2  34  58 

//Reference=MNI 
//nullstudy_86
//Subjects=10
-56  -20  48 
6  28  54 

//Reference=MNI 
//nullstudy_87
//Subjects=8
-32  54  6 
-14  -46  58 
-32  -68  26 
52  40  4 
-8  -14  72 
-6  -60  -30 
-32  4  30 
22  58  32 
-46  -8  -16 
-2  -22  54 
34  20  58 
-54  0  26 
-42  46  -20 

//Reference=MNI 
//nullstudy_88
//Subjects=9
-52  -66  4 
-32  36  32 
-12  -60  -10 
-26  -100  -6 
-60  -58  18 
-36  2  -32 
-2  46  14 
34  54  30 
-10  -92  -16 
-46  4  46 
-40  56  14 
-4  -96  -22 
-48  50  2 
52  8  -42 
-24  -96  -14 
2  54  14 
-36  50  -6 

//Reference=MNI 
//nullstudy_89
//Subjects=9
-52  -52  -2 
-4  48  -16 
-68  -44  16 
10  28  44 
-48  50  -2 

//Reference=MNI 
//nullstudy_90
//Subjects=10
-44  -68  8 
-58  8  36 

//Reference=MNI 
//nullstudy_91
//Subjects=11
2  54  22 
-20  -86  -16 

//Reference=MNI 
//nullstudy_92
//Subjects=11
12  4  38 
-46  -24  54 
-56  -42  6 
-52  -18  12 

//Reference=MNI 
//nullstudy_93
//Subjects=10
-6  58  26 
-20  -32  58 
-2  -46  20 
-36  -58  10 
-28  -62  54 
-18  22  -2 

//Reference=MNI 
//nullstudy_94
//Subjects=11
-26  16  -28 
46  10  0 
-6  50  50 
-24  -14  68 
-8  -12  -36 
-10  36  52 
-58  2  24 
-30  8  60 
-18  16  -4 
-20  20  42 

//Reference=MNI 
//nullstudy_95
//Subjects=10
-34  -44  36 
-30  28  -16 
-34  30  -20 
30  14  -14 
-42  -24  0 
-38  -14  -30 
-14  -30  20 
-14  -6  68 

//Reference=MNI 
//nullstudy_96
//Subjects=9
10  54  -4 
30  20  48 
38  52  10 
-6  -76  -20 
-14  -38  -18 

//Reference=MNI 
//nullstudy_97
//Subjects=10
-54  -44  2 
-14  -36  62 
42  38  -12 
-12  -40  56 
14  16  -18 
-56  -40  16 
0  2  62 
-52  -70  -24 

//Reference=MNI 
//nullstudy_98
//Subjects=10
-20  -82  -48 
-52  -10  -8 
-26  14  44 

//Reference=MNI 
//nullstudy_99
//Subjects=12
44  12  2 
18  34  -18 

//Reference=MNI 
//nullstudy_100
//Subjects=9
-48  -60  54 
-58  -20  -18 
-10  32  54 
4  10  72 
-64  -34  18 
-22  16  48 

