//Reference=MNI 
//truestudy_1
//Subjects=8
46  -66  -7 
44  -67  -7 
46  -65  -6 
46  -65  -6 
45  -66  -5 
46  -66  -7 
47  -67  -5 
46  -65  -7 
46  -66  -6 
46  -67  -6 
46  -66  -6 
47  -66  -6 
47  -66  -5 
45  -67  -6 
47  -66  -6 
46  -65  -7 
46  -64  -5 
46  -66  -6 
47  -68  -6 
45  -64  -6 
46  -67  -6 
47  -67  -7 
45  -67  -4 
46  -65  -5 
47  -67  -8 
47  -66  -7 
45  -67  -7 
47  -67  -7 
45  -65  -6 
44  -64  -5 
48  -66  -6 
46  -66  -6 
47  -67  -5 
46  -67  -6 
46  -65  -6 
46  -66  -7 
46  -67  -5 
44  -66  -6 
45  -67  -6 
47  -67  -5 
47  -67  -7 
45  -66  -5 
45  -67  -5 
46  -67  -6 
44  -65  -8 
46  -66  -7 
46  -66  -5 
46  -66  -5 
46  -67  -5 
44  -66  -5 
47  -66  -6 
45  -66  -6 
47  -67  -4 
47  -66  -5 
46  -67  -7 
46  -65  -6 
47  -67  -5 
45  -66  -7 
46  -67  -7 
46  -66  -9 
45  -66  -5 
46  -67  -6 
47  -69  -5 
46  -67  -7 
45  -66  -7 

//Reference=MNI 
//truestudy_2
//Subjects=8
46  -67  -7 
48  -67  -5 
45  -65  -5 
46  -66  -6 
47  -65  -7 
43  -65  -7 
46  -64  -7 
47  -66  -7 
46  -66  -6 
46  -66  -7 
47  -67  -6 
46  -66  -7 
47  -67  -6 
47  -66  -6 
45  -67  -7 
48  -66  -7 
46  -67  -6 
47  -66  -6 
45  -67  -8 

//Reference=MNI 
//truestudy_3
//Subjects=10
45  -67  -7 
46  -67  -7 

//Reference=MNI 
//nullstudy_1
//Subjects=8
46  14  4 
-52  14  -30 
-38  -66  -38 
-6  -70  10 
34  58  16 
-38  48  -14 
-18  -30  8 
-12  -28  68 
-66  -10  6 
4  34  -6 
-24  -38  12 
-56  -58  30 
-30  10  30 
-6  34  34 
34  22  -30 
-2  20  18 
20  66  -6 
-40  -42  -10 
40  28  -2 
-18  -64  56 
-34  40  -20 
-10  10  12 
-2  -64  32 
-38  -68  -28 
26  4  -30 
-24  -12  -40 
16  36  40 
-46  -44  60 
-26  -22  -24 
-10  -82  44 
-36  -32  -32 
2  18  -24 
26  16  66 
14  22  14 
10  42  56 
18  54  4 
42  58  10 
-62  -6  12 
54  4  24 
-40  -2  -46 
-38  12  -28 
36  50  22 
-48  30  20 
14  16  -8 
-34  -32  -26 
-54  -4  10 
-32  -88  -22 
-38  22  2 
-10  -82  28 
0  8  10 
-60  -18  12 
30  4  -50 
-56  -26  44 
-14  46  -6 
-4  24  18 
30  54  34 
38  34  28 
-22  4  10 
-8  -34  44 
-42  22  -8 
-32  32  18 
-50  -6  -10 
34  12  -28 
-24  -58  -62 
-12  -86  20 

//Reference=MNI 
//nullstudy_2
//Subjects=8
-14  4  -8 
-10  -50  72 
-44  30  -12 
0  38  12 
-44  32  40 
-14  -70  -56 
-4  -26  30 
-30  -18  54 
-16  66  18 
-26  -78  18 
-58  -36  42 
-6  -10  16 
-18  6  48 
24  18  44 
-10  -52  -28 
-12  14  52 
-12  8  4 
44  4  26 
-48  -18  -40 

//Reference=MNI 
//nullstudy_3
//Subjects=10
-16  -24  -22 
-52  -60  30 

//Reference=MNI 
//nullstudy_4
//Subjects=11
-2  -44  -56 
48  18  38 

//Reference=MNI 
//nullstudy_5
//Subjects=10
-28  -6  -20 
-16  -54  -54 
-40  -74  46 
14  54  -6 
-28  -50  -60 

//Reference=MNI 
//nullstudy_6
//Subjects=10
-6  24  58 
10  46  16 
-40  20  -16 
-60  -16  -8 
-38  -2  0 
-20  -70  32 
42  46  -4 
-54  -36  30 
-42  18  40 
-26  22  52 
-36  -4  52 
-24  -100  -8 
-16  52  28 
-18  -80  -50 
-26  -50  -28 
-26  -56  -56 
-22  18  54 
46  18  -28 
4  14  0 
-30  12  -44 
-58  -30  -32 
-18  -88  -6 
-26  -68  -28 
-4  52  -20 
-22  -24  72 
-20  -8  74 
-10  40  38 
44  38  12 
-14  -82  16 
-4  -66  48 
-36  22  32 
24  12  -46 
-8  -46  -42 
-30  -48  -44 
-42  -28  64 
24  54  14 
-2  -24  66 
4  22  -14 
18  58  6 
36  62  10 
-4  20  66 
-40  8  -26 
-38  -70  -26 
-10  -30  -28 
10  16  70 
-32  -72  -26 
-34  54  0 
-22  -44  10 
-44  8  22 
-10  -86  46 
-16  -50  -56 
32  16  -28 
-12  -70  -14 
0  34  -4 
32  10  52 
-46  -24  40 

//Reference=MNI 
//nullstudy_7
//Subjects=10
-8  -46  62 
-4  -28  32 
-56  -18  -34 
-6  -6  40 
28  38  52 

//Reference=MNI 
//nullstudy_8
//Subjects=10
-8  -42  76 
-10  -42  78 
-22  -28  -34 
-30  -24  68 
4  48  8 
-54  -44  6 
-26  -90  20 
20  44  24 

//Reference=MNI 
//nullstudy_9
//Subjects=9
-10  -84  -48 
-30  -36  42 
-22  -98  20 
40  38  36 
-10  -90  -16 
-26  -70  28 
-14  24  -14 
2  62  18 
-56  -66  -14 
54  22  30 
-20  -28  -34 
28  16  -8 
48  14  22 

//Reference=MNI 
//nullstudy_10
//Subjects=12
-42  -54  -34 
54  12  2 
-18  -58  2 
-32  30  10 
-34  -80  34 

//Reference=MNI 
//nullstudy_11
//Subjects=10
0  30  2 
-14  16  -20 

//Reference=MNI 
//nullstudy_12
//Subjects=11
-14  42  -24 
-50  -60  -22 
32  38  12 
-56  -50  16 
0  48  48 
-58  -34  -10 
-4  0  38 
-8  -40  -26 
16  62  4 
-16  12  64 
-6  -44  8 
-56  -2  40 
14  54  36 
-14  -62  34 
-20  -90  12 
-18  -88  -4 
-6  -92  6 
-34  38  -22 
6  18  60 
-58  -34  12 
-40  12  52 
-4  10  48 
-48  -54  -52 
42  22  -18 
-44  18  12 
-62  -4  10 
-14  40  40 
-54  -42  -12 
34  14  -34 

//Reference=MNI 
//nullstudy_13
//Subjects=10
-40  -10  -36 
-56  -24  16 
-46  -6  -44 
2  42  42 
4  48  -2 
-2  -52  38 
-48  -58  -30 
-22  40  -16 
-16  10  -2 
-18  -70  -6 

//Reference=MNI 
//nullstudy_14
//Subjects=11
-36  -78  -50 
-16  -62  -58 
-66  -38  12 
34  14  42 
0  46  -16 
-26  22  6 
-26  -100  0 
-48  -66  -42 
-46  -12  -36 
-42  -44  -34 
32  36  -20 
-38  -32  6 
-40  10  -8 
-58  -34  -30 
-38  -28  -28 
-26  50  2 
-14  60  -6 
-50  -32  62 
62  12  28 
24  58  -14 
-20  52  -16 
-4  -30  -16 
34  8  46 
-20  -98  12 
-22  -68  -42 
-26  -16  -30 

//Reference=MNI 
//nullstudy_15
//Subjects=10
-36  -36  18 
-10  -66  -40 

//Reference=MNI 
//nullstudy_16
//Subjects=9
-6  -88  6 
-58  -26  52 
-18  -70  -24 
-2  -84  20 
-28  0  -24 
2  14  -4 
6  10  54 
48  20  -26 

//Reference=MNI 
//nullstudy_17
//Subjects=11
-30  -42  44 
-8  -50  -20 
-50  34  20 
-6  -28  -26 
-18  -76  -56 

//Reference=MNI 
//nullstudy_18
//Subjects=9
44  8  26 
-22  50  24 

//Reference=MNI 
//nullstudy_19
//Subjects=9
10  6  -24 
46  8  -14 
-56  -18  12 
8  8  68 
-58  -64  -4 
-46  16  -30 
46  10  28 
-52  0  36 
12  52  24 
42  28  2 
-12  -8  68 
-12  4  72 
-14  -74  6 
-18  -78  10 
-6  -8  -24 
-66  -6  10 
-48  14  42 
20  66  18 
-34  56  14 

//Reference=MNI 
//nullstudy_20
//Subjects=9
4  2  54 
4  42  16 
-14  -40  12 

//Reference=MNI 
//nullstudy_21
//Subjects=9
-12  -88  30 
32  46  4 
-28  30  38 

//Reference=MNI 
//nullstudy_22
//Subjects=10
-32  -86  0 
-16  -30  12 

//Reference=MNI 
//nullstudy_23
//Subjects=9
-42  -62  -6 
-46  42  2 
-52  -66  4 

//Reference=MNI 
//nullstudy_24
//Subjects=10
28  18  -36 
-16  -82  30 
-42  24  -26 

//Reference=MNI 
//nullstudy_25
//Subjects=10
-38  -70  -14 
-2  -54  36 

//Reference=MNI 
//nullstudy_26
//Subjects=10
38  32  26 
66  2  10 
-34  14  62 
-16  -16  -36 

//Reference=MNI 
//nullstudy_27
//Subjects=11
-36  36  8 
-26  4  -32 
-50  -28  40 
-4  36  40 

//Reference=MNI 
//nullstudy_28
//Subjects=12
28  40  30 
44  36  34 
50  10  -18 
-50  -12  -18 

//Reference=MNI 
//nullstudy_29
//Subjects=10
-18  18  62 
-22  -42  62 
14  8  -16 
-52  -8  42 
-40  16  44 
-2  38  20 
-4  -72  18 
-18  -30  18 
-64  -22  40 
-40  -78  -8 
12  38  14 
-4  38  -14 
20  48  -10 

//Reference=MNI 
//nullstudy_30
//Subjects=10
-40  4  -34 
-16  -82  -40 
-2  -14  56 
12  18  60 
-16  -28  -38 
40  12  54 
-32  20  14 
-10  60  38 
-52  -34  -22 
-14  -84  18 
-46  -76  -38 
-38  -20  60 
-34  -66  -46 
-28  48  -16 
-42  -16  -2 
-46  -66  -42 

//Reference=MNI 
//nullstudy_31
//Subjects=9
-30  -58  -52 
-18  -46  -32 
-36  -68  -44 
52  2  -24 
-18  26  -20 
-10  56  -4 

//Reference=MNI 
//nullstudy_32
//Subjects=9
-52  18  -28 
-24  -42  -2 
-20  42  24 
-32  28  44 
-62  -50  -4 
44  22  -24 
-28  -50  -20 
-46  -50  10 
-32  60  -16 

//Reference=MNI 
//nullstudy_33
//Subjects=11
-40  48  -14 
34  10  54 
8  4  36 
-36  30  30 

//Reference=MNI 
//nullstudy_34
//Subjects=9
-32  42  20 
-40  -80  -32 
-48  12  -8 
-56  -30  -2 

//Reference=MNI 
//nullstudy_35
//Subjects=13
-54  -4  -6 
30  24  38 
-18  -94  4 
-16  -90  -44 
-44  -28  38 
6  44  4 
10  44  -6 
-44  -62  4 
-60  -14  -36 
-26  -66  28 

//Reference=MNI 
//nullstudy_36
//Subjects=8
10  4  4 
-60  8  32 
-28  -22  50 

//Reference=MNI 
//nullstudy_37
//Subjects=9
-30  -18  -8 
-10  -54  56 
-38  -14  18 
-60  -58  36 
-48  10  46 
-42  -34  -26 
-26  52  24 
-8  -56  -40 
30  42  34 
52  20  28 
40  44  -12 
-10  -12  44 
-38  -78  -28 
-18  -10  -34 
-44  -66  -48 
-44  -16  44 
-52  -28  24 
-54  14  6 
50  20  18 
-30  -42  4 
40  12  36 
-16  66  -6 
-66  -42  28 
-16  26  -28 
20  24  64 
-44  -66  16 
-10  42  16 
20  26  50 
-30  52  16 
-10  -4  14 
30  44  42 
-22  50  20 
-28  48  14 
34  36  44 
14  20  -18 
-22  -56  38 
-54  -2  -2 
-20  -56  40 
-4  -2  0 
26  32  42 
-22  -56  52 
52  28  -10 
-10  -14  52 
-32  -20  -28 
-16  8  -20 
-42  -44  14 
-52  -2  46 
-50  -78  -8 
42  26  2 
20  26  -22 

//Reference=MNI 
//nullstudy_38
//Subjects=8
-22  46  10 
-42  12  20 

//Reference=MNI 
//nullstudy_39
//Subjects=9
-24  -36  -22 
-32  16  -12 
-12  -90  6 

//Reference=MNI 
//nullstudy_40
//Subjects=10
42  6  22 
-66  -56  4 

//Reference=MNI 
//nullstudy_41
//Subjects=9
-36  -52  -6 
-20  -68  -2 
42  58  0 
-10  -96  26 

//Reference=MNI 
//nullstudy_42
//Subjects=10
-32  -68  -26 
30  16  48 
34  20  38 

//Reference=MNI 
//nullstudy_43
//Subjects=12
-2  24  36 
-40  -16  14 
-54  2  46 

//Reference=MNI 
//nullstudy_44
//Subjects=9
-22  -28  -34 
-18  -36  24 

//Reference=MNI 
//nullstudy_45
//Subjects=10
-38  -54  -26 
-52  -64  -4 
-36  -46  -16 
-4  -56  0 
-22  -42  -24 
-54  -32  10 
20  38  -12 
-4  -100  8 
-58  -20  36 
-60  -12  20 
-42  -16  38 
56  32  -8 
-32  -64  -26 
-12  48  46 
36  52  32 
42  48  2 
-12  -44  -10 
-14  -28  16 
-48  -70  20 
-28  -74  -6 
-16  -64  18 
-44  -54  -36 
50  26  36 
10  4  60 
-32  -10  12 
26  32  30 
-58  -16  -2 
-32  -72  -24 
42  50  22 
-4  -82  42 
-6  -60  0 
-26  50  2 
-24  -26  62 
-24  -90  -4 
38  14  -6 
-28  14  10 
-22  60  -8 
-52  -74  28 
44  22  6 
-2  0  66 
-26  -78  50 
-6  64  -2 

//Reference=MNI 
//nullstudy_46
//Subjects=8
-8  -50  -26 
-4  -20  -14 
-38  -62  -24 
-12  50  44 

//Reference=MNI 
//nullstudy_47
//Subjects=11
-50  -74  -6 
-44  30  0 
-24  20  52 
-14  -32  8 
-42  26  48 

//Reference=MNI 
//nullstudy_48
//Subjects=10
-16  -92  -2 
-58  -36  -8 

//Reference=MNI 
//nullstudy_49
//Subjects=10
2  6  -20 
-18  -30  -16 
-38  -28  -10 
-32  -58  4 
-36  -70  38 
-68  -38  -16 
-40  22  28 
2  24  -14 
-2  -20  50 
16  26  -2 
-60  6  -22 
30  42  38 
-38  -88  8 
-6  44  -20 
32  2  40 

//Reference=MNI 
//nullstudy_50
//Subjects=10
-24  -62  -20 
2  54  0 
-54  -64  -22 
-10  -50  46 
10  48  0 

//Reference=MNI 
//nullstudy_51
//Subjects=11
-20  -60  40 
-38  2  42 
-10  -26  20 
-40  -34  40 
46  26  2 

//Reference=MNI 
//nullstudy_52
//Subjects=10
44  14  46 
-14  -52  26 
20  26  48 
-28  -76  -2 
-6  -82  -46 
-48  -58  -20 
-40  -64  12 

//Reference=MNI 
//nullstudy_53
//Subjects=9
20  44  28 
18  56  36 
-38  -14  -20 
-12  -66  -42 
-30  -90  -14 
-38  -6  36 
-30  -12  56 
-24  16  64 
20  34  40 
42  16  -8 
-34  6  52 
-40  -44  -48 
-26  -36  -6 
48  22  32 
-70  -18  -14 

//Reference=MNI 
//nullstudy_54
//Subjects=10
-16  38  40 
-20  64  14 
44  12  -36 
42  42  -20 

//Reference=MNI 
//nullstudy_55
//Subjects=10
-16  -12  -16 
-12  -54  -34 
-14  18  6 

//Reference=MNI 
//nullstudy_56
//Subjects=11
-14  40  24 
-2  60  -6 
40  14  -42 
-4  44  4 
58  4  42 
-20  -94  12 

//Reference=MNI 
//nullstudy_57
//Subjects=11
-4  -50  -6 
-22  10  52 
-20  -8  -46 
-40  -56  30 

//Reference=MNI 
//nullstudy_58
//Subjects=10
-4  40  -18 
-32  -80  -22 
-62  -58  -2 
-16  -62  -24 
-12  62  -14 
-12  -90  -28 
-36  34  6 
-52  -32  -2 
42  2  24 
-34  -24  -10 
-34  -8  10 
18  22  -4 

//Reference=MNI 
//nullstudy_59
//Subjects=11
26  48  38 
-2  64  6 
8  20  10 
-36  -12  -44 
-36  14  24 
-40  -56  32 
-4  -18  78 
22  46  24 
-48  -60  54 
44  14  12 

//Reference=MNI 
//nullstudy_60
//Subjects=10
18  62  22 
-26  18  50 
-24  30  50 

//Reference=MNI 
//nullstudy_61
//Subjects=10
26  24  -10 
-6  62  -18 
30  6  -38 
-14  -12  12 
-28  -68  -30 
14  62  0 
-4  44  -22 

//Reference=MNI 
//nullstudy_62
//Subjects=10
-50  -60  52 
-34  -50  58 
38  48  20 
18  4  -34 
-44  -16  46 
-28  -98  -2 

//Reference=MNI 
//nullstudy_63
//Subjects=10
4  58  32 
-8  22  66 
-40  -90  -12 
-48  -72  -2 
40  44  28 
-26  -44  58 

//Reference=MNI 
//nullstudy_64
//Subjects=9
-28  -46  4 
-14  62  -6 
-54  -48  -2 
-14  -16  -10 
-64  -20  22 
-48  -20  -36 

//Reference=MNI 
//nullstudy_65
//Subjects=9
-10  -42  -36 
10  4  -16 
-24  28  52 
-24  6  -2 
-14  -22  38 
20  34  30 

//Reference=MNI 
//nullstudy_66
//Subjects=9
-24  -8  70 
28  8  -22 

//Reference=MNI 
//nullstudy_67
//Subjects=12
22  64  -16 
-52  -28  52 

//Reference=MNI 
//nullstudy_68
//Subjects=10
-58  4  -28 
20  16  54 
0  20  -24 

//Reference=MNI 
//nullstudy_69
//Subjects=9
-32  20  12 
38  30  40 
-12  38  12 
-12  -40  42 
-8  -66  -24 
16  68  2 
-4  -102  -12 
-46  10  6 
-26  -84  24 
14  60  16 
46  28  30 
-32  38  8 
-24  -14  74 
-58  -36  -8 
46  12  -36 

//Reference=MNI 
//nullstudy_70
//Subjects=10
-44  -14  30 
10  60  14 
-20  -76  18 
24  14  -12 
-38  -10  42 

//Reference=MNI 
//nullstudy_71
//Subjects=10
-60  2  -30 
-48  -56  26 

//Reference=MNI 
//nullstudy_72
//Subjects=11
-50  -10  44 
-62  -52  -12 
34  32  28 
-56  -8  -40 

//Reference=MNI 
//nullstudy_73
//Subjects=10
-38  28  48 
22  52  34 
-32  -32  -16 
-4  36  -4 

//Reference=MNI 
//nullstudy_74
//Subjects=11
-26  48  18 
-36  -80  4 
-44  -34  4 
-38  -86  -22 
-16  -32  -14 
-30  -8  70 
-46  20  28 
-32  -50  -28 
-6  -90  -40 
-36  8  46 
-58  -12  -6 
-30  40  36 
-30  -2  -50 
-14  -78  20 
8  52  42 
-24  14  46 
26  32  56 
-40  44  16 

//Reference=MNI 
//nullstudy_75
//Subjects=12
-24  -36  -10 
12  34  50 
-42  -76  -8 
2  60  22 

//Reference=MNI 
//nullstudy_76
//Subjects=11
-54  -12  34 
-46  -62  0 
8  28  -8 
-20  10  44 
-56  -24  20 
-2  -80  36 
-64  4  8 
-66  -8  2 

//Reference=MNI 
//nullstudy_77
//Subjects=9
48  16  12 
-10  -34  -12 
-2  -16  74 
24  6  50 
-44  -74  24 
6  66  16 
-36  -84  -30 
4  62  -22 
-40  -70  28 
-6  -12  22 
16  14  66 
-34  38  -20 
30  18  -28 
-20  -40  -22 
-64  -22  2 
58  22  8 

//Reference=MNI 
//nullstudy_78
//Subjects=8
-18  -56  -8 
-38  -10  2 
-68  -40  12 
-36  -18  16 
-24  -82  44 
-30  -16  -14 
10  18  52 
-18  -86  -32 
18  12  -22 
-32  -42  66 
-4  -60  24 
-16  -58  52 
4  42  22 
22  38  46 
24  50  40 
-48  -40  -30 
-50  -54  50 

//Reference=MNI 
//nullstudy_79
//Subjects=10
58  2  6 
20  16  2 

//Reference=MNI 
//nullstudy_80
//Subjects=11
2  34  30 
-28  -46  40 

//Reference=MNI 
//nullstudy_81
//Subjects=9
-2  -46  26 
-2  -46  26 
-28  4  48 
-50  -24  8 

//Reference=MNI 
//nullstudy_82
//Subjects=10
-44  10  6 
12  64  -2 
-36  8  -48 
-8  -34  74 
-28  -70  30 
-42  -82  14 
26  2  62 
46  54  10 
-32  32  28 
28  26  36 
-8  30  28 
-46  4  4 
-48  -34  38 
50  20  -2 
-16  -34  -8 
-6  -68  18 
-50  -76  -20 
32  10  44 
24  58  -14 
-8  -4  48 
-16  -26  38 
-36  -46  -32 
-20  -36  -18 
-28  -40  12 
-32  -34  36 
-38  30  -4 
-38  -70  -54 
-62  -52  -14 
44  34  18 
-8  14  -22 
0  38  36 
-32  -2  -34 
30  20  0 
38  2  -12 
-40  -20  58 
-50  -70  26 
-42  28  36 
62  2  -2 
-2  36  60 
-18  66  -14 
-50  -16  12 
-16  -44  8 
-12  14  52 
8  34  -24 
-14  -56  42 
-36  62  -8 
46  22  26 
-16  -24  -20 
16  22  10 
-14  -62  -16 
-16  -68  -12 
32  40  -10 

//Reference=MNI 
//nullstudy_83
//Subjects=10
8  26  -28 
-14  -80  -34 
8  42  -24 

//Reference=MNI 
//nullstudy_84
//Subjects=9
-2  -50  2 
-16  22  14 
8  44  50 
-6  -58  30 

//Reference=MNI 
//nullstudy_85
//Subjects=9
46  16  -34 
-58  -20  2 
34  16  54 
-58  -66  24 
0  6  70 
54  32  -12 
-20  50  -14 
42  42  -22 
-26  -58  50 
-46  -10  60 
-22  54  18 
42  8  -8 
6  50  6 

//Reference=MNI 
//nullstudy_86
//Subjects=10
-16  -56  4 
-4  46  40 
-16  -44  66 

//Reference=MNI 
//nullstudy_87
//Subjects=9
-10  60  -4 
-38  16  -4 

//Reference=MNI 
//nullstudy_88
//Subjects=10
8  60  16 
-28  -12  -20 
50  4  12 

//Reference=MNI 
//nullstudy_89
//Subjects=10
-50  -52  12 
-46  0  18 
2  6  4 

//Reference=MNI 
//nullstudy_90
//Subjects=11
-2  42  -18 
-42  16  10 
-14  -6  -30 
-24  -80  50 
10  2  -14 

//Reference=MNI 
//nullstudy_91
//Subjects=11
-36  -58  -16 
-2  -4  0 
-2  -42  68 
-40  -38  14 
-26  50  -12 
-50  -22  -30 

//Reference=MNI 
//nullstudy_92
//Subjects=11
-28  -92  -16 
-60  -50  44 
-18  -98  24 
32  2  62 
30  10  52 
38  38  20 
-6  -10  40 
-18  -34  -40 
-12  -100  -12 
-16  -42  -28 

//Reference=MNI 
//nullstudy_93
//Subjects=12
-2  50  -24 
-56  4  34 
-24  -28  -6 
-22  -88  -8 
-28  -30  68 
-58  -36  -30 
2  28  -16 
36  6  14 
54  2  8 

//Reference=MNI 
//nullstudy_94
//Subjects=8
-26  -48  14 
-24  -86  14 
-18  -26  16 
12  40  -10 
-24  -30  -20 
-42  -18  48 
-44  -72  -8 
36  8  -34 
-4  56  -8 
-30  30  34 
-50  -76  26 
10  34  -16 
6  22  44 
-42  -14  22 
30  20  30 
-50  4  48 
-26  56  14 
-8  -38  -14 
10  34  62 
-16  -40  -34 
30  2  60 
-34  -44  58 
-24  -56  -54 
4  38  52 
-22  26  56 
-38  38  36 
-10  4  14 

//Reference=MNI 
//nullstudy_95
//Subjects=11
-18  -54  58 
-18  -50  6 
-18  -18  76 
54  20  -20 
-20  -50  8 
-22  14  40 
-12  -90  40 
12  28  -28 
-6  -20  10 
-4  -80  -10 
-22  24  32 
34  12  58 
6  48  2 
-52  10  26 
-14  54  8 
36  54  -4 
-6  -38  -50 
-46  -74  -44 
-20  16  62 
-20  -54  -40 
-2  -22  -30 
-58  18  24 
-64  -18  4 
-24  -2  62 
-22  26  40 
-6  -88  -14 
-42  2  26 
-14  -76  -4 
58  34  8 
-42  -58  32 
-62  -20  -26 
-24  56  14 
40  20  44 

//Reference=MNI 
//nullstudy_96
//Subjects=10
-22  -62  -2 
-28  -2  -14 

//Reference=MNI 
//nullstudy_97
//Subjects=10
34  32  2 
-40  42  34 
10  22  2 
24  10  4 
10  26  22 
18  8  62 
40  12  -28 
-36  -60  -38 
-4  -100  2 
-28  18  14 
28  24  -22 
28  46  30 
-38  -42  42 
-56  -58  36 
4  44  36 
-42  -82  6 
-16  -86  -6 
-14  50  -6 
-38  -74  8 
32  40  38 
-2  -90  -22 
-20  -94  -20 
48  16  44 
8  26  -20 
-38  -58  -56 
-20  -88  0 
48  24  6 
-22  -58  6 
-44  -8  60 
-58  -2  -18 

//Reference=MNI 
//nullstudy_98
//Subjects=11
0  50  50 
-40  -56  -26 
-22  -70  -18 
14  52  -24 
-18  -54  -26 
-40  -48  18 

//Reference=MNI 
//nullstudy_99
//Subjects=10
-32  44  2 
-24  -80  -16 
-26  -20  58 
-26  28  2 
-30  -42  -48 
-52  -62  -28 
-14  60  30 
-2  58  -8 
-22  -76  12 
2  26  -26 
-8  -50  -44 
-56  -64  -28 
-58  -16  0 
-18  -30  -36 

//Reference=MNI 
//nullstudy_100
//Subjects=10
-8  26  66 
-16  -82  0 
-48  -50  12 
12  50  -8 
-28  -92  -24 
-38  -66  42 
-12  -84  14 
-40  12  -38 
-50  6  -2 
4  34  36 
0  62  -6 
-52  -64  -6 
-18  40  40 
-38  14  -44 

