//Reference=MNI 
//truestudy_1
//Subjects=30
46  -66  -5 
46  -66  -7 
45  -66  -6 
48  -66  -6 
48  -66  -7 

//Reference=MNI 
//truestudy_2
//Subjects=30
45  -65  -8 
46  -67  -8 
48  -67  -4 
47  -66  -7 

//Reference=MNI 
//truestudy_3
//Subjects=28
44  -66  -6 
46  -66  -8 

//Reference=MNI 
//nullstudy_1
//Subjects=30
-50  30  -4 
-16  -90  -30 
-6  30  -32 
-54  -40  52 
8  64  30 

//Reference=MNI 
//nullstudy_2
//Subjects=30
-42  2  -32 
12  60  -2 
-34  -16  70 
-54  -10  28 

//Reference=MNI 
//nullstudy_3
//Subjects=28
-60  -16  -32 
4  28  12 

//Reference=MNI 
//nullstudy_4
//Subjects=31
28  28  58 
-60  -46  40 
-28  -66  2 
-14  -88  28 
-4  -48  -34 
-32  -74  -50 
-44  28  -2 
-8  62  -18 

//Reference=MNI 
//nullstudy_5
//Subjects=29
-32  -14  -14 
8  44  32 
-48  -60  -8 

//Reference=MNI 
//nullstudy_6
//Subjects=30
38  32  30 
-54  20  -4 
8  6  10 
34  64  8 
-10  -14  54 
54  36  24 
-4  68  0 
-22  -52  4 
-4  28  28 

//Reference=MNI 
//nullstudy_7
//Subjects=31
-44  -88  4 
-22  -96  4 
-8  40  -24 
14  4  66 
-20  42  52 
-2  -56  -34 
-28  -18  -26 
28  32  -20 
-42  6  20 
-38  -88  12 
-8  64  12 
8  52  0 

//Reference=MNI 
//nullstudy_8
//Subjects=30
28  38  -6 
-32  48  24 
-62  -12  22 
-16  -64  34 
-10  -50  -16 
-8  -36  72 
-20  -68  -28 
-24  52  20 

//Reference=MNI 
//nullstudy_9
//Subjects=31
-56  -4  46 
-32  -14  6 
-48  46  10 
-32  -50  -18 
10  48  -28 
-22  30  50 
-26  46  6 
-20  36  -14 

//Reference=MNI 
//nullstudy_10
//Subjects=30
-16  -64  -54 
-12  22  40 
-60  -10  8 
-26  -34  -44 
42  20  -2 

//Reference=MNI 
//nullstudy_11
//Subjects=30
18  20  6 
-26  -62  60 
-10  0  -14 
-26  -82  -8 
4  68  -14 

//Reference=MNI 
//nullstudy_12
//Subjects=29
-10  2  52 
-24  -96  -14 
-40  -82  22 

//Reference=MNI 
//nullstudy_13
//Subjects=29
-50  2  46 
-6  46  16 
-46  -54  22 

//Reference=MNI 
//nullstudy_14
//Subjects=29
-4  -84  38 
-20  36  54 
-8  54  22 

//Reference=MNI 
//nullstudy_15
//Subjects=29
-28  -60  -32 
-14  -72  -54 
-24  -42  4 
-38  -28  -10 

//Reference=MNI 
//nullstudy_16
//Subjects=30
-14  -32  -14 
-12  -58  -48 
-20  -44  4 
-28  -26  -8 

//Reference=MNI 
//nullstudy_17
//Subjects=28
-36  -46  -54 
-60  -14  -32 

//Reference=MNI 
//nullstudy_18
//Subjects=29
-12  -48  -48 
-24  -42  -56 
8  20  12 

//Reference=MNI 
//nullstudy_19
//Subjects=30
4  26  44 
-36  -20  -32 
-20  -84  10 
24  30  36 
-12  -78  26 
-18  -38  78 

//Reference=MNI 
//nullstudy_20
//Subjects=30
-40  -76  -18 
42  26  -4 
-28  0  -8 
40  40  -18 
-24  34  26 

//Reference=MNI 
//nullstudy_21
//Subjects=28
-10  -54  24 
44  8  -44 

//Reference=MNI 
//nullstudy_22
//Subjects=30
-34  34  42 
-52  36  2 
12  8  8 
34  8  -24 
-14  54  34 
-44  -2  36 

//Reference=MNI 
//nullstudy_23
//Subjects=31
-6  -86  28 
-40  18  24 
-10  -96  4 
-60  -30  -16 
-56  -44  38 
0  6  12 
-6  12  58 
-60  -60  -22 
-16  30  -24 

//Reference=MNI 
//nullstudy_24
//Subjects=30
-10  50  -28 
-20  -28  -6 
-20  -82  -34 
-32  -40  60 
-4  -78  -46 
-46  -80  24 
-38  -62  56 
32  24  44 
-10  16  62 
-34  -34  70 
-38  -68  56 
-38  -36  64 
-24  48  24 
44  26  -8 
-46  46  12 
-34  -72  -34 
-40  -28  -24 
-68  -34  -8 
-46  -52  -28 
-6  60  24 
10  54  -28 
36  28  24 

//Reference=MNI 
//nullstudy_25
//Subjects=31
-32  48  36 
-12  -84  -8 
-26  0  8 
-38  34  8 
-2  -58  -36 
36  52  -12 
-50  36  -12 
60  6  -24 
-12  4  58 
-30  -46  -58 
-48  -66  24 
32  4  32 
-44  -84  -20 
-10  -86  -48 

//Reference=MNI 
//nullstudy_26
//Subjects=31
-30  -62  26 
-2  48  34 
-66  -16  18 
-22  -68  6 
-64  -24  16 
4  4  28 
52  6  -20 

//Reference=MNI 
//nullstudy_27
//Subjects=32
-22  -2  -30 
14  16  6 
-8  -60  40 
-42  -6  12 
-4  40  -2 
-30  -70  58 
-28  -28  12 
62  4  -28 
-26  -64  48 
-50  -10  -12 
-40  -2  10 
22  64  -16 
-20  66  10 
44  42  2 
6  6  -16 
-10  22  -26 
-36  -62  12 
-8  -62  64 
-4  -16  -40 
-14  56  22 

//Reference=MNI 
//nullstudy_28
//Subjects=31
-14  -26  -6 
-34  24  -26 
-36  -60  40 
-54  -54  -26 
-12  -4  66 
-24  -42  -48 
-10  -92  4 
26  28  -16 
-8  -52  56 
-48  -12  46 
-22  -56  -48 
-6  -54  34 
20  38  56 
-20  -56  -16 
-34  32  -8 
-26  16  54 

//Reference=MNI 
//nullstudy_29
//Subjects=29
-52  -20  52 
-38  -44  -42 
-50  -42  34 

//Reference=MNI 
//nullstudy_30
//Subjects=31
-54  -48  34 
-54  -76  -4 
-10  -106  -8 
-46  -18  -32 
-56  6  -10 
-50  -14  20 
-64  -52  8 
-32  -64  -42 
-12  8  -30 
-52  8  16 
-2  -72  -20 
-26  56  -14 
-42  -68  -52 
-24  -78  24 
-30  18  30 
-8  -40  -24 
-10  42  -2 
-26  0  -10 
36  16  22 
-32  -46  -2 
-62  -8  2 
-68  -36  12 
-48  -10  4 
2  28  -2 
-6  34  12 
-50  -60  42 
-42  -50  -34 
-40  -48  -42 
-40  -78  -44 
-38  -52  -60 
-12  -42  -40 
-28  4  66 
-32  -66  58 
-8  -70  58 
36  50  -10 
-10  -36  14 
-62  -30  38 
-52  -54  12 
-16  -4  70 
-16  -62  0 
-24  -20  -34 
-14  -76  -22 
-52  2  24 
-34  12  -42 
-36  -4  -4 
-14  -98  24 
-24  -48  58 
-8  -44  -44 
-24  8  0 
-2  -44  -36 
-38  56  -4 
-40  -64  -20 
-44  2  -26 
24  10  -42 
-40  34  -12 

//Reference=MNI 
//nullstudy_31
//Subjects=33
46  46  -12 
-6  -24  -8 
32  8  -48 
-30  -22  70 
-54  -24  20 
-24  6  44 
20  60  24 
28  22  42 
-52  -10  -10 
4  36  -8 
40  24  12 
4  30  10 
-48  -24  4 
-38  -54  -60 
-50  -18  14 
-22  -82  42 
-34  48  -10 
16  22  52 

//Reference=MNI 
//nullstudy_32
//Subjects=31
44  18  -28 
-38  12  0 
-58  -34  52 
-12  -6  -16 
-14  -60  8 
-22  -104  -6 
-46  4  14 
-2  -28  -34 

//Reference=MNI 
//nullstudy_33
//Subjects=29
-32  16  -28 
-50  -54  36 
-26  -74  -26 

//Reference=MNI 
//nullstudy_34
//Subjects=29
-42  -28  38 
-22  -48  68 
-32  -72  -12 

//Reference=MNI 
//nullstudy_35
//Subjects=30
32  20  34 
40  46  -18 
24  34  40 
54  34  16 
-32  50  6 
-16  -82  16 

//Reference=MNI 
//nullstudy_36
//Subjects=32
-52  -60  32 
-8  20  62 
-10  -34  -18 
0  30  -24 
-38  50  2 
-38  -12  40 
-52  28  10 
-28  44  26 
-16  -84  -36 
34  58  14 
44  20  8 
-14  -48  -14 
-22  50  8 
26  18  64 

//Reference=MNI 
//nullstudy_37
//Subjects=31
-34  46  16 
-62  14  12 
-44  -78  -8 
-18  -26  -14 
-6  14  16 
-20  -60  -10 
-34  -4  -24 
-6  -92  -20 
-36  -12  -4 
2  50  -30 
46  12  40 
-30  -68  46 
-12  56  10 

//Reference=MNI 
//nullstudy_38
//Subjects=29
-60  -2  36 
-62  -20  -6 

//Reference=MNI 
//nullstudy_39
//Subjects=28
-10  -24  6 
-2  4  30 
-34  16  38 

//Reference=MNI 
//nullstudy_40
//Subjects=30
-16  -68  20 
-54  -52  -6 
-20  -66  40 
-24  6  -20 
-4  -24  -22 

//Reference=MNI 
//nullstudy_41
//Subjects=30
-8  -102  6 
-28  -12  -38 
-26  -62  -14 
10  2  40 
-6  -78  42 
-30  62  0 

//Reference=MNI 
//nullstudy_42
//Subjects=30
-16  -70  30 
-4  -72  14 
8  2  58 
-20  26  56 
-42  -12  4 
0  6  60 

//Reference=MNI 
//nullstudy_43
//Subjects=30
-26  -52  12 
-30  -60  -60 
-56  -64  30 
40  26  -10 

//Reference=MNI 
//nullstudy_44
//Subjects=30
36  8  40 
-24  -50  54 
-12  -64  14 
-28  32  4 
20  16  6 
-6  -90  -4 

//Reference=MNI 
//nullstudy_45
//Subjects=31
-22  -2  -34 
-16  -30  -24 
-18  -4  74 
-44  0  -20 
-10  -18  26 
-46  -24  26 
-36  60  -2 
-38  -68  10 

//Reference=MNI 
//nullstudy_46
//Subjects=31
-10  -56  -60 
44  8  34 
2  2  2 
20  64  28 
-66  -24  -20 
-20  16  -34 
-10  -90  -38 
-10  -78  -26 
-34  -26  -20 
-46  -50  -30 

//Reference=MNI 
//nullstudy_47
//Subjects=31
-32  52  20 
-12  -28  2 
-8  -76  38 
-18  24  -16 
10  50  6 
38  20  6 
24  46  -14 

//Reference=MNI 
//nullstudy_48
//Subjects=32
-32  -22  14 
14  28  -24 
26  2  -2 
-58  -48  -26 
-30  -48  58 
-26  40  50 
-28  -6  -30 
-10  -50  42 
-62  -30  26 
-40  -74  10 
14  52  18 
-34  0  6 
-14  26  -16 
-12  -70  -52 
-12  -10  52 
-2  -32  50 
-18  16  -4 
-10  -76  28 
12  34  52 

//Reference=MNI 
//nullstudy_49
//Subjects=30
-60  -20  -6 
-24  -8  -28 
-16  70  -2 
-40  30  6 

//Reference=MNI 
//nullstudy_50
//Subjects=29
-6  -104  4 
-8  -88  -26 
-60  -32  14 

//Reference=MNI 
//nullstudy_51
//Subjects=30
36  24  38 
12  22  -14 
-56  -46  12 

//Reference=MNI 
//nullstudy_52
//Subjects=30
-28  0  64 
-52  -64  30 
-46  -42  10 
-46  -64  28 
-42  -36  -30 
-24  52  -18 
-2  -6  64 
-28  34  -14 
-28  -44  12 

//Reference=MNI 
//nullstudy_53
//Subjects=30
-2  14  68 
-36  -68  -36 
36  30  -2 
-6  -62  -4 
-6  42  52 
-20  -64  50 
-10  -84  30 

//Reference=MNI 
//nullstudy_54
//Subjects=29
-44  30  30 
-28  -60  32 
-28  14  60 

//Reference=MNI 
//nullstudy_55
//Subjects=29
-40  -6  -32 
-52  28  30 

//Reference=MNI 
//nullstudy_56
//Subjects=31
28  34  34 
-12  -72  6 
-8  -78  -8 
-38  22  -6 
-58  -32  54 
-18  -42  70 
-42  42  -20 
-30  -24  58 
-32  0  54 

//Reference=MNI 
//nullstudy_57
//Subjects=30
-2  22  24 
2  6  4 
46  34  14 
36  32  34 
-20  -44  -58 
-30  14  16 

//Reference=MNI 
//nullstudy_58
//Subjects=28
46  38  -16 
-42  16  -36 

//Reference=MNI 
//nullstudy_59
//Subjects=30
-42  -22  62 
-40  -4  52 
-46  -82  0 
-28  -62  30 
-36  -28  4 
-28  28  -18 

//Reference=MNI 
//nullstudy_60
//Subjects=31
-18  -34  -12 
-14  -26  40 
-38  -36  38 
30  66  -8 
-24  -54  46 
-50  -78  -14 
-36  58  10 
-54  -72  -18 
-30  26  0 

//Reference=MNI 
//nullstudy_61
//Subjects=31
44  24  38 
-6  -92  -20 
-18  58  -6 
-64  -8  4 
4  16  58 
38  12  48 
-8  66  10 
-14  -84  -16 
-20  -48  2 
-18  -12  26 

//Reference=MNI 
//nullstudy_62
//Subjects=32
-18  8  -4 
-44  -28  40 
-44  12  56 
-18  -94  24 
24  44  44 
24  40  24 
2  50  32 
-26  -70  -12 
38  6  -42 
-16  -2  62 
4  26  56 
-6  -66  -44 
12  50  -4 
-46  -84  2 
6  70  12 
-26  -66  -62 
36  48  -4 
-14  -60  -30 
-30  50  -20 
-48  -62  -38 
-32  34  12 
-48  -32  0 
-32  -12  -10 
26  10  60 
42  28  24 
-8  -68  30 
-42  -54  40 
-22  -32  20 
42  36  10 
-18  -64  -18 
-10  -64  -2 
-4  -32  0 
-50  -78  -14 
-16  26  -8 
-4  -36  46 
22  2  46 
-66  -32  -20 
-42  -6  -16 
-28  -64  -18 
44  46  16 

//Reference=MNI 
//nullstudy_63
//Subjects=32
-52  -56  16 
-26  20  62 
-62  -28  32 
-40  -70  -38 
-62  -42  -10 
-56  20  8 
6  14  38 
-6  -62  -10 
30  8  -36 
-30  -54  -6 
-30  -36  38 
-14  38  18 
0  52  22 
-6  -36  -58 

//Reference=MNI 
//nullstudy_64
//Subjects=30
-18  -52  52 
34  48  12 
-36  -36  14 
-26  22  48 
6  44  38 

//Reference=MNI 
//nullstudy_65
//Subjects=30
-50  -42  44 
2  16  42 
10  48  12 
56  14  -4 
-30  -56  -20 
12  46  8 
-32  34  12 
-54  30  -10 
-36  44  22 
48  50  10 
-28  -52  52 
16  8  12 
44  16  2 
-38  -90  16 
36  42  14 
44  30  46 

//Reference=MNI 
//nullstudy_66
//Subjects=31
-40  38  40 
-14  24  54 
-40  22  46 
-30  30  4 
-16  18  -14 
-16  -84  -22 
-34  -80  -50 
-30  -70  -16 
-44  10  24 
-14  -62  -22 
-10  38  -24 

//Reference=MNI 
//nullstudy_67
//Subjects=31
-50  -68  42 
-6  -12  74 
12  6  16 
-36  -10  54 
-52  -42  -12 
-42  26  10 
-26  22  -28 
-40  -84  -2 
-38  36  12 
-36  -32  62 
-16  -52  -40 
-12  -94  -14 
-42  -4  34 
-6  -8  50 

//Reference=MNI 
//nullstudy_68
//Subjects=30
-16  -88  18 
-26  -24  72 
-40  -10  60 
-50  12  -14 
-36  -76  -46 

//Reference=MNI 
//nullstudy_69
//Subjects=29
-2  -100  -8 
-58  -28  24 
-6  -68  6 

//Reference=MNI 
//nullstudy_70
//Subjects=29
-18  50  42 
-36  -68  -36 

//Reference=MNI 
//nullstudy_71
//Subjects=30
-2  28  50 
-40  8  2 
-58  -66  -8 
-18  62  30 
-18  -86  32 
-36  0  30 
38  8  10 
-36  -68  48 
16  18  -4 
-24  52  4 
-6  -82  -42 

//Reference=MNI 
//nullstudy_72
//Subjects=29
46  32  14 
-32  -62  -60 

//Reference=MNI 
//nullstudy_73
//Subjects=32
0  46  40 
-56  -34  52 

//Reference=MNI 
//nullstudy_74
//Subjects=30
-4  -14  8 
-8  -94  -12 
20  52  16 
-28  50  0 
12  8  -16 
10  56  28 
56  12  -14 
-36  -80  44 
56  14  36 
-48  -60  30 
-10  54  32 
-8  -40  -52 
-60  -30  40 
-50  14  -30 
-36  -68  16 

//Reference=MNI 
//nullstudy_75
//Subjects=32
-62  -26  36 
-32  -66  -30 

//Reference=MNI 
//nullstudy_76
//Subjects=30
-30  -80  -40 
-40  -20  -4 
-12  -46  -56 
-34  -58  16 
38  18  12 
-52  -50  -46 
-52  -44  12 
-60  -40  44 
-62  -18  22 
-2  -86  -4 
34  52  22 
-22  -92  16 

//Reference=MNI 
//nullstudy_77
//Subjects=30
18  8  -8 
-28  20  6 
-30  -66  52 
12  56  14 
-14  -42  -46 

//Reference=MNI 
//nullstudy_78
//Subjects=29
32  42  26 
-32  -34  46 
-50  4  52 
-36  -66  -38 

//Reference=MNI 
//nullstudy_79
//Subjects=31
12  14  46 
-6  -74  6 

//Reference=MNI 
//nullstudy_80
//Subjects=31
-40  -48  -36 
30  30  -10 
-4  48  -24 
-2  0  0 
30  10  64 
-42  -76  30 
-6  20  12 
-52  -70  32 

//Reference=MNI 
//nullstudy_81
//Subjects=30
-44  -6  44 
-48  8  0 
8  42  -30 
-36  -74  26 
24  4  54 
-22  -70  -8 
-40  -10  8 
-32  -38  66 
-44  -66  -36 
-2  -82  40 
-46  20  44 

//Reference=MNI 
//nullstudy_82
//Subjects=32
-26  -42  12 
-2  58  36 
8  68  -16 
-30  -78  -38 
14  60  -6 
8  34  58 
-38  -28  -28 

//Reference=MNI 
//nullstudy_83
//Subjects=30
16  58  -2 
24  22  -36 
-10  -56  -24 
-28  6  -26 
-52  40  -12 
-42  -28  48 
-16  -94  -24 
-44  -86  -2 
-46  -18  42 
-18  40  38 
-2  14  -24 
-18  8  2 
-38  -20  -32 
-60  -18  -4 
-26  -46  -22 
26  56  -10 
-10  32  34 
46  16  -32 
-58  -16  -4 
32  18  54 
-24  -58  12 
-10  -30  48 
36  20  10 
-20  20  44 
-34  -60  -24 
-36  -54  44 
-18  -94  -10 
-16  10  52 
12  12  60 
-8  18  40 
-8  -20  28 
44  24  20 
-32  -30  -12 
-32  -6  6 
46  44  14 
-52  -12  -42 
-52  -26  42 
50  16  -32 
-24  24  -14 
-26  44  12 
56  8  8 
2  16  26 

//Reference=MNI 
//nullstudy_84
//Subjects=30
-2  -26  50 
32  32  26 
6  2  20 
-30  12  6 

//Reference=MNI 
//nullstudy_85
//Subjects=30
-10  -80  -20 
-66  -50  -8 
-6  -32  4 
-46  -28  -6 
-38  2  38 
0  26  52 
-2  10  -22 
64  2  -14 
-44  -44  -18 
-34  -86  -10 
-10  22  42 
-30  -46  -30 

//Reference=MNI 
//nullstudy_86
//Subjects=30
-8  10  70 
-66  -8  -16 

//Reference=MNI 
//nullstudy_87
//Subjects=29
-22  48  4 
-44  -10  -30 

//Reference=MNI 
//nullstudy_88
//Subjects=31
-26  0  -2 
-20  8  6 
-30  -60  -42 
24  4  -42 
-58  -24  30 
-22  -64  -56 
2  38  34 
-16  -6  74 
50  20  10 

//Reference=MNI 
//nullstudy_89
//Subjects=29
-40  36  18 
34  20  10 
-58  6  -10 
-40  -8  20 

//Reference=MNI 
//nullstudy_90
//Subjects=31
-10  20  -16 
-14  -24  -32 
26  54  6 
26  58  -8 
-48  -44  60 
-42  -42  64 
50  16  -8 
50  10  -10 
-50  -72  32 
-30  -28  -14 
-42  -14  -10 
-20  8  -34 
-6  26  -28 
44  4  16 
-52  -18  36 
-28  -80  -18 
-12  -34  66 
-14  -102  12 
20  28  34 
-40  -24  -20 
-10  -86  -28 
2  20  66 
-38  -76  -26 
-44  -14  18 
-50  -72  -18 
-6  42  42 
8  46  44 
-30  -72  -12 
36  12  -18 
-4  -78  28 
-8  70  10 
28  46  44 
30  22  -10 
-38  -62  48 
-62  -46  22 
-16  38  -18 
-62  -16  -2 
26  18  -6 
-4  64  20 
-48  -46  -26 
-28  -88  12 
-10  -18  -26 
-36  8  -32 
22  16  -32 
18  2  -46 
-52  -26  30 
-12  44  34 
-58  -44  -8 

//Reference=MNI 
//nullstudy_91
//Subjects=29
-20  16  -40 
30  48  16 

//Reference=MNI 
//nullstudy_92
//Subjects=29
-20  20  56 
40  4  -12 
-6  0  64 
28  30  -20 
-54  -64  -18 
-20  48  -22 
30  12  -12 
-32  -12  72 
-14  -34  -30 
-14  36  16 
-18  64  4 

//Reference=MNI 
//nullstudy_93
//Subjects=31
-30  -44  66 
-34  -38  -28 

//Reference=MNI 
//nullstudy_94
//Subjects=30
-28  54  6 
28  42  40 
-42  -4  -10 

//Reference=MNI 
//nullstudy_95
//Subjects=30
-18  -30  -42 
-26  -68  40 
-30  -12  -32 
-58  -52  32 
-42  -56  52 
24  70  2 
-32  -58  -14 
-36  -54  -48 
-2  -32  80 
62  2  20 
50  18  24 
-70  -18  -12 
14  2  -4 
-18  -74  24 
40  32  -18 
-14  -60  66 
-58  22  10 
-6  -36  66 
-34  -4  2 
14  40  28 
-54  -58  24 
8  10  72 
0  28  60 
-14  -60  -12 
24  8  10 
-18  -30  -28 
-8  -106  4 
-2  -76  18 
22  14  -38 
-10  -10  8 
-28  -74  -44 

//Reference=MNI 
//nullstudy_96
//Subjects=28
-20  -50  60 
-48  12  -32 
-34  62  10 
-10  -58  56 
-12  -76  -52 
-4  -38  64 

//Reference=MNI 
//nullstudy_97
//Subjects=30
-6  -48  -50 
40  28  4 
2  32  8 
-36  -48  -6 
-10  28  44 
-32  -20  -4 
-34  -44  -12 

//Reference=MNI 
//nullstudy_98
//Subjects=31
0  24  40 
38  10  52 

//Reference=MNI 
//nullstudy_99
//Subjects=30
-48  -68  42 
-36  -70  54 
34  20  -8 
-40  -60  8 
-26  -8  -6 
6  60  -8 
-68  -36  30 
-28  -94  4 
-30  2  54 

//Reference=MNI 
//nullstudy_100
//Subjects=29
-12  -14  -36 
36  44  8 
-54  -6  -44 
-14  42  -12 
-12  18  40 
-6  -24  60 
-34  36  16 
-16  14  6 
-8  -46  44 
-12  -64  34 
-28  12  42 
6  32  44 

