//Reference=MNI 
//truestudy_1
//Subjects=21
45  -65  -5 
47  -67  -6 
48  -66  -6 
45  -67  -8 
47  -65  -6 
48  -65  -5 
45  -67  -5 
46  -65  -6 
48  -66  -6 
48  -66  -6 
46  -66  -5 
47  -66  -6 
45  -64  -5 
46  -67  -6 
46  -65  -5 

//Reference=MNI 
//truestudy_2
//Subjects=21
47  -65  -8 
46  -66  -5 
44  -66  -4 
46  -66  -6 
45  -66  -6 
45  -67  -6 
45  -65  -6 
48  -66  -7 
46  -66  -7 
45  -67  -8 
48  -67  -6 

//Reference=MNI 
//truestudy_3
//Subjects=22
45  -65  -7 
46  -66  -5 
46  -66  -6 
44  -68  -4 
46  -65  -4 
47  -65  -6 
48  -67  -5 
47  -67  -8 
46  -66  -5 
47  -65  -8 
46  -64  -6 
47  -66  -7 
47  -64  -6 
44  -66  -5 
46  -66  -6 
47  -67  -6 
46  -67  -7 
46  -65  -6 
47  -67  -7 
46  -68  -7 
48  -65  -6 
44  -66  -6 
46  -65  -5 
46  -64  -5 
46  -65  -4 
45  -66  -6 
44  -65  -6 
46  -65  -7 
46  -65  -6 
46  -67  -8 
45  -66  -6 
48  -65  -6 
48  -68  -5 
46  -66  -7 
47  -65  -7 

//Reference=MNI 
//nullstudy_1
//Subjects=21
-14  -40  -6 
12  22  40 
28  30  54 
-16  -94  -26 
10  24  26 
-14  -72  62 
-20  46  -16 
12  56  12 
-20  38  38 
-22  -52  70 
-30  -84  8 
36  34  16 
-52  16  -10 
20  14  -8 
-10  -66  58 

//Reference=MNI 
//nullstudy_2
//Subjects=21
-14  -40  50 
-66  -34  4 
-38  -80  -46 
34  18  -18 
-16  -10  -10 
-42  -32  -20 
12  18  -6 
-20  20  66 
-2  -28  16 
-28  -78  -14 
-16  -6  62 

//Reference=MNI 
//nullstudy_3
//Subjects=22
-18  -36  -30 
-58  -4  0 
28  50  0 
-4  46  -24 
-32  -4  14 
-58  -36  36 
-20  -72  50 
-46  -32  30 
-38  -58  14 
-6  -68  30 
-62  -44  10 
16  38  38 
-34  -72  24 
22  8  -42 
46  24  -8 
-4  -20  22 
-62  4  16 
-6  0  8 
58  10  32 
-4  -60  20 
-30  -10  66 
-40  8  -46 
-38  -66  -10 
-22  64  20 
-56  -74  8 
-40  2  -26 
16  24  -24 
-8  48  12 
-18  8  -20 
-10  -14  52 
-22  -16  -12 
14  36  48 
-12  -46  60 
-16  -2  -4 
-42  18  46 

//Reference=MNI 
//nullstudy_4
//Subjects=21
-6  -48  70 
-40  -40  34 
-22  -14  -40 
-50  -28  4 
-4  -36  -10 
-14  50  -20 
-44  32  24 
-8  -24  -8 
-66  -16  32 
-32  46  30 
2  18  -24 

//Reference=MNI 
//nullstudy_5
//Subjects=21
-48  34  30 
-8  62  26 
-54  34  -2 
-8  -60  2 
8  58  28 
-10  -46  -36 
38  16  -38 
-6  50  18 
-6  34  24 
-50  -68  18 

//Reference=MNI 
//nullstudy_6
//Subjects=20
-40  -12  -24 
-8  14  72 
20  8  -36 

//Reference=MNI 
//nullstudy_7
//Subjects=21
-52  -64  -4 
-18  0  -46 
-38  -24  10 
-42  -62  14 
-48  -64  30 
40  28  38 
-40  12  -14 
44  42  4 
-16  -90  8 
14  40  -28 

//Reference=MNI 
//nullstudy_8
//Subjects=21
-52  -32  42 
-44  -56  24 
-48  -28  -28 
-12  -2  14 
-42  -20  -18 
-14  -36  4 
-34  -50  -4 
-38  24  -14 
-18  -74  -54 

//Reference=MNI 
//nullstudy_9
//Subjects=19
-24  -46  -14 
-24  60  0 
-20  -6  64 

//Reference=MNI 
//nullstudy_10
//Subjects=20
56  8  42 
-34  -28  6 
-44  -24  44 
-48  -14  28 
28  42  -8 
42  32  -8 

//Reference=MNI 
//nullstudy_11
//Subjects=20
-40  -12  42 
-12  52  -6 
20  36  52 
14  4  12 

//Reference=MNI 
//nullstudy_12
//Subjects=21
-32  -80  24 
-34  10  8 
-14  60  16 
-18  -42  18 
-32  6  60 
-4  -102  0 
-2  -14  -38 
-28  24  -12 
-32  -90  -10 
-40  48  -10 
-18  -52  10 

//Reference=MNI 
//nullstudy_13
//Subjects=18
-42  38  -18 
-46  8  -32 

//Reference=MNI 
//nullstudy_14
//Subjects=20
38  52  16 
6  16  -26 
-32  -6  4 
-26  -76  32 
-44  32  32 
-20  -56  22 

//Reference=MNI 
//nullstudy_15
//Subjects=19
-46  26  6 
-56  34  6 
-16  -42  60 

//Reference=MNI 
//nullstudy_16
//Subjects=21
-16  -36  -28 
-56  0  -30 
-40  -72  -54 
-8  -94  -24 
-32  4  -40 
44  6  40 
-8  28  -12 
34  10  -12 
-52  -72  14 

//Reference=MNI 
//nullstudy_17
//Subjects=20
2  36  4 
-32  20  2 
-24  -102  -4 
22  34  34 
-32  -42  -38 
-36  -36  66 

//Reference=MNI 
//nullstudy_18
//Subjects=20
-8  -54  14 
-6  60  12 
-40  -10  20 
-56  24  2 
-10  -8  52 
-18  -90  18 

//Reference=MNI 
//nullstudy_19
//Subjects=20
48  2  54 
-12  0  42 
-16  -72  56 
-48  -12  -20 
-24  -28  -20 
38  24  34 

//Reference=MNI 
//nullstudy_20
//Subjects=21
32  14  -20 
-12  -54  -20 
-6  -74  52 
-24  -50  70 
46  14  20 
32  2  -40 
-22  -68  46 
-64  -10  30 

//Reference=MNI 
//nullstudy_21
//Subjects=21
26  6  -34 
-16  -16  70 
-40  -32  50 
-68  -36  18 
-18  -40  60 
-12  -52  -52 
-24  -50  46 
-2  -88  -34 
-26  40  40 
14  44  38 
-16  34  42 
-62  -16  -30 
22  6  66 
14  12  -24 
-38  -74  34 
-8  -18  -12 
-68  -14  18 
-62  -32  34 
-6  -40  46 

//Reference=MNI 
//nullstudy_22
//Subjects=20
-32  30  -16 
10  38  16 
-40  -16  -4 
42  14  -10 
-32  -50  -34 

//Reference=MNI 
//nullstudy_23
//Subjects=21
36  18  44 
-32  -74  -52 
8  44  38 
-12  -30  50 
-36  12  48 
-22  58  24 
-6  -92  24 
4  70  -2 
6  64  2 
-6  -56  40 
24  18  -16 
-58  4  0 
-30  18  58 
-6  -48  36 
-6  40  18 
-58  -46  40 
-10  -36  -14 
-6  -72  2 
-14  14  60 
-2  -10  54 
0  60  8 
-6  -38  48 
0  38  44 
-6  54  8 
-36  -12  4 
-14  24  -6 
-16  2  16 
-28  6  60 
-44  -54  -18 
-18  -96  22 
30  6  -12 
-24  60  -12 
-2  -16  20 
-28  10  42 
-30  -6  -12 
-54  -8  2 
-22  -88  34 
54  12  32 
-6  -90  40 
34  24  -2 
-8  -32  28 
-16  16  14 
-22  50  -8 

//Reference=MNI 
//nullstudy_24
//Subjects=20
-12  -12  10 
-24  6  -46 
-22  30  56 

//Reference=MNI 
//nullstudy_25
//Subjects=20
24  58  12 
-18  36  -20 
-8  -36  26 

//Reference=MNI 
//nullstudy_26
//Subjects=19
-58  10  10 
-14  -26  -12 

//Reference=MNI 
//nullstudy_27
//Subjects=21
-2  -94  14 
-32  -20  -16 

//Reference=MNI 
//nullstudy_28
//Subjects=20
-48  34  22 
-34  -14  66 
22  22  54 
-38  -72  -4 
-10  -34  58 
-52  14  -28 
-10  -28  -38 
-34  -34  -2 

//Reference=MNI 
//nullstudy_29
//Subjects=19
-36  -52  -22 
-2  -50  -14 
-6  -96  -20 
-26  10  66 
-38  -64  -6 
-22  -58  -52 
-14  -58  20 

//Reference=MNI 
//nullstudy_30
//Subjects=18
-18  -36  -38 
-20  -74  58 
-4  -100  20 
-54  -12  -8 

//Reference=MNI 
//nullstudy_31
//Subjects=20
30  14  -36 
-24  -16  66 

//Reference=MNI 
//nullstudy_32
//Subjects=21
-24  -64  0 
24  58  -16 
-2  -56  30 
2  32  58 
-38  -46  -34 
-14  -12  22 
-20  -52  -38 
26  8  58 
-42  -90  -10 
32  44  6 
20  14  -32 
-58  -44  0 
-10  -62  30 
-6  50  -24 

//Reference=MNI 
//nullstudy_33
//Subjects=19
-12  54  20 
24  28  60 
44  38  10 
12  44  -16 
-64  -26  0 
44  4  -34 
-46  -24  36 
-8  -74  -26 
-30  58  26 
-20  -78  46 
-60  -10  -32 

//Reference=MNI 
//nullstudy_34
//Subjects=18
-16  -82  14 
-60  -50  44 

//Reference=MNI 
//nullstudy_35
//Subjects=20
-56  -40  -20 
-60  -2  -12 

//Reference=MNI 
//nullstudy_36
//Subjects=20
-12  56  38 
-2  -66  -30 
-32  10  2 
20  62  12 
-32  4  36 
10  36  36 
44  24  10 
-24  -2  -10 
-10  -42  -34 

//Reference=MNI 
//nullstudy_37
//Subjects=21
34  62  16 
-34  -68  42 
-48  18  -30 
-32  24  -6 
-30  12  6 

//Reference=MNI 
//nullstudy_38
//Subjects=22
-14  0  0 
-4  14  32 
8  70  0 
-62  8  0 
56  2  -8 
-36  -64  42 
8  20  70 
-2  -20  -4 
-22  -84  -14 
-16  26  -18 

//Reference=MNI 
//nullstudy_39
//Subjects=20
-14  -6  -24 
-62  -26  -16 
58  22  26 
10  38  38 
14  66  0 
-8  26  -26 
-28  -10  -24 
-52  -18  -4 
-34  -78  4 
20  8  -32 
-52  -36  -22 
-62  -24  20 
50  10  -40 
-28  -80  -54 

//Reference=MNI 
//nullstudy_40
//Subjects=20
-10  0  58 
44  8  16 
-4  28  -30 
-24  -52  -42 
-32  34  22 
30  24  6 
-36  -72  2 

//Reference=MNI 
//nullstudy_41
//Subjects=21
10  38  4 
-20  -92  -12 
-60  -2  28 
4  56  -2 

//Reference=MNI 
//nullstudy_42
//Subjects=20
-2  -94  -18 
-38  -62  60 
-36  36  -10 
-6  50  44 
-14  -36  10 
-28  -68  -14 
0  8  30 
-42  -18  -2 
-34  -72  -38 
56  4  -28 
-34  -64  -20 
-20  58  26 
-38  -44  -26 
-20  62  22 
-10  -30  64 
-40  20  40 
-38  -90  4 
10  52  44 
-18  64  -4 
-22  32  44 
-30  18  -40 
-2  36  36 
32  48  38 
38  2  38 
-6  -68  -18 
-48  -34  28 
30  32  32 
-48  -54  -4 
-16  -34  -16 
36  16  26 
18  46  24 
14  52  16 
46  4  48 
10  28  30 
-48  26  30 
-62  -10  26 
20  8  54 
-48  -36  -24 
22  8  -20 
36  46  28 
-42  -36  40 
-4  16  24 
-20  -84  42 
38  30  20 
-10  56  14 
-14  56  32 
-6  34  22 
-14  0  70 
-36  18  22 
2  64  16 
-16  -4  -30 
-42  -74  -28 
18  30  -18 
32  66  0 
-16  -28  70 
-42  -42  56 

//Reference=MNI 
//nullstudy_43
//Subjects=20
-46  -2  -8 
-50  -38  4 

//Reference=MNI 
//nullstudy_44
//Subjects=19
-52  -80  0 
28  42  46 
-48  2  -28 
-44  48  -4 
-22  36  38 
-46  -28  -28 

//Reference=MNI 
//nullstudy_45
//Subjects=19
-58  -56  -28 
-2  -72  -26 
-26  -40  40 
-28  -98  -10 
-36  46  10 
-30  -94  16 
-38  -12  0 
-58  -70  10 

//Reference=MNI 
//nullstudy_46
//Subjects=19
-58  8  -24 
22  14  6 
-22  14  68 
46  4  46 

//Reference=MNI 
//nullstudy_47
//Subjects=21
-62  -20  36 
14  52  -24 

//Reference=MNI 
//nullstudy_48
//Subjects=21
-22  -92  -6 
-42  50  12 

//Reference=MNI 
//nullstudy_49
//Subjects=20
-42  22  50 
-34  -44  -36 
-6  -84  -16 
4  38  -26 
54  18  -18 
-12  -76  -36 
36  48  36 
-42  -30  -18 
-52  -6  28 
-28  -38  -40 
-4  38  58 
-50  -10  2 
-24  -94  16 
16  28  -24 
-50  -56  42 

//Reference=MNI 
//nullstudy_50
//Subjects=20
-14  -80  -12 
8  14  14 
-30  -66  -40 
-28  -72  52 
54  30  14 
-50  -38  24 
62  2  -24 
-40  46  -16 
-56  -52  18 
-22  28  54 

//Reference=MNI 
//nullstudy_51
//Subjects=20
-46  -56  18 
-4  -66  60 
-20  -8  -8 
44  28  -2 
-12  -84  -26 

//Reference=MNI 
//nullstudy_52
//Subjects=21
-22  -68  -38 
-6  24  4 
-32  -54  -12 

//Reference=MNI 
//nullstudy_53
//Subjects=21
-16  -78  -32 
-2  50  24 
24  8  58 
-8  -78  -16 
0  40  44 
-44  -60  56 

//Reference=MNI 
//nullstudy_54
//Subjects=22
-4  -14  -28 
4  38  16 
-24  14  -30 
-10  52  46 
-18  -54  -38 
24  36  24 
-40  30  28 
-50  12  14 

//Reference=MNI 
//nullstudy_55
//Subjects=20
56  16  20 
-50  -48  -16 
44  10  30 
-12  4  -38 
2  26  46 
6  26  -28 
-12  -92  -34 
-46  20  38 
28  14  -44 

//Reference=MNI 
//nullstudy_56
//Subjects=20
-56  -56  44 
-58  -28  0 
-38  -60  28 
-30  -78  -38 
2  8  66 
8  26  38 
-24  -16  -20 
-28  40  20 
14  6  38 
-24  4  -34 
-10  -16  22 
42  18  -10 
-38  -28  64 
-26  0  -24 
-2  -36  -58 
6  32  16 
-28  -44  48 
-40  16  54 
38  14  58 
-14  22  -26 
-48  -34  2 
56  8  20 
-32  -22  54 
28  32  0 
-34  46  2 
-10  38  8 
-48  -2  0 
-30  -48  8 
14  58  32 

//Reference=MNI 
//nullstudy_57
//Subjects=19
-48  -48  56 
-40  -68  20 
16  10  56 
12  38  44 
44  16  -2 

//Reference=MNI 
//nullstudy_58
//Subjects=20
-34  -68  -10 
-48  22  -24 
-6  18  -16 
-16  46  -26 
-26  -12  72 
36  42  36 
-26  -46  14 

//Reference=MNI 
//nullstudy_59
//Subjects=20
4  4  26 
-16  -22  20 
-10  -22  42 

//Reference=MNI 
//nullstudy_60
//Subjects=18
-44  -32  12 
-4  -78  -6 
-2  -46  -22 
-18  22  46 

//Reference=MNI 
//nullstudy_61
//Subjects=21
2  38  -16 
32  52  12 
44  4  40 

//Reference=MNI 
//nullstudy_62
//Subjects=21
-64  -40  20 
14  12  -18 

//Reference=MNI 
//nullstudy_63
//Subjects=19
-18  -30  -8 
-30  -54  68 
-40  22  -18 
-18  54  2 
2  10  -8 
-6  62  36 
-46  0  -46 
26  22  -22 
-50  -56  44 
-6  -66  -30 
-52  -70  -28 
-40  46  -20 
-4  -96  -12 

//Reference=MNI 
//nullstudy_64
//Subjects=18
-20  8  70 
-4  -88  -6 
-36  12  -46 
46  24  42 
48  6  -18 
-54  -58  20 
20  6  62 
52  42  -10 
-6  -82  50 
-24  -12  -36 
-12  -16  70 
38  20  56 
-54  0  0 
-40  -66  -54 
-56  -64  -4 
-24  -68  48 
-8  -44  22 
-38  -88  -4 
-50  -12  20 

//Reference=MNI 
//nullstudy_65
//Subjects=20
-28  -68  -10 
-32  -28  70 

//Reference=MNI 
//nullstudy_66
//Subjects=21
-26  -46  -4 
-30  44  -14 

//Reference=MNI 
//nullstudy_67
//Subjects=19
50  18  -22 
-54  -34  26 
44  28  -14 
6  54  44 

//Reference=MNI 
//nullstudy_68
//Subjects=22
-34  -98  -6 
-18  -40  -52 
10  60  -24 
-12  10  -14 
-22  -16  72 
-36  -74  50 
32  10  8 
-52  -36  50 
-32  -4  40 
-32  54  8 
-30  -68  56 

//Reference=MNI 
//nullstudy_69
//Subjects=18
30  12  -46 
-12  24  10 

//Reference=MNI 
//nullstudy_70
//Subjects=20
-46  26  42 
-14  16  0 
2  34  12 
-46  -6  -30 
-62  -54  30 
-42  30  26 
-4  -4  2 
-40  4  -42 
-8  42  -6 
-52  -48  -12 
-34  -64  -16 
40  40  18 
-26  -44  16 
-32  -8  -2 
-54  -8  -28 
6  18  60 
-16  24  -16 
-42  14  34 
-64  -26  -26 
-10  -18  -34 
-38  6  4 
-28  -26  -8 
-6  -82  -28 
36  10  10 
-10  50  -16 
48  16  46 
2  58  8 

//Reference=MNI 
//nullstudy_71
//Subjects=20
-40  -10  10 
-22  12  60 

//Reference=MNI 
//nullstudy_72
//Subjects=21
-50  -8  52 
36  10  8 

//Reference=MNI 
//nullstudy_73
//Subjects=21
-54  -56  -14 
-12  -66  -58 
-40  -88  14 
18  52  32 
-14  -36  -38 
-38  -76  -20 

//Reference=MNI 
//nullstudy_74
//Subjects=21
-8  -44  -62 
-20  60  2 
26  38  -16 
-26  48  -8 

//Reference=MNI 
//nullstudy_75
//Subjects=19
2  58  -24 
-64  -58  16 
-28  -20  -30 
-50  -36  4 
-4  -88  -10 
-16  16  -26 
-36  6  -22 
-48  -52  -44 
-58  12  8 
-34  -58  36 

//Reference=MNI 
//nullstudy_76
//Subjects=21
-24  -84  34 
30  42  -14 
-28  -54  6 
8  56  -18 
30  4  4 
44  34  40 
-32  -58  64 
-42  -54  0 
-6  -46  34 
-10  -16  -36 
-22  -58  22 
-58  8  36 
-34  -74  38 
-2  36  52 
-32  -70  22 

//Reference=MNI 
//nullstudy_77
//Subjects=20
-24  -28  -14 
-2  -78  36 
-60  -4  -24 
-4  22  60 
-46  -76  -40 
-6  -30  -4 
26  36  40 
-6  34  48 
-32  -36  -10 
34  60  -2 
-54  -50  8 
28  46  -2 
-48  2  4 
60  6  -26 

//Reference=MNI 
//nullstudy_78
//Subjects=21
-30  -16  70 
30  18  50 
-4  56  8 
-6  -70  -30 

//Reference=MNI 
//nullstudy_79
//Subjects=20
-4  62  26 
-16  4  58 
-32  62  -2 
-6  -2  56 
-44  -2  -46 
-44  -28  -2 
-18  -4  -38 
-26  -70  20 
-10  -68  -48 
32  20  -12 
4  4  -16 

//Reference=MNI 
//nullstudy_80
//Subjects=19
-24  -54  60 
-46  -78  -18 

//Reference=MNI 
//nullstudy_81
//Subjects=19
-50  -44  50 
-38  16  42 
-42  -68  2 
-32  2  34 
-2  -50  -42 
-54  -16  -26 
22  6  -44 
-30  48  8 

//Reference=MNI 
//nullstudy_82
//Subjects=19
-46  28  -14 
-28  -66  -10 
-8  -98  0 
58  8  20 
-6  -50  -54 
-26  -22  -14 

//Reference=MNI 
//nullstudy_83
//Subjects=21
-2  -96  -22 
-34  -96  -4 
2  32  58 

//Reference=MNI 
//nullstudy_84
//Subjects=21
-16  -2  66 
-44  -62  56 
-14  -50  -10 

//Reference=MNI 
//nullstudy_85
//Subjects=22
-2  -68  64 
-12  44  2 
-4  -60  62 
44  4  34 

//Reference=MNI 
//nullstudy_86
//Subjects=20
-60  -52  4 
-16  -36  -12 
-10  -24  10 
-2  24  28 
-30  -86  -16 
-44  10  36 
4  22  30 
32  60  -4 
0  46  -24 
-2  48  28 
6  44  14 
-40  -70  36 
4  4  30 
48  26  20 

//Reference=MNI 
//nullstudy_87
//Subjects=20
-42  -30  54 
-18  -84  16 
-22  12  46 
-2  -2  64 
-60  4  32 
-64  -14  38 
-8  -2  50 
-18  -58  -38 
-6  -62  16 
-2  -38  68 

//Reference=MNI 
//nullstudy_88
//Subjects=19
4  6  -18 
30  24  -22 
-34  -12  2 
10  68  12 
-42  -42  6 
8  2  10 
18  24  -20 
-14  -58  -58 
2  6  -12 
26  2  -6 
-16  -96  -14 
52  6  -38 
-54  -26  40 
-36  -88  20 
30  50  30 
-30  40  30 
-24  42  28 
-2  -14  -38 
-20  -20  66 
-62  -20  6 
-46  -68  -14 
-8  -66  36 
-2  -62  -10 
-36  -88  -8 
46  44  -6 
-46  -18  -2 
-28  52  -4 
32  6  56 
-38  -52  -14 

//Reference=MNI 
//nullstudy_89
//Subjects=20
-38  -66  -30 
-4  14  -24 

//Reference=MNI 
//nullstudy_90
//Subjects=19
-64  -40  10 
-8  -18  -22 
-44  36  -20 
-36  8  26 
-6  -26  66 

//Reference=MNI 
//nullstudy_91
//Subjects=20
-20  -86  -22 
20  14  -26 
-40  -60  -24 

//Reference=MNI 
//nullstudy_92
//Subjects=21
-28  50  30 
-18  -76  26 
-38  28  -2 
34  2  -14 
-4  -46  38 
30  38  30 
46  46  24 
-34  2  10 
-28  -62  50 
-12  -4  -30 
28  62  -2 

//Reference=MNI 
//nullstudy_93
//Subjects=20
-28  -78  -10 
0  42  12 
-38  -62  32 

//Reference=MNI 
//nullstudy_94
//Subjects=19
-8  -16  -8 
-10  68  2 
2  16  -2 
-4  -4  46 

//Reference=MNI 
//nullstudy_95
//Subjects=21
-6  -2  -12 
-16  32  44 
-46  -48  36 
-36  -62  -56 
56  16  16 
-38  -14  -44 
30  10  52 
-8  -64  -38 
-42  -22  56 

//Reference=MNI 
//nullstudy_96
//Subjects=21
-10  54  -2 
-20  48  -14 
-70  -28  -8 
-40  -10  2 
-66  -14  10 
2  16  56 
-48  -46  -30 
18  20  -24 

//Reference=MNI 
//nullstudy_97
//Subjects=21
36  6  24 
-44  -36  46 

//Reference=MNI 
//nullstudy_98
//Subjects=20
-16  4  -16 
-12  -64  -36 
4  4  -22 
-34  -58  -48 
30  4  2 
-42  -40  36 
26  22  -12 
-6  -72  -12 
-50  12  -28 
-28  -74  22 
-22  -86  36 
34  44  4 
-6  16  38 
-58  -12  20 
-20  44  -16 
-44  -10  12 
-16  -76  50 
-40  2  62 
-52  22  -2 

//Reference=MNI 
//nullstudy_99
//Subjects=20
-4  -82  16 
-12  -54  -30 
20  4  -20 
24  16  -24 
-6  -50  -26 
-48  -10  -14 
-28  -56  38 
-36  12  10 
-8  -12  -24 
-32  -74  -24 

//Reference=MNI 
//nullstudy_100
//Subjects=18
-48  -42  -34 
-22  16  -4 
36  34  30 
-14  18  16 
-18  20  54 
-36  8  -10 
-48  4  40 
-34  -84  22 
-4  -50  -24 
-30  -84  40 

