//Reference=MNI 
//truestudy_1
//Subjects=10
45  -67  -4 
46  -67  -6 
48  -67  -6 
46  -66  -5 
45  -64  -6 

//Reference=MNI 
//truestudy_2
//Subjects=11
46  -66  -7 
46  -62  -5 
46  -65  -5 
45  -65  -5 
45  -65  -6 
44  -66  -6 
46  -65  -7 
47  -66  -7 
46  -66  -4 

//Reference=MNI 
//truestudy_3
//Subjects=8
46  -66  -8 
45  -65  -6 

//Reference=MNI 
//nullstudy_1
//Subjects=10
-20  -46  -14 
-36  -26  8 
24  4  54 
-68  -46  16 
-22  -26  -14 

//Reference=MNI 
//nullstudy_2
//Subjects=11
-50  -6  0 
-30  -72  -24 
50  36  -4 
-42  -74  -14 
-24  -102  -10 
-24  -10  -42 
-44  -10  14 
4  20  44 
-6  30  14 

//Reference=MNI 
//nullstudy_3
//Subjects=8
-60  -22  18 
-14  -90  -36 

//Reference=MNI 
//nullstudy_4
//Subjects=10
-18  14  48 
46  20  40 
-34  -34  -36 
-40  -32  62 
-10  10  -12 

//Reference=MNI 
//nullstudy_5
//Subjects=10
-32  -82  -28 
28  42  -8 
-40  30  30 
-40  -32  58 
-22  -58  2 
-16  -36  -4 
-48  50  -6 

//Reference=MNI 
//nullstudy_6
//Subjects=9
-48  -78  20 
8  14  36 
-36  -86  28 

//Reference=MNI 
//nullstudy_7
//Subjects=9
-58  -48  8 
-20  -42  -20 

//Reference=MNI 
//nullstudy_8
//Subjects=12
-60  -40  -6 
54  18  38 
-32  34  22 
-28  -80  -2 
40  8  6 
30  16  -36 
12  18  -2 
-30  -16  0 
-20  -88  -2 
42  2  -14 
-2  -64  40 
-42  -24  52 

//Reference=MNI 
//nullstudy_9
//Subjects=9
-32  -40  -30 
30  58  -4 
10  12  -28 

//Reference=MNI 
//nullstudy_10
//Subjects=8
-52  -24  -14 
-10  -28  38 

//Reference=MNI 
//nullstudy_11
//Subjects=9
-30  22  32 
24  40  40 
34  14  -10 

//Reference=MNI 
//nullstudy_12
//Subjects=14
-32  -72  30 
-4  -76  -14 
-54  2  12 
12  26  6 
42  44  32 
-58  -28  16 
-12  -6  18 
-28  6  -42 
-42  8  60 
-54  -36  50 
-10  42  10 
52  20  -2 
-12  20  8 
28  22  52 
-38  16  60 
-10  -48  -54 
-58  18  20 
-42  -80  36 
-52  -66  2 
44  42  34 
-16  62  32 
10  68  4 
-44  0  -6 
-34  6  6 
-42  10  26 
-20  -58  52 
34  30  36 
-48  -18  52 
-64  -24  22 

//Reference=MNI 
//nullstudy_13
//Subjects=9
-26  -54  14 
12  40  16 
32  8  14 

//Reference=MNI 
//nullstudy_14
//Subjects=10
-4  38  46 
-18  -40  -2 
-18  24  -28 
-18  -44  -10 
-14  -52  -24 
-16  28  8 

//Reference=MNI 
//nullstudy_15
//Subjects=11
-14  6  64 
-18  34  44 
-6  -74  30 
-22  -92  18 
-60  -48  22 
28  36  52 
-34  -44  -16 
-4  -66  54 
12  16  44 
-12  -62  4 
-2  24  30 
-24  -92  -14 
-2  -66  20 
-60  -24  24 
-14  18  -28 

//Reference=MNI 
//nullstudy_16
//Subjects=11
-18  -78  48 
-32  -60  -62 
20  30  -18 
-62  -56  24 
-52  -8  -4 
-58  12  -10 
52  8  -10 
10  48  44 
-34  24  -34 

//Reference=MNI 
//nullstudy_17
//Subjects=10
-58  -50  20 
-22  -36  -32 
-10  -92  -10 
-54  -38  -24 

//Reference=MNI 
//nullstudy_18
//Subjects=12
-28  -76  22 
-18  -86  -24 
62  4  36 
26  34  -24 
-8  -36  30 
44  8  -38 
0  4  50 
-54  -4  20 
-46  -48  -50 
-46  4  14 
-56  -18  -30 
-4  -18  74 
30  10  36 
24  64  18 
42  48  0 
-24  -30  74 
-14  -18  -30 
-46  -4  -44 
20  12  -34 
-2  -70  -52 
-40  -4  -44 
20  52  -18 
-8  -28  -42 
-38  -42  60 
-48  42  18 
-58  -8  12 
-16  44  30 
-34  16  -24 
-50  -80  -2 
-4  34  6 
-52  14  -14 
30  10  58 

//Reference=MNI 
//nullstudy_19
//Subjects=9
-38  -64  52 
48  8  30 

//Reference=MNI 
//nullstudy_20
//Subjects=9
-4  -14  60 
-54  -64  -20 

//Reference=MNI 
//nullstudy_21
//Subjects=12
-38  -36  -22 
0  54  16 
-30  26  52 
-8  -56  58 
-42  28  4 
-32  62  10 
-2  -24  0 
-42  -66  -54 
6  60  -4 
-6  24  18 
-4  -92  22 
-14  6  -34 
-4  48  48 
-50  38  -12 
-26  -40  -56 
-64  -26  -16 
-22  -4  -28 
-38  2  -32 
22  62  -12 
34  2  50 
-48  44  12 
-10  -84  36 
-4  -28  -26 
50  24  6 
54  18  26 
-20  -34  8 
-16  -88  -46 
-20  -88  -30 
-30  40  20 
-8  -46  28 
20  44  -16 
14  48  18 
38  54  20 
0  6  -14 
-30  6  38 

//Reference=MNI 
//nullstudy_22
//Subjects=8
40  18  -36 
-50  -72  4 

//Reference=MNI 
//nullstudy_23
//Subjects=10
-40  -10  -30 
-36  -36  10 
44  48  8 
-36  -90  -16 

//Reference=MNI 
//nullstudy_24
//Subjects=11
16  10  -22 
10  14  -2 
34  16  -14 
20  18  14 
-48  14  -4 
54  18  -14 
-30  -50  42 
-40  -6  -12 
-28  32  40 

//Reference=MNI 
//nullstudy_25
//Subjects=12
-24  34  -24 
28  40  28 
-60  -24  30 
-6  -46  74 
8  44  18 
8  20  70 
-22  -74  -56 
-66  -10  0 
-4  -78  54 
-22  2  8 
-18  -64  56 
-12  -16  28 
-2  -32  28 
-42  0  52 
48  40  30 
22  48  -12 
-50  -64  -22 

//Reference=MNI 
//nullstudy_26
//Subjects=10
-40  22  34 
-56  -44  6 
-50  -6  46 
-38  -4  66 
-6  -2  38 

//Reference=MNI 
//nullstudy_27
//Subjects=12
-16  -10  -14 
-8  -82  26 
24  44  -22 
-16  -90  8 
-18  -96  24 
0  44  -2 
-34  -34  42 
56  22  18 
-36  -76  4 
-38  -6  16 
-36  -8  64 
-40  -42  48 
-18  -30  58 
-18  -6  -46 
2  22  56 
50  28  24 
-50  -80  -10 
-4  -60  -2 

//Reference=MNI 
//nullstudy_28
//Subjects=10
-8  -16  80 
-2  -68  -8 
-16  -56  -44 
-8  16  54 
-36  -66  28 
2  42  -16 

//Reference=MNI 
//nullstudy_29
//Subjects=12
34  2  38 
-26  -76  24 
-24  8  -4 
-36  -62  8 
34  6  -24 
-52  -14  -40 
-54  -64  -26 
-32  -18  -12 
-42  -10  56 
-56  -14  -26 
-20  -8  50 
-30  -46  -38 
-50  -60  24 
14  6  -4 
-16  -60  12 
-40  -2  58 
16  18  64 
-40  -66  14 
8  44  30 
-50  -74  18 
-4  -26  72 
-24  -72  -34 
20  48  -12 

//Reference=MNI 
//nullstudy_30
//Subjects=9
36  32  40 
-12  50  8 

//Reference=MNI 
//nullstudy_31
//Subjects=11
-36  38  40 
-32  46  10 
-44  -44  28 
-42  -76  -12 
58  26  2 
-2  -100  -8 
10  38  36 
-30  42  8 
-14  -46  50 
-22  -52  -38 
-32  54  10 
-58  -34  -12 
-10  -18  74 
34  60  0 
-44  -66  -26 
-30  -94  -4 
-8  -44  70 
-18  -32  -12 
-54  36  0 
22  50  42 
-6  22  36 
32  40  -14 
-2  38  -4 
-40  38  -4 
-12  -76  2 
-20  -18  62 
-44  -10  30 
-28  -22  -20 
14  40  16 
-6  -36  66 
48  6  12 
44  8  38 

//Reference=MNI 
//nullstudy_32
//Subjects=9
-40  -68  -58 
46  46  -2 
0  62  18 

//Reference=MNI 
//nullstudy_33
//Subjects=10
-50  -36  2 
-20  -56  10 
26  40  48 
-30  -8  6 
4  46  -6 
-52  12  -30 

//Reference=MNI 
//nullstudy_34
//Subjects=10
50  30  8 
-12  56  -22 
6  36  38 
-30  20  -38 
-28  10  42 

//Reference=MNI 
//nullstudy_35
//Subjects=12
28  22  0 
-4  -64  -6 
6  16  60 
-60  -54  8 
-18  28  0 
52  38  14 
-2  -80  -14 
36  28  28 
8  44  34 
-20  -96  -22 
6  52  22 
-8  62  -4 
54  6  8 
-22  -16  -38 
-14  -34  -48 
-10  -36  64 
-12  12  12 
-52  10  46 
56  12  10 
-8  -70  34 
-40  14  -20 
-12  -64  -28 
-24  -16  66 
-12  -60  -42 
54  40  14 
-20  -48  -4 
-6  -20  -18 
-2  6  -24 
-36  -60  -16 
-4  40  26 
-24  -84  -20 
-14  -16  46 
-10  24  48 
-42  -42  -14 
-2  -4  18 
-32  10  66 
-38  36  -2 
-16  32  44 
42  20  48 
-24  -10  48 
-10  58  -18 
-38  34  16 
-36  -14  -24 
-56  6  -8 

//Reference=MNI 
//nullstudy_36
//Subjects=11
-4  38  12 
-4  62  16 

//Reference=MNI 
//nullstudy_37
//Subjects=10
-26  -16  -32 
18  16  14 
8  48  28 
-20  -56  -16 
-32  18  -42 
38  12  -2 
-48  -60  -32 
-10  20  38 
-56  -46  -4 
-60  -32  10 

//Reference=MNI 
//nullstudy_38
//Subjects=10
-14  -80  -54 
-24  52  2 
-42  -36  48 
-4  -88  -24 
-28  -84  -40 
-10  -34  10 
-6  -28  16 
-46  -34  8 
-56  -26  32 

//Reference=MNI 
//nullstudy_39
//Subjects=10
54  18  -24 
-58  4  -20 
32  16  -34 
-46  -32  14 
-50  -8  -12 

//Reference=MNI 
//nullstudy_40
//Subjects=8
-44  -38  4 
20  40  36 
-12  48  -6 
-38  -10  -10 
-50  -54  -38 
-38  -22  58 

//Reference=MNI 
//nullstudy_41
//Subjects=11
14  36  28 
46  22  -24 
24  18  -4 
-26  16  -42 
-34  12  0 
-26  -84  -18 

//Reference=MNI 
//nullstudy_42
//Subjects=10
-26  -74  8 
-20  -10  72 

//Reference=MNI 
//nullstudy_43
//Subjects=11
-4  -74  -8 
-24  -32  -30 
-48  -50  40 
-24  34  28 
-20  30  50 
-12  2  -22 
54  36  24 
-44  20  30 
38  18  14 
2  2  72 
-62  -52  28 
40  36  -2 
-2  -34  -28 
-6  -76  -28 
-48  40  -6 
-36  -52  34 
-38  -26  66 
-6  -26  46 
-26  -14  4 
-14  34  -24 
-2  6  64 

//Reference=MNI 
//nullstudy_44
//Subjects=9
-26  -74  -58 
-48  -56  12 
-6  -64  -38 
-32  -20  42 
-8  -64  36 
-16  -28  60 

//Reference=MNI 
//nullstudy_45
//Subjects=10
-28  -78  -56 
-38  28  38 
-44  -44  -26 
-8  6  42 
14  54  42 
0  18  36 
40  18  -30 
34  40  24 
-32  -36  16 
-2  20  -22 
-44  -80  6 

//Reference=MNI 
//nullstudy_46
//Subjects=10
-22  -80  20 
-4  -10  74 
4  20  64 

//Reference=MNI 
//nullstudy_47
//Subjects=12
-40  -66  -40 
20  12  48 
-46  12  -12 
-8  -64  46 
-38  -58  -2 

//Reference=MNI 
//nullstudy_48
//Subjects=11
-56  -2  32 
-4  16  20 
22  58  32 
26  58  2 
-44  -44  38 
-32  -58  -12 
-32  38  -16 

//Reference=MNI 
//nullstudy_49
//Subjects=11
-18  -52  -48 
-42  -84  14 
-10  -20  38 
-4  -88  28 
-14  14  -28 
50  16  42 
-58  6  -26 
-22  -44  70 
-18  26  62 
8  8  -8 
-4  -18  80 
-10  -36  -54 

//Reference=MNI 
//nullstudy_50
//Subjects=10
-14  44  -8 
-50  -48  22 
-20  36  32 
40  12  -12 
-14  66  18 
-8  -16  60 
54  4  44 
-8  -102  6 
-4  -44  66 
-32  -66  58 
-2  -16  -18 
-52  -74  24 

//Reference=MNI 
//nullstudy_51
//Subjects=11
26  8  54 
52  44  -4 
-68  -28  12 
6  18  40 
-32  6  16 
-18  -72  -18 
-38  -16  -2 
-40  -34  -14 
-52  32  14 

//Reference=MNI 
//nullstudy_52
//Subjects=10
-44  10  36 
54  14  -6 
-48  30  26 
-30  -68  -54 
-64  -8  6 
-2  -56  28 
28  18  -44 
-54  10  22 
30  20  -44 

//Reference=MNI 
//nullstudy_53
//Subjects=10
14  62  -22 
-26  -58  50 
-14  -16  40 
2  2  68 
-22  8  -44 
10  36  2 
-38  38  32 
-38  6  30 
-40  -16  -2 
-18  -72  40 
-24  -54  -34 
50  14  36 
-8  -16  40 
-34  -14  48 
-42  -54  -18 
-52  -38  34 
30  30  40 

//Reference=MNI 
//nullstudy_54
//Subjects=12
34  48  8 
-16  -72  34 
-14  -66  -8 
-54  6  30 
-18  -28  22 

//Reference=MNI 
//nullstudy_55
//Subjects=10
-30  -50  42 
-50  -52  -8 
22  52  0 
-2  -10  -32 
-16  -22  -28 
-40  -10  52 

//Reference=MNI 
//nullstudy_56
//Subjects=10
0  48  -30 
8  18  -26 
-24  -64  30 
-36  28  14 
-8  -62  -32 
-24  -86  -48 
18  8  62 
10  14  56 
-46  -16  62 
-8  56  8 
-30  -64  -46 
-28  -38  62 
-58  -40  48 
34  8  14 
-50  34  2 
14  62  34 
32  26  -14 
-8  4  -30 
-10  44  -14 
-32  -60  54 
52  30  2 
-12  -32  -12 
-46  -16  40 
-34  -78  -38 

//Reference=MNI 
//nullstudy_57
//Subjects=9
-32  54  24 
4  14  -16 
16  14  66 
-18  -4  -44 
-12  -20  -16 
-54  -52  -22 
-12  -28  14 

//Reference=MNI 
//nullstudy_58
//Subjects=12
-10  -70  32 
-32  10  56 
14  12  -6 
-14  -32  -2 
22  18  44 

//Reference=MNI 
//nullstudy_59
//Subjects=12
-6  12  64 
-38  24  18 
-66  -24  18 

//Reference=MNI 
//nullstudy_60
//Subjects=11
-18  -62  -4 
-8  50  0 
-24  0  54 
16  16  -4 
-32  -2  14 
-42  -64  -6 
-10  -48  -24 
8  12  14 
-22  2  8 
-26  -36  -20 
64  6  18 
44  14  54 
-34  24  10 
-22  -56  14 
-52  -66  -6 
-18  30  0 
-52  30  -8 

//Reference=MNI 
//nullstudy_61
//Subjects=10
-62  -14  -26 
-6  -46  -30 
-22  -2  10 
-6  -18  4 
-26  -54  52 
-40  -46  -32 
-64  -48  20 
-36  8  -34 
-6  -60  -44 
2  20  50 
-12  -90  -38 
36  6  14 
2  30  -26 
-62  2  -8 
-42  -82  6 
42  46  8 
-40  44  0 
-24  -64  42 
-36  12  -22 
-30  64  14 
-14  16  66 
-54  -24  18 

//Reference=MNI 
//nullstudy_62
//Subjects=10
-28  -88  28 
-12  -40  50 
-38  -46  -38 
-60  -56  -10 
-38  -62  -46 
-26  -66  -40 
-4  -22  -34 
-58  -20  10 
-18  -46  56 
18  16  -18 
-36  -52  -36 
-32  -10  60 
-12  8  10 

//Reference=MNI 
//nullstudy_63
//Subjects=9
34  50  -16 
-24  10  44 
0  8  28 
-66  -38  12 
14  66  18 

//Reference=MNI 
//nullstudy_64
//Subjects=10
-18  -74  -36 
-36  8  30 

//Reference=MNI 
//nullstudy_65
//Subjects=11
36  26  -18 
0  56  0 
-30  -38  -16 

//Reference=MNI 
//nullstudy_66
//Subjects=10
-32  -8  50 
20  12  48 
-34  -20  50 
-40  46  24 

//Reference=MNI 
//nullstudy_67
//Subjects=8
14  14  -6 
-22  -16  -14 
-8  -12  10 
44  24  -18 
-30  -52  -42 
-8  -96  8 
-20  -8  -10 
24  16  -44 
0  58  -10 
-24  32  32 
-58  -68  2 
-46  -10  -20 
-6  -8  -24 
-18  -18  22 

//Reference=MNI 
//nullstudy_68
//Subjects=9
-10  4  58 
-30  -60  6 
-40  -66  2 

//Reference=MNI 
//nullstudy_69
//Subjects=11
-48  -40  54 
-36  -64  -30 

//Reference=MNI 
//nullstudy_70
//Subjects=12
-20  -2  -36 
-22  46  22 

//Reference=MNI 
//nullstudy_71
//Subjects=11
0  68  14 
-32  -78  -22 
58  6  4 
-62  -36  26 
-24  -76  26 
-32  -48  -46 
-38  -78  -4 
-14  -8  -40 
-4  30  -30 
20  52  28 
48  4  -20 

//Reference=MNI 
//nullstudy_72
//Subjects=8
-56  -6  44 
-26  2  -16 
-52  -34  -6 
54  20  20 
22  58  4 
-8  -66  6 
-8  -60  -20 
-18  -76  -36 
48  8  -8 
0  28  54 
-4  -70  -24 

//Reference=MNI 
//nullstudy_73
//Subjects=9
-2  26  -4 
-54  -42  30 
50  36  20 
-54  26  4 
-12  -38  -48 
-6  -50  64 
-12  -42  32 
42  10  38 
-46  -10  -34 
10  16  -20 
-42  -54  -28 
48  32  -2 

//Reference=MNI 
//nullstudy_74
//Subjects=11
34  24  -32 
-6  46  -26 
-46  -14  -34 

//Reference=MNI 
//nullstudy_75
//Subjects=9
14  8  68 
8  66  -6 
44  14  -28 

//Reference=MNI 
//nullstudy_76
//Subjects=9
-34  -82  -20 
-10  -44  42 
-12  -74  -36 
2  32  18 
-42  -68  -36 
-24  -58  50 
-40  14  56 
-4  44  24 
-16  16  -14 
-4  50  28 
-36  30  -10 
38  28  20 

//Reference=MNI 
//nullstudy_77
//Subjects=10
54  4  50 
-2  38  16 
-58  -26  -10 

//Reference=MNI 
//nullstudy_78
//Subjects=9
-12  46  34 
-4  -32  56 

//Reference=MNI 
//nullstudy_79
//Subjects=10
-36  -14  -36 
26  46  -8 
-12  -22  -6 
-58  -42  34 
32  50  30 
-16  -72  -22 
-16  -92  -18 
36  24  -34 
8  30  64 
-24  -50  72 
-28  -60  6 
-48  34  8 

//Reference=MNI 
//nullstudy_80
//Subjects=11
-22  -48  58 
-10  -32  46 
0  56  14 

//Reference=MNI 
//nullstudy_81
//Subjects=9
-22  -82  2 
-64  -44  -6 

//Reference=MNI 
//nullstudy_82
//Subjects=10
-52  -60  -42 
-42  -70  18 

//Reference=MNI 
//nullstudy_83
//Subjects=12
-32  -34  50 
-38  -54  -52 
18  48  4 
-16  34  42 
-44  4  0 
-26  -50  46 
-26  -30  -26 

//Reference=MNI 
//nullstudy_84
//Subjects=9
16  58  -18 
-8  -32  52 
-54  38  0 

//Reference=MNI 
//nullstudy_85
//Subjects=10
-66  -36  20 
12  20  2 
-38  -38  -34 
-24  -22  72 
-36  -38  68 
-16  -92  -38 
16  14  2 
-42  26  24 
38  16  -40 
8  56  30 
-4  16  12 
-14  -24  -34 
-46  -70  -42 
-48  44  -8 
-8  -76  -52 
-30  24  28 
4  26  34 
-42  -10  40 
48  2  50 
-12  -50  -2 
-10  -104  -12 

//Reference=MNI 
//nullstudy_86
//Subjects=9
8  50  18 
-38  -18  46 
-40  18  6 
-50  -14  58 
-52  18  38 
-48  -54  -4 
-50  -70  -42 
22  6  68 
-34  16  -12 
18  52  42 
-34  20  10 
-24  4  62 
-52  2  2 
-52  -62  -34 
-40  28  -20 
12  42  -2 
-14  52  -16 

//Reference=MNI 
//nullstudy_87
//Subjects=10
-34  -96  -6 
-26  0  -38 

//Reference=MNI 
//nullstudy_88
//Subjects=9
-38  36  -10 
-10  54  -6 
-14  42  -6 
-50  -38  -12 

//Reference=MNI 
//nullstudy_89
//Subjects=10
22  34  -22 
-16  0  -34 
52  42  6 
-28  -32  -32 
-10  -84  -36 
-58  8  -2 

//Reference=MNI 
//nullstudy_90
//Subjects=11
-40  -74  46 
-10  -58  16 

//Reference=MNI 
//nullstudy_91
//Subjects=9
-32  -76  -56 
-38  -20  54 
-12  -6  14 
-60  -66  -4 
-14  -42  -56 
-62  12  14 

//Reference=MNI 
//nullstudy_92
//Subjects=10
-22  60  24 
-14  38  16 

//Reference=MNI 
//nullstudy_93
//Subjects=10
-42  -72  24 
-2  -30  -2 
-24  62  -8 
-32  -50  -16 

//Reference=MNI 
//nullstudy_94
//Subjects=8
-28  42  14 
-24  -54  -42 
26  24  40 
-52  -24  24 
-52  -48  22 
-24  -92  24 
-60  -32  -6 
-26  -40  6 
-14  42  -18 
-60  4  -28 

//Reference=MNI 
//nullstudy_95
//Subjects=9
-46  -26  -26 
-18  -48  -16 
58  8  40 

//Reference=MNI 
//nullstudy_96
//Subjects=9
-2  -20  42 
-8  -22  -18 
-32  22  48 
8  58  22 

//Reference=MNI 
//nullstudy_97
//Subjects=10
-10  -52  70 
-18  -66  -46 
28  50  4 
-38  14  4 
6  32  -8 
-40  -72  -24 

//Reference=MNI 
//nullstudy_98
//Subjects=11
-46  -8  -14 
54  42  8 

//Reference=MNI 
//nullstudy_99
//Subjects=9
-18  -28  24 
-6  52  48 

//Reference=MNI 
//nullstudy_100
//Subjects=9
-36  -60  -14 
-6  -18  10 

