//Reference=MNI 
//truestudy_1
//Subjects=20
46  -64  -4 
47  -66  -6 
46  -66  -7 
44  -66  -6 

//Reference=MNI 
//truestudy_2
//Subjects=20
46  -66  -7 
46  -66  -7 
46  -65  -6 
45  -66  -5 
47  -65  -9 
47  -64  -4 

//Reference=MNI 
//truestudy_3
//Subjects=21
46  -66  -6 
47  -65  -7 
49  -65  -7 
46  -66  -7 
48  -66  -6 
46  -66  -7 
45  -65  -5 
45  -67  -5 
47  -65  -6 
45  -66  -6 
47  -67  -5 
45  -66  -6 
46  -67  -7 

//Reference=MNI 
//nullstudy_1
//Subjects=20
-34  56  18 
-2  -48  -68 
-16  -48  0 
-40  -18  22 

//Reference=MNI 
//nullstudy_2
//Subjects=20
-16  40  -22 
-4  30  -8 
28  46  10 
-26  -62  -16 
50  8  34 
10  10  50 

//Reference=MNI 
//nullstudy_3
//Subjects=21
-26  -72  20 
4  2  40 
26  18  60 
-68  -28  24 
-30  -22  54 
56  34  -6 
42  20  -22 
-18  -30  -12 
-46  -8  60 
-16  -72  -20 
-14  26  56 
16  36  -28 
-6  24  32 

//Reference=MNI 
//nullstudy_4
//Subjects=20
-50  -68  -40 
-48  -66  36 
-6  -28  2 
-28  24  52 
-34  46  0 
6  34  -28 

//Reference=MNI 
//nullstudy_5
//Subjects=22
20  8  52 
14  26  4 
-34  30  14 
-12  -38  -34 
-50  -6  -42 
-46  36  32 
-32  52  2 
-18  -58  12 
-44  10  36 
-14  -18  -18 
-36  -48  -38 
-6  -82  -24 
-64  -36  34 
-46  -50  52 
-42  -50  24 
-46  -52  0 
-12  18  -22 
50  34  -10 
-20  12  -32 
-18  2  18 
-6  52  10 
-4  56  -12 
-2  40  10 
-30  12  -8 
-56  -44  -12 
12  8  -6 
2  46  -16 

//Reference=MNI 
//nullstudy_6
//Subjects=21
-24  -56  62 
-42  -22  -6 
-40  28  -18 
-28  -6  -10 
32  10  -18 
-14  -2  -20 
-12  -26  40 
-54  -30  52 
-48  -40  34 
-62  -36  32 
38  24  38 
-36  30  16 
-50  18  2 
-46  -44  2 
-50  -52  -36 
-18  -20  12 
18  14  -8 
-6  -46  46 
-8  52  46 
-10  -2  -14 
-58  -46  10 
-42  -54  -52 
-34  2  -14 
-26  -74  -50 
-18  -2  -28 
-32  2  -32 
38  18  -26 

//Reference=MNI 
//nullstudy_7
//Subjects=21
-42  28  -2 
-24  -100  -8 
-24  -68  -52 
4  12  32 
-64  -54  6 
-64  -24  -28 
-22  -76  -58 
26  38  36 
36  6  64 
-4  -62  60 
-18  -50  8 
52  2  -24 
40  22  20 
-14  -8  76 
-66  -46  2 
-52  -22  58 
-16  12  64 
-40  -66  -10 
-22  22  -16 
-34  -84  -40 
-34  -40  60 
28  34  48 
-10  22  26 
-42  -36  28 
-14  -86  10 
-46  -62  -30 
40  4  12 
26  44  -20 
-12  2  -24 
0  16  -8 
-40  40  32 
-6  0  10 
-8  -72  -10 

//Reference=MNI 
//nullstudy_8
//Subjects=20
-10  -20  -6 
10  16  60 
56  8  36 
-36  -46  46 
60  8  -10 
-8  -58  -28 

//Reference=MNI 
//nullstudy_9
//Subjects=22
46  34  0 
-10  -22  80 
-52  -70  -2 
-12  44  18 
-38  -44  -56 
38  14  0 
-50  12  -18 
-44  -56  -46 
-14  -24  -26 
-40  -82  4 
54  22  2 
-48  26  36 
-58  -36  -8 

//Reference=MNI 
//nullstudy_10
//Subjects=20
34  42  14 
54  2  -42 
48  10  30 
10  28  24 
-24  -72  38 
-44  -54  52 
36  18  8 
-6  -52  60 

//Reference=MNI 
//nullstudy_11
//Subjects=22
28  24  -4 
-40  4  -18 
-34  -58  -60 
-16  12  -26 
-26  -30  72 
40  32  4 
-10  -6  58 
26  42  32 
-48  4  -8 
-34  36  30 
-12  -2  42 
-18  -70  36 
-28  -96  -4 
-18  -92  -6 
-50  -62  -4 
-18  -78  -12 
-64  -36  -2 
-52  -44  -32 
14  22  -14 

//Reference=MNI 
//nullstudy_12
//Subjects=20
-30  -50  34 
-60  -54  10 

//Reference=MNI 
//nullstudy_13
//Subjects=19
10  42  -2 
-30  58  -2 
-58  -42  50 
-6  -54  52 

//Reference=MNI 
//nullstudy_14
//Subjects=19
-8  -74  36 
44  50  -2 
-40  -8  10 

//Reference=MNI 
//nullstudy_15
//Subjects=21
-12  -22  22 
-28  -34  74 
-44  16  -36 
-42  -56  -14 
42  36  42 
32  60  -8 
-40  0  10 
-32  -4  44 
-68  -14  -22 
28  64  14 
-4  -54  8 
30  58  -10 

//Reference=MNI 
//nullstudy_16
//Subjects=20
-20  60  4 
-46  34  26 
32  6  12 
32  4  40 
-12  32  22 
52  4  26 
-18  -28  58 
-44  14  34 
-20  -34  58 
-8  -84  12 
44  40  -10 
-4  2  -18 
-40  -64  46 
18  64  20 

//Reference=MNI 
//nullstudy_17
//Subjects=19
-4  -16  -30 
-50  -16  -18 
-40  22  -2 
-64  -48  28 

//Reference=MNI 
//nullstudy_18
//Subjects=20
2  28  -20 
-20  -90  -38 
-28  -46  -46 
-2  50  6 
8  64  6 
12  8  60 
-2  -64  -22 

//Reference=MNI 
//nullstudy_19
//Subjects=19
14  10  -22 
-54  -14  18 
4  30  36 

//Reference=MNI 
//nullstudy_20
//Subjects=21
-6  -26  14 
-48  -82  16 
10  18  62 
6  40  16 
-8  68  4 
-4  -2  -2 
-16  -38  -52 
34  46  -14 
46  44  -20 
-8  62  20 
-18  62  -6 
-20  8  -44 
-30  -62  -34 
56  16  6 
52  20  -16 
-26  -58  48 
10  6  -26 
-32  -54  38 
-4  44  44 
-54  -4  -14 
10  50  36 
-42  -80  -2 
-26  4  -46 
-4  38  58 
26  44  14 
34  2  6 
-62  -2  20 
-40  22  32 
-34  -50  -18 
-58  2  -4 
-16  -78  32 
-20  -50  -40 
-32  8  54 
-48  18  -24 
-4  -40  20 
-52  -42  -6 

//Reference=MNI 
//nullstudy_21
//Subjects=22
-30  -52  42 
-12  -76  26 
10  26  -26 
36  4  -40 
0  16  32 
34  6  -46 
-20  52  -8 
-8  12  42 
-16  -12  -16 
-28  -74  -38 
4  54  36 
36  6  56 
-16  -76  42 

//Reference=MNI 
//nullstudy_22
//Subjects=19
10  14  -30 
-46  -28  38 
-46  -28  -18 

//Reference=MNI 
//nullstudy_23
//Subjects=19
42  52  -10 
-12  56  0 

//Reference=MNI 
//nullstudy_24
//Subjects=21
-58  -48  -28 
34  30  -22 
-6  20  46 
-6  66  -10 
-44  8  -12 
-20  -16  -24 
-14  50  28 
-42  -62  -36 
-8  -66  -50 
-18  60  22 

//Reference=MNI 
//nullstudy_25
//Subjects=21
-4  -22  52 
-38  -60  42 
-16  30  -24 
18  66  24 
-6  -44  -20 
-8  -16  12 
-2  -6  62 
-32  -38  66 
-22  -72  -60 
-6  -44  -52 
-18  56  -12 
30  66  10 
40  30  44 
28  12  -16 
-8  18  6 
2  24  62 
-46  -34  52 

//Reference=MNI 
//nullstudy_26
//Subjects=21
-54  12  36 
-2  -80  46 
-32  -26  64 
-20  18  68 
-40  -56  -32 
-4  -66  -12 
-36  -54  22 
42  4  8 
30  18  -4 
2  12  46 

//Reference=MNI 
//nullstudy_27
//Subjects=18
-46  18  20 
-6  -14  -24 

//Reference=MNI 
//nullstudy_28
//Subjects=21
-46  -70  -18 
22  64  16 
-4  30  54 
-24  -30  74 
10  68  8 
-18  -84  -30 
56  14  -28 
-4  -20  -26 

//Reference=MNI 
//nullstudy_29
//Subjects=20
-6  -64  -18 
-36  -2  40 
-4  -24  -10 

//Reference=MNI 
//nullstudy_30
//Subjects=20
24  14  62 
-10  18  -4 
-36  -52  -18 
-38  -20  62 
38  32  -14 
-2  30  46 
-16  12  -30 

//Reference=MNI 
//nullstudy_31
//Subjects=21
-38  -14  34 
-4  16  60 
-64  -58  14 
-46  -18  60 
-8  -78  6 
-42  -58  42 
-4  -16  -26 
-26  -56  38 
-30  -46  -36 
38  60  -8 

//Reference=MNI 
//nullstudy_32
//Subjects=20
38  10  54 
-36  -52  32 
10  28  56 
-10  -104  -2 
-44  -8  -32 
-32  4  2 
32  24  60 
-34  -46  -8 

//Reference=MNI 
//nullstudy_33
//Subjects=20
-62  -24  48 
0  64  28 
-32  -64  34 
34  2  -32 
-44  -88  8 

//Reference=MNI 
//nullstudy_34
//Subjects=19
12  44  42 
60  8  8 

//Reference=MNI 
//nullstudy_35
//Subjects=20
-10  -38  62 
24  32  30 
-16  -98  2 
-38  -64  6 

//Reference=MNI 
//nullstudy_36
//Subjects=19
-6  -60  26 
-32  10  54 

//Reference=MNI 
//nullstudy_37
//Subjects=20
-26  -92  -4 
-4  8  30 
-10  32  22 
16  18  62 
-30  24  -34 

//Reference=MNI 
//nullstudy_38
//Subjects=20
-38  -70  42 
26  16  52 
-26  48  12 
-22  46  30 
-40  10  32 
10  58  26 
0  32  -14 

//Reference=MNI 
//nullstudy_39
//Subjects=22
-38  -24  50 
-48  14  8 
34  48  -12 
-54  -10  -20 
58  10  26 
-8  -54  50 
-34  -32  48 
6  62  2 
-36  -20  -30 
16  2  18 
-16  12  56 
-4  -8  58 
-38  -34  -14 
-6  60  -18 
-28  -4  70 

//Reference=MNI 
//nullstudy_40
//Subjects=21
-46  8  -44 
30  4  -16 
-28  -38  -22 
-2  -58  -22 
-2  -78  50 
-30  -46  66 
58  6  24 
-10  68  -2 
24  64  18 
-14  -54  58 
-38  14  54 
-10  -42  70 
44  14  46 
-56  -12  20 
-46  -34  -24 
34  20  24 
-46  -4  10 
-28  56  2 
-22  -74  -8 
-36  22  -26 
-36  8  52 

//Reference=MNI 
//nullstudy_41
//Subjects=20
-10  -8  56 
-50  -72  -22 
-62  -54  -10 
-46  4  -24 
-22  -88  2 
24  2  -50 
-48  16  -2 

//Reference=MNI 
//nullstudy_42
//Subjects=21
14  26  -28 
2  36  20 
-4  -34  32 
-8  50  0 
-34  -82  -28 
-34  18  46 
-26  -44  -38 
-18  -52  -56 
-40  -72  -10 
-8  -32  -12 
18  22  -2 
-38  -12  12 
-44  -82  -28 
-50  2  -38 
-26  -12  72 
40  22  -32 
-52  -2  28 
-50  -42  18 
-32  42  -20 
-2  30  46 
-60  -18  18 
26  12  50 
-20  68  16 
-52  -48  -24 
-12  -18  20 
2  48  -16 
-56  -14  16 

//Reference=MNI 
//nullstudy_43
//Subjects=20
-48  16  -28 
-6  4  -4 
-4  -58  22 
-30  -30  -26 
-26  -10  68 
-34  32  0 
-18  -16  68 
-8  4  -32 
-12  -84  -8 
52  40  -2 
-42  -4  62 
-30  40  42 

//Reference=MNI 
//nullstudy_44
//Subjects=20
-50  -68  40 
-46  -68  12 
-58  -70  6 
34  2  -30 
2  54  -28 

//Reference=MNI 
//nullstudy_45
//Subjects=20
-20  -74  -46 
42  48  -8 
-44  -24  -2 
-20  6  -48 
48  6  48 
-36  44  6 

//Reference=MNI 
//nullstudy_46
//Subjects=20
-22  12  -44 
-28  -46  -54 
46  16  34 
-36  16  -40 
-38  -62  0 

//Reference=MNI 
//nullstudy_47
//Subjects=21
-30  10  36 
-18  -62  -10 
38  26  24 
-50  -44  -14 
-42  -50  52 
28  42  28 
-50  -4  -20 
-52  -26  -10 
-28  10  54 

//Reference=MNI 
//nullstudy_48
//Subjects=21
-38  -66  22 
-10  66  18 
-22  -44  -46 
-34  -26  8 
-6  -54  58 
-30  -78  -26 
-44  22  48 
2  56  40 
-14  -52  52 
-6  -46  -44 
-28  60  -8 
-30  -42  46 
-8  -38  -50 
-48  -24  54 
-18  48  30 
-24  -96  -4 
-28  -4  -14 
-28  16  -24 

//Reference=MNI 
//nullstudy_49
//Subjects=18
4  4  -24 
-30  -62  -2 

//Reference=MNI 
//nullstudy_50
//Subjects=20
-24  20  -8 
-22  62  -2 
32  38  30 
-30  32  4 
-8  -70  -50 
4  58  18 

//Reference=MNI 
//nullstudy_51
//Subjects=21
-8  -6  56 
-28  -48  62 
-28  -34  -36 
12  54  6 
50  8  4 
-4  -82  -42 
6  10  28 
-12  50  28 
-10  -2  -10 
52  18  6 
-4  -58  54 
-28  6  -4 
-44  -10  -34 
-30  -30  58 
24  56  10 
-14  -88  -8 
-40  -36  18 
2  64  16 
-34  -72  -48 
-30  -12  -10 
10  44  24 
-50  -28  8 
-56  24  4 
-2  44  54 

//Reference=MNI 
//nullstudy_52
//Subjects=20
-26  -52  42 
-34  62  0 
-22  -76  -10 
-14  -36  78 
-14  18  6 
-44  18  -18 
-14  -12  68 
-14  -36  76 
22  12  -20 
-32  -60  30 
-48  18  -4 
-12  -76  54 
50  8  18 
32  42  22 
-22  -42  56 

//Reference=MNI 
//nullstudy_53
//Subjects=18
-8  -12  -18 
-2  -90  -30 

//Reference=MNI 
//nullstudy_54
//Subjects=21
26  40  22 
-50  24  40 
-2  -54  46 
-32  -42  -8 
-30  36  32 
36  14  4 
50  40  18 
-64  0  24 
8  44  0 

//Reference=MNI 
//nullstudy_55
//Subjects=20
-10  -88  28 
-22  -32  14 
44  56  -8 
-24  -80  -50 

//Reference=MNI 
//nullstudy_56
//Subjects=21
-26  12  -10 
-28  -50  42 
36  62  12 
-30  -70  -44 
-14  -72  -12 
-2  54  -22 
-4  -58  -14 
-12  -76  54 
-2  -58  -50 
-36  -68  -26 

//Reference=MNI 
//nullstudy_57
//Subjects=19
-16  -86  -46 
32  62  -10 
-8  -86  -12 

//Reference=MNI 
//nullstudy_58
//Subjects=21
-38  2  40 
-60  -58  10 
8  50  0 
26  2  -24 
-18  -96  -18 
6  4  44 
-4  -32  8 
-4  46  54 
-6  -34  -52 
-26  56  2 
2  26  42 

//Reference=MNI 
//nullstudy_59
//Subjects=21
26  14  -20 
-52  4  0 
14  6  -14 
-20  -46  20 
-46  -26  14 
36  34  8 
-14  -6  26 
-52  12  46 
-18  -58  46 
48  16  -16 
-16  6  -10 
-30  -66  -4 

//Reference=MNI 
//nullstudy_60
//Subjects=19
-38  26  36 
0  34  -32 

//Reference=MNI 
//nullstudy_61
//Subjects=22
-36  0  66 
-12  -14  72 
54  16  32 
-8  54  -6 
-6  40  12 
-18  -42  -40 
12  56  0 
-8  0  10 
-50  20  4 
-20  -86  34 
44  4  46 
-48  -48  52 
8  64  -10 
-2  -76  -24 
-6  -82  -6 
-52  -14  -10 
-22  18  -8 
-8  -84  6 
-54  -44  50 
-38  0  60 
-68  -30  -16 
2  26  -20 
-2  -84  10 
-36  -54  40 
-44  -30  -26 
-8  6  64 
-44  -66  -40 
-4  -76  -24 
-38  44  10 
-26  -52  62 
-58  -8  26 
-4  2  -20 

//Reference=MNI 
//nullstudy_62
//Subjects=20
-40  -76  -38 
-6  -56  -58 
24  34  -24 
-46  -18  62 

//Reference=MNI 
//nullstudy_63
//Subjects=20
62  16  8 
24  2  -6 
-68  -40  -10 
-32  -82  0 

//Reference=MNI 
//nullstudy_64
//Subjects=21
-60  -36  -12 
-36  -60  48 
-4  34  -12 
30  14  -6 
-12  -40  -42 
-4  -26  66 
-36  -28  -8 
-24  -66  -12 
-2  -24  34 
48  34  22 
-60  -10  12 
-54  -8  50 
-40  -82  -28 
6  34  44 

//Reference=MNI 
//nullstudy_65
//Subjects=21
-40  30  -4 
-12  24  8 
-16  52  30 
-28  -56  -58 
-12  28  0 
8  48  2 
-14  32  58 
-50  -72  -6 

//Reference=MNI 
//nullstudy_66
//Subjects=18
-14  -14  28 
-34  -68  -36 

//Reference=MNI 
//nullstudy_67
//Subjects=21
-56  12  -8 
62  4  -2 
-48  -24  46 
-4  -10  -32 
-62  -42  20 
34  8  -24 
30  58  -2 
-16  42  48 
-62  -16  -18 
-36  52  -10 
48  22  -6 

//Reference=MNI 
//nullstudy_68
//Subjects=20
56  12  4 
-28  44  12 
-38  6  30 
-50  -32  10 
-22  -58  -10 
-40  -60  16 

//Reference=MNI 
//nullstudy_69
//Subjects=20
-24  52  14 
-32  -52  -44 
30  26  -26 
-44  -14  -30 
20  62  -8 
-6  -44  -14 

//Reference=MNI 
//nullstudy_70
//Subjects=18
-46  -66  -44 
-26  -82  -14 

//Reference=MNI 
//nullstudy_71
//Subjects=20
-36  -74  36 
-18  -76  -18 
-46  -12  16 
-10  -4  24 
44  6  36 
16  20  0 

//Reference=MNI 
//nullstudy_72
//Subjects=19
-42  -46  -36 
16  48  46 

//Reference=MNI 
//nullstudy_73
//Subjects=20
-2  52  30 
-18  -6  22 
-60  -54  36 
-4  50  4 

//Reference=MNI 
//nullstudy_74
//Subjects=20
-56  -22  50 
-4  -70  -8 
-62  -16  30 
6  24  30 
-4  -62  -26 
-4  -56  2 

//Reference=MNI 
//nullstudy_75
//Subjects=21
-26  -46  10 
0  4  2 
-44  -60  54 
-2  -40  -26 
-26  -8  -26 
-36  -8  -4 
30  2  54 
-2  -46  48 
48  52  -8 
-46  -60  -34 
6  2  -14 
-16  -70  -60 
-56  -52  34 
-2  -42  -54 
-36  16  20 
-16  8  -14 
-60  -56  24 
6  62  4 
48  2  -44 
-32  -18  40 
-46  -46  10 
-20  -96  -4 
-46  24  -2 
58  2  36 
-40  -20  6 
-42  -12  -8 
-4  -58  20 
-42  -36  36 
-48  -24  24 

//Reference=MNI 
//nullstudy_76
//Subjects=20
10  2  60 
36  36  42 
-12  -18  60 

//Reference=MNI 
//nullstudy_77
//Subjects=21
-44  -42  -26 
-14  -12  8 
-32  2  -32 
-22  -56  40 
-38  20  -10 
-36  -70  -22 
-42  -30  68 
-34  -64  -58 
12  38  -14 
34  20  12 
-6  58  8 
-34  -16  -8 
44  28  -14 
-8  14  62 
-26  -62  64 
30  58  -10 
-10  -4  14 

//Reference=MNI 
//nullstudy_78
//Subjects=21
-50  -2  -26 
28  14  -16 
-42  -82  -12 
-2  68  8 
-14  -42  44 
-42  28  22 
36  10  64 
-6  36  -32 
-20  -26  -16 
34  32  28 
-38  20  12 
-40  -38  -28 
-28  -80  10 
-32  -52  -54 
-24  -68  -40 
-48  0  -46 
-2  -90  -32 
-20  26  -24 
8  30  -22 

//Reference=MNI 
//nullstudy_79
//Subjects=18
44  10  -18 
36  10  8 

//Reference=MNI 
//nullstudy_80
//Subjects=20
0  46  -10 
-42  -36  58 
-34  -34  68 
-4  40  58 
-18  34  -22 

//Reference=MNI 
//nullstudy_81
//Subjects=21
-40  -62  -54 
-14  -48  -38 
-50  2  -28 
-2  -12  28 
-50  -28  2 
-34  14  -44 
14  8  60 
-30  10  36 
-52  18  -10 
-4  -38  -58 
-30  -86  -24 

//Reference=MNI 
//nullstudy_82
//Subjects=20
30  6  -10 
-2  -40  -58 
-6  12  2 
56  10  -18 
12  36  20 

//Reference=MNI 
//nullstudy_83
//Subjects=18
-4  -16  4 
34  22  -38 

//Reference=MNI 
//nullstudy_84
//Subjects=20
-38  -4  -42 
-26  -38  -40 
-10  -98  22 

//Reference=MNI 
//nullstudy_85
//Subjects=20
34  32  34 
54  14  38 
-44  -56  56 
-20  10  -6 
2  4  14 
-30  -88  -2 
2  48  8 
-6  -76  -42 

//Reference=MNI 
//nullstudy_86
//Subjects=19
-2  -32  30 
-14  8  10 

//Reference=MNI 
//nullstudy_87
//Subjects=18
-12  -62  -10 
24  30  34 

//Reference=MNI 
//nullstudy_88
//Subjects=22
-44  40  4 
-40  -30  -26 
-12  -42  -46 
-66  -42  -14 
-56  -8  50 
-20  12  -12 
-34  -24  56 
-18  -84  22 
-60  -42  34 
-40  -26  -22 
32  20  12 
-12  -24  20 
-42  48  10 
-4  16  60 
10  40  42 
14  24  -28 
-34  -76  34 
-18  -34  72 
-24  36  42 
-32  24  54 
-20  -34  12 
24  32  -26 
-24  68  2 
-20  -14  -24 
-26  50  2 
-10  -32  -42 
-36  -88  0 
-18  -88  42 
-28  -40  38 
-44  -86  -4 

//Reference=MNI 
//nullstudy_89
//Subjects=20
-46  -30  60 
30  10  8 
-36  -2  32 
-62  -34  -20 
10  34  38 

//Reference=MNI 
//nullstudy_90
//Subjects=19
-52  -74  -12 
-14  -74  -20 
-18  -84  -42 

//Reference=MNI 
//nullstudy_91
//Subjects=20
-10  68  6 
-30  -42  2 

//Reference=MNI 
//nullstudy_92
//Subjects=19
2  14  -24 
28  26  48 

//Reference=MNI 
//nullstudy_93
//Subjects=20
-42  -18  50 
-42  -18  54 
-20  -12  -36 
-6  -26  44 
-22  -82  -30 
-42  -76  -42 
-50  -18  28 

//Reference=MNI 
//nullstudy_94
//Subjects=20
-20  12  66 
-64  -36  -10 
-54  -20  -32 
4  4  -26 
-6  32  54 
-26  18  52 

//Reference=MNI 
//nullstudy_95
//Subjects=20
-36  44  34 
32  24  -22 
-34  2  10 
-12  -46  52 
-58  -14  -4 
44  48  22 
-52  -30  40 
38  22  -2 
-6  -78  -10 

//Reference=MNI 
//nullstudy_96
//Subjects=20
-28  12  60 
-30  -22  74 
16  40  18 
-50  -30  16 
-28  -92  14 
-48  22  12 
44  26  20 

//Reference=MNI 
//nullstudy_97
//Subjects=19
-18  -80  -10 
-10  38  32 
-2  -52  64 

//Reference=MNI 
//nullstudy_98
//Subjects=19
-48  -24  -6 
-2  -20  22 

//Reference=MNI 
//nullstudy_99
//Subjects=20
-18  -80  -22 
-26  28  48 
0  28  54 
-46  -10  -6 
34  2  -18 

//Reference=MNI 
//nullstudy_100
//Subjects=20
-36  -4  -2 
-48  -20  48 
-34  -32  42 
40  6  -4 
-6  -24  -34 
46  22  22 
0  14  10 

