//Reference=MNI 
//truestudy_1
//Subjects=31
47  -66  -7 
45  -66  -5 
46  -66  -6 
46  -64  -6 
46  -65  -6 
47  -65  -7 
45  -67  -6 
45  -67  -7 
46  -69  -5 
45  -66  -8 
47  -67  -5 

//Reference=MNI 
//truestudy_2
//Subjects=30
47  -67  -6 
45  -67  -6 
46  -68  -4 
46  -65  -6 
44  -66  -5 
44  -66  -8 

//Reference=MNI 
//truestudy_3
//Subjects=29
46  -66  -8 
48  -68  -6 

//Reference=MNI 
//nullstudy_1
//Subjects=31
-36  -6  54 
-38  2  -16 
58  32  0 
50  12  6 
-26  0  -6 
-28  10  54 
4  22  -12 
-42  -26  -24 
-6  -66  8 
-4  -44  -16 
-34  2  38 

//Reference=MNI 
//nullstudy_2
//Subjects=30
2  38  38 
-8  36  -22 
40  36  22 
-18  -48  2 
-40  -50  -48 
-16  -90  -24 

//Reference=MNI 
//nullstudy_3
//Subjects=29
-14  -34  12 
-18  -26  74 

//Reference=MNI 
//nullstudy_4
//Subjects=28
-30  54  -14 
34  56  12 

//Reference=MNI 
//nullstudy_5
//Subjects=31
30  60  18 
-10  18  58 
-44  20  -14 
-34  0  66 
-32  -86  -38 
-34  26  54 
-68  -34  16 
-8  -104  -2 
-2  38  20 
-12  -32  -38 
44  14  12 

//Reference=MNI 
//nullstudy_6
//Subjects=30
48  12  10 
-18  -38  -46 
-10  -18  12 
-26  -60  -24 
-2  -90  14 
-18  -38  6 

//Reference=MNI 
//nullstudy_7
//Subjects=32
-46  -48  -44 
-30  8  32 
-14  -86  -38 
-28  -36  40 
-20  -72  -14 
-6  -68  0 
2  54  30 
-4  0  38 
-16  -94  4 
-46  -46  12 
-26  -84  -34 
-18  -86  20 
-50  -14  -4 
14  34  14 
-28  -38  -46 
-20  -98  -4 
64  6  32 
-48  14  -6 

//Reference=MNI 
//nullstudy_8
//Subjects=30
-4  48  0 
-4  10  30 
-34  50  14 
-38  16  2 

//Reference=MNI 
//nullstudy_9
//Subjects=30
-2  -66  54 
46  14  10 
6  22  -22 
-14  -10  -36 
-36  38  2 
-58  -50  -6 
-24  26  30 

//Reference=MNI 
//nullstudy_10
//Subjects=30
36  48  32 
-58  12  32 
-26  22  -32 
-38  26  26 

//Reference=MNI 
//nullstudy_11
//Subjects=30
-36  -22  16 
52  28  10 
24  16  -10 
4  16  14 

//Reference=MNI 
//nullstudy_12
//Subjects=29
-6  -22  8 
42  46  28 
26  58  10 
-66  -44  6 

//Reference=MNI 
//nullstudy_13
//Subjects=31
-8  -86  40 
-32  -84  0 
-64  -26  -20 
-8  -60  -8 
-16  24  -4 
-26  -6  -30 
-26  44  30 
-10  18  28 
-12  -62  50 
-14  -70  50 
46  26  12 
-52  -54  42 
-10  -96  -20 
-8  -56  0 
-6  48  46 
-16  -68  -32 
-24  -76  44 
-46  -24  32 
36  24  -2 
16  30  -2 
-38  14  -30 
-30  -66  50 
-60  -24  16 
-52  -36  28 

//Reference=MNI 
//nullstudy_14
//Subjects=30
-52  -22  56 
-20  -48  8 
38  42  -18 
-44  20  30 
-28  -92  22 
0  48  18 
0  28  -14 

//Reference=MNI 
//nullstudy_15
//Subjects=30
-42  -26  56 
-44  -2  -48 
-48  -32  62 
-20  -18  -16 
-42  -20  -24 
-48  28  -6 
-26  -16  74 
-68  -26  28 

//Reference=MNI 
//nullstudy_16
//Subjects=29
-68  -16  26 
-18  -42  -38 
-2  -44  -62 
-4  30  64 

//Reference=MNI 
//nullstudy_17
//Subjects=29
-48  18  -16 
-44  42  -2 

//Reference=MNI 
//nullstudy_18
//Subjects=29
10  22  64 
-54  32  16 
-8  48  22 

//Reference=MNI 
//nullstudy_19
//Subjects=30
-18  -76  -6 
-4  -82  -14 
-16  60  14 
42  32  14 
-28  -30  48 

//Reference=MNI 
//nullstudy_20
//Subjects=31
-46  -62  -2 
32  6  60 
28  36  48 
-32  14  38 
42  22  -4 
-36  2  2 
26  16  0 
8  62  -24 
-24  -88  -44 
-10  -86  20 

//Reference=MNI 
//nullstudy_21
//Subjects=31
-66  -38  18 
-14  0  -8 
-38  -32  44 
-52  -34  -18 
-38  -18  18 
-30  48  24 
-46  -64  -28 
26  8  6 
-8  42  -4 
-2  36  16 
-32  -50  -8 
-44  -76  -38 
-4  -66  30 
-26  -10  -18 
24  4  44 
-52  6  2 
-8  -38  50 
46  8  56 
-60  -12  42 

//Reference=MNI 
//nullstudy_22
//Subjects=31
-18  -32  16 
-60  -20  2 
-32  32  32 
-24  -90  -18 
-52  4  14 
8  30  -6 
-48  -24  -30 
-6  64  6 
-12  48  44 
-60  -60  32 
-42  -62  28 
-60  -42  -6 
-66  -30  16 
22  34  -24 
-46  -28  48 
-32  -66  44 
-50  6  -12 
-40  -86  8 
-38  -76  6 
-18  44  -24 
-16  -46  -30 
-42  8  -2 
36  44  -18 
-12  -58  -58 
26  16  -34 
58  10  10 

//Reference=MNI 
//nullstudy_23
//Subjects=29
24  12  46 
-28  -64  -32 
-38  -66  -48 

//Reference=MNI 
//nullstudy_24
//Subjects=30
-24  26  -16 
52  22  24 
-10  -64  38 

//Reference=MNI 
//nullstudy_25
//Subjects=31
16  44  30 
-30  -30  14 
-32  -62  46 
-4  -30  -2 
-4  30  -24 
-32  14  28 
-46  20  20 
-30  -10  -40 
-14  -82  8 
-50  12  -38 

//Reference=MNI 
//nullstudy_26
//Subjects=28
-40  -52  26 
24  36  -16 

//Reference=MNI 
//nullstudy_27
//Subjects=29
-40  -78  32 
-46  -74  -6 

//Reference=MNI 
//nullstudy_28
//Subjects=31
-8  -42  -10 
-12  -42  -26 
30  2  -18 
18  64  12 
-2  52  -2 
-16  42  -20 
-26  -8  -40 
-8  -36  -12 
-22  24  32 
22  60  8 
-4  -52  60 
-36  -30  -22 
-14  62  -20 
36  36  -16 
-36  -50  -50 

//Reference=MNI 
//nullstudy_29
//Subjects=30
0  38  -14 
-38  46  -10 
-32  -10  62 
46  28  28 
-30  -86  -30 
36  2  30 
-14  -22  74 
-52  24  30 

//Reference=MNI 
//nullstudy_30
//Subjects=30
-30  -58  -4 
-6  -46  -36 
-12  -68  44 
-28  44  -10 
6  2  32 

//Reference=MNI 
//nullstudy_31
//Subjects=32
-24  -66  24 
-54  -50  -18 
-16  -28  10 
-42  14  18 
-24  -54  62 
-50  12  -28 
-12  -72  22 
42  22  -18 
-14  -60  58 
-52  36  8 
48  2  48 
-30  -20  2 
-16  48  28 
-6  -70  -34 

//Reference=MNI 
//nullstudy_32
//Subjects=30
-38  -82  -24 
-28  10  -40 
-58  -26  -12 
-68  -24  -6 
-58  -70  -4 
-56  -38  26 
-8  -102  6 
-56  14  28 

//Reference=MNI 
//nullstudy_33
//Subjects=31
-4  36  -10 
-50  36  6 
-2  -6  -18 
2  22  30 
12  36  36 
-16  -48  -60 
-36  -46  42 
-8  -96  -4 
-30  -12  64 
-32  14  -20 
44  8  -6 
-26  -82  -52 
-60  -42  0 
-44  6  4 
-34  -70  -6 
-2  -46  -66 
-18  0  -24 
-22  -74  48 

//Reference=MNI 
//nullstudy_34
//Subjects=29
-36  22  12 
-20  40  -16 

//Reference=MNI 
//nullstudy_35
//Subjects=30
-52  -12  10 
32  34  -12 
-16  50  -16 
-2  -2  48 
-12  -40  -34 
-10  18  -16 

//Reference=MNI 
//nullstudy_36
//Subjects=31
-54  -58  42 
18  58  -12 

//Reference=MNI 
//nullstudy_37
//Subjects=31
-10  58  0 
-52  -48  -28 
2  38  46 

//Reference=MNI 
//nullstudy_38
//Subjects=31
2  60  -4 
-44  -14  40 
38  12  -2 
14  48  4 
-16  -86  -42 
-46  50  -10 
22  46  38 
-32  -80  -4 
20  42  48 
-28  -58  -44 
6  34  40 
22  14  -42 
-40  -28  -30 
-8  -16  -12 
30  32  24 
50  8  -2 
40  6  -28 
-20  -54  -34 
-32  -6  -12 
64  6  4 
-8  -92  -34 
-28  -6  46 
-62  -62  8 
26  64  6 
-28  20  -30 
-42  -18  58 

//Reference=MNI 
//nullstudy_39
//Subjects=30
-48  -14  -16 
-38  -54  26 
2  30  54 
8  52  6 
-22  -54  -46 
-34  56  18 
-24  -44  70 
-14  -58  -20 

//Reference=MNI 
//nullstudy_40
//Subjects=30
-14  -54  -56 
52  14  18 
-52  14  -30 
-60  -44  14 
40  24  2 
-20  -64  -42 
8  36  -14 
-4  -54  -26 
58  22  20 
-44  -66  -46 

//Reference=MNI 
//nullstudy_41
//Subjects=29
-12  -20  48 
-22  4  50 
-2  -52  -6 
-36  30  -10 
-34  -54  48 
36  56  2 
-4  -100  -2 

//Reference=MNI 
//nullstudy_42
//Subjects=29
36  38  38 
-26  -20  54 
-10  -12  56 
18  6  -30 
46  20  -28 
-38  -12  2 

//Reference=MNI 
//nullstudy_43
//Subjects=29
-12  44  4 
-6  -22  58 
-34  -88  -18 

//Reference=MNI 
//nullstudy_44
//Subjects=30
-4  18  20 
-32  -98  2 

//Reference=MNI 
//nullstudy_45
//Subjects=31
-38  -4  -4 
-38  -62  -24 
4  64  26 
48  44  -16 

//Reference=MNI 
//nullstudy_46
//Subjects=30
-42  -8  8 
-20  -102  8 

//Reference=MNI 
//nullstudy_47
//Subjects=30
-2  36  28 
38  12  4 
-50  -38  14 

//Reference=MNI 
//nullstudy_48
//Subjects=30
-46  -80  -26 
-48  -58  -38 
-26  14  60 
-8  -26  70 
-36  4  42 
-64  -40  -14 
-12  52  -26 
-34  0  -24 
-14  -52  66 
-30  -18  -24 
-16  -44  -52 
4  44  -16 
-52  -32  -2 

//Reference=MNI 
//nullstudy_49
//Subjects=31
18  12  -36 
30  2  -38 
-44  -28  2 
-18  -48  -30 
50  46  2 

//Reference=MNI 
//nullstudy_50
//Subjects=31
-54  -46  -6 
-16  -48  -46 
-18  -40  74 
-10  24  10 
-38  -38  -14 
-32  36  10 
-20  -48  -12 

//Reference=MNI 
//nullstudy_51
//Subjects=31
32  20  -14 
-20  -90  -8 
2  30  -30 
-22  -82  44 
-32  -56  -30 
12  44  -20 

//Reference=MNI 
//nullstudy_52
//Subjects=30
-32  -42  -44 
0  34  50 
-48  -80  -12 
-16  6  -34 
-10  -74  -10 
-36  -34  16 
-10  6  -20 
-22  -72  20 
12  64  4 
-16  28  -6 
6  54  0 
-26  -56  -62 
42  44  12 
20  24  2 
-68  -46  4 
-10  -76  -26 
-30  -66  62 

//Reference=MNI 
//nullstudy_53
//Subjects=29
-24  54  -2 
-20  -86  22 
-2  -48  -6 
-36  -64  -24 
-32  46  -10 
6  48  24 
-66  -54  16 
48  4  -2 
-20  -54  -46 
-62  -50  -6 
20  46  -16 
-40  58  -4 
-56  -52  24 
-12  -98  -16 
16  24  8 
-10  -30  36 
-6  -36  56 
-2  66  10 
52  4  -40 
-50  -28  -24 
-14  -56  -20 
-58  20  18 
46  8  -30 
6  48  48 
-42  -76  -40 
-12  -24  64 
-42  -14  -28 
-22  -72  4 
-12  -4  -30 
-28  -34  -14 
-4  52  38 
-4  -60  4 
-8  -30  8 
-6  -46  -34 
-30  -34  70 

//Reference=MNI 
//nullstudy_54
//Subjects=30
-42  -84  -2 
8  50  -22 
-22  -40  -42 
-16  -14  74 
-28  -58  60 
-48  6  -24 
-20  8  -30 

//Reference=MNI 
//nullstudy_55
//Subjects=30
52  14  -26 
-40  -64  0 
-2  -38  64 
42  42  -22 

//Reference=MNI 
//nullstudy_56
//Subjects=33
-64  -30  -22 
-22  -52  -44 

//Reference=MNI 
//nullstudy_57
//Subjects=32
-24  -98  -8 
-42  -38  2 
-14  -38  76 
-48  -2  12 
-50  -44  -40 
-12  58  6 

//Reference=MNI 
//nullstudy_58
//Subjects=29
20  14  0 
32  16  6 
-36  22  38 
-36  -94  10 
-2  32  -24 

//Reference=MNI 
//nullstudy_59
//Subjects=29
-34  -14  70 
-8  -50  34 
-18  -52  -54 
38  26  36 
-60  -22  2 
-2  -30  -38 
6  48  16 
6  22  6 
-60  -50  -24 
50  20  40 
-22  -2  70 
-22  -88  -32 
10  60  -24 
-16  -72  -6 
24  14  68 
-20  -2  -10 
-20  64  2 
-52  -72  24 
-34  36  20 
32  16  60 
-52  -52  -16 

//Reference=MNI 
//nullstudy_60
//Subjects=30
-46  20  8 
-46  -20  38 
6  66  -2 
12  54  -18 
-28  -24  -14 
-36  -94  10 
-54  -54  -20 
26  8  -30 
40  34  4 
-10  -40  6 
-26  -90  -38 
18  8  -44 
-20  -66  24 
-42  -20  -2 
-18  -26  -8 
-8  0  10 
14  40  -2 
-52  26  12 
24  8  -2 
-26  -68  -6 
26  48  34 
-52  -14  34 
-58  18  26 
32  28  38 
-58  -18  50 

//Reference=MNI 
//nullstudy_61
//Subjects=29
8  12  10 
-18  -40  -34 
-8  54  -10 

//Reference=MNI 
//nullstudy_62
//Subjects=31
-16  54  -20 
-8  -8  0 

//Reference=MNI 
//nullstudy_63
//Subjects=32
-58  -6  -32 
-6  -62  -10 
-26  4  -24 
-26  -48  -6 

//Reference=MNI 
//nullstudy_64
//Subjects=30
14  4  0 
8  2  -12 

//Reference=MNI 
//nullstudy_65
//Subjects=31
-20  -6  -28 
-36  38  40 
-2  -18  -42 
-4  -22  36 
46  34  34 
22  12  -20 
-28  -44  -46 

//Reference=MNI 
//nullstudy_66
//Subjects=30
-56  -36  32 
-12  -82  44 
40  26  -22 
-2  44  52 
-10  -30  62 
-54  -54  -12 
44  42  8 
12  24  0 
22  50  8 
-36  52  6 
52  16  32 
-62  -6  -8 
-20  -54  46 
-24  -8  -36 
-8  -4  54 
20  28  48 
-8  14  -24 
-10  -26  14 
-52  -64  38 
-6  -6  64 
-4  54  4 

//Reference=MNI 
//nullstudy_67
//Subjects=29
-6  -50  4 
20  8  -18 

//Reference=MNI 
//nullstudy_68
//Subjects=31
-14  -70  16 
-26  -40  46 
-22  -2  -28 
-50  -18  -4 
-6  -18  -34 
38  40  -18 
56  8  6 
-38  18  12 
-28  -2  -40 
-44  0  -20 
-10  -60  36 
-44  18  -30 
-18  4  -2 
-48  -60  -10 
-4  -2  40 
-10  34  42 
2  12  60 
-28  -14  74 

//Reference=MNI 
//nullstudy_69
//Subjects=30
-46  -12  -18 
-42  26  -26 
44  32  -18 
-12  -58  28 
-44  2  -32 
-8  -34  -16 

//Reference=MNI 
//nullstudy_70
//Subjects=30
-18  -96  28 
-28  -100  8 
40  18  -20 
-50  -8  -22 

//Reference=MNI 
//nullstudy_71
//Subjects=31
-54  -8  42 
-30  -56  32 
-42  -62  -32 
18  24  60 
-48  2  36 
-58  -42  -2 
-44  -58  -16 
34  2  -26 
-42  4  48 
-24  42  -22 

//Reference=MNI 
//nullstudy_72
//Subjects=31
-20  -96  18 
-28  -44  70 
-18  -82  36 
20  54  -12 
-10  48  50 
-12  -6  38 
-8  18  2 
-24  50  16 
-8  -104  -14 

//Reference=MNI 
//nullstudy_73
//Subjects=31
-14  -30  34 
-28  26  56 
-14  -90  -28 
-4  -52  -62 
32  26  -14 
-16  -38  -36 
18  16  62 
8  34  14 
-52  -72  -10 
36  48  4 

//Reference=MNI 
//nullstudy_74
//Subjects=31
4  38  20 
48  10  54 
-46  -48  10 
12  42  -22 
-8  -32  -14 
36  14  38 
-38  22  42 
-54  -72  6 
-30  -66  -58 

//Reference=MNI 
//nullstudy_75
//Subjects=31
-10  -100  4 
8  18  62 
-4  -52  -56 
12  6  -34 
34  52  28 
-24  42  28 
60  4  0 
-12  40  6 
-60  -14  22 

//Reference=MNI 
//nullstudy_76
//Subjects=30
-18  -68  62 
-30  56  28 
-18  36  -24 
36  58  -10 
-32  6  -46 
-54  -52  2 
-4  -52  34 
-40  -32  60 
-60  6  -20 
-32  26  -28 
-16  46  34 
-12  4  22 

//Reference=MNI 
//nullstudy_77
//Subjects=30
-40  -70  -42 
-34  -74  50 
-28  26  52 
-12  -92  -28 
-6  -68  56 
-4  4  -16 
-8  -4  2 
-24  54  0 
36  4  56 
-16  -82  -28 
-36  -58  -8 
-14  48  50 
0  20  48 
34  16  58 
12  64  -18 
20  8  -30 
-30  10  6 
-20  42  40 
-36  -48  -52 
14  14  56 

//Reference=MNI 
//nullstudy_78
//Subjects=30
-28  -56  10 
-12  -62  -36 
-36  -70  -44 
-42  -50  60 
52  14  30 
-8  -26  -10 
-66  -18  -24 
-40  -64  -36 
-44  -76  -10 
-18  50  36 
20  36  -14 

//Reference=MNI 
//nullstudy_79
//Subjects=28
-4  16  -6 
-28  -10  -4 
-14  4  -8 
-14  20  58 
-4  -4  56 
-6  48  8 
-48  -36  26 
2  28  30 

//Reference=MNI 
//nullstudy_80
//Subjects=29
-24  6  -22 
-16  -42  -14 
-38  -92  6 
-32  -60  -38 
12  12  -10 
16  4  -34 

//Reference=MNI 
//nullstudy_81
//Subjects=30
-20  -26  78 
-40  0  36 
-46  -12  38 
-10  58  8 

//Reference=MNI 
//nullstudy_82
//Subjects=32
24  46  46 
6  52  4 

//Reference=MNI 
//nullstudy_83
//Subjects=30
40  2  62 
-16  -34  -12 
18  14  10 

//Reference=MNI 
//nullstudy_84
//Subjects=30
-28  36  28 
-4  58  -24 
-4  -54  -50 
-24  18  -10 
-6  18  64 
-10  -4  58 

//Reference=MNI 
//nullstudy_85
//Subjects=29
-40  -46  46 
18  34  46 
-12  -58  -8 
4  20  -22 
-18  0  -34 
-36  -14  14 
-10  -58  6 
48  4  -36 
-50  -52  -10 
-34  -38  50 
-12  -26  14 
4  14  -20 
-40  -46  -28 
-40  -38  -40 
-24  -72  40 
-4  -12  58 
-54  -6  50 
-54  -40  34 
-16  28  50 
-38  -26  4 
-46  -40  -20 
-38  -6  0 
-12  26  30 
-26  -42  44 
-38  -18  -6 
-26  44  42 
-48  4  -24 
-10  -62  -36 
-4  -58  2 
-32  -62  -62 

//Reference=MNI 
//nullstudy_86
//Subjects=30
-48  0  8 
22  34  44 
-30  -38  -52 
-20  -88  -26 
-34  -20  52 
-24  -82  24 
-42  -82  28 

//Reference=MNI 
//nullstudy_87
//Subjects=31
-22  6  60 
-14  -22  64 
-42  2  12 
-24  -78  -56 
60  12  -12 
42  4  22 

//Reference=MNI 
//nullstudy_88
//Subjects=30
-16  0  2 
-2  -58  -14 
46  6  38 
4  68  18 

//Reference=MNI 
//nullstudy_89
//Subjects=30
-28  -4  -24 
-54  10  -18 
-16  -10  60 
-50  -52  -4 
-46  -34  -4 
-14  56  28 

//Reference=MNI 
//nullstudy_90
//Subjects=32
-26  48  -14 
36  6  -30 
-34  -54  -34 
30  28  -14 
-60  -32  -8 
14  52  -16 
-48  -8  -44 
-8  -2  14 
-40  -28  48 

//Reference=MNI 
//nullstudy_91
//Subjects=31
-12  40  -8 
-60  -4  38 
-18  -28  -22 
-30  42  34 
-12  -30  34 

//Reference=MNI 
//nullstudy_92
//Subjects=30
-52  8  -24 
-4  -20  -22 
-62  -16  -26 
-16  -56  -34 
-38  -64  -30 
-50  -44  40 

//Reference=MNI 
//nullstudy_93
//Subjects=29
-28  40  -10 
40  34  4 
-6  10  14 
-62  -44  20 
-8  -26  10 
-18  -18  -34 
-20  -52  -4 
-32  -4  -24 
-2  -56  -8 
-26  -84  -46 
32  6  54 
26  32  -14 
-16  -56  -50 
-38  22  0 

//Reference=MNI 
//nullstudy_94
//Subjects=31
-6  -62  6 
54  6  28 
-26  -30  -10 
-36  -34  54 
-42  -24  6 
-10  58  -16 
-10  -40  2 
-40  -60  32 
-16  -82  -52 
0  52  -12 
20  34  48 
-30  -18  8 
-16  -40  10 
-22  -68  -26 
-48  24  -8 

//Reference=MNI 
//nullstudy_95
//Subjects=29
-10  -28  -24 
2  66  10 
-14  -32  -32 
-44  44  -6 
-50  -8  42 
-2  6  62 
-52  -28  58 

//Reference=MNI 
//nullstudy_96
//Subjects=31
28  6  68 
-52  26  10 
-8  46  -6 
-44  42  24 

//Reference=MNI 
//nullstudy_97
//Subjects=30
-22  -40  20 
-4  -52  64 
-4  28  52 
-2  -60  52 
-4  -86  -20 
26  50  24 
-22  -54  -20 
-30  10  6 
-30  58  -6 

//Reference=MNI 
//nullstudy_98
//Subjects=30
-42  -72  -26 
-2  -68  -24 

//Reference=MNI 
//nullstudy_99
//Subjects=29
-4  -6  38 
-44  40  22 
-14  -44  30 
-60  -34  -8 
-46  16  10 
-42  -34  26 
-50  10  32 
-48  2  2 
-42  -12  -40 
-52  22  30 
46  18  24 
10  44  14 
-6  -20  38 
-22  -80  -28 
-54  18  -14 
10  40  -12 
48  28  30 

//Reference=MNI 
//nullstudy_100
//Subjects=30
-22  -64  66 
-56  -6  40 
-4  30  -16 
-2  -34  58 
20  38  -20 

