//Reference=MNI 
//truestudy_1
//Subjects=30
46  -66  -5 
45  -68  -7 

//Reference=MNI 
//truestudy_2
//Subjects=28
46  -67  -5 
46  -65  -7 

//Reference=MNI 
//truestudy_3
//Subjects=30
47  -67  -6 
46  -65  -8 
46  -66  -8 
46  -67  -5 
46  -67  -4 

//Reference=MNI 
//nullstudy_1
//Subjects=30
42  30  12 
-32  -54  -20 

//Reference=MNI 
//nullstudy_2
//Subjects=28
22  6  10 
-4  -4  38 

//Reference=MNI 
//nullstudy_3
//Subjects=30
-62  -28  18 
-50  -70  -36 
46  8  -8 
-50  -4  -18 
-12  -48  28 

//Reference=MNI 
//nullstudy_4
//Subjects=31
-12  2  -16 
-58  -28  4 
-58  -20  14 
-10  -56  22 
-6  -48  -30 
38  16  22 
-36  -8  -2 
-6  -94  34 
-20  -24  54 

//Reference=MNI 
//nullstudy_5
//Subjects=30
-42  -8  -16 
-64  -32  12 
-26  40  14 
-32  -78  22 

//Reference=MNI 
//nullstudy_6
//Subjects=30
-8  -92  -24 
-30  -40  0 
-28  -80  -10 
-18  26  50 
-28  -58  -56 

//Reference=MNI 
//nullstudy_7
//Subjects=28
-24  18  -10 
-8  -18  20 

//Reference=MNI 
//nullstudy_8
//Subjects=30
-54  32  2 
-22  30  56 
-48  20  34 
-40  -58  -42 
8  42  28 

//Reference=MNI 
//nullstudy_9
//Subjects=31
-18  -56  4 
-52  -58  -22 
-26  -10  -36 
-6  -8  52 
0  24  -14 
-36  30  8 
8  48  16 
-34  -6  50 
-4  -34  -12 
34  58  24 
-64  -6  28 
24  14  -14 
-32  -72  26 
-40  -8  -18 
-8  -4  74 
62  18  22 
44  8  -18 
-42  -46  12 
-2  -58  20 
-32  -36  40 
-50  4  52 
-16  -10  64 
-20  -40  60 

//Reference=MNI 
//nullstudy_10
//Subjects=32
-8  36  46 
-20  -6  56 
-48  -70  -38 
-44  -84  -20 
-34  8  -26 
-4  26  24 
-32  -18  -4 
-28  -50  -12 
-40  14  12 
50  6  18 
-38  -12  -38 
-32  32  -22 
-6  -26  4 
-26  -10  -12 

//Reference=MNI 
//nullstudy_11
//Subjects=31
-10  -56  -12 
-30  36  -18 
-26  -22  -14 
-58  -30  -32 
-30  -38  -10 
-10  -88  -2 
-42  -64  -16 
-18  -66  46 
-2  -4  -6 
-26  -74  18 

//Reference=MNI 
//nullstudy_12
//Subjects=29
-26  26  0 
-50  -70  20 

//Reference=MNI 
//nullstudy_13
//Subjects=32
4  50  -12 
-36  -18  56 
-46  46  -12 
-56  2  -26 
-8  -88  -14 
-2  -4  6 
-52  22  22 
-54  -12  10 
-46  -26  -28 
14  42  10 
-6  -30  -20 
-8  -16  2 
28  32  46 
-28  -4  -24 
-22  -40  -28 
-18  20  66 
-24  -90  32 

//Reference=MNI 
//nullstudy_14
//Subjects=31
-6  -78  -4 
-64  -28  18 
14  16  -18 
22  32  -24 
-40  -72  20 
-28  52  -6 
-28  -48  -6 
-46  28  20 
6  34  44 
-22  -30  56 
48  28  24 
-44  -48  -48 
-56  -68  12 
-26  -82  -2 

//Reference=MNI 
//nullstudy_15
//Subjects=29
-32  0  40 
-4  -26  16 

//Reference=MNI 
//nullstudy_16
//Subjects=30
-48  -60  50 
-6  24  52 
-30  -72  -20 
-38  -42  -48 
-14  46  50 
-24  32  34 
4  12  -2 

//Reference=MNI 
//nullstudy_17
//Subjects=27
-54  -48  36 
36  52  6 

//Reference=MNI 
//nullstudy_18
//Subjects=27
30  48  12 
-44  46  -12 

//Reference=MNI 
//nullstudy_19
//Subjects=29
2  44  -12 
-10  -30  6 
46  10  32 
-56  -12  30 

//Reference=MNI 
//nullstudy_20
//Subjects=30
-6  -58  -24 
-44  -70  40 

//Reference=MNI 
//nullstudy_21
//Subjects=31
-16  -16  28 
-62  -52  32 
34  54  26 
-6  -62  8 
-18  -32  56 
-10  -92  32 
-42  -82  24 
12  30  -14 
-36  46  20 
-42  50  2 

//Reference=MNI 
//nullstudy_22
//Subjects=31
-4  -6  12 
-20  -94  -16 
4  64  -4 
-16  -28  -38 
16  26  50 
-48  26  -2 
-2  0  -4 
-64  -54  28 
14  44  48 
-32  6  -4 
-16  -24  62 
-54  -56  38 
-4  18  -6 

//Reference=MNI 
//nullstudy_23
//Subjects=30
-4  -70  16 
-2  -14  56 
-16  18  62 
-48  -4  34 

//Reference=MNI 
//nullstudy_24
//Subjects=30
24  14  -4 
-32  2  60 
-4  -56  58 
-42  2  -16 

//Reference=MNI 
//nullstudy_25
//Subjects=28
-64  -52  2 
-44  -64  -6 

//Reference=MNI 
//nullstudy_26
//Subjects=29
-4  42  18 
-48  -16  -38 

//Reference=MNI 
//nullstudy_27
//Subjects=31
-38  -62  -16 
52  6  -20 
-40  12  12 
14  38  -22 
-8  20  54 
-54  -74  -8 
-34  -60  62 
-26  56  6 
-8  -30  56 

//Reference=MNI 
//nullstudy_28
//Subjects=30
-40  18  24 
24  16  -22 
-36  -14  42 
-34  -62  20 
-16  8  72 
-32  8  12 
-30  -12  -46 

//Reference=MNI 
//nullstudy_29
//Subjects=28
-2  -16  -30 
-38  -28  12 

//Reference=MNI 
//nullstudy_30
//Subjects=30
-10  52  20 
4  50  -6 
-34  -64  48 
-34  24  20 
-16  -16  66 

//Reference=MNI 
//nullstudy_31
//Subjects=30
-38  -66  16 
-30  42  44 
-6  56  6 
-54  -34  6 

//Reference=MNI 
//nullstudy_32
//Subjects=31
-28  -14  64 
-10  -28  54 
-50  -56  -48 
-8  24  48 
-30  18  12 
-16  6  -6 
-34  56  0 
-64  -30  -6 
-32  14  12 
-8  -2  -18 
-4  -40  48 
-12  -94  32 
-58  -36  6 
-2  -46  72 

//Reference=MNI 
//nullstudy_33
//Subjects=31
18  40  50 
-28  -40  -12 
-32  -22  -12 
-22  58  2 
22  42  50 
-20  60  2 
34  52  24 
-26  -52  68 
-52  -44  -8 

//Reference=MNI 
//nullstudy_34
//Subjects=30
-30  -24  60 
-16  58  0 
0  18  34 
-48  -58  -20 
24  6  62 
-16  -88  -22 
-34  40  10 

//Reference=MNI 
//nullstudy_35
//Subjects=30
-68  -34  0 
-50  -36  52 
-30  -38  50 
-30  16  34 
-24  -4  -44 
-26  -60  -24 

//Reference=MNI 
//nullstudy_36
//Subjects=31
56  22  16 
64  6  28 
-28  -64  46 
22  42  50 
-38  -94  2 
-50  -14  -22 
-22  -66  22 
-8  -70  42 
-14  -62  48 
-56  -18  -36 
-48  -34  -8 
-2  10  66 
-28  -54  -42 
-52  -30  46 
-16  20  0 
-4  38  54 
-2  -14  76 
48  12  4 
-40  -68  50 
-16  46  38 
-18  -62  44 
-18  -56  8 
-52  -68  22 
-40  0  2 
-14  -76  52 

//Reference=MNI 
//nullstudy_37
//Subjects=32
26  42  38 
-16  -2  76 
32  34  44 
-48  -44  -12 
-2  -10  52 
14  26  28 
-64  -44  0 
-6  -66  42 
-12  -42  -36 
-18  -40  8 
-22  -96  -4 
30  4  -8 
-40  -44  -38 
-52  30  26 
-28  -56  -10 
-14  -56  42 
-12  -56  54 
-50  -50  -6 
48  16  6 
-52  34  18 
-46  -18  56 
-10  -76  50 
-58  -2  42 
-16  -14  -10 
36  56  -2 
-14  -12  -26 
-16  -38  66 
-22  46  38 
-48  -52  -50 
-34  -34  18 
56  2  -2 
-14  -30  20 
-60  -24  -2 
-2  -6  56 
2  64  -4 
-18  -72  -52 
-64  -46  -14 
-58  -52  0 
-48  36  -14 
-44  -78  -6 
-48  -64  -48 
-36  -50  -58 

//Reference=MNI 
//nullstudy_38
//Subjects=30
-20  -76  -10 
-38  -28  70 
-40  -64  34 
-14  -64  0 

//Reference=MNI 
//nullstudy_39
//Subjects=29
-2  -4  68 
-14  22  16 
-6  -68  -16 

//Reference=MNI 
//nullstudy_40
//Subjects=31
-30  -18  56 
-8  -38  60 
-36  46  -6 
-24  -36  70 
-4  -56  -26 
-8  8  40 
-54  2  -16 
0  48  -14 
-10  -8  68 
-58  -50  -32 
-32  -66  28 
16  38  46 

//Reference=MNI 
//nullstudy_41
//Subjects=30
-56  -64  -4 
-18  -52  56 

//Reference=MNI 
//nullstudy_42
//Subjects=30
-46  -2  -46 
-32  50  36 
34  2  -40 
-24  -66  -2 

//Reference=MNI 
//nullstudy_43
//Subjects=29
-56  -28  54 
46  14  -22 

//Reference=MNI 
//nullstudy_44
//Subjects=30
-34  -32  56 
-22  -10  76 
30  46  12 
-58  -24  2 

//Reference=MNI 
//nullstudy_45
//Subjects=30
44  32  -22 
-46  38  20 

//Reference=MNI 
//nullstudy_46
//Subjects=31
-42  22  44 
-32  44  10 
-28  4  -50 

//Reference=MNI 
//nullstudy_47
//Subjects=33
-16  -22  -14 
-34  4  40 
-62  -26  34 
-2  58  22 
28  30  38 
-8  -22  60 
-4  -60  -36 
-6  -22  42 
-12  -78  50 
28  12  -34 
-8  -78  -26 

//Reference=MNI 
//nullstudy_48
//Subjects=31
-56  -52  -32 
-36  4  32 
-56  2  -2 
-22  -54  0 
-58  -40  24 
-38  -4  -48 
-10  10  10 
-32  14  12 
48  18  -16 
-32  56  -10 
-58  -16  30 
-42  12  14 
-34  50  26 
-22  -66  36 
58  12  -6 
40  52  6 
-8  -74  54 
-8  -74  -32 

//Reference=MNI 
//nullstudy_49
//Subjects=30
-44  0  58 
12  58  -14 
-36  -74  -20 
-12  -58  36 
24  46  -16 
-18  -10  -34 
8  62  12 
-38  -22  -2 
-4  -54  -18 
-30  -12  -48 
-42  8  -14 

//Reference=MNI 
//nullstudy_50
//Subjects=30
-60  -42  4 
-54  -68  -26 
-26  44  -8 
-60  -60  16 
-6  -60  12 
-30  -72  34 

//Reference=MNI 
//nullstudy_51
//Subjects=29
-36  -72  40 
-12  34  -20 
-46  -32  -22 
-38  -76  -26 
-44  42  -10 
-2  12  -6 
-16  68  18 

//Reference=MNI 
//nullstudy_52
//Subjects=29
22  30  -12 
0  4  66 
-4  52  32 
-8  -16  66 

//Reference=MNI 
//nullstudy_53
//Subjects=30
-50  -56  -46 
28  12  54 

//Reference=MNI 
//nullstudy_54
//Subjects=31
-8  -8  74 
-56  12  -22 
-2  -84  -30 
-44  22  0 
-62  -6  14 

//Reference=MNI 
//nullstudy_55
//Subjects=27
-20  22  54 
-14  -24  -6 
-36  50  10 
18  8  64 
-18  -24  -28 
-14  -62  68 
-30  34  40 
-42  52  20 
-6  -24  22 
46  2  52 

//Reference=MNI 
//nullstudy_56
//Subjects=29
-30  -44  -46 
-14  -54  -46 

//Reference=MNI 
//nullstudy_57
//Subjects=31
8  36  16 
-34  0  -46 

//Reference=MNI 
//nullstudy_58
//Subjects=30
-24  10  2 
-6  46  -26 
-44  -30  -24 
-32  10  40 
-54  30  26 
-36  36  -8 
-6  -22  -22 
-12  -16  44 
-56  28  16 
2  42  16 
36  50  34 

//Reference=MNI 
//nullstudy_59
//Subjects=31
-20  -42  56 
-34  -20  -20 
-46  36  6 

//Reference=MNI 
//nullstudy_60
//Subjects=31
-38  -82  6 
-14  -20  -28 
-14  -34  -22 
-4  -82  2 
-28  10  -30 
14  42  4 
-14  -94  6 
12  42  34 
32  46  -16 

//Reference=MNI 
//nullstudy_61
//Subjects=31
-48  -46  -18 
24  62  4 
-50  -22  -2 
26  12  -48 
-26  2  -48 
-38  -40  56 
0  12  68 
-10  -24  72 
-24  -36  18 
-22  -58  -18 

//Reference=MNI 
//nullstudy_62
//Subjects=30
-2  -20  78 
-16  -72  54 
-30  -26  -14 
-26  -34  -28 
-8  -84  -8 
-24  -66  60 
6  16  64 
-10  -36  -8 
-2  -44  4 
-22  62  14 
-6  32  54 
20  6  -26 
40  28  18 
44  34  42 
-48  26  10 
-12  -72  -30 
-10  -66  -30 
-4  -62  20 
-48  -56  -38 
-8  -34  38 
-4  -18  -6 

//Reference=MNI 
//nullstudy_63
//Subjects=30
-46  -32  62 
8  2  40 
-30  -40  6 
48  48  2 

//Reference=MNI 
//nullstudy_64
//Subjects=31
-66  -8  -20 
-18  -94  10 
-26  -48  -26 
-30  -6  48 

//Reference=MNI 
//nullstudy_65
//Subjects=30
-56  22  16 
-34  -72  2 
-36  -62  16 
-6  2  28 
-22  -60  24 
18  60  18 
-54  -32  -16 
12  2  50 
-32  -52  -54 
-10  24  2 
-24  -80  -10 
-54  -26  10 

//Reference=MNI 
//nullstudy_66
//Subjects=31
-8  10  -22 
-60  -42  -20 
-26  -40  -16 
-34  -42  54 
18  58  34 
40  28  22 
-30  -62  -2 
-40  -76  6 
40  24  -32 
-44  -6  48 

//Reference=MNI 
//nullstudy_67
//Subjects=30
24  46  44 
-30  -78  -12 
-16  -26  0 
-60  -8  40 
54  24  6 
-28  12  4 
-20  -46  60 
26  16  40 

//Reference=MNI 
//nullstudy_68
//Subjects=30
6  20  -4 
-40  -66  -20 
-36  -90  -22 
-4  -38  22 
-30  -20  4 
-36  -22  -34 
-28  -8  44 
-40  44  10 
24  52  30 
-56  -42  -24 
-14  24  -18 
-52  -2  44 

//Reference=MNI 
//nullstudy_69
//Subjects=31
-16  -64  66 
-44  -12  48 
-36  -52  42 
-38  42  -10 
26  12  -10 
-12  -58  -56 
38  12  -28 
-42  42  24 

//Reference=MNI 
//nullstudy_70
//Subjects=30
-4  54  6 
-6  -104  -12 
52  44  0 
-10  -24  -44 
-44  -68  30 
-48  16  -30 
-34  -26  72 
34  42  28 
-66  -8  14 
-40  4  26 
-38  -26  -26 
-18  -90  -40 
-26  46  8 
-48  -76  -36 
18  58  2 
-38  -68  10 
-8  46  -18 
28  16  50 
0  50  -16 
-28  -46  -38 
-2  -50  -48 
-34  42  16 
-12  14  -22 
16  30  -22 
-50  12  -10 
-46  -32  -26 
-18  -36  -34 
46  26  28 

//Reference=MNI 
//nullstudy_71
//Subjects=31
-66  -50  0 
-50  -2  -44 
-64  -26  -6 
-56  -14  10 

//Reference=MNI 
//nullstudy_72
//Subjects=31
-32  12  -38 
-10  -4  20 
52  6  46 
16  62  16 
52  18  8 
-48  -28  14 
34  30  32 
4  46  52 
16  42  -4 
-28  -64  -56 

//Reference=MNI 
//nullstudy_73
//Subjects=30
-22  12  -26 
-16  -40  -58 
-36  -52  30 
0  42  -28 
-48  -12  30 
-58  -12  -40 
-70  -24  6 
-32  32  -14 
44  18  42 
-30  -20  8 
-34  48  28 
-8  -4  56 
38  20  6 
-30  16  -22 
2  52  8 
-14  -58  -20 
-8  50  -16 
-28  26  50 
-36  -26  44 
8  14  -2 
-30  -20  64 
-60  -2  -12 
-34  -50  -44 
40  16  24 
32  50  24 

//Reference=MNI 
//nullstudy_74
//Subjects=31
-28  -86  -2 
30  66  6 
-20  -10  72 
-60  -56  22 

//Reference=MNI 
//nullstudy_75
//Subjects=30
-10  34  -10 
-22  -30  62 
-10  -60  -20 
40  36  28 
-6  10  58 
-62  -34  4 
0  64  2 

//Reference=MNI 
//nullstudy_76
//Subjects=30
-38  -50  -40 
-38  -24  58 
-24  -88  10 
16  46  -24 

//Reference=MNI 
//nullstudy_77
//Subjects=29
-46  -46  -46 
-28  36  26 
-2  -66  46 
-12  -26  6 
-2  -58  2 

//Reference=MNI 
//nullstudy_78
//Subjects=29
4  52  -16 
-64  0  -20 

//Reference=MNI 
//nullstudy_79
//Subjects=31
-22  -80  -24 
-36  -44  -4 

//Reference=MNI 
//nullstudy_80
//Subjects=30
-38  -2  34 
-8  -42  4 
-18  -78  22 
-32  -82  -18 
-60  -52  6 
-10  42  -20 
-24  -72  -38 
-8  -60  62 
-38  -56  -22 
-14  52  22 

//Reference=MNI 
//nullstudy_81
//Subjects=30
24  52  -8 
-16  8  24 
-8  -40  62 
-20  -28  -12 
44  14  56 

//Reference=MNI 
//nullstudy_82
//Subjects=31
-22  18  -30 
-52  -28  -32 
-38  -14  2 
-22  38  30 
-32  58  6 
18  64  6 
-38  8  -48 

//Reference=MNI 
//nullstudy_83
//Subjects=30
16  4  -4 
50  4  -20 
-28  46  -2 
6  6  -8 
-46  24  8 
52  20  6 
-68  -26  -10 
-44  -18  -26 
-24  10  64 
-24  60  18 

//Reference=MNI 
//nullstudy_84
//Subjects=30
32  8  -20 
-28  -76  12 
-10  -14  68 
-32  -10  -28 

//Reference=MNI 
//nullstudy_85
//Subjects=28
-10  -28  64 
-42  24  8 
-6  0  68 
-2  -6  -4 

//Reference=MNI 
//nullstudy_86
//Subjects=31
-40  -64  -48 
-66  -36  -18 

//Reference=MNI 
//nullstudy_87
//Subjects=31
-56  -32  24 
-56  -42  34 
-6  -70  -8 
44  18  -38 
-58  -58  -6 
-44  -52  -38 
-38  18  36 
-28  6  46 
18  66  22 
-26  -62  62 
-24  26  46 

//Reference=MNI 
//nullstudy_88
//Subjects=30
-56  -20  40 
-10  -48  50 
-34  -84  -2 
-46  -16  56 
-2  -68  30 
42  34  -10 
-16  -80  -28 
-18  -8  56 
58  6  -4 
-36  -70  -10 
-30  50  -18 
-18  18  12 
-32  12  -4 

//Reference=MNI 
//nullstudy_89
//Subjects=32
-14  -32  38 
4  40  18 
-54  2  -30 
-32  -4  -6 
-12  -40  38 
16  42  -22 
28  22  52 
-2  50  -30 
2  52  0 
-32  -60  52 

//Reference=MNI 
//nullstudy_90
//Subjects=30
56  16  18 
48  50  -4 
-18  40  48 
48  6  -46 
-24  26  30 
-54  -50  42 
-12  42  40 
-24  -22  -12 
-16  -92  -36 
44  22  -14 
-20  -68  -44 
-44  48  8 
-20  -28  72 
-36  -28  54 
-28  26  -2 

//Reference=MNI 
//nullstudy_91
//Subjects=31
12  38  24 
-70  -26  -12 
-50  -32  20 
38  28  32 
-40  -80  -18 
2  26  14 
58  12  -6 
-46  -24  42 

//Reference=MNI 
//nullstudy_92
//Subjects=29
-10  26  -20 
30  34  -24 
-42  -2  -32 
42  20  44 
42  2  -6 
18  6  62 
-20  -96  12 
-20  -86  0 
-48  -44  0 

//Reference=MNI 
//nullstudy_93
//Subjects=31
-24  -88  32 
-32  32  28 
-6  -22  8 

//Reference=MNI 
//nullstudy_94
//Subjects=30
-32  10  52 
-56  -24  48 
-26  -4  56 
-36  20  4 
-46  -14  42 
58  4  26 
-4  10  -8 
-12  28  52 
26  30  44 
-16  -18  72 
-16  -82  -26 

//Reference=MNI 
//nullstudy_95
//Subjects=30
14  10  12 
14  14  48 
-52  14  -16 
-30  -20  58 

//Reference=MNI 
//nullstudy_96
//Subjects=30
-26  -58  -52 
-32  -86  18 
-20  -68  -48 
-36  -28  -10 
-32  -80  42 

//Reference=MNI 
//nullstudy_97
//Subjects=30
-26  -20  -12 
-26  34  50 
-12  30  30 
-52  -12  -10 

//Reference=MNI 
//nullstudy_98
//Subjects=31
-22  62  -2 
-30  32  36 
-48  -44  -24 
-2  -54  42 
-60  -44  46 
-50  -72  38 

//Reference=MNI 
//nullstudy_99
//Subjects=30
-36  -26  10 
10  66  4 
22  6  -48 
-2  -2  -2 
-50  -58  -40 
56  16  -22 
26  24  -10 
-30  8  8 

//Reference=MNI 
//nullstudy_100
//Subjects=30
-12  -92  -4 
-42  -20  46 
-46  -50  -10 
-52  -32  -20 
-12  18  8 
-28  -10  62 

