//Reference=MNI 
//truestudy_1
//Subjects=10
46  -66  -4 
47  -66  -5 
46  -67  -6 
47  -66  -6 
47  -66  -6 
46  -66  -5 
46  -67  -6 

//Reference=MNI 
//truestudy_2
//Subjects=11
44  -66  -7 
45  -66  -6 
48  -65  -7 
47  -68  -6 
46  -66  -6 
44  -66  -7 
47  -66  -6 
46  -65  -6 
47  -66  -8 
46  -66  -6 
46  -66  -8 
46  -66  -7 
45  -67  -6 
46  -65  -7 

//Reference=MNI 
//truestudy_3
//Subjects=9
46  -64  -7 
46  -65  -8 

//Reference=MNI 
//nullstudy_1
//Subjects=10
-44  -82  -2 
0  16  66 
-24  14  -2 
36  24  54 
-28  -14  70 
-6  -54  -66 
-38  -2  56 

//Reference=MNI 
//nullstudy_2
//Subjects=11
-20  -10  -42 
-20  -30  -16 
-32  -22  62 
30  32  30 
12  6  -8 
-26  -16  -30 
-52  -48  20 
2  46  32 
44  30  24 
-12  -58  -4 
-44  -34  12 
-12  -36  14 
-20  14  -16 
12  40  -26 

//Reference=MNI 
//nullstudy_3
//Subjects=9
-14  16  4 
-8  -12  10 

//Reference=MNI 
//nullstudy_4
//Subjects=11
-38  -44  40 
54  16  12 
-34  -64  -54 
-26  -52  16 
-18  16  64 
34  40  -18 
-46  18  -6 
-26  -52  -62 
-30  22  30 
-24  48  -20 
14  34  50 
-44  -46  -52 
-68  -28  -4 
-42  10  48 
-42  -32  -24 
44  8  36 
-30  -8  6 
10  62  6 

//Reference=MNI 
//nullstudy_5
//Subjects=11
-26  -60  6 
54  20  10 
-8  -40  46 
34  20  26 
-28  -34  -22 
-14  -58  -10 
-26  -58  -56 
-46  28  40 
36  10  32 

//Reference=MNI 
//nullstudy_6
//Subjects=9
-46  -40  32 
-22  60  6 
4  10  54 

//Reference=MNI 
//nullstudy_7
//Subjects=10
34  10  -46 
-4  -42  38 
-14  -78  14 
42  28  -18 

//Reference=MNI 
//nullstudy_8
//Subjects=10
-12  -44  8 
50  16  6 
-4  -102  12 
40  40  28 
-20  -32  70 
22  46  -12 

//Reference=MNI 
//nullstudy_9
//Subjects=10
-38  18  28 
-20  10  -38 
32  42  22 
-20  -12  -28 
-54  -64  6 
-26  -28  -16 

//Reference=MNI 
//nullstudy_10
//Subjects=11
34  56  16 
-4  -94  -20 
-22  -30  -10 
24  28  40 
30  34  50 
-62  -38  -6 
-62  -14  38 
0  14  -10 

//Reference=MNI 
//nullstudy_11
//Subjects=11
-42  20  20 
-28  -34  -10 
-20  -96  12 
-26  58  16 
32  52  34 
14  2  20 
-22  -92  32 
-18  -42  -20 
0  68  16 

//Reference=MNI 
//nullstudy_12
//Subjects=10
-26  32  -12 
-40  4  -38 
-46  -80  -8 
-48  6  -44 
-32  -74  -14 
-6  -46  -18 

//Reference=MNI 
//nullstudy_13
//Subjects=11
-20  -104  -10 
14  40  42 
-56  -32  -22 
-36  -44  42 
-30  24  50 
-36  -58  -8 
-8  50  22 
-40  48  2 
-24  -2  70 
0  16  70 
-28  36  -18 

//Reference=MNI 
//nullstudy_14
//Subjects=9
-48  6  28 
-48  -62  -20 
40  42  10 

//Reference=MNI 
//nullstudy_15
//Subjects=11
-62  -42  20 
-8  -90  -6 
0  52  -28 
-18  24  -22 
14  14  -18 
-28  -78  -30 
-64  -20  -16 
0  50  24 
-18  26  8 
-10  -96  18 
56  24  0 

//Reference=MNI 
//nullstudy_16
//Subjects=11
-60  6  26 
-44  -12  -38 
-8  -66  12 
-56  -6  -32 
-20  -18  72 
-4  14  52 
-16  -34  78 
-12  -58  -34 
26  24  58 
-4  -26  74 
20  38  46 
-22  -70  -30 
62  8  -4 
-48  -24  42 
-52  10  2 
34  10  -32 
-60  -4  24 
44  4  46 
-4  42  -28 

//Reference=MNI 
//nullstudy_17
//Subjects=9
36  22  -30 
18  38  46 

//Reference=MNI 
//nullstudy_18
//Subjects=11
4  32  52 
-48  -46  -42 
-10  -52  26 
-48  -72  16 
-30  10  -14 
-4  -52  -18 
-24  -72  42 
-34  -78  -38 
22  28  -14 
38  10  34 

//Reference=MNI 
//nullstudy_19
//Subjects=12
-10  8  48 
-28  18  -14 
20  50  14 
-16  -70  28 
10  44  34 
-50  24  18 
-26  -96  -22 
-12  -56  -18 
-10  38  -8 
-10  -50  -32 
48  26  2 
58  16  -12 
-12  -48  34 
-22  -72  -2 
22  16  -44 
-28  -18  -20 
-36  52  -6 
14  32  -22 
-10  -34  -30 
32  28  -4 
-6  -66  -36 
-12  32  -14 
-32  10  -10 
36  6  -38 

//Reference=MNI 
//nullstudy_20
//Subjects=9
-12  -36  -20 
10  64  8 
-48  46  -10 

//Reference=MNI 
//nullstudy_21
//Subjects=9
-24  -74  -36 
-22  -96  22 
-40  16  -22 

//Reference=MNI 
//nullstudy_22
//Subjects=10
-6  -24  6 
-52  4  38 
-8  16  8 
32  30  0 
-54  6  -8 
-24  -74  -26 
-64  -14  -30 
-8  -58  -30 
-50  20  -20 
20  8  -32 
-42  34  -22 
2  2  6 
-14  26  -26 
32  64  0 
-2  38  50 

//Reference=MNI 
//nullstudy_23
//Subjects=12
-12  14  18 
46  18  -16 
32  26  -16 
-28  -50  -36 
62  12  -2 
-32  -96  2 
34  20  38 
-24  38  48 
-6  -56  -26 
-36  0  30 
32  24  40 
56  26  2 
-48  18  28 
-4  -76  -30 

//Reference=MNI 
//nullstudy_24
//Subjects=9
42  6  20 
8  36  28 
-46  46  6 
-36  -54  -38 

//Reference=MNI 
//nullstudy_25
//Subjects=9
54  18  16 
-44  -46  8 

//Reference=MNI 
//nullstudy_26
//Subjects=10
-20  -60  -60 
-42  -80  4 
-10  36  -28 
-34  -36  64 
-2  -30  30 
-34  -54  -40 
-56  -20  12 
58  2  -2 
-4  -8  44 

//Reference=MNI 
//nullstudy_27
//Subjects=9
-10  -6  76 
58  6  16 

//Reference=MNI 
//nullstudy_28
//Subjects=11
-8  -80  50 
-48  -26  -6 
-44  -56  -42 
-32  46  -16 
44  2  -26 
-34  46  -6 
-14  -42  74 
-20  -98  -12 
-14  -34  -30 
-24  -48  4 

//Reference=MNI 
//nullstudy_29
//Subjects=9
12  26  4 
30  44  38 
20  26  -16 

//Reference=MNI 
//nullstudy_30
//Subjects=11
-44  20  -18 
-6  -80  -18 
10  48  36 
-6  14  28 
-18  -30  -30 
44  38  12 
-40  60  -4 

//Reference=MNI 
//nullstudy_31
//Subjects=10
-10  30  36 
-30  10  -28 
-2  40  -32 
-38  -74  -12 
46  22  14 
42  22  -18 
-2  -52  -2 

//Reference=MNI 
//nullstudy_32
//Subjects=11
62  10  8 
-62  -10  10 
-28  -96  6 
6  66  0 
6  24  56 
2  58  -6 
-2  -24  62 
-36  -42  -38 
24  2  -22 
-32  -74  20 
-12  -76  36 

//Reference=MNI 
//nullstudy_33
//Subjects=10
-26  -74  -42 
-12  -20  -30 
-48  -42  6 
-54  -10  -30 
-30  4  -44 

//Reference=MNI 
//nullstudy_34
//Subjects=10
-30  42  32 
-2  -84  -24 
-18  -22  70 
-26  -90  0 
-30  -54  -10 
56  6  32 
-28  -84  -36 
-16  52  28 
-30  -76  -44 
-12  -12  64 
2  42  36 
-22  -12  48 
34  18  62 
-58  -60  -6 
42  24  38 

//Reference=MNI 
//nullstudy_35
//Subjects=9
-16  -90  26 
-4  -70  -28 
-52  12  10 
-38  44  10 

//Reference=MNI 
//nullstudy_36
//Subjects=9
-8  44  20 
34  22  48 

//Reference=MNI 
//nullstudy_37
//Subjects=9
-40  -20  -28 
-56  -10  42 
-42  -6  -32 

//Reference=MNI 
//nullstudy_38
//Subjects=9
-6  16  -14 
24  28  -12 

//Reference=MNI 
//nullstudy_39
//Subjects=11
-16  -84  42 
16  40  10 
64  14  18 
-14  -86  -34 
-52  -64  -28 
-16  -82  -42 
-36  -78  20 
-28  -34  70 
-56  -10  36 
-16  -8  58 
-2  10  2 
-36  -66  -40 
40  38  28 
-68  -14  -18 
16  20  66 
14  38  -18 

//Reference=MNI 
//nullstudy_40
//Subjects=8
-8  -90  10 
50  4  -40 
-18  -96  20 

//Reference=MNI 
//nullstudy_41
//Subjects=10
-2  -58  -2 
30  4  -4 
-34  26  50 
-22  -86  40 

//Reference=MNI 
//nullstudy_42
//Subjects=9
38  30  -24 
-10  48  50 
-32  -10  -50 
-24  4  -18 

//Reference=MNI 
//nullstudy_43
//Subjects=10
8  40  58 
-66  -12  -16 
6  50  26 
40  50  -18 
-50  -8  42 
-20  -84  28 
-64  -10  -22 
-32  -24  -26 
54  30  -2 

//Reference=MNI 
//nullstudy_44
//Subjects=8
0  32  -22 
16  62  22 

//Reference=MNI 
//nullstudy_45
//Subjects=9
-34  46  26 
-26  32  -22 
-30  4  -6 

//Reference=MNI 
//nullstudy_46
//Subjects=10
-36  24  -22 
4  6  -30 
-46  26  -2 
-48  -48  20 

//Reference=MNI 
//nullstudy_47
//Subjects=10
-30  -56  32 
-58  20  14 
-28  48  0 
4  12  66 
-24  -66  34 
42  8  -46 

//Reference=MNI 
//nullstudy_48
//Subjects=9
-20  14  -14 
-10  -58  34 
54  6  20 
-8  -54  -48 

//Reference=MNI 
//nullstudy_49
//Subjects=9
38  14  -22 
-38  -36  -22 
0  10  66 

//Reference=MNI 
//nullstudy_50
//Subjects=9
-12  -50  -56 
-42  10  -8 
28  2  -32 

//Reference=MNI 
//nullstudy_51
//Subjects=10
-20  -80  38 
34  10  -44 
46  18  40 
18  2  -8 
-62  -58  18 

//Reference=MNI 
//nullstudy_52
//Subjects=7
-26  -74  0 
-52  -60  34 

//Reference=MNI 
//nullstudy_53
//Subjects=11
-8  42  14 
10  10  50 
-44  -4  42 
-30  -82  -24 
34  28  -24 
60  10  -4 
-20  -56  -30 
-32  -34  66 
-44  -20  20 
-28  -88  14 
-18  56  -20 
6  34  -6 
-34  -72  -42 
-20  -60  -38 

//Reference=MNI 
//nullstudy_54
//Subjects=9
-50  6  44 
-14  -24  -20 
-46  -62  50 
-52  -60  -14 

//Reference=MNI 
//nullstudy_55
//Subjects=11
-44  4  36 
-42  -44  -22 
-20  12  44 
-48  -52  -32 
-2  -40  -18 
-56  -32  28 
-44  -66  -22 
-14  -86  -14 
-22  -28  -16 
-10  12  70 
-10  40  -2 
-34  -4  64 
-60  -28  12 
-62  -10  -4 

//Reference=MNI 
//nullstudy_56
//Subjects=12
32  4  -20 
-16  -62  30 
22  46  16 
-28  44  -20 
-2  -82  -46 
46  50  -14 
60  10  16 
2  10  34 
-24  56  20 
-50  36  22 
-18  -60  -20 
50  32  22 
-2  46  -14 
-8  6  22 
-26  -18  -24 
-66  -14  0 

//Reference=MNI 
//nullstudy_57
//Subjects=9
-40  -24  54 
-6  -16  -2 
-10  -20  -16 

//Reference=MNI 
//nullstudy_58
//Subjects=11
-62  -6  8 
-36  -74  -48 
-62  -38  18 
34  10  10 
-8  -12  18 
16  40  36 
-52  -58  46 
-52  -44  -36 
32  24  48 
-30  58  26 
-22  20  38 
-18  38  40 
-70  -22  0 
-68  -20  6 
-12  -50  4 
-18  48  30 
-4  -54  -6 
6  42  36 
36  4  -18 

//Reference=MNI 
//nullstudy_59
//Subjects=9
-30  -68  -34 
0  56  38 
-40  -78  26 

//Reference=MNI 
//nullstudy_60
//Subjects=10
-48  -48  46 
-56  -50  -28 
-62  8  10 
26  16  44 

//Reference=MNI 
//nullstudy_61
//Subjects=10
-38  -72  -44 
-6  -52  36 
-16  -102  14 
-2  -104  6 
-38  16  -32 
30  34  -22 
-4  10  4 
10  36  -12 
-18  -68  2 
-34  -58  -20 
-58  -24  28 
-24  52  -10 
-30  -50  -52 
-40  22  -16 
-4  -16  0 

//Reference=MNI 
//nullstudy_62
//Subjects=12
-34  28  -2 
-54  -4  -8 
26  42  34 
-4  64  18 
-10  -68  -2 
-26  -38  -50 
-40  -22  66 
26  24  50 
54  14  40 
-16  -8  74 
-24  -88  16 
-8  -82  -38 
-8  -8  24 
-26  -50  70 
44  14  44 
30  30  56 
-22  56  16 
46  36  -10 
-30  4  -50 
-2  12  30 
20  6  -30 
48  4  26 
-20  -66  16 
2  50  10 
62  6  -2 
-18  -4  -10 
-12  -28  52 
-50  -12  48 
18  10  62 
-40  -40  -28 
-40  -10  -30 
-16  26  50 
-28  -48  -12 

//Reference=MNI 
//nullstudy_63
//Subjects=10
-54  10  44 
-42  -10  50 
48  10  -38 
2  42  50 
28  24  -18 
-54  0  -28 
4  62  10 
28  46  -12 
6  44  -4 

//Reference=MNI 
//nullstudy_64
//Subjects=11
-60  -44  22 
44  22  30 
28  12  56 
8  18  12 
18  10  -16 
0  30  28 
-2  -46  -6 
-28  -32  -22 
-48  -22  20 
-24  32  52 
-34  -14  -16 
-14  -70  8 
-6  26  40 
-10  -64  24 

//Reference=MNI 
//nullstudy_65
//Subjects=11
-26  -38  70 
-50  -80  10 
-22  -62  -26 
-66  -50  18 
-20  -86  12 
-56  -24  -26 
40  14  -36 
8  4  -26 
-12  -58  -62 
-10  58  14 
-38  -60  -60 
-54  -34  24 
34  2  -46 
10  56  24 
38  10  -44 
-6  18  32 
0  22  30 
-26  -50  -20 
-46  -70  -24 
-30  -14  -44 

//Reference=MNI 
//nullstudy_66
//Subjects=9
-16  -80  -16 
-14  40  8 

//Reference=MNI 
//nullstudy_67
//Subjects=10
-30  -42  -22 
-36  -58  42 
28  34  26 
44  52  2 

//Reference=MNI 
//nullstudy_68
//Subjects=11
-4  -30  -14 
52  16  -30 
6  42  4 
26  60  6 
6  50  34 
-40  -52  58 
-28  32  -8 
-36  58  8 
-14  -24  46 
-44  -72  -36 
-10  22  32 
-28  -22  -24 

//Reference=MNI 
//nullstudy_69
//Subjects=11
32  34  46 
-24  -8  60 
24  16  40 
36  58  20 
20  28  -20 
-70  -40  -2 
-40  40  28 
-6  -62  -58 
42  12  4 
-20  4  62 
-46  -56  24 
-24  30  28 
-38  -78  -22 
-40  -42  -50 

//Reference=MNI 
//nullstudy_70
//Subjects=9
-22  32  54 
-40  6  -48 
-4  64  -10 
8  54  12 

//Reference=MNI 
//nullstudy_71
//Subjects=10
-12  -92  0 
54  12  26 
-44  -50  52 
56  6  -2 

//Reference=MNI 
//nullstudy_72
//Subjects=9
-30  8  -46 
26  64  20 
6  18  64 
-4  -52  -20 

//Reference=MNI 
//nullstudy_73
//Subjects=11
10  2  50 
4  44  0 
34  14  -8 
-56  32  -2 
20  54  26 
-4  40  40 
-48  -58  -8 
28  26  -24 
36  2  16 
58  28  12 
-52  -24  -32 

//Reference=MNI 
//nullstudy_74
//Subjects=9
-48  -6  -32 
-26  -54  64 

//Reference=MNI 
//nullstudy_75
//Subjects=9
-12  14  12 
-42  -78  -16 

//Reference=MNI 
//nullstudy_76
//Subjects=10
-48  -62  10 
-18  28  62 
-48  34  6 
10  18  62 
-6  56  -2 

//Reference=MNI 
//nullstudy_77
//Subjects=9
32  24  12 
-10  46  -8 
-66  -34  -4 

//Reference=MNI 
//nullstudy_78
//Subjects=10
28  32  30 
-22  -4  -20 
-10  50  0 
-32  52  -10 
-10  6  54 

//Reference=MNI 
//nullstudy_79
//Subjects=11
-32  -32  42 
-18  -98  22 
10  8  70 
10  54  28 
22  52  42 
42  16  -32 
-38  -54  26 
-36  -42  -18 
-12  2  -38 
-44  -82  -22 
24  52  24 
2  64  8 

//Reference=MNI 
//nullstudy_80
//Subjects=9
20  60  30 
-16  -98  26 

//Reference=MNI 
//nullstudy_81
//Subjects=11
-24  -74  -52 
-42  -66  -18 

//Reference=MNI 
//nullstudy_82
//Subjects=11
-48  -2  -2 
-62  -52  28 
56  32  6 
-30  -6  66 
-26  6  -4 
36  10  -42 
-36  42  30 
52  34  26 
24  8  -18 
-36  -44  -36 
-20  -84  4 
-12  -44  -2 
10  10  32 
6  10  2 
-30  -96  0 
-36  24  22 
40  26  12 
10  12  68 
-58  -10  14 
-28  -4  66 
38  42  20 
48  38  14 
-62  -60  4 

//Reference=MNI 
//nullstudy_83
//Subjects=10
-6  44  -26 
-38  -44  60 
-32  -60  46 
36  8  58 
-30  2  10 
-46  36  -4 
-2  44  -14 
48  2  -42 
-36  -40  70 

//Reference=MNI 
//nullstudy_84
//Subjects=11
-60  -14  44 
-38  18  -32 
-32  -82  26 
-46  -60  44 
30  26  -6 
18  50  -12 
-42  -72  -46 
-56  -32  46 
-52  24  -10 
42  14  -42 
-22  -16  -12 
-28  28  -4 
-34  -56  56 

//Reference=MNI 
//nullstudy_85
//Subjects=11
-56  18  -8 
-42  -8  -6 
-22  -62  0 
-2  16  50 
42  20  -36 

//Reference=MNI 
//nullstudy_86
//Subjects=10
4  34  16 
-12  50  38 
-18  -18  60 
-54  6  20 
-44  -50  32 
-42  -42  52 
-12  -38  40 
-36  -50  46 
-26  -60  -44 
-40  38  -12 
-28  -84  -12 

//Reference=MNI 
//nullstudy_87
//Subjects=9
-6  -28  28 
58  6  34 
-28  -34  -8 
-8  -50  66 
-12  -24  0 
-34  64  2 
-54  2  -2 

//Reference=MNI 
//nullstudy_88
//Subjects=11
-8  -48  -50 
58  4  4 
-32  -38  0 
-46  -38  -2 
-18  -44  58 
-12  -16  44 
-26  -62  -48 
-46  8  -18 

//Reference=MNI 
//nullstudy_89
//Subjects=10
-24  -14  76 
-18  -60  0 
52  42  6 

//Reference=MNI 
//nullstudy_90
//Subjects=9
-8  70  8 
-30  16  46 
-14  4  -18 
-34  18  40 
-34  44  34 
-44  -18  46 
-36  -52  -10 
20  28  48 
-30  64  8 
-46  -28  -8 
-20  -88  -28 
-10  -54  -38 
-32  -26  10 
-28  -58  -20 
-36  -92  16 
-4  64  12 
-22  -64  -32 
-10  -100  22 
40  2  -40 
-20  -42  74 
62  2  36 
-58  16  24 
40  32  18 
-14  -34  60 
-48  -38  -22 
-34  -44  54 
-14  10  6 
44  48  16 
0  34  -24 
-30  -66  -48 
34  26  40 
-12  -96  -24 
-10  30  64 
-14  -90  14 
14  24  64 
-40  -6  -36 
-68  -26  4 
-36  2  34 

//Reference=MNI 
//nullstudy_91
//Subjects=10
4  42  26 
-52  -8  38 
-18  -94  16 
46  28  32 
-4  -10  64 
-52  -66  6 

//Reference=MNI 
//nullstudy_92
//Subjects=8
-20  -32  -28 
-44  34  0 

//Reference=MNI 
//nullstudy_93
//Subjects=9
-46  20  46 
-4  -34  2 
-32  -32  66 
-10  -70  -38 
-34  50  34 
-2  40  -16 
46  6  56 
10  50  0 
14  20  -24 
-54  -6  20 
-16  -64  -8 
36  52  32 
-40  -22  68 

//Reference=MNI 
//nullstudy_94
//Subjects=7
-54  -18  52 
-36  4  16 

//Reference=MNI 
//nullstudy_95
//Subjects=12
4  26  -6 
-8  -46  34 
-34  -80  2 

//Reference=MNI 
//nullstudy_96
//Subjects=10
-4  -36  -18 
-40  40  30 

//Reference=MNI 
//nullstudy_97
//Subjects=9
24  46  22 
-60  -16  14 
-38  12  14 
44  38  -4 
-24  -36  -48 
-50  -54  -40 
32  12  -4 
-4  -22  48 
-26  50  10 
-54  -22  48 
-8  -12  24 
-6  42  30 
16  46  -24 
-62  -8  -16 
26  6  58 

//Reference=MNI 
//nullstudy_98
//Subjects=10
-28  38  -10 
-46  -44  38 
-46  -52  56 

//Reference=MNI 
//nullstudy_99
//Subjects=9
-4  -62  54 
-50  -12  36 

//Reference=MNI 
//nullstudy_100
//Subjects=10
-34  -22  60 
-8  26  28 
-50  32  -4 
-18  22  -14 

