//Reference=MNI 
//truestudy_1
//Subjects=9
45  -65  -4 
45  -66  -6 
45  -65  -8 

//Reference=MNI 
//truestudy_2
//Subjects=10
46  -67  -6 
47  -68  -8 
46  -67  -9 
45  -65  -5 
44  -65  -6 
45  -65  -6 
44  -65  -7 

//Reference=MNI 
//truestudy_3
//Subjects=9
46  -66  -6 
46  -65  -7 
45  -67  -6 

//Reference=MNI 
//nullstudy_1
//Subjects=9
-8  -50  -12 
-30  -58  -52 
-60  -30  -20 

//Reference=MNI 
//nullstudy_2
//Subjects=10
-4  -58  14 
-8  6  22 
12  10  6 
-8  48  -6 
-18  -34  -22 
8  52  -16 
-42  -80  -32 

//Reference=MNI 
//nullstudy_3
//Subjects=9
-8  -8  -4 
-16  10  18 
-12  -14  -12 

//Reference=MNI 
//nullstudy_4
//Subjects=8
-22  60  -12 
4  56  -2 

//Reference=MNI 
//nullstudy_5
//Subjects=11
-68  -22  -6 
-48  -72  -8 
10  48  42 
22  50  -4 
-60  -4  8 
-66  -34  2 
-54  -14  6 

//Reference=MNI 
//nullstudy_6
//Subjects=9
-20  0  4 
-18  -86  10 
-28  14  62 

//Reference=MNI 
//nullstudy_7
//Subjects=10
-38  -80  -22 
-40  -24  18 
-40  -42  64 
20  64  0 
-34  48  22 

//Reference=MNI 
//nullstudy_8
//Subjects=10
-54  -42  20 
-12  -50  76 

//Reference=MNI 
//nullstudy_9
//Subjects=10
22  48  10 
-26  -24  -8 
-62  -2  12 
-22  -34  -20 

//Reference=MNI 
//nullstudy_10
//Subjects=9
54  14  -34 
-8  50  12 
-54  0  14 

//Reference=MNI 
//nullstudy_11
//Subjects=10
26  64  -4 
-16  -94  30 
30  52  14 
-8  -20  20 
-26  -48  -24 
-8  10  -18 
54  8  48 
-12  64  -16 
6  36  60 
-16  0  -14 
50  2  -6 
-38  -24  -16 

//Reference=MNI 
//nullstudy_12
//Subjects=10
-10  -56  32 
34  40  30 
4  16  58 

//Reference=MNI 
//nullstudy_13
//Subjects=10
-20  -60  32 
22  16  -18 
18  62  -4 
12  8  68 

//Reference=MNI 
//nullstudy_14
//Subjects=9
-40  -46  -48 
-4  28  14 

//Reference=MNI 
//nullstudy_15
//Subjects=10
-40  -34  52 
6  28  52 
-40  -70  -32 
34  6  64 
26  24  -6 
-6  -32  46 
28  12  -48 

//Reference=MNI 
//nullstudy_16
//Subjects=11
30  34  32 
8  34  24 
42  2  4 
6  28  28 
-22  -72  6 
-2  50  30 
-8  -88  32 
24  24  -18 
-6  -82  -38 

//Reference=MNI 
//nullstudy_17
//Subjects=11
-36  30  4 
48  48  -8 
-4  -76  44 
-24  -72  -16 
-38  -74  -2 
-6  -78  -40 
-18  0  26 
-62  -52  26 
-4  2  42 
-32  6  -10 
-18  -44  46 
-4  50  40 
62  16  14 
-4  -50  34 
-14  -44  -22 
-22  48  18 
-8  -38  68 
46  16  -40 
34  22  54 
-60  4  0 
-34  -6  -44 
-52  -56  24 
8  12  28 

//Reference=MNI 
//nullstudy_18
//Subjects=11
-14  36  48 
40  52  -12 
4  42  -8 
-56  20  26 
-32  44  14 
-12  -70  -14 
-44  -22  48 
-56  10  -10 
42  2  58 
52  24  30 
-42  -56  -20 

//Reference=MNI 
//nullstudy_19
//Subjects=9
50  14  -32 
-8  -58  -12 
-16  -72  44 

//Reference=MNI 
//nullstudy_20
//Subjects=12
34  6  -40 
-4  -34  60 
-28  26  8 
-14  -38  -34 
-14  -82  46 
-4  -72  50 
4  68  20 
-4  -30  -6 
18  20  14 
-36  -60  -34 
-56  -50  30 
-12  -78  -22 
-16  -64  -32 
8  22  58 
-42  40  22 
-20  -30  -34 
-44  8  0 
-36  -96  -8 
-42  -14  -8 
18  34  40 
-16  -72  60 
24  64  16 
30  40  22 
48  2  24 
-6  44  -14 
-42  -60  46 
48  22  28 
-42  -20  34 
16  22  4 
-44  -56  44 
-20  -78  12 
18  8  52 
-40  24  -14 
-18  -80  -20 
-32  -10  64 
-34  -32  -12 
-36  -32  48 
-10  16  48 
-40  -58  -36 
-24  -98  -14 
44  18  -40 
-24  -42  72 

//Reference=MNI 
//nullstudy_21
//Subjects=8
-48  10  -16 
-4  44  42 

//Reference=MNI 
//nullstudy_22
//Subjects=10
4  38  44 
8  8  72 
-28  56  8 
-26  -60  4 
-8  68  14 

//Reference=MNI 
//nullstudy_23
//Subjects=8
-2  2  28 
-52  -10  -42 

//Reference=MNI 
//nullstudy_24
//Subjects=9
-2  -40  22 
-32  64  6 

//Reference=MNI 
//nullstudy_25
//Subjects=11
-42  16  20 
2  40  8 
-66  -34  -20 
-40  2  -40 
-44  -8  50 
0  32  36 
-30  8  64 
50  46  -6 
-4  18  -16 

//Reference=MNI 
//nullstudy_26
//Subjects=9
28  60  24 
-8  6  4 

//Reference=MNI 
//nullstudy_27
//Subjects=9
-4  40  34 
-10  26  30 
12  62  2 

//Reference=MNI 
//nullstudy_28
//Subjects=10
-54  12  -26 
-50  -34  12 
-50  -26  -12 
-52  -26  4 
-28  -46  -58 
26  28  54 
22  42  34 

//Reference=MNI 
//nullstudy_29
//Subjects=12
18  48  38 
-8  -62  62 
2  38  -34 
-56  6  -20 
-54  10  -28 
-44  -32  -26 
-14  -98  -6 
-28  -100  -6 
8  66  18 
40  12  42 
6  32  50 
-26  -58  -24 
-8  18  -28 
-2  42  -26 
-46  -64  -38 
38  10  -30 
-44  -58  -58 
0  24  24 
34  10  -6 
-46  -38  -30 
-36  -2  52 
-62  4  2 
-38  -84  22 
-44  0  44 
-14  -52  62 

//Reference=MNI 
//nullstudy_30
//Subjects=13
-2  -86  -22 
-6  -16  36 
-6  14  -10 
-8  50  20 
-32  -2  0 
-2  -94  28 
-10  -44  36 
-40  4  -46 
-4  -84  -46 
26  58  18 
4  10  56 
-24  48  -2 
-8  -20  58 
-38  -56  -48 
-54  -34  24 
8  44  22 
46  50  2 
-50  -56  6 

//Reference=MNI 
//nullstudy_31
//Subjects=10
-26  -60  56 
-62  -36  48 
-48  22  24 
-20  -12  62 
-46  8  54 
-12  58  4 

//Reference=MNI 
//nullstudy_32
//Subjects=11
42  38  28 
-10  -24  -44 
-40  0  28 
-66  -30  0 
-4  -46  -18 
-66  -32  -20 
-38  -4  34 
-22  -88  -14 
-48  -20  -14 
10  32  62 
-50  32  -12 
-38  58  -6 
-44  -18  58 
-22  14  -6 
34  22  8 
-14  -66  -20 
-12  16  16 

//Reference=MNI 
//nullstudy_33
//Subjects=10
-24  -8  4 
-12  44  46 
28  12  -22 
-50  -50  36 

//Reference=MNI 
//nullstudy_34
//Subjects=10
-10  52  8 
-40  -36  66 
-12  -94  -14 
-20  42  34 
32  12  26 
8  14  30 
-68  -32  18 

//Reference=MNI 
//nullstudy_35
//Subjects=10
-4  -32  -56 
30  20  -28 
-12  12  60 
-40  -70  -6 
-12  38  48 
2  64  6 
-22  -70  -36 
-52  -56  -42 

//Reference=MNI 
//nullstudy_36
//Subjects=10
52  10  14 
-24  34  54 
-8  52  -6 
-54  -68  32 
-4  -48  -12 

//Reference=MNI 
//nullstudy_37
//Subjects=11
-4  -68  -8 
-8  40  10 
-26  -20  56 
34  32  50 
-2  18  2 
-30  -56  68 
38  36  14 
-18  12  -14 
-38  -54  34 
-8  6  -4 

//Reference=MNI 
//nullstudy_38
//Subjects=10
-12  -82  30 
-14  -4  -4 
-34  -54  -48 
44  16  26 

//Reference=MNI 
//nullstudy_39
//Subjects=10
26  38  52 
-12  10  58 
-66  -6  -6 
-22  60  16 
-48  -36  28 
-30  40  44 

//Reference=MNI 
//nullstudy_40
//Subjects=11
-42  -12  30 
-28  28  44 
-58  -46  16 
-14  50  32 
24  36  44 
46  30  -16 
-44  -62  0 
40  24  -34 
-16  -84  -48 
22  68  -10 
-68  -24  -14 
-52  -10  -34 
-32  -50  -8 
-6  -36  -60 

//Reference=MNI 
//nullstudy_41
//Subjects=11
32  26  40 
-20  -84  28 
38  28  -16 
-36  -56  -20 
40  20  14 
-44  -62  22 
-46  -22  0 
-8  -74  4 
-60  -62  -12 
-6  66  -4 

//Reference=MNI 
//nullstudy_42
//Subjects=10
-34  -68  36 
-38  -72  -12 
-8  4  -8 
-6  10  26 

//Reference=MNI 
//nullstudy_43
//Subjects=10
-38  2  32 
-40  -16  56 
-62  -32  -20 
18  56  -2 
42  32  16 

//Reference=MNI 
//nullstudy_44
//Subjects=11
-58  -46  38 
-38  -24  -18 
-60  8  -6 
-42  24  32 
-28  -72  54 
28  2  -4 
22  44  44 
-16  30  6 
32  20  -32 
48  8  -32 
6  46  2 
-50  26  -12 

//Reference=MNI 
//nullstudy_45
//Subjects=10
0  20  -24 
-10  -96  6 
-8  -86  20 
-20  -78  -20 
18  64  20 
-6  52  -12 
-52  40  2 
-4  -52  -46 
-38  -20  -30 
0  26  64 
-4  -36  -48 
-26  30  46 
-2  26  42 
-40  -14  -10 

//Reference=MNI 
//nullstudy_46
//Subjects=10
-48  -20  0 
-54  12  6 
-38  16  36 
-50  38  12 
-20  40  46 
-48  -20  16 
0  22  -2 

//Reference=MNI 
//nullstudy_47
//Subjects=9
-6  40  22 
-54  16  32 

//Reference=MNI 
//nullstudy_48
//Subjects=9
-26  -36  6 
-36  -32  -8 
-34  -68  34 

//Reference=MNI 
//nullstudy_49
//Subjects=11
6  12  26 
-18  -86  -12 
40  20  -32 
-38  48  0 
-18  -74  34 
-8  -36  34 
-46  -74  -32 
-32  24  -34 
-10  -32  2 
-34  -78  -38 
-8  -34  34 
-20  -68  -18 
-38  -16  -40 
-40  54  2 
6  34  40 
-16  -12  -28 
-36  28  -8 
-40  -4  18 
-46  -78  -6 
-20  56  -4 
16  50  36 

//Reference=MNI 
//nullstudy_50
//Subjects=10
-16  -68  -48 
-14  38  44 
-46  -50  32 
-64  -28  8 
-10  -76  -26 
-20  -50  56 

//Reference=MNI 
//nullstudy_51
//Subjects=11
18  10  -10 
54  10  -6 
-40  -78  -18 
-14  -50  38 
-2  -20  -28 
-12  -20  40 
-54  -30  4 
-36  18  14 
10  20  -12 
26  42  26 
-50  -56  -2 
38  56  12 
-66  -52  12 
40  16  50 
-54  -6  -40 
14  56  20 
-28  22  12 
-2  -38  60 
-28  -82  30 
-46  14  34 
-20  -14  -16 
-18  26  -18 
-8  -86  2 
-8  -66  -24 
-38  -2  6 
-22  -82  -8 
8  52  8 
32  14  -30 
-50  18  44 
-14  -80  14 
-40  -66  -42 
26  20  -8 
56  26  10 
-14  -90  -26 
-36  -94  4 
-26  -60  34 
28  30  40 
-34  -90  26 
-10  18  68 
-22  -24  -24 
58  4  44 
22  26  -14 
-44  -24  4 

//Reference=MNI 
//nullstudy_52
//Subjects=11
-20  -14  -22 
-60  -24  -8 
-10  -70  -46 
-38  -54  -36 
-4  48  -14 
-42  34  16 
-8  60  -18 
38  48  -12 
-30  -64  -4 
-48  -22  62 
-46  18  -2 
-62  -10  10 
-20  -30  74 
-2  -64  -2 
-54  -66  -32 
8  18  70 
-14  -40  56 

//Reference=MNI 
//nullstudy_53
//Subjects=10
-62  -56  -2 
48  44  4 
-16  -48  0 
10  30  28 
14  68  18 
-50  -16  28 

//Reference=MNI 
//nullstudy_54
//Subjects=10
-54  -52  -46 
-8  2  4 
-36  50  22 
36  40  24 
-40  -68  38 
-56  -54  4 
44  14  24 

//Reference=MNI 
//nullstudy_55
//Subjects=10
-2  -20  -12 
-48  2  24 
-40  32  24 
-48  -10  42 

//Reference=MNI 
//nullstudy_56
//Subjects=9
-58  -24  28 
-38  -50  -14 

//Reference=MNI 
//nullstudy_57
//Subjects=8
-22  -84  -52 
26  18  -16 

//Reference=MNI 
//nullstudy_58
//Subjects=9
24  22  52 
-26  -56  60 

//Reference=MNI 
//nullstudy_59
//Subjects=9
-4  -28  44 
26  42  -8 
-30  -70  56 

//Reference=MNI 
//nullstudy_60
//Subjects=10
-26  32  -16 
-46  -4  50 
32  22  32 
-36  -78  -34 
40  28  20 

//Reference=MNI 
//nullstudy_61
//Subjects=10
-26  -4  -24 
4  38  -14 
10  28  48 
-52  -56  8 
-12  -46  42 

//Reference=MNI 
//nullstudy_62
//Subjects=9
-8  -76  46 
-16  -46  40 
0  66  20 

//Reference=MNI 
//nullstudy_63
//Subjects=11
-22  -94  30 
-40  -58  60 
16  48  34 
-50  36  6 
-20  -62  -38 
-12  40  -4 
-2  54  18 
-4  14  50 
-8  -38  48 
-54  32  0 
-42  22  -22 
12  44  24 
-22  -36  -28 
6  30  36 

//Reference=MNI 
//nullstudy_64
//Subjects=11
-44  -18  -10 
-42  -44  16 
-4  -10  22 
-44  24  2 
4  8  38 
-48  -26  2 
-20  -78  44 
42  36  -22 
48  18  -18 
-12  -24  4 

//Reference=MNI 
//nullstudy_65
//Subjects=8
-4  -34  8 
-40  -78  -10 
-46  -26  -28 

//Reference=MNI 
//nullstudy_66
//Subjects=9
-30  -30  -10 
42  42  -12 
36  26  -2 

//Reference=MNI 
//nullstudy_67
//Subjects=10
-14  -50  -10 
38  48  -6 
-36  -56  18 
-46  28  12 
-58  -16  -36 
44  28  48 

//Reference=MNI 
//nullstudy_68
//Subjects=12
-26  -72  2 
-8  -6  4 
-20  44  30 
-14  -74  8 
10  46  44 
-54  14  -12 
-28  -64  10 
-14  6  -4 
-24  -64  -4 
-40  -34  16 
-30  -12  62 
-28  16  -32 
-8  8  32 
8  2  10 
-46  -72  -26 
-2  -20  46 
0  12  12 
20  48  -20 
-62  10  20 
-14  44  20 
-22  46  -22 
50  22  46 
56  18  20 
34  24  -24 
20  16  8 
-28  -38  -50 
30  40  20 

//Reference=MNI 
//nullstudy_69
//Subjects=12
12  62  20 
-52  -12  8 
-32  -30  -18 
-32  16  -32 
36  20  -28 
8  36  -8 
-30  24  30 
-46  -64  46 
-18  -38  58 
50  48  -10 
-50  10  -22 
-4  -48  0 
38  26  24 
56  2  30 
-64  -34  22 
-38  -80  38 
-22  -60  -34 
-28  -56  62 
-10  -42  6 
-18  -80  -4 
-44  -50  58 
-28  -34  56 
-60  -18  -12 
-28  52  -18 
18  12  58 
-40  32  -4 
-12  -22  50 
22  64  20 
-38  -36  -22 
-40  28  40 
-52  12  22 
-26  58  14 
-28  -52  -14 

//Reference=MNI 
//nullstudy_70
//Subjects=11
-46  6  28 
50  10  2 
-50  -20  46 
26  2  66 
-30  -6  -28 
-4  -42  78 
4  8  -22 
-56  -34  -8 
-18  18  6 
-54  28  -8 
-36  -92  10 

//Reference=MNI 
//nullstudy_71
//Subjects=8
-30  -68  -18 
-62  -60  20 

//Reference=MNI 
//nullstudy_72
//Subjects=8
-44  -50  -16 
4  26  54 

//Reference=MNI 
//nullstudy_73
//Subjects=11
-44  18  -18 
32  34  20 
-24  -74  -34 
-28  -14  -22 
-10  -22  4 
-52  -54  -40 
-56  -30  -26 
-38  -84  -20 
18  12  62 
-22  -44  -54 
-50  26  24 

//Reference=MNI 
//nullstudy_74
//Subjects=12
18  68  6 
-26  8  -22 
32  44  -10 
-14  52  -6 
-64  -2  28 
-14  -70  -26 
-34  22  42 
-10  -92  -22 
-20  4  46 
-50  -72  -12 
34  60  -6 
-18  -50  -14 
-28  40  46 
-18  -70  60 
-30  20  4 
40  26  -16 
-16  -96  10 
-10  10  -6 
-52  42  6 
-16  -4  20 
-24  -8  70 
52  4  8 
-38  -36  10 
-52  -6  -4 
-36  -24  -24 
-10  -104  4 
-62  -30  28 
8  14  2 
-6  -64  -30 
-62  -26  -28 
-36  -62  -26 
-8  -90  20 
-10  -94  18 
-32  -76  34 
-50  -24  10 
-56  -38  -18 
10  66  10 
-46  -32  -4 
-62  -34  6 
-56  -64  4 
-42  28  30 
-42  10  -40 
6  60  -24 
-10  52  -20 
38  22  44 
18  68  8 
-28  -46  62 
-40  -18  -30 
44  52  20 
-26  -46  54 
-52  -56  -10 
-42  -64  4 
-2  -24  78 
6  12  60 
-42  -8  34 
-46  -38  4 

//Reference=MNI 
//nullstudy_75
//Subjects=11
-54  -4  -14 
-46  14  -34 
12  4  46 
-2  -42  70 
-14  40  -22 
-36  -44  -10 
44  8  -26 
-10  66  20 
44  20  38 
-2  0  -32 
10  22  4 
-16  -8  -20 
-16  60  6 
-44  -78  -4 
36  28  46 
-30  -30  -32 
-32  -44  -58 
-68  -30  2 
-46  16  0 
-10  -6  20 
-20  -44  66 
-14  26  58 
4  10  -24 

//Reference=MNI 
//nullstudy_76
//Subjects=10
-18  -72  44 
-22  -94  -28 
-20  -62  58 
-38  -2  -16 
-4  -4  16 
8  28  46 
2  2  -26 
6  36  -2 
-2  -52  -14 
-6  -64  66 
14  12  6 
-56  -8  -22 
-56  -8  14 
-38  -6  -12 

//Reference=MNI 
//nullstudy_77
//Subjects=8
-34  -14  56 
10  60  32 

//Reference=MNI 
//nullstudy_78
//Subjects=12
-30  26  -24 
16  10  10 
36  64  -6 
46  24  -30 
-34  -60  18 
-48  -20  24 
-30  -62  -62 
2  56  14 
-40  -12  8 
-6  -58  62 
46  50  20 
-22  22  40 
-50  -4  -38 
-18  -54  62 
-48  -32  42 
-2  0  14 
60  10  6 

//Reference=MNI 
//nullstudy_79
//Subjects=11
6  46  12 
-22  60  -16 
26  10  -40 
-8  40  52 
-40  -54  42 
-60  -30  24 
-44  -68  18 

//Reference=MNI 
//nullstudy_80
//Subjects=11
-36  -26  0 
-12  -32  -38 
30  60  -14 
-24  -82  -30 
-8  -96  -8 
-44  -6  38 
12  46  52 
12  50  2 
-20  50  12 
-34  -72  -2 
-32  0  -12 

//Reference=MNI 
//nullstudy_81
//Subjects=9
-56  24  0 
-24  -14  72 
-30  28  6 

//Reference=MNI 
//nullstudy_82
//Subjects=10
2  62  -22 
-32  62  -12 
-26  -58  -50 
-24  -42  64 
-26  -56  60 
2  16  -10 
-40  50  2 
-60  4  10 

//Reference=MNI 
//nullstudy_83
//Subjects=10
36  42  -20 
-2  -94  -20 
-56  -26  46 
-30  12  16 
-46  -20  60 

//Reference=MNI 
//nullstudy_84
//Subjects=9
-34  -2  -14 
-36  -52  58 

//Reference=MNI 
//nullstudy_85
//Subjects=10
-4  -30  4 
-28  -48  46 

//Reference=MNI 
//nullstudy_86
//Subjects=10
-34  -20  58 
-8  -96  26 
-12  -38  52 
-40  -68  -10 

//Reference=MNI 
//nullstudy_87
//Subjects=11
-8  -104  -8 
-56  -30  8 
-54  -10  -32 
24  42  -12 
36  6  -6 
12  10  50 
24  22  -20 
-44  -76  -24 
10  2  -28 
8  16  46 
-12  48  30 
-12  -90  -10 

//Reference=MNI 
//nullstudy_88
//Subjects=10
-52  -60  24 
16  16  -24 
-22  2  -38 
-32  -40  -6 
-50  -16  -40 
-38  -48  40 

//Reference=MNI 
//nullstudy_89
//Subjects=12
-50  -26  -16 
-36  22  -18 
-28  -42  -2 
-38  -16  -22 
-18  -14  -34 
36  6  30 
-36  50  -8 
42  60  -6 
-32  -18  -26 
-36  30  -22 
-36  28  38 

//Reference=MNI 
//nullstudy_90
//Subjects=9
-42  -80  0 
4  32  -10 
-16  36  -20 

//Reference=MNI 
//nullstudy_91
//Subjects=11
-22  -80  10 
-62  -64  0 
-64  -32  32 
-40  -78  -44 
-4  34  34 
-30  28  38 
-60  -36  32 
-8  26  34 

//Reference=MNI 
//nullstudy_92
//Subjects=10
-26  -82  46 
-22  -58  -2 
-42  32  -6 
-10  68  12 
-28  -10  2 
-52  -10  -36 
-6  -82  -18 
12  4  62 

//Reference=MNI 
//nullstudy_93
//Subjects=12
10  26  -14 
-20  -46  -6 
-30  44  -20 
-28  -44  -48 
-26  -20  -16 
54  22  -6 
-26  64  16 
-28  -56  -14 
40  8  38 
-20  46  46 
-30  -12  50 
-52  -58  6 
-2  34  -22 
-52  -42  12 
-14  -54  14 
16  40  -20 
-50  -68  18 
44  24  -16 

//Reference=MNI 
//nullstudy_94
//Subjects=10
14  44  54 
-32  -52  -32 
-32  32  -18 
28  66  10 
-16  -90  -12 

//Reference=MNI 
//nullstudy_95
//Subjects=9
-18  18  -28 
-36  -40  -16 
-48  -72  42 

//Reference=MNI 
//nullstudy_96
//Subjects=9
-56  10  10 
-20  -4  52 

//Reference=MNI 
//nullstudy_97
//Subjects=11
36  36  36 
-44  -8  6 
-8  -46  12 
-46  -50  -48 
-12  -90  -18 
26  16  0 
-60  -24  14 
-6  28  44 

//Reference=MNI 
//nullstudy_98
//Subjects=9
2  8  72 
20  42  -12 
-34  -56  42 

//Reference=MNI 
//nullstudy_99
//Subjects=10
-22  -26  76 
10  46  -26 
32  32  -4 
22  2  50 

//Reference=MNI 
//nullstudy_100
//Subjects=9
-14  22  16 
-18  -60  -46 

