//Reference=MNI 
//truestudy_1
//Subjects=10
45  -66  -6 
44  -66  -7 
46  -68  -6 
45  -66  -6 

//Reference=MNI 
//truestudy_2
//Subjects=10
47  -67  -5 
47  -66  -7 
44  -66  -6 
44  -67  -5 
49  -67  -6 

//Reference=MNI 
//truestudy_3
//Subjects=10
47  -65  -5 
46  -65  -6 
45  -65  -6 
45  -66  -7 
43  -65  -6 
45  -63  -7 
45  -65  -6 
46  -66  -4 
48  -67  -5 

//Reference=MNI 
//nullstudy_1
//Subjects=10
-20  10  -32 
-56  -66  -26 
-26  60  20 
-20  4  -30 

//Reference=MNI 
//nullstudy_2
//Subjects=10
-6  -74  26 
-28  -32  64 
28  8  -20 
-36  -4  -40 
-30  -24  74 

//Reference=MNI 
//nullstudy_3
//Subjects=10
-26  -96  18 
-38  36  4 
-28  36  -8 
-32  -44  -18 
-50  -54  -46 
-12  -72  -12 
-24  0  -12 
58  18  4 
-18  -24  68 

//Reference=MNI 
//nullstudy_4
//Subjects=8
2  10  26 
-2  -28  64 
2  64  12 

//Reference=MNI 
//nullstudy_5
//Subjects=9
16  22  2 
-4  -50  -10 
-38  12  56 

//Reference=MNI 
//nullstudy_6
//Subjects=9
-36  -38  68 
48  24  16 
-4  -40  64 

//Reference=MNI 
//nullstudy_7
//Subjects=10
-18  -68  8 
0  16  58 
-16  18  -16 
-32  -24  72 
-40  -20  68 
-24  -82  -12 

//Reference=MNI 
//nullstudy_8
//Subjects=8
54  18  -22 
-68  -30  -10 

//Reference=MNI 
//nullstudy_9
//Subjects=9
-40  2  -36 
-26  26  2 
-38  -58  -36 

//Reference=MNI 
//nullstudy_10
//Subjects=12
42  2  -34 
-32  -76  40 

//Reference=MNI 
//nullstudy_11
//Subjects=11
30  4  2 
-36  60  2 
-34  -48  -60 
30  14  -10 
-4  58  12 
-2  -64  0 
-14  -6  62 
-48  -14  32 
42  14  48 
30  48  -4 
-8  -70  -54 
-6  -76  34 
32  48  0 
-62  4  18 

//Reference=MNI 
//nullstudy_12
//Subjects=10
-6  42  24 
-24  -38  74 
20  20  -26 
-8  4  72 
-24  -28  60 
-18  0  24 
-42  -60  -26 
-8  0  64 
-2  64  8 
-58  -16  30 
12  4  38 
-44  -56  -14 
-14  60  -12 
-52  -28  10 
-36  24  8 
-8  32  -6 
-16  -40  68 
-58  4  -32 
8  24  -16 

//Reference=MNI 
//nullstudy_13
//Subjects=10
50  8  -12 
-50  -42  -12 
50  12  6 
-50  -40  2 
-32  42  28 
-42  4  -26 
-52  -34  28 
-12  -62  -10 
-56  -70  -2 
26  32  40 

//Reference=MNI 
//nullstudy_14
//Subjects=12
-44  -64  -22 
-52  -8  32 
-18  -46  -62 
-24  -62  34 

//Reference=MNI 
//nullstudy_15
//Subjects=12
-42  -62  -28 
-4  14  -18 
-6  -26  -32 
-42  18  24 
-16  -48  -58 
-20  -30  8 
-18  46  40 

//Reference=MNI 
//nullstudy_16
//Subjects=11
-50  10  -16 
-62  -2  34 
22  6  68 
-68  -48  -8 
-40  -32  22 
-28  -82  -42 
-10  10  0 
14  32  62 
-42  14  20 
-28  0  46 
-4  -58  66 
-32  -20  54 
-32  -86  2 
-66  -10  -10 
-68  -46  14 
-14  -60  16 
-18  18  58 
-6  -90  -4 
-34  -82  -16 
34  6  6 
-40  -56  -10 
-40  -56  -8 
-2  -6  28 
-32  -62  -46 
42  14  -22 
-34  -22  -10 
-30  -10  -32 
-10  32  34 
-4  -20  -12 
-2  -76  30 
-14  4  -20 
-34  -54  -10 
-36  26  2 

//Reference=MNI 
//nullstudy_17
//Subjects=12
-50  16  -14 
38  8  -40 
6  44  10 
-18  -8  26 
-12  -34  80 
-46  0  20 
14  12  70 
-62  -12  36 
-42  34  30 
-10  -24  76 
-36  14  32 
-30  -70  -36 
-14  -20  46 
-40  -68  18 
-24  -88  -32 
-40  12  34 
30  16  8 
28  2  -28 

//Reference=MNI 
//nullstudy_18
//Subjects=11
54  24  16 
60  20  8 
-32  38  16 
2  22  -24 
-12  16  -22 
-2  -54  52 
36  36  -16 
-8  -12  62 
-10  -88  -30 

//Reference=MNI 
//nullstudy_19
//Subjects=10
-22  -56  62 
-2  -40  70 
-22  -102  4 
-10  -54  46 
-48  -50  40 
4  8  28 
26  24  -22 
6  68  -14 
-50  2  16 
56  10  40 
-50  -18  -8 
12  44  0 
-18  -20  22 
-58  -40  26 
-48  34  12 
24  30  46 

//Reference=MNI 
//nullstudy_20
//Subjects=10
-24  -2  6 
2  12  12 
-2  -56  38 
-12  44  -24 
-6  -80  -8 
34  64  -4 
16  22  -2 
-38  -84  -8 
-14  0  -34 
-20  -68  -36 
8  14  54 
-56  -72  18 
-10  -24  4 

//Reference=MNI 
//nullstudy_21
//Subjects=10
-28  -58  0 
-28  -56  -24 
2  4  -8 
46  10  34 

//Reference=MNI 
//nullstudy_22
//Subjects=10
-8  -64  -24 
-32  -48  60 
-50  8  38 
-20  -56  24 
-24  -90  20 
-30  -8  -50 

//Reference=MNI 
//nullstudy_23
//Subjects=11
-14  12  -6 
36  44  26 
28  16  -40 
-4  -82  48 
-2  -28  48 
-22  -14  -20 
-12  42  18 
22  34  58 

//Reference=MNI 
//nullstudy_24
//Subjects=10
-44  -62  -44 
-52  18  38 
-56  -4  -40 
-32  22  -4 

//Reference=MNI 
//nullstudy_25
//Subjects=10
-6  16  38 
-4  -78  -14 
48  4  12 
-12  68  10 
-2  62  14 
-22  44  18 
-8  -4  74 
-24  -40  60 
-58  -26  -24 
-62  -40  32 
-10  -82  -2 
-66  -22  -10 
-28  -62  -30 

//Reference=MNI 
//nullstudy_26
//Subjects=7
-32  -8  54 
-30  -42  54 
-6  14  -28 
-6  -62  62 
32  30  -10 
-10  -26  80 
32  64  2 
20  58  -14 

//Reference=MNI 
//nullstudy_27
//Subjects=13
-68  -20  -14 
62  10  12 
-18  -62  -10 
-48  -70  -40 
-8  -58  52 
-38  -52  -34 
-40  -8  40 
48  4  50 
-28  -80  46 
-14  -18  0 
44  6  20 
-4  32  56 
-32  52  18 
-30  -60  -48 
-14  -80  -48 
-16  -68  -22 
4  8  54 

//Reference=MNI 
//nullstudy_28
//Subjects=11
-56  -66  22 
-20  12  -16 

//Reference=MNI 
//nullstudy_29
//Subjects=10
-46  2  -34 
-18  8  60 
-16  -32  76 
-32  -82  20 
-14  -70  52 
-54  -58  -34 
32  46  14 
-30  -6  44 
-2  -14  70 

//Reference=MNI 
//nullstudy_30
//Subjects=10
-8  -6  -14 
-24  54  30 

//Reference=MNI 
//nullstudy_31
//Subjects=11
42  12  10 
36  34  48 
-2  -8  6 
-46  -18  56 
-12  -74  20 
-56  -60  10 
-12  -26  70 
-42  18  -36 
-58  -4  -14 
-14  52  -6 
-48  -62  14 
54  20  30 
-62  -14  12 
-8  -96  -10 
-16  -56  20 
-12  12  20 
-6  -90  -36 
-6  10  48 

//Reference=MNI 
//nullstudy_32
//Subjects=10
-8  -54  -10 
52  2  28 
42  12  10 
-40  -66  26 
-8  -62  -28 
8  46  20 
-44  -62  -2 
-54  30  -8 
-20  16  -30 

//Reference=MNI 
//nullstudy_33
//Subjects=10
12  2  50 
-42  4  48 
-24  -46  -52 
0  6  2 

//Reference=MNI 
//nullstudy_34
//Subjects=10
-28  32  24 
38  26  22 
-6  0  74 
10  42  16 
-6  54  -12 
-50  -58  -46 

//Reference=MNI 
//nullstudy_35
//Subjects=10
-10  -24  18 
-36  -16  6 
-42  -24  -28 
-22  -42  -8 
-30  -40  2 
40  16  20 
-50  -2  46 
-14  -56  -30 

//Reference=MNI 
//nullstudy_36
//Subjects=10
-10  -28  -24 
30  38  18 
44  22  -12 
-24  14  -40 

//Reference=MNI 
//nullstudy_37
//Subjects=12
40  48  -8 
-58  -28  -8 
-36  -82  -34 
-10  -64  -58 
26  38  -20 
-38  -32  50 
-14  -64  -48 
10  24  -12 
-48  -72  -16 

//Reference=MNI 
//nullstudy_38
//Subjects=10
34  26  30 
-16  -50  74 
-32  -2  48 
-8  -60  38 
-10  -28  10 
-50  -38  18 
-34  -6  68 
-2  -102  12 
-48  -22  -4 
28  12  -18 
-58  -36  42 
-8  14  -12 
-48  -20  -8 
-26  -30  72 
2  32  52 
44  18  -36 
-20  -14  -32 
42  2  -46 
34  40  -12 
-22  66  -8 

//Reference=MNI 
//nullstudy_39
//Subjects=11
-4  34  26 
-36  48  16 
-44  -32  44 
-50  10  -20 

//Reference=MNI 
//nullstudy_40
//Subjects=9
-46  -52  -56 
-50  -10  -42 
2  36  46 
-4  -48  64 

//Reference=MNI 
//nullstudy_41
//Subjects=11
-4  12  2 
-10  -78  -2 
-16  -32  10 
-20  68  2 
-16  -52  12 
-38  -10  -36 
26  24  40 
-14  48  14 
6  48  18 
4  36  -14 
-32  24  -10 
56  12  26 
-56  20  22 
6  32  42 
-56  -34  -24 
-28  14  66 
-2  -26  2 
-48  4  -38 

//Reference=MNI 
//nullstudy_42
//Subjects=9
2  48  4 
-32  52  -18 
4  6  38 
24  8  -16 
6  4  42 
-46  -58  -20 
-8  -42  -56 
40  34  36 

//Reference=MNI 
//nullstudy_43
//Subjects=11
46  34  -16 
-50  38  -18 
-24  -10  -20 
-24  -94  -20 
-56  -50  38 
56  12  -20 
24  46  -16 
-38  4  60 
-58  -6  -32 
-32  -80  30 
-40  -18  -6 
-12  -34  -8 
-4  -6  2 
8  54  -14 

//Reference=MNI 
//nullstudy_44
//Subjects=11
-54  -2  -8 
-46  -50  -10 
-46  26  44 
-4  -94  8 

//Reference=MNI 
//nullstudy_45
//Subjects=10
28  40  24 
-24  52  14 
-10  12  34 
-12  18  2 
-16  -64  -44 
44  30  14 
-18  -84  40 
40  48  -18 
14  46  6 
-42  26  12 
10  2  -8 
6  66  -14 
-28  -16  -20 
40  44  -14 
-16  -18  14 
-56  12  -26 
-38  -2  -36 
-4  -8  50 
-44  -42  -28 
-26  -42  -12 
4  46  -14 
-42  14  -10 
-44  20  -22 
46  10  40 
-10  -70  52 
28  48  28 
6  52  -6 
-38  4  -28 
-48  -60  46 
-40  -4  50 
-48  38  6 
-56  2  12 
-26  -56  -62 
-40  -16  68 
-40  -52  20 
-12  -82  -24 
-50  18  10 
-28  -48  34 
14  6  40 
6  52  18 

//Reference=MNI 
//nullstudy_46
//Subjects=10
-12  -32  50 
26  24  -22 

//Reference=MNI 
//nullstudy_47
//Subjects=10
36  36  24 
-4  32  -6 
50  42  -2 
-8  -2  66 
-18  -68  -6 
20  56  -2 
-4  -82  -18 
2  48  34 
-14  42  32 
40  28  28 
-28  -12  -12 
-4  -8  12 

//Reference=MNI 
//nullstudy_48
//Subjects=9
34  58  2 
-46  -78  30 
-46  -32  0 
-18  -60  58 
-28  4  68 
-10  -34  62 
-16  -20  -10 
-62  -14  -20 
-6  -58  -28 
-28  50  28 
-68  -28  -6 
-2  -54  32 
48  38  0 

//Reference=MNI 
//nullstudy_49
//Subjects=11
-38  12  58 
-6  18  6 
10  50  -16 
-10  10  44 

//Reference=MNI 
//nullstudy_50
//Subjects=11
-64  -40  32 
-18  -16  70 
6  54  18 
-38  -42  60 
-48  38  28 
46  18  -38 
-8  -62  48 
-14  -2  -8 

//Reference=MNI 
//nullstudy_51
//Subjects=9
-6  -52  44 
8  56  40 
-38  52  -4 
-32  4  46 
34  20  -24 

//Reference=MNI 
//nullstudy_52
//Subjects=10
-48  -22  8 
-56  -4  -40 
-48  -80  -20 

//Reference=MNI 
//nullstudy_53
//Subjects=10
-2  -64  -14 
-24  -74  -54 
38  2  -22 
50  16  38 
-18  -76  -2 
-48  -16  12 
-38  -70  16 
12  2  38 
-36  -24  42 

//Reference=MNI 
//nullstudy_54
//Subjects=9
-8  66  -4 
-40  -20  8 
-18  -18  72 
-10  -94  -26 
-2  -54  -36 
-34  -58  -54 
-48  -28  16 
4  12  2 
-16  -18  72 
-34  -50  46 
42  42  12 
20  30  40 

//Reference=MNI 
//nullstudy_55
//Subjects=9
-24  -36  -38 
28  52  -18 

//Reference=MNI 
//nullstudy_56
//Subjects=10
-2  -26  48 
-28  -92  -12 
-36  -86  -8 
-6  10  -20 
-48  -68  30 
-34  -72  28 
-56  6  16 

//Reference=MNI 
//nullstudy_57
//Subjects=11
-44  -66  30 
-36  18  10 
-4  -14  62 
48  8  -36 

//Reference=MNI 
//nullstudy_58
//Subjects=10
4  16  -8 
30  4  -16 

//Reference=MNI 
//nullstudy_59
//Subjects=10
-30  16  -30 
-56  4  36 
-40  48  28 
-46  -78  -8 

//Reference=MNI 
//nullstudy_60
//Subjects=9
-46  -34  10 
-8  -84  -4 
-4  -40  -24 
-30  -86  22 
0  24  -18 
-10  -36  14 
-28  -58  34 

//Reference=MNI 
//nullstudy_61
//Subjects=11
-6  -2  -26 
-14  -16  -12 
46  16  -34 
-64  -20  6 
-50  -10  12 
-10  -80  -44 
-18  -36  12 
-2  12  70 

//Reference=MNI 
//nullstudy_62
//Subjects=13
-4  -8  -30 
-34  -84  28 
38  54  -14 
-12  -46  74 
56  8  28 
-34  -56  -14 

//Reference=MNI 
//nullstudy_63
//Subjects=11
-18  -70  -32 
24  32  56 
-62  -44  -8 
-18  -72  52 
24  52  8 
-14  -58  14 
-32  -28  44 
-42  -70  18 

//Reference=MNI 
//nullstudy_64
//Subjects=10
-62  -8  -12 
-14  0  76 
-4  26  36 

//Reference=MNI 
//nullstudy_65
//Subjects=12
-58  -60  32 
-40  8  -28 
-2  -22  20 
-26  -28  -14 
42  10  -20 
-20  -30  -22 
8  32  38 
10  34  -10 
58  16  16 
-6  -38  -28 
-10  40  42 
-2  -52  -4 
-66  -14  2 

//Reference=MNI 
//nullstudy_66
//Subjects=10
-12  -30  66 
-16  -60  -46 
-58  -26  18 
14  44  40 
36  24  12 
-60  -14  -8 
-4  -26  24 
-52  -36  -28 
14  36  52 
-14  -52  -42 
-22  52  -20 
-4  46  -20 
-44  -42  14 
24  34  46 
12  38  28 
34  42  -14 

//Reference=MNI 
//nullstudy_67
//Subjects=10
-26  -82  -36 
-4  -94  12 
-28  8  42 
44  48  18 
-18  -46  -58 
-10  -74  42 
-10  -84  40 
-12  36  -24 
-26  -20  62 
-56  -26  56 
-8  -30  28 

//Reference=MNI 
//nullstudy_68
//Subjects=11
-2  -56  -52 
-28  -44  -42 
-14  -66  40 
14  20  -26 

//Reference=MNI 
//nullstudy_69
//Subjects=10
-46  -34  20 
22  6  64 
-30  -68  54 
-18  -86  -12 
-66  -24  24 
-6  -64  44 
-60  -16  -36 
-34  30  -14 
-12  -46  -50 
-4  42  2 
62  18  14 
-18  -20  -24 
-62  0  -24 
0  28  0 
-54  -48  -36 
-30  -2  -8 
58  2  14 
-38  26  -30 
-34  -40  -32 
-40  -24  46 
-56  14  20 
-40  46  12 
4  36  44 
14  42  -4 
-16  -50  30 
-8  40  -18 
-62  -30  4 

//Reference=MNI 
//nullstudy_70
//Subjects=11
-22  14  -8 
-32  48  4 
-26  -46  66 
-60  -12  -10 
-26  24  46 
0  44  40 
48  2  56 

//Reference=MNI 
//nullstudy_71
//Subjects=10
-8  -60  0 
-50  -48  54 
2  52  32 
-42  -60  -52 
-50  -30  46 
-24  -42  -14 
-4  18  0 
14  6  52 

//Reference=MNI 
//nullstudy_72
//Subjects=10
-18  -42  14 
40  2  -46 
-8  -20  78 
-56  -30  -12 
0  36  -8 
-20  10  50 
-50  0  -44 
-40  -84  0 

//Reference=MNI 
//nullstudy_73
//Subjects=10
-32  2  42 
-14  -74  -34 
-48  -58  -16 
-56  -48  42 
-12  -78  -44 

//Reference=MNI 
//nullstudy_74
//Subjects=11
34  24  54 
-50  42  -2 
-12  -74  28 
34  16  58 
-40  -62  -40 
22  10  -40 
-38  -54  -54 
-2  -52  56 
-22  -40  -26 
22  54  2 
16  16  14 
-6  -26  -4 
-30  -12  60 
-6  -46  -32 
-30  -6  58 
-6  -38  -22 

//Reference=MNI 
//nullstudy_75
//Subjects=10
-42  20  12 
42  42  -14 
-6  -82  40 
22  36  46 

//Reference=MNI 
//nullstudy_76
//Subjects=10
-50  -48  54 
-28  -6  12 
-4  -72  28 
-62  -40  42 

//Reference=MNI 
//nullstudy_77
//Subjects=10
-6  -18  70 
-48  10  -32 
-48  18  42 
-8  0  62 
12  2  62 
-22  -26  -24 
40  14  12 

//Reference=MNI 
//nullstudy_78
//Subjects=11
-20  -66  6 
-54  20  0 
-58  -64  2 
-4  -44  -8 
-2  -38  -6 
-28  -78  -30 
-4  34  50 
-56  2  40 
30  60  6 
-60  -56  22 
-36  -42  38 
-68  -24  12 

//Reference=MNI 
//nullstudy_79
//Subjects=9
-48  -38  24 
48  42  2 
-40  -52  -50 
-34  0  34 
-4  -84  22 

//Reference=MNI 
//nullstudy_80
//Subjects=10
-22  -46  -42 
-18  54  0 
52  24  -14 
8  22  56 

//Reference=MNI 
//nullstudy_81
//Subjects=9
-40  -26  24 
28  16  12 
38  24  -14 
-26  -48  48 

//Reference=MNI 
//nullstudy_82
//Subjects=10
-42  -10  -2 
-28  -10  58 
-8  -16  -12 
-32  -80  46 
-22  -34  58 
22  48  38 
-10  -32  -22 
-12  -52  -54 
-28  -24  -14 
44  36  2 
-50  -26  38 
-38  -18  -28 
-38  30  16 
-12  -28  38 
-10  -76  24 
16  22  -24 
50  34  -4 
-20  -46  16 
-8  14  -2 
-42  2  28 
-24  -94  -26 
-34  6  -46 
-50  -46  26 
-56  -2  -34 
-40  -10  16 
-20  20  -6 
-10  -22  68 
-20  34  40 
-68  -40  14 
4  48  32 
-54  -46  -18 

//Reference=MNI 
//nullstudy_83
//Subjects=10
-40  -26  44 
-14  24  -8 
-38  -16  40 

//Reference=MNI 
//nullstudy_84
//Subjects=11
-32  16  -34 
-4  52  36 
6  48  16 
28  4  44 

//Reference=MNI 
//nullstudy_85
//Subjects=8
-18  -20  22 
-26  -50  -4 

//Reference=MNI 
//nullstudy_86
//Subjects=10
-32  -58  38 
-56  -2  4 
-10  18  48 
-6  -44  38 
-30  -66  -40 
30  42  8 

//Reference=MNI 
//nullstudy_87
//Subjects=12
0  18  42 
-10  -10  -32 
-12  -10  -38 

//Reference=MNI 
//nullstudy_88
//Subjects=11
-18  -42  -48 
-8  56  -14 
28  4  66 
-20  6  -36 
-22  54  4 
30  16  -34 
-14  -18  0 
-12  20  26 
-62  -18  14 

//Reference=MNI 
//nullstudy_89
//Subjects=10
-26  48  42 
10  20  60 

//Reference=MNI 
//nullstudy_90
//Subjects=11
-20  -90  -14 
26  8  -2 
-40  -10  -40 
-56  26  20 
-30  54  -8 
-24  -46  42 

//Reference=MNI 
//nullstudy_91
//Subjects=10
34  8  54 
8  26  -8 
-6  42  -2 
42  20  26 
-40  28  36 
-6  44  -14 
46  8  50 
-20  52  26 
-4  -48  54 
-16  34  54 
-46  -24  64 
-42  28  -22 
40  28  -20 
-10  -76  -56 
-14  16  64 
-30  -4  -30 
-48  18  -18 
-20  -12  -26 
30  28  4 
-66  -16  8 

//Reference=MNI 
//nullstudy_92
//Subjects=9
-10  50  -12 
-8  -10  78 
-2  -32  -56 
-6  2  42 
-28  -8  58 
-10  -24  8 
-20  60  -18 
-12  -76  48 
-26  8  6 
-46  -22  -28 
-50  -16  2 
-24  -76  -26 
-34  26  -18 
-58  -60  10 
-16  -42  -26 
-36  6  -42 

//Reference=MNI 
//nullstudy_93
//Subjects=10
-20  -34  -42 
-6  -30  -12 
48  26  -10 
-38  48  -18 
-24  -12  58 

//Reference=MNI 
//nullstudy_94
//Subjects=11
-64  -26  30 
-58  -20  20 
-64  -30  -12 
-32  -2  -38 
-22  -76  -28 
-50  -24  -26 
-30  -86  -40 

//Reference=MNI 
//nullstudy_95
//Subjects=11
-18  -26  6 
44  4  0 
-18  36  46 
-54  -50  -24 

//Reference=MNI 
//nullstudy_96
//Subjects=11
4  60  36 
-50  14  -18 
-34  -72  -38 

//Reference=MNI 
//nullstudy_97
//Subjects=11
-14  26  8 
-46  -38  28 
-44  -60  -34 
-36  46  -8 
-36  -46  48 
-12  -58  66 

//Reference=MNI 
//nullstudy_98
//Subjects=11
-54  0  -38 
-22  -78  14 
-8  2  58 
-14  -84  4 
-14  -68  -6 
-48  28  -16 
-10  -98  -16 
42  54  0 
-32  -30  54 
44  20  22 
-8  -80  36 
60  12  36 
-4  12  66 
-44  -12  14 
20  18  -6 
-24  -72  -58 
32  10  58 
14  40  38 
-20  -76  -2 
-50  0  18 
42  24  32 
0  64  18 
16  6  70 
12  56  26 
-2  -34  52 
-2  -44  -24 

//Reference=MNI 
//nullstudy_99
//Subjects=12
-2  2  -24 
38  56  14 
30  18  -42 
38  28  -6 
-42  -66  22 
-6  -68  42 
-36  58  8 
22  42  28 
-32  -92  -20 
-2  -10  12 
-18  6  24 
14  12  40 
-42  -90  4 
-10  -48  -6 

//Reference=MNI 
//nullstudy_100
//Subjects=10
4  26  60 
-14  -94  0 
-32  -14  -4 
4  44  48 
-2  -86  -18 
52  12  -22 
-38  -18  68 

