//Reference=MNI 
//truestudy_1
//Subjects=9
45  -67  -6 
47  -66  -8 
49  -65  -6 

//Reference=MNI 
//truestudy_2
//Subjects=11
46  -65  -6 
44  -66  -5 
48  -68  -6 
45  -64  -7 
47  -67  -6 
46  -65  -5 
45  -67  -5 
45  -66  -7 
46  -66  -5 
45  -67  -7 
46  -66  -7 
45  -66  -5 
45  -67  -8 
46  -65  -7 
47  -65  -6 
46  -67  -7 
46  -66  -6 
45  -65  -7 

//Reference=MNI 
//truestudy_3
//Subjects=9
46  -66  -8 
46  -67  -5 

//Reference=MNI 
//nullstudy_1
//Subjects=9
-4  4  -30 
14  32  22 
-2  -10  72 

//Reference=MNI 
//nullstudy_2
//Subjects=11
-32  8  12 
-50  10  -40 
20  40  42 
14  40  -10 
-6  34  24 
-26  2  48 
-18  -102  -12 
-48  -52  -34 
10  44  -14 
-28  24  -26 
4  14  -2 
14  24  -22 
-22  10  -42 
-12  -26  8 
-24  -72  46 
12  70  -8 
-14  -98  4 
-48  12  -30 

//Reference=MNI 
//nullstudy_3
//Subjects=9
-62  -56  24 
-52  -64  -4 

//Reference=MNI 
//nullstudy_4
//Subjects=11
36  64  -6 
-2  42  48 
-38  -32  8 
-36  -20  2 
-40  -22  -24 
-2  -68  -18 
-22  -2  68 
-56  26  2 
-44  -6  54 
-6  0  54 
-58  -50  -30 

//Reference=MNI 
//nullstudy_5
//Subjects=11
14  56  -18 
56  2  42 
-46  -84  -8 
-10  40  22 
12  52  -10 
-8  -58  -34 
-24  -86  -14 
-48  -52  -40 
48  8  52 
-42  -72  16 
-24  -30  -4 

//Reference=MNI 
//nullstudy_6
//Subjects=11
-12  4  -20 
-10  -94  -14 
-4  -74  8 
26  68  8 
12  50  -6 
-12  -58  -36 
-38  22  26 
14  8  -6 
-60  4  -12 
-34  -40  38 
46  32  -18 
-46  -52  12 
-18  -32  -16 
34  42  24 
-42  -90  -8 
-2  -60  66 
-42  -28  46 
-16  6  14 
-50  16  12 
-6  -6  40 
-52  -48  30 
-16  -30  6 
-52  0  38 
-32  0  2 
-28  -58  38 
8  6  -26 
-64  -58  6 
-14  12  6 
-22  -78  26 
-36  8  6 
8  44  -30 
40  8  26 
-60  -54  40 
-18  40  46 
-20  -48  -16 

//Reference=MNI 
//nullstudy_7
//Subjects=12
-16  44  38 
-12  46  -12 
-16  -92  -40 
-62  -12  32 
-46  -80  -18 
-8  -78  24 
-2  24  26 
-62  -58  14 
-38  12  -20 
-42  24  -26 
-52  -38  46 
-50  -46  6 
-56  -12  -6 
-18  -52  -46 
-42  20  -6 
-10  -48  34 
64  6  14 
-48  22  -26 
-48  0  14 

//Reference=MNI 
//nullstudy_8
//Subjects=10
-8  -32  -38 
-4  18  42 
-38  -2  44 
-4  26  38 

//Reference=MNI 
//nullstudy_9
//Subjects=10
54  22  38 
-18  24  54 
4  40  -18 
-36  -68  -22 
-2  -4  76 
-48  -48  10 
40  56  20 
8  52  30 
44  18  -14 
-10  -96  8 
-4  -66  -24 
58  20  4 
-48  20  0 

//Reference=MNI 
//nullstudy_10
//Subjects=9
-60  -12  -32 
-68  -32  -4 
-42  32  40 

//Reference=MNI 
//nullstudy_11
//Subjects=9
-4  -38  64 
-26  -44  16 
-10  -44  50 

//Reference=MNI 
//nullstudy_12
//Subjects=10
-52  8  10 
-28  -88  -14 
36  24  -8 
-8  -24  12 

//Reference=MNI 
//nullstudy_13
//Subjects=10
-40  44  24 
64  2  28 
58  22  16 
-24  -54  -10 
34  12  34 
-14  -102  -12 

//Reference=MNI 
//nullstudy_14
//Subjects=9
-14  16  4 
-20  -22  -30 

//Reference=MNI 
//nullstudy_15
//Subjects=10
-30  -6  -48 
0  50  20 
22  10  -40 
-10  -8  78 
16  2  0 

//Reference=MNI 
//nullstudy_16
//Subjects=10
-2  66  -2 
-24  -36  -22 
-16  -32  -44 
-14  -78  -32 

//Reference=MNI 
//nullstudy_17
//Subjects=11
-56  -52  -14 
-62  -48  40 
14  18  -18 
48  44  14 
-16  -74  -38 
-54  -32  42 
-6  32  -4 
-58  -56  10 
-26  -72  18 
-6  28  32 
-54  -16  44 
-60  10  12 
-16  -42  -42 
-2  -46  -56 
-64  -8  18 
0  38  -10 
-4  -36  -26 

//Reference=MNI 
//nullstudy_18
//Subjects=9
20  38  42 
40  54  16 

//Reference=MNI 
//nullstudy_19
//Subjects=10
-50  -32  52 
-24  -96  18 
-54  -30  -20 
-4  -92  20 
-30  2  -8 
-6  -100  12 

//Reference=MNI 
//nullstudy_20
//Subjects=10
-44  -80  -30 
-48  18  46 
-12  -40  32 
-20  -48  -30 

//Reference=MNI 
//nullstudy_21
//Subjects=10
-30  22  30 
-16  14  -10 
-24  -56  -52 
-28  -72  36 
-12  18  60 
-32  6  32 
14  14  14 

//Reference=MNI 
//nullstudy_22
//Subjects=9
-46  -54  46 
-44  -44  -46 
-40  -64  2 

//Reference=MNI 
//nullstudy_23
//Subjects=11
-22  -90  -30 
-30  12  -4 
-34  -46  46 
34  4  8 
-40  32  10 
48  14  10 
-2  -62  2 
-32  6  -38 
-10  4  52 
20  62  24 
-2  -26  78 
-32  -96  -10 
-56  -28  -24 
-44  0  0 
-38  -84  -4 
-6  -16  36 
4  28  22 
-22  -40  -36 
32  6  -16 
-18  -80  -16 
-20  18  -26 
-14  -88  36 
-22  62  -12 
-12  18  62 
-8  -32  -32 
-4  -32  -46 
-30  -70  48 
-10  8  74 
44  36  28 
-34  64  -2 
-20  48  -16 
-48  -56  14 
-24  62  0 

//Reference=MNI 
//nullstudy_24
//Subjects=11
-10  -34  50 
-4  -58  -54 
-8  -68  20 
-6  -8  10 
-4  40  -26 
-12  -42  52 
22  26  -20 
-14  -42  -62 
-34  -66  26 
38  28  -18 

//Reference=MNI 
//nullstudy_25
//Subjects=10
-10  4  -6 
-42  0  42 
34  10  32 
12  12  36 
52  2  -24 
-40  -22  14 

//Reference=MNI 
//nullstudy_26
//Subjects=9
-36  -12  50 
-26  -6  2 
8  18  -28 

//Reference=MNI 
//nullstudy_27
//Subjects=9
4  44  -22 
42  6  -38 
-44  -32  -22 

//Reference=MNI 
//nullstudy_28
//Subjects=11
-12  -88  -40 
-32  24  -14 
-62  -6  30 
-14  -62  36 
52  36  20 
-12  -52  30 
42  34  16 
-18  62  28 
12  60  -24 

//Reference=MNI 
//nullstudy_29
//Subjects=10
-10  -82  8 
-16  -46  -4 
48  24  -16 

//Reference=MNI 
//nullstudy_30
//Subjects=9
-8  38  42 
52  4  -26 
-2  -96  16 

//Reference=MNI 
//nullstudy_31
//Subjects=8
-62  -16  -32 
-36  12  -18 

//Reference=MNI 
//nullstudy_32
//Subjects=9
22  24  56 
-8  -74  -2 

//Reference=MNI 
//nullstudy_33
//Subjects=9
-6  -46  40 
-6  -64  -36 
-20  -72  -8 

//Reference=MNI 
//nullstudy_34
//Subjects=9
-50  -62  -10 
40  6  -16 
-2  -18  32 
46  16  24 

//Reference=MNI 
//nullstudy_35
//Subjects=8
-22  -4  -32 
-12  -60  44 
-60  8  24 

//Reference=MNI 
//nullstudy_36
//Subjects=11
-10  -48  -6 
12  18  -10 
-12  -10  12 
-30  -38  -30 
-52  -18  44 
-4  -54  -66 
-2  -38  0 
-8  42  -28 

//Reference=MNI 
//nullstudy_37
//Subjects=11
-34  -78  -46 
-44  -16  -38 
-28  -60  -44 
-10  -20  64 
-24  -82  34 
-24  50  -10 
-48  -38  -18 
-8  14  46 

//Reference=MNI 
//nullstudy_38
//Subjects=11
-32  -80  -38 
-42  -14  64 
-22  -96  0 
-2  -90  16 
-46  -58  -2 
-42  12  42 
-26  8  52 
-34  24  52 
-38  18  22 
2  12  34 
-32  32  20 
-40  52  -4 
-8  48  26 
-4  40  56 
-6  -16  -10 
2  26  58 
-14  -52  -58 
-36  -58  44 

//Reference=MNI 
//nullstudy_39
//Subjects=11
-56  -2  -26 
-18  -46  2 
54  16  42 
-8  -38  -12 
-62  -40  12 
-18  -56  -58 
42  26  8 
-20  -56  52 
58  14  36 
-32  20  0 
46  14  28 
-52  -20  -2 
-2  -54  -52 
-28  -76  14 

//Reference=MNI 
//nullstudy_40
//Subjects=10
-16  -66  -4 
-28  -18  -36 
-46  14  12 
-30  58  8 
-6  -22  78 
-32  -28  -26 
-48  -36  62 
26  28  50 
-12  -100  -4 
-24  54  36 
6  12  -14 
16  2  68 
-24  -40  64 

//Reference=MNI 
//nullstudy_41
//Subjects=9
-8  -48  38 
-64  -50  -6 
14  18  0 

//Reference=MNI 
//nullstudy_42
//Subjects=9
44  24  26 
-2  44  50 
-24  -40  -32 
-24  -12  -40 

//Reference=MNI 
//nullstudy_43
//Subjects=10
-38  16  -20 
36  16  -8 
24  8  -18 
-36  -4  46 
-34  -72  -18 
-32  -68  -30 
-6  -100  22 
26  18  -6 
34  10  66 
-36  -56  58 
-26  20  -24 
8  62  -4 

//Reference=MNI 
//nullstudy_44
//Subjects=12
-52  -64  -32 
14  58  26 
-48  -24  6 
-44  -30  4 
-42  6  -6 
-10  -36  -18 
-20  8  54 
44  46  24 
-34  16  -32 
16  26  -26 
46  24  20 
20  42  -20 
-20  -68  -18 
0  16  -12 
-50  36  18 
-42  -50  -50 
-48  -14  34 

//Reference=MNI 
//nullstudy_45
//Subjects=8
10  38  30 
-16  -80  -36 

//Reference=MNI 
//nullstudy_46
//Subjects=10
2  32  8 
-48  -6  22 
14  26  36 
-56  -64  14 
-32  -20  44 
-14  -22  28 
6  58  26 
-40  -18  -28 
-26  -94  18 

//Reference=MNI 
//nullstudy_47
//Subjects=12
-52  0  -20 
44  28  -14 
-4  -8  76 
4  34  4 
24  22  50 
30  26  -22 
-50  -24  20 
-2  -74  -28 
-2  -24  2 
-2  -68  32 
28  12  58 
10  30  36 
-54  6  28 
-34  -22  -16 
58  2  12 
-40  16  -20 
-44  -30  10 
-34  -72  -8 
-52  -68  -34 
-4  20  54 
-14  62  26 
12  16  42 
-52  -60  2 
-2  -32  -46 
-26  -52  10 
0  32  -10 
54  8  14 
-34  -58  -34 
34  4  -36 

//Reference=MNI 
//nullstudy_48
//Subjects=11
-22  0  -16 
-28  30  50 
-56  14  28 
54  2  34 
14  44  46 
-20  -4  68 
48  16  32 
-54  -20  -36 
-6  46  36 
30  46  -14 
-32  -20  42 
-32  -30  48 
-2  -48  26 

//Reference=MNI 
//nullstudy_49
//Subjects=10
-14  -102  10 
-8  -56  42 
-42  -42  62 
-14  -68  -6 
-52  10  46 
-40  -14  14 

//Reference=MNI 
//nullstudy_50
//Subjects=9
-44  -4  -32 
-26  -2  8 

//Reference=MNI 
//nullstudy_51
//Subjects=11
-36  -96  -6 
-6  54  -4 
-8  -28  8 
-18  -60  -36 
32  38  44 
-28  30  52 
-2  64  26 
-48  -60  -36 
46  26  16 
-16  -10  28 
-6  -46  -14 

//Reference=MNI 
//nullstudy_52
//Subjects=9
4  16  30 
-60  -22  28 

//Reference=MNI 
//nullstudy_53
//Subjects=11
-8  -100  -12 
-18  -78  -38 
-56  -8  -4 
42  2  -40 
-22  0  2 
-28  -88  10 
-26  -70  -28 
0  32  36 
-6  -32  -6 

//Reference=MNI 
//nullstudy_54
//Subjects=11
-6  -20  54 
-8  -92  28 
-60  -64  -8 
-38  -18  -26 
-68  -42  14 
2  64  6 
-30  -30  -22 
-48  26  32 
-46  -16  -10 
44  54  -2 
-2  -8  70 
14  10  -8 
-58  -54  14 
-36  -28  -14 
-50  -4  -10 
-54  -42  50 
44  48  -8 
-16  -76  -30 

//Reference=MNI 
//nullstudy_55
//Subjects=9
32  10  -44 
-6  18  20 

//Reference=MNI 
//nullstudy_56
//Subjects=9
12  12  62 
-48  -38  -18 
-44  2  0 

//Reference=MNI 
//nullstudy_57
//Subjects=10
-54  2  -28 
-2  -26  -10 
42  60  4 
-12  50  6 
-32  22  56 
-8  -78  -26 

//Reference=MNI 
//nullstudy_58
//Subjects=9
-16  -32  56 
-12  -84  -4 

//Reference=MNI 
//nullstudy_59
//Subjects=9
-8  -84  -10 
-24  10  2 
-22  34  38 

//Reference=MNI 
//nullstudy_60
//Subjects=12
-28  60  6 
-54  -6  -26 
34  42  22 
46  34  -14 
-60  -32  44 
10  22  10 
6  16  46 
0  30  44 
8  70  4 
32  16  62 
-14  -40  78 
-2  -42  58 
16  16  -26 
-54  20  14 
-2  -96  24 
0  2  4 
-18  0  56 

//Reference=MNI 
//nullstudy_61
//Subjects=10
-4  -74  -22 
-8  -56  -24 
-26  -68  -62 
-34  2  66 
-12  22  28 
-38  -24  14 

//Reference=MNI 
//nullstudy_62
//Subjects=10
-16  -60  -22 
-14  -16  64 
-6  -74  -10 
30  18  -36 
46  28  -12 
-38  -54  -4 

//Reference=MNI 
//nullstudy_63
//Subjects=8
44  6  -28 
-40  -2  64 
-6  -94  20 

//Reference=MNI 
//nullstudy_64
//Subjects=10
-4  -92  -22 
-10  10  0 
48  26  30 
-48  -28  -6 
-42  4  6 
-20  -60  56 
-44  -80  16 
-34  -34  22 
-14  8  -16 

//Reference=MNI 
//nullstudy_65
//Subjects=11
-26  -40  54 
-6  -84  48 
58  6  -32 
0  48  0 
-2  26  -18 

//Reference=MNI 
//nullstudy_66
//Subjects=11
-32  -54  -42 
38  30  -2 
-48  -32  0 
-26  -86  -4 
-8  -64  -28 
-2  -80  2 
-16  -34  12 
-24  -36  66 
-42  -6  60 
-12  16  30 
-54  -34  -24 
32  54  32 
32  60  4 
-38  -24  -34 
-42  -50  -32 
-58  -60  -26 
20  24  -16 
-62  -62  -6 
-24  -44  10 
-6  -64  -32 
-6  -66  62 
-16  -62  26 
-18  -30  -28 
-18  -78  52 
-54  -32  -2 

//Reference=MNI 
//nullstudy_67
//Subjects=8
-4  -22  -46 
-16  -60  26 
-42  4  8 
-58  20  2 
-12  -62  36 
-8  -74  -48 
-4  -28  -22 
54  26  26 
-48  -6  48 
-38  -18  -6 
-6  40  34 
-46  -42  26 
-54  -48  -42 

//Reference=MNI 
//nullstudy_68
//Subjects=8
-34  -18  -30 
-28  30  50 

//Reference=MNI 
//nullstudy_69
//Subjects=9
44  52  -2 
-8  40  -26 

//Reference=MNI 
//nullstudy_70
//Subjects=11
46  18  6 
-32  -16  -40 

//Reference=MNI 
//nullstudy_71
//Subjects=10
-2  -40  36 
30  48  0 
-22  58  8 
60  26  4 
-30  8  28 
44  52  16 
44  16  -18 
-30  22  14 
-40  -78  -20 
44  20  40 
16  54  34 
42  52  10 
-16  26  -22 
-10  -68  -48 
-24  62  -12 
-20  -68  -36 
52  4  24 

//Reference=MNI 
//nullstudy_72
//Subjects=10
28  66  8 
46  8  24 
-34  -18  -16 
4  56  28 
-54  -18  16 
-56  -26  50 

//Reference=MNI 
//nullstudy_73
//Subjects=8
20  56  20 
-10  -42  72 
-52  -20  -6 
-8  -2  70 
-4  0  68 
-6  40  0 

//Reference=MNI 
//nullstudy_74
//Subjects=10
-16  -98  26 
-14  -54  -64 

//Reference=MNI 
//nullstudy_75
//Subjects=9
-4  -56  22 
28  36  42 
-16  -40  16 
-56  -2  24 
-24  -6  -24 
-34  -4  52 

//Reference=MNI 
//nullstudy_76
//Subjects=8
-16  -70  -14 
-16  52  38 

//Reference=MNI 
//nullstudy_77
//Subjects=10
-46  -4  -24 
-30  -18  68 

//Reference=MNI 
//nullstudy_78
//Subjects=10
-60  -42  -4 
-56  -18  -12 
-4  48  52 
48  50  -4 

//Reference=MNI 
//nullstudy_79
//Subjects=9
-14  28  44 
44  8  -8 
-6  -56  32 
-40  -6  60 
-58  -38  -22 
-30  -32  68 
34  32  -10 

//Reference=MNI 
//nullstudy_80
//Subjects=9
-6  30  40 
-34  -82  26 
34  2  -16 

//Reference=MNI 
//nullstudy_81
//Subjects=10
20  52  36 
0  22  -12 
-12  -46  28 

//Reference=MNI 
//nullstudy_82
//Subjects=12
-62  10  16 
-42  -68  50 
-24  30  -12 
22  32  40 
56  30  8 

//Reference=MNI 
//nullstudy_83
//Subjects=8
-40  20  36 
52  14  10 
-24  -24  54 
-52  10  18 
-44  14  36 
-44  -34  20 
24  2  -34 
16  12  -36 
50  50  -6 
46  2  16 
22  54  -4 
-24  -2  -30 
-40  -22  44 
-12  -56  34 
-12  -44  -62 

//Reference=MNI 
//nullstudy_84
//Subjects=11
6  2  68 
-10  46  36 

//Reference=MNI 
//nullstudy_85
//Subjects=10
16  44  -22 
-60  10  4 
-60  -6  -18 
-6  -64  66 
-14  -70  -48 
48  32  2 
-16  -80  -48 

//Reference=MNI 
//nullstudy_86
//Subjects=9
-60  -6  32 
-42  12  -24 
8  38  14 
34  18  48 
36  32  16 
-4  -74  24 

//Reference=MNI 
//nullstudy_87
//Subjects=10
-4  -10  -32 
-32  -32  -20 
2  54  24 
-14  -102  8 

//Reference=MNI 
//nullstudy_88
//Subjects=9
-20  32  40 
-6  -40  -32 
-50  -32  30 
18  20  -4 
-38  6  -24 
-34  -42  -12 

//Reference=MNI 
//nullstudy_89
//Subjects=10
-24  8  46 
-10  42  2 
-12  -12  14 
-8  -90  8 

//Reference=MNI 
//nullstudy_90
//Subjects=10
-56  -64  34 
-6  -86  24 
-60  6  -10 
-60  -30  -14 

//Reference=MNI 
//nullstudy_91
//Subjects=10
22  26  54 
-52  -30  10 
-54  -30  22 
-30  -12  64 
52  34  -10 
-28  46  -18 
-60  -14  -2 
-52  -54  40 
4  70  4 

//Reference=MNI 
//nullstudy_92
//Subjects=12
-22  14  -44 
32  52  0 
-22  20  64 

//Reference=MNI 
//nullstudy_93
//Subjects=11
-30  -36  -46 
-12  -38  70 
-66  -42  -10 
-40  -68  52 
-28  -54  -44 
-6  26  32 
10  18  36 
-10  36  -22 
-36  34  -14 
-14  46  36 
-6  -80  -30 

//Reference=MNI 
//nullstudy_94
//Subjects=10
-44  14  26 
-26  56  22 
-48  10  8 
-12  -14  0 
-10  -2  62 
-16  -84  -50 
-44  0  40 
-12  -100  16 
-56  32  6 
-20  -22  68 
-58  -38  8 
4  6  -30 
-34  24  -6 
-16  64  -8 
-54  -46  22 
-54  -54  -40 
34  28  -22 
-42  -10  46 
30  30  30 
-58  -28  -16 
-8  -14  -24 
-6  20  54 

//Reference=MNI 
//nullstudy_95
//Subjects=11
-22  -44  -34 
34  48  -10 
-40  -6  -36 
-8  -92  -36 
-58  -50  -24 

//Reference=MNI 
//nullstudy_96
//Subjects=11
38  4  -14 
-12  -58  -10 
-56  20  14 
-62  -52  2 
-34  18  46 
-16  28  0 
-16  -18  12 
-32  -96  -12 
-8  52  44 
-24  42  -16 
-2  -26  56 
8  2  -24 
-20  -54  -56 
-36  -50  -42 
-46  -70  22 
36  2  -14 
14  48  34 
-2  -86  2 
22  62  -16 
-6  -12  10 
-20  46  42 

//Reference=MNI 
//nullstudy_97
//Subjects=10
-30  -50  -18 
-38  -56  10 
14  8  -4 
-46  -24  -34 
50  26  6 
-2  -42  70 
-30  -6  -20 
-12  24  -14 
40  18  34 

//Reference=MNI 
//nullstudy_98
//Subjects=9
-22  42  32 
-8  -50  20 
-26  -88  -42 
-32  0  30 

//Reference=MNI 
//nullstudy_99
//Subjects=11
-2  -58  -38 
50  36  8 
-50  -52  2 
-16  -30  0 

//Reference=MNI 
//nullstudy_100
//Subjects=9
-24  -64  -30 
14  62  -12 
-48  -2  36 
18  58  8 
-20  -62  -34 
-36  -36  -14 
54  6  28 
20  58  10 
-30  -74  -28 
2  10  0 
-30  -80  24 
-52  -22  14 
-18  -34  -36 
-44  -30  48 
-10  -56  -18 

