//Reference=MNI 
//truestudy_1
//Subjects=20
46  -66  -5 
46  -66  -5 
45  -67  -6 
46  -66  -7 
47  -64  -7 
46  -65  -7 
44  -64  -8 

//Reference=MNI 
//truestudy_2
//Subjects=19
45  -67  -6 
47  -68  -6 

//Reference=MNI 
//truestudy_3
//Subjects=20
46  -69  -7 
46  -65  -6 
45  -65  -5 
45  -67  -7 
47  -66  -4 

//Reference=MNI 
//nullstudy_1
//Subjects=20
-54  -58  2 
-10  6  8 
-30  -38  -52 
-48  -66  32 
60  6  36 
-34  4  -2 
-4  52  -20 

//Reference=MNI 
//nullstudy_2
//Subjects=19
-56  -14  -24 
38  42  32 

//Reference=MNI 
//nullstudy_3
//Subjects=20
36  22  -6 
-42  40  32 
-62  -16  -22 
-62  -18  -6 
42  18  46 

//Reference=MNI 
//nullstudy_4
//Subjects=21
-48  46  -10 
-60  -28  -20 
30  30  4 
28  38  18 
46  28  18 
-44  -30  58 
-4  38  56 
-52  8  34 
-40  -18  66 
6  26  36 
-24  56  -16 

//Reference=MNI 
//nullstudy_5
//Subjects=19
-4  -10  38 
-44  0  54 
-38  -4  2 

//Reference=MNI 
//nullstudy_6
//Subjects=19
-56  -50  -40 
-6  -16  62 

//Reference=MNI 
//nullstudy_7
//Subjects=18
-42  32  36 
-14  -82  -50 

//Reference=MNI 
//nullstudy_8
//Subjects=20
-30  -94  20 
60  14  8 
-34  12  40 
-32  -36  36 

//Reference=MNI 
//nullstudy_9
//Subjects=19
18  24  46 
0  40  24 
-54  -6  -18 

//Reference=MNI 
//nullstudy_10
//Subjects=19
-12  -92  -8 
-24  -12  60 
-8  -74  -20 
24  52  -14 

//Reference=MNI 
//nullstudy_11
//Subjects=21
-38  -10  -6 
-62  -26  30 
-18  -4  -12 
-54  6  -10 
34  46  28 
-26  50  22 
-44  0  -8 
30  58  22 
-24  -74  50 
-8  -72  10 
-30  -40  -46 
-48  -44  -44 
-20  -80  50 
-42  -4  -2 
-36  38  -22 
-66  -32  16 
-36  -58  24 
-28  64  12 
-10  66  20 
-54  -52  8 
0  14  52 
-20  6  -40 
-26  -18  -20 
-24  -66  46 
-22  58  -20 
50  46  12 
2  16  60 
-6  4  -6 
32  24  42 
4  50  0 
44  50  12 
-16  -22  28 
22  38  -10 
-40  -64  -8 
52  22  22 
-36  18  -34 
-28  -78  8 
-32  10  -4 
-8  -78  -42 
-14  -12  -24 
40  8  -12 
-14  24  -22 
-50  16  -20 
14  58  28 

//Reference=MNI 
//nullstudy_12
//Subjects=19
46  24  4 
-4  52  -24 
24  22  -14 

//Reference=MNI 
//nullstudy_13
//Subjects=19
-12  -62  42 
12  2  20 

//Reference=MNI 
//nullstudy_14
//Subjects=21
-32  0  -8 
-26  -70  -14 
36  16  26 
-12  54  -4 
-10  44  16 
-18  -54  -18 
-50  -56  -6 
-2  -46  74 

//Reference=MNI 
//nullstudy_15
//Subjects=20
-34  -58  -14 
-2  -76  50 
-38  -14  -28 
-8  10  54 
-38  -46  66 
-32  -50  48 
-2  -14  74 

//Reference=MNI 
//nullstudy_16
//Subjects=19
-16  -36  -14 
-40  -56  52 
-30  -72  38 

//Reference=MNI 
//nullstudy_17
//Subjects=20
-24  16  2 
-6  -38  -34 
-48  -24  -32 
-34  -16  -16 
-16  -44  44 

//Reference=MNI 
//nullstudy_18
//Subjects=19
-30  -20  -6 
-52  -74  28 

//Reference=MNI 
//nullstudy_19
//Subjects=19
-12  -40  -32 
-40  -76  -14 

//Reference=MNI 
//nullstudy_20
//Subjects=22
-50  22  16 
-58  -62  14 
-44  30  14 
-52  4  12 
-62  -18  26 
-62  -46  4 
-2  -18  52 
-24  44  28 
24  52  36 
-30  -74  28 
-14  -50  -44 
-34  -80  0 
-18  28  -18 
-30  -54  52 
-18  -80  -48 
-6  -12  -38 
-20  -64  -62 
-6  -76  -40 

//Reference=MNI 
//nullstudy_21
//Subjects=22
-44  -48  50 
-34  -36  40 
-24  26  50 
-30  -56  36 
-10  -64  8 
34  4  62 
-38  -16  62 
-34  -68  46 
-46  -16  48 
22  22  54 
-52  -42  -8 
-36  -30  70 

//Reference=MNI 
//nullstudy_22
//Subjects=21
-12  -74  16 
-6  -64  44 
-10  20  -30 
18  32  -18 
-14  -76  -28 
-18  -62  56 
-20  -32  -10 
-6  60  -4 
16  46  6 
-2  -62  -38 
-46  -26  32 
-64  -22  26 
-14  -46  -44 
-66  -28  -26 

//Reference=MNI 
//nullstudy_23
//Subjects=21
-26  24  2 
-58  6  20 
-38  10  10 
-30  58  12 
36  22  30 
-36  2  34 
-20  66  0 
-16  -38  48 
-38  -60  -56 
-4  44  52 
52  10  -4 
-62  -60  14 

//Reference=MNI 
//nullstudy_24
//Subjects=22
-20  -48  -42 
-44  10  -28 
-18  -62  38 
-14  -68  18 
-16  -42  -34 
-24  -94  22 
-24  -88  -34 
-54  -28  -28 
-6  18  -12 
42  4  22 
-2  60  26 
-8  -54  -64 
-10  -10  70 
-36  42  26 
-34  -46  -32 
-16  -32  70 
-30  10  36 
40  22  48 
-46  -56  -38 
-56  -6  -22 
-38  -58  -22 
-40  -64  -4 
54  16  32 
8  2  4 
44  32  -10 
-40  -6  -38 
-42  38  0 
-8  20  36 
-28  18  -26 
-2  -8  42 
-2  30  36 
-4  22  18 
-12  48  -8 
-8  -28  54 
-64  -6  26 
-10  -62  36 
-36  -36  42 
-50  18  -6 
18  12  8 
28  42  36 
-20  -66  12 
32  40  -8 
60  18  10 
-4  -26  -12 

//Reference=MNI 
//nullstudy_25
//Subjects=20
-24  -86  -28 
24  8  -46 
-36  -54  -60 
26  60  8 
-28  -86  -32 
60  6  16 

//Reference=MNI 
//nullstudy_26
//Subjects=21
-34  -64  60 
-26  -30  -8 
-12  -94  0 
-20  -58  10 
-8  -32  -6 
-48  -22  12 
-60  -40  50 
20  4  -18 
-8  -46  38 
-42  -64  -4 
38  22  20 
-2  4  -24 

//Reference=MNI 
//nullstudy_27
//Subjects=20
58  6  2 
36  22  -18 
-2  -82  -24 
-2  52  32 

//Reference=MNI 
//nullstudy_28
//Subjects=18
46  46  24 
-60  -20  12 

//Reference=MNI 
//nullstudy_29
//Subjects=20
-52  -60  44 
30  24  56 
-22  -6  -12 
20  4  -38 
-20  -16  -22 

//Reference=MNI 
//nullstudy_30
//Subjects=18
-22  -72  -36 
2  24  -28 

//Reference=MNI 
//nullstudy_31
//Subjects=22
-56  -4  20 
-22  26  56 
-40  32  -4 
-30  -18  6 
56  12  -18 
-50  0  42 
-42  -72  -10 
-10  -56  16 
-6  -2  64 
-30  -74  -20 
40  44  26 
16  62  -20 
-54  -48  -16 

//Reference=MNI 
//nullstudy_32
//Subjects=20
-56  -16  -22 
-34  -40  -14 
-18  30  60 
-60  -14  -20 
-42  -80  18 
-16  -102  0 
-4  -14  -24 
-18  -38  -44 
4  60  -4 

//Reference=MNI 
//nullstudy_33
//Subjects=20
14  18  -26 
6  6  72 
-22  -80  -4 
-20  -58  68 
-52  -14  -24 
-4  -64  -10 

//Reference=MNI 
//nullstudy_34
//Subjects=19
-20  -32  8 
8  24  54 
-44  24  10 

//Reference=MNI 
//nullstudy_35
//Subjects=21
-56  -36  52 
4  56  -20 
28  64  6 
-62  -26  44 
-16  4  20 
14  22  64 
-58  -12  -10 
-36  -32  12 
-4  60  -20 
-30  -58  -48 
-20  16  -4 
6  14  -26 
-64  -22  8 
-22  66  8 
-50  -52  -2 
-20  54  -12 
-10  20  -4 
-56  -48  8 
-36  56  10 
34  48  16 
14  50  18 
-10  50  8 
10  40  16 
-22  54  32 
-32  24  -26 
36  16  6 
-18  -70  -48 
-2  -42  76 
-6  6  -30 
-48  -60  -44 
14  46  32 
-6  34  62 
30  42  -20 
-60  -18  -38 
-52  -26  -22 
14  12  -8 
-4  70  6 
-16  -40  -46 
-62  -54  4 
-46  -36  -14 
-30  -26  74 
-8  -44  62 
-16  -34  -38 
-14  52  -22 
16  16  -28 
-8  6  -24 
-26  -12  -44 
44  28  42 
-20  -74  -6 
10  12  16 
-62  -50  -24 
-24  -48  10 
8  18  68 
-2  -14  50 
-50  -44  -20 
-16  -56  0 
-34  4  -34 
-26  26  40 
-2  -12  32 
-20  66  10 
36  26  18 
58  10  20 
48  44  14 
-56  6  30 
-48  -30  40 

//Reference=MNI 
//nullstudy_36
//Subjects=20
18  18  -28 
-16  -38  70 

//Reference=MNI 
//nullstudy_37
//Subjects=20
-46  -2  -42 
-22  56  8 
-50  -36  -20 
36  14  32 
6  6  -6 
22  26  54 
-38  -64  -12 

//Reference=MNI 
//nullstudy_38
//Subjects=20
-22  -32  -26 
-54  2  20 
-46  -26  22 
-46  16  38 
-36  -82  -22 

//Reference=MNI 
//nullstudy_39
//Subjects=20
-16  -56  -40 
-2  4  32 
-14  -26  44 
26  50  14 

//Reference=MNI 
//nullstudy_40
//Subjects=19
54  24  28 
-46  -4  -8 
-40  -60  52 
-46  2  20 
-52  -42  56 
-36  -56  48 
-12  -18  14 
14  8  48 
-62  -2  -28 

//Reference=MNI 
//nullstudy_41
//Subjects=20
-22  -30  8 
-4  -20  -28 
10  36  -30 
28  48  -16 

//Reference=MNI 
//nullstudy_42
//Subjects=20
-26  -12  -36 
-12  6  62 
-12  -46  8 
-62  -24  22 

//Reference=MNI 
//nullstudy_43
//Subjects=22
-54  14  36 
-20  -94  22 
-46  -58  -44 
-34  22  40 

//Reference=MNI 
//nullstudy_44
//Subjects=21
30  32  -2 
-50  -58  -38 
-14  28  44 
-8  -62  -50 
-14  -18  -8 
26  30  -10 
-56  -16  8 
-8  -54  -20 
-22  -44  68 
-6  0  58 
-12  60  8 
-12  50  -14 
-4  -78  44 
30  2  68 
-18  30  -26 
-32  -58  44 
44  24  2 
18  16  54 
-6  -66  -38 
-50  8  2 
-6  4  70 
46  56  2 
16  8  -36 
-8  -32  -26 

//Reference=MNI 
//nullstudy_45
//Subjects=21
-12  -80  8 
-2  -68  -20 
-26  -46  44 
-40  2  -32 
-40  -52  62 
0  24  46 
44  26  -26 
-32  -66  -22 
-46  48  14 
-34  24  50 
-6  -10  42 
-14  10  10 
-34  32  26 
54  2  -8 
-18  -58  -32 
-40  -76  16 
-16  -76  -56 
-8  68  -2 
-20  -88  28 

//Reference=MNI 
//nullstudy_46
//Subjects=18
-24  -64  10 
18  22  50 
-18  -44  -2 
-14  -102  2 
-54  -10  48 
-4  -60  4 
12  44  -14 
52  8  -36 
30  28  10 
-56  12  -26 
0  18  32 
-2  -30  -36 

//Reference=MNI 
//nullstudy_47
//Subjects=21
-18  -18  62 
16  40  50 

//Reference=MNI 
//nullstudy_48
//Subjects=21
-38  -26  -26 
4  20  44 
-10  -88  0 
-14  -74  40 
50  12  16 
44  20  22 
-28  -16  -18 
-4  30  60 
-8  22  56 
-40  -8  56 
0  62  26 
-6  -44  -22 
-30  28  -12 
-18  -18  62 
-38  -32  46 
-40  -34  10 
-18  -8  54 
-8  8  2 
-6  -50  -52 
-8  -52  -50 
2  14  30 
6  52  28 
24  60  -2 
-34  -68  38 

//Reference=MNI 
//nullstudy_49
//Subjects=21
28  62  -4 
-16  -8  -44 
-6  22  64 
-48  -58  -20 
-56  18  2 
32  52  -12 
-2  -26  -30 
-14  -12  8 
-26  -62  -48 
-38  -30  14 
-12  -12  46 
58  12  -12 
-22  -62  58 
-12  52  36 
-14  -100  2 
-26  50  -2 
-52  -50  -18 
-18  -40  -4 
20  32  36 
-10  16  54 
-44  -24  -20 
-2  36  38 
-16  -82  32 
-38  -34  -16 
-60  -4  -10 
-38  -60  -46 

//Reference=MNI 
//nullstudy_50
//Subjects=20
-36  -82  -40 
-14  -54  10 
-10  -36  14 
12  2  24 
-26  -8  72 
-24  -2  -26 
50  18  46 
-2  30  -18 
4  54  -20 
-52  22  6 
-24  -36  -22 
-54  -46  -20 

//Reference=MNI 
//nullstudy_51
//Subjects=22
-32  -40  -40 
-42  46  12 
-36  -42  -34 
32  20  -6 
-8  2  8 

//Reference=MNI 
//nullstudy_52
//Subjects=20
46  4  6 
12  68  -4 
-46  -54  -52 
-20  -16  -8 
-24  20  52 
-30  -38  -52 
-34  -92  8 
-46  -76  -2 
-6  38  38 
10  18  38 
-32  10  6 
52  30  8 
-36  -68  -4 
0  26  -10 
18  34  -22 
-24  -10  -42 
0  12  12 
-56  -8  4 
26  34  34 
-40  -52  26 
24  46  26 
-30  -54  -20 
20  60  -6 
-40  16  54 
28  6  -22 
6  24  -26 
-20  -22  4 
-4  46  22 
-38  26  28 
-50  -72  28 
-54  -56  -32 

//Reference=MNI 
//nullstudy_53
//Subjects=20
-20  -10  48 
-46  18  4 
-40  -66  10 
-50  -46  32 

//Reference=MNI 
//nullstudy_54
//Subjects=18
-8  -36  74 
-34  8  2 
-6  12  -8 
-8  48  14 

//Reference=MNI 
//nullstudy_55
//Subjects=19
-10  20  -26 
14  6  -10 

//Reference=MNI 
//nullstudy_56
//Subjects=19
26  38  34 
-38  -32  -10 

//Reference=MNI 
//nullstudy_57
//Subjects=18
-60  6  6 
26  16  46 

//Reference=MNI 
//nullstudy_58
//Subjects=18
-14  -90  8 
26  62  -2 

//Reference=MNI 
//nullstudy_59
//Subjects=19
-36  -20  68 
-18  -60  18 

//Reference=MNI 
//nullstudy_60
//Subjects=20
-16  -84  46 
-18  -68  40 
-22  -32  -40 

//Reference=MNI 
//nullstudy_61
//Subjects=19
46  40  -10 
4  50  42 
-4  -64  54 
-30  8  56 
-38  -46  -32 
-58  -44  -6 

//Reference=MNI 
//nullstudy_62
//Subjects=19
-34  -22  68 
-6  34  8 

//Reference=MNI 
//nullstudy_63
//Subjects=18
-58  -66  -12 
-36  -74  -6 

//Reference=MNI 
//nullstudy_64
//Subjects=21
-40  4  46 
40  30  24 

//Reference=MNI 
//nullstudy_65
//Subjects=20
-2  -84  6 
-34  32  42 
-32  -98  0 
-48  -48  22 
-52  18  -28 
-36  -76  -54 
-8  -86  -28 
-46  22  -18 
-16  -32  72 

//Reference=MNI 
//nullstudy_66
//Subjects=21
18  8  18 
46  30  28 
-50  16  -28 
-8  -80  16 
-8  -38  0 

//Reference=MNI 
//nullstudy_67
//Subjects=20
-4  60  32 
-8  6  34 
34  24  38 
-16  -64  -54 
-38  -34  62 
26  4  50 
4  34  -28 
-66  -22  -24 
-20  -78  -8 
-50  6  -20 
-62  -44  -10 

//Reference=MNI 
//nullstudy_68
//Subjects=20
6  18  20 
-56  8  -14 
-32  -4  16 
-32  -68  18 
-60  -40  -22 
-8  -68  30 
-44  40  0 
10  36  32 

//Reference=MNI 
//nullstudy_69
//Subjects=20
48  42  4 
42  16  58 
-48  -68  -18 
-38  22  -26 
-22  -36  -36 

//Reference=MNI 
//nullstudy_70
//Subjects=20
36  12  -16 
-16  -90  22 
-48  -16  46 
14  50  -14 
54  16  -16 
-12  44  14 
-36  12  -40 

//Reference=MNI 
//nullstudy_71
//Subjects=21
-16  -84  6 
-12  -36  16 
-26  62  20 
-4  46  -20 
30  18  36 

//Reference=MNI 
//nullstudy_72
//Subjects=19
-58  -34  -26 
20  18  -4 
44  10  12 
12  44  4 
-36  -64  44 
8  48  2 
-12  64  -14 
20  40  44 
-12  10  36 
-46  -40  -40 
-2  -96  0 
-60  -32  10 
-4  58  -12 
10  16  36 
-36  62  2 
48  34  32 
30  4  -8 
54  38  -2 
-2  32  4 
-8  -56  10 
50  10  40 
-6  -30  34 
-8  -30  30 
48  20  -10 
42  18  -32 
-54  22  -4 
26  56  -8 
-66  -14  -10 
-40  -22  50 
-64  -14  16 

//Reference=MNI 
//nullstudy_73
//Subjects=21
-32  -60  -6 
-8  -68  32 

//Reference=MNI 
//nullstudy_74
//Subjects=20
48  32  34 
-4  -6  56 
-30  44  20 
-8  -54  -54 
-50  32  -8 
-4  -44  -8 
38  10  56 
-24  -44  -24 
-2  -60  -6 
-6  -54  -58 
16  66  -6 
-38  -28  -18 
-22  -62  0 
-68  -42  14 
-20  -34  -4 
-18  56  34 
-16  -60  -60 
-6  -84  44 

//Reference=MNI 
//nullstudy_75
//Subjects=20
-6  -76  56 
-12  -12  68 
-14  -6  -14 
-20  -62  -42 
26  22  -18 

//Reference=MNI 
//nullstudy_76
//Subjects=21
-32  -18  44 
-34  -90  -26 
-18  -46  -18 
-8  -66  40 
-38  2  -32 
-8  -12  -14 
-10  -66  46 

//Reference=MNI 
//nullstudy_77
//Subjects=18
38  44  -4 
-40  -18  48 
10  14  -4 
-38  10  -14 
12  46  28 
-40  12  40 
-10  -30  -34 
-58  -26  50 
6  42  2 

//Reference=MNI 
//nullstudy_78
//Subjects=21
-34  36  -2 
-48  -50  -18 

//Reference=MNI 
//nullstudy_79
//Subjects=20
38  16  58 
-28  8  46 
24  24  40 
14  18  -28 
-48  16  8 
-12  -26  78 
-28  -34  48 
-26  2  -30 
24  62  -8 
-10  8  52 
-2  -6  -8 
-52  -76  -8 
-54  -64  -16 
-48  -68  12 
38  24  36 

//Reference=MNI 
//nullstudy_80
//Subjects=19
-32  8  -38 
-10  -96  -24 
-40  20  10 
-50  -26  2 
32  32  44 

//Reference=MNI 
//nullstudy_81
//Subjects=20
42  50  -6 
34  12  50 

//Reference=MNI 
//nullstudy_82
//Subjects=20
-52  -48  -36 
-48  -4  -40 
-2  -54  26 
-44  -62  -32 

//Reference=MNI 
//nullstudy_83
//Subjects=20
-30  -48  -48 
-54  -22  -34 
-48  -30  -20 
-24  -6  -46 

//Reference=MNI 
//nullstudy_84
//Subjects=19
6  2  -10 
-56  0  -18 
42  14  48 
-10  -20  80 
-8  -62  48 

//Reference=MNI 
//nullstudy_85
//Subjects=18
-18  -68  -62 
2  4  8 

//Reference=MNI 
//nullstudy_86
//Subjects=22
-38  -10  58 
20  18  6 

//Reference=MNI 
//nullstudy_87
//Subjects=21
-52  -18  44 
-38  -40  54 
12  60  -10 
-12  -80  -22 
-8  -6  18 
-4  -32  40 
-32  -10  -2 
-10  -28  -6 
-8  28  38 
-48  -12  -10 
-8  -74  -20 
-6  -58  -64 
-26  -64  30 
-22  24  32 
-18  -66  -50 
-66  -32  -26 
8  66  10 
38  14  4 
0  16  40 
56  2  -36 
-34  -70  22 
-56  -52  -10 
-48  -42  -24 
-6  -100  -2 
-24  16  -36 

//Reference=MNI 
//nullstudy_88
//Subjects=19
-28  -80  -36 
-12  -82  14 
-2  -12  12 
-26  -34  60 
-38  -46  -50 
-38  -62  50 
-10  38  56 
-8  0  58 

//Reference=MNI 
//nullstudy_89
//Subjects=22
14  68  -10 
-30  -14  52 

//Reference=MNI 
//nullstudy_90
//Subjects=21
-2  -52  2 
-16  -44  -44 
-42  -90  -4 
-56  -46  14 
-24  50  38 
-14  -68  12 
-28  52  -16 
-24  8  -48 
-20  -82  42 
-20  -82  22 
-28  -80  24 
-60  -16  48 
-14  -46  -54 
46  20  -30 
-20  -38  -50 
-42  -46  -34 
-8  -78  -24 
-44  34  -10 
-44  -20  -24 
-26  -60  -32 
-30  -74  -46 

//Reference=MNI 
//nullstudy_91
//Subjects=18
12  4  58 
-42  -44  -36 
-26  -92  -16 
-68  -28  6 
-30  12  28 
8  28  50 
-46  0  -28 
-4  -72  10 
-14  36  24 
-34  56  0 
-52  -70  -2 
-20  -26  10 
-30  -72  22 
2  8  -12 

//Reference=MNI 
//nullstudy_92
//Subjects=18
-10  -104  4 
-66  -48  16 

//Reference=MNI 
//nullstudy_93
//Subjects=21
-60  -12  32 
-26  -92  -2 
-2  -48  4 

//Reference=MNI 
//nullstudy_94
//Subjects=20
30  48  0 
-26  18  -8 
-14  -78  -28 
16  6  -4 
-34  34  -4 
-2  32  16 
28  16  44 
-52  -70  -28 
-36  60  -4 
-10  -4  50 
-18  -90  2 
52  4  36 
-46  8  -40 
-56  -22  -8 
-44  14  -10 

//Reference=MNI 
//nullstudy_95
//Subjects=19
-42  12  -32 
-4  -26  -14 
-10  -56  42 
-8  -32  34 
-58  6  -28 
-28  62  0 
-44  -8  -30 
-58  -60  20 

//Reference=MNI 
//nullstudy_96
//Subjects=21
-42  0  32 
-42  -56  12 
56  10  28 

//Reference=MNI 
//nullstudy_97
//Subjects=20
-48  -70  -32 
-30  26  12 
-12  0  14 
-12  18  -14 
-38  -60  -16 
6  6  44 
-54  -20  24 
-6  52  36 
-56  -28  6 
-2  -16  -10 

//Reference=MNI 
//nullstudy_98
//Subjects=19
14  24  30 
-18  -86  42 
-32  12  48 
12  36  -6 
-58  -38  30 
-8  -10  26 
-12  -18  -26 

//Reference=MNI 
//nullstudy_99
//Subjects=21
-28  -12  52 
-8  8  -24 
22  44  46 

//Reference=MNI 
//nullstudy_100
//Subjects=19
-34  44  -6 
-48  26  2 
-42  -16  2 
-6  -16  66 
56  24  -4 
-24  -2  -8 
-8  -20  28 
-30  -16  -24 
-26  -62  52 
-8  -76  -2 
-62  10  4 
22  4  -46 

