//Reference=MNI 
//truestudy_1
//Subjects=10
48  -66  -5 
46  -66  -8 
47  -65  -7 
46  -65  -5 
45  -67  -6 
47  -66  -6 
46  -65  -5 
46  -65  -6 
46  -67  -5 
45  -67  -5 
44  -67  -6 
47  -66  -5 
46  -66  -7 
46  -66  -6 

//Reference=MNI 
//truestudy_2
//Subjects=10
45  -66  -7 
46  -66  -5 
46  -67  -7 
45  -65  -8 

//Reference=MNI 
//truestudy_3
//Subjects=10
47  -65  -5 
48  -67  -6 
47  -65  -5 
44  -66  -6 
44  -67  -6 
46  -67  -6 

//Reference=MNI 
//nullstudy_1
//Subjects=10
-30  -38  60 
42  8  6 
40  18  24 
-56  -14  22 
-50  -46  -18 
-14  -22  70 
-6  2  8 
32  32  20 
-40  -74  -4 
54  12  -4 
-10  -44  -26 
0  30  32 
-50  4  0 
46  18  20 

//Reference=MNI 
//nullstudy_2
//Subjects=10
-22  -8  -20 
-52  -58  0 
-20  -84  10 
-6  -26  -28 

//Reference=MNI 
//nullstudy_3
//Subjects=10
16  18  58 
6  20  66 
-46  4  32 
-8  54  -28 
26  48  -18 
-28  -36  6 

//Reference=MNI 
//nullstudy_4
//Subjects=12
-42  30  0 
12  20  -18 
-4  26  26 
-12  46  -14 
-20  2  58 
-48  0  -8 
-24  -30  -26 
-24  -90  -22 
-46  8  -12 
-30  -26  -22 
-36  -44  54 
8  50  18 
10  40  50 
-56  2  -38 
-48  10  -36 
-16  -54  56 
2  6  52 
-4  -98  -14 
24  24  50 
-8  -42  -36 
10  52  46 
-46  -20  64 
-60  -24  -28 
-18  -62  -2 
-8  -96  14 
28  14  54 
24  62  26 

//Reference=MNI 
//nullstudy_5
//Subjects=11
-16  -100  20 
14  52  22 
-26  16  -22 
-6  -88  2 
-8  -104  -8 
32  66  8 
58  26  14 
-10  4  -30 
-26  -42  -10 
-14  -48  -24 

//Reference=MNI 
//nullstudy_6
//Subjects=11
-48  14  40 
-16  -78  -54 
-14  -4  -16 
20  6  18 
-22  -30  -28 
38  4  24 
52  12  -14 
-34  24  38 
-10  -76  44 
-42  -62  0 
32  8  -46 
-10  60  2 
-34  -62  20 

//Reference=MNI 
//nullstudy_7
//Subjects=9
-10  32  -20 
-22  -92  -24 

//Reference=MNI 
//nullstudy_8
//Subjects=11
-26  32  -8 
-12  12  -26 
-8  -30  -10 
-6  -56  -26 
20  58  -4 
-28  -60  34 
4  66  18 
-16  34  58 
-44  -82  -6 
-64  -32  -28 
-32  -74  38 
20  18  44 
-10  -30  48 
-2  -82  22 
48  44  0 
-50  -70  -40 
-32  -28  66 
-22  4  64 
-10  -50  -40 
56  28  4 
-28  -14  -24 

//Reference=MNI 
//nullstudy_9
//Subjects=10
-24  -18  -18 
-6  -28  0 
-2  38  8 
-6  22  18 
-16  -18  74 
-36  -42  -48 
24  42  14 

//Reference=MNI 
//nullstudy_10
//Subjects=10
-26  34  -10 
-56  -70  -8 
-28  40  24 
-16  -68  26 
10  20  -24 
26  16  -32 
-42  -70  -14 

//Reference=MNI 
//nullstudy_11
//Subjects=10
-34  -78  -4 
-52  -44  -36 

//Reference=MNI 
//nullstudy_12
//Subjects=10
0  12  -26 
-40  18  -20 
-6  48  26 
-62  -28  -26 

//Reference=MNI 
//nullstudy_13
//Subjects=11
-34  -8  -24 
44  30  24 
-34  0  6 
-14  -16  -10 
-32  -42  38 
-54  -48  -18 
-36  -6  46 
-56  2  -6 

//Reference=MNI 
//nullstudy_14
//Subjects=10
12  16  64 
-50  -50  0 
46  18  46 
-54  -40  52 
-12  -58  32 

//Reference=MNI 
//nullstudy_15
//Subjects=10
-10  -70  -40 
-56  0  -24 
-20  52  16 
-18  -14  -14 
-58  -28  6 
-6  -86  -6 

//Reference=MNI 
//nullstudy_16
//Subjects=11
-42  46  10 
24  58  -16 
-2  -36  -6 
-40  46  28 
18  2  -14 
-36  -94  10 
-46  -56  14 
18  50  26 
16  56  32 

//Reference=MNI 
//nullstudy_17
//Subjects=10
44  4  14 
-56  -62  -36 
6  52  -20 
20  64  -6 
-44  -14  -8 
-56  24  4 
-24  -58  -40 

//Reference=MNI 
//nullstudy_18
//Subjects=9
-50  -64  -38 
-14  -86  40 

//Reference=MNI 
//nullstudy_19
//Subjects=10
38  4  -10 
-40  -10  -28 
58  18  30 
-40  18  -24 
-54  -40  18 
28  52  -20 

//Reference=MNI 
//nullstudy_20
//Subjects=12
38  24  -30 
-52  -70  -38 
-10  8  -20 
-44  -36  -30 
-48  46  6 
32  32  34 
-46  -66  10 
12  6  50 
-38  14  26 
2  48  38 

//Reference=MNI 
//nullstudy_21
//Subjects=11
36  24  24 
-8  -16  -4 
-30  50  0 
-40  18  54 
-52  -2  30 
28  22  -36 
-40  -16  -22 
6  56  -24 
-50  -30  32 
4  48  -24 
48  18  24 
-2  -96  -16 
-18  8  58 
-16  -4  -14 
4  42  40 
-56  -68  12 
-38  -84  -4 
-16  -4  74 

//Reference=MNI 
//nullstudy_22
//Subjects=7
-26  -78  -32 
-40  16  -38 

//Reference=MNI 
//nullstudy_23
//Subjects=11
36  46  -16 
-10  -88  -36 
-22  -12  54 
-48  -24  44 
-8  -24  44 
-12  48  12 
20  34  -18 
-22  4  -14 
-2  -22  -16 
-56  -30  34 
-4  -18  70 
-16  -84  20 
0  2  8 
10  12  -4 
-48  -62  2 
-22  -12  72 
-48  -38  44 
52  18  34 

//Reference=MNI 
//nullstudy_24
//Subjects=10
-18  -26  26 
52  12  -22 
-38  -68  -28 
-30  -16  74 
-56  16  -10 

//Reference=MNI 
//nullstudy_25
//Subjects=8
28  28  -4 
-8  -78  40 
28  34  52 
-18  -40  76 
-12  -38  -14 

//Reference=MNI 
//nullstudy_26
//Subjects=10
-4  -86  12 
-18  -48  -54 
-16  -78  42 
-56  -30  -8 
-32  -62  54 
-32  -82  -38 
-34  -88  -22 
26  34  -12 
-48  -42  -28 
-12  38  -12 
-6  -14  62 
-28  14  58 
2  54  -18 
4  58  -6 
14  14  66 
60  16  8 
2  48  -28 
-56  -28  10 
-36  -70  -24 
6  40  2 
-34  12  -30 
-50  22  -20 
60  20  12 
-36  28  50 
-4  -22  28 
-38  20  -16 
-48  -22  22 
-10  60  4 
-62  -32  -20 
-10  -32  12 
-16  22  48 
-4  -82  -38 
52  6  -36 
-4  -82  -42 
-24  -60  32 
-60  -48  -12 
36  60  -4 
50  10  12 
-8  -46  22 
-62  -22  46 
-40  -60  26 
-24  -56  -4 
42  16  38 
-36  -6  20 
-26  0  -32 
8  56  28 
34  22  -34 
-4  -62  32 
-8  42  10 
-10  -56  -6 
-8  0  12 
-26  -82  -24 
-18  -4  -4 
-14  -64  -62 
-14  -36  54 
-28  0  -12 
-52  22  -2 
-4  -52  -10 
-44  -52  38 
2  10  28 
-32  24  34 
-32  -82  -18 
-22  44  12 
10  42  -30 
-62  -28  -26 
-44  -70  -38 
-30  -72  -48 
54  2  4 
36  2  -6 

//Reference=MNI 
//nullstudy_27
//Subjects=9
48  10  4 
-16  -60  20 

//Reference=MNI 
//nullstudy_28
//Subjects=11
-24  28  30 
-54  -20  0 
-18  60  6 
-46  -46  18 
-30  50  -6 
16  2  60 
14  38  40 
-4  -48  -6 
-46  12  -22 

//Reference=MNI 
//nullstudy_29
//Subjects=8
44  22  30 
-26  -6  8 

//Reference=MNI 
//nullstudy_30
//Subjects=10
-22  -92  2 
8  54  -10 
-18  52  -12 
-26  -24  76 
-20  -54  2 
-36  -78  -38 
-8  -12  -18 
-10  30  48 
-2  42  -16 
-28  -78  -54 
-56  -10  -28 
-64  0  10 

//Reference=MNI 
//nullstudy_31
//Subjects=9
-2  -88  -18 
8  28  26 

//Reference=MNI 
//nullstudy_32
//Subjects=9
-12  42  4 
-30  -84  28 
-2  -12  -6 
10  14  -26 
50  4  -42 
-4  8  40 

//Reference=MNI 
//nullstudy_33
//Subjects=8
-44  -72  -12 
-34  -60  30 

//Reference=MNI 
//nullstudy_34
//Subjects=9
-22  52  12 
-2  -18  76 
-2  -44  -24 

//Reference=MNI 
//nullstudy_35
//Subjects=10
-50  30  -4 
14  46  2 

//Reference=MNI 
//nullstudy_36
//Subjects=10
-30  -36  -34 
-8  -10  -6 
-24  -94  -26 

//Reference=MNI 
//nullstudy_37
//Subjects=11
-40  30  -14 
-8  36  46 
-18  -58  46 
-34  -10  -42 
50  34  8 
-46  -66  36 
-26  -92  4 
28  50  20 

//Reference=MNI 
//nullstudy_38
//Subjects=9
-44  44  26 
-32  0  -40 
-28  -10  -44 
-32  -94  16 
-34  -76  -56 
8  16  60 
-52  -16  20 
-54  -44  46 
-24  -48  14 
-18  40  44 
50  40  16 

//Reference=MNI 
//nullstudy_39
//Subjects=10
-34  -72  18 
16  16  64 
-38  54  2 
-22  44  18 
18  42  -22 
-6  12  -16 
-10  64  -4 
-30  -52  56 
-26  62  -4 

//Reference=MNI 
//nullstudy_40
//Subjects=10
-48  -20  56 
-10  -10  68 
-36  32  46 
38  34  -18 

//Reference=MNI 
//nullstudy_41
//Subjects=9
-48  -56  -24 
-2  -74  44 
-48  -16  62 
-26  24  50 
-4  -44  -44 

//Reference=MNI 
//nullstudy_42
//Subjects=10
-50  -8  34 
-26  -34  -32 
-16  -14  72 
-50  -48  38 
-10  -6  74 
56  22  22 

//Reference=MNI 
//nullstudy_43
//Subjects=11
-22  -40  -32 
-58  0  -18 
2  18  12 

//Reference=MNI 
//nullstudy_44
//Subjects=10
-12  -48  -46 
-52  -36  -4 
-18  48  -20 
48  10  20 
-16  -32  36 

//Reference=MNI 
//nullstudy_45
//Subjects=10
-2  -56  -58 
-52  -68  -28 
4  54  34 
2  52  -20 
-48  50  -6 
-30  -72  -38 
-52  -4  -26 
-32  -60  -42 
-32  -96  4 
38  6  -34 
-14  -78  -42 
-16  68  -2 
44  18  -22 
32  18  52 
-34  -74  -10 
-44  -16  48 
-30  -68  -22 
-8  34  -8 
-2  -92  -12 
-2  -46  38 
-16  -58  -34 
6  12  26 
-60  -30  46 
-44  20  42 
-40  -36  58 
-8  50  -2 
-42  -60  56 
-58  -56  8 
-38  -34  12 
-54  -34  18 
46  12  -34 
24  52  10 
8  10  64 
-40  -62  52 
32  8  42 
-40  6  -20 
-4  54  34 
38  34  26 
-2  -44  -42 
26  24  50 

//Reference=MNI 
//nullstudy_46
//Subjects=11
34  28  40 
36  8  -34 
18  14  -36 
-8  -90  14 
-6  -54  28 

//Reference=MNI 
//nullstudy_47
//Subjects=11
-44  -56  -48 
-52  -76  20 
12  12  18 
44  30  -14 

//Reference=MNI 
//nullstudy_48
//Subjects=8
-8  18  40 
-60  -6  38 
-44  -48  4 
6  16  4 
-30  -54  -50 
10  38  10 
-34  26  44 
-18  -70  -6 
-44  -42  -40 

//Reference=MNI 
//nullstudy_49
//Subjects=10
16  60  -6 
-40  -26  16 
12  40  -28 
14  26  -14 
6  40  36 
-66  -54  -8 
-32  -10  -12 
30  14  -26 
48  42  18 
-64  -8  -2 
-20  2  -14 
26  18  -30 
34  18  30 
48  18  0 
42  2  -6 

//Reference=MNI 
//nullstudy_50
//Subjects=11
-30  -88  28 
-12  -50  -8 

//Reference=MNI 
//nullstudy_51
//Subjects=10
-26  -54  -10 
-34  -48  -34 
32  18  -42 

//Reference=MNI 
//nullstudy_52
//Subjects=8
-58  16  20 
56  14  -8 
10  46  40 
-46  -58  -12 
-26  10  -44 
34  30  42 
-14  -34  -30 
-40  -36  46 
-42  -14  -6 
36  46  18 
-32  -68  -30 

//Reference=MNI 
//nullstudy_53
//Subjects=10
26  48  42 
-48  -22  12 
-16  -78  46 
-6  66  8 
-28  52  -18 

//Reference=MNI 
//nullstudy_54
//Subjects=9
60  4  -30 
-4  22  -26 

//Reference=MNI 
//nullstudy_55
//Subjects=11
-14  -40  -32 
20  26  40 
54  30  -4 
-2  -62  48 

//Reference=MNI 
//nullstudy_56
//Subjects=10
28  64  18 
-10  8  64 
-2  -92  14 
20  16  0 

//Reference=MNI 
//nullstudy_57
//Subjects=12
-48  18  18 
-12  12  -20 
-48  -40  18 
-20  18  -12 
-62  -14  -2 
36  18  -6 
-20  66  -12 

//Reference=MNI 
//nullstudy_58
//Subjects=11
-34  14  46 
-38  -52  12 
36  32  -4 
-26  -54  -20 

//Reference=MNI 
//nullstudy_59
//Subjects=9
-50  -64  -30 
-16  -6  -32 
-14  -80  44 
36  48  16 
-8  -56  50 
-44  38  -18 
-42  50  16 
-28  -2  10 
-10  -58  -8 
-26  -90  -2 
-6  -34  10 
48  6  32 
-2  36  -26 
42  30  -22 
-38  50  -16 
-6  28  60 
-26  -30  -26 
-8  -36  72 
28  26  -20 
-4  -54  30 
-8  -90  -18 
-52  22  30 
-32  28  -14 
-36  -62  -42 
-32  40  -8 
-18  -42  -10 
-62  -36  -28 
-26  -30  70 
34  22  42 
32  28  -12 
12  36  -2 
-18  -56  -28 
-6  -68  24 
-30  -84  0 
-38  -50  20 
-2  -32  32 
-26  -8  48 
-20  -22  2 

//Reference=MNI 
//nullstudy_60
//Subjects=10
-60  6  -16 
-58  -28  -20 
-14  -42  62 
-40  -6  46 
-38  56  -4 
-54  -30  26 
-38  52  12 

//Reference=MNI 
//nullstudy_61
//Subjects=10
-20  -76  42 
-14  30  58 

//Reference=MNI 
//nullstudy_62
//Subjects=8
4  22  40 
-4  -88  -2 
52  24  -4 
-40  -12  -4 
-26  26  60 
48  10  -26 

//Reference=MNI 
//nullstudy_63
//Subjects=7
-8  14  -18 
32  16  12 
-18  -40  2 
-2  16  70 

//Reference=MNI 
//nullstudy_64
//Subjects=11
-56  -56  -40 
-32  -74  36 

//Reference=MNI 
//nullstudy_65
//Subjects=10
-36  -72  30 
-32  46  28 

//Reference=MNI 
//nullstudy_66
//Subjects=8
-12  -60  18 
56  32  2 
-10  -94  32 
-10  -10  -26 
36  4  -36 
-24  -90  8 
22  26  42 
-20  30  -16 
-18  -100  0 
-44  -4  -36 
-52  -26  -16 

//Reference=MNI 
//nullstudy_67
//Subjects=11
-10  42  40 
-40  48  8 
-10  36  52 
10  54  -16 

//Reference=MNI 
//nullstudy_68
//Subjects=11
0  50  34 
-30  18  4 
10  36  -28 

//Reference=MNI 
//nullstudy_69
//Subjects=9
-14  6  -36 
-50  34  -2 
-32  -40  -30 
-32  -54  -60 
-50  -64  -12 
-42  -60  0 
-60  -14  14 

//Reference=MNI 
//nullstudy_70
//Subjects=8
58  12  24 
-48  -70  28 
-8  -44  10 
-56  -54  36 
46  30  40 
-64  -48  18 
-26  44  10 
46  2  -22 

//Reference=MNI 
//nullstudy_71
//Subjects=10
-44  -80  -26 
32  62  6 
-22  -86  -28 

//Reference=MNI 
//nullstudy_72
//Subjects=10
-2  62  -16 
-44  -84  -8 

//Reference=MNI 
//nullstudy_73
//Subjects=10
-22  -84  -48 
8  20  -28 
-22  -20  -12 
42  22  46 
-42  -80  38 

//Reference=MNI 
//nullstudy_74
//Subjects=10
36  12  32 
-28  8  -18 
-2  -48  -16 
-46  8  -34 

//Reference=MNI 
//nullstudy_75
//Subjects=9
-2  44  -8 
-4  34  44 
-6  -100  4 
-56  -70  12 

//Reference=MNI 
//nullstudy_76
//Subjects=10
0  24  42 
44  40  14 
-46  -4  -38 
-4  -40  -54 

//Reference=MNI 
//nullstudy_77
//Subjects=10
-8  -36  -18 
10  16  -6 
-22  -66  -24 

//Reference=MNI 
//nullstudy_78
//Subjects=10
-2  -48  18 
-30  34  -8 
-42  12  46 
-44  -74  -6 
22  2  -32 
-48  -30  20 

//Reference=MNI 
//nullstudy_79
//Subjects=11
-10  -34  56 
-20  -62  -60 
-28  -66  -14 
-26  -102  2 
-46  -54  58 

//Reference=MNI 
//nullstudy_80
//Subjects=11
-36  -92  6 
-12  -38  68 
-8  -74  -10 
-6  -22  -44 
-24  -4  -4 
-8  -30  -40 
-56  -8  -32 
-32  -52  -60 
-38  -48  54 
-20  16  -28 
-4  36  -20 

//Reference=MNI 
//nullstudy_81
//Subjects=9
-6  18  66 
-46  42  10 
38  4  28 
26  8  4 
28  2  -4 
-58  10  -20 
-22  -70  -44 
-38  4  -12 
-30  -68  -48 

//Reference=MNI 
//nullstudy_82
//Subjects=9
-50  28  -16 
56  18  28 
-6  -58  -38 
-2  6  50 
-12  -38  -22 
-36  20  -32 
-22  -36  -42 
-46  40  8 
-22  -4  54 
-40  40  8 
-48  -12  -42 

//Reference=MNI 
//nullstudy_83
//Subjects=10
-46  32  8 
-26  -10  12 
-2  0  36 

//Reference=MNI 
//nullstudy_84
//Subjects=10
-34  2  2 
32  16  34 
16  34  60 

//Reference=MNI 
//nullstudy_85
//Subjects=10
-36  -66  -56 
-30  10  36 
-48  -18  -4 
-8  62  26 
0  40  8 

//Reference=MNI 
//nullstudy_86
//Subjects=9
-10  -30  10 
-4  4  -12 

//Reference=MNI 
//nullstudy_87
//Subjects=8
20  36  48 
-60  -22  50 

//Reference=MNI 
//nullstudy_88
//Subjects=9
10  26  22 
-26  -36  -10 
30  2  -4 

//Reference=MNI 
//nullstudy_89
//Subjects=10
-30  14  14 
-4  -40  72 

//Reference=MNI 
//nullstudy_90
//Subjects=10
-8  -18  12 
-16  -62  50 
10  58  8 

//Reference=MNI 
//nullstudy_91
//Subjects=10
-16  14  64 
-52  -18  30 
8  10  -22 
-22  54  -8 
-66  -32  36 
44  8  30 
-60  -24  -30 

//Reference=MNI 
//nullstudy_92
//Subjects=11
12  12  -30 
-26  26  48 
-30  30  -6 
34  28  42 
-24  -36  52 
-18  -62  66 
-20  -26  -28 

//Reference=MNI 
//nullstudy_93
//Subjects=11
-20  -62  -48 
-36  -20  -16 
-54  -76  14 
-28  -68  30 
34  20  -12 
-34  6  66 

//Reference=MNI 
//nullstudy_94
//Subjects=10
-28  -50  44 
-18  -26  68 
24  54  2 
-2  48  -10 
6  62  -22 
-22  -40  -24 
-2  -68  -54 
-52  -20  0 
-12  -102  8 
36  10  26 

//Reference=MNI 
//nullstudy_95
//Subjects=11
-46  38  -10 
2  46  24 
26  10  -38 
38  8  54 
-64  -20  -8 
-44  -6  -22 
-8  -26  -20 
26  10  42 
-6  -54  20 
32  26  -26 
-56  -38  28 
-20  -88  -24 

//Reference=MNI 
//nullstudy_96
//Subjects=12
26  62  26 
-22  38  38 
44  8  -14 
-4  -12  -10 

//Reference=MNI 
//nullstudy_97
//Subjects=10
-56  -24  -28 
8  56  -20 
-22  62  -6 
-40  26  36 
-10  6  70 
-38  -70  8 
-4  -6  -16 
36  38  18 
-42  -54  60 
28  2  -46 
40  56  -4 
-4  8  -16 

//Reference=MNI 
//nullstudy_98
//Subjects=11
-28  -48  50 
-32  -12  62 
2  22  36 
-44  -66  -56 
46  12  -8 
-38  30  20 
-38  -50  -30 
-30  -76  52 
-18  -40  -18 
-42  -20  40 
-32  -36  54 
-8  -96  22 
-2  -44  -44 
2  6  56 
-16  -34  -26 
56  12  -2 

//Reference=MNI 
//nullstudy_99
//Subjects=10
-32  10  -38 
-32  -60  -44 
-24  -88  8 
-46  -58  -4 
-50  -64  38 
-2  -68  40 

//Reference=MNI 
//nullstudy_100
//Subjects=10
-30  -26  -14 
-6  -74  58 
-16  -102  -6 
-58  2  -4 
42  14  2 
-8  -4  -26 
-58  14  20 
58  14  10 

