//Reference=MNI 
//truestudy_1
//Subjects=10
46  -66  -8 
46  -67  -7 
45  -66  -5 
48  -66  -5 
44  -67  -7 
46  -65  -5 
46  -68  -5 

//Reference=MNI 
//truestudy_2
//Subjects=10
47  -69  -6 
45  -67  -7 
47  -67  -6 
46  -66  -6 
47  -66  -7 
47  -65  -4 
45  -66  -7 
45  -68  -4 
45  -65  -7 
47  -66  -5 
43  -66  -6 
44  -67  -5 
45  -67  -7 
45  -65  -5 
45  -65  -5 
46  -66  -5 
46  -66  -7 
47  -66  -7 
46  -65  -5 

//Reference=MNI 
//truestudy_3
//Subjects=11
48  -65  -8 
47  -65  -7 
44  -67  -6 
45  -65  -7 
45  -65  -4 
45  -66  -5 
47  -65  -5 
45  -67  -6 
46  -66  -5 
47  -67  -6 
45  -65  -6 
47  -66  -6 
46  -66  -6 
44  -67  -7 
44  -66  -5 
47  -66  -5 
45  -67  -5 
46  -66  -6 
45  -67  -5 

//Reference=MNI 
//nullstudy_1
//Subjects=10
-26  -40  -4 
28  18  -14 
-6  10  -8 
40  6  60 
-44  -30  -26 
-66  -54  4 
-30  -90  30 

//Reference=MNI 
//nullstudy_2
//Subjects=10
-46  6  22 
-30  14  -30 
-10  -86  46 
-14  48  12 
-2  -10  16 
-24  12  64 
-62  -46  -14 
-24  8  -38 
-4  -68  -38 
-32  22  34 
-26  -40  -46 
-34  -34  -22 
-56  -6  -6 
-22  -34  -26 
-56  -54  -12 
-50  -30  44 
-12  12  40 
14  68  24 
-26  8  -8 

//Reference=MNI 
//nullstudy_3
//Subjects=11
0  28  40 
6  18  50 
20  34  -24 
-48  -60  -28 
28  24  -18 
-4  -64  -14 
18  26  54 
-56  -40  -10 
12  24  6 
46  34  28 
22  54  -14 
-30  -36  40 
-8  70  12 
4  36  -24 
-20  -82  -26 
-10  -84  40 
-38  -64  -54 
-16  -66  20 
-10  -50  -10 

//Reference=MNI 
//nullstudy_4
//Subjects=11
-6  16  48 
-52  -44  48 
56  38  -4 
-38  -58  62 
-8  0  24 
-16  -18  72 
26  8  70 
-28  62  4 
-2  -74  -16 
-38  26  42 

//Reference=MNI 
//nullstudy_5
//Subjects=9
-66  -28  -2 
-6  -100  -16 
64  2  -6 

//Reference=MNI 
//nullstudy_6
//Subjects=9
10  2  52 
-10  -82  -8 

//Reference=MNI 
//nullstudy_7
//Subjects=9
48  40  18 
-12  -24  66 

//Reference=MNI 
//nullstudy_8
//Subjects=10
48  16  36 
54  20  0 
-32  -86  2 
-30  -66  6 
26  24  -24 
22  10  62 
12  22  10 

//Reference=MNI 
//nullstudy_9
//Subjects=9
-2  -8  20 
22  32  -22 
-32  -88  -22 
-10  -18  8 

//Reference=MNI 
//nullstudy_10
//Subjects=10
-8  -80  -12 
-6  -100  14 
-48  -58  -4 
42  52  12 

//Reference=MNI 
//nullstudy_11
//Subjects=10
42  18  -34 
-48  36  -20 
-12  26  62 
-20  -2  56 
-12  -62  -24 
-46  -52  -8 

//Reference=MNI 
//nullstudy_12
//Subjects=10
-22  -58  58 
-34  -4  -42 
-14  -88  -34 
-8  -68  54 
34  20  14 

//Reference=MNI 
//nullstudy_13
//Subjects=8
-36  -22  16 
-24  -52  66 

//Reference=MNI 
//nullstudy_14
//Subjects=10
-32  8  -46 
-2  -20  10 
-32  20  60 
-56  2  -30 
-30  34  -22 

//Reference=MNI 
//nullstudy_15
//Subjects=10
-12  -56  60 
40  60  -2 
-36  -72  -12 
-14  48  14 
-16  -56  4 
-30  -64  -52 

//Reference=MNI 
//nullstudy_16
//Subjects=10
-4  14  40 
36  14  26 
-38  -68  -46 
-62  -20  0 
-44  -64  -26 

//Reference=MNI 
//nullstudy_17
//Subjects=10
-12  -68  -22 
8  34  12 
-10  -74  48 
-12  22  2 
-16  -42  -60 
-56  -72  10 
48  4  -20 

//Reference=MNI 
//nullstudy_18
//Subjects=11
2  40  0 
-32  -68  40 
-68  -12  20 
-22  -38  -12 
40  38  36 
-36  52  20 
-6  -80  22 
-4  -8  50 
-38  38  30 
30  18  6 
-44  -62  0 
-42  -24  10 
-28  20  40 
2  8  12 
-24  10  56 
-18  -58  -64 
34  52  30 
-16  -60  62 

//Reference=MNI 
//nullstudy_19
//Subjects=11
-52  42  -8 
-6  -44  -20 
-22  24  32 
-10  -26  0 
-30  -6  -34 
-4  44  36 
-42  -4  32 
-4  -22  -22 
-2  4  4 
52  6  -6 
-66  -16  32 
44  6  -14 
-2  -34  4 
-62  -6  10 
-2  -68  60 
-36  8  60 
-50  -12  46 
-12  -86  -32 
-36  30  -4 
-10  34  16 
-10  -60  10 
-6  -10  74 
-26  -72  -10 
-26  22  -12 
16  40  4 
-38  -42  -28 

//Reference=MNI 
//nullstudy_20
//Subjects=10
4  24  -16 
-28  -88  20 
-64  -16  -16 
-12  -24  40 
-16  -86  44 
-10  -48  60 

//Reference=MNI 
//nullstudy_21
//Subjects=10
-60  -32  -16 
30  34  -4 
-6  -52  -46 
-20  -74  -36 
-20  52  -20 
12  36  26 
32  8  46 

//Reference=MNI 
//nullstudy_22
//Subjects=11
-2  18  24 
-34  56  26 
-46  0  8 
-12  24  -28 
54  2  2 
-44  -64  50 
-36  -12  58 
40  46  8 
40  4  38 
-52  22  30 

//Reference=MNI 
//nullstudy_23
//Subjects=11
-42  20  50 
-40  -84  -26 
22  14  52 
-30  34  36 
-52  -42  2 
-18  -70  6 
16  8  12 
42  10  -12 
-8  -58  -10 
-66  -30  40 
42  4  60 
-54  -74  -6 

//Reference=MNI 
//nullstudy_24
//Subjects=9
14  56  24 
30  24  28 

//Reference=MNI 
//nullstudy_25
//Subjects=9
2  40  46 
-42  34  12 
-20  -92  24 

//Reference=MNI 
//nullstudy_26
//Subjects=9
6  12  40 
-4  28  -16 
-46  -70  -12 

//Reference=MNI 
//nullstudy_27
//Subjects=10
-38  -84  -14 
-8  -104  -6 
-36  38  14 
0  6  0 
-36  -56  32 
-22  -68  0 

//Reference=MNI 
//nullstudy_28
//Subjects=12
24  26  62 
-32  -60  64 
-6  36  34 
-14  -20  -6 
-32  22  -32 
-4  -36  -12 
-4  -14  -18 
-42  -80  -12 
-32  -48  -42 
-40  4  4 
-16  -96  -16 
34  34  20 
-36  -40  44 
-58  -54  -26 
-50  32  -6 
4  14  -12 
28  20  -10 
-2  -82  -44 
-10  50  8 
-6  -70  -18 
-48  -64  -46 
-62  -6  6 
-42  -66  -26 
-4  68  8 
8  44  -28 
-42  -64  18 
-2  -66  60 
-44  -62  52 
-56  34  2 
-36  -42  -48 
-34  -58  -46 
16  20  60 
-24  -102  -6 

//Reference=MNI 
//nullstudy_29
//Subjects=11
42  14  32 
-12  -38  32 
-4  -36  6 
36  50  -10 
-40  -60  -34 
-36  26  12 
-26  -74  -6 
-14  -64  -10 
-62  2  -4 
-18  -50  -22 

//Reference=MNI 
//nullstudy_30
//Subjects=11
-54  -12  28 
-2  -96  12 
-36  -40  34 
-18  -14  -24 
6  42  38 
36  8  46 
-10  12  -16 
28  54  4 
-40  -70  26 
-12  22  62 
-16  14  68 

//Reference=MNI 
//nullstudy_31
//Subjects=9
-42  20  28 
44  54  -2 

//Reference=MNI 
//nullstudy_32
//Subjects=9
-2  -22  -42 
-24  -54  44 

//Reference=MNI 
//nullstudy_33
//Subjects=10
24  4  48 
-22  -44  -56 
-12  -50  30 
-4  -40  -64 
-2  10  -12 
-12  -44  58 
8  42  -14 

//Reference=MNI 
//nullstudy_34
//Subjects=9
0  12  22 
-20  -28  10 
-48  42  6 

//Reference=MNI 
//nullstudy_35
//Subjects=10
-8  4  -8 
-44  40  -2 
34  38  14 
-32  28  -6 
-20  -96  -14 
-30  -82  42 
-12  42  -4 

//Reference=MNI 
//nullstudy_36
//Subjects=9
-50  -54  44 
-28  -32  74 

//Reference=MNI 
//nullstudy_37
//Subjects=10
6  44  28 
-12  -38  -16 
-28  2  58 
40  20  22 
-58  -28  -2 
22  8  -36 
-10  -78  24 
-48  -74  24 
-2  38  20 
-52  -16  -10 
42  20  0 
28  30  -20 
-26  30  46 

//Reference=MNI 
//nullstudy_38
//Subjects=9
-36  -70  -56 
26  32  26 

//Reference=MNI 
//nullstudy_39
//Subjects=10
-6  4  28 
-20  38  44 
-6  -80  -46 
30  62  12 
-2  4  60 
-32  -80  -44 

//Reference=MNI 
//nullstudy_40
//Subjects=11
-2  14  -12 
-46  -44  16 
-46  -46  -46 
-30  -92  -2 
-4  -32  78 
42  44  -20 
-16  64  -12 
12  10  58 
34  26  -2 
6  2  40 
-18  -70  16 
-36  -52  34 
-6  -92  -6 
34  40  36 
-38  -40  -34 
58  10  40 
-20  -100  -10 
52  20  -28 
-46  -8  32 
-12  -66  -18 
-50  28  22 
-12  -68  -18 
-12  42  -24 
-42  -42  -36 
-8  14  50 
-42  -66  -16 
-14  -84  26 
36  28  -22 
-30  0  56 
-32  6  44 
-38  -34  -26 
-8  -70  -10 
-20  -24  66 

//Reference=MNI 
//nullstudy_41
//Subjects=9
16  20  -14 
-14  -56  70 
4  20  -4 

//Reference=MNI 
//nullstudy_42
//Subjects=9
-46  34  8 
-14  -88  32 

//Reference=MNI 
//nullstudy_43
//Subjects=9
-62  -26  44 
-52  -22  10 
-48  -32  22 

//Reference=MNI 
//nullstudy_44
//Subjects=10
-12  -42  56 
-28  14  40 
-34  -62  -14 
44  12  10 

//Reference=MNI 
//nullstudy_45
//Subjects=10
-44  20  44 
16  2  60 
-10  -34  78 
18  60  20 

//Reference=MNI 
//nullstudy_46
//Subjects=11
-4  -32  80 
-60  -34  38 
-56  -56  36 
-42  48  4 
-40  -64  34 
20  60  12 
-10  58  36 

//Reference=MNI 
//nullstudy_47
//Subjects=7
30  8  -32 
10  16  64 

//Reference=MNI 
//nullstudy_48
//Subjects=10
-12  -64  56 
-40  8  -38 
-10  18  52 
-30  -60  0 

//Reference=MNI 
//nullstudy_49
//Subjects=9
-36  -36  70 
-12  -56  -20 
-58  -36  4 

//Reference=MNI 
//nullstudy_50
//Subjects=11
-28  -72  -42 
48  18  8 
-22  -60  -30 
-28  6  -16 
-14  24  4 
38  38  -16 
28  58  -6 
-12  -30  40 
-32  24  50 
16  24  56 
-56  -12  8 
-8  -6  -18 

//Reference=MNI 
//nullstudy_51
//Subjects=10
-4  -44  -18 
16  4  -16 
-28  64  -8 
-8  -78  -20 
40  22  38 
-32  10  62 
38  16  -30 
-44  -20  -22 
-34  12  -38 
18  48  24 
-44  -80  20 
-4  -14  70 
-12  -74  -24 
-22  -82  -24 
-42  12  12 
-12  -56  -46 
-38  -6  46 

//Reference=MNI 
//nullstudy_52
//Subjects=10
-26  -8  60 
-14  6  -22 
-22  -60  52 
-48  -20  8 
-62  -32  40 

//Reference=MNI 
//nullstudy_53
//Subjects=10
-26  -30  56 
-46  -76  -18 

//Reference=MNI 
//nullstudy_54
//Subjects=11
-36  -58  -20 
-24  -88  28 

//Reference=MNI 
//nullstudy_55
//Subjects=11
-6  -26  0 
-12  -56  -30 
-56  6  30 
-16  -56  -32 
-6  -14  46 
-52  32  -10 
-12  -72  -56 
58  14  8 
52  30  4 
-4  -40  42 
32  40  -22 
-32  8  6 
0  4  42 

//Reference=MNI 
//nullstudy_56
//Subjects=10
-16  -2  -28 
40  2  38 
-24  44  32 
6  4  44 
-58  -54  -32 
-46  0  -32 
32  48  28 
-50  -56  52 
-10  -86  -18 
-16  -72  52 
-48  30  2 
-38  -26  -20 
-26  -4  -32 
-10  -34  -30 

//Reference=MNI 
//nullstudy_57
//Subjects=11
-20  -72  -58 
-56  -50  -4 
-48  -28  8 
-6  -44  0 
-42  -66  -10 

//Reference=MNI 
//nullstudy_58
//Subjects=9
10  6  -30 
-58  -50  -18 
2  24  38 
-24  -70  -48 
-26  8  -40 
8  72  -2 
-50  -70  -28 
-6  -96  -16 
-40  20  34 
56  40  6 
-42  -66  4 
-2  40  -4 
-52  -14  -4 
-34  -84  -42 
-40  -48  -16 
-50  -26  18 
-44  38  14 

//Reference=MNI 
//nullstudy_59
//Subjects=10
26  16  66 
-42  -30  40 
-10  6  74 
-34  -34  10 

//Reference=MNI 
//nullstudy_60
//Subjects=10
-6  34  -24 
-60  -10  22 
-12  -46  -30 
-48  -76  2 
-50  -16  20 

//Reference=MNI 
//nullstudy_61
//Subjects=9
-24  20  42 
-48  16  -2 
-34  -22  4 
-46  -44  28 
-44  22  42 
28  32  -14 
-38  14  42 
24  12  -20 
-58  -34  14 
-28  -62  2 
-14  66  2 

//Reference=MNI 
//nullstudy_62
//Subjects=12
-44  -84  -4 
-22  -38  0 
38  18  46 

//Reference=MNI 
//nullstudy_63
//Subjects=11
18  48  30 
-20  -56  -40 
-32  32  -4 
-26  -8  4 
-26  -74  -54 
-20  34  -16 
10  24  28 
-38  -52  16 
-4  58  32 
-16  -94  14 
-6  30  -30 
-42  -52  48 
-40  -72  -6 
-44  -64  -34 
6  68  24 
-8  -32  -2 
-4  66  -16 
30  28  28 
-42  -68  -16 

//Reference=MNI 
//nullstudy_64
//Subjects=10
-28  -20  -12 
-26  16  54 
4  40  32 
-8  14  -8 
30  42  12 
-12  -62  -58 
-14  56  -8 
26  44  -12 
-2  -38  -32 
-28  -60  -8 
-40  -8  -8 

//Reference=MNI 
//nullstudy_65
//Subjects=10
-64  -10  34 
6  50  -16 
-38  -48  -54 
14  2  -42 

//Reference=MNI 
//nullstudy_66
//Subjects=10
-28  -68  -2 
-26  -66  -40 
-36  12  40 
30  32  40 
-56  -18  -14 
-24  4  -24 

//Reference=MNI 
//nullstudy_67
//Subjects=9
-56  -28  -18 
30  8  -40 
-30  20  12 
-2  -70  -48 
-40  50  -2 
-54  -8  -18 
-8  14  -24 
-6  32  36 
-24  -76  6 

//Reference=MNI 
//nullstudy_68
//Subjects=10
-4  -52  36 
-24  -90  -32 
50  4  -4 

//Reference=MNI 
//nullstudy_69
//Subjects=9
50  42  24 
2  4  -16 
-46  32  22 
-12  -54  34 
-28  -46  -12 

//Reference=MNI 
//nullstudy_70
//Subjects=10
30  24  54 
-44  -84  18 

//Reference=MNI 
//nullstudy_71
//Subjects=9
-44  -56  28 
-40  -60  -32 
14  48  30 
-32  -76  20 

//Reference=MNI 
//nullstudy_72
//Subjects=11
38  46  -10 
-4  -30  74 
-50  -64  -14 

//Reference=MNI 
//nullstudy_73
//Subjects=11
-24  -60  12 
-18  -56  66 
22  6  -12 
-22  -96  24 
24  28  52 
-38  38  30 
-44  8  52 
10  38  -20 
-14  52  -4 
38  6  32 
-42  -50  -34 
-20  -46  -40 
-24  -12  -20 
-16  -64  52 

//Reference=MNI 
//nullstudy_74
//Subjects=10
-48  -26  -8 
-32  -54  -32 
4  4  30 
-6  -68  14 
-48  -72  4 
34  36  38 
42  10  56 

//Reference=MNI 
//nullstudy_75
//Subjects=11
-2  -88  4 
14  58  -14 
-12  -40  56 
-30  -36  -24 
22  48  -12 
-56  -66  -10 

//Reference=MNI 
//nullstudy_76
//Subjects=11
-8  -70  -36 
0  6  -6 
-30  -18  0 
38  42  38 
-40  8  -34 
2  30  -14 
-38  -58  38 
-30  -8  -48 
-58  -42  -8 
0  62  34 
-18  -42  -56 
40  6  2 
-56  -62  10 
-26  -48  -30 
-56  -70  2 
-62  -10  34 
-28  48  8 
-28  10  -20 
12  24  6 
48  10  12 
-10  2  14 
-18  -54  -40 
-6  -80  -24 
-18  -68  -50 
-30  62  14 
6  50  -8 
40  18  32 
-10  -52  0 
-28  -90  -16 
-50  -72  16 
-50  -68  4 
-14  -90  28 
-2  -10  38 
-56  -38  12 
-4  -12  28 
-32  10  -44 
-12  -24  -24 
8  66  -18 
-12  -50  -58 
22  62  14 
-8  -30  26 
-6  -70  -36 

//Reference=MNI 
//nullstudy_77
//Subjects=9
14  14  -16 
54  26  28 
-56  -56  24 
-34  -12  -20 
-42  -84  -4 
-24  -56  -2 
20  50  -6 
-50  -52  42 
-40  -54  42 
-40  -44  -56 
-50  -6  -42 
38  16  20 
0  2  50 
18  50  24 
8  38  -4 
-16  -30  -34 
-46  -18  4 
-24  -72  54 
14  36  50 
48  36  -16 
-10  0  40 
28  30  -6 
0  42  26 
-40  -40  60 
-34  -50  40 
-48  -8  -30 
-2  -74  40 
-52  -68  36 
34  28  32 
58  16  20 
-8  -16  54 
-14  2  68 
-34  -34  56 
-6  -92  16 
-6  -4  58 
-12  -74  40 
-56  -66  -20 
-24  -40  6 
-60  -24  -28 
-2  -94  8 
-36  10  -18 
4  24  62 
16  20  -18 
50  12  28 
28  12  62 
26  4  44 
-4  -24  -44 
-6  -12  -28 
8  4  42 
-52  -72  16 
-56  28  10 
-34  -74  16 
36  6  -28 
-8  -56  -42 
-18  -80  14 
-14  -26  2 
-20  12  -14 
-6  -50  -22 
-8  -90  12 
-50  -22  12 
-8  -98  8 
-32  -60  -8 
-22  -56  64 
-58  -42  4 

//Reference=MNI 
//nullstudy_78
//Subjects=10
-58  -28  14 
-64  -8  36 
52  6  -12 
4  54  42 
-2  -22  16 
-46  -18  -16 
-20  -16  74 
-12  38  -30 
-4  -32  74 
-48  28  34 
12  44  -14 
-30  -74  24 
-56  -30  52 
-6  20  28 

//Reference=MNI 
//nullstudy_79
//Subjects=10
-12  -26  6 
-12  -16  78 
-48  -34  42 

//Reference=MNI 
//nullstudy_80
//Subjects=11
-10  -12  -30 
-12  -80  34 
-44  12  34 
50  30  32 
50  42  14 

//Reference=MNI 
//nullstudy_81
//Subjects=11
-6  -64  -20 
-46  -50  30 
-16  -48  -52 
-20  36  38 
16  58  -10 
6  34  -14 
-32  32  40 
-54  -18  54 

//Reference=MNI 
//nullstudy_82
//Subjects=11
30  52  4 
-48  -54  52 
30  28  28 
36  10  38 
0  8  14 
-30  -58  -52 
-10  -70  36 
-38  -66  6 
-30  -72  -20 
-26  2  46 
-38  -78  8 
-38  22  10 
-18  52  14 
-66  -30  -26 
10  48  -6 
-32  -52  -12 
-58  -36  50 

//Reference=MNI 
//nullstudy_83
//Subjects=10
-14  -38  58 
-22  -62  40 
-6  -30  26 
-34  14  -18 
-32  -90  -30 
-58  -50  0 
-26  -60  -6 
44  6  -22 
-32  -54  -16 
-40  -38  60 
-12  -18  74 
-58  -48  40 
-16  -44  -60 
16  46  44 
-52  -26  -28 

//Reference=MNI 
//nullstudy_84
//Subjects=8
-52  18  -22 
-4  -12  -6 
-14  40  52 
-2  -86  16 
-6  56  42 
-12  -4  14 
-36  -52  -50 
-2  -88  30 
-4  -46  -6 

//Reference=MNI 
//nullstudy_85
//Subjects=8
-4  -20  68 
-42  -46  -46 
24  34  44 
-42  8  60 
-28  40  46 

//Reference=MNI 
//nullstudy_86
//Subjects=10
-42  -30  50 
-60  6  34 

//Reference=MNI 
//nullstudy_87
//Subjects=11
-60  6  2 
-48  50  -6 

//Reference=MNI 
//nullstudy_88
//Subjects=9
-10  46  48 
-52  -72  -20 
-6  0  4 

//Reference=MNI 
//nullstudy_89
//Subjects=10
-56  -52  28 
-14  -30  -30 
-44  -60  -54 
-40  -64  -34 
-42  2  10 
-44  -72  -10 
-30  -10  50 
-26  -102  -4 
-46  22  4 
30  34  24 
-50  -64  -34 
-44  -12  6 
26  40  -22 
-10  26  20 
0  28  -8 
-58  -40  28 
30  16  56 
-8  -14  2 
54  36  20 
0  54  46 
14  48  8 

//Reference=MNI 
//nullstudy_90
//Subjects=9
18  2  -40 
16  30  46 
-10  -76  16 
28  6  -26 

//Reference=MNI 
//nullstudy_91
//Subjects=8
-10  42  -10 
56  32  -6 
-44  -20  -26 
-30  -88  16 
-52  -30  -12 
-28  -60  12 
-8  2  60 

//Reference=MNI 
//nullstudy_92
//Subjects=7
-26  -78  28 
-28  -60  44 
-22  -62  26 

//Reference=MNI 
//nullstudy_93
//Subjects=9
-32  -4  2 
-42  18  -8 

//Reference=MNI 
//nullstudy_94
//Subjects=9
-4  48  -30 
-18  -98  -4 

//Reference=MNI 
//nullstudy_95
//Subjects=11
12  24  54 
48  32  2 

//Reference=MNI 
//nullstudy_96
//Subjects=10
-50  -54  20 
30  56  12 

//Reference=MNI 
//nullstudy_97
//Subjects=9
-24  4  2 
2  28  58 
-26  6  10 
-18  62  -6 
-34  34  -14 
8  54  38 
18  32  56 
-40  16  28 
-4  -74  34 
-16  -84  22 
-56  -8  2 
-18  0  70 

//Reference=MNI 
//nullstudy_98
//Subjects=11
-42  4  -34 
-68  -22  0 
-56  -10  22 
16  6  -18 
-36  -10  -44 

//Reference=MNI 
//nullstudy_99
//Subjects=9
-24  -32  -6 
-36  -78  -8 
-50  -64  36 

//Reference=MNI 
//nullstudy_100
//Subjects=11
4  6  30 
10  32  60 
-60  -38  34 
58  16  26 
66  2  26 
-6  6  -18 
-42  -56  -28 
-56  -64  -26 
-26  -82  30 
-50  -12  46 

