//Reference=MNI 
//truestudy_1
//Subjects=10
47  -67  -6 
45  -65  -7 
46  -66  -6 
46  -65  -6 

//Reference=MNI 
//truestudy_2
//Subjects=9
45  -67  -6 
47  -66  -6 
45  -66  -5 
46  -63  -6 

//Reference=MNI 
//truestudy_3
//Subjects=9
46  -67  -6 
45  -66  -8 
46  -68  -7 
44  -68  -5 

//Reference=MNI 
//nullstudy_1
//Subjects=10
-2  54  26 
-26  -56  -26 
34  2  -6 
-24  -72  0 

//Reference=MNI 
//nullstudy_2
//Subjects=9
-18  -74  -18 
50  22  46 
8  56  -8 
38  50  10 

//Reference=MNI 
//nullstudy_3
//Subjects=9
-14  60  22 
-32  -46  -14 
34  58  20 
-26  -72  -38 

//Reference=MNI 
//nullstudy_4
//Subjects=9
-36  -52  -12 
-46  -70  34 

//Reference=MNI 
//nullstudy_5
//Subjects=10
-16  -50  62 
-42  8  28 
-22  -96  22 
54  38  -8 
42  40  20 
28  58  -18 
-44  -72  32 

//Reference=MNI 
//nullstudy_6
//Subjects=9
-52  -52  -34 
24  12  64 
-22  2  -46 
-40  -32  -26 

//Reference=MNI 
//nullstudy_7
//Subjects=11
32  14  -30 
-4  -68  -20 
-22  -94  10 
-2  -40  60 
-50  -10  -42 
-68  -30  -4 
-30  -26  72 
12  16  8 
-40  -20  -20 
-28  -88  0 
-58  -62  -2 
20  40  44 
-48  -70  0 
-42  -28  26 
54  6  14 
60  22  10 
34  62  4 
42  28  4 
-66  -20  28 
-4  0  -32 
-54  -52  28 
42  4  30 
-30  -40  -10 
-62  -18  36 
-2  -52  10 
32  26  -4 
2  42  54 
-18  -66  30 
-52  -60  12 
-10  -58  -64 
16  26  50 
-4  30  58 
-16  -90  14 
0  14  12 

//Reference=MNI 
//nullstudy_8
//Subjects=11
-12  -100  8 
-4  -60  -62 
-66  -6  -22 
-40  -48  -54 
-64  -26  0 
-32  -46  -22 
48  24  -28 
14  22  -22 
30  34  48 
-6  -32  58 
-60  -18  48 
-6  -12  46 
-16  20  -22 

//Reference=MNI 
//nullstudy_9
//Subjects=9
-10  -36  -52 
4  24  -24 

//Reference=MNI 
//nullstudy_10
//Subjects=9
-4  30  28 
-50  -54  -48 
-2  -68  6 
-42  10  -22 

//Reference=MNI 
//nullstudy_11
//Subjects=9
-18  -42  -38 
-38  2  -18 

//Reference=MNI 
//nullstudy_12
//Subjects=9
-10  -72  -46 
-50  26  2 

//Reference=MNI 
//nullstudy_13
//Subjects=10
24  38  22 
36  6  -16 
-50  -58  -26 
-34  -62  -8 
58  12  36 
-38  16  -22 

//Reference=MNI 
//nullstudy_14
//Subjects=10
-16  50  -20 
-50  -4  -8 
-36  -36  14 
-32  -82  -44 

//Reference=MNI 
//nullstudy_15
//Subjects=11
-32  16  62 
12  4  -18 
-6  56  -20 
-38  16  -18 
-38  0  10 
-34  22  28 
-8  38  -20 
-6  -32  74 
-64  -8  32 
64  10  4 
-2  -30  28 

//Reference=MNI 
//nullstudy_16
//Subjects=11
36  38  44 
-16  -72  54 
58  16  -16 
-32  -44  60 
-26  -80  44 
-50  12  10 
-28  -12  0 
-12  6  16 

//Reference=MNI 
//nullstudy_17
//Subjects=11
-18  -48  0 
-6  -86  -32 
52  28  38 
-4  -80  -10 
-52  -6  -38 
8  48  34 
-10  -58  48 
-28  44  32 
-22  -20  -14 
-22  48  14 
-40  -64  8 
4  40  -8 
-48  6  20 

//Reference=MNI 
//nullstudy_18
//Subjects=10
-6  20  28 
66  6  16 

//Reference=MNI 
//nullstudy_19
//Subjects=9
-52  14  34 
-22  38  44 
-52  -16  46 

//Reference=MNI 
//nullstudy_20
//Subjects=9
-54  -56  -10 
60  18  26 
-20  -86  24 

//Reference=MNI 
//nullstudy_21
//Subjects=9
-50  -62  0 
2  48  30 
-34  -50  -58 
-10  -38  6 

//Reference=MNI 
//nullstudy_22
//Subjects=11
-24  -82  34 
-28  -80  12 
10  10  -8 
-6  -52  -10 
4  62  34 
18  2  56 
-6  62  -6 
-40  -38  66 
-20  -68  20 
-46  -48  -2 

//Reference=MNI 
//nullstudy_23
//Subjects=12
4  26  -14 
-2  40  -4 
-34  0  -4 
52  10  4 
-48  -32  -10 
-28  -72  -40 
-36  24  -36 
-66  -42  24 
-46  0  -8 
-48  -82  -10 
-26  -76  -12 
10  36  36 
-8  -60  34 
-14  -22  70 
-8  -94  4 
-48  -52  -28 
-12  26  -18 
6  52  36 
-24  -52  -58 
-16  -72  26 
-46  -72  18 
-32  -48  -22 
-14  -4  22 
-62  -26  2 
-10  -86  8 
-2  -62  64 

//Reference=MNI 
//nullstudy_24
//Subjects=10
40  22  18 
-38  -26  42 
-34  26  10 
-12  -30  64 
-22  -76  2 

//Reference=MNI 
//nullstudy_25
//Subjects=11
-16  -78  44 
-8  30  46 
-34  44  2 
-10  12  20 
-16  24  62 
-30  -88  34 
18  6  54 
-36  -74  -32 
-38  -2  -32 
-8  -62  -8 
-18  -56  26 
-10  -76  36 
-42  36  14 
36  54  8 
-26  -22  -14 

//Reference=MNI 
//nullstudy_26
//Subjects=12
-18  -72  10 
-68  -30  -20 
-26  -8  -40 
-20  -72  18 
-4  48  28 
-58  6  -26 
-2  -28  -2 
-42  22  18 
24  52  -4 
16  46  48 
-4  -10  -32 
48  30  32 
-26  -52  -40 

//Reference=MNI 
//nullstudy_27
//Subjects=9
26  30  30 
-56  -22  -18 
-38  4  14 

//Reference=MNI 
//nullstudy_28
//Subjects=11
-56  -22  0 
-4  62  22 
-4  -92  0 
-58  4  22 
-16  36  -24 
-42  -70  48 
-20  -86  -46 
-62  6  -2 
-32  -76  50 
-48  -60  14 
2  58  32 
-10  -66  46 
-58  -54  26 
10  14  -22 
-60  -36  -4 
2  20  -2 
-8  14  44 
-36  10  14 
-22  -20  -26 
20  16  4 
-26  -58  -26 
-28  -88  34 
-12  56  20 
-12  52  -26 

//Reference=MNI 
//nullstudy_29
//Subjects=9
40  24  44 
-32  -52  50 

//Reference=MNI 
//nullstudy_30
//Subjects=11
-8  -28  4 
-8  -70  0 
24  50  4 
-16  62  -16 
-10  -54  -52 
-10  -60  40 
-24  -60  10 
-30  48  -16 
-62  -2  -12 
-4  68  2 
-40  -66  -48 
-44  -14  2 
-24  -76  -18 

//Reference=MNI 
//nullstudy_31
//Subjects=9
-64  -6  -6 
-46  -44  44 

//Reference=MNI 
//nullstudy_32
//Subjects=11
0  20  -22 
-50  -24  50 
14  16  68 
2  16  6 
-60  -36  42 
-8  -28  76 
-18  20  -16 
-44  2  -30 

//Reference=MNI 
//nullstudy_33
//Subjects=11
62  4  6 
-42  -44  -28 
-24  -66  56 
-10  -92  -26 
52  34  -6 
-32  4  50 
-44  16  8 
-64  -22  26 
-34  10  -40 
-60  -46  32 
-64  -40  -22 
-2  56  8 
-46  50  8 
54  24  32 
-14  -44  -58 
-6  -72  -28 
20  50  42 
-28  58  -6 
-8  -36  -38 
-12  -30  78 
28  60  -4 
-6  -72  -48 
34  6  -18 
2  28  52 
-10  -4  36 
40  28  -6 
20  6  -16 
-44  -26  2 
-26  -52  64 
-34  28  22 
-42  -72  -52 
-12  -16  74 
-26  0  -18 
-40  -38  12 

//Reference=MNI 
//nullstudy_34
//Subjects=10
-18  -72  -2 
38  34  18 
-10  -4  62 
-44  -30  46 
-2  -12  2 
-14  -2  20 

//Reference=MNI 
//nullstudy_35
//Subjects=10
-42  18  6 
-32  32  14 
-40  6  20 
-20  58  4 
-48  50  -6 
-56  -46  -24 

//Reference=MNI 
//nullstudy_36
//Subjects=10
-28  30  48 
-26  8  42 
38  4  54 
38  4  -6 
26  54  30 
62  8  20 

//Reference=MNI 
//nullstudy_37
//Subjects=10
18  4  -24 
-12  -24  -18 
-6  14  -12 
-36  18  -12 
-42  4  38 
32  12  44 

//Reference=MNI 
//nullstudy_38
//Subjects=11
-8  -26  -46 
54  26  12 
6  30  -14 
-44  0  8 
32  14  8 
-18  70  10 
-60  -12  38 
36  46  38 
-28  -58  4 
4  52  -8 
-8  20  34 
56  8  28 
24  26  62 
-4  24  58 
-4  -82  0 
-50  6  -4 
38  50  18 
40  56  -2 

//Reference=MNI 
//nullstudy_39
//Subjects=10
-40  -44  44 
-2  -8  66 
-12  -102  8 
-8  -34  60 

//Reference=MNI 
//nullstudy_40
//Subjects=10
-44  -44  46 
-18  -38  22 
-36  -58  52 
-22  32  -10 
26  26  -8 
28  26  58 

//Reference=MNI 
//nullstudy_41
//Subjects=11
-8  -24  16 
-24  -64  -58 
-28  8  -18 
28  28  32 
-8  38  -14 
-42  -8  -40 
18  70  12 
48  24  8 

//Reference=MNI 
//nullstudy_42
//Subjects=11
-16  -36  58 
-32  24  2 
-54  -16  30 
-18  -30  -12 
-42  -60  -52 
-2  24  -20 
20  4  -6 
-20  -4  -12 
12  6  -8 
-30  -36  -44 
-2  14  -14 
-48  -14  14 
-48  -48  -26 
-18  36  -22 
-12  68  -12 

//Reference=MNI 
//nullstudy_43
//Subjects=11
-50  16  -10 
30  34  46 
44  34  -14 
-2  0  58 
-44  50  -2 
28  32  56 
42  16  32 
-2  22  64 
48  28  22 
-20  20  66 
-42  -6  54 
26  46  34 
-22  -34  -28 
60  16  4 
-14  -42  72 
6  54  -4 
-38  6  -36 
-16  -48  2 
-16  6  70 
-62  -8  4 
-44  -8  28 
-10  6  48 

//Reference=MNI 
//nullstudy_44
//Subjects=8
-12  70  8 
32  58  -14 

//Reference=MNI 
//nullstudy_45
//Subjects=10
-34  8  64 
-44  -60  -4 
-44  -4  -44 
28  2  -24 
-14  -80  -6 
0  38  -22 

//Reference=MNI 
//nullstudy_46
//Subjects=10
-52  -2  14 
-28  10  -30 
-32  16  34 
6  2  22 

//Reference=MNI 
//nullstudy_47
//Subjects=12
-12  -20  -32 
-16  18  -18 
-26  30  38 
-40  -52  -48 
-28  -80  38 
30  14  62 
-6  -102  8 
-2  -6  44 
4  20  -18 
-16  2  -16 
-26  18  -20 
-8  -42  -64 
-50  -36  40 
8  58  -24 
2  16  42 
-10  50  30 
50  42  2 
-12  -74  60 
30  54  32 
16  4  72 
-10  -72  -48 
-40  -84  16 
-32  -96  6 
-50  -74  -26 
-30  32  32 
-22  -66  30 
-12  66  4 
8  70  10 
-62  -20  42 
-4  26  60 
18  66  22 
-30  -34  -28 
42  26  -4 

//Reference=MNI 
//nullstudy_48
//Subjects=8
-20  -72  -58 
-4  -22  76 

//Reference=MNI 
//nullstudy_49
//Subjects=9
-6  -106  -2 
-26  -74  -2 
-4  -52  0 

//Reference=MNI 
//nullstudy_50
//Subjects=13
-44  -66  26 
-50  -20  12 
-22  -84  -12 
-14  10  -6 
-26  32  -24 
6  42  -16 
-52  -24  -14 
-50  6  -16 
-22  -40  72 
6  14  64 
-14  -38  66 
-28  54  -8 
4  12  -12 
-64  -38  26 
-14  -28  0 
4  8  -18 
-66  -34  -10 
-66  -46  -18 
46  40  -18 
-46  -16  8 
-42  -58  -8 

//Reference=MNI 
//nullstudy_51
//Subjects=11
38  40  -20 
-28  -56  58 
-46  -36  40 
42  46  22 
36  16  40 
-24  32  -14 
52  24  12 
-46  -84  -8 
50  26  20 
-24  -38  -36 
-6  -48  -8 
-4  54  10 
-8  -40  -18 
-32  6  32 
-40  -16  12 
-28  54  -12 
-64  -54  6 
42  54  -2 
14  32  62 
-16  52  34 
-30  -60  52 
-28  14  -24 
-2  -102  -4 
-56  -20  42 

//Reference=MNI 
//nullstudy_52
//Subjects=9
-30  -92  -20 
16  4  -32 
-50  -10  -38 

//Reference=MNI 
//nullstudy_53
//Subjects=8
-16  -36  60 
-36  12  -14 

//Reference=MNI 
//nullstudy_54
//Subjects=9
-36  22  36 
-22  -44  -14 

//Reference=MNI 
//nullstudy_55
//Subjects=9
-6  36  -24 
-48  42  -12 
-30  -50  -26 

//Reference=MNI 
//nullstudy_56
//Subjects=11
-16  -2  20 
-16  -86  -38 
44  30  4 
-46  -18  64 
-4  56  -12 
-8  56  -26 
-46  -50  56 
-8  -90  -34 
-22  -68  6 
-54  -42  10 
-14  -22  50 
-12  -84  16 
-2  24  -20 
-42  50  -2 
-36  48  28 
-42  48  -2 
50  2  38 
-20  -84  -6 
38  20  0 
-38  -44  60 
6  42  -12 
-28  -4  -16 
-10  -84  -6 
-36  46  -14 
-18  -78  -32 
-36  -52  66 
-42  -42  4 
-32  -62  -36 
-8  62  24 
14  56  -14 
30  8  -38 
-20  -20  -28 
-20  -88  -22 
-6  -72  -44 
-2  46  18 
28  50  28 
-6  -12  -24 
-24  -76  -22 
-42  -56  24 
-50  -6  -14 
-10  -80  -16 
-38  14  32 
-6  -18  36 
-42  48  -2 
-40  -18  36 
2  14  -2 
-34  -38  -28 
-30  -56  54 
-12  4  -6 
-32  0  -8 
-2  -28  74 
-42  -40  20 

//Reference=MNI 
//nullstudy_57
//Subjects=11
-32  12  -46 
-32  -86  36 
-10  22  50 
-16  -2  54 
8  10  -6 
-58  12  4 
-54  -54  -38 
-6  -24  60 
-20  12  70 
-38  30  -8 
-52  34  14 
-60  2  -24 
8  64  2 
-4  44  22 
-36  -14  -4 
-14  -60  56 
-30  10  -14 
-24  4  -16 
-44  18  4 

//Reference=MNI 
//nullstudy_58
//Subjects=9
-20  60  -12 
-6  -44  -64 

//Reference=MNI 
//nullstudy_59
//Subjects=10
10  8  42 
-10  -12  74 
-16  -94  -6 
-24  16  62 
32  48  -8 

//Reference=MNI 
//nullstudy_60
//Subjects=9
-50  6  42 
-40  0  -44 
-42  -60  -26 

//Reference=MNI 
//nullstudy_61
//Subjects=11
-18  -54  -16 
-2  -2  -28 
-38  18  22 
-42  18  -24 
-64  -2  -22 
42  22  -14 
-34  54  -16 
-28  8  10 
-16  2  -30 
-64  -22  -8 
18  60  6 

//Reference=MNI 
//nullstudy_62
//Subjects=9
-8  -44  -16 
-28  12  -18 
-40  -72  32 

//Reference=MNI 
//nullstudy_63
//Subjects=10
-4  -2  40 
-26  -8  62 
-16  68  -8 
-16  -68  -34 

//Reference=MNI 
//nullstudy_64
//Subjects=10
-58  -6  28 
-24  -8  -20 
-30  -62  40 
0  30  -4 
-58  -32  36 
-24  34  -8 

//Reference=MNI 
//nullstudy_65
//Subjects=10
20  4  -8 
-26  -56  -46 
-22  -82  -6 

//Reference=MNI 
//nullstudy_66
//Subjects=9
-24  10  -10 
-30  -94  12 

//Reference=MNI 
//nullstudy_67
//Subjects=10
-8  -42  -50 
32  26  14 
-54  -36  46 
-56  -14  -40 

//Reference=MNI 
//nullstudy_68
//Subjects=9
46  36  24 
-28  -2  -22 
-42  -68  36 

//Reference=MNI 
//nullstudy_69
//Subjects=11
54  28  8 
22  54  22 
-10  -70  20 
-28  16  -12 
-4  -10  0 
-32  -28  66 
-68  -12  -12 
38  20  50 
-10  -22  34 
-42  12  58 
-36  -12  -38 
-2  -36  0 
-22  46  38 

//Reference=MNI 
//nullstudy_70
//Subjects=9
-2  0  -4 
-42  -8  -8 
48  24  -12 

//Reference=MNI 
//nullstudy_71
//Subjects=10
-6  20  48 
-54  -24  -10 
-14  -30  22 
-12  -82  20 
-2  -68  62 

//Reference=MNI 
//nullstudy_72
//Subjects=8
30  54  -2 
-36  -86  -28 

//Reference=MNI 
//nullstudy_73
//Subjects=10
-46  8  44 
-12  -26  -20 
40  2  42 
-42  10  40 
-48  -34  22 
-28  -82  -42 
-28  8  56 
-16  -12  70 
46  4  -2 

//Reference=MNI 
//nullstudy_74
//Subjects=8
-22  16  38 
-20  10  68 
-8  -36  40 

//Reference=MNI 
//nullstudy_75
//Subjects=8
-28  -62  -24 
-6  26  36 

//Reference=MNI 
//nullstudy_76
//Subjects=11
-50  -14  30 
62  6  -22 
-4  -26  -8 
-38  -64  -10 
-30  50  14 
-6  64  2 
-26  0  -46 
22  14  -8 
-52  14  38 

//Reference=MNI 
//nullstudy_77
//Subjects=10
16  32  -22 
-54  -50  -30 
-32  2  0 
4  16  22 
30  14  -2 
-40  42  36 
-4  40  -2 
-30  -66  -28 

//Reference=MNI 
//nullstudy_78
//Subjects=10
-48  -12  -2 
-44  -34  24 
-10  38  20 

//Reference=MNI 
//nullstudy_79
//Subjects=9
-10  -48  -28 
46  38  10 
-4  -32  -28 

//Reference=MNI 
//nullstudy_80
//Subjects=10
-2  -66  -10 
-18  -40  12 
-14  30  26 
-12  0  52 
34  44  -20 
2  28  14 
-54  -2  -16 
-20  -104  -2 
20  16  -22 
-52  12  0 
26  26  50 

//Reference=MNI 
//nullstudy_81
//Subjects=10
-8  -82  14 
-16  -100  -8 
22  60  -12 
0  46  26 
48  28  0 
6  24  -16 
50  14  -26 

//Reference=MNI 
//nullstudy_82
//Subjects=12
-34  24  8 
-26  -16  62 
-48  -50  -32 
8  12  4 
-6  -28  -8 
-22  -100  -16 
4  4  44 
-30  -28  -8 
-54  -76  -6 
-38  -24  0 
-14  -82  26 
-24  -38  -14 
-10  0  44 
36  26  -8 
2  2  -18 
-32  50  18 
-4  -72  -24 
14  40  38 
-54  -74  0 
-20  -8  -12 
30  40  24 
-56  8  14 
-8  -50  52 
-26  -74  26 

//Reference=MNI 
//nullstudy_83
//Subjects=12
-6  -8  -34 
-38  -44  58 
22  10  -38 
-38  18  -38 
-44  2  0 
10  60  6 
-12  46  -24 
42  8  32 
-38  -24  20 
-36  -14  40 
-46  -68  36 
-50  36  -2 
-42  24  -22 
4  38  22 
-62  -32  -4 

//Reference=MNI 
//nullstudy_84
//Subjects=10
-16  8  20 
-8  44  12 
-10  -92  -4 
-54  -20  -18 
-4  -104  4 
-8  -70  60 

//Reference=MNI 
//nullstudy_85
//Subjects=12
-4  16  -24 
24  2  72 
-30  24  30 
-28  -4  42 
-12  -24  -4 
-22  -76  38 
-54  -6  18 
38  8  42 
-22  -8  -6 
-42  -4  18 
50  26  -2 
-40  -56  12 
44  12  32 
-50  34  30 
-18  -44  2 

//Reference=MNI 
//nullstudy_86
//Subjects=10
-38  0  44 
44  20  42 
22  12  -22 
-12  -48  -58 

//Reference=MNI 
//nullstudy_87
//Subjects=9
-40  -52  42 
-6  -68  20 

//Reference=MNI 
//nullstudy_88
//Subjects=9
-62  -50  -18 
-16  -48  -4 

//Reference=MNI 
//nullstudy_89
//Subjects=10
-30  18  14 
42  8  50 
-38  4  0 
-14  66  18 
-64  -30  -30 
-12  60  36 

//Reference=MNI 
//nullstudy_90
//Subjects=10
-22  -42  8 
8  22  56 
-40  -90  -8 
-8  -36  0 

//Reference=MNI 
//nullstudy_91
//Subjects=11
-2  40  32 
52  8  -38 
-28  -12  2 
-34  -32  56 
4  60  -22 
-38  -84  -30 
-42  -22  58 
10  18  -22 
-4  26  48 
-68  -12  24 
-8  -52  28 
12  22  28 
-28  50  -20 
-50  -54  28 
-16  38  -16 
-38  -48  48 
46  42  24 
-28  -54  -28 

//Reference=MNI 
//nullstudy_92
//Subjects=9
-8  10  48 
-38  -16  -38 

//Reference=MNI 
//nullstudy_93
//Subjects=9
-16  42  32 
40  14  -6 
-54  -28  -8 

//Reference=MNI 
//nullstudy_94
//Subjects=8
-2  2  12 
12  40  20 

//Reference=MNI 
//nullstudy_95
//Subjects=9
-42  48  6 
-22  -76  -26 
-4  -18  54 

//Reference=MNI 
//nullstudy_96
//Subjects=11
42  16  32 
-2  -86  18 
-32  -74  48 
-44  -58  -56 
-4  -16  32 
8  8  54 
-16  -80  18 
26  24  -28 
50  14  8 
-20  -40  72 
-52  -64  -10 

//Reference=MNI 
//nullstudy_97
//Subjects=8
-34  -52  -14 
48  16  -30 

//Reference=MNI 
//nullstudy_98
//Subjects=13
-18  -52  -62 
22  32  38 
-40  -44  48 
-24  -54  48 
-4  -38  -28 
-28  -48  56 
-18  -38  50 
-56  6  -18 
52  40  22 
-62  0  28 
-42  -24  20 
40  36  -16 
-56  -4  -24 
32  6  -18 
24  66  18 
-22  44  44 
-46  -28  -30 
-12  46  50 
-38  48  30 
-26  -84  -12 
52  22  30 
-14  -84  -26 
-24  10  -36 
-14  -36  70 
-40  -82  6 
18  2  -28 
-6  -74  34 
-30  -10  -22 
64  6  6 

//Reference=MNI 
//nullstudy_99
//Subjects=11
32  8  -48 
-2  -14  -24 
-30  14  -42 
-34  -8  6 
38  18  -8 
50  8  40 
-60  -18  -10 
20  56  24 
-44  -18  -2 
2  18  8 
16  30  42 
22  48  34 
-8  -12  -30 
-32  -66  28 
46  14  26 

//Reference=MNI 
//nullstudy_100
//Subjects=12
38  22  -12 
-2  6  50 
-52  -14  -14 
-54  -56  -18 
-16  28  -14 
-10  -4  76 
-28  -88  -12 
-28  -58  56 
-48  -6  -38 
42  18  0 
-50  22  -10 
-56  -46  52 
-36  -66  0 
-8  -88  24 
-20  -50  50 

