//Reference=MNI 
//truestudy_1
//Subjects=10
46  -67  -6 
47  -68  -4 
48  -64  -5 
44  -66  -5 
47  -66  -4 
46  -66  -5 
45  -67  -7 
45  -67  -7 
45  -65  -6 
47  -66  -5 

//Reference=MNI 
//truestudy_2
//Subjects=9
47  -66  -6 
47  -67  -6 
46  -65  -7 

//Reference=MNI 
//truestudy_3
//Subjects=11
45  -68  -8 
48  -65  -6 
47  -67  -6 
47  -64  -5 
45  -65  -8 
47  -66  -8 
46  -66  -7 
47  -68  -8 
47  -68  -5 

//Reference=MNI 
//nullstudy_1
//Subjects=10
54  20  -10 
-12  -50  70 
-48  -30  60 
-20  -56  -50 
-58  -4  36 
50  4  10 
10  34  -12 
-14  -96  -16 
44  26  -26 
-54  10  40 

//Reference=MNI 
//nullstudy_2
//Subjects=9
34  52  26 
-34  -34  42 
-28  16  2 

//Reference=MNI 
//nullstudy_3
//Subjects=11
-14  -46  -14 
12  12  50 
-10  -14  38 
48  28  18 
-8  -38  -24 
-34  -74  38 
18  10  12 
-36  -12  22 
26  44  42 

//Reference=MNI 
//nullstudy_4
//Subjects=10
-10  -6  42 
0  24  14 
-2  -8  44 
-8  -34  -12 

//Reference=MNI 
//nullstudy_5
//Subjects=11
-10  -72  14 
-8  50  24 
8  26  -22 
-6  -40  -32 
56  36  -4 
-58  -60  18 
24  34  30 
-4  -20  6 
-28  -62  28 

//Reference=MNI 
//nullstudy_6
//Subjects=10
-40  46  -12 
-40  -72  -22 
-12  -26  -36 
22  60  4 
10  28  60 
-8  -12  72 
-8  -14  64 

//Reference=MNI 
//nullstudy_7
//Subjects=11
0  52  -2 
0  52  -14 
-50  -2  -40 
-32  -60  36 
-58  -66  28 
-28  -96  0 
-46  32  12 
-32  6  28 

//Reference=MNI 
//nullstudy_8
//Subjects=9
-28  -56  -38 
-48  12  -16 

//Reference=MNI 
//nullstudy_9
//Subjects=11
38  8  58 
-48  -18  -10 
-12  40  50 
10  68  8 
-22  -34  -18 
-32  34  20 
-26  22  -24 
-44  -36  22 
-22  -22  -26 
-20  -14  -8 
-34  -16  -18 
4  28  -26 
6  50  30 
24  4  -44 
-36  -10  -36 
32  36  26 
-36  62  -8 
-52  -24  -32 
-42  -80  -32 
-58  -6  28 
-6  -62  -2 
-24  -92  28 
-32  -84  36 
-24  -80  -28 
-48  16  -28 
-12  -68  52 
28  52  6 
-58  -42  -24 
-22  -54  -4 
-6  28  58 
-30  -60  42 
-46  -56  20 
-14  -60  -14 

//Reference=MNI 
//nullstudy_10
//Subjects=9
-42  -58  -52 
20  56  -4 
24  42  42 

//Reference=MNI 
//nullstudy_11
//Subjects=9
-28  -78  -2 
-28  -14  -38 
26  8  -2 
16  4  18 

//Reference=MNI 
//nullstudy_12
//Subjects=9
-20  -16  -30 
-20  8  -30 

//Reference=MNI 
//nullstudy_13
//Subjects=9
-26  6  64 
-20  -64  -6 

//Reference=MNI 
//nullstudy_14
//Subjects=10
30  54  10 
-18  20  -22 
32  60  2 
-44  -66  22 
-6  -80  -10 
-64  -14  18 
-34  -28  -32 

//Reference=MNI 
//nullstudy_15
//Subjects=8
-34  50  16 
-56  -60  -26 

//Reference=MNI 
//nullstudy_16
//Subjects=9
50  20  34 
-44  -40  36 
-4  -72  40 

//Reference=MNI 
//nullstudy_17
//Subjects=10
-38  -14  32 
-30  -82  30 
-24  -60  44 
-14  -94  -28 
-10  -48  -14 
12  4  -20 

//Reference=MNI 
//nullstudy_18
//Subjects=10
-52  -8  42 
8  38  50 
22  12  -36 
-26  -14  2 
-6  -82  38 

//Reference=MNI 
//nullstudy_19
//Subjects=11
34  4  -38 
34  50  8 
-8  -20  -36 
-50  -10  -26 
30  2  -30 
8  2  -24 
-64  -18  26 
-54  -34  36 
0  52  -6 
20  4  -36 
4  56  44 
-16  28  8 
2  34  20 
44  6  18 
-26  4  -46 
-10  -74  -36 

//Reference=MNI 
//nullstudy_20
//Subjects=11
-6  -48  -30 
-16  -74  12 
-40  -36  48 
-22  -48  68 
-44  38  34 
-28  -50  -46 
-16  -68  50 
-4  -48  26 
-54  18  38 
44  48  16 
-32  -50  -50 

//Reference=MNI 
//nullstudy_21
//Subjects=10
-44  -60  -48 
42  6  -24 
-54  4  30 
-54  -50  -8 
-36  -2  42 
12  48  48 
4  54  6 

//Reference=MNI 
//nullstudy_22
//Subjects=9
-6  36  8 
-36  30  32 
12  52  48 
-56  -66  28 

//Reference=MNI 
//nullstudy_23
//Subjects=9
-58  -48  32 
-34  -70  -20 

//Reference=MNI 
//nullstudy_24
//Subjects=9
-52  -56  -2 
-34  12  32 
56  10  -16 

//Reference=MNI 
//nullstudy_25
//Subjects=9
26  6  -42 
-14  -64  34 

//Reference=MNI 
//nullstudy_26
//Subjects=10
-28  -40  -22 
-24  -74  -12 
-54  -70  -16 
-36  -14  -32 
44  6  -36 

//Reference=MNI 
//nullstudy_27
//Subjects=8
-44  -58  -6 
-8  -42  34 

//Reference=MNI 
//nullstudy_28
//Subjects=11
44  32  8 
-2  2  34 
-8  46  34 
-30  30  -6 
-8  6  6 
-50  -32  -32 
-58  -36  52 
-6  -32  72 
-68  -30  -10 
8  64  14 
30  14  -10 
-26  -86  -48 
-28  -20  -26 
-24  -62  32 
64  6  10 
8  44  38 
-28  -36  -50 
54  8  22 
48  6  4 
-22  22  -14 
0  16  62 
6  20  -18 
-52  -36  -16 
14  52  -12 

//Reference=MNI 
//nullstudy_29
//Subjects=10
-12  -60  -54 
-20  -50  -32 
-56  -38  -2 
-26  38  -16 
-24  -42  62 
-6  -82  -20 
-10  -78  4 
-28  6  56 

//Reference=MNI 
//nullstudy_30
//Subjects=8
-26  -46  66 
-40  -82  -28 

//Reference=MNI 
//nullstudy_31
//Subjects=8
-30  -30  50 
50  24  -6 
-12  -102  -4 

//Reference=MNI 
//nullstudy_32
//Subjects=9
12  26  6 
-44  -30  10 

//Reference=MNI 
//nullstudy_33
//Subjects=10
-2  -80  -12 
-22  -56  66 
44  4  18 
-54  -26  52 
48  22  34 

//Reference=MNI 
//nullstudy_34
//Subjects=11
32  38  20 
-46  40  10 
-54  -42  -12 
4  16  40 
-36  -62  -48 
-14  18  52 
-52  26  12 
14  32  46 
-16  20  2 
30  20  -34 

//Reference=MNI 
//nullstudy_35
//Subjects=10
-6  -56  -54 
-16  -18  72 
26  58  -2 
-34  -68  -26 
-18  28  8 
-26  -76  -14 

//Reference=MNI 
//nullstudy_36
//Subjects=9
-24  -72  50 
-12  -72  -8 
-10  56  -10 

//Reference=MNI 
//nullstudy_37
//Subjects=10
-42  -2  -16 
-22  -68  -36 
-46  46  -18 
-28  34  30 
-58  -30  44 
-12  -4  70 

//Reference=MNI 
//nullstudy_38
//Subjects=10
-56  -54  0 
44  20  18 
10  18  58 
-50  -68  -32 
-16  22  -12 
-64  -2  -10 

//Reference=MNI 
//nullstudy_39
//Subjects=10
-38  20  40 
-30  -60  30 
-4  -26  -50 
-50  -18  58 
-36  -44  -18 
-6  -80  -34 

//Reference=MNI 
//nullstudy_40
//Subjects=9
-8  -22  18 
16  54  36 

//Reference=MNI 
//nullstudy_41
//Subjects=9
-20  -2  -4 
-24  50  -10 
-38  12  -42 
-20  -92  -26 

//Reference=MNI 
//nullstudy_42
//Subjects=11
56  22  24 
2  14  52 
-50  -4  -34 
-44  -32  8 
-44  -24  -6 
-20  -14  -30 
-26  26  -24 
-10  6  72 
-18  -40  0 
-42  4  30 
-32  0  54 
10  44  42 
-46  -64  36 
-48  -60  -30 

//Reference=MNI 
//nullstudy_43
//Subjects=11
-8  32  30 
6  64  -8 
-12  6  -18 
-46  16  -12 
-18  32  56 
-2  56  -10 
-14  24  6 
-48  -60  28 
-52  -40  14 
50  20  20 
-36  -16  64 
-18  -62  -48 

//Reference=MNI 
//nullstudy_44
//Subjects=10
12  14  20 
-14  -88  -36 
-10  56  -18 
36  56  10 

//Reference=MNI 
//nullstudy_45
//Subjects=11
4  2  0 
-20  -10  56 
-24  -4  46 
-56  -68  10 
14  14  -16 
-20  66  -6 
-30  -70  -60 
-2  -62  14 
-8  -14  -24 
-18  -56  12 
40  6  -10 
20  10  -44 
-32  -48  -34 
0  64  2 

//Reference=MNI 
//nullstudy_46
//Subjects=10
-30  -70  -42 
-24  -52  -36 
-14  -48  28 
40  20  -24 
-6  34  56 

//Reference=MNI 
//nullstudy_47
//Subjects=9
-26  -42  58 
-56  -6  38 
-26  -14  -28 

//Reference=MNI 
//nullstudy_48
//Subjects=11
-8  0  6 
30  16  -46 
-54  -34  -6 
-6  56  26 
4  52  -2 
-30  -4  -44 
-6  22  0 
-34  -10  -26 
-16  22  -22 
-2  38  -24 
-8  -42  -20 
40  22  8 
34  14  26 
-34  -60  -46 
30  14  42 
-36  -62  42 
-20  -38  -28 
-42  -64  56 
4  44  28 
-58  2  12 
-14  -28  -32 
10  8  38 
-54  -44  -28 
-12  -22  70 
-12  48  -12 
-2  28  -6 
28  56  4 
-4  -50  14 
-46  -2  14 

//Reference=MNI 
//nullstudy_49
//Subjects=9
20  16  58 
8  56  14 
-44  -2  34 

//Reference=MNI 
//nullstudy_50
//Subjects=10
-26  -12  44 
-44  -22  32 
-4  -6  60 
60  16  8 
-24  -74  -4 

//Reference=MNI 
//nullstudy_51
//Subjects=10
-26  -34  -38 
-10  42  -14 
-32  -12  -22 
32  4  -16 
50  14  -16 
32  24  -28 

//Reference=MNI 
//nullstudy_52
//Subjects=10
-10  -40  -46 
-26  -62  8 
-18  62  0 
42  26  34 
-22  62  4 
28  62  12 

//Reference=MNI 
//nullstudy_53
//Subjects=8
48  22  12 
-14  -34  72 

//Reference=MNI 
//nullstudy_54
//Subjects=11
-10  -28  -12 
48  4  0 
28  46  18 
-36  58  -8 
-4  -6  18 
-28  58  10 
-54  -20  4 
-62  -18  -18 
20  62  18 
-6  -24  -8 
-4  20  56 
-6  10  -24 
-2  -48  34 
-28  -46  -42 
54  8  -30 
-50  -46  22 
-46  -62  10 
-6  38  44 
18  46  -22 
52  2  26 
-6  36  2 
-6  -12  -10 
20  36  38 
-28  -12  -14 
36  52  -4 
-10  -58  42 
-24  -38  -52 

//Reference=MNI 
//nullstudy_55
//Subjects=11
-16  -28  38 
14  10  36 
-18  -74  58 
-20  -6  60 
-22  6  58 
-14  -46  32 
8  50  -14 

//Reference=MNI 
//nullstudy_56
//Subjects=10
-2  -8  38 
-28  -80  -50 
-40  34  42 
26  58  -8 
14  12  50 

//Reference=MNI 
//nullstudy_57
//Subjects=11
-44  -30  12 
-8  -20  -20 
32  54  28 
24  52  -20 
-36  32  -22 
-34  -82  12 
24  2  46 
-56  16  -14 
-44  36  30 
-2  10  -4 
-30  -4  -24 
-44  -60  -24 

//Reference=MNI 
//nullstudy_58
//Subjects=9
-32  16  -42 
-30  -64  46 
52  4  -36 

//Reference=MNI 
//nullstudy_59
//Subjects=11
-30  -28  70 
-24  66  -10 
-36  -14  -28 
14  52  14 
-46  38  6 
-40  -16  -44 
-34  -64  32 
-8  14  -10 
-28  -46  34 
36  28  18 
-6  -60  -4 
2  38  52 
-6  40  22 
-58  14  -2 
6  6  52 
-20  50  4 
-6  -20  -28 
48  8  56 
-12  40  40 
18  20  52 
16  62  -2 
-10  -62  64 
-18  -42  -2 
-40  12  38 
-70  -24  -10 
-10  -66  -58 
-8  -50  42 
-36  -50  -44 
42  44  30 
-26  40  -10 

//Reference=MNI 
//nullstudy_60
//Subjects=11
-8  -88  -16 
-8  -64  -44 
-12  28  -24 
-8  -36  48 
48  4  12 
-52  24  36 
-8  -24  56 
-26  12  56 
-66  -40  6 
-30  -38  -56 
-18  -54  52 
-2  4  62 
8  2  38 
-16  -24  74 
-14  -30  68 
-14  -90  -42 
4  54  46 
-16  -24  -8 
-44  -26  42 
-28  -14  0 

//Reference=MNI 
//nullstudy_61
//Subjects=12
40  8  38 
-52  12  30 
-32  -14  62 
0  26  64 
-20  -76  -16 
-46  -18  -8 
-38  -44  -48 
-6  -36  -30 
-30  -58  54 
-36  46  -10 
-12  -60  34 
6  42  22 
-22  -84  40 
12  72  6 
-18  -94  22 
-42  -76  42 
-44  16  -36 
-36  22  14 
-48  26  0 
-46  -12  8 

//Reference=MNI 
//nullstudy_62
//Subjects=10
-64  -50  -12 
-8  -46  -44 
-8  -60  50 
-26  44  30 
-10  -80  44 
-54  20  20 
-56  -6  -16 

//Reference=MNI 
//nullstudy_63
//Subjects=11
-20  66  8 
-44  -64  34 
-58  -20  -6 
-14  -102  2 
-50  -52  -2 
-14  -6  64 
-60  -66  6 
-6  -72  16 

//Reference=MNI 
//nullstudy_64
//Subjects=11
-8  -24  30 
-34  -28  58 
30  48  16 
-34  -52  -12 
-60  -38  -18 
-26  -30  -10 
-68  -38  -10 
-56  14  -20 
-10  -20  -34 
-30  -48  34 

//Reference=MNI 
//nullstudy_65
//Subjects=10
-16  46  42 
-38  10  -26 
10  58  -20 

//Reference=MNI 
//nullstudy_66
//Subjects=10
8  40  -20 
-12  -2  16 
-34  -78  -42 
0  30  34 
-6  -14  22 
-28  -44  -54 

//Reference=MNI 
//nullstudy_67
//Subjects=11
-66  -30  -14 
2  46  16 
50  10  -36 
-2  32  4 
-54  -66  -6 
-44  -64  -50 
-30  -38  -10 
-10  -26  18 

//Reference=MNI 
//nullstudy_68
//Subjects=11
-32  14  30 
-22  -8  70 
-26  10  46 
-6  -58  -50 
-56  -62  30 
-54  -54  -4 
-20  16  -10 

//Reference=MNI 
//nullstudy_69
//Subjects=9
-26  -50  44 
28  30  -8 
28  24  54 
-36  4  60 

//Reference=MNI 
//nullstudy_70
//Subjects=10
-48  26  -10 
-50  -14  -32 
44  44  -4 
-10  38  40 
-10  32  34 

//Reference=MNI 
//nullstudy_71
//Subjects=10
-40  -46  -46 
-12  -46  34 
-26  -76  20 
-42  44  22 
-30  -18  -30 
-42  -40  56 
-16  -62  -12 

//Reference=MNI 
//nullstudy_72
//Subjects=8
2  32  50 
-54  -70  -4 

//Reference=MNI 
//nullstudy_73
//Subjects=10
-38  -16  40 
-54  -12  44 
-10  -56  60 
-32  16  6 
-26  52  28 
-34  -28  48 
-6  -88  26 
4  62  -10 
-70  -36  4 
-26  14  46 
24  16  46 

//Reference=MNI 
//nullstudy_74
//Subjects=11
32  56  -12 
40  8  4 
-14  -76  -52 
-30  24  -8 
-14  2  22 
-14  -34  -28 
-14  6  22 
32  8  -4 
4  34  60 

//Reference=MNI 
//nullstudy_75
//Subjects=9
0  34  44 
-52  -18  2 

//Reference=MNI 
//nullstudy_76
//Subjects=11
-26  -46  6 
-26  50  -10 
-34  24  56 
-4  14  62 
-24  -80  4 
-36  12  -42 
-14  14  -28 
-26  24  30 
-2  -10  28 
40  10  62 
8  34  62 

//Reference=MNI 
//nullstudy_77
//Subjects=9
-40  24  -10 
-6  -22  46 

//Reference=MNI 
//nullstudy_78
//Subjects=11
-4  -28  64 
-18  -84  32 
2  4  -26 
-22  18  -36 
-10  -40  66 
-10  -70  28 
-30  -90  0 
-8  -32  66 
-2  -70  -32 
24  34  54 
-18  8  -38 
18  26  50 
44  34  -2 
18  68  4 
-34  -62  20 
36  56  -4 
-8  -52  70 
-42  -8  -2 
-62  -62  14 
4  16  -16 
40  36  4 
16  38  22 
-20  -28  -12 
-28  -78  -54 
-8  -36  64 
-2  -6  16 
-50  -48  -10 
-34  -26  8 

//Reference=MNI 
//nullstudy_79
//Subjects=10
36  12  -24 
-30  -14  52 
14  56  10 
-14  -34  70 
-14  -12  44 

//Reference=MNI 
//nullstudy_80
//Subjects=9
52  12  36 
-2  -26  -10 

//Reference=MNI 
//nullstudy_81
//Subjects=12
30  16  -32 
-62  -8  -20 
6  34  -24 
-44  -22  -30 
-28  4  66 
26  52  -16 
-32  -84  -30 
8  18  -6 
12  30  52 
6  14  -10 
-16  -56  -26 
-24  4  -2 
-16  -36  -30 
-2  -70  -40 

//Reference=MNI 
//nullstudy_82
//Subjects=10
-54  20  -8 
-42  12  -20 
-20  -26  -26 
-58  -56  0 

//Reference=MNI 
//nullstudy_83
//Subjects=9
-42  -60  -14 
-22  -54  0 
-46  -54  -22 

//Reference=MNI 
//nullstudy_84
//Subjects=11
-32  -28  48 
-6  22  -20 
12  36  -20 
-38  42  -20 
-52  -4  -14 
12  56  38 
-52  14  -30 
-48  24  36 
-32  -30  -20 
12  32  56 
54  30  6 
-4  -96  6 
54  36  24 
28  8  -4 
-10  -68  -54 
-14  -64  50 
40  6  26 
-18  -48  52 

//Reference=MNI 
//nullstudy_85
//Subjects=9
-10  50  -14 
34  18  14 
-10  -46  -54 
-42  -24  18 

//Reference=MNI 
//nullstudy_86
//Subjects=12
38  18  0 
-58  -28  32 
-50  -46  36 
56  40  0 
-24  -46  -54 
-6  8  72 
-26  48  16 
34  22  -32 
-12  -50  68 
-64  -52  26 
-12  20  14 
-42  14  52 
-38  0  50 
-2  -44  -40 
6  4  50 
-18  -68  -36 
-66  -28  8 
-38  -46  -40 
-10  6  -20 
-10  -30  -2 
-34  -66  30 
16  48  44 
-14  26  -2 
-36  -58  -16 
-14  -48  58 
-14  52  34 
-30  14  -42 
-2  -10  36 
44  52  -10 
-2  -84  -14 
-6  44  4 
-18  4  -20 
-14  -2  -40 

//Reference=MNI 
//nullstudy_87
//Subjects=12
-10  -28  18 
-28  4  -44 
-40  -80  12 
40  32  -2 
42  8  -16 
-28  -86  -4 
-10  -38  -16 
-30  -16  60 
-36  -20  22 
-46  -20  -4 
-8  -26  48 
-14  -34  40 
-26  -80  16 
-26  -44  36 
38  18  12 
-28  36  50 
-4  26  14 
-18  26  0 

//Reference=MNI 
//nullstudy_88
//Subjects=10
-42  -36  -22 
-12  50  34 
12  22  -10 
-22  -68  -28 
-4  62  -4 
-64  0  10 

//Reference=MNI 
//nullstudy_89
//Subjects=12
42  24  -8 
-8  -70  -56 
-28  -42  -6 
-20  30  -10 
-14  -72  8 
-14  40  -8 
-40  -46  56 
-14  -78  -42 
-24  -54  -34 
36  2  -18 
-14  48  -10 
-40  2  -46 
-6  -76  54 
54  14  -30 
38  50  22 
6  30  64 
48  8  14 
-16  -30  24 
52  26  -12 
34  58  6 
-16  -28  -40 
-54  -22  -36 
-16  -42  78 
20  58  -8 
36  26  -2 
-44  12  50 
38  60  8 
-46  -82  2 
-30  -16  -2 
-60  -36  38 
-32  -8  -20 
-28  -70  -8 
-38  -70  -26 
-46  -48  46 
54  6  -16 
50  6  14 
4  64  28 
-26  6  -44 

//Reference=MNI 
//nullstudy_90
//Subjects=10
-20  -32  66 
14  8  -16 
-6  -90  38 

//Reference=MNI 
//nullstudy_91
//Subjects=10
-60  -44  -22 
-38  -32  62 
-20  -66  46 
-36  -64  16 

//Reference=MNI 
//nullstudy_92
//Subjects=9
20  22  60 
-24  26  32 

//Reference=MNI 
//nullstudy_93
//Subjects=11
-2  -58  64 
-4  -84  0 
20  48  -16 
-46  -24  -30 
-20  50  32 
-2  2  -30 
-34  -64  -14 
-14  -36  -16 
-14  12  20 
2  44  14 
20  14  60 
-22  -80  -20 
6  56  -28 
22  32  54 
-16  -56  8 
-28  -54  -46 
18  6  -22 
-4  -90  28 
-52  24  4 
32  22  52 
24  36  48 
-42  -76  32 

//Reference=MNI 
//nullstudy_94
//Subjects=8
28  36  42 
-38  -78  40 

//Reference=MNI 
//nullstudy_95
//Subjects=11
30  18  34 
-54  -44  18 
-4  -42  -50 
-22  -10  72 
-2  -60  14 
8  26  24 
-44  -18  -22 
-26  -76  -28 
-10  -52  26 
-26  -94  -14 
-52  -48  4 
62  6  -6 
-30  0  52 
-30  16  38 
-60  -22  22 
-34  -28  -14 
12  42  32 
12  16  46 
40  28  -4 
-62  -18  42 
-32  -78  -24 
-2  -30  14 
32  6  68 
-32  -92  -4 
-36  38  -8 
18  34  38 
-38  26  28 
-18  -34  -28 
36  4  40 
14  30  32 
32  20  8 
-12  -48  32 
-50  -50  -12 
-68  -16  -18 
-40  -76  -24 
-22  -14  -40 
-10  56  -12 
10  54  26 

//Reference=MNI 
//nullstudy_96
//Subjects=10
-58  12  -8 
0  16  70 
10  2  42 
-28  38  24 

//Reference=MNI 
//nullstudy_97
//Subjects=10
-4  -34  48 
-44  18  -4 
-54  -46  16 
-34  -94  -14 
32  24  2 
36  20  60 
2  42  8 
24  40  22 
-26  8  62 
-62  -10  32 
-16  40  38 
-26  -20  -34 

//Reference=MNI 
//nullstudy_98
//Subjects=11
2  42  -18 
-48  18  18 
-56  14  22 
2  18  54 
-48  34  -6 
-28  -88  14 
-24  -86  12 

//Reference=MNI 
//nullstudy_99
//Subjects=11
12  36  14 
-22  -70  -42 
-32  12  -6 
-20  -50  56 
-18  -74  -34 
-12  -18  80 
38  20  -38 
-20  8  -10 
-52  -8  -32 
2  50  42 
14  44  6 
-26  32  38 
40  20  12 
-68  -10  -12 

//Reference=MNI 
//nullstudy_100
//Subjects=9
-2  -48  54 
28  26  -14 

