//Reference=MNI 
//truestudy_1
//Subjects=12
47  -65  -6 
48  -68  -6 
45  -66  -6 
47  -66  -6 
44  -67  -8 
46  -66  -5 
45  -67  -6 
46  -65  -6 
45  -68  -5 
47  -65  -5 
47  -67  -6 
48  -66  -5 
46  -65  -6 
45  -64  -6 
45  -67  -7 
48  -66  -6 
45  -65  -5 
46  -66  -5 
45  -66  -7 
46  -65  -5 
47  -65  -6 
45  -65  -6 
45  -66  -5 
47  -65  -4 
46  -65  -5 
47  -67  -5 
45  -66  -5 
45  -65  -5 
46  -66  -5 
46  -66  -7 
46  -66  -6 
45  -65  -7 
45  -65  -7 
46  -66  -6 
46  -67  -5 
45  -66  -7 
45  -67  -5 
45  -66  -6 
46  -67  -5 
45  -67  -7 
47  -66  -7 
46  -67  -7 

//Reference=MNI 
//truestudy_2
//Subjects=10
46  -66  -5 
46  -65  -5 
45  -67  -6 
46  -66  -6 
46  -65  -5 
46  -66  -8 
46  -67  -5 
46  -64  -8 
47  -67  -7 
46  -67  -7 
44  -66  -7 

//Reference=MNI 
//truestudy_3
//Subjects=11
45  -68  -7 
46  -66  -4 
46  -67  -7 
48  -67  -7 
48  -66  -6 
43  -66  -6 
45  -67  -7 
47  -65  -6 
47  -66  -6 
46  -66  -7 
46  -67  -8 
47  -67  -5 
46  -65  -5 
48  -66  -5 
46  -64  -5 
46  -66  -6 
46  -65  -5 
46  -65  -6 

//Reference=MNI 
//nullstudy_1
//Subjects=12
-22  -78  28 
30  20  52 
-12  58  -10 
-64  -12  26 
-14  -22  -30 
-18  4  6 
-8  -26  -32 
-8  -16  -2 
-8  -70  -34 
-66  -20  38 
-10  -74  58 
-6  -30  68 
-18  -56  10 
-16  10  -14 
-26  -46  -32 
54  12  46 
-4  -44  -4 
62  18  20 
-26  -64  -58 
-54  -70  -26 
20  8  14 
-28  -2  50 
-64  -6  -16 
-40  -30  -28 
-24  2  44 
44  44  4 
-2  4  50 
-4  -12  -22 
-36  -66  -32 
-28  -76  30 
-8  56  14 
-16  -82  2 
10  12  -8 
-28  -6  -50 
-26  -78  -24 
46  42  16 
-24  -28  -24 
-54  -38  -24 
-4  -74  -14 
-12  38  24 
-20  -20  -28 
-14  -88  36 

//Reference=MNI 
//nullstudy_2
//Subjects=10
-2  -48  10 
-10  -4  -10 
-52  -10  -8 
42  58  6 
-30  -18  66 
-40  -26  2 
-18  4  18 
-54  -24  32 
-8  -30  68 
-12  -4  -12 
-10  -38  -32 

//Reference=MNI 
//nullstudy_3
//Subjects=11
-66  -28  -22 
-26  -40  4 
44  14  18 
-36  4  62 
-46  -12  62 
-38  -62  -58 
-14  -2  -32 
-4  -10  68 
12  12  66 
44  46  12 
-54  -48  30 
-6  -10  44 
-50  -38  -10 
-2  -22  60 
-52  -76  -4 
28  34  -8 
-20  30  32 
-66  -50  0 

//Reference=MNI 
//nullstudy_4
//Subjects=8
-14  62  0 
-10  10  64 

//Reference=MNI 
//nullstudy_5
//Subjects=10
-28  14  -42 
-2  -90  30 
18  56  4 
-44  22  -22 

//Reference=MNI 
//nullstudy_6
//Subjects=10
-52  -8  36 
58  14  34 
-20  50  -8 
-24  -84  30 
-8  -26  -40 

//Reference=MNI 
//nullstudy_7
//Subjects=12
-30  -68  -30 
-44  -76  -46 
0  4  -22 
-32  -70  -38 
10  62  8 
-30  -20  -20 
-46  -56  -36 
-46  -40  -34 
18  42  34 
-38  20  -16 
-48  -20  8 
40  18  -26 
-2  -42  -54 
12  68  -16 
-30  -40  -50 
-2  40  24 
28  66  12 
10  18  66 
-6  -30  -40 
-48  -26  30 
-30  -90  4 
-40  18  -2 
-18  -62  -4 
-18  60  -6 
-20  -22  74 
-4  -34  -30 
-6  18  36 
-30  -84  -42 
-2  -20  54 
-4  -72  34 
-54  -20  -16 
24  28  52 
42  2  0 
-8  -106  4 
-28  -70  -22 
-4  -30  -6 
-40  -64  0 
4  38  44 
-64  -4  -14 
-18  -88  -18 
-2  38  -24 
-48  0  20 
-20  16  68 

//Reference=MNI 
//nullstudy_8
//Subjects=9
-16  10  54 
-6  -78  -4 

//Reference=MNI 
//nullstudy_9
//Subjects=10
-22  14  -10 
20  22  -26 
-6  -30  14 
-62  -2  -2 
-24  -76  -48 

//Reference=MNI 
//nullstudy_10
//Subjects=10
-6  36  -14 
36  8  -36 
-4  44  30 
-50  -54  44 
-48  6  -24 

//Reference=MNI 
//nullstudy_11
//Subjects=8
-48  12  44 
-24  -50  50 

//Reference=MNI 
//nullstudy_12
//Subjects=9
-66  -20  -18 
24  18  -24 
32  22  44 

//Reference=MNI 
//nullstudy_13
//Subjects=12
40  14  56 
40  34  -8 
-42  -40  36 
-54  -10  6 
-10  14  -22 
-46  -50  -32 
16  22  -8 
4  40  40 
-40  -40  -44 
-46  -68  -46 
-60  -18  46 
-30  62  -2 
-22  10  -26 
-54  -38  8 
-48  42  18 
-34  -60  -50 
2  8  44 

//Reference=MNI 
//nullstudy_14
//Subjects=13
-12  -80  -8 
-28  -36  50 
-56  -72  -6 
-36  0  38 
-38  52  24 
-34  -64  -10 
-4  -54  -44 
-14  -68  -52 
-24  -60  -40 
-22  -4  -20 
-22  -12  -8 
-52  -60  -16 
-50  -2  -46 
-18  22  56 
-24  -40  -12 
-32  26  18 
-32  -50  -8 
8  22  68 
-20  2  4 
-2  54  38 
-20  22  -24 
-36  -44  -50 

//Reference=MNI 
//nullstudy_15
//Subjects=10
26  20  -22 
-4  52  8 
-6  -32  74 
-60  -16  42 
-50  -14  -24 

//Reference=MNI 
//nullstudy_16
//Subjects=11
-54  -20  -16 
-6  -82  14 
-34  -64  -40 
-44  -62  34 
16  60  22 
-2  6  2 
-52  -46  24 
34  34  26 
-14  -68  28 
-44  -52  26 
-64  -22  -22 
-32  44  6 
-38  -62  -42 
-58  -38  48 
-4  68  -8 

//Reference=MNI 
//nullstudy_17
//Subjects=10
-4  -44  44 
-20  -66  32 
-56  -48  6 
-20  66  18 

//Reference=MNI 
//nullstudy_18
//Subjects=9
-20  16  2 
-34  -78  8 
-54  -48  22 

//Reference=MNI 
//nullstudy_19
//Subjects=11
42  6  -4 
-16  0  2 
-48  -42  -44 
-12  -82  -18 
-48  -42  22 
-38  34  4 
-44  -70  -18 
-10  -46  -18 

//Reference=MNI 
//nullstudy_20
//Subjects=9
52  14  24 
4  18  56 
-36  -76  -32 

//Reference=MNI 
//nullstudy_21
//Subjects=9
-14  -18  72 
6  28  24 
-14  -72  16 

//Reference=MNI 
//nullstudy_22
//Subjects=9
-16  -26  44 
4  18  48 

//Reference=MNI 
//nullstudy_23
//Subjects=11
-38  -10  -26 
6  20  -8 
-16  -64  -16 
-4  -38  -4 
-44  -30  60 
-22  -50  8 
-8  -26  -28 

//Reference=MNI 
//nullstudy_24
//Subjects=11
-42  -68  36 
-6  38  44 
-46  -34  8 
-10  40  32 
-26  -72  4 
-16  56  26 
-8  -14  20 
0  46  48 
-60  10  6 
44  34  -20 
-48  -44  -14 
-26  -44  -26 
40  24  -30 
-38  -44  -22 

//Reference=MNI 
//nullstudy_25
//Subjects=11
-50  -4  48 
-20  -42  -16 
0  40  -26 
-36  -64  -24 
-20  32  58 
-40  -36  52 
-38  -2  56 
-60  -60  24 
-2  -58  22 
-52  -40  40 
26  54  -20 
16  2  58 
-24  10  -18 
6  40  52 

//Reference=MNI 
//nullstudy_26
//Subjects=10
-62  -22  10 
-44  -64  50 

//Reference=MNI 
//nullstudy_27
//Subjects=10
32  38  38 
24  52  28 
-22  18  -22 
0  22  -26 
-12  -74  28 
-62  -24  -14 
-44  -60  26 
-58  -46  -24 

//Reference=MNI 
//nullstudy_28
//Subjects=11
34  28  -22 
32  20  44 
-20  -62  6 
-30  -66  32 
-32  -34  50 
-12  64  -6 
-24  -16  -20 
-24  60  -2 

//Reference=MNI 
//nullstudy_29
//Subjects=9
-18  -96  4 
-30  -78  14 
-38  58  -8 

//Reference=MNI 
//nullstudy_30
//Subjects=9
-14  -20  22 
-8  42  -14 
-6  20  24 

//Reference=MNI 
//nullstudy_31
//Subjects=10
38  44  24 
-18  34  32 
-8  -70  -54 
-4  -20  74 

//Reference=MNI 
//nullstudy_32
//Subjects=11
-44  6  -2 
-30  -52  52 
8  40  -18 
-26  8  -14 
-60  -28  26 
30  22  54 
6  42  44 
-26  -44  56 
-14  -34  62 
4  16  12 
-60  -28  -16 
-26  -54  42 
46  26  14 
-52  0  8 
-6  -48  38 
-50  -12  -28 
-4  -10  46 
-38  48  -2 
-32  -80  -24 

//Reference=MNI 
//nullstudy_33
//Subjects=9
20  28  48 
-30  -94  -12 
-46  -32  46 
6  26  46 

//Reference=MNI 
//nullstudy_34
//Subjects=10
16  70  -2 
52  4  6 
-12  -64  32 
-18  -58  48 
-4  -14  56 

//Reference=MNI 
//nullstudy_35
//Subjects=11
-46  -76  30 
-14  -22  16 
-24  -22  52 
40  14  -26 
-22  24  52 
-24  -82  -42 
-60  -66  16 
-40  -20  42 
-18  -94  20 
6  64  -6 
-40  -16  64 
40  56  6 
32  20  -20 
-50  -18  56 

//Reference=MNI 
//nullstudy_36
//Subjects=11
-20  -50  74 
-4  -16  6 
-6  6  72 
24  46  -10 
-2  -42  -64 
46  12  -20 
12  18  -6 
-60  10  8 
-24  -40  74 
6  68  2 
40  30  -2 
-44  20  48 
-18  -60  48 
6  32  -28 
-32  -8  -6 
50  2  46 
-12  -34  -16 
-18  -56  -50 
-30  -80  -8 

//Reference=MNI 
//nullstudy_37
//Subjects=8
-64  -16  -4 
-18  24  40 

//Reference=MNI 
//nullstudy_38
//Subjects=10
-26  -10  2 
34  18  6 
-68  -26  22 
-42  16  18 
-40  -38  22 

//Reference=MNI 
//nullstudy_39
//Subjects=11
-30  -36  -44 
26  28  28 
12  28  58 
-52  12  10 
30  10  -10 
22  34  56 
48  4  -8 
-42  -78  -12 

//Reference=MNI 
//nullstudy_40
//Subjects=11
32  4  -44 
-28  18  36 
-30  42  38 
-6  -16  44 
26  10  -4 
-36  -26  10 
-36  -58  10 
-34  -52  38 
-6  -98  14 
-30  24  -36 
-22  -76  18 
-36  -52  -54 
-40  18  42 
-40  0  26 
-20  -56  58 
56  12  34 
-60  2  22 
28  48  -8 
-20  -30  -10 
-54  -6  10 
-14  44  18 
-28  36  -20 
2  10  4 
-22  -104  -8 
-12  16  58 
-54  -48  -4 
22  44  18 
-46  -58  -40 
-34  4  -42 
6  48  46 
-38  -32  22 
-56  -6  48 
-42  -86  22 
-28  62  14 

//Reference=MNI 
//nullstudy_41
//Subjects=12
-34  -46  -18 
-14  -72  48 
-22  44  42 
-34  16  14 
-12  50  42 
-8  -34  78 
-22  -8  50 
22  56  -6 
-58  -40  32 
-12  6  40 
48  38  26 
36  62  6 
-18  10  -14 
-2  -46  68 
2  8  -8 
-42  -56  -36 
8  6  -18 
-18  -60  66 

//Reference=MNI 
//nullstudy_42
//Subjects=9
28  8  -22 
0  18  -28 
-6  -34  34 
-4  36  56 

//Reference=MNI 
//nullstudy_43
//Subjects=10
-26  -34  -26 
40  62  2 
-42  8  -26 
-38  4  62 
-8  50  -6 
12  2  16 
-48  -60  12 
-20  -8  -14 
-10  -66  6 
-16  64  -14 
-54  -24  0 
-4  -54  -40 
-4  -76  -26 
-46  6  30 
34  24  20 
22  28  38 

//Reference=MNI 
//nullstudy_44
//Subjects=12
26  44  16 
-16  -70  2 
-22  -50  -2 
-44  -6  42 
-58  -56  -8 
-6  -26  8 
-8  -86  -46 
-38  -76  -14 
-10  62  24 
-46  -6  -32 
2  2  -16 
24  2  66 
-18  32  36 
-58  -46  44 
-34  24  -30 
-4  -90  14 
-20  -38  -44 
20  22  62 
46  26  22 
10  50  30 
-10  -66  50 
-26  -56  40 
-48  -58  20 
-22  -46  -50 
-32  -68  52 
-2  -32  -54 
-10  0  52 
-4  -38  36 
-58  -18  14 
-24  -16  -6 
44  14  -40 
-56  -62  0 
-20  38  38 
-12  -96  12 
-46  -56  54 
-10  62  30 
-26  52  28 
-30  -12  -34 
-10  -26  -12 
-28  16  52 

//Reference=MNI 
//nullstudy_45
//Subjects=10
-42  -64  -54 
-30  -18  72 
-22  -78  -8 
-44  0  40 

//Reference=MNI 
//nullstudy_46
//Subjects=11
6  4  44 
-32  -16  -4 
4  28  46 
14  18  14 
-32  -82  20 
-36  8  8 
-2  -36  26 
-42  -50  62 

//Reference=MNI 
//nullstudy_47
//Subjects=10
-58  14  26 
-6  12  -4 
-28  -38  -44 
-4  -90  -6 
-38  16  44 

//Reference=MNI 
//nullstudy_48
//Subjects=9
-6  -46  68 
-36  -44  58 

//Reference=MNI 
//nullstudy_49
//Subjects=10
44  28  32 
-16  0  -14 
0  68  8 
-54  -76  10 
-36  -84  -42 

//Reference=MNI 
//nullstudy_50
//Subjects=11
-40  -8  -48 
-62  -10  8 
-16  -56  -50 
-52  4  26 
-16  -56  12 
-24  -54  -6 
-24  -54  -56 
-22  -8  50 
-26  -44  -38 
-26  -6  10 
-56  -40  8 
-4  -16  30 
-56  10  -22 

//Reference=MNI 
//nullstudy_51
//Subjects=8
-44  44  8 
-8  18  12 

//Reference=MNI 
//nullstudy_52
//Subjects=8
-34  0  -22 
-30  32  -22 

//Reference=MNI 
//nullstudy_53
//Subjects=10
-8  0  58 
-16  -68  46 
-6  -90  34 

//Reference=MNI 
//nullstudy_54
//Subjects=10
-8  -12  52 
-34  -66  40 
8  68  14 
-28  12  64 

//Reference=MNI 
//nullstudy_55
//Subjects=11
46  22  46 
-54  -16  18 
-28  -94  -24 
-8  4  58 
-40  -78  -4 
-42  -48  40 
-26  -70  -36 
-50  -28  42 
-30  20  30 
-2  54  -8 

//Reference=MNI 
//nullstudy_56
//Subjects=10
32  10  -12 
-60  -14  32 
-40  -86  10 

//Reference=MNI 
//nullstudy_57
//Subjects=10
-46  -54  16 
-58  -10  -24 
-2  -28  18 
-40  -52  -58 
34  26  20 
-6  -28  42 
-4  -74  -18 
-46  2  16 

//Reference=MNI 
//nullstudy_58
//Subjects=9
-12  48  22 
-2  28  56 
-4  -86  40 
-30  -50  -48 

//Reference=MNI 
//nullstudy_59
//Subjects=10
-48  34  30 
-50  -64  -42 
-40  -60  48 
-48  -64  12 
-56  -68  -2 
-36  -56  -54 

//Reference=MNI 
//nullstudy_60
//Subjects=10
16  10  58 
4  22  -10 
32  12  -4 
-42  32  16 
-2  -76  -42 
-16  -54  6 

//Reference=MNI 
//nullstudy_61
//Subjects=10
-20  -28  -12 
-20  -50  52 
-44  -28  42 

//Reference=MNI 
//nullstudy_62
//Subjects=11
4  48  14 
10  14  -28 
-30  -62  6 
-40  -38  40 
26  2  -30 
-12  58  -22 
-44  -52  28 
-42  -42  -52 
0  14  26 
-2  14  28 
-38  -50  -36 
-46  40  -18 
-14  -60  -64 
-10  -50  -62 
-38  54  8 
-54  -76  14 
-46  46  0 

//Reference=MNI 
//nullstudy_63
//Subjects=10
-24  40  22 
-26  -62  6 
-6  14  -18 
-16  24  44 

//Reference=MNI 
//nullstudy_64
//Subjects=10
-18  22  -2 
-22  -30  70 
-54  -26  50 
-16  -70  0 

//Reference=MNI 
//nullstudy_65
//Subjects=9
-6  -52  74 
-28  52  12 
-36  -78  -10 

//Reference=MNI 
//nullstudy_66
//Subjects=10
-20  34  -22 
-50  -54  46 
-52  24  -2 

//Reference=MNI 
//nullstudy_67
//Subjects=9
46  14  18 
-12  14  -26 
-14  16  -22 
-28  -12  -26 

//Reference=MNI 
//nullstudy_68
//Subjects=10
38  52  14 
28  66  0 
36  58  14 

//Reference=MNI 
//nullstudy_69
//Subjects=9
-30  -92  6 
18  46  -20 

//Reference=MNI 
//nullstudy_70
//Subjects=11
-56  -40  40 
-24  -34  -34 
10  32  -14 
-54  -18  32 
42  60  2 
40  32  -14 
-14  6  14 
-2  32  42 
38  22  -2 
0  28  56 
-36  16  -24 
38  24  36 
-58  -34  30 
-52  -4  28 
-52  -46  -14 

//Reference=MNI 
//nullstudy_71
//Subjects=10
-18  18  -10 
40  18  -14 
-32  24  -18 
24  40  26 
-10  -94  24 

//Reference=MNI 
//nullstudy_72
//Subjects=11
-38  -46  -16 
12  12  50 
-44  -74  30 
-24  -48  10 
-10  2  -6 
-18  16  -22 
-42  -40  8 
-22  -62  12 
62  6  14 
-14  62  26 
4  46  38 
34  26  -4 

//Reference=MNI 
//nullstudy_73
//Subjects=10
-36  -2  -38 
16  52  42 
-42  -54  44 
0  10  -16 
-4  54  38 
-54  -54  48 

//Reference=MNI 
//nullstudy_74
//Subjects=9
-62  -8  -2 
-34  -66  56 

//Reference=MNI 
//nullstudy_75
//Subjects=10
-32  20  -16 
-10  -42  -10 
14  4  0 
-66  -28  2 
-4  36  20 
-50  -12  -2 

//Reference=MNI 
//nullstudy_76
//Subjects=10
8  48  -12 
-44  -8  4 
18  44  34 
-36  -8  -42 
-12  -4  -30 
-6  -28  62 

//Reference=MNI 
//nullstudy_77
//Subjects=8
44  26  16 
34  6  -30 

//Reference=MNI 
//nullstudy_78
//Subjects=8
-62  -2  -10 
-16  46  48 

//Reference=MNI 
//nullstudy_79
//Subjects=11
-42  -16  -28 
-26  -54  8 
-66  -44  6 
20  40  -24 
-16  20  6 
-38  10  52 
-34  22  -2 
-54  6  -22 
-34  -6  68 
-28  -18  68 

//Reference=MNI 
//nullstudy_80
//Subjects=10
32  50  38 
-44  -84  -16 
-28  -86  -24 

//Reference=MNI 
//nullstudy_81
//Subjects=11
-20  -8  -12 
-28  -12  -44 
-40  52  -8 
14  14  -20 
-4  -34  -16 
-12  0  56 
-30  -2  46 
-34  -66  -40 
-28  -42  46 

//Reference=MNI 
//nullstudy_82
//Subjects=11
44  22  52 
-36  2  -42 
-34  -4  -18 
-10  38  4 
-18  -54  -18 
46  32  20 
-8  -62  -56 
-24  -58  50 
-62  -8  -22 
32  4  54 
-24  -88  20 
-4  -62  -28 
0  60  30 
-28  -52  -22 

//Reference=MNI 
//nullstudy_83
//Subjects=10
-52  -40  36 
-46  -14  -30 
-2  -20  8 
-36  -68  8 
-42  -76  -16 
6  48  52 
-2  -36  -62 
-26  32  -10 
-68  -48  0 
-48  36  -8 
0  58  -8 

//Reference=MNI 
//nullstudy_84
//Subjects=11
-38  -42  -52 
46  22  -10 
34  28  -6 
34  28  -14 
-6  54  8 
-14  -80  26 
0  62  20 
32  14  40 
-54  -42  28 
-26  -22  -6 

//Reference=MNI 
//nullstudy_85
//Subjects=9
-60  -6  -2 
-2  -26  32 
-54  -6  -12 

//Reference=MNI 
//nullstudy_86
//Subjects=10
-38  -14  -46 
-18  -50  72 
-6  8  74 
-48  -26  -28 
-22  -74  16 
-34  -22  -24 

//Reference=MNI 
//nullstudy_87
//Subjects=11
-24  -74  -22 
-10  -72  38 
60  12  -12 
18  54  20 
-42  -30  10 
-14  14  -12 
-60  -14  8 

//Reference=MNI 
//nullstudy_88
//Subjects=10
-52  -48  34 
-62  -32  36 
-6  -44  6 
-36  32  26 

//Reference=MNI 
//nullstudy_89
//Subjects=9
-28  -92  -14 
-56  -20  -36 
-6  -92  18 

//Reference=MNI 
//nullstudy_90
//Subjects=9
-34  8  -18 
-56  10  24 

//Reference=MNI 
//nullstudy_91
//Subjects=9
-32  42  40 
-66  -32  26 
-4  60  -16 

//Reference=MNI 
//nullstudy_92
//Subjects=10
10  44  40 
-34  0  -50 
-20  -82  48 
-8  -42  -12 

//Reference=MNI 
//nullstudy_93
//Subjects=11
-18  -50  -26 
-50  -12  -40 
-12  18  64 
10  2  -8 
6  30  30 
-28  0  62 
18  2  60 
-38  -14  -24 
-40  -36  -28 
-44  2  -22 
34  56  -12 
-62  -28  -28 
-44  -52  -28 
-20  -16  -24 
-12  62  4 

//Reference=MNI 
//nullstudy_94
//Subjects=8
-20  -16  -36 
-36  -46  36 

//Reference=MNI 
//nullstudy_95
//Subjects=10
20  16  -38 
-60  -50  -28 
-38  -12  -36 
-48  -14  20 
-64  -52  20 

//Reference=MNI 
//nullstudy_96
//Subjects=11
-40  18  56 
-30  -64  -34 
-8  -60  -56 
-12  -40  60 
40  28  36 
-24  -42  62 
-36  -28  -8 
30  2  54 
24  8  -6 

//Reference=MNI 
//nullstudy_97
//Subjects=12
-26  -18  58 
-18  14  -38 
-28  -46  -18 
-22  -56  -6 
-12  -52  44 
-44  -36  28 
-12  -46  42 
-44  -74  -10 
-10  -30  4 
-22  -18  -10 
-34  -82  -42 
-32  -22  6 
-50  -52  -22 
-26  -46  -20 
-60  -64  6 
50  4  -42 
10  58  20 
-12  32  -30 
-56  -42  -18 
-10  -46  -62 
-56  -2  12 
-62  -28  -14 
-56  0  -34 
-44  46  -18 
-14  -58  -44 

//Reference=MNI 
//nullstudy_98
//Subjects=10
-36  -28  22 
-42  -24  50 
-32  -34  40 
36  4  26 
-22  -54  72 

//Reference=MNI 
//nullstudy_99
//Subjects=10
-20  -36  66 
-26  -38  -24 
-64  -48  10 
-38  -8  50 

//Reference=MNI 
//nullstudy_100
//Subjects=10
2  52  12 
-36  4  -2 
-28  -80  -40 
-34  -24  6 

