//Reference=MNI 
//truestudy_1
//Subjects=10
46  -66  -7 
47  -67  -8 
44  -67  -5 
47  -65  -6 
46  -67  -5 
45  -65  -7 
46  -66  -5 
46  -66  -6 

//Reference=MNI 
//truestudy_2
//Subjects=10
45  -66  -5 
45  -64  -8 
47  -66  -5 
45  -68  -8 
45  -66  -5 
46  -65  -7 

//Reference=MNI 
//truestudy_3
//Subjects=10
46  -68  -5 
45  -67  -6 
47  -66  -7 
45  -67  -7 
45  -67  -7 
48  -67  -6 

//Reference=MNI 
//nullstudy_1
//Subjects=10
-26  62  4 
-8  -66  48 
-22  10  -46 
30  16  52 
-12  -84  -2 
-66  -44  -20 
38  20  12 
-14  -70  -46 

//Reference=MNI 
//nullstudy_2
//Subjects=10
-54  -44  -26 
-54  -18  -32 
-64  -32  28 
-14  -38  -26 
-50  6  -26 
-6  62  0 

//Reference=MNI 
//nullstudy_3
//Subjects=10
-18  -70  -58 
-4  -14  64 
-38  -10  2 
-14  -70  -54 
22  46  48 
-50  -62  -12 

//Reference=MNI 
//nullstudy_4
//Subjects=10
-36  20  -8 
-12  -20  70 
-24  -52  -32 
-40  -66  -18 
-52  -48  46 
-64  -40  -8 
16  38  -16 

//Reference=MNI 
//nullstudy_5
//Subjects=10
-46  -36  58 
-26  56  18 
-40  -46  -50 
-16  36  -22 
-28  28  -12 

//Reference=MNI 
//nullstudy_6
//Subjects=10
-20  -40  68 
-10  2  6 
-40  -16  -4 

//Reference=MNI 
//nullstudy_7
//Subjects=9
56  6  -8 
0  36  48 
-24  -92  8 

//Reference=MNI 
//nullstudy_8
//Subjects=10
-38  -82  36 
50  8  44 
-2  -74  -50 
-2  -18  48 
-38  -48  48 
18  30  46 

//Reference=MNI 
//nullstudy_9
//Subjects=11
-22  -98  -20 
-52  -28  -2 
-40  22  4 
52  2  10 
-30  -84  -42 
-20  -44  -54 
-40  -34  -12 
-18  8  -12 
-18  -70  -18 
-26  -88  32 
42  10  22 

//Reference=MNI 
//nullstudy_10
//Subjects=9
-2  0  32 
-2  -88  16 
52  30  24 

//Reference=MNI 
//nullstudy_11
//Subjects=10
-8  54  -14 
6  2  42 
-44  18  -38 
-12  -82  16 

//Reference=MNI 
//nullstudy_12
//Subjects=10
24  44  12 
28  60  -8 
6  46  38 
-30  -28  46 
-24  -48  2 
-36  12  12 
44  2  -22 

//Reference=MNI 
//nullstudy_13
//Subjects=9
-2  -54  -6 
-6  -52  -2 
-12  -72  -38 

//Reference=MNI 
//nullstudy_14
//Subjects=11
-38  -74  30 
34  46  -20 
-8  -64  2 
-44  -26  40 
26  54  -12 
24  26  34 
-54  30  -2 
-40  -80  -14 
-54  -10  8 
24  14  4 
2  8  6 
-6  44  -2 
-20  -30  18 
-10  -6  38 
-32  -36  54 
-10  18  -10 
-48  -20  40 
24  10  -42 

//Reference=MNI 
//nullstudy_15
//Subjects=9
-12  -68  6 
-40  -34  56 

//Reference=MNI 
//nullstudy_16
//Subjects=10
52  4  -6 
-4  46  24 
6  56  4 
-60  -12  24 
-30  26  26 
-4  64  16 
-28  -54  -36 

//Reference=MNI 
//nullstudy_17
//Subjects=9
-8  -42  74 
-10  -56  -60 
40  40  10 

//Reference=MNI 
//nullstudy_18
//Subjects=11
-52  -30  18 
-8  -96  8 
-36  4  -26 
-30  -76  -8 
-4  -72  -36 
-20  -62  66 
-32  54  -12 
-48  18  -10 
-34  -80  -16 
-38  -82  36 
-30  -52  54 
-4  -42  28 
-52  -16  52 
-30  -58  -14 
40  18  14 
56  10  -26 

//Reference=MNI 
//nullstudy_19
//Subjects=11
42  20  40 
-42  -64  38 
-24  -14  56 
-16  -54  52 
-6  -38  -12 
-28  -22  64 
-46  2  32 
-44  -36  22 
-22  -74  -4 
-4  20  30 
-38  -74  50 
-44  -72  -42 
12  58  -10 
-2  -82  14 
-30  -72  -30 
-54  -24  36 
36  10  -36 
-30  64  6 
-46  -32  -4 

//Reference=MNI 
//nullstudy_20
//Subjects=8
-28  0  70 
-16  22  48 

//Reference=MNI 
//nullstudy_21
//Subjects=11
-46  -16  58 
-54  -72  16 
-8  8  -14 
34  20  -24 
-48  -18  -34 
-46  -76  14 
0  34  18 
38  24  -10 
-52  10  -6 
-22  -58  -58 
42  16  30 
-36  12  12 
-20  16  -6 
18  8  58 
22  60  -18 
-16  -60  -44 
34  52  20 
44  22  0 
-4  42  40 
48  4  42 
-42  -62  -22 
-12  -86  18 
-40  -20  60 
12  24  46 
46  12  -24 
-4  12  26 
-46  4  50 
-10  -84  -6 
30  24  -18 
30  16  44 
-56  -20  50 
-14  -30  -36 
-68  -26  4 

//Reference=MNI 
//nullstudy_22
//Subjects=9
44  46  -16 
-38  18  -6 

//Reference=MNI 
//nullstudy_23
//Subjects=9
-32  -42  4 
-18  -60  2 

//Reference=MNI 
//nullstudy_24
//Subjects=10
-12  18  12 
-10  -54  28 
54  4  22 
-56  -54  44 
-34  -64  34 
32  48  8 

//Reference=MNI 
//nullstudy_25
//Subjects=8
-54  8  32 
-24  -84  -28 

//Reference=MNI 
//nullstudy_26
//Subjects=9
-34  -50  -44 
26  26  32 
-14  -66  -4 
48  52  8 

//Reference=MNI 
//nullstudy_27
//Subjects=8
-18  -50  -56 
-22  -6  -18 
-32  -50  44 

//Reference=MNI 
//nullstudy_28
//Subjects=9
-8  -70  -24 
-34  -92  -18 
-10  -94  12 

//Reference=MNI 
//nullstudy_29
//Subjects=11
-50  -76  2 
-2  -38  0 
-38  4  -40 
-20  64  -4 
-2  16  70 
4  2  -10 
-46  2  28 
46  18  -8 
-2  16  4 
-16  -74  40 
38  36  36 
32  40  -22 
18  30  50 
54  16  -24 
-44  -22  16 
-2  -66  8 
-14  -94  20 
-14  66  -14 
-8  -40  72 
-32  -8  -48 
-28  -40  -32 
-60  -30  30 
40  4  24 
-26  38  -14 
-46  -62  -54 
-54  -64  -36 
48  36  16 
-54  2  4 
-36  -20  52 
-34  -44  64 
4  58  6 
-42  22  42 
-16  -4  56 
30  58  -4 
-4  -28  12 

//Reference=MNI 
//nullstudy_30
//Subjects=11
-4  68  -2 
-30  -68  46 
-26  48  -12 
-20  -64  -34 
-4  56  -22 
32  16  -12 
26  6  -48 
-52  16  -20 
16  42  6 
-12  66  -16 
-36  -48  -52 
-38  -34  58 
30  50  10 
-6  34  32 
48  44  10 
-16  6  -22 
-54  -62  -28 
-48  -82  -16 
42  12  46 
-44  14  -16 
-50  -44  -20 
-28  58  22 
-4  40  -20 
-22  -24  -22 

//Reference=MNI 
//nullstudy_31
//Subjects=11
-60  -30  44 
-52  -56  -10 
-46  -70  -16 
-42  -50  24 
-42  -72  48 
-24  -42  18 
-36  16  44 
56  2  10 
-44  10  56 
-8  36  60 
-28  -66  -60 
-6  -66  10 
-56  -62  4 

//Reference=MNI 
//nullstudy_32
//Subjects=11
-50  -44  6 
-20  46  38 
-4  -62  60 
-50  -30  6 
-40  46  18 
-4  -52  72 
-30  22  60 
-10  -50  58 

//Reference=MNI 
//nullstudy_33
//Subjects=9
-6  46  26 
-22  58  14 

//Reference=MNI 
//nullstudy_34
//Subjects=10
-6  28  56 
-18  -40  70 
34  42  42 
-4  58  22 
22  14  -36 
-2  -74  -24 
-22  -68  -32 
-20  -20  -20 
-14  4  -14 

//Reference=MNI 
//nullstudy_35
//Subjects=11
-50  -46  -2 
-6  -64  -4 
-38  12  -32 
-48  -46  4 
-24  -4  -40 
32  18  -44 
8  12  -14 

//Reference=MNI 
//nullstudy_36
//Subjects=10
-46  6  -10 
-8  -30  48 
-62  4  4 
50  34  28 
-16  -10  -16 
-32  -2  -2 
-12  -74  38 

//Reference=MNI 
//nullstudy_37
//Subjects=8
-50  -16  44 
-54  24  22 

//Reference=MNI 
//nullstudy_38
//Subjects=9
14  50  -6 
-42  -38  50 
-36  -32  -26 

//Reference=MNI 
//nullstudy_39
//Subjects=10
-30  16  16 
-14  -24  4 
26  10  -48 
-16  -46  -28 
20  62  -14 
4  30  50 

//Reference=MNI 
//nullstudy_40
//Subjects=10
-6  -38  48 
-36  2  30 
-52  28  -12 
28  2  -20 
-14  -44  -14 

//Reference=MNI 
//nullstudy_41
//Subjects=9
-26  64  -8 
34  46  32 

//Reference=MNI 
//nullstudy_42
//Subjects=10
-16  -8  -20 
-28  20  14 
-52  -14  -4 
-20  -44  -36 

//Reference=MNI 
//nullstudy_43
//Subjects=10
-46  -24  2 
-18  -24  16 
-2  -80  30 
-6  32  38 
16  12  -12 
-44  -38  54 
-6  -44  46 
-30  -86  4 
28  2  -16 
-2  30  62 

//Reference=MNI 
//nullstudy_44
//Subjects=10
-8  -74  42 
-40  -70  8 
-48  -10  10 
34  36  20 
40  44  30 
-24  30  40 
-28  -36  -26 
-30  -46  46 
-12  -84  -16 
22  50  -16 

//Reference=MNI 
//nullstudy_45
//Subjects=9
-10  -82  -2 
-46  -48  -4 

//Reference=MNI 
//nullstudy_46
//Subjects=9
14  56  10 
-30  -66  60 

//Reference=MNI 
//nullstudy_47
//Subjects=9
-62  -24  28 
-38  -80  -12 
2  52  22 
-16  -58  -44 

//Reference=MNI 
//nullstudy_48
//Subjects=12
-46  -76  16 
-30  -84  36 
-40  -46  50 
16  38  42 
-34  -42  -30 
-4  -42  66 
-6  -70  -28 
20  18  -34 
-16  -72  48 
-40  -62  -18 
-18  50  14 
-2  -96  -6 
-62  -36  -8 
14  42  -26 

//Reference=MNI 
//nullstudy_49
//Subjects=10
-64  -12  22 
22  14  -32 
-24  -6  50 
-4  -2  8 
-12  -38  0 
18  6  20 
-8  -38  -2 

//Reference=MNI 
//nullstudy_50
//Subjects=9
-12  -104  -2 
10  28  -10 

//Reference=MNI 
//nullstudy_51
//Subjects=10
20  18  0 
20  16  -12 
-8  -20  68 

//Reference=MNI 
//nullstudy_52
//Subjects=10
56  34  -8 
24  56  22 
-30  -38  -28 
-34  -70  52 
42  52  24 
-2  22  -10 

//Reference=MNI 
//nullstudy_53
//Subjects=10
22  10  -26 
18  16  50 
-54  38  4 
38  6  -30 

//Reference=MNI 
//nullstudy_54
//Subjects=10
-44  -18  -40 
-32  -48  56 
42  56  18 
6  28  16 
6  38  14 
-10  20  48 
-54  -24  8 

//Reference=MNI 
//nullstudy_55
//Subjects=8
-16  -80  -52 
-26  -66  -10 

//Reference=MNI 
//nullstudy_56
//Subjects=10
-56  -70  14 
-60  -16  10 
-40  -30  36 
-6  44  20 
-2  8  -4 
-4  -38  -4 

//Reference=MNI 
//nullstudy_57
//Subjects=12
-30  -84  -16 
0  62  14 
-34  -68  -10 
-12  -40  -24 
34  10  28 
-30  62  -2 
-2  -2  64 
-24  26  56 
-8  -42  36 
-12  54  2 
-30  -92  18 
-4  -48  52 
-44  -58  -28 
8  28  52 
38  20  -18 
-6  -84  -32 
-40  16  -14 
4  20  56 
-18  -58  -2 
-64  -40  -12 
-50  -26  46 
6  66  14 
26  18  -10 
2  18  18 
-18  -56  -58 
-34  26  20 
-50  -50  -10 
-8  70  -8 
-32  36  14 
52  8  6 

//Reference=MNI 
//nullstudy_58
//Subjects=8
4  8  70 
4  52  14 

//Reference=MNI 
//nullstudy_59
//Subjects=11
18  52  -12 
4  14  24 
-64  -30  -14 
-26  18  -18 
16  42  34 
-52  -60  -22 
0  34  42 
-24  -70  12 
44  44  -8 

//Reference=MNI 
//nullstudy_60
//Subjects=12
-26  6  52 
-4  -38  -58 
-26  2  56 
18  48  24 
-62  -38  -18 
10  26  -28 
-30  48  -8 
-18  -36  -20 
-2  -60  -6 
-18  -92  22 
28  6  -14 
-18  -58  44 
-12  -88  16 
28  12  6 
-20  -46  -20 
-28  42  -20 
-42  38  34 

//Reference=MNI 
//nullstudy_61
//Subjects=10
12  48  44 
32  4  -44 
-8  -4  -20 
-12  20  -6 
38  48  -2 
-12  -42  0 
-2  -14  44 
-2  -18  -18 
-20  14  44 
-56  -34  -8 
-52  -70  28 

//Reference=MNI 
//nullstudy_62
//Subjects=10
-4  -50  18 
-4  12  32 
-10  72  8 
-48  -84  -8 
-40  -72  40 
-32  -8  16 
-10  50  10 
-20  -58  12 

//Reference=MNI 
//nullstudy_63
//Subjects=12
54  30  -12 
-34  -32  68 
-16  -50  -34 
-4  -4  48 
-12  -70  -50 
20  22  64 
-42  30  14 
-26  38  -20 
-4  62  16 
12  36  8 
-28  -12  46 
4  38  46 

//Reference=MNI 
//nullstudy_64
//Subjects=8
38  34  24 
-46  24  -10 

//Reference=MNI 
//nullstudy_65
//Subjects=9
60  28  10 
-18  -50  -50 
-2  -80  -44 

//Reference=MNI 
//nullstudy_66
//Subjects=10
12  52  -16 
-2  -32  68 
-48  -62  26 
-2  60  -16 
-32  -92  -6 

//Reference=MNI 
//nullstudy_67
//Subjects=12
30  46  -2 
-4  -30  -30 
-56  -30  38 
-24  -48  -20 
2  64  -4 
-56  -58  24 
28  24  -14 
-6  -22  8 
-18  -10  -40 
-48  -76  34 
-32  -4  10 
-48  -50  30 
-4  -90  30 
-40  12  -18 
-22  -36  62 
-2  -48  -12 
-16  8  -20 
-24  -94  12 
-60  -14  -18 
24  52  18 
-44  26  30 

//Reference=MNI 
//nullstudy_68
//Subjects=10
-10  -32  -28 
-4  -54  48 
-6  -2  22 
-46  8  -6 
-30  20  34 

//Reference=MNI 
//nullstudy_69
//Subjects=9
42  4  44 
-40  14  -44 
-8  -20  -24 

//Reference=MNI 
//nullstudy_70
//Subjects=11
30  18  48 
-10  -40  46 
32  40  12 
-48  30  28 
44  10  -28 
48  14  -26 
-50  -20  58 
-52  -36  -14 

//Reference=MNI 
//nullstudy_71
//Subjects=9
-8  -56  30 
-34  -60  46 
6  22  30 
2  4  2 

//Reference=MNI 
//nullstudy_72
//Subjects=12
-32  -32  -30 
-32  -12  66 
48  22  4 
-24  -12  -32 
14  24  54 
-30  -26  -28 
-6  -70  20 
-54  20  -4 
56  40  4 
-48  38  -6 
-54  -52  38 

//Reference=MNI 
//nullstudy_73
//Subjects=11
-16  -24  -26 
-28  -28  -30 
-40  -10  36 
-4  54  8 
32  8  -34 
-4  30  26 
-40  2  0 
-4  -22  -24 
-16  -76  -46 
-6  54  10 

//Reference=MNI 
//nullstudy_74
//Subjects=9
-4  64  10 
-10  -30  78 

//Reference=MNI 
//nullstudy_75
//Subjects=10
-58  -38  2 
-8  32  26 
-18  -68  44 
46  18  6 
44  8  -36 
-16  -76  52 
-22  64  22 
20  28  34 
-46  24  34 
30  16  60 
-38  -68  0 

//Reference=MNI 
//nullstudy_76
//Subjects=10
52  28  0 
30  30  28 
-32  -70  -14 
-2  24  -18 
-30  -64  -22 

//Reference=MNI 
//nullstudy_77
//Subjects=12
-16  -28  -2 
-12  36  -6 
6  28  52 
-48  -70  -6 
-42  -50  10 
-4  66  2 
-38  18  4 
-24  -94  -26 
-20  -64  -28 
30  28  -10 
-10  46  -10 
-2  34  32 
24  16  58 
-24  -26  56 
-48  -32  -6 
-20  18  46 

//Reference=MNI 
//nullstudy_78
//Subjects=10
-12  -28  -6 
-20  34  50 
-14  -60  18 
-60  4  22 
-30  -90  26 
-14  70  12 

//Reference=MNI 
//nullstudy_79
//Subjects=11
-28  -34  68 
12  18  46 
-10  -86  -16 
-16  -36  -32 
-42  -88  14 
-52  -20  24 
14  18  -30 
-54  -12  52 
-60  -8  -4 
-54  16  -16 
8  46  0 
12  54  -14 
-24  8  -16 
-4  -18  38 
-2  -52  -16 
-64  -2  20 
0  6  2 
32  20  52 
-4  -94  32 
-42  -26  -18 
28  24  30 
8  4  18 
-38  50  0 
2  48  -4 
18  4  -22 
6  16  50 
-4  -66  22 
-18  -52  -24 
-50  -68  14 
-24  -56  4 
36  58  8 
-36  22  54 
-38  -88  -18 
12  68  22 
42  30  -16 
-28  -72  26 
-34  24  40 
-44  40  -16 
-12  -90  -42 
-22  -74  42 
-46  -66  14 
-18  36  44 
-4  -54  28 

//Reference=MNI 
//nullstudy_80
//Subjects=10
-60  -12  -20 
-10  -14  68 
-6  4  -6 
-40  36  26 

//Reference=MNI 
//nullstudy_81
//Subjects=10
-40  -50  52 
-10  -32  -6 
-2  -60  70 
-50  10  34 

//Reference=MNI 
//nullstudy_82
//Subjects=10
-58  -4  20 
-56  10  -12 
30  18  6 
-22  -96  -16 
14  32  20 
-62  -12  -28 

//Reference=MNI 
//nullstudy_83
//Subjects=10
-10  44  54 
-66  -38  12 
34  4  58 

//Reference=MNI 
//nullstudy_84
//Subjects=10
-4  -14  36 
-24  -18  70 
-50  -46  16 
-32  16  2 

//Reference=MNI 
//nullstudy_85
//Subjects=10
-54  -34  4 
-16  22  -10 
-20  -42  -52 
-42  10  42 
28  40  -14 
-14  -80  -18 
-46  -64  -14 

//Reference=MNI 
//nullstudy_86
//Subjects=9
-30  4  44 
-22  30  50 
4  38  58 

//Reference=MNI 
//nullstudy_87
//Subjects=10
-42  50  -12 
-24  6  -12 
-38  -16  -6 
-54  -48  -30 
-14  -56  -46 
-60  -26  34 

//Reference=MNI 
//nullstudy_88
//Subjects=11
-12  -14  78 
-24  4  -38 
-4  -36  46 
-10  -14  80 
-56  -54  10 
44  6  34 
8  6  34 
-60  -54  -26 
-60  10  28 
-26  -46  46 
-50  28  6 
26  48  14 
-22  -90  24 
8  56  -2 
-48  -20  32 
24  14  4 
-36  -48  44 
-56  -18  48 
-6  -42  40 

//Reference=MNI 
//nullstudy_89
//Subjects=10
-8  -82  -28 
-38  6  52 
-10  -30  36 
-48  30  -6 

//Reference=MNI 
//nullstudy_90
//Subjects=9
-58  -64  32 
6  70  -2 

//Reference=MNI 
//nullstudy_91
//Subjects=10
-46  -58  56 
40  18  -20 
-10  -72  34 
-28  50  38 

//Reference=MNI 
//nullstudy_92
//Subjects=11
0  20  22 
-24  32  44 
-50  26  14 
-8  2  2 
-42  -28  20 
-38  -28  16 
-44  12  0 
20  24  -16 
-46  32  0 
-44  12  6 

//Reference=MNI 
//nullstudy_93
//Subjects=10
-26  8  68 
-30  -72  -26 
-56  -12  10 
-6  -88  42 
34  58  -8 

//Reference=MNI 
//nullstudy_94
//Subjects=11
18  50  42 
-40  -70  30 
-2  -54  -26 
-30  -14  0 
-14  -96  30 
6  10  44 
-60  10  30 
34  64  -2 
-24  -50  -38 
-2  -70  38 
58  10  36 
-56  -34  46 
-48  -48  14 
-48  -4  0 
-40  34  -6 
-4  40  22 
0  46  8 
-44  -24  24 
12  42  44 
22  30  50 
-26  -82  -8 
62  8  -2 
28  22  -4 
-62  -16  16 
30  42  20 
8  14  48 
-28  34  -16 
-56  18  4 
22  34  40 
-14  -62  68 
30  42  36 
6  20  -14 
-34  -60  -26 
-22  12  54 
-42  36  -16 
16  10  -14 
52  2  14 
-4  -38  52 

//Reference=MNI 
//nullstudy_95
//Subjects=10
50  34  -12 
-6  -78  12 
-26  -82  -24 
-36  -72  52 
2  22  -24 
-32  38  44 

//Reference=MNI 
//nullstudy_96
//Subjects=10
-34  42  -2 
-12  -14  -34 
-30  -30  -34 
2  12  46 
-22  10  58 
-14  -42  32 

//Reference=MNI 
//nullstudy_97
//Subjects=11
-40  2  42 
-56  30  12 
38  26  -36 
-34  0  -50 
-32  -88  -2 
-42  -28  40 
-60  -10  16 
42  16  14 
-20  -32  -34 
-42  -52  26 
18  44  36 
38  54  14 
40  44  32 
-34  -34  -8 
-22  48  -20 
-14  -76  50 
38  8  64 
-40  -62  -48 
38  6  16 
-56  -8  -24 
-54  -10  -36 
-50  -18  6 
-24  -84  38 
-54  -64  30 
12  40  40 
-56  24  22 
-4  46  32 
44  8  48 
-32  -98  -10 
-14  -48  -34 
-34  -76  -36 
10  52  -12 
52  30  14 
12  22  46 
-12  -60  46 
-20  -10  48 
-26  -82  36 
-34  16  -42 
-16  -28  -20 
36  4  60 

//Reference=MNI 
//nullstudy_98
//Subjects=9
-60  -20  10 
-38  -54  18 
-32  28  38 

//Reference=MNI 
//nullstudy_99
//Subjects=9
-32  28  22 
-16  -62  -48 
-8  20  46 

//Reference=MNI 
//nullstudy_100
//Subjects=12
-40  4  -14 
-4  -16  70 
-48  -68  36 
-18  -64  -2 
-38  -82  14 
18  16  8 
-48  36  -20 
-12  -96  -16 
-34  -36  20 
-66  -2  14 
22  58  24 
-6  42  -14 
-40  38  10 
-16  62  -12 
46  40  -2 
14  44  42 
-66  -8  30 
-32  -88  12 
-32  32  -18 
-50  -30  -20 
-18  -38  62 
-42  -34  38 
-42  -84  10 
-52  -6  -4 
-22  -84  2 
4  44  54 
40  10  -36 
-48  -68  0 
-30  22  32 
-22  50  -6 
-50  -4  28 

