//Reference=MNI 
//truestudy_1
//Subjects=19
46  -65  -6 
45  -65  -5 

//Reference=MNI 
//truestudy_2
//Subjects=21
46  -65  -5 
47  -64  -7 
45  -66  -6 
46  -65  -6 
45  -66  -7 
46  -67  -6 
48  -67  -6 
46  -68  -5 
47  -66  -6 

//Reference=MNI 
//truestudy_3
//Subjects=19
46  -65  -5 
45  -67  -6 
48  -66  -6 
45  -66  -5 

//Reference=MNI 
//nullstudy_1
//Subjects=19
-18  66  -10 
-40  16  -24 

//Reference=MNI 
//nullstudy_2
//Subjects=21
-14  40  12 
-10  -38  58 
-34  -46  -34 
-18  -78  -10 
-42  -48  -10 
28  6  10 
6  26  48 
-36  54  2 
-36  28  52 

//Reference=MNI 
//nullstudy_3
//Subjects=19
-20  0  -6 
-50  -68  -38 
-12  -12  70 
-18  -36  -14 

//Reference=MNI 
//nullstudy_4
//Subjects=20
-6  -88  -20 
16  28  50 
-38  -60  48 
-42  -70  40 
48  14  48 
-50  -48  0 

//Reference=MNI 
//nullstudy_5
//Subjects=20
34  26  -2 
-28  34  28 
-18  -56  54 
-38  -70  22 
-24  -26  -10 
-22  0  2 
-44  22  4 

//Reference=MNI 
//nullstudy_6
//Subjects=20
-22  -4  46 
-32  -86  -42 
-28  44  20 
-4  22  60 

//Reference=MNI 
//nullstudy_7
//Subjects=19
-14  -42  44 
-30  -94  -16 
-4  -38  2 

//Reference=MNI 
//nullstudy_8
//Subjects=20
-32  -82  40 
-18  -100  -2 
-34  50  -4 
-20  4  -30 
-16  -10  -36 
22  10  -26 

//Reference=MNI 
//nullstudy_9
//Subjects=20
-46  -2  16 
-8  46  32 
-8  2  0 
-42  -32  -4 

//Reference=MNI 
//nullstudy_10
//Subjects=21
-16  16  58 
-66  -28  18 
10  18  4 
-28  -54  -24 
-46  2  -42 
50  36  -16 
-50  24  18 
-42  -68  20 
-8  -50  6 
-2  -56  70 
-46  -44  8 

//Reference=MNI 
//nullstudy_11
//Subjects=19
42  38  8 
10  6  16 
-50  -18  40 
-12  -60  -40 

//Reference=MNI 
//nullstudy_12
//Subjects=20
-48  -64  -34 
-40  48  -12 
-52  -42  20 
-36  34  14 

//Reference=MNI 
//nullstudy_13
//Subjects=21
-8  20  -14 
-10  8  -18 
-4  -56  -10 
-28  -40  -14 
-58  -46  4 
-52  -62  18 
-6  -60  70 
-16  -58  20 
-22  -30  76 
-26  10  2 
-2  -22  38 
52  4  44 
-52  10  10 

//Reference=MNI 
//nullstudy_14
//Subjects=22
-16  26  2 
-24  -22  56 
32  2  64 
22  66  -8 
32  54  12 
-4  4  64 
-6  -10  -26 
-42  -46  54 
-4  -56  -30 
-6  30  -22 
-44  14  -4 
22  4  48 
2  14  38 
-52  -46  12 
-30  22  -16 
-6  -58  -56 
-36  -78  -10 
-54  34  -4 
44  26  -24 
-10  -30  -48 
-2  -6  68 
54  30  18 
-24  -94  24 
14  4  -30 
24  62  28 
-58  -8  38 
0  6  70 
-6  -78  -40 

//Reference=MNI 
//nullstudy_15
//Subjects=21
-22  -94  16 
10  54  32 
-40  22  0 
0  4  56 
-56  -8  30 
-64  -36  14 
-30  -72  -14 
-12  0  -24 
-48  -12  36 
-18  10  54 
-30  -56  42 

//Reference=MNI 
//nullstudy_16
//Subjects=22
-34  -50  -22 
-36  -68  50 
-36  26  -24 
22  36  50 
-20  -60  28 
-40  24  -32 
16  14  64 
-36  -2  66 
0  6  28 
-6  -34  -2 
-60  -34  38 
-48  -66  -38 
-38  -74  -4 
-34  50  32 

//Reference=MNI 
//nullstudy_17
//Subjects=20
24  10  -10 
-32  4  54 
-12  -74  44 
12  4  72 
-24  -44  56 
-26  -64  44 

//Reference=MNI 
//nullstudy_18
//Subjects=21
4  14  28 
-4  -30  -8 
0  22  -2 
-50  46  -4 
42  22  16 
-12  -4  52 
-46  -8  -6 
-24  16  42 
-24  -62  36 
34  22  -14 
-48  6  46 
24  56  6 
-44  -12  56 
-8  -54  -38 

//Reference=MNI 
//nullstudy_19
//Subjects=21
-8  -14  4 
24  34  42 
-4  34  26 
-10  46  -24 
-56  -4  38 
30  4  -4 
-56  -58  2 
-6  -48  -12 
-26  -50  6 
-50  -62  -34 
50  28  8 
-34  -20  52 
-32  22  28 
-36  -60  -32 

//Reference=MNI 
//nullstudy_20
//Subjects=21
-24  -20  64 
12  4  48 
-20  -60  -64 
-36  -52  -56 
36  12  -26 
-6  -50  -16 
-6  32  44 
-20  -102  10 
24  10  -34 
20  24  64 
-28  -22  -28 
-52  -52  -2 
-14  -60  -24 
-14  -50  -44 
-14  28  2 
40  14  32 

//Reference=MNI 
//nullstudy_21
//Subjects=19
10  18  -20 
-38  -58  -18 
32  4  -36 
-52  -50  -46 

//Reference=MNI 
//nullstudy_22
//Subjects=21
-16  -76  -42 
28  2  -34 
44  18  -40 
-8  4  62 
-38  46  -12 
8  44  12 
-52  0  -4 
-50  -56  -10 
-32  36  -18 
-38  -56  -48 
-10  -52  58 
-30  58  -10 

//Reference=MNI 
//nullstudy_23
//Subjects=19
-34  -6  -18 
-4  16  64 

//Reference=MNI 
//nullstudy_24
//Subjects=20
-44  34  32 
32  16  -38 
-56  -46  42 
-38  -46  66 
-34  54  22 
-42  34  -6 
-46  -76  32 
10  52  2 

//Reference=MNI 
//nullstudy_25
//Subjects=19
-6  -82  -6 
-50  -70  38 
-8  -76  56 
-12  -70  -52 

//Reference=MNI 
//nullstudy_26
//Subjects=21
-12  -6  -34 
-34  -20  52 
-10  8  -2 
-12  68  14 
8  12  54 
-40  -2  0 
-16  -66  64 
-2  -60  30 
-2  -64  40 
-50  -30  58 

//Reference=MNI 
//nullstudy_27
//Subjects=19
-12  -42  76 
-12  -18  -22 
-18  -60  -22 
-12  -60  6 

//Reference=MNI 
//nullstudy_28
//Subjects=20
-36  12  40 
38  40  -14 
4  42  32 
46  4  38 
52  16  8 
-32  -36  68 
-46  6  -10 
44  40  20 

//Reference=MNI 
//nullstudy_29
//Subjects=19
-24  16  -6 
-38  -84  20 
-18  14  12 
-4  26  48 

//Reference=MNI 
//nullstudy_30
//Subjects=20
-6  -6  8 
-60  -38  30 
-26  -8  62 
-32  -32  68 
-48  -20  -4 
-4  -92  2 
-70  -38  8 

//Reference=MNI 
//nullstudy_31
//Subjects=18
-30  -58  66 
-12  -12  -16 

//Reference=MNI 
//nullstudy_32
//Subjects=19
-44  -62  54 
-32  -46  -4 
-36  44  12 
-36  52  26 

//Reference=MNI 
//nullstudy_33
//Subjects=20
2  32  44 
-60  -48  -22 
-10  38  58 
-2  -16  14 
-14  -2  -8 

//Reference=MNI 
//nullstudy_34
//Subjects=19
-4  -4  42 
-16  -6  -26 

//Reference=MNI 
//nullstudy_35
//Subjects=20
-14  -82  34 
-56  -34  44 

//Reference=MNI 
//nullstudy_36
//Subjects=20
48  48  -10 
-32  -48  -10 
-30  14  -28 
-54  -48  -32 

//Reference=MNI 
//nullstudy_37
//Subjects=20
-54  2  20 
-36  12  -12 
28  2  48 
-10  -66  -56 
-14  -90  14 
4  4  -6 
-42  20  -24 
-2  10  56 
-44  16  48 

//Reference=MNI 
//nullstudy_38
//Subjects=21
8  44  -24 
-8  -12  20 
-64  -28  22 
-16  -48  -54 
10  46  18 
-20  -60  14 
-64  -50  -12 
-20  18  -16 

//Reference=MNI 
//nullstudy_39
//Subjects=20
24  56  32 
-2  66  -4 
18  8  -36 
-56  -34  -20 
-24  -38  -34 
-50  -18  46 
-14  -26  -12 
-8  -2  -26 
-34  -60  38 
-36  -78  -12 
-18  -80  -16 
-20  -72  0 
-10  64  -6 
-10  -56  -16 
-22  -30  -4 
-30  -62  -14 
-40  -58  42 

//Reference=MNI 
//nullstudy_40
//Subjects=21
-38  -6  48 
14  70  -10 
8  52  -2 
50  26  14 

//Reference=MNI 
//nullstudy_41
//Subjects=21
-42  8  30 
-54  -60  38 
-30  50  -14 
28  38  36 
-58  -58  12 
-38  14  -6 
42  18  -10 
-62  -6  38 
-8  -90  -42 
-20  60  4 
-36  -68  -2 
-20  -14  66 
-6  -30  26 
-4  0  54 
24  50  8 
26  28  -22 
-24  62  -6 
10  10  -14 
-58  0  32 
-48  -70  34 
-54  -30  0 
2  48  14 
-18  52  28 
-20  20  42 
4  8  -14 
-4  -98  -6 
28  12  4 
-20  8  2 
20  10  70 
-38  -74  -6 
-48  -2  -26 
-16  48  -18 

//Reference=MNI 
//nullstudy_42
//Subjects=20
-54  4  14 
-8  -50  -66 
-22  46  40 
12  4  -4 
2  54  -14 
-14  -46  -16 
-6  -46  76 
30  10  36 
-46  10  48 
14  48  -4 

//Reference=MNI 
//nullstudy_43
//Subjects=20
30  6  52 
-48  -80  14 
-20  -12  56 
8  48  48 
6  44  -18 
-38  -74  50 
30  36  32 
-44  -14  -12 
-50  -48  26 

//Reference=MNI 
//nullstudy_44
//Subjects=20
44  32  -22 
-32  2  -20 
-50  -46  58 
-32  -68  -20 
-68  -48  0 
-34  -82  -28 

//Reference=MNI 
//nullstudy_45
//Subjects=20
-40  0  10 
20  18  -4 
-44  -38  56 
54  20  18 
-48  -78  14 

//Reference=MNI 
//nullstudy_46
//Subjects=19
36  46  26 
-44  -2  14 
-4  26  -22 
18  62  2 
-46  -26  -24 
-16  -84  44 
2  42  26 

//Reference=MNI 
//nullstudy_47
//Subjects=19
56  4  6 
22  60  26 

//Reference=MNI 
//nullstudy_48
//Subjects=19
-4  -24  46 
-6  -74  -4 

//Reference=MNI 
//nullstudy_49
//Subjects=21
-30  50  22 
-50  -58  44 

//Reference=MNI 
//nullstudy_50
//Subjects=21
-6  18  -20 
14  30  24 
-44  -48  -42 
-40  -56  10 
-28  -98  8 
-6  -80  -28 
-18  -4  -20 
-8  -52  -54 

//Reference=MNI 
//nullstudy_51
//Subjects=20
-42  -56  -30 
-18  -32  62 
8  60  -2 
-34  46  -16 
-58  -54  8 
-54  4  -40 
-8  36  18 
20  16  -40 
-6  -32  64 
-58  8  -6 

//Reference=MNI 
//nullstudy_52
//Subjects=19
-8  -66  -58 
-16  -62  30 
-12  -88  -34 
-40  32  24 
4  50  -30 
-40  -56  -16 

//Reference=MNI 
//nullstudy_53
//Subjects=21
20  4  -8 
6  22  0 
24  8  -44 

//Reference=MNI 
//nullstudy_54
//Subjects=21
-10  50  6 
-36  40  12 
-66  -4  16 
-52  -36  -18 
-50  -36  42 
6  54  22 
-40  -58  36 
26  34  46 
-2  56  20 

//Reference=MNI 
//nullstudy_55
//Subjects=20
0  44  -2 
-2  -88  20 
58  24  6 
-18  -14  26 
-52  42  -6 
38  32  6 
-6  -10  40 
-16  -32  58 
16  18  -26 
-4  -14  20 
-22  -102  4 
-16  -20  40 
-34  6  30 
-2  -68  44 
-10  -42  4 
-44  -78  -40 
-38  -28  36 
-10  -52  -2 
-42  -34  14 
-8  -88  -14 
58  34  8 
-8  62  -22 
-2  30  32 
-44  10  -42 

//Reference=MNI 
//nullstudy_56
//Subjects=20
-2  -80  -8 
18  12  -2 
-52  6  -24 
-18  -78  40 
46  52  -12 

//Reference=MNI 
//nullstudy_57
//Subjects=19
-38  -80  40 
-28  -82  -4 
-60  -46  -24 
-12  18  36 

//Reference=MNI 
//nullstudy_58
//Subjects=20
44  20  16 
-34  -78  32 

//Reference=MNI 
//nullstudy_59
//Subjects=20
-50  -38  4 
-10  -44  -28 
-6  -56  38 
0  16  2 

//Reference=MNI 
//nullstudy_60
//Subjects=19
-4  -20  16 
-26  -62  -6 
2  34  0 
-18  -4  -40 
24  34  24 

//Reference=MNI 
//nullstudy_61
//Subjects=20
-52  -74  16 
-20  -8  -28 
-60  -56  30 

//Reference=MNI 
//nullstudy_62
//Subjects=22
-44  -72  -32 
-18  -90  22 
54  28  22 
62  8  28 
-18  -86  26 
-22  -74  0 
-26  -56  0 

//Reference=MNI 
//nullstudy_63
//Subjects=21
-28  -16  56 
-50  -64  44 
-32  -12  -18 
-30  -56  -44 
2  30  42 
24  2  -8 
44  14  -18 
-50  -42  0 
8  44  20 
44  32  2 
-20  -18  -2 
-38  -50  26 
-56  -30  -4 
-16  -70  4 
16  62  10 

//Reference=MNI 
//nullstudy_64
//Subjects=21
-50  4  28 
-26  -66  -40 
-32  54  14 
0  16  6 
-50  -42  -32 
-42  -36  -18 
-16  56  -10 
18  58  16 

//Reference=MNI 
//nullstudy_65
//Subjects=20
-34  -76  30 
-28  -70  -54 
4  52  -10 
-16  -56  -34 
-54  -44  22 
-10  56  36 
44  32  16 
-44  38  20 
-2  -34  -54 
-4  -82  46 
-52  12  20 
-36  -18  2 
-6  -66  2 
-46  -42  -34 
34  28  56 
-6  -24  64 
-10  52  -12 
-46  -44  4 

//Reference=MNI 
//nullstudy_66
//Subjects=20
-46  32  0 
-24  -72  26 
-18  30  54 
-24  40  40 
0  46  30 
-8  42  42 

//Reference=MNI 
//nullstudy_67
//Subjects=18
-24  -74  -54 
-16  -80  -36 
-38  46  34 
-40  -82  10 

//Reference=MNI 
//nullstudy_68
//Subjects=21
-18  -42  -6 
-8  68  24 

//Reference=MNI 
//nullstudy_69
//Subjects=19
18  52  -6 
-52  -8  38 
-42  -66  -26 
22  22  44 
22  12  -42 
-12  -44  56 
-34  14  4 
42  8  28 
-44  8  -2 
-36  -88  14 
-2  -32  76 

//Reference=MNI 
//nullstudy_70
//Subjects=20
20  24  48 
-56  8  -18 

//Reference=MNI 
//nullstudy_71
//Subjects=20
-30  44  -20 
-28  -68  26 
24  2  -14 
-26  -14  -16 
-2  34  -32 
-60  -54  36 

//Reference=MNI 
//nullstudy_72
//Subjects=21
-26  -40  -6 
-36  -52  26 
-28  46  10 
-10  -62  -42 

//Reference=MNI 
//nullstudy_73
//Subjects=19
-6  -34  -56 
52  26  -8 
18  62  -20 
52  26  -6 
-22  -102  10 
52  6  30 
-52  -68  8 
-42  24  0 
6  70  -2 
-26  26  -14 
-34  -26  -8 
-26  -34  -20 
14  46  -14 
-28  -88  -28 
10  30  14 
-44  -46  -54 
46  56  -2 

//Reference=MNI 
//nullstudy_74
//Subjects=20
18  32  -26 
-2  -42  -14 

//Reference=MNI 
//nullstudy_75
//Subjects=20
-22  -2  -4 
-32  -32  38 
44  6  30 
2  42  20 
60  4  -30 

//Reference=MNI 
//nullstudy_76
//Subjects=20
-38  34  44 
-40  40  -12 
-2  -44  -14 
-6  30  56 

//Reference=MNI 
//nullstudy_77
//Subjects=21
-52  20  -18 
-24  -74  36 
-36  46  26 
-20  12  68 
-62  -2  0 
34  62  16 
-14  -48  -6 
-4  18  -4 
-38  44  32 

//Reference=MNI 
//nullstudy_78
//Subjects=22
-20  -82  -26 
-12  -88  18 
-36  -44  -40 
-40  -6  -6 
-30  2  -34 
50  34  18 
-20  42  20 

//Reference=MNI 
//nullstudy_79
//Subjects=21
44  20  38 
-26  -52  -28 
-22  -94  -6 
-56  -20  36 
-12  -4  54 
-20  -92  0 
-6  36  0 
-46  -78  -28 
-50  34  28 
10  70  6 
-20  -94  4 
-6  -96  -16 
-12  -54  -48 
-32  4  -16 
-28  -42  -32 
-62  -16  -18 
-42  -48  30 
-66  -10  -6 
-36  30  46 
-40  -72  -8 
-56  -24  -12 

//Reference=MNI 
//nullstudy_80
//Subjects=19
30  22  2 
-44  -40  -44 
-26  -74  18 
6  34  62 
-58  4  18 
-58  -38  32 
-28  -70  2 
6  6  64 
-34  16  -10 
40  30  50 
-6  -70  -30 
-36  -30  40 

//Reference=MNI 
//nullstudy_81
//Subjects=19
-22  -14  -22 
-2  -90  34 

//Reference=MNI 
//nullstudy_82
//Subjects=21
-12  -30  2 
-30  6  62 
-14  58  26 

//Reference=MNI 
//nullstudy_83
//Subjects=20
-48  -24  44 
-32  22  -24 
-18  -90  18 
-2  22  -2 
-50  -62  -26 
-40  -48  -36 
-56  -54  -22 
-44  2  -32 
8  4  4 
-28  44  22 
-34  -2  42 
-4  -80  -38 
-2  -48  -64 
-22  34  54 
-58  -8  -8 
-60  -8  16 
-36  10  -2 
-10  12  -6 
-10  -92  -26 

//Reference=MNI 
//nullstudy_84
//Subjects=18
-6  -54  -64 
-12  -48  6 
-48  -66  -34 

//Reference=MNI 
//nullstudy_85
//Subjects=20
-32  18  -22 
34  12  -22 

//Reference=MNI 
//nullstudy_86
//Subjects=21
-46  6  18 
-62  -44  16 
-40  -6  62 
-54  -32  -18 
28  36  46 
-30  12  62 

//Reference=MNI 
//nullstudy_87
//Subjects=23
-38  -64  -26 
-40  -42  18 
0  20  -4 
48  2  56 
24  12  52 
-38  60  8 
-10  -24  12 
-22  -86  38 
18  2  -18 
-38  -80  -2 
-20  -26  74 
28  18  -10 
52  28  14 
-36  16  -14 
-22  -4  -14 
18  36  56 
-32  -18  -14 
34  20  -22 
-66  -18  26 
28  66  -4 
-38  -20  -32 
-66  -28  0 
-58  -42  -28 
32  26  46 

//Reference=MNI 
//nullstudy_88
//Subjects=20
2  4  70 
-2  -18  28 
12  40  18 
-38  -2  6 
24  20  -32 
10  6  68 
-48  -22  22 
-22  -64  32 
-34  -74  -52 
-50  -34  -2 
-38  -90  -12 
34  10  -48 
-24  -42  -8 
-8  20  2 
-34  -22  38 
-6  4  -16 
-44  -26  36 
6  4  22 
-4  64  20 
44  38  -20 
12  56  -14 
-50  -82  2 
-50  8  -26 
-42  -58  18 
36  20  36 
34  52  20 
-18  -86  -32 
-56  14  2 
-4  46  -20 
-14  32  -28 
-14  -38  -48 
54  32  22 
40  30  30 
10  48  18 

//Reference=MNI 
//nullstudy_89
//Subjects=19
2  32  -20 
-48  -72  26 
-6  -30  -40 
-32  -52  -24 
-54  18  32 
-10  -78  16 
-32  -14  -28 
-54  -52  -20 
-40  -32  24 
-18  -22  68 

//Reference=MNI 
//nullstudy_90
//Subjects=21
-32  56  -4 
-42  -70  -14 

//Reference=MNI 
//nullstudy_91
//Subjects=21
-8  -56  -24 
-32  -52  0 
-10  -6  -20 
-8  66  -4 
48  18  -36 
-4  -76  -40 
-24  16  -38 
-8  -32  -34 
-38  12  12 
-24  50  12 
8  32  44 
-12  -64  -16 
-18  -56  -28 
-58  -8  24 
-36  -2  60 

//Reference=MNI 
//nullstudy_92
//Subjects=21
-30  -16  -30 
46  4  -14 
-6  -6  44 
-34  -86  14 
56  10  38 
12  42  38 
-8  -72  6 
-64  -48  -2 
-54  -28  12 
-62  -40  26 
-14  -98  4 
-54  -4  12 
-44  -74  -14 
-64  -28  -8 
-4  -24  -16 
38  48  12 
-16  -80  -34 

//Reference=MNI 
//nullstudy_93
//Subjects=19
-24  -78  -10 
-2  24  64 
-26  8  66 
2  52  -8 
-18  -78  -52 
-50  -36  -8 
-54  -44  44 
-22  44  26 
-50  -62  -30 

//Reference=MNI 
//nullstudy_94
//Subjects=20
-36  -38  46 
44  2  22 
-34  22  34 
-12  -30  80 

//Reference=MNI 
//nullstudy_95
//Subjects=22
-6  -84  16 
-64  -44  10 
-6  -60  -50 
-42  14  6 
-12  -54  60 
-50  -32  60 
-40  -68  -4 

//Reference=MNI 
//nullstudy_96
//Subjects=19
4  52  6 
-24  26  48 
-30  -70  -38 
-44  -86  4 
-46  -24  58 
-34  -34  -30 
-62  -12  2 
-44  -40  52 
-16  -82  -10 
-54  32  2 
42  24  -28 
-14  -52  -42 
-14  -48  -38 
-46  -48  -16 

//Reference=MNI 
//nullstudy_97
//Subjects=17
-16  -50  66 
22  26  48 
40  6  38 

//Reference=MNI 
//nullstudy_98
//Subjects=21
-40  44  34 
-14  -94  32 

//Reference=MNI 
//nullstudy_99
//Subjects=19
62  8  -10 
48  40  2 

//Reference=MNI 
//nullstudy_100
//Subjects=19
-60  -12  -26 
-18  2  74 
-2  48  32 
-10  -72  30 
-36  -48  46 
-14  40  24 
-2  -62  -52 
-44  -24  -2 
26  32  -24 
32  46  28 
6  52  26 
-22  38  -22 
2  30  42 
-26  -42  -8 
20  54  -14 
-8  8  58 
-28  -90  -30 
-16  12  18 
-58  -26  50 
14  36  -18 
-10  -22  -44 
-22  -84  -46 
0  22  56 

