//Reference=MNI 
//truestudy_1
//Subjects=20
44  -67  -5 
46  -66  -7 
47  -66  -8 
46  -66  -6 

//Reference=MNI 
//truestudy_2
//Subjects=20
47  -66  -6 
47  -65  -6 
46  -66  -5 
43  -66  -5 
46  -66  -6 
47  -65  -6 
45  -66  -5 
45  -65  -7 
47  -66  -6 
47  -67  -6 
47  -66  -4 
45  -66  -7 
46  -66  -6 
46  -67  -6 
44  -64  -7 
45  -65  -5 
46  -67  -9 

//Reference=MNI 
//truestudy_3
//Subjects=20
45  -67  -5 
47  -65  -4 
46  -68  -7 
46  -66  -7 

//Reference=MNI 
//nullstudy_1
//Subjects=20
-20  -36  -40 
38  40  2 
-56  -36  34 
-16  -26  0 

//Reference=MNI 
//nullstudy_2
//Subjects=20
48  14  30 
-50  -58  34 
-16  56  16 
-46  -64  -46 
-38  34  -2 
-12  -16  66 
-18  -42  -46 
22  14  -16 
-24  -2  70 
-12  -24  -28 
-36  -6  58 
-34  24  56 
-6  58  -18 
-50  -62  20 
-6  -98  6 
-46  -70  -32 
-28  -36  -8 

//Reference=MNI 
//nullstudy_3
//Subjects=20
44  16  -10 
-26  -92  -32 
4  4  70 
6  26  28 

//Reference=MNI 
//nullstudy_4
//Subjects=19
18  36  -20 
-34  62  -8 

//Reference=MNI 
//nullstudy_5
//Subjects=19
-28  -58  0 
-2  -64  22 
-52  -36  -30 

//Reference=MNI 
//nullstudy_6
//Subjects=22
-12  -26  -6 
-22  56  6 
-28  -18  10 
-8  54  8 
28  26  42 
-20  -72  40 
-18  -54  -16 
-48  42  -18 
-52  -62  44 
0  26  62 
-34  -38  -32 
50  4  -12 
30  12  -10 
48  6  -8 
-50  38  14 
-38  -10  0 
12  4  54 

//Reference=MNI 
//nullstudy_7
//Subjects=20
-14  42  42 
-20  48  44 
-20  -48  -34 
-20  -12  -10 
-32  -8  -18 
-26  -2  72 

//Reference=MNI 
//nullstudy_8
//Subjects=20
-10  50  -4 
-4  -60  -36 
-4  8  56 
56  10  6 

//Reference=MNI 
//nullstudy_9
//Subjects=18
-6  -68  34 
-30  48  0 

//Reference=MNI 
//nullstudy_10
//Subjects=22
-46  -44  -44 
30  18  -6 
10  4  -18 
-52  28  16 
-24  -76  32 
8  32  -30 
12  44  -12 
-4  -20  -38 
-28  18  -14 
6  20  32 
-46  -46  -52 
12  6  -24 
-64  -10  -6 
-10  -102  12 
24  36  -12 
-14  42  14 
-16  12  18 
-10  -42  0 
-46  -58  26 
-38  0  62 
-8  40  24 
10  2  56 
-64  -42  20 
-8  22  32 
0  46  16 
-54  -64  40 
-18  -30  -22 
-32  -28  52 
-36  60  -12 
8  18  -24 
-52  36  14 

//Reference=MNI 
//nullstudy_11
//Subjects=21
-52  -8  -32 
-50  -36  -22 
-26  -6  -28 
-34  -72  -40 
46  18  -30 
4  44  -18 
-46  -58  10 
-36  -56  -42 
-16  -52  -34 
-6  -60  -34 
-62  -16  -18 

//Reference=MNI 
//nullstudy_12
//Subjects=21
30  8  66 
-50  -66  34 
-34  48  6 
-48  30  36 
-22  -52  -38 
32  20  30 
-32  -26  48 
-16  -18  14 
0  14  0 
-38  -70  -24 

//Reference=MNI 
//nullstudy_13
//Subjects=21
-10  -66  58 
48  50  -6 
-34  20  -2 
-12  -22  -14 
-46  -66  46 
22  10  -44 
16  44  -4 
-16  12  62 
-68  -36  10 
38  12  8 
-26  -16  -26 
-26  30  28 
-42  58  4 
-2  40  24 
-14  66  -12 
-28  -52  46 
-28  -90  4 
42  12  -16 
40  14  -18 

//Reference=MNI 
//nullstudy_14
//Subjects=21
28  66  -2 
-38  32  14 
24  20  62 
-4  -54  28 
-40  -18  4 
-20  -50  52 
-28  -22  58 
-22  -40  -28 
-58  -28  -4 
-2  -24  14 
-34  -66  46 
-22  20  -24 

//Reference=MNI 
//nullstudy_15
//Subjects=20
-36  -28  -14 
-10  -56  -20 
-4  44  52 
-46  -50  -10 

//Reference=MNI 
//nullstudy_16
//Subjects=20
-46  -4  -22 
-4  4  70 
-28  -26  -8 
-30  -88  -10 
-34  -34  40 

//Reference=MNI 
//nullstudy_17
//Subjects=19
-10  8  22 
-44  -44  -40 
-44  -8  32 
-38  16  28 
26  32  48 
-38  -32  22 
-36  -70  -22 
-26  0  44 
2  38  54 
-32  -66  -30 
-48  -38  4 
-36  -80  -36 
-24  58  16 

//Reference=MNI 
//nullstudy_18
//Subjects=22
-26  -94  10 
10  22  6 
-16  -4  68 
-6  -28  76 
48  24  20 
-56  -46  -32 
-30  -62  26 

//Reference=MNI 
//nullstudy_19
//Subjects=20
16  6  -28 
-20  -58  18 
-2  8  16 

//Reference=MNI 
//nullstudy_20
//Subjects=22
0  36  58 
38  54  -4 
-30  -48  66 
-14  -4  -32 
-64  -28  -20 
-14  -20  22 
-12  -70  54 
-38  -6  64 
18  50  -20 
-52  -58  -44 
46  56  -2 
-44  12  26 
-42  -66  14 
-54  -64  8 
-6  -38  0 
-18  -18  -20 
-58  -14  20 
18  70  -8 
8  22  30 
-22  24  42 
24  48  -14 
-24  2  -38 
-26  -88  -40 
26  44  34 
-10  -62  -60 

//Reference=MNI 
//nullstudy_21
//Subjects=19
8  66  2 
-28  -96  -16 
-38  -16  44 
-2  -62  12 
-14  14  -28 
44  6  58 
-36  -48  -8 
-36  -16  36 

//Reference=MNI 
//nullstudy_22
//Subjects=22
-36  -2  8 
-18  28  -12 
-42  -10  18 
26  56  34 
0  14  6 
-2  64  18 
-30  18  4 
-18  50  38 
-28  -24  -24 
-64  4  18 
-4  -36  -50 
-34  -40  56 
-18  -70  60 
-48  -48  -50 
-18  -2  24 
46  12  56 
-60  -62  -22 
-30  -58  50 

//Reference=MNI 
//nullstudy_23
//Subjects=21
-64  -20  -20 
28  40  44 
-32  -32  16 
-50  46  -6 

//Reference=MNI 
//nullstudy_24
//Subjects=22
-14  0  -12 
-36  -50  -52 
-6  48  16 
-26  -18  -10 
-68  -40  -8 
-40  2  -48 
-26  -36  -32 
-60  -12  12 
-50  -74  -16 
30  14  -46 
-18  8  -36 
-16  -60  4 
-54  -12  34 

//Reference=MNI 
//nullstudy_25
//Subjects=19
-36  12  32 
24  62  14 
-6  -4  54 
22  34  -18 
18  68  -2 
-40  -10  -32 
-12  -56  -64 
10  34  62 
-40  -82  0 
-20  -14  -28 
46  30  38 

//Reference=MNI 
//nullstudy_26
//Subjects=20
-10  2  14 
-56  -16  10 
-16  -58  -62 
-42  18  -22 
-42  -2  52 
2  34  -8 
-60  -6  -18 
-12  -10  52 
-34  46  16 
-42  50  -6 
56  32  4 
-42  -76  2 
-30  -86  28 
-40  36  36 
-2  -2  -6 

//Reference=MNI 
//nullstudy_27
//Subjects=21
-32  -22  -2 
-24  30  26 

//Reference=MNI 
//nullstudy_28
//Subjects=20
-2  -22  38 
-38  -74  10 

//Reference=MNI 
//nullstudy_29
//Subjects=19
-30  -8  -12 
-30  -50  54 
36  42  16 
0  26  42 

//Reference=MNI 
//nullstudy_30
//Subjects=19
-28  16  -36 
6  44  0 
-46  -52  48 
-20  8  4 
44  10  -44 
-26  12  -32 
-38  -38  -32 
42  16  -32 
-42  14  40 
-40  -34  40 
-50  38  -12 
-6  -56  26 
-10  -24  68 
-36  12  -42 
-6  34  36 

//Reference=MNI 
//nullstudy_31
//Subjects=21
14  28  64 
-2  -42  -18 
40  20  -12 
-14  -56  70 

//Reference=MNI 
//nullstudy_32
//Subjects=21
-42  -44  -18 
-56  -20  44 

//Reference=MNI 
//nullstudy_33
//Subjects=21
-62  -18  42 
22  24  44 
-48  -26  -28 

//Reference=MNI 
//nullstudy_34
//Subjects=20
4  16  48 
-10  -58  -28 
-20  -38  62 
-22  -86  -48 
54  24  22 
-36  10  -18 
54  10  -4 
-18  -68  6 

//Reference=MNI 
//nullstudy_35
//Subjects=19
-14  62  -8 
-36  6  -24 
-36  -56  44 
10  36  -16 
20  40  38 
-14  -24  -18 
-6  -76  54 
36  8  40 
-20  -46  -48 

//Reference=MNI 
//nullstudy_36
//Subjects=20
-24  20  -26 
-54  -52  28 
-60  -46  22 
-44  -20  -8 
-10  -20  42 
-40  -28  -20 
38  4  24 
28  46  -8 
-46  -78  -36 

//Reference=MNI 
//nullstudy_37
//Subjects=20
-28  -80  36 
-16  -2  2 
-34  24  48 

//Reference=MNI 
//nullstudy_38
//Subjects=20
-8  8  -2 
-28  -100  0 
50  24  42 

//Reference=MNI 
//nullstudy_39
//Subjects=21
-54  14  20 
-52  -46  -2 
-30  32  -12 
-12  -2  68 
-10  -30  -34 
-40  -4  6 
42  18  12 

//Reference=MNI 
//nullstudy_40
//Subjects=21
-64  0  24 
-12  -32  60 
-18  -72  54 
-42  -50  62 
-44  26  -12 
-22  -86  44 
44  52  -2 

//Reference=MNI 
//nullstudy_41
//Subjects=21
-26  22  8 
-22  -40  -10 
-44  -60  -40 
32  16  64 
32  32  -12 
-20  -26  -14 
32  4  30 

//Reference=MNI 
//nullstudy_42
//Subjects=21
40  32  40 
10  14  12 
-24  -4  -12 
-44  -18  -34 
-30  -80  12 
52  2  -30 
-24  -52  -44 
54  20  22 
-16  -52  54 
-36  34  -16 
-34  -32  48 
-32  -88  -8 
-14  -4  -26 
38  28  26 

//Reference=MNI 
//nullstudy_43
//Subjects=20
38  50  4 
-28  10  -18 
18  54  22 
-60  -48  -20 
-60  -48  6 
-18  14  -28 
-2  -48  -4 

//Reference=MNI 
//nullstudy_44
//Subjects=21
-14  -40  50 
-32  -44  -12 
-32  32  -20 
-4  -12  -16 
-26  -96  16 
2  12  40 
-40  -90  14 
-20  -30  62 
-12  -30  54 
-8  -64  16 
-14  -76  14 
-24  38  20 
-16  -102  -4 
46  20  42 
-28  34  -6 
-36  -20  46 
-4  -12  -8 
-34  48  24 
0  34  2 
24  10  44 
-10  68  6 
-14  -24  -10 
48  4  28 
-62  2  -16 
-38  14  -40 
-12  -50  2 
-28  4  -14 
-26  -80  8 
-6  -72  -24 
48  4  14 
-6  48  -8 
-10  -64  22 
20  12  -32 
-42  -40  62 
-24  -20  60 
4  14  48 
-14  -24  2 
-14  0  -24 
-44  -14  40 
-24  -36  -6 
-20  -26  20 
-52  -66  0 
4  36  8 
24  20  -14 
-60  -44  6 
32  22  -26 
-42  -56  6 
18  30  60 
36  6  -22 
26  44  20 
-6  -22  -32 
-26  26  30 
-18  4  -24 
-34  38  12 
-26  28  -4 
36  26  34 
-50  -2  -36 
-46  -22  10 
22  62  4 
-20  18  2 
-12  -30  -30 
-26  -56  -42 
-6  18  66 
-14  -86  34 
-48  4  48 
-30  -4  62 
24  54  28 

//Reference=MNI 
//nullstudy_45
//Subjects=17
-68  -18  14 
-24  -38  -44 

//Reference=MNI 
//nullstudy_46
//Subjects=21
-28  -38  56 
12  20  -8 
-6  -22  36 
8  32  6 
14  20  -6 
-8  32  42 
-34  58  14 
-40  -54  -20 
-24  46  -16 

//Reference=MNI 
//nullstudy_47
//Subjects=19
-26  -66  62 
40  26  28 
-22  -98  22 
-46  -30  32 

//Reference=MNI 
//nullstudy_48
//Subjects=20
-8  44  -18 
-6  -74  8 
10  42  44 
-58  -10  32 
22  64  -6 
-32  22  -4 
-24  -80  18 
-2  -52  0 
-20  -76  10 
-56  -62  -2 
42  16  -36 
-30  -60  44 

//Reference=MNI 
//nullstudy_49
//Subjects=20
-28  -74  26 
54  14  -32 

//Reference=MNI 
//nullstudy_50
//Subjects=19
14  6  -20 
38  18  -30 
-22  -60  42 
-40  48  -6 
34  4  -26 
-8  4  40 
-12  46  -14 
-18  -36  60 
-26  -12  -38 
-36  2  -46 
-50  -76  18 
-20  -58  -42 
46  8  48 
36  14  -40 
4  26  40 
48  24  -14 
18  28  -16 
-48  -68  20 
-16  -28  38 
6  44  8 
-10  38  10 

//Reference=MNI 
//nullstudy_51
//Subjects=19
-24  16  0 
-12  24  8 
-56  -34  -14 

//Reference=MNI 
//nullstudy_52
//Subjects=19
-6  -22  -32 
-4  -82  -44 
-30  -22  -26 

//Reference=MNI 
//nullstudy_53
//Subjects=20
-24  68  -2 
-28  24  36 
46  34  30 
-28  -46  -8 
48  2  -32 

//Reference=MNI 
//nullstudy_54
//Subjects=20
-28  -98  6 
-26  -60  -22 

//Reference=MNI 
//nullstudy_55
//Subjects=21
-44  -66  -24 
-2  34  6 

//Reference=MNI 
//nullstudy_56
//Subjects=19
0  24  -2 
-46  8  54 
34  36  42 

//Reference=MNI 
//nullstudy_57
//Subjects=20
-54  -16  -38 
10  14  6 
-20  26  42 
-52  16  32 
4  20  18 

//Reference=MNI 
//nullstudy_58
//Subjects=20
-20  -54  2 
10  64  26 
-6  22  -24 
-46  -16  -36 
0  54  30 
-46  30  0 

//Reference=MNI 
//nullstudy_59
//Subjects=20
-28  -52  46 
28  16  -2 
-24  4  -46 
-12  -74  -18 
-4  -98  24 
12  36  8 
-28  -94  6 
-26  -52  64 
-64  -10  -28 
-10  -98  26 
-4  48  -6 
36  30  42 
-12  -52  -18 
32  22  46 
-16  -48  -28 
20  26  4 
-56  -26  14 
-38  10  -34 
-46  -8  -4 
-10  -80  -16 
-22  -82  -54 
-50  20  -6 
-6  40  -16 
-14  -96  16 
-22  -70  -6 
-40  -60  8 
-10  54  14 
8  42  26 
42  6  40 
-46  -12  4 
-6  -96  22 
-16  -102  -4 
-22  -20  -12 
-40  8  48 

//Reference=MNI 
//nullstudy_60
//Subjects=21
30  12  48 
-16  2  0 

//Reference=MNI 
//nullstudy_61
//Subjects=21
-36  -72  40 
-42  -56  58 
-40  6  34 
-40  -74  -44 

//Reference=MNI 
//nullstudy_62
//Subjects=20
40  16  -30 
-38  2  -44 
-18  -34  78 
-34  52  -14 

//Reference=MNI 
//nullstudy_63
//Subjects=20
-32  34  30 
-28  -52  58 

//Reference=MNI 
//nullstudy_64
//Subjects=22
-62  -14  38 
-10  2  18 

//Reference=MNI 
//nullstudy_65
//Subjects=20
-56  -38  36 
-52  8  32 
58  2  -32 
-56  2  28 
-28  -6  -44 
-22  -64  50 
40  6  34 
-2  4  66 
-62  -48  10 

//Reference=MNI 
//nullstudy_66
//Subjects=22
-10  -56  56 
-22  6  68 
50  34  20 
-22  18  38 
-14  -80  -26 
-64  -40  8 
-6  -22  40 
-56  -70  -14 
-28  -80  -2 
-14  -34  6 
-18  -34  78 
8  34  44 
-22  -72  -16 
-14  6  -40 
16  10  -30 
28  44  30 
-2  -60  26 
-14  46  38 
-42  34  14 
-16  -68  -44 
-20  18  -28 
-38  -66  2 
-2  34  -28 
10  44  -26 
-42  -56  40 
-36  -46  -50 
-4  -40  -36 
-18  -26  -32 

//Reference=MNI 
//nullstudy_67
//Subjects=19
-46  -74  -22 
-44  2  -8 
-8  40  24 

//Reference=MNI 
//nullstudy_68
//Subjects=19
-6  -56  66 
-26  -92  -16 
14  4  -22 
26  16  -36 
-8  -38  64 

//Reference=MNI 
//nullstudy_69
//Subjects=19
-56  -40  -8 
-14  -36  44 
-36  -4  -38 
-32  -40  -32 
-34  -20  60 
-32  16  -16 
-20  -34  56 
54  18  12 
16  6  -20 
4  34  -2 
-46  14  -24 
36  22  -4 
-44  6  2 
-8  -82  30 
-42  -70  2 
-26  -60  44 
-24  56  34 
-14  -42  68 
6  62  4 
-12  36  -10 
-44  24  8 

//Reference=MNI 
//nullstudy_70
//Subjects=20
-16  -88  40 
40  52  -2 
-6  -60  64 
10  4  46 
-46  14  -8 
-44  -64  28 
-6  -30  74 
-60  -56  -26 

//Reference=MNI 
//nullstudy_71
//Subjects=19
-30  -38  -8 
-6  62  -16 
-12  -44  48 
-36  36  -2 
-20  8  56 
-42  42  0 
-26  54  -16 
-32  -24  -12 
-38  24  46 
-28  -34  2 
-10  10  -20 
-2  -80  44 
-36  -64  -42 
-4  -46  -38 
14  18  58 
58  28  0 
-30  -46  2 
-2  36  18 
-26  -30  -10 
30  14  -38 
-42  -2  38 
-36  -40  -16 
-38  18  50 
42  52  -14 
-44  32  -6 
-8  56  -10 
12  34  32 
46  4  -28 
-48  -44  -8 
-16  22  62 
-6  -54  58 
-32  28  30 
-2  64  -6 
-24  -28  -20 
-46  -38  2 
-22  -26  68 
-30  -36  40 
-56  -12  26 
-18  -82  26 
-4  -58  -64 
42  12  -36 
-4  14  56 
-18  46  -18 

//Reference=MNI 
//nullstudy_72
//Subjects=20
-6  -6  72 
-38  34  14 
-12  46  -2 

//Reference=MNI 
//nullstudy_73
//Subjects=21
-44  6  -22 
26  22  46 
-34  -28  66 

//Reference=MNI 
//nullstudy_74
//Subjects=20
-30  -80  8 
-48  -62  -2 
42  14  50 

//Reference=MNI 
//nullstudy_75
//Subjects=19
38  14  -4 
-12  4  -20 
-36  -4  4 
-32  -74  -8 
38  62  -4 
-4  68  -6 

//Reference=MNI 
//nullstudy_76
//Subjects=20
-40  0  38 
24  22  40 

//Reference=MNI 
//nullstudy_77
//Subjects=20
-54  20  2 
-62  4  24 
-12  -72  50 
-10  -76  -42 
-58  -60  18 
0  52  -4 
12  8  16 
-38  -54  -54 
-24  -54  42 
-42  20  38 
-44  -4  -40 

//Reference=MNI 
//nullstudy_78
//Subjects=18
-10  2  52 
50  24  -16 
-38  -42  -44 
-2  -32  -6 
10  38  0 
-50  -50  -14 
-48  -80  -10 

//Reference=MNI 
//nullstudy_79
//Subjects=20
-48  2  38 
-46  -40  46 
-2  -86  -36 
-8  42  46 
12  46  20 

//Reference=MNI 
//nullstudy_80
//Subjects=19
34  32  -2 
-30  26  36 

//Reference=MNI 
//nullstudy_81
//Subjects=20
-42  -64  4 
-58  -8  -4 
-2  54  36 
6  52  -8 
-46  -54  18 

//Reference=MNI 
//nullstudy_82
//Subjects=21
8  12  -8 
-52  -78  0 
-44  -14  54 
24  66  14 
-2  46  2 

//Reference=MNI 
//nullstudy_83
//Subjects=19
26  54  14 
-34  2  52 

//Reference=MNI 
//nullstudy_84
//Subjects=19
-42  -4  -30 
-40  -30  54 
-22  -42  -16 
-22  20  38 
-52  -38  -22 
20  30  -20 

//Reference=MNI 
//nullstudy_85
//Subjects=21
-34  -70  28 
-28  -10  48 

//Reference=MNI 
//nullstudy_86
//Subjects=20
-4  -90  2 
-42  -18  14 
-2  26  -6 
-42  26  22 

//Reference=MNI 
//nullstudy_87
//Subjects=19
-6  -44  -12 
8  12  -12 
-36  -4  -34 
-40  -18  -26 
-20  20  2 
44  18  30 
-40  -2  -10 
-18  -40  56 
-4  -38  50 
6  18  42 

//Reference=MNI 
//nullstudy_88
//Subjects=20
14  40  20 
-24  -12  54 
-26  6  0 

//Reference=MNI 
//nullstudy_89
//Subjects=19
12  20  44 
-44  8  42 
-12  44  -6 

//Reference=MNI 
//nullstudy_90
//Subjects=19
-52  -22  12 
-38  -46  58 
-28  6  -16 
54  6  36 
-12  -86  4 
-44  -76  -38 
-46  10  -16 
-4  -44  -6 
-4  -66  64 
40  2  -42 

//Reference=MNI 
//nullstudy_91
//Subjects=20
12  4  44 
-30  32  -8 
-4  -36  -2 
-52  -6  46 

//Reference=MNI 
//nullstudy_92
//Subjects=20
-48  -60  -20 
-30  -42  -28 

//Reference=MNI 
//nullstudy_93
//Subjects=20
-18  -32  -20 
-32  44  38 
-46  0  50 
-14  -82  -44 

//Reference=MNI 
//nullstudy_94
//Subjects=20
-66  -22  -18 
-48  -4  -26 

//Reference=MNI 
//nullstudy_95
//Subjects=19
64  8  22 
-36  -38  -28 
-18  -92  -36 
-22  -40  -12 

//Reference=MNI 
//nullstudy_96
//Subjects=21
38  36  30 
-18  10  64 
-14  -24  -16 
-4  -72  -44 
34  30  -16 

//Reference=MNI 
//nullstudy_97
//Subjects=21
18  6  -28 
-40  -20  62 
4  44  -16 
-24  -42  16 
-56  -38  28 

//Reference=MNI 
//nullstudy_98
//Subjects=17
-40  -66  -6 
-12  -78  16 
42  12  -40 
-26  -30  -10 

//Reference=MNI 
//nullstudy_99
//Subjects=22
-2  6  38 
-34  0  -4 
-44  -56  58 
-36  -94  -10 
-24  -94  -24 
50  10  -12 

//Reference=MNI 
//nullstudy_100
//Subjects=22
-6  -24  22 
44  44  24 

