//Reference=MNI 
//truestudy_1
//Subjects=11
46  -67  -5 
46  -66  -5 
45  -66  -7 
47  -65  -5 
47  -67  -7 
47  -67  -5 
45  -65  -7 
47  -66  -7 
44  -65  -7 
47  -66  -5 
44  -66  -6 
45  -65  -5 
45  -65  -6 
46  -64  -5 
47  -66  -7 
47  -66  -5 
45  -68  -6 
45  -64  -6 
46  -66  -7 
46  -66  -7 

//Reference=MNI 
//truestudy_2
//Subjects=12
46  -66  -5 
46  -66  -5 
46  -67  -4 
45  -66  -5 
46  -67  -6 
47  -66  -6 
48  -66  -6 
46  -66  -4 
47  -65  -6 
45  -64  -7 
46  -68  -5 
47  -67  -6 
46  -67  -5 
45  -64  -5 
46  -66  -4 
46  -66  -6 
47  -65  -6 
48  -66  -5 
47  -65  -7 
46  -66  -6 
46  -67  -6 
47  -66  -3 
48  -67  -6 
47  -66  -6 
44  -65  -6 
48  -64  -6 
47  -66  -6 

//Reference=MNI 
//truestudy_3
//Subjects=11
46  -66  -7 
45  -65  -7 
48  -66  -5 
45  -66  -6 
47  -66  -5 
45  -65  -4 
47  -66  -6 
46  -66  -8 

//Reference=MNI 
//nullstudy_1
//Subjects=11
48  30  -2 
16  18  12 
-36  -58  -38 
-68  -38  22 
46  34  22 
-6  -36  40 
8  2  -4 
-12  2  48 
-52  -56  -46 
-26  -46  44 
-52  0  -26 
-26  26  -12 
-46  12  -20 
6  12  12 
30  34  26 
-20  -78  34 
-46  -54  -28 
48  48  -12 
44  28  16 
-16  -88  12 

//Reference=MNI 
//nullstudy_2
//Subjects=12
-10  22  42 
-12  -58  22 
-28  -54  -6 
-18  -50  -58 
-22  -82  6 
-6  -68  28 
-30  -28  62 
-36  -10  -10 
-44  38  28 
22  46  -12 
-30  6  14 
10  30  42 
-10  50  -2 
6  40  -22 
-42  10  -8 
22  60  2 
-2  18  48 
-2  30  52 
-10  32  54 
-10  -42  0 
-60  -26  8 
-12  -48  62 
-4  -38  72 
18  50  30 
-34  -52  -38 
-2  10  50 
-6  -52  26 

//Reference=MNI 
//nullstudy_3
//Subjects=11
40  58  0 
10  56  -26 
26  36  40 
-4  -64  -24 
30  28  52 
16  48  -20 
-44  14  50 
-36  -74  22 

//Reference=MNI 
//nullstudy_4
//Subjects=10
-32  -52  -54 
-20  34  -26 
-12  -12  46 
-20  20  52 

//Reference=MNI 
//nullstudy_5
//Subjects=12
-10  44  10 
-12  -22  -32 
-20  34  38 
22  16  -40 
22  16  68 
-16  34  -26 
-46  10  44 
-60  -16  36 
-32  -88  -14 
40  56  -4 
26  40  40 
44  28  28 
-52  36  -14 
40  36  42 
-10  -102  10 
10  38  -18 
-30  4  0 
-46  -4  4 
-70  -28  -6 
-56  -44  36 
42  20  24 
-44  28  38 

//Reference=MNI 
//nullstudy_6
//Subjects=10
-28  -72  -50 
-10  -40  -58 
-64  -26  28 
-40  -2  2 
-14  -34  42 
30  14  62 
16  22  58 
-40  -22  10 
-14  -72  4 

//Reference=MNI 
//nullstudy_7
//Subjects=11
-28  -92  -22 
-4  -52  34 
-6  -50  8 
34  4  -38 
-6  -84  -2 
-8  -70  54 
-54  -24  44 
6  46  52 
-50  -24  58 
-44  -32  14 

//Reference=MNI 
//nullstudy_8
//Subjects=10
26  18  2 
50  48  6 
-28  -92  -4 
-36  -24  56 
-12  -30  -36 
-18  -60  -6 

//Reference=MNI 
//nullstudy_9
//Subjects=11
28  46  -10 
-46  -16  -40 
-4  6  -18 
-26  -20  -18 
-52  -10  2 
-14  26  46 
30  22  0 
-20  -8  -16 
-36  -48  40 
24  50  10 
-12  -60  -52 
-6  6  72 
-36  4  12 
-10  -32  -20 
-52  -76  20 
32  16  36 
-46  -14  -10 
-48  -24  38 
-40  -36  56 
-58  -20  46 
22  16  64 
-26  -76  26 
-44  22  34 
-52  -32  50 
-22  -58  -26 
-50  -58  46 
2  10  44 
-10  -20  -40 
-6  42  12 
-46  -40  26 
-18  -4  -18 
-24  34  -16 
26  38  18 
-34  2  -42 

//Reference=MNI 
//nullstudy_10
//Subjects=10
-64  -42  6 
0  26  32 
-48  24  -22 
-30  -58  -22 
2  36  58 
-14  -20  -20 

//Reference=MNI 
//nullstudy_11
//Subjects=11
20  14  14 
-2  -60  -48 
26  34  36 
-10  -88  -36 
-4  -76  18 
-66  -36  26 
-46  34  -12 
-34  12  -24 
6  2  -4 
-36  -42  -20 
-60  -56  -20 
-22  62  -12 
-46  -24  6 
-52  24  0 
-38  26  52 
-48  32  10 
-46  -34  -6 
-58  -20  12 
-40  -64  -48 
-30  -50  62 
2  28  22 
34  10  16 
-38  16  -42 
-40  -84  -4 
-28  -78  -50 
-52  -50  16 
38  38  -18 
-40  -24  -34 
-40  -66  -18 
-2  -26  -14 
42  28  2 
-58  -42  36 
-26  18  -4 

//Reference=MNI 
//nullstudy_12
//Subjects=10
-6  54  -18 
-26  -42  -44 
-56  0  6 
16  52  -22 
-42  -8  34 
-4  -62  -8 
-20  -100  -2 
-26  44  6 
-10  40  4 
-38  -68  -40 
-42  12  50 
-8  -26  54 
-36  -66  -46 
10  42  48 
-8  -4  46 
36  26  -32 
38  10  -20 
50  42  4 
-4  -74  46 
-6  -70  -54 
18  16  -38 
-30  14  32 
-40  -16  44 

//Reference=MNI 
//nullstudy_13
//Subjects=13
-24  -98  -20 
0  12  24 
-50  -14  32 
-28  46  32 
8  32  44 
-20  -44  -38 
-28  -56  -6 
-10  60  -16 
-4  -86  44 
-8  56  2 
-18  18  -10 
-54  -58  -10 
-58  -18  46 
10  46  16 
-24  0  60 

//Reference=MNI 
//nullstudy_14
//Subjects=9
-18  -66  16 
2  2  40 
-26  0  48 
-46  34  -6 

//Reference=MNI 
//nullstudy_15
//Subjects=9
56  6  -36 
-34  -50  -48 
30  60  6 
-4  22  58 
-22  -72  26 
16  14  -36 
-28  -10  -12 
-46  -72  24 
-8  62  24 
-42  -34  14 
-36  36  -8 
-54  -44  -6 
-22  -92  26 
-38  -74  46 
-46  -26  -26 
34  42  10 
10  6  -8 
-6  -90  22 
-4  6  68 

//Reference=MNI 
//nullstudy_16
//Subjects=10
4  26  44 
22  14  52 
4  46  34 
36  52  2 

//Reference=MNI 
//nullstudy_17
//Subjects=11
36  18  26 
-70  -32  -10 
38  50  16 

//Reference=MNI 
//nullstudy_18
//Subjects=9
-36  56  -6 
-18  36  30 
-10  -84  38 
-60  -32  10 
52  34  -8 

//Reference=MNI 
//nullstudy_19
//Subjects=10
-16  40  38 
42  2  24 
-42  0  -28 
-24  -50  -44 
30  6  60 
-34  -40  52 
-10  -28  -6 
-54  -4  -34 
-22  16  -36 
-26  0  54 
-34  -76  -32 
28  52  34 
-20  32  42 
40  28  40 

//Reference=MNI 
//nullstudy_20
//Subjects=9
-64  -20  -26 
-32  50  -8 

//Reference=MNI 
//nullstudy_21
//Subjects=9
-16  50  -20 
-36  -90  -20 
-10  -8  -26 
-54  -10  46 
24  18  -42 
-40  26  36 

//Reference=MNI 
//nullstudy_22
//Subjects=9
-26  -66  22 
-26  46  10 
-14  10  -34 

//Reference=MNI 
//nullstudy_23
//Subjects=10
-22  -40  -6 
-22  -44  -20 
-22  -44  -6 

//Reference=MNI 
//nullstudy_24
//Subjects=9
42  60  -2 
46  20  -36 
-8  -106  -6 
-44  -8  -44 

//Reference=MNI 
//nullstudy_25
//Subjects=9
12  12  -6 
-58  -12  28 
-50  -50  -8 
-58  -34  -28 
-40  -6  14 

//Reference=MNI 
//nullstudy_26
//Subjects=11
-50  -8  14 
-36  -16  60 
-34  52  0 

//Reference=MNI 
//nullstudy_27
//Subjects=10
-28  28  -6 
-34  -48  68 
44  46  -2 
38  18  50 

//Reference=MNI 
//nullstudy_28
//Subjects=9
52  30  12 
52  24  28 
-18  -6  -36 
20  10  -14 
-38  24  34 
-22  -96  16 
-48  -54  56 
-8  -10  70 
30  10  50 
-12  -70  -48 

//Reference=MNI 
//nullstudy_29
//Subjects=9
-10  -36  14 
-16  28  -2 
-44  20  36 

//Reference=MNI 
//nullstudy_30
//Subjects=9
-10  58  16 
-66  -32  26 
-14  -50  -16 

//Reference=MNI 
//nullstudy_31
//Subjects=11
-14  -84  -2 
-30  -68  44 

//Reference=MNI 
//nullstudy_32
//Subjects=11
-42  18  -28 
-6  -78  48 
-22  34  24 

//Reference=MNI 
//nullstudy_33
//Subjects=9
-48  -16  10 
-16  -58  -16 
44  46  14 
-46  2  12 
-32  -70  32 
26  62  2 
-20  -8  50 
-38  -84  -4 
0  10  -4 

//Reference=MNI 
//nullstudy_34
//Subjects=10
-38  54  20 
-66  -30  -14 
-34  -54  -26 
22  46  48 
-44  52  -6 
-28  -70  24 
-36  18  -36 
-8  -22  80 
-56  -40  8 
-20  6  -20 
-2  -22  12 
-12  -56  -36 
-58  -36  38 
-22  38  28 
-62  -34  38 
14  14  -6 
-26  26  40 
8  16  50 
-4  34  48 
-2  -24  -14 
-26  -66  48 
-18  -86  -44 

//Reference=MNI 
//nullstudy_35
//Subjects=9
-22  -66  22 
-64  -18  40 

//Reference=MNI 
//nullstudy_36
//Subjects=10
-46  36  14 
-60  -26  18 
-8  62  30 
-30  60  -14 
-30  18  -40 
-32  -32  70 

//Reference=MNI 
//nullstudy_37
//Subjects=11
-42  -24  42 
8  66  14 
-44  -86  4 

//Reference=MNI 
//nullstudy_38
//Subjects=9
-30  -68  40 
18  20  54 
-6  -50  72 

//Reference=MNI 
//nullstudy_39
//Subjects=11
-6  18  62 
-14  48  4 
38  38  -6 
8  10  72 
-40  -64  38 
-18  -70  32 
-14  -24  -4 
-58  -16  28 
-12  20  14 
20  2  -20 
-18  -94  10 
-38  -76  -8 
20  8  -48 
-30  -72  18 
16  6  22 

//Reference=MNI 
//nullstudy_40
//Subjects=10
-26  -22  74 
-36  -22  -30 
-46  -34  -22 

//Reference=MNI 
//nullstudy_41
//Subjects=9
18  14  54 
-24  6  -36 
-22  -8  -12 
-32  -20  -38 
-46  -6  -12 
-16  -46  -12 
-32  58  -2 
-10  -74  -36 

//Reference=MNI 
//nullstudy_42
//Subjects=8
-60  -4  6 
-38  -12  -6 
-4  46  -20 
40  18  48 
-8  4  36 
-32  -74  -36 

//Reference=MNI 
//nullstudy_43
//Subjects=9
58  8  40 
30  48  -16 
-56  -34  32 

//Reference=MNI 
//nullstudy_44
//Subjects=9
-56  -28  22 
-52  14  -24 

//Reference=MNI 
//nullstudy_45
//Subjects=11
-48  -66  46 
62  8  20 
-12  -44  -54 

//Reference=MNI 
//nullstudy_46
//Subjects=10
0  50  44 
-36  -70  -22 

//Reference=MNI 
//nullstudy_47
//Subjects=12
-8  -50  -38 
-6  -36  -28 
-2  26  36 
-22  -96  -2 
-12  -60  32 
-6  18  20 
-60  -38  -26 
56  6  -8 
-12  -64  20 
-30  42  42 
34  26  54 
-48  -68  40 
-18  -88  4 
-8  -38  72 
-4  -40  4 
-28  -68  28 
-8  52  16 
-32  -34  -10 
-18  -10  -38 
-52  6  8 
-46  -72  28 
-34  -64  -34 
38  30  28 
-22  6  68 
-16  -82  18 
20  10  48 
-66  -32  10 
-56  -44  -8 
-16  18  -12 
-20  -86  8 
42  2  -34 
-12  -10  76 
-6  -44  -66 
-20  60  -4 
-44  10  -18 
4  8  58 

//Reference=MNI 
//nullstudy_48
//Subjects=11
-34  10  -38 
-14  -72  56 
-56  16  2 
-48  -18  -16 
40  4  60 
-28  -32  -32 

//Reference=MNI 
//nullstudy_49
//Subjects=11
-26  -38  -54 
-44  2  4 
-18  -62  46 
-2  58  38 
-32  -40  -24 
-14  -88  -18 
-34  -72  -2 
-18  32  -22 
32  26  -26 
-50  -58  10 
-44  0  -2 
8  48  44 
-28  -14  -44 
-54  28  10 
-62  8  8 
-32  0  50 
-38  -80  26 
50  18  -4 
18  20  -22 
48  14  50 
8  36  38 
-4  24  22 
-42  -66  42 
-12  2  62 
-58  -62  28 
52  42  2 
-14  50  32 

//Reference=MNI 
//nullstudy_50
//Subjects=8
-40  -10  44 
-28  10  -44 
-14  -98  -12 
-6  54  8 
24  20  -18 
-24  14  -4 
8  28  -16 
-30  56  -8 
-18  -36  16 
-4  -90  -22 
-52  -70  -20 

//Reference=MNI 
//nullstudy_51
//Subjects=10
46  36  0 
-6  28  56 
14  62  10 
-2  -66  -40 
-6  -34  2 
62  6  24 
18  52  -22 
16  60  28 
-16  0  -26 
4  22  4 
-62  -54  -14 

//Reference=MNI 
//nullstudy_52
//Subjects=10
-14  -66  -16 
-40  -32  46 

//Reference=MNI 
//nullstudy_53
//Subjects=9
-58  2  28 
-42  -44  16 
42  42  10 
-40  20  -20 
-8  -20  -10 
-34  -26  46 
-26  -74  36 
2  12  8 
-22  54  12 
-6  4  22 
-18  56  -14 
-22  36  22 
8  34  24 

//Reference=MNI 
//nullstudy_54
//Subjects=8
-12  38  -28 
-26  -58  48 
2  54  -22 
-34  -52  -22 
18  12  -38 
4  32  34 
26  2  -46 
-50  -34  -30 
64  8  -2 
-34  -88  18 

//Reference=MNI 
//nullstudy_55
//Subjects=12
-22  10  -38 
30  30  -4 

//Reference=MNI 
//nullstudy_56
//Subjects=10
54  6  28 
-52  -50  30 

//Reference=MNI 
//nullstudy_57
//Subjects=11
-34  -74  -10 
40  20  10 
-2  36  12 
-14  -16  48 
-48  -46  42 
-12  56  22 
-52  10  -6 
50  26  2 
-42  34  -8 
-6  34  -30 
-28  -34  2 
-28  -30  -6 
-40  28  26 
-64  -22  24 
38  12  -2 
-24  -10  50 
38  52  6 
-2  44  0 
12  12  32 
-4  -32  44 
14  68  -2 
-20  40  50 
-6  -60  2 
-24  -40  -34 

//Reference=MNI 
//nullstudy_58
//Subjects=9
-12  40  6 
54  20  -10 
-22  32  32 
34  36  34 
-48  -56  -34 
-22  -100  10 
10  56  28 

//Reference=MNI 
//nullstudy_59
//Subjects=9
-12  -8  46 
-52  -18  42 
-26  -80  -50 
-58  -16  -2 
26  18  -36 
-30  46  -20 
-2  -74  38 
-38  30  2 
-32  -82  40 

//Reference=MNI 
//nullstudy_60
//Subjects=11
-44  36  -20 
-56  -20  44 
-24  -62  -20 

//Reference=MNI 
//nullstudy_61
//Subjects=11
-6  -76  -34 
0  26  42 
-58  -18  44 

//Reference=MNI 
//nullstudy_62
//Subjects=9
20  54  4 
-38  8  -48 
-4  -50  -52 
-12  60  18 
-12  -44  -22 
-34  42  6 
-16  -36  -20 
-26  -52  40 
-56  -40  4 
-28  16  42 
-30  -26  6 
-36  20  -12 
22  60  -12 
-20  42  48 
-30  -26  68 
-42  -72  -18 
18  46  -24 
-20  -88  -36 

//Reference=MNI 
//nullstudy_63
//Subjects=10
-42  -12  -6 
-12  46  46 
-40  -76  12 
-18  -96  10 
16  62  28 
-50  -46  6 
-34  -18  10 
16  26  2 
-2  -36  34 
-2  -42  40 
-16  -8  62 
-30  -48  -54 
-44  -80  30 
42  34  0 
-50  -42  -2 

//Reference=MNI 
//nullstudy_64
//Subjects=9
-60  -24  24 
-56  8  10 

//Reference=MNI 
//nullstudy_65
//Subjects=9
-20  -74  -4 
-30  38  -16 
-30  60  -8 
-4  -54  6 
-46  -70  -40 
-54  -12  -18 
18  20  8 
-60  -36  34 
-14  -44  36 
-48  -12  38 
-30  18  58 
-40  -64  46 
-6  -8  58 
-14  28  58 
-38  14  -2 
-42  -68  24 
-12  0  20 
-6  -32  -24 
-38  2  50 
-6  -14  28 
10  32  14 
-32  10  -4 
-54  4  -4 
-16  28  48 
-10  -52  -48 
-18  8  -4 
-8  4  48 
-44  -80  34 

//Reference=MNI 
//nullstudy_66
//Subjects=11
-54  -6  16 
2  28  -20 

//Reference=MNI 
//nullstudy_67
//Subjects=11
2  24  -4 
-24  8  -2 

//Reference=MNI 
//nullstudy_68
//Subjects=9
-38  16  12 
28  4  -4 
-16  40  -26 
-4  -20  8 
-12  -12  58 
-32  -20  42 
-42  -40  24 
-6  20  40 
-30  -80  -14 
-64  -38  40 

//Reference=MNI 
//nullstudy_69
//Subjects=10
-50  -52  -4 
42  20  48 
-6  -12  -16 
-38  30  -16 
-30  8  -12 
-58  -34  -26 
-6  -26  -34 
-38  -66  8 
46  4  -26 
-48  -4  -24 
-8  -68  66 
-34  -36  -8 
50  26  -8 
-30  22  50 
-36  34  36 
-2  54  38 
-18  46  34 
-20  -68  -46 
-10  -72  60 

//Reference=MNI 
//nullstudy_70
//Subjects=9
-14  12  4 
56  24  10 

//Reference=MNI 
//nullstudy_71
//Subjects=12
-46  46  -12 
-2  -54  6 
-18  -78  28 
-58  -12  10 
-16  -12  -32 
-62  -16  -14 
-20  -80  40 

//Reference=MNI 
//nullstudy_72
//Subjects=11
22  46  22 
-60  -10  8 

//Reference=MNI 
//nullstudy_73
//Subjects=10
-18  -96  20 
52  36  22 
0  38  58 
-54  30  22 
-12  -20  -30 
44  14  -38 
-20  -86  40 
-58  -12  40 
-20  -60  48 
-2  -86  32 
-26  40  16 
-20  0  -40 
-28  -58  -50 
-30  16  62 
-64  -36  10 
-52  -54  -48 

//Reference=MNI 
//nullstudy_74
//Subjects=10
-34  -16  22 
-20  -48  -56 
-18  -88  28 
-10  -60  70 
-20  -74  -18 
-26  -80  -26 
-16  -68  -12 
-46  -2  2 
-12  -12  28 
30  54  6 
-48  46  4 
-36  -62  -26 
-10  -6  78 
-6  -14  32 
-66  -12  18 
-18  58  34 

//Reference=MNI 
//nullstudy_75
//Subjects=10
-40  -26  18 
64  8  6 
28  2  52 
42  8  -2 
-12  -58  20 
-36  -48  -28 

//Reference=MNI 
//nullstudy_76
//Subjects=10
-14  -18  78 
-48  -84  8 
24  44  38 
-30  -58  66 
-48  2  -34 
-22  10  -44 

//Reference=MNI 
//nullstudy_77
//Subjects=10
-24  14  68 
-24  -84  6 
-22  60  22 
-50  20  40 
12  26  60 

//Reference=MNI 
//nullstudy_78
//Subjects=11
-8  42  -4 
34  32  8 
-36  -82  4 
-58  -52  -24 
12  16  14 
-42  -78  -16 

//Reference=MNI 
//nullstudy_79
//Subjects=11
-30  -8  2 
-46  -22  38 
56  30  -2 
-14  -6  -38 
56  6  26 
-4  30  38 

//Reference=MNI 
//nullstudy_80
//Subjects=10
2  52  8 
-24  -14  -42 
4  2  76 
-32  -94  20 
-4  46  10 
-28  -18  -22 
-14  -44  -28 
-34  16  -42 
-64  -40  34 
56  6  -34 
-58  -68  4 

//Reference=MNI 
//nullstudy_81
//Subjects=10
-38  -16  -28 
-58  -38  -4 
28  12  44 
-22  44  14 
66  2  -2 
-46  48  16 
-62  -28  48 
36  30  44 

//Reference=MNI 
//nullstudy_82
//Subjects=8
-22  -62  -38 
-16  -22  42 

//Reference=MNI 
//nullstudy_83
//Subjects=9
-38  -54  48 
-40  42  -8 
30  28  44 

//Reference=MNI 
//nullstudy_84
//Subjects=9
30  20  -18 
-10  -40  64 

//Reference=MNI 
//nullstudy_85
//Subjects=12
-42  -58  50 
-16  2  -24 
-12  -34  -10 

//Reference=MNI 
//nullstudy_86
//Subjects=9
-46  26  18 
32  6  62 

//Reference=MNI 
//nullstudy_87
//Subjects=9
-18  -42  52 
-28  -92  -20 
34  58  8 
34  6  -4 
-64  -12  -4 
-12  26  22 
-18  20  -22 
-54  0  18 
-14  -94  -24 
-8  -86  28 
-12  68  12 
54  26  22 
-38  18  30 
-52  12  -16 
-20  -68  40 
-12  -82  -48 
-28  2  50 
-22  20  64 
-18  -22  78 
-58  -18  28 
0  44  -22 
-16  48  -16 
10  30  32 
-26  30  0 
-46  -8  -14 
-4  -16  -14 
36  22  4 
4  22  4 
-8  -60  68 
40  16  -28 
-32  -44  60 
-28  28  26 

//Reference=MNI 
//nullstudy_88
//Subjects=9
-50  -8  0 
-44  -32  26 
-4  -76  -32 
-12  48  -8 

//Reference=MNI 
//nullstudy_89
//Subjects=12
-4  40  30 
-42  24  18 

//Reference=MNI 
//nullstudy_90
//Subjects=10
-4  -22  52 
-8  -24  10 

//Reference=MNI 
//nullstudy_91
//Subjects=10
-24  -68  40 
-54  -48  44 
-36  22  52 
-20  50  38 
-14  16  56 
-34  -40  64 
-58  -26  -6 
-14  50  -2 
-18  54  40 
-34  40  -14 
-44  20  52 
-46  -68  -30 
12  12  44 
-54  -34  38 
54  6  -20 
30  8  -8 
-18  -38  -20 
-20  -66  16 
-14  -38  74 
-12  -8  -26 
-36  -24  62 
-40  -80  -40 
-4  -64  -42 
-50  -14  50 

//Reference=MNI 
//nullstudy_92
//Subjects=11
10  26  -24 
2  32  -22 
14  16  20 
-42  44  -14 
10  18  46 
-48  -38  -32 
30  16  -6 
-2  30  24 
-14  -20  38 

//Reference=MNI 
//nullstudy_93
//Subjects=9
-38  -58  16 
-38  -10  58 
-34  2  6 
-10  -52  62 
58  4  26 
-48  -28  52 

//Reference=MNI 
//nullstudy_94
//Subjects=10
-18  -64  34 
56  4  4 
-64  -12  2 
-4  36  38 
-4  -20  30 
-48  -68  -44 
-34  -32  -32 
-6  -26  18 
-38  -30  -10 
-20  -8  58 
54  8  -28 
-26  54  2 
-34  -2  -38 
-8  -32  68 
-18  10  -6 
-4  -42  64 
10  18  -14 
48  26  -22 
-34  -30  54 
-26  -60  60 
30  2  42 
-56  -50  18 
-22  -74  -8 
-14  -70  20 
52  40  -12 
-20  -80  -42 
-10  14  58 
-16  68  10 
10  20  26 
54  40  4 
-14  46  48 
-6  -66  42 
-42  -78  22 

//Reference=MNI 
//nullstudy_95
//Subjects=11
-48  14  26 
-60  8  24 
-30  -62  -40 

//Reference=MNI 
//nullstudy_96
//Subjects=10
8  14  -24 
-50  -62  22 
-16  -64  36 
2  34  34 

//Reference=MNI 
//nullstudy_97
//Subjects=8
36  62  -4 
-54  -52  -14 
0  32  -24 
-36  -8  -10 
-38  -48  -14 
-58  -18  52 
-48  -30  -2 
-20  -50  -40 
-4  -62  -48 
-38  -80  0 
-18  16  62 
-26  30  36 
-54  -16  14 
-34  -84  0 
-30  -46  -50 
-34  26  48 
-12  -2  -4 

//Reference=MNI 
//nullstudy_98
//Subjects=10
-50  -20  60 
-42  14  -18 
52  6  38 
-6  -20  60 
46  20  24 
-4  -86  42 
-12  -64  -28 
-42  -40  -34 
-4  2  52 

//Reference=MNI 
//nullstudy_99
//Subjects=11
-12  8  38 
34  52  12 

//Reference=MNI 
//nullstudy_100
//Subjects=10
-46  -28  26 
-26  32  -22 
-36  -4  8 

