//Reference=MNI 
//truestudy_1
//Subjects=31
46  -67  -6 
44  -68  -6 
45  -66  -7 
47  -66  -6 
47  -66  -6 
47  -67  -6 
46  -65  -7 
48  -68  -4 
46  -67  -5 
47  -65  -6 
46  -67  -6 
47  -64  -6 
46  -68  -6 
46  -67  -5 
45  -67  -7 
48  -66  -5 
48  -67  -5 
47  -66  -7 
47  -65  -6 
46  -66  -8 
46  -66  -7 
45  -66  -6 
48  -67  -8 
47  -65  -5 
47  -66  -6 

//Reference=MNI 
//truestudy_2
//Subjects=31
46  -66  -7 
47  -66  -7 
45  -66  -5 
44  -65  -5 
46  -68  -6 
44  -66  -7 
47  -67  -5 
48  -65  -4 
46  -66  -4 
46  -65  -6 

//Reference=MNI 
//truestudy_3
//Subjects=29
46  -67  -7 
45  -66  -5 

//Reference=MNI 
//nullstudy_1
//Subjects=31
-50  -76  -10 
-34  -88  -20 
-18  -82  -24 
-20  14  46 
-38  -24  62 
-34  -60  64 
-46  30  2 
-14  -34  46 
-34  -14  16 
-12  -86  26 
-50  -52  34 
-48  -8  30 
28  28  4 
-44  42  0 
4  34  -20 
-12  46  36 
-16  -82  44 
34  10  26 
-64  -28  28 
-54  -58  18 
20  12  -2 
-42  -80  -34 
-2  -50  58 
-58  -20  32 
30  36  32 

//Reference=MNI 
//nullstudy_2
//Subjects=31
-30  -6  6 
10  12  62 
24  14  -8 
-8  -50  -36 
-60  -40  -12 
-22  0  -20 
48  30  20 
-4  34  56 
54  24  32 
-28  -36  4 

//Reference=MNI 
//nullstudy_3
//Subjects=29
48  4  20 
-22  -36  -32 

//Reference=MNI 
//nullstudy_4
//Subjects=29
50  30  -12 
58  18  30 
-40  -78  -30 
20  64  2 

//Reference=MNI 
//nullstudy_5
//Subjects=30
-6  -44  -16 
10  12  -20 
-58  -12  28 
22  12  2 

//Reference=MNI 
//nullstudy_6
//Subjects=30
-26  64  0 
-30  42  24 
-40  -84  -8 
-18  -84  -32 

//Reference=MNI 
//nullstudy_7
//Subjects=29
-8  2  62 
-42  -48  22 

//Reference=MNI 
//nullstudy_8
//Subjects=29
-36  14  -18 
-8  -70  -50 
-18  -72  46 
-8  -84  22 

//Reference=MNI 
//nullstudy_9
//Subjects=31
-6  -24  74 
-20  12  66 
-12  2  58 
-26  20  -40 
52  26  12 
40  8  42 
-26  -36  -42 
-54  -50  48 
28  12  58 
-64  -6  24 
-12  -68  66 

//Reference=MNI 
//nullstudy_10
//Subjects=29
-46  -68  -38 
-28  -68  8 

//Reference=MNI 
//nullstudy_11
//Subjects=30
14  52  30 
-14  -14  14 
0  12  72 
20  42  44 
-50  -52  -32 
-66  -56  6 

//Reference=MNI 
//nullstudy_12
//Subjects=30
-30  18  56 
-6  -32  78 
-16  -96  0 

//Reference=MNI 
//nullstudy_13
//Subjects=29
-44  -16  6 
-6  8  74 

//Reference=MNI 
//nullstudy_14
//Subjects=29
18  14  -14 
14  22  -22 
-40  -2  8 

//Reference=MNI 
//nullstudy_15
//Subjects=30
-30  -58  -10 
-26  -24  -22 
-2  -16  70 
-16  6  12 
-54  -10  8 

//Reference=MNI 
//nullstudy_16
//Subjects=30
-34  28  -12 
-12  -38  38 
42  4  4 
-16  -80  32 
-26  48  6 
-2  0  -4 
2  4  2 
-44  -16  14 

//Reference=MNI 
//nullstudy_17
//Subjects=30
16  64  24 
-48  -50  -12 
-16  52  -22 
-12  -58  -52 

//Reference=MNI 
//nullstudy_18
//Subjects=31
2  46  44 
-42  -60  14 
-52  20  14 
-40  50  22 
-26  -46  10 
-6  -60  -54 
-2  -60  -30 
-8  -46  -16 
-50  38  6 
-10  -46  10 
-20  -56  72 
2  24  56 
-22  -54  64 
-2  56  14 
30  44  -12 
36  34  50 
-2  -66  34 
-32  46  4 
8  62  12 

//Reference=MNI 
//nullstudy_19
//Subjects=31
-10  -68  -40 
32  4  60 
28  58  -12 
-32  46  12 
-48  -26  -2 
-2  52  30 
-4  -72  -28 
-56  -62  28 

//Reference=MNI 
//nullstudy_20
//Subjects=31
-30  54  8 
-8  -72  -32 
-60  -16  28 
-2  -60  -42 
-8  -8  2 
30  44  44 
-22  4  10 
-2  -20  2 
-4  -30  -14 

//Reference=MNI 
//nullstudy_21
//Subjects=30
-4  -90  26 
-24  -78  -10 
-4  -20  -28 
-6  -48  64 
-26  14  54 
-4  -16  -4 

//Reference=MNI 
//nullstudy_22
//Subjects=30
32  6  58 
-32  34  0 
-54  -50  20 
-48  -68  2 

//Reference=MNI 
//nullstudy_23
//Subjects=28
40  40  -12 
-22  46  -16 

//Reference=MNI 
//nullstudy_24
//Subjects=30
-46  2  40 
-36  14  54 
-58  -42  -12 
-26  30  -14 

//Reference=MNI 
//nullstudy_25
//Subjects=29
24  52  -14 
-32  -16  -30 
24  20  38 

//Reference=MNI 
//nullstudy_26
//Subjects=30
-28  -12  -26 
8  68  2 
-28  -16  -24 
46  12  -40 
32  50  0 
14  16  -14 
50  4  8 
-12  26  64 
-4  42  16 
-22  -92  20 
-26  -92  0 
-28  -88  -12 
-54  -20  -32 
-56  -36  -28 
28  24  62 
-34  42  -8 
-16  -60  -30 
54  24  -4 
12  72  -4 
-56  -20  48 
56  34  10 
-18  54  32 
-58  -66  -10 
-10  -64  -48 
-44  -54  -12 
-44  -24  24 
-32  -52  -26 
-58  -12  -14 
8  44  48 
-32  6  58 
-12  -42  44 
-14  -22  28 
-54  -28  16 
-58  0  -14 
12  38  8 
-6  -58  -18 
-64  -2  22 
-30  -62  46 
18  46  -20 
-42  24  26 
-60  -28  14 
-20  -6  54 
-18  -34  0 
-36  14  44 
26  20  -10 
4  26  54 
-48  -10  52 
-8  -20  50 
0  22  -18 
-58  -22  -16 

//Reference=MNI 
//nullstudy_27
//Subjects=29
-12  14  72 
-14  -70  -38 
-34  -20  50 
-2  -38  -66 
-38  -82  22 
-4  -72  -32 
-20  -80  -10 
-62  -46  40 
-2  -18  62 
-62  -36  0 
-2  -58  -56 
-14  -52  -20 
-34  -78  20 
-32  24  26 
-16  -20  -24 
-4  -60  -18 
26  20  -42 
-8  -6  42 
-38  -56  46 

//Reference=MNI 
//nullstudy_28
//Subjects=29
44  20  32 
-52  -64  -30 
-40  6  24 

//Reference=MNI 
//nullstudy_29
//Subjects=29
-38  -70  2 
-16  -70  32 
38  18  38 

//Reference=MNI 
//nullstudy_30
//Subjects=31
-58  6  -30 
-20  22  50 
14  8  8 

//Reference=MNI 
//nullstudy_31
//Subjects=30
-16  -74  -12 
-4  -82  26 

//Reference=MNI 
//nullstudy_32
//Subjects=32
-62  -8  14 
-8  40  14 
18  12  -24 
-30  -24  20 
-36  -80  -38 
-32  -54  54 
-36  -44  -24 
54  6  44 

//Reference=MNI 
//nullstudy_33
//Subjects=31
-50  -8  -26 
-46  -48  12 
-20  42  48 

//Reference=MNI 
//nullstudy_34
//Subjects=30
-12  -6  72 
54  4  -28 
30  26  38 
10  16  -22 
-12  -46  30 
0  62  34 
-40  -74  38 
-40  4  44 
-4  58  26 
14  40  -12 
6  34  14 
-24  -28  58 
-44  -46  -10 

//Reference=MNI 
//nullstudy_35
//Subjects=30
18  2  70 
-20  -74  -50 
-54  -42  38 
-8  46  52 
-14  -52  -12 
-4  -14  4 
-26  -14  -14 
-30  -42  -2 
-2  -12  -26 
-38  -12  -2 
-18  -78  46 
-30  30  -12 
-6  6  72 

//Reference=MNI 
//nullstudy_36
//Subjects=30
-26  -56  -20 
12  48  -4 
18  14  -22 
-46  -10  -46 

//Reference=MNI 
//nullstudy_37
//Subjects=29
58  24  30 
-30  56  14 
-64  -18  36 
30  28  56 
26  22  64 
28  36  48 

//Reference=MNI 
//nullstudy_38
//Subjects=30
-2  42  32 
-52  -66  -8 
42  46  12 
50  8  26 
18  4  72 

//Reference=MNI 
//nullstudy_39
//Subjects=30
-22  -16  -16 
-34  -84  -28 
8  42  8 

//Reference=MNI 
//nullstudy_40
//Subjects=30
-4  -100  8 
-30  -86  12 
8  42  22 
-30  -2  -8 
-36  -20  -4 
-26  -86  36 

//Reference=MNI 
//nullstudy_41
//Subjects=28
-18  -4  24 
-28  -58  -22 
-42  -86  -2 
-36  -64  58 

//Reference=MNI 
//nullstudy_42
//Subjects=29
-34  -22  -24 
-20  -80  -54 
20  20  -2 
-54  -60  -24 

//Reference=MNI 
//nullstudy_43
//Subjects=30
-8  -24  -30 
-14  -18  74 

//Reference=MNI 
//nullstudy_44
//Subjects=28
-40  -4  -40 
4  50  -20 

//Reference=MNI 
//nullstudy_45
//Subjects=29
-20  -88  -24 
-22  -64  -4 
-4  -96  -10 
-30  -72  36 
-22  -104  2 
-8  18  -12 
-18  -58  20 
22  14  -46 
-66  -44  10 

//Reference=MNI 
//nullstudy_46
//Subjects=29
-44  2  -30 
44  46  10 

//Reference=MNI 
//nullstudy_47
//Subjects=29
-48  -14  -4 
-54  -32  30 
-4  -36  24 

//Reference=MNI 
//nullstudy_48
//Subjects=32
-26  -76  50 
-24  10  60 

//Reference=MNI 
//nullstudy_49
//Subjects=29
32  50  0 
-56  -14  28 
-36  -14  -4 

//Reference=MNI 
//nullstudy_50
//Subjects=30
-58  -20  6 
-58  -20  38 
12  10  -22 
30  16  4 
-22  -42  -20 
30  2  -30 
-6  -28  -16 
48  34  22 
-56  -42  4 
-4  10  -10 
-6  -18  -26 

//Reference=MNI 
//nullstudy_51
//Subjects=28
-10  24  56 
54  34  -6 

//Reference=MNI 
//nullstudy_52
//Subjects=29
26  26  48 
-12  -42  46 
-66  -6  -2 
-20  52  42 
-48  0  -32 
44  48  18 
-30  28  -6 
-36  10  -34 

//Reference=MNI 
//nullstudy_53
//Subjects=30
-32  52  -16 
-6  -80  34 

//Reference=MNI 
//nullstudy_54
//Subjects=29
-10  -88  6 
-2  -14  26 

//Reference=MNI 
//nullstudy_55
//Subjects=31
-52  42  -4 
-6  -20  -22 
-2  54  20 
-44  -30  -20 
-46  22  -24 
-32  -64  54 

//Reference=MNI 
//nullstudy_56
//Subjects=32
-44  -42  28 
-6  -52  2 
-12  32  -12 
12  58  2 

//Reference=MNI 
//nullstudy_57
//Subjects=31
-40  -66  -4 
-14  -88  -26 
-14  0  -4 
-2  -14  -14 
-30  -64  8 
-4  -58  62 
-2  -28  28 
-18  -72  36 

//Reference=MNI 
//nullstudy_58
//Subjects=29
6  18  24 
-48  0  -12 
-26  54  14 
-10  12  4 
-4  44  54 
-14  -34  58 
54  18  -10 
-24  -76  4 
-54  -66  12 
-32  -70  40 
44  16  -12 
-2  -2  72 
-4  -52  52 
-4  -52  34 
-16  -12  30 
-64  -14  26 
-68  -18  4 
-44  -8  -48 
-4  -24  64 
-52  4  -16 
-54  32  8 
26  8  60 
8  8  -8 
-62  -16  -32 
-22  8  0 
-50  -50  16 
8  38  28 
40  22  -38 
-52  -36  26 
-20  64  12 
2  30  40 
-32  -4  -26 
-32  -72  44 
-40  -54  56 
-36  20  30 
-64  -10  38 
-54  4  16 
20  36  34 
-28  36  36 
44  10  2 
-50  -68  -10 
-32  -2  -44 
-2  -32  52 
-12  32  26 
-58  -6  -14 
-38  8  -36 
-6  -46  -2 
-48  -10  -10 
-34  -28  60 
-18  -88  -40 
10  4  74 
-18  -12  -26 

//Reference=MNI 
//nullstudy_59
//Subjects=32
-46  -66  6 
-46  -74  0 
-46  -64  34 
2  2  70 
10  58  -18 
20  18  -16 
-28  -10  4 
26  16  64 
-20  16  -16 
-40  -70  10 
18  20  0 
-30  -84  -18 

//Reference=MNI 
//nullstudy_60
//Subjects=30
4  2  10 
28  34  22 

//Reference=MNI 
//nullstudy_61
//Subjects=30
-8  -88  -30 
-18  4  -22 
-6  -86  38 
-32  -82  32 
10  32  36 
-48  -34  44 
-4  -60  -8 
-18  16  2 
40  6  -2 
-16  60  20 
-10  -50  -26 
10  52  -2 
-2  38  20 
-44  -26  0 
-66  -34  -10 
-8  -46  56 
-12  34  58 
-34  -72  -14 
-10  -54  44 
-2  -96  4 
-36  -40  40 
-60  -26  12 
28  20  -6 
-14  56  -22 
-18  -2  -6 
-32  -82  4 
-22  -52  2 
-2  16  52 
-26  -16  -22 
-14  40  20 
-48  -26  44 
-16  -50  40 
-30  -50  -8 
-12  -28  -46 
-24  -68  52 
20  46  20 

//Reference=MNI 
//nullstudy_62
//Subjects=30
-22  -82  8 
-66  -6  -18 
-24  46  0 
-26  -60  -36 

//Reference=MNI 
//nullstudy_63
//Subjects=32
-30  -58  -2 
38  12  -8 
-44  -64  44 
-52  -40  -4 
-24  16  -4 

//Reference=MNI 
//nullstudy_64
//Subjects=30
-58  6  8 
24  38  28 
42  42  -20 

//Reference=MNI 
//nullstudy_65
//Subjects=31
4  24  44 
24  18  -26 
-36  -10  -10 
-56  10  4 
-24  -8  -14 
-64  -50  34 
-52  -58  -24 
-8  -32  18 
-2  -30  -32 
16  12  -16 
12  32  54 
-68  -24  12 
42  6  -14 
-32  -6  0 
-42  -58  -18 
-46  -48  26 
-24  -50  18 
-8  36  -24 
-40  -24  -2 
-40  -32  -12 
-8  -20  80 
-6  -4  60 
32  10  50 
-34  -80  6 
54  10  44 
-14  -32  18 
-34  -44  -12 
-40  -20  58 
-36  -52  -18 
12  2  -26 
-22  6  62 
-38  -70  -10 
-26  64  18 
-20  -88  -36 
-20  -58  -64 
-8  -70  -2 
-52  -50  -20 
-54  -34  -28 
-42  -4  -14 
-36  -46  42 

//Reference=MNI 
//nullstudy_66
//Subjects=30
-4  -42  14 
-36  -62  28 
-26  -24  64 
-10  -12  18 
-28  -6  0 

//Reference=MNI 
//nullstudy_67
//Subjects=31
-56  -30  -6 
14  6  22 
-38  -18  -36 
8  38  -28 
54  32  12 
-14  12  -8 
12  10  68 
-58  -24  -24 
-46  -6  -2 
8  18  6 
-30  -58  66 
-62  2  26 
-10  -68  32 
-14  -54  22 
-18  24  60 
-2  -58  40 
-56  2  -2 

//Reference=MNI 
//nullstudy_68
//Subjects=31
-48  20  32 
-32  -24  4 
-4  -20  -24 
-10  -68  -52 
-52  36  18 
-44  -8  2 
-48  -68  -32 

//Reference=MNI 
//nullstudy_69
//Subjects=32
28  8  0 
-42  -24  64 
6  60  18 
-2  0  -30 
-12  14  50 
-46  -74  -24 
-40  -86  -12 

//Reference=MNI 
//nullstudy_70
//Subjects=30
-46  -58  42 
32  32  42 
-44  44  -16 
40  40  14 
-22  30  28 
-22  -22  62 
-48  -4  -26 
-24  -68  54 
38  36  2 
-16  -30  -10 
32  48  12 
-48  -46  -32 
-40  54  8 
2  14  26 
-30  12  6 

//Reference=MNI 
//nullstudy_71
//Subjects=31
-22  -98  14 
-48  -30  56 
-34  -80  -30 
-36  -6  -28 
6  36  6 
38  36  26 
-44  12  -34 
-64  -24  -22 
-38  -86  10 
-16  -42  -36 
-58  -2  -34 
-4  -90  -32 
-4  44  30 
-44  -36  16 
-40  -28  20 
-38  -40  58 
-6  -84  32 
-38  38  -8 
12  4  -28 
-38  -28  20 
-10  -16  44 
-10  -38  -40 
-42  -58  -22 
48  12  16 

//Reference=MNI 
//nullstudy_72
//Subjects=32
-12  2  52 
8  40  0 
-10  -62  64 
-2  -104  4 

//Reference=MNI 
//nullstudy_73
//Subjects=30
-24  12  2 
30  18  54 
32  18  14 
-8  28  -20 
-16  -78  -4 
-26  -52  -6 
-28  -72  -50 
44  16  -40 
-22  44  48 
-66  -20  -8 
-44  -6  -34 
-56  -16  -38 

//Reference=MNI 
//nullstudy_74
//Subjects=30
-20  32  38 
8  18  4 
-14  8  64 
-4  -6  36 
-22  8  -12 
-18  -66  -58 
-4  -50  -42 
-10  -44  -60 
-46  -76  16 
-50  -2  18 
8  22  58 
-10  52  -24 
-40  30  34 
0  16  52 
4  18  -26 
-14  -8  64 
54  10  -12 
28  6  -50 
-52  -8  0 
-16  -40  14 
-40  46  20 
-24  34  -16 
42  20  52 
-58  -42  12 
36  34  6 
10  2  -20 
6  40  16 
-14  -18  -20 
-6  8  68 

//Reference=MNI 
//nullstudy_75
//Subjects=30
16  70  -2 
20  6  -14 
-48  -64  42 
-60  -22  44 

//Reference=MNI 
//nullstudy_76
//Subjects=30
-22  50  0 
-50  -34  4 
6  16  -26 
-28  -58  -36 

//Reference=MNI 
//nullstudy_77
//Subjects=29
-4  -10  44 
-42  -44  -32 
-10  -78  32 
-50  -34  28 

//Reference=MNI 
//nullstudy_78
//Subjects=31
-30  -82  2 
-18  -84  0 
-14  -8  28 
-2  -36  -34 
-8  -10  -32 
-46  -76  -14 

//Reference=MNI 
//nullstudy_79
//Subjects=29
-36  0  42 
16  54  -22 
10  32  14 

//Reference=MNI 
//nullstudy_80
//Subjects=32
-66  -36  38 
-48  4  2 
34  8  30 
-54  -14  54 
50  8  -26 
-16  -42  60 
36  36  -12 
10  30  -28 
14  36  58 
-6  -34  -32 
-30  -66  -58 

//Reference=MNI 
//nullstudy_81
//Subjects=27
50  12  12 
-44  -68  -40 
42  18  -16 
42  30  0 

//Reference=MNI 
//nullstudy_82
//Subjects=30
-42  -74  20 
-2  26  42 
-40  32  -4 
20  26  -26 
-34  2  -10 
-16  -92  -20 
-36  28  -22 
-4  -8  30 
-6  -38  4 
2  62  22 
-8  28  28 
16  46  6 
-18  -82  -42 

//Reference=MNI 
//nullstudy_83
//Subjects=30
-22  0  66 
28  20  -16 

//Reference=MNI 
//nullstudy_84
//Subjects=30
-38  44  -14 
-12  -86  22 
14  38  4 
-26  -88  30 
-46  -18  62 
-26  -92  -8 

//Reference=MNI 
//nullstudy_85
//Subjects=30
-10  18  14 
-12  18  -16 
-32  -76  -22 
-8  2  56 
-14  -16  26 

//Reference=MNI 
//nullstudy_86
//Subjects=31
-48  -78  4 
-30  -80  -48 
-28  -68  -18 
-12  -54  -34 
22  10  -22 
-32  28  -10 

//Reference=MNI 
//nullstudy_87
//Subjects=29
-34  6  58 
-44  22  -8 
-24  -68  -32 
-60  14  14 
-46  -76  24 

//Reference=MNI 
//nullstudy_88
//Subjects=29
-10  -62  52 
-4  -68  -14 
38  8  -22 
-42  -68  -48 
-4  -66  0 
-2  -6  -10 
-8  38  -14 
-28  -46  10 
14  6  66 

//Reference=MNI 
//nullstudy_89
//Subjects=30
30  62  -16 
-46  -4  -30 
-44  -76  -18 
-52  -36  -12 

//Reference=MNI 
//nullstudy_90
//Subjects=29
-8  -24  10 
-32  -26  -8 
26  18  46 

//Reference=MNI 
//nullstudy_91
//Subjects=31
-8  -94  -12 
42  36  6 
-38  12  56 
14  34  -20 

//Reference=MNI 
//nullstudy_92
//Subjects=32
54  42  -4 
-42  -52  -26 
-22  8  54 
-56  -14  22 

//Reference=MNI 
//nullstudy_93
//Subjects=30
-48  -18  4 
-20  -50  -14 
-56  14  12 
-34  -38  -16 
-52  -42  20 
-6  -44  -28 
-12  58  0 
-12  22  54 
-46  34  -12 
-50  -16  10 
-64  -24  -2 
-2  50  -22 
-38  12  -14 
-18  -42  70 
-22  -46  0 
-4  22  40 
-66  -22  4 
-10  -20  -6 

//Reference=MNI 
//nullstudy_94
//Subjects=29
-44  -74  0 
-20  0  -34 
-48  -36  16 
36  46  -14 
-44  -74  -20 
32  6  -28 
-64  -6  34 
-60  -36  22 
-2  42  6 
-16  -38  -28 
10  62  16 
-52  -12  -34 
-56  -52  32 
-50  -8  -44 
-28  -12  -26 
-44  -6  -44 
-48  6  20 
16  72  4 

//Reference=MNI 
//nullstudy_95
//Subjects=31
-52  -64  -30 
12  4  58 
-6  -58  28 
-18  12  66 
-44  -20  -34 
-46  -4  2 
8  26  -24 

//Reference=MNI 
//nullstudy_96
//Subjects=29
-4  -16  60 
40  28  -18 
-4  -6  -10 

//Reference=MNI 
//nullstudy_97
//Subjects=31
-28  -58  50 
36  18  2 
2  54  14 
-42  -74  44 
-36  -2  -24 
-58  -62  10 
42  22  -2 
-26  -30  -28 
-12  16  -14 
24  16  50 
12  40  36 
-22  -30  72 
-14  54  -12 

//Reference=MNI 
//nullstudy_98
//Subjects=28
-50  42  -4 
-50  38  -18 

//Reference=MNI 
//nullstudy_99
//Subjects=31
-2  50  22 
-16  -56  68 
44  34  34 
52  22  24 
-48  -70  26 
-30  -68  -22 
-36  -72  14 
32  4  -50 
-14  -84  -30 
18  6  -14 
-22  6  60 
-60  -60  2 
34  24  48 

//Reference=MNI 
//nullstudy_100
//Subjects=31
-40  -76  36 
-32  -68  -6 

