//Reference=MNI 
//truestudy_1
//Subjects=30
45  -66  -6 
46  -66  -7 
46  -66  -5 
46  -66  -7 

//Reference=MNI 
//truestudy_2
//Subjects=30
46  -65  -6 
46  -67  -7 
46  -66  -6 
45  -66  -6 

//Reference=MNI 
//truestudy_3
//Subjects=32
46  -66  -6 
46  -67  -5 
46  -64  -8 
47  -66  -5 
46  -66  -4 
46  -67  -6 
46  -68  -7 
48  -66  -7 
46  -64  -6 
45  -67  -9 
47  -67  -5 
46  -64  -6 
45  -65  -6 
47  -66  -7 

//Reference=MNI 
//nullstudy_1
//Subjects=30
10  48  -18 
-46  -18  20 
-34  -82  14 
20  18  -2 

//Reference=MNI 
//nullstudy_2
//Subjects=30
-4  -46  -4 
-8  68  0 
-32  -26  16 
-24  -60  -12 

//Reference=MNI 
//nullstudy_3
//Subjects=32
-10  -72  -10 
-62  -26  -2 
-16  -84  -30 
-46  -26  40 
-44  46  -8 
-14  -26  -4 
34  46  -4 
-56  -36  32 
-28  -8  12 
-44  -26  -22 
24  26  44 
36  16  10 
-56  -14  -12 
58  18  22 

//Reference=MNI 
//nullstudy_4
//Subjects=30
-28  -52  -46 
-22  -70  46 
-28  -34  -40 
-14  -96  16 
-56  -4  -40 

//Reference=MNI 
//nullstudy_5
//Subjects=30
-6  4  -4 
-54  36  2 
-8  54  38 
-2  18  60 
-20  -60  -50 
-60  18  8 

//Reference=MNI 
//nullstudy_6
//Subjects=30
-8  -6  -26 
16  18  -16 
-16  -92  -24 
-10  46  48 
-18  -66  -12 
-20  36  54 
22  6  4 
-6  -34  -56 
2  62  16 

//Reference=MNI 
//nullstudy_7
//Subjects=29
-60  -60  22 
-6  -52  -50 
12  64  -14 

//Reference=MNI 
//nullstudy_8
//Subjects=29
-36  -58  -60 
-18  8  -46 

//Reference=MNI 
//nullstudy_9
//Subjects=29
-64  -30  44 
-32  -22  -2 
-30  -22  -34 
-30  -48  62 

//Reference=MNI 
//nullstudy_10
//Subjects=31
-4  -4  -14 
-36  -54  46 
-24  -52  -44 
22  68  6 
-20  14  0 
6  54  -16 
-20  -48  -16 
12  32  46 
-8  -78  50 
-2  -66  2 
-14  0  -12 
8  66  -6 
42  22  20 
-50  2  22 
-18  -68  10 
-46  28  -16 

//Reference=MNI 
//nullstudy_11
//Subjects=30
14  20  -18 
6  32  4 
30  18  30 
-8  -4  6 
-8  -26  56 

//Reference=MNI 
//nullstudy_12
//Subjects=30
-42  -14  -28 
-8  -98  8 
-4  -70  52 
-10  -30  -36 
-20  -94  -10 

//Reference=MNI 
//nullstudy_13
//Subjects=29
-44  -60  4 
40  38  20 

//Reference=MNI 
//nullstudy_14
//Subjects=29
-48  -2  32 
-8  18  12 
48  12  -12 

//Reference=MNI 
//nullstudy_15
//Subjects=30
-8  -82  10 
4  26  26 
-24  18  -26 
-26  14  -34 
-24  60  -12 

//Reference=MNI 
//nullstudy_16
//Subjects=31
32  54  6 
-18  -60  -22 
-40  4  22 
-48  -64  14 
-18  -78  -2 
-50  -46  -14 
-28  -84  44 
-14  42  -6 
-44  8  32 
-10  6  66 
-56  -42  -8 
16  64  20 
-2  26  56 

//Reference=MNI 
//nullstudy_17
//Subjects=30
-20  46  22 
52  26  40 
36  8  56 
-36  6  -10 

//Reference=MNI 
//nullstudy_18
//Subjects=32
-32  40  14 
56  10  34 
-26  -2  -18 
-18  16  -12 
-24  -6  -34 
-36  14  -2 
6  14  52 
-46  4  42 
10  16  16 
-26  -62  46 
-40  20  -10 
-16  -90  -34 
6  24  48 
-50  -78  -18 
-56  -44  -24 

//Reference=MNI 
//nullstudy_19
//Subjects=31
-54  8  20 
-58  -4  0 
-2  -48  14 
-16  -36  -28 
-42  -10  52 
-38  8  54 
-10  -32  -18 
-12  -64  -12 

//Reference=MNI 
//nullstudy_20
//Subjects=32
-54  -22  38 
-2  -22  8 
-28  52  -18 
-40  -30  50 
6  36  2 
-54  -10  -14 
14  10  -8 
22  16  68 
36  36  10 
14  46  -24 
-60  -62  4 
12  60  -4 
-34  -4  -26 
-28  -20  -12 

//Reference=MNI 
//nullstudy_21
//Subjects=30
-34  -52  -40 
-42  -10  62 
26  6  66 
-44  -68  22 
-48  28  -2 
-40  14  -8 
-16  12  64 
-36  0  -18 

//Reference=MNI 
//nullstudy_22
//Subjects=29
-20  -28  -20 
52  38  -8 

//Reference=MNI 
//nullstudy_23
//Subjects=30
-68  -24  32 
24  36  46 
24  6  -28 
-20  2  -2 
54  32  12 
-64  -32  44 

//Reference=MNI 
//nullstudy_24
//Subjects=29
-38  -18  -22 
-60  -38  46 
-8  -52  -36 

//Reference=MNI 
//nullstudy_25
//Subjects=30
-44  -8  4 
-32  -46  50 
-44  8  38 
-54  -42  -24 
-46  40  20 
14  38  14 

//Reference=MNI 
//nullstudy_26
//Subjects=31
6  20  60 
-24  -76  46 
-50  16  -32 
36  10  -48 
-4  22  -22 
-22  -54  -58 
-4  -2  -4 
-36  -76  -8 
38  16  36 
-20  -62  2 
18  22  66 
-48  -50  -32 
-54  26  30 

//Reference=MNI 
//nullstudy_27
//Subjects=29
2  22  66 
-20  60  0 

//Reference=MNI 
//nullstudy_28
//Subjects=30
-24  -6  52 
-20  -50  -24 
-14  -72  -38 
-8  8  -12 
-8  -34  2 

//Reference=MNI 
//nullstudy_29
//Subjects=30
-12  40  22 
-64  -16  24 
-16  -62  -10 
-62  -12  22 
-22  18  66 
-2  -78  14 
-22  -58  -54 
-42  -18  -26 

//Reference=MNI 
//nullstudy_30
//Subjects=31
-18  -84  -24 
-32  -32  70 
-28  -4  -22 
-56  -64  34 
-46  -18  8 
-54  -58  30 
-32  -90  -18 
-56  -4  4 
-18  -94  -12 
-14  20  -16 
-8  22  54 
-16  -36  72 

//Reference=MNI 
//nullstudy_31
//Subjects=32
-18  14  -20 
-22  -42  -32 
-64  -44  6 
-32  -10  56 
-54  -30  -16 
-20  -54  -58 
2  8  58 
-2  -30  -12 
-40  -50  -16 
-28  -12  70 
-30  14  26 
-56  -50  -2 
20  62  16 
-36  -50  -36 
-24  -26  -20 
-48  4  54 
-56  -26  -10 
-4  -48  24 
-8  -42  -46 

//Reference=MNI 
//nullstudy_32
//Subjects=30
-8  -56  -60 
-36  -54  -46 
-34  -6  -8 
-20  -60  -32 
-52  -22  54 

//Reference=MNI 
//nullstudy_33
//Subjects=30
-38  -26  66 
38  14  -30 
8  60  0 
8  6  42 

//Reference=MNI 
//nullstudy_34
//Subjects=28
22  8  56 
0  46  18 
-42  -62  42 

//Reference=MNI 
//nullstudy_35
//Subjects=29
36  44  16 
-26  28  -14 

//Reference=MNI 
//nullstudy_36
//Subjects=30
-4  -90  -32 
-16  -34  -8 
-34  -48  -56 
-30  -22  8 

//Reference=MNI 
//nullstudy_37
//Subjects=32
6  64  16 
-6  14  28 
-32  -60  -54 
-30  48  18 
-20  -74  12 
-26  -38  -50 
-28  -66  -18 
-10  68  16 
-40  -32  -30 
-14  -66  12 
16  40  10 
-42  -72  4 
-24  -16  -36 
-32  -22  -18 
22  56  10 
-16  -36  -2 
-56  -18  -10 
-64  -24  -28 
-12  -22  -42 
8  20  62 
-28  -58  -44 
-68  -18  2 
-28  56  12 
-38  24  -14 
-18  -10  26 
-44  -20  -30 
-30  28  10 
-26  -44  56 
-34  -56  -54 
-36  38  -4 
6  60  -12 
12  52  0 
-64  -26  -2 
-58  -16  46 
-18  -72  -36 
42  20  -30 
-22  -86  12 
-52  -44  -24 
42  36  42 
60  20  2 
-12  -44  78 
-8  -66  -22 

//Reference=MNI 
//nullstudy_38
//Subjects=30
0  36  4 
-36  -48  -46 
44  24  -30 
-10  -12  2 

//Reference=MNI 
//nullstudy_39
//Subjects=32
-32  -16  -4 
-40  -52  -44 
12  58  12 
-16  38  -18 
-6  -56  -58 
12  68  2 
-10  -48  40 
-58  -34  16 
-30  -50  42 
-12  0  72 
44  8  -4 
-14  -74  -56 
-10  -62  58 
22  24  54 
-16  10  -24 
-30  32  -22 
8  60  22 

//Reference=MNI 
//nullstudy_40
//Subjects=32
-54  -66  -20 
-36  62  -6 
-6  4  2 
-12  50  -10 
-46  -38  -30 
-46  -74  -2 
-10  -38  62 
-38  -18  -2 
50  30  10 
-68  -20  12 
-2  -2  -16 
-56  -60  40 
-54  -10  36 
-20  44  34 
-8  16  -14 
-32  -56  52 
-58  -18  -28 
-36  -20  46 
-54  -16  -12 
20  26  -22 

//Reference=MNI 
//nullstudy_41
//Subjects=30
4  48  26 
-30  38  -12 

//Reference=MNI 
//nullstudy_42
//Subjects=30
-44  -80  10 
-8  -20  46 
-28  -42  -18 
52  12  48 

//Reference=MNI 
//nullstudy_43
//Subjects=32
-16  -92  -2 
-46  -26  24 
-30  -76  52 
-16  -90  14 
-48  10  -36 
-60  -4  4 
-34  -24  -8 
-56  -18  -26 
-46  2  32 
-48  0  22 
-18  -38  -46 
-62  -30  46 
-44  -34  -14 
-42  0  -48 
-4  -88  -4 
-4  0  64 
-6  -26  -18 
-26  24  36 
-32  -84  -38 
-52  -52  52 
44  24  2 
14  6  -16 
-10  -2  18 
2  50  -14 
-24  -28  76 
-10  -22  68 
-18  -78  12 
-14  -70  10 
26  16  38 
-6  -48  -48 
-18  36  -28 
-34  -84  22 
-12  -16  18 
8  38  -26 
-24  28  -24 
-44  -54  -42 
-18  -60  14 
-26  56  -4 
12  6  70 
-36  -14  -34 
24  6  68 
-10  60  6 
-2  50  -4 
-2  60  34 
-24  -44  64 
8  14  -28 
-12  -92  20 
-38  -8  -36 
-4  -24  32 
34  30  -14 
8  40  56 
-22  -26  -16 
-36  -20  4 
10  24  66 
-32  30  50 
-20  -98  6 
-52  -2  -24 
-42  -14  -42 
26  32  58 
-12  -64  38 
-44  30  10 
-30  -96  -16 
-16  4  -26 
-20  -54  0 

//Reference=MNI 
//nullstudy_44
//Subjects=32
26  42  40 
-50  -32  -16 
-60  4  26 
-52  -44  -4 
-8  -60  30 
-6  20  38 

//Reference=MNI 
//nullstudy_45
//Subjects=29
-18  -6  -38 
38  2  46 
-20  -40  -56 
48  4  30 
4  32  -6 
-42  -66  28 
-48  -30  -6 
38  14  -2 
-30  -60  -42 
-10  -58  40 
6  14  6 
28  36  -14 
-42  36  -2 
50  6  -2 
-62  -16  18 
-8  72  4 
10  10  74 
-18  -70  -14 
-16  -62  -42 
-34  -44  -24 
-52  -66  -42 
-42  -66  52 
18  48  20 
-24  -86  22 
20  30  58 
-16  -66  30 
44  2  24 
-28  -40  12 
50  8  38 
-16  -10  -10 
-2  -72  2 
-14  12  10 
-32  -26  64 

//Reference=MNI 
//nullstudy_46
//Subjects=29
-22  -64  4 
-4  -86  -16 
-24  -42  66 

//Reference=MNI 
//nullstudy_47
//Subjects=31
-42  -16  38 
46  2  -48 

//Reference=MNI 
//nullstudy_48
//Subjects=30
-60  -18  -20 
-56  -50  18 
-12  -64  -24 
-54  -58  -46 
0  2  50 
30  18  34 
14  16  70 
-46  -44  58 
-46  18  40 
-32  -80  -8 
-38  -72  -42 
-6  -28  46 
48  22  38 
30  6  62 
-44  -20  36 
-6  -74  -12 
36  24  -10 
-6  -58  6 
-26  -62  40 
52  12  38 
-16  0  0 
46  52  0 
0  30  -32 
-30  -20  44 
26  62  0 
-20  -68  4 
14  32  -26 
-14  12  4 
46  42  20 
-56  -38  54 
28  42  10 
-34  -60  -24 
-8  -88  18 
-60  -18  38 
20  10  18 
18  10  -20 
-46  -86  12 
-42  -76  -42 
-4  44  12 
-44  32  30 
44  38  32 
-18  28  58 
-4  26  54 
-14  -36  56 
54  26  -2 
8  20  22 
-28  -42  56 
-4  24  26 
-26  -80  4 
-44  -54  38 
-40  -38  -24 
32  46  30 

//Reference=MNI 
//nullstudy_49
//Subjects=29
-22  -46  50 
-2  -100  -2 
8  18  6 
-18  34  42 
-2  -36  -32 
-26  -30  -24 
-8  -46  30 

//Reference=MNI 
//nullstudy_50
//Subjects=30
-42  54  10 
-28  24  56 
-46  -66  -2 

//Reference=MNI 
//nullstudy_51
//Subjects=30
-12  -92  14 
-6  0  -8 
20  6  -46 
-16  -94  -30 
-14  -32  58 

//Reference=MNI 
//nullstudy_52
//Subjects=30
34  38  34 
20  56  32 
-62  -48  -10 
-64  0  -20 

//Reference=MNI 
//nullstudy_53
//Subjects=29
-46  -56  -42 
58  10  18 
-16  -44  34 
-4  -64  14 
-30  -72  52 

//Reference=MNI 
//nullstudy_54
//Subjects=30
-12  50  26 
-4  -66  24 
-26  -62  -12 
-14  -74  -6 

//Reference=MNI 
//nullstudy_55
//Subjects=31
-34  12  52 
-14  -82  -24 
-18  0  -4 
-8  -50  0 
-54  30  6 
-58  18  2 

//Reference=MNI 
//nullstudy_56
//Subjects=30
-36  16  -42 
44  10  18 
30  62  -10 
-44  -20  24 
-32  -6  -36 
18  6  -32 
-20  56  10 
-50  8  -4 
30  44  -16 

//Reference=MNI 
//nullstudy_57
//Subjects=29
-28  -52  36 
-22  -10  -14 
-2  -32  80 
-10  -24  62 
-48  -38  32 
-40  -26  38 

//Reference=MNI 
//nullstudy_58
//Subjects=30
46  22  -16 
38  14  -14 
-34  -18  38 

//Reference=MNI 
//nullstudy_59
//Subjects=30
-60  -54  20 
-16  -40  62 
54  30  28 
-26  2  62 

//Reference=MNI 
//nullstudy_60
//Subjects=31
-34  -80  8 
-18  30  60 
-42  -36  54 
-36  -14  56 
8  34  18 
-14  40  46 

//Reference=MNI 
//nullstudy_61
//Subjects=28
-60  6  30 
-22  36  52 
-36  16  -10 
-12  -94  -32 
-14  66  24 
40  4  14 
-6  -96  20 
-12  -46  68 
-32  -68  -20 
58  10  40 
54  24  18 
48  30  10 
-2  -6  76 
-60  -38  -24 
-26  -2  8 

//Reference=MNI 
//nullstudy_62
//Subjects=30
-50  12  40 
32  14  14 

//Reference=MNI 
//nullstudy_63
//Subjects=29
48  22  -18 
-12  36  -14 
-18  -92  -4 
-14  -70  30 

//Reference=MNI 
//nullstudy_64
//Subjects=30
-8  -64  -14 
-6  -28  38 
-34  -66  -18 

//Reference=MNI 
//nullstudy_65
//Subjects=30
46  26  -18 
-20  28  34 
38  6  -4 
-20  20  44 
-50  2  -36 
-44  -12  -8 
-24  14  -38 
-38  10  28 

//Reference=MNI 
//nullstudy_66
//Subjects=29
2  50  2 
34  44  -14 
-28  -64  -6 

//Reference=MNI 
//nullstudy_67
//Subjects=29
26  28  28 
-12  -32  -28 

//Reference=MNI 
//nullstudy_68
//Subjects=29
40  8  48 
-52  -72  -2 

//Reference=MNI 
//nullstudy_69
//Subjects=31
30  18  -22 
-54  -52  -30 

//Reference=MNI 
//nullstudy_70
//Subjects=30
-14  -48  -62 
-14  -40  -42 
56  8  36 
58  8  36 
-6  8  -16 
-42  32  22 
-22  60  18 
-10  -54  4 
-46  -30  4 
2  6  -30 

//Reference=MNI 
//nullstudy_71
//Subjects=29
4  30  34 
36  30  0 
38  4  52 
-18  -34  -44 
54  10  28 
-8  24  22 

//Reference=MNI 
//nullstudy_72
//Subjects=30
-32  58  -8 
-44  -56  -58 
-42  -52  52 

//Reference=MNI 
//nullstudy_73
//Subjects=31
-18  -76  -54 
-18  -40  48 
-44  -62  -2 
-58  -16  36 
-6  -18  14 
-22  -34  -48 

//Reference=MNI 
//nullstudy_74
//Subjects=30
-4  4  -26 
-50  20  36 
10  10  18 
0  50  -20 
-44  26  12 
-8  4  42 
-48  -12  -30 
32  44  -14 
-46  4  10 
-44  -8  42 
-38  -66  -24 
46  36  -8 
26  24  -14 

//Reference=MNI 
//nullstudy_75
//Subjects=30
4  40  32 
-56  14  34 
22  62  20 
-10  -28  0 
-32  58  6 
-44  -32  -26 

//Reference=MNI 
//nullstudy_76
//Subjects=29
48  2  10 
-60  -8  0 
-42  10  42 
4  4  -22 

//Reference=MNI 
//nullstudy_77
//Subjects=30
20  14  -14 
-32  -14  -4 
-6  12  66 

//Reference=MNI 
//nullstudy_78
//Subjects=30
10  50  -4 
-20  -38  0 
-50  -48  50 
-10  -16  0 
-18  -100  -2 
-2  -80  -6 
-10  -60  48 

//Reference=MNI 
//nullstudy_79
//Subjects=29
-24  -66  -32 
-8  -58  12 
30  22  60 
-56  -42  50 
-12  2  -8 

//Reference=MNI 
//nullstudy_80
//Subjects=30
-48  -50  40 
46  10  24 
-28  -86  12 

//Reference=MNI 
//nullstudy_81
//Subjects=32
-8  -70  -26 
-32  26  18 
-26  -52  12 
44  34  -2 
-12  -104  10 
-6  -24  -12 
36  56  24 

//Reference=MNI 
//nullstudy_82
//Subjects=28
34  22  -16 
-4  34  38 
-58  -20  -26 
-64  -8  6 
-18  -46  -46 
-34  24  26 
-16  64  -14 
-2  60  -16 
-40  -82  28 
-34  -90  18 
34  2  40 
-20  -14  60 
-34  -68  22 
-34  -70  -26 

//Reference=MNI 
//nullstudy_83
//Subjects=30
-4  54  -2 
-24  48  16 

//Reference=MNI 
//nullstudy_84
//Subjects=29
-50  -52  -38 
-28  -8  -36 
8  48  2 
-48  -26  26 
46  12  -26 
-56  6  -10 
-30  -78  12 
20  8  50 
-30  22  30 
-30  -8  44 
-6  -12  58 
-8  -78  14 
2  8  44 
-14  -40  -40 
-12  -6  72 
-8  24  -10 
2  8  -20 
-28  24  14 
-30  -38  -12 
58  12  2 
-2  -102  8 
-18  20  64 
-42  -72  -50 
-42  -8  -44 
6  2  68 
-2  46  -16 
-16  -72  22 
48  18  -2 
6  38  6 
-22  -42  12 
-50  14  -2 
-52  6  18 
-8  54  16 
-30  -84  -40 
-24  4  -36 
36  16  42 
-38  -36  -10 
-32  -90  14 
-18  -90  -26 
48  4  50 
22  34  38 
22  14  48 
-28  66  -4 
-20  -14  -18 
-14  -74  56 
48  48  18 
-26  26  6 
28  4  -4 
0  40  -14 
32  60  18 
-2  16  68 
-28  -60  48 
-6  34  60 
-6  -90  30 
-48  -12  -10 
-60  -44  -4 
-6  -74  52 
32  10  50 
26  22  -30 
-6  -16  46 
26  14  44 
-14  2  -2 
-20  -50  68 
-36  -36  14 
-4  -50  -54 

//Reference=MNI 
//nullstudy_85
//Subjects=30
-46  26  28 
-36  48  24 
4  2  50 

//Reference=MNI 
//nullstudy_86
//Subjects=28
30  12  -44 
-18  -68  -16 
-26  50  26 
-12  26  26 
-12  -8  -14 
-24  -70  -24 

//Reference=MNI 
//nullstudy_87
//Subjects=31
-60  -36  -2 
0  32  -32 
-24  46  44 
-64  -18  4 

//Reference=MNI 
//nullstudy_88
//Subjects=29
46  42  26 
-2  -16  44 
-2  -32  -18 
-6  36  32 
-2  -78  44 
-54  -50  -4 

//Reference=MNI 
//nullstudy_89
//Subjects=30
-14  -62  -62 
40  6  -18 

//Reference=MNI 
//nullstudy_90
//Subjects=30
-50  -68  26 
-50  20  34 
-36  -74  42 
-66  -22  -2 
-18  -42  -8 
-52  -44  10 
-4  50  4 
-22  -92  12 
-22  -30  72 
-16  64  -12 

//Reference=MNI 
//nullstudy_91
//Subjects=29
-44  4  -44 
-8  34  12 

//Reference=MNI 
//nullstudy_92
//Subjects=31
-38  -30  22 
-50  -14  -16 
-32  -56  -36 
-30  -42  56 
-34  30  6 
-38  -8  18 
2  54  20 
0  22  -4 
-46  22  -14 

//Reference=MNI 
//nullstudy_93
//Subjects=28
4  8  -6 
-22  -68  60 
-42  -52  18 
44  6  -4 
-18  58  34 
-10  6  64 
-36  -82  -22 
-14  56  -20 

//Reference=MNI 
//nullstudy_94
//Subjects=32
-6  -70  -30 
-16  -76  2 

//Reference=MNI 
//nullstudy_95
//Subjects=30
-44  18  -14 
-10  38  -14 
-32  -34  -28 
-46  -38  52 
-6  -6  4 
-12  38  12 
-36  -38  36 
10  6  70 
-48  -36  -18 
-40  -2  14 
62  2  30 
-50  12  18 

//Reference=MNI 
//nullstudy_96
//Subjects=32
-34  -6  8 
-56  -42  -28 

//Reference=MNI 
//nullstudy_97
//Subjects=31
-24  48  4 
-2  -16  -10 
-56  -64  34 
-4  -38  -24 
-50  2  22 
-12  -56  38 
52  2  -4 
-28  -60  -52 
-42  46  -6 
-54  -18  36 
2  60  -12 
-24  10  60 

//Reference=MNI 
//nullstudy_98
//Subjects=30
-10  -106  6 
-48  6  30 
-2  -32  -44 
-56  -60  10 
-30  -58  4 
-2  -40  -42 
54  14  22 
-48  10  -38 
-60  16  24 
-4  32  52 

//Reference=MNI 
//nullstudy_99
//Subjects=30
-2  16  12 
10  62  -4 
-24  -78  -38 
-24  56  24 
-24  -36  -22 
-44  0  22 
-4  -48  58 
-40  -90  0 
-12  -98  24 
26  46  10 
-20  -96  14 
-4  -32  -12 
-62  6  26 
4  14  -12 
38  20  40 

//Reference=MNI 
//nullstudy_100
//Subjects=30
-10  42  -16 
-68  -14  14 
-14  -78  -52 
-18  -54  68 
26  32  36 
-18  -38  -8 
6  26  46 
4  16  -10 
-64  -44  38 
28  44  -8 
-30  -10  -48 
58  14  10 
-44  -72  46 
-38  -80  -22 
18  20  -20 
-32  -32  52 
44  28  6 

