//Reference=MNI 
//truestudy_1
//Subjects=11
46  -63  -6 
45  -66  -5 
45  -65  -6 
45  -68  -4 
48  -64  -4 
45  -65  -6 
45  -67  -6 
48  -65  -6 
47  -66  -7 
44  -66  -6 
45  -66  -7 
47  -66  -6 
44  -66  -6 
46  -66  -5 
45  -66  -7 
47  -65  -4 
46  -65  -5 
46  -65  -8 
46  -66  -6 
46  -66  -9 

//Reference=MNI 
//truestudy_2
//Subjects=10
44  -67  -7 
43  -65  -7 
46  -65  -6 
46  -66  -6 
46  -65  -6 

//Reference=MNI 
//truestudy_3
//Subjects=10
45  -66  -7 
46  -65  -6 
47  -67  -7 
48  -66  -5 
46  -66  -5 

//Reference=MNI 
//nullstudy_1
//Subjects=11
-4  -90  -12 
-48  30  -14 
-16  -94  -2 
-56  -64  -22 
-16  16  70 
-4  -76  -20 
-10  -26  78 
-6  -46  72 
-14  22  -24 
-8  -62  38 
-22  -74  36 
-6  -64  -46 
-52  -24  -18 
-54  2  30 
-10  -56  -36 
-16  62  -10 
-52  -22  -22 
6  12  50 
-36  -20  2 
-52  -16  -18 

//Reference=MNI 
//nullstudy_2
//Subjects=10
38  16  -20 
-12  -62  -54 
26  38  20 
-10  -96  14 
-18  60  -4 

//Reference=MNI 
//nullstudy_3
//Subjects=10
2  34  -28 
-36  -70  -16 
-18  -48  76 
-36  -58  52 
-54  -72  12 

//Reference=MNI 
//nullstudy_4
//Subjects=10
42  32  14 
-10  -68  -30 
22  52  14 
-56  10  32 

//Reference=MNI 
//nullstudy_5
//Subjects=12
-16  -16  -18 
-14  -96  -8 
-10  -42  46 
-38  6  14 
38  6  -34 
-36  -60  10 
-56  14  4 
38  12  14 
-56  -20  -12 
42  2  -6 
-22  -54  -12 
46  28  34 
-4  -8  2 
-40  46  -6 
26  26  58 
-58  -64  12 
48  16  8 
-22  -24  70 
-8  -26  -40 
58  8  18 

//Reference=MNI 
//nullstudy_6
//Subjects=11
-4  60  36 
52  30  -6 
28  46  -14 
-20  -62  30 
6  14  28 
-4  -100  -4 
-32  44  -16 
-16  -42  66 
-48  10  -38 

//Reference=MNI 
//nullstudy_7
//Subjects=9
22  50  -16 
6  2  -18 

//Reference=MNI 
//nullstudy_8
//Subjects=9
-62  -12  -32 
-22  -62  -50 

//Reference=MNI 
//nullstudy_9
//Subjects=10
-32  34  12 
-4  46  52 
-50  -8  -22 
-12  38  30 
-38  14  30 

//Reference=MNI 
//nullstudy_10
//Subjects=10
56  12  -16 
-32  -96  4 
-38  -4  50 
34  34  -4 
-4  -6  0 
-12  -88  -40 
-22  18  62 
-2  16  -6 
-22  -86  38 
48  38  -10 

//Reference=MNI 
//nullstudy_11
//Subjects=12
-4  56  -20 
40  24  36 
34  14  48 
4  16  -18 
-16  -30  70 
-6  28  66 
-30  -54  42 
-48  -68  46 
-8  -10  -12 
-40  -80  6 
-18  -74  -44 
-22  -24  56 
10  34  -24 
0  4  52 
32  6  -36 
-2  -58  46 
-12  -50  -28 
-2  -24  0 
-56  -44  42 
-4  8  30 
-46  -22  46 

//Reference=MNI 
//nullstudy_12
//Subjects=10
-6  -96  14 
18  16  2 
-48  -62  0 
-62  -52  26 

//Reference=MNI 
//nullstudy_13
//Subjects=11
28  54  -12 
-48  -64  6 
-58  -54  -28 
-20  -28  -6 
-42  8  -32 
10  24  40 
-6  -6  -10 
-4  42  -8 
-20  -8  -10 

//Reference=MNI 
//nullstudy_14
//Subjects=12
-42  14  24 
-26  -26  -28 
44  4  12 
-58  -20  26 
-10  -16  64 
-12  -26  80 
-46  6  6 
-64  -60  6 
-32  0  36 
-34  -74  -2 
-48  -44  -12 
-20  -84  -26 
-34  -70  34 
-14  58  32 

//Reference=MNI 
//nullstudy_15
//Subjects=10
-44  -22  -34 
16  2  72 
-36  -78  -20 
-8  -28  28 
-22  -48  68 
36  36  -6 

//Reference=MNI 
//nullstudy_16
//Subjects=10
-26  -54  -8 
-30  -46  70 
10  50  4 
8  56  38 
-8  -52  48 

//Reference=MNI 
//nullstudy_17
//Subjects=9
42  34  -10 
-14  26  -22 
-48  -16  -36 

//Reference=MNI 
//nullstudy_18
//Subjects=9
-4  -88  -30 
-30  36  30 

//Reference=MNI 
//nullstudy_19
//Subjects=10
-20  -68  -10 
-12  60  -6 
12  16  -26 
64  6  14 
4  48  -14 
-58  -12  18 

//Reference=MNI 
//nullstudy_20
//Subjects=10
28  14  64 
-28  -38  56 
-64  -58  4 
-40  -34  38 
4  22  68 
-16  -22  18 
-36  -58  50 

//Reference=MNI 
//nullstudy_21
//Subjects=10
-54  -24  54 
-42  -78  -2 
-38  -62  -40 

//Reference=MNI 
//nullstudy_22
//Subjects=7
-10  -68  24 
54  2  48 

//Reference=MNI 
//nullstudy_23
//Subjects=9
-50  -22  28 
-20  38  42 

//Reference=MNI 
//nullstudy_24
//Subjects=9
-10  44  18 
-36  -46  42 

//Reference=MNI 
//nullstudy_25
//Subjects=11
-48  -38  12 
24  10  4 
-12  -34  -40 
-10  -20  -6 
-20  -50  72 
-54  -36  36 
-28  -42  -20 
-8  52  24 
-30  -58  -4 
26  58  -6 
-30  -36  -40 
-32  46  -18 
-14  40  -10 

//Reference=MNI 
//nullstudy_26
//Subjects=10
-50  -68  -4 
-26  -80  32 
44  30  12 
0  26  12 
26  44  -18 

//Reference=MNI 
//nullstudy_27
//Subjects=8
-22  16  40 
-30  52  10 

//Reference=MNI 
//nullstudy_28
//Subjects=10
-4  -46  66 
-6  -14  30 
-10  -44  4 
28  48  12 
-54  -70  -12 
-4  38  26 

//Reference=MNI 
//nullstudy_29
//Subjects=10
24  18  0 
-2  40  0 
-66  -34  4 
-38  50  -10 

//Reference=MNI 
//nullstudy_30
//Subjects=10
-52  -76  -12 
-44  40  -6 
-12  -36  72 
-36  -76  0 
-24  -56  66 

//Reference=MNI 
//nullstudy_31
//Subjects=9
-16  -90  -8 
-46  -24  2 
-34  -50  -52 
-52  2  -18 

//Reference=MNI 
//nullstudy_32
//Subjects=9
56  16  0 
-22  32  34 

//Reference=MNI 
//nullstudy_33
//Subjects=8
26  2  10 
-22  -56  54 

//Reference=MNI 
//nullstudy_34
//Subjects=11
-36  -78  10 
-12  -14  68 
26  18  -18 
-16  -64  18 
-4  -52  -38 
-2  -20  46 
20  30  48 
-4  20  60 
-36  -60  48 
-6  -76  -14 
-26  0  52 
-20  6  56 
-28  -8  48 
-26  4  -28 
-2  -68  -42 
-60  -18  -2 

//Reference=MNI 
//nullstudy_35
//Subjects=12
-36  -12  -20 
-12  -90  36 
-10  -96  22 
-54  10  -26 
-16  -46  60 
-4  -38  52 
-20  38  -14 
60  10  -10 
-12  10  0 
-16  -44  42 
-18  -94  -14 
-52  -26  42 
10  4  -34 
-32  -18  48 
-62  -26  40 
28  24  44 
-6  -82  42 
-28  62  22 
16  2  74 
-26  -64  8 
2  16  66 
-54  36  0 
-38  -30  14 
-6  44  -26 
-68  -26  -2 
36  18  0 
10  10  40 
6  24  26 
-36  -46  46 

//Reference=MNI 
//nullstudy_36
//Subjects=11
-30  32  6 
-36  -64  42 
-20  38  -20 
-20  -4  -40 
-56  -58  -20 
-38  -4  -10 
-14  20  10 
-14  -22  20 
4  62  -22 
-4  -16  68 
-12  -16  -12 
-2  -42  28 

//Reference=MNI 
//nullstudy_37
//Subjects=8
-8  -60  30 
-2  26  44 

//Reference=MNI 
//nullstudy_38
//Subjects=10
-38  -22  -6 
40  58  -4 
-2  -62  -36 
-50  -14  50 
32  40  36 

//Reference=MNI 
//nullstudy_39
//Subjects=8
-62  -46  24 
-62  2  22 

//Reference=MNI 
//nullstudy_40
//Subjects=10
-14  -46  68 
-40  -78  -18 
-6  70  -6 
-40  -38  -42 
-56  -66  -16 
-18  -32  -12 
-34  20  20 
-32  -2  10 

//Reference=MNI 
//nullstudy_41
//Subjects=10
-26  -54  50 
-8  12  -14 
-46  4  2 
12  40  -26 
-8  -56  -40 
-20  -56  0 
-42  4  56 

//Reference=MNI 
//nullstudy_42
//Subjects=9
-2  -68  56 
-38  -56  62 

//Reference=MNI 
//nullstudy_43
//Subjects=10
-32  22  -20 
-28  -22  58 
-36  16  -24 
28  6  -22 
-38  -30  64 
-46  -50  24 
4  14  -14 

//Reference=MNI 
//nullstudy_44
//Subjects=9
-64  -12  18 
-36  -56  -34 
50  28  -4 

//Reference=MNI 
//nullstudy_45
//Subjects=11
-14  -60  40 
-8  -38  -30 
-22  -48  74 
-32  10  -2 
-12  28  24 
-40  -84  -4 
-38  -70  -42 
-14  18  8 
-50  -22  58 
-60  -30  -16 
-46  44  4 
-8  10  -10 
34  18  -20 
-10  -64  56 
-58  -2  20 
-46  -76  -32 
-24  18  54 
-36  52  22 
-46  -8  8 
-30  8  2 
-10  -26  46 
-34  18  -28 
-52  -72  6 
-16  48  34 
10  16  68 
-10  -12  78 
-60  -58  -4 
38  8  -8 
8  48  18 
-38  -24  -30 
18  12  -14 
-56  -48  -12 
-40  -62  -12 
-64  -24  14 

//Reference=MNI 
//nullstudy_46
//Subjects=9
-40  -66  16 
50  32  30 
-12  34  -20 

//Reference=MNI 
//nullstudy_47
//Subjects=10
-58  14  14 
-54  16  -14 
-10  -36  -44 
18  50  40 
-52  -18  4 
-52  32  28 
-34  -98  0 

//Reference=MNI 
//nullstudy_48
//Subjects=11
-42  22  50 
36  26  -8 
-14  4  24 
32  6  4 
-22  68  0 
30  4  -28 
-4  -78  18 
-32  -20  58 

//Reference=MNI 
//nullstudy_49
//Subjects=10
-6  -50  22 
-14  -84  -6 
-64  -42  18 
-32  -18  -16 
-42  -4  -32 
-64  -24  20 
-48  -40  -20 
-10  -72  12 
-10  40  22 

//Reference=MNI 
//nullstudy_50
//Subjects=11
-16  -54  4 
4  14  32 
-6  -100  18 
28  46  28 
-36  -54  14 
-24  -28  -6 
-38  -10  -32 
-20  -82  -46 
-12  -4  -8 
-8  26  42 

//Reference=MNI 
//nullstudy_51
//Subjects=10
-22  30  34 
-20  16  40 
26  56  -14 
-42  48  -2 
-40  44  24 
2  2  72 
14  56  38 
44  6  58 

//Reference=MNI 
//nullstudy_52
//Subjects=11
-16  -14  -32 
-48  -62  46 
-42  -60  -42 
-30  -36  -46 
-30  32  -18 
16  26  62 
-8  -32  -16 
-36  10  -20 
-64  -26  -20 
-14  -24  66 
-42  -58  -2 
-36  -44  34 
-32  -90  6 

//Reference=MNI 
//nullstudy_53
//Subjects=12
62  12  8 
-46  -70  14 
-24  38  40 
-8  -16  40 
40  28  -2 
-54  -16  -36 
-6  -62  -46 
-12  6  68 
-50  12  30 
24  22  38 
-12  -2  46 
48  12  36 
-8  -12  72 
-50  -48  48 
-54  -62  12 
-34  4  -18 
32  38  42 
-10  24  28 
-62  -38  -16 
-28  62  -4 
44  24  48 
2  46  -26 
-32  -96  4 
-44  52  2 
-46  20  -20 
12  32  26 
-2  -30  60 
-16  -64  44 
40  14  50 
-48  6  50 
-30  -56  -8 
-4  -62  -44 
-8  4  22 

//Reference=MNI 
//nullstudy_54
//Subjects=11
-2  -28  2 
-10  -2  44 
-4  8  28 
-38  50  -14 
-8  8  -22 
-42  16  -4 
28  4  2 
-6  -2  6 
-12  42  20 

//Reference=MNI 
//nullstudy_55
//Subjects=10
-40  -52  8 
38  34  -12 
-24  24  -28 
-56  2  -4 
-32  4  26 

//Reference=MNI 
//nullstudy_56
//Subjects=10
-28  14  42 
20  18  -6 
-54  -30  24 
-48  34  -12 
-10  -86  -2 
62  4  -20 

//Reference=MNI 
//nullstudy_57
//Subjects=9
28  56  -2 
-38  -56  -48 
-36  -32  38 

//Reference=MNI 
//nullstudy_58
//Subjects=11
-8  60  12 
-50  30  30 
-34  24  8 
40  34  18 
-56  -52  38 
-26  -60  54 
-32  10  14 
52  10  -32 
-42  -18  -20 
-56  -58  26 

//Reference=MNI 
//nullstudy_59
//Subjects=8
-46  32  12 
-4  18  68 
44  20  34 

//Reference=MNI 
//nullstudy_60
//Subjects=11
-30  -6  2 
-24  14  -14 
-18  26  6 
-40  -80  -28 
-12  16  -14 
-12  -98  8 
-4  -90  -28 
-36  -52  34 
-12  -94  12 
-42  6  -12 

//Reference=MNI 
//nullstudy_61
//Subjects=9
-28  26  34 
-40  -48  -28 

//Reference=MNI 
//nullstudy_62
//Subjects=11
-40  -22  50 
-18  18  64 
-2  22  6 
-2  -24  12 
-32  -38  -8 
-56  -26  -20 
-36  -80  -28 
-26  -58  40 
-6  8  32 
6  46  -16 
26  6  64 
-14  -58  6 
-34  8  26 
-40  24  20 
-2  -20  30 
-2  20  34 
-8  -48  22 
-40  -80  12 
18  16  2 

//Reference=MNI 
//nullstudy_63
//Subjects=10
-28  -64  -8 
6  70  -10 

//Reference=MNI 
//nullstudy_64
//Subjects=11
24  10  64 
-36  -4  8 
-4  24  32 
-40  26  12 
4  22  32 
8  26  36 
-40  -14  54 

//Reference=MNI 
//nullstudy_65
//Subjects=11
-56  -66  -18 
58  2  -12 
4  48  10 
-22  -60  68 
-46  32  -2 
-46  40  -18 
-28  -66  48 
38  30  30 
-44  -42  -12 
-52  16  0 
-50  -2  32 
-24  -74  34 
-4  -96  2 
-32  -82  10 
-50  -12  48 
-38  -36  22 
-18  12  56 
-38  0  60 

//Reference=MNI 
//nullstudy_66
//Subjects=12
52  2  -42 
-48  -18  -8 
-24  -84  44 
12  30  26 
-28  -84  -40 
-36  -66  -32 
-12  -24  40 
-48  20  8 
-16  68  4 
12  6  -16 
-38  -76  -36 
-12  -14  -16 
18  18  50 
-30  22  -16 
-62  -58  -4 
-2  -22  78 
-50  -18  -36 
-8  -14  42 
-60  -58  10 
-10  -54  44 
-16  -28  66 
-50  -48  56 
-14  -22  -8 
-38  -6  2 
-58  -32  -16 
-56  -32  10 
-18  14  8 
-4  24  -4 
-42  -52  42 
-24  16  -34 
-20  -14  68 
0  18  -10 
-2  -28  40 
-6  -44  -36 
-6  -72  24 
-56  -36  52 
-40  -4  -48 
-6  -82  -6 
-36  12  -10 
-48  -28  -18 
-8  36  -26 
-14  -36  40 
-18  20  -26 
-4  -64  -20 
-32  -14  -38 
0  2  18 
-32  -46  -38 
-34  -26  -20 
30  64  8 
48  6  6 

//Reference=MNI 
//nullstudy_67
//Subjects=9
-36  -18  -20 
4  50  32 
-6  -2  50 

//Reference=MNI 
//nullstudy_68
//Subjects=10
-34  20  2 
-8  -74  0 
-16  -46  30 
-30  -56  66 
-18  -54  70 
-62  -10  30 

//Reference=MNI 
//nullstudy_69
//Subjects=9
-4  -28  -32 
-26  10  2 

//Reference=MNI 
//nullstudy_70
//Subjects=10
-50  42  0 
-6  20  -10 
-12  -60  40 
-10  -36  48 

//Reference=MNI 
//nullstudy_71
//Subjects=10
26  52  0 
-6  12  12 
-24  -22  -20 
-62  -44  24 
-24  -6  58 

//Reference=MNI 
//nullstudy_72
//Subjects=11
38  54  18 
-44  -38  60 
-52  -8  20 
-26  -16  -40 
-70  -36  4 
48  16  24 
-32  12  60 
-58  -12  -26 

//Reference=MNI 
//nullstudy_73
//Subjects=9
-42  28  -10 
-14  -56  -14 

//Reference=MNI 
//nullstudy_74
//Subjects=10
-58  -22  -12 
-34  -22  58 
38  40  20 
-2  -80  -42 
-28  -34  -8 

//Reference=MNI 
//nullstudy_75
//Subjects=9
36  6  56 
14  56  -6 
-26  -96  22 
-30  56  2 

//Reference=MNI 
//nullstudy_76
//Subjects=9
-30  -72  -50 
-14  -84  -44 

//Reference=MNI 
//nullstudy_77
//Subjects=9
-46  -64  -26 
52  12  -28 

//Reference=MNI 
//nullstudy_78
//Subjects=10
34  54  26 
-6  52  -20 
6  8  44 
-38  14  -4 
-40  -28  60 

//Reference=MNI 
//nullstudy_79
//Subjects=12
-40  60  2 
14  8  38 
-34  -72  -4 
-36  -62  -36 
-2  -44  -40 
-46  -52  40 
-2  40  56 
-12  -28  12 
-50  -18  58 
-8  -64  44 
-46  -60  -18 
60  10  28 
-32  0  60 
54  18  10 
-40  14  58 
-16  42  -22 
32  56  30 
26  48  30 

//Reference=MNI 
//nullstudy_80
//Subjects=11
-28  -32  54 
-10  -74  -20 
-52  -76  -16 
-66  -30  16 
24  36  48 
-28  16  38 
-20  -82  -16 
-18  -2  -46 
-46  30  36 
-40  16  -8 
-64  -22  30 
-4  -6  6 
-52  16  -12 
-58  -36  -4 
-52  -74  12 
-6  -4  12 
-28  -86  -4 
-6  -72  42 
36  48  16 
-56  6  28 

//Reference=MNI 
//nullstudy_81
//Subjects=9
-36  -64  -58 
-6  -58  52 
-42  -16  54 

//Reference=MNI 
//nullstudy_82
//Subjects=10
40  58  2 
-28  24  38 
-54  -40  0 
-36  -60  54 

//Reference=MNI 
//nullstudy_83
//Subjects=11
26  60  0 
-26  28  -24 
-8  -40  -44 
-32  -10  -42 
-16  -72  50 
-28  -14  -26 
-62  -40  -12 
-40  52  12 
16  12  58 

//Reference=MNI 
//nullstudy_84
//Subjects=10
12  64  -18 
-12  -80  50 
-14  -50  -18 
-20  -54  -60 
-26  28  26 
-16  -80  20 

//Reference=MNI 
//nullstudy_85
//Subjects=11
-58  14  6 
-34  -60  -42 
-4  -22  28 
-46  -26  60 
38  58  6 
-62  4  -4 
-8  -22  72 
-28  2  4 
-16  -76  -8 
58  8  16 

//Reference=MNI 
//nullstudy_86
//Subjects=9
30  10  30 
-16  -56  -60 

//Reference=MNI 
//nullstudy_87
//Subjects=11
-8  2  76 
-16  -62  -44 
-22  -30  -42 
-64  -14  -24 
-8  -52  -62 
-4  -64  -52 
-8  -96  6 
-10  -62  66 
-56  -42  10 

//Reference=MNI 
//nullstudy_88
//Subjects=11
-6  28  -8 
-26  -88  4 
50  42  24 
-10  64  6 
-8  30  16 
-8  -28  66 
-34  0  16 
-22  -74  50 
2  12  38 
-6  6  66 
-10  -80  50 

//Reference=MNI 
//nullstudy_89
//Subjects=11
-18  44  46 
-12  -50  -60 
-54  -24  -2 
54  40  -2 
48  46  12 
-28  -28  18 
24  12  -4 
18  16  50 
32  24  -30 
-16  -22  20 
-30  10  -34 
-48  20  2 
-46  -10  4 

//Reference=MNI 
//nullstudy_90
//Subjects=9
6  42  44 
-38  44  24 
-42  6  58 

//Reference=MNI 
//nullstudy_91
//Subjects=10
-22  -80  42 
-10  -70  -58 
36  24  -26 

//Reference=MNI 
//nullstudy_92
//Subjects=9
-4  -2  56 
-42  4  40 

//Reference=MNI 
//nullstudy_93
//Subjects=11
-8  -38  66 
-8  -54  62 
-50  22  36 
-10  -74  -8 
-42  4  -12 
-56  -26  32 
-28  -82  -42 
46  14  -36 

//Reference=MNI 
//nullstudy_94
//Subjects=10
-66  -38  -24 
10  4  -10 
-6  20  -20 
-12  44  16 
-42  -44  -26 
-24  -84  32 
-66  -28  6 
-12  -32  46 
2  14  12 

//Reference=MNI 
//nullstudy_95
//Subjects=11
28  38  32 
-52  -4  -10 
-32  -58  -26 
-54  -22  50 
-36  0  56 
26  52  26 
-32  20  44 
-6  -38  60 
-30  -48  66 
-36  50  20 
-14  -20  -18 
-8  -24  -34 
14  18  -28 
-52  -56  -18 
-54  -2  4 
-34  46  -18 
-30  -58  -32 
18  50  -12 
44  24  16 
-30  -76  34 
22  54  -18 
-36  -86  -26 
-2  50  14 
-22  -36  18 
-16  -52  64 
-30  -8  -8 
-10  -56  14 

//Reference=MNI 
//nullstudy_96
//Subjects=8
-38  -74  -20 
-18  -86  36 

//Reference=MNI 
//nullstudy_97
//Subjects=12
-6  -86  -24 
-14  -62  -24 
-42  -88  -10 
-12  -88  12 
-28  28  -16 
-24  2  72 
-24  -12  -36 
-52  30  6 
-24  4  8 
-26  -70  -38 
-2  -78  8 
-48  -4  8 
-20  -52  58 
2  58  -14 
-36  -12  48 
-44  30  6 
-16  -26  -12 
-2  -42  76 
-28  -42  -32 
-46  34  0 
38  60  -4 
-16  -50  -60 

//Reference=MNI 
//nullstudy_98
//Subjects=11
60  8  26 
-10  -44  40 
-28  -62  10 
-8  44  4 
-46  -44  -2 
-32  -30  -24 
-6  16  -8 
-46  20  -4 
4  28  -18 

//Reference=MNI 
//nullstudy_99
//Subjects=10
-20  -18  62 
-14  -34  -40 
-64  -48  2 
12  4  -24 
58  26  20 
-2  -30  4 

//Reference=MNI 
//nullstudy_100
//Subjects=10
-48  -26  62 
-52  -8  -28 
-52  40  4 

