//Reference=MNI 
//truestudy_1
//Subjects=10
48  -66  -7 
46  -67  -5 
46  -67  -6 
46  -66  -5 
47  -66  -6 
45  -68  -5 

//Reference=MNI 
//truestudy_2
//Subjects=10
46  -67  -7 
45  -67  -8 
44  -66  -7 
45  -67  -7 
45  -66  -6 

//Reference=MNI 
//truestudy_3
//Subjects=8
46  -65  -5 
47  -65  -5 

//Reference=MNI 
//nullstudy_1
//Subjects=10
-32  0  44 
-14  6  60 
-34  48  -12 
-46  -34  14 
-42  -82  30 
-28  -58  -38 

//Reference=MNI 
//nullstudy_2
//Subjects=10
-12  -32  44 
-34  22  -24 
-54  2  -40 
-30  -72  -12 
6  26  -20 

//Reference=MNI 
//nullstudy_3
//Subjects=8
-34  -92  -8 
-28  -46  70 

//Reference=MNI 
//nullstudy_4
//Subjects=9
-8  -88  18 
-66  -8  -12 
-36  -28  -10 

//Reference=MNI 
//nullstudy_5
//Subjects=9
-6  0  8 
24  10  70 

//Reference=MNI 
//nullstudy_6
//Subjects=10
-30  -46  -10 
-62  -38  6 
-16  -76  22 
-38  30  -16 
-48  -40  58 
0  42  -6 
26  18  44 
-46  -54  54 
0  20  34 
10  60  -10 
-52  -54  48 
-44  -34  -26 
40  2  0 

//Reference=MNI 
//nullstudy_7
//Subjects=11
18  16  -10 
-56  18  20 
60  16  28 
-24  -36  -18 
-18  12  14 
-26  -24  66 
16  30  2 
-22  -20  72 
-28  50  22 
46  36  -18 
36  14  62 
-30  56  -14 
-50  -36  54 
20  48  34 
2  58  -20 
0  62  -16 
-50  -4  -42 
20  12  -26 
-2  -46  72 

//Reference=MNI 
//nullstudy_8
//Subjects=9
-42  -48  52 
-8  -78  -4 
-16  -12  -20 

//Reference=MNI 
//nullstudy_9
//Subjects=13
-20  2  74 
-50  -14  30 
14  66  -8 
-24  52  22 
-40  -24  22 
-6  -14  -32 
-18  -74  -16 
-18  -28  74 
-8  -52  -24 
-26  -38  -6 
-24  12  -44 
-38  -88  18 
22  24  48 
-12  56  12 
44  10  4 

//Reference=MNI 
//nullstudy_10
//Subjects=11
-50  -16  60 
-10  -34  -18 
12  18  28 
30  18  58 
-30  -44  -52 
-18  -2  22 
-46  -24  -4 

//Reference=MNI 
//nullstudy_11
//Subjects=10
36  40  34 
58  8  10 
-2  32  62 
-16  24  -28 
-8  -60  26 

//Reference=MNI 
//nullstudy_12
//Subjects=8
-38  56  6 
-18  42  50 

//Reference=MNI 
//nullstudy_13
//Subjects=9
26  24  60 
-12  -98  -20 
-22  40  -14 

//Reference=MNI 
//nullstudy_14
//Subjects=9
-30  -46  -26 
-34  -6  48 

//Reference=MNI 
//nullstudy_15
//Subjects=8
-30  -10  -26 
14  56  -22 

//Reference=MNI 
//nullstudy_16
//Subjects=10
-6  -28  60 
-10  -26  -10 
-40  -70  6 
-28  -52  -24 
54  38  2 
-2  -40  -52 
58  12  4 
-12  -28  22 

//Reference=MNI 
//nullstudy_17
//Subjects=10
10  16  42 
-46  -26  -28 
54  30  -4 
52  4  24 
-16  -104  -14 
50  34  34 

//Reference=MNI 
//nullstudy_18
//Subjects=9
6  42  -28 
-56  -12  -34 
18  56  38 
-8  -74  54 

//Reference=MNI 
//nullstudy_19
//Subjects=10
10  66  10 
-22  -10  -30 
-4  -24  74 
36  8  34 
46  16  34 
-16  36  54 

//Reference=MNI 
//nullstudy_20
//Subjects=11
10  34  38 
14  44  18 
38  40  20 
-48  -12  10 
-42  -16  22 
-28  -64  -28 
-58  22  10 
-56  -52  38 
-24  -72  36 

//Reference=MNI 
//nullstudy_21
//Subjects=10
-26  -38  -30 
20  56  -12 
44  52  4 
-50  -26  34 
-16  36  54 
-6  -86  -4 

//Reference=MNI 
//nullstudy_22
//Subjects=10
30  54  12 
-2  54  4 
40  62  -4 
-48  -48  -36 

//Reference=MNI 
//nullstudy_23
//Subjects=10
-36  -58  -16 
-64  -36  22 
2  30  22 
-6  -2  30 
-16  60  14 
-60  4  26 
-6  -40  -14 
-16  -26  -2 
38  4  -4 
20  36  -24 

//Reference=MNI 
//nullstudy_24
//Subjects=10
-16  54  -8 
-6  -100  -12 
-22  -80  -12 
-4  -30  46 
-36  2  58 

//Reference=MNI 
//nullstudy_25
//Subjects=11
-34  32  50 
-20  2  70 
22  36  -24 
-30  30  28 
-36  18  -14 
24  66  22 
4  54  -26 
-8  -16  -40 
38  24  -36 

//Reference=MNI 
//nullstudy_26
//Subjects=11
0  28  36 
-22  -78  -44 
-20  36  30 
-32  -52  0 
-20  -6  -44 
6  24  30 
-38  -18  -36 
-36  -62  40 
20  12  -12 

//Reference=MNI 
//nullstudy_27
//Subjects=9
26  24  44 
0  44  18 
-10  -24  8 

//Reference=MNI 
//nullstudy_28
//Subjects=10
60  8  12 
-6  14  40 
-36  -78  14 
-38  18  -26 
-10  64  8 

//Reference=MNI 
//nullstudy_29
//Subjects=9
28  66  -4 
-40  -4  62 

//Reference=MNI 
//nullstudy_30
//Subjects=9
8  24  22 
-2  54  20 

//Reference=MNI 
//nullstudy_31
//Subjects=9
-4  -86  32 
-32  -54  -58 

//Reference=MNI 
//nullstudy_32
//Subjects=11
-40  -30  10 
-42  -32  60 
-8  -58  -28 
16  54  24 
-56  -60  24 
4  44  44 
-62  -28  28 
-28  -38  10 
46  40  -12 
-12  -90  4 
-34  -24  6 
2  12  22 
-6  42  -10 
-48  -84  0 

//Reference=MNI 
//nullstudy_33
//Subjects=10
-6  4  70 
-32  -18  16 
-26  0  66 
-44  -68  -32 
-10  -56  -56 
4  30  60 

//Reference=MNI 
//nullstudy_34
//Subjects=13
-16  -56  -26 
0  20  60 
-64  -40  2 
-22  30  50 
-14  -84  12 
14  62  26 
-12  -22  34 
-16  -46  -24 
-34  -36  12 
-24  14  -36 
-38  0  26 
-38  -38  -14 
-4  -2  -12 
-26  -14  -44 
-56  14  18 
-26  -62  -10 
-68  -28  -18 
10  2  66 
-2  16  46 
-36  -10  0 
4  10  2 

//Reference=MNI 
//nullstudy_35
//Subjects=10
-14  -60  -64 
50  6  -22 
44  14  -8 
50  28  40 
0  52  26 
-8  -38  -18 
-14  62  32 
-22  60  18 

//Reference=MNI 
//nullstudy_36
//Subjects=9
-50  -4  -24 
34  24  -18 
0  58  10 
-38  -6  -40 

//Reference=MNI 
//nullstudy_37
//Subjects=10
-14  -78  -20 
36  12  8 
-10  -76  36 
-20  -24  -10 
16  60  36 

//Reference=MNI 
//nullstudy_38
//Subjects=10
-38  -38  20 
-14  -60  48 
-32  -24  22 

//Reference=MNI 
//nullstudy_39
//Subjects=9
-66  -36  6 
-40  -2  6 

//Reference=MNI 
//nullstudy_40
//Subjects=10
42  14  44 
-2  -72  6 
-54  -44  4 
46  44  2 
-32  -16  44 
4  8  42 
-50  -48  52 

//Reference=MNI 
//nullstudy_41
//Subjects=11
42  14  -18 
-28  56  20 
8  52  -20 
2  8  18 
-20  -22  -10 
42  30  16 
-38  34  14 
-18  18  50 
-28  18  0 
-52  -26  -34 
-56  -66  -4 
-36  30  42 
-32  -66  -14 
-16  -52  -64 
-40  -84  -10 
14  6  -40 
-6  -106  0 
-10  20  60 
-38  20  36 
-8  -82  -32 
-42  -90  -8 
-26  -54  -6 
-66  -52  16 
-26  -42  60 
-2  -24  26 
34  26  -34 
-40  0  10 
-12  -72  -50 
-8  -96  -12 
-18  -86  -2 
6  40  -26 
38  12  40 
-40  10  -34 
-42  -56  8 
10  12  10 
-18  -60  20 
40  12  -16 
2  40  8 
-8  -16  56 
-54  -44  56 
-44  -4  -28 

//Reference=MNI 
//nullstudy_42
//Subjects=9
-26  -12  2 
36  46  -10 
-42  2  54 

//Reference=MNI 
//nullstudy_43
//Subjects=10
0  30  20 
-34  -48  50 
8  44  -6 
-36  -86  24 
42  8  -14 
-22  -36  14 
-2  -60  28 
4  60  14 

//Reference=MNI 
//nullstudy_44
//Subjects=10
-44  -58  -8 
-12  -10  -32 
-26  -12  -14 
-2  26  22 
-12  -38  -10 
-10  54  4 
-26  -56  -46 
-58  -30  -32 

//Reference=MNI 
//nullstudy_45
//Subjects=9
20  64  -4 
2  42  -10 

//Reference=MNI 
//nullstudy_46
//Subjects=11
24  12  -32 
-34  56  8 
-24  -74  -18 
-56  -52  0 
-50  -50  44 
-36  -46  -44 
-50  -32  -14 
-14  38  -24 
24  4  68 
-6  -40  56 
-22  -46  16 
4  16  -8 
-6  30  36 

//Reference=MNI 
//nullstudy_47
//Subjects=11
40  48  28 
32  22  -10 
-12  -68  -34 
36  24  32 
-12  -16  -40 
-54  -54  44 
-42  14  28 
60  14  8 
-42  -40  -44 

//Reference=MNI 
//nullstudy_48
//Subjects=10
-36  -80  -42 
16  4  -4 
-70  -22  0 
4  8  -10 
-42  -58  50 
-8  -74  -10 

//Reference=MNI 
//nullstudy_49
//Subjects=10
-34  -86  12 
-34  -46  50 
-64  -34  -12 
-8  34  36 
2  68  8 
-40  -40  60 

//Reference=MNI 
//nullstudy_50
//Subjects=11
-38  -40  -14 
-50  -30  56 
36  38  26 
-34  -18  50 
-2  -36  -64 
-24  -70  -44 
-6  -94  18 
-18  -82  26 
-32  -46  64 

//Reference=MNI 
//nullstudy_51
//Subjects=8
-16  -90  -30 
26  58  -6 
-32  50  -8 

//Reference=MNI 
//nullstudy_52
//Subjects=11
6  24  66 
-12  -88  2 
-14  -36  42 
-48  -10  54 
-10  -74  -6 
12  32  36 
38  12  6 
-60  -46  24 
-2  -68  -10 
-34  -34  -6 
-36  -44  -24 
-24  -56  52 

//Reference=MNI 
//nullstudy_53
//Subjects=10
-44  -28  8 
48  4  56 
36  12  -36 
-54  -66  32 

//Reference=MNI 
//nullstudy_54
//Subjects=8
-18  16  56 
-30  16  -40 

//Reference=MNI 
//nullstudy_55
//Subjects=10
16  8  10 
36  48  10 
-44  36  -8 
-8  -8  -4 
-4  -16  -34 
42  22  2 
-26  -2  -36 
-50  14  -32 
12  10  -2 
-16  6  -12 
50  18  -18 
-26  30  -22 
-40  -14  62 
-36  -62  -20 
-62  -42  -6 
-46  6  52 
-16  -36  60 
-22  52  40 

//Reference=MNI 
//nullstudy_56
//Subjects=10
-44  -64  -14 
44  8  44 
-6  -42  20 
-54  -74  6 
-12  -24  18 

//Reference=MNI 
//nullstudy_57
//Subjects=12
-44  -4  42 
34  44  18 
-46  -4  -44 
-30  -58  -50 
-20  42  -24 
-4  -28  -6 
-62  -28  36 
-58  -4  46 
-18  -58  -56 
50  14  32 
-34  22  -38 
38  42  -12 
22  22  42 

//Reference=MNI 
//nullstudy_58
//Subjects=10
38  6  -30 
-4  -76  -40 
-52  -32  -30 
-38  -62  -18 

//Reference=MNI 
//nullstudy_59
//Subjects=10
42  56  8 
-48  -40  22 
-20  -44  -48 
-22  -10  64 
-4  -54  -14 
-42  -76  -12 

//Reference=MNI 
//nullstudy_60
//Subjects=9
-4  -52  0 
-26  -72  -56 

//Reference=MNI 
//nullstudy_61
//Subjects=10
-2  4  -14 
-28  -86  24 
40  36  -2 
-12  -76  40 
36  2  -26 
-6  42  -22 

//Reference=MNI 
//nullstudy_62
//Subjects=10
-44  -62  18 
8  24  34 
-38  -26  44 
44  28  -20 
-18  42  32 
-12  -82  -32 
50  42  6 
-16  40  50 

//Reference=MNI 
//nullstudy_63
//Subjects=11
8  38  52 
48  28  -14 
-18  -86  -12 
-2  -24  -18 
50  40  14 
-64  -56  12 
-36  -14  70 
30  66  4 
-32  52  16 
-26  18  -16 
-8  -10  78 
-4  -60  22 
20  52  -14 
-8  20  -12 
-8  -36  -52 
-52  -62  -8 
-52  26  10 
-36  6  -10 
-52  -26  32 
-38  12  10 
54  18  36 
-36  -28  4 
-34  -30  12 
-4  -66  22 
-30  -60  62 
-22  -66  -32 
-46  -4  -28 
-52  -38  -20 

//Reference=MNI 
//nullstudy_64
//Subjects=9
16  40  34 
-48  10  4 

//Reference=MNI 
//nullstudy_65
//Subjects=11
-20  -78  -28 
-4  -54  18 
-18  0  20 
-16  -78  18 
-46  -40  -2 
-42  34  -14 
-48  -8  8 
-34  -92  12 
40  8  0 
-62  0  12 

//Reference=MNI 
//nullstudy_66
//Subjects=11
-68  -24  8 
-54  36  -2 
-6  -74  12 
26  6  -50 
18  56  18 
-42  12  56 
16  64  2 
0  32  -20 

//Reference=MNI 
//nullstudy_67
//Subjects=9
-44  -14  -30 
-46  -70  -18 

//Reference=MNI 
//nullstudy_68
//Subjects=8
-14  -64  34 
6  8  30 

//Reference=MNI 
//nullstudy_69
//Subjects=8
-70  -38  4 
-36  -68  28 

//Reference=MNI 
//nullstudy_70
//Subjects=10
-28  -8  -6 
-38  46  10 
-50  2  54 
-54  10  -12 

//Reference=MNI 
//nullstudy_71
//Subjects=12
24  60  -16 
-14  52  -16 
-18  -96  24 
-2  -84  42 
50  36  26 
-8  -60  -42 
-54  -10  12 
-40  -34  56 
-50  0  14 
-4  -76  -32 
38  34  -20 
-50  -8  54 
28  62  2 
8  44  -16 

//Reference=MNI 
//nullstudy_72
//Subjects=11
-4  12  26 
-54  -56  28 
-38  -74  -40 
-38  34  20 
22  6  -38 
-32  -78  -16 
-20  -26  60 
-26  4  -44 
-24  -56  60 

//Reference=MNI 
//nullstudy_73
//Subjects=11
-50  -6  2 
-44  -10  -48 
-18  26  -24 
-68  -18  -6 
-50  -30  0 
-24  -46  42 
-46  -70  2 
-52  10  -34 
-42  -16  -2 
-20  -50  -50 

//Reference=MNI 
//nullstudy_74
//Subjects=11
-32  20  -14 
36  8  64 
-42  52  10 
-26  24  58 
-44  -4  -38 
-42  -6  4 
4  52  38 
44  24  16 
-22  -56  -30 
14  6  -4 
-20  -64  32 

//Reference=MNI 
//nullstudy_75
//Subjects=11
-36  -82  -26 
-2  -48  -4 
-2  -8  20 
6  24  40 
-40  -52  -14 
-46  -50  -46 
-8  20  30 
42  40  0 
-34  -60  -26 
-14  -56  -42 
48  36  4 

//Reference=MNI 
//nullstudy_76
//Subjects=10
-10  -50  68 
-40  -24  14 
-28  -24  -20 
-4  -10  54 
-26  58  -12 
-60  -20  -34 
-62  -30  44 

//Reference=MNI 
//nullstudy_77
//Subjects=9
-42  -28  12 
-46  -62  -50 
-8  -72  -42 

//Reference=MNI 
//nullstudy_78
//Subjects=9
-48  10  -34 
-22  8  -16 
6  44  38 
-18  -90  -14 

//Reference=MNI 
//nullstudy_79
//Subjects=10
52  6  26 
12  10  -12 
-54  -16  -18 
-32  38  14 
-34  -64  -26 
-48  10  -6 

//Reference=MNI 
//nullstudy_80
//Subjects=10
10  36  14 
32  34  24 
-2  -38  -32 

//Reference=MNI 
//nullstudy_81
//Subjects=9
-52  -34  54 
-36  -16  48 
-6  -30  -4 
16  58  18 

//Reference=MNI 
//nullstudy_82
//Subjects=11
-28  32  38 
-8  -66  38 
-18  -32  -12 
6  28  38 
12  42  6 
42  14  6 
16  44  46 
-4  -78  -12 

//Reference=MNI 
//nullstudy_83
//Subjects=11
-52  -50  18 
-32  -58  56 
-50  28  34 
-6  -30  -46 
-4  -78  12 
-32  14  52 
-48  22  36 
-28  8  -28 

//Reference=MNI 
//nullstudy_84
//Subjects=10
-4  -74  -24 
-40  -40  -40 
-40  -12  64 
-6  -46  -62 

//Reference=MNI 
//nullstudy_85
//Subjects=10
-44  34  22 
-64  -48  -4 
36  58  18 
-38  -40  -32 
-14  14  56 
-26  -76  18 
18  60  -16 

//Reference=MNI 
//nullstudy_86
//Subjects=9
38  12  46 
-24  -78  16 
30  16  62 

//Reference=MNI 
//nullstudy_87
//Subjects=10
-52  -36  24 
54  16  -22 
-36  -14  62 
-26  -12  -46 
54  10  -10 
-14  14  -20 

//Reference=MNI 
//nullstudy_88
//Subjects=10
-54  -52  14 
-40  -54  42 
-40  -52  40 
-10  32  46 
-2  54  6 
-32  -6  10 

//Reference=MNI 
//nullstudy_89
//Subjects=11
-58  -26  14 
-4  -94  2 
-20  -86  -16 
-32  -6  -50 
-20  -82  -48 
50  4  24 
-24  -50  -44 
-48  -26  4 
-4  64  16 
-34  28  40 
26  18  60 
-14  -70  32 
-18  34  38 

//Reference=MNI 
//nullstudy_90
//Subjects=13
-18  -84  -14 
-26  -24  -12 
-48  -42  60 
-36  -58  40 
28  32  52 
36  24  -24 
-10  26  -18 
-66  -12  6 
10  12  20 
-4  36  20 
36  54  -12 
4  32  42 
0  12  4 
12  18  36 

//Reference=MNI 
//nullstudy_91
//Subjects=10
32  64  16 
-20  -90  8 
-8  -74  -30 

//Reference=MNI 
//nullstudy_92
//Subjects=11
-18  6  24 
-8  64  22 
-38  50  20 
12  42  0 
-30  -30  62 
-6  -26  72 
-56  -36  32 
-46  -50  -28 
-6  -94  20 
-34  -74  -56 

//Reference=MNI 
//nullstudy_93
//Subjects=11
-2  26  42 
-18  -58  -10 
-46  46  -4 
-44  -72  -10 
-4  20  60 
-10  -16  40 
-28  14  38 
-34  -18  -14 
-26  -62  -50 
-16  -56  14 
12  20  42 
-14  -78  10 
-30  -76  -38 
-40  -46  -28 
-24  24  58 
36  2  -22 
-56  -64  -8 
-46  -12  0 
-48  -24  46 
26  52  -2 
24  62  20 
-48  24  0 
-42  -70  -12 
-6  -24  -14 
-12  64  -10 
-20  -26  -4 
-6  -54  58 
-18  -60  -52 
-20  -72  -30 
-26  -56  -46 
-16  -68  -58 
-34  10  26 
-64  4  18 
32  10  44 
-10  -64  -34 
-58  -26  16 
26  32  26 
-4  -62  -14 
-16  -74  -20 
-46  18  50 
-18  -58  66 
40  48  -16 
50  48  -6 
-14  -36  36 

//Reference=MNI 
//nullstudy_94
//Subjects=11
-30  -82  2 
-40  8  26 
-16  -64  62 
20  22  10 
46  16  22 
-16  -68  -38 
-42  -50  28 
-10  -62  -18 
-32  -58  -36 
54  2  46 

//Reference=MNI 
//nullstudy_95
//Subjects=11
10  40  14 
-24  -60  -16 
-6  -68  -6 
-2  22  -16 
-20  -8  -46 
8  46  -4 
32  54  -16 
16  16  6 

//Reference=MNI 
//nullstudy_96
//Subjects=10
-22  -84  18 
10  66  -6 
-28  -68  -6 
38  46  -16 
46  20  12 
-6  -30  78 
-22  -2  66 

//Reference=MNI 
//nullstudy_97
//Subjects=11
-38  10  0 
-26  16  -42 
-42  -20  10 
-56  -48  -16 
2  18  -12 
-38  46  -14 
-28  -40  -8 
-8  -62  -56 
-12  60  -6 
-12  20  -2 
-48  -18  -18 
48  26  26 
-32  18  -16 
18  28  58 
-26  40  -22 
-36  -20  46 
26  6  -2 
-16  -104  -6 
-42  -60  30 
-30  60  18 
-24  -82  -48 
-26  -82  34 
24  62  10 
-36  -38  -28 
-40  22  -14 
10  2  58 
-28  -16  0 
52  20  32 
16  48  -16 
24  46  42 
38  18  -30 
-44  -4  48 
-44  24  22 
12  14  -30 
-6  44  54 
-12  0  60 
-44  -60  28 
-4  -82  50 
-42  40  6 
-14  12  -24 
40  14  -22 
44  32  14 
-20  -46  -30 
-28  64  8 
-54  -68  -22 
-26  50  40 
-40  10  10 
-16  -12  -38 
30  16  2 
-28  60  24 
34  10  -14 
-32  -64  40 
-40  -52  30 
-10  -38  32 
-68  -30  4 
-14  -86  -2 

//Reference=MNI 
//nullstudy_98
//Subjects=9
-66  -44  18 
-20  38  -12 
-56  10  -14 

//Reference=MNI 
//nullstudy_99
//Subjects=11
48  42  28 
20  54  22 
-38  -32  -32 

//Reference=MNI 
//nullstudy_100
//Subjects=9
32  2  -28 
-6  -62  60 
-44  -22  34 
-20  -72  18 
50  12  -36 
-24  4  62 
-8  34  24 
56  28  4 
32  26  -8 
40  8  8 
-6  2  30 
-8  -2  -6 

