//Reference=MNI 
//truestudy_1
//Subjects=10
47  -65  -6 
43  -64  -6 
45  -66  -6 
46  -67  -6 
45  -65  -5 
45  -65  -5 
46  -66  -8 
46  -67  -7 
45  -68  -5 
45  -66  -6 
48  -68  -7 
46  -68  -4 
45  -66  -5 
47  -66  -7 
46  -65  -5 
47  -66  -6 

//Reference=MNI 
//truestudy_2
//Subjects=10
44  -65  -4 
45  -67  -5 
45  -65  -6 
45  -66  -6 

//Reference=MNI 
//truestudy_3
//Subjects=9
47  -67  -5 
46  -66  -7 
45  -65  -7 

//Reference=MNI 
//nullstudy_1
//Subjects=10
-16  -8  76 
-36  -80  -24 
-32  -62  -48 
32  24  -10 
20  62  2 
-44  -80  -8 
-34  -58  -30 
-24  -84  32 
8  6  6 
0  52  -18 
-28  -78  -54 
-18  -26  72 
-68  -10  14 
16  40  -18 
10  36  28 
-8  -100  18 

//Reference=MNI 
//nullstudy_2
//Subjects=10
-8  -42  -20 
-8  -20  -44 
-32  -58  -28 
-40  -76  -42 

//Reference=MNI 
//nullstudy_3
//Subjects=9
-46  -30  26 
16  52  8 
-28  20  -28 

//Reference=MNI 
//nullstudy_4
//Subjects=9
-38  -48  -10 
-46  -76  -6 
-30  34  -4 

//Reference=MNI 
//nullstudy_5
//Subjects=11
-18  22  56 
-32  -38  68 
44  10  16 
-48  36  4 
-2  -46  -14 
-18  -54  8 
-20  -18  0 
-28  8  2 
-52  12  28 
32  8  -28 
52  12  -2 
-32  -66  -50 
-42  -18  6 
42  44  8 

//Reference=MNI 
//nullstudy_6
//Subjects=10
-24  -4  -26 
-44  42  0 
38  24  2 
-48  -42  26 
-6  -56  -66 
-38  -74  10 
-6  26  30 

//Reference=MNI 
//nullstudy_7
//Subjects=9
-6  -88  -32 
-56  -38  18 

//Reference=MNI 
//nullstudy_8
//Subjects=11
-22  -36  10 
-14  -88  -18 
-52  -34  -16 
-38  12  -40 
-18  -62  -38 
32  30  32 
-64  -48  38 
46  8  -6 
42  34  28 
-12  44  26 
-20  32  36 
-26  -60  -52 

//Reference=MNI 
//nullstudy_9
//Subjects=10
4  6  -8 
-48  -26  52 
-48  -34  42 
-36  -52  44 
-30  -32  72 
-12  -90  -14 

//Reference=MNI 
//nullstudy_10
//Subjects=10
-12  -22  62 
-20  -62  -52 
-12  54  18 
38  34  4 
-18  -62  0 
-36  -20  40 
-60  -42  20 

//Reference=MNI 
//nullstudy_11
//Subjects=12
-46  42  12 
-10  -30  56 
26  32  30 
-4  30  46 
-52  -42  14 
-10  42  -26 
-40  22  48 
66  8  14 
-10  48  42 
-42  -86  -18 
-48  -50  22 

//Reference=MNI 
//nullstudy_12
//Subjects=11
-70  -24  -10 
-34  22  42 
-4  2  -14 
-42  -26  46 
-18  -64  -48 
-18  -70  -36 
-68  -16  -14 
22  50  18 
38  46  -20 
-28  -8  -4 
-62  -34  -18 
42  20  24 
-64  -48  -20 

//Reference=MNI 
//nullstudy_13
//Subjects=10
-34  -90  -14 
50  38  -2 
-20  -50  -42 
-10  56  14 

//Reference=MNI 
//nullstudy_14
//Subjects=9
-10  -80  -36 
-38  -88  20 

//Reference=MNI 
//nullstudy_15
//Subjects=9
-38  32  0 
40  12  50 

//Reference=MNI 
//nullstudy_16
//Subjects=10
48  16  12 
-18  14  -24 
-26  8  -36 
-26  60  -10 
-10  20  2 

//Reference=MNI 
//nullstudy_17
//Subjects=9
-30  56  4 
-60  4  -4 

//Reference=MNI 
//nullstudy_18
//Subjects=13
34  38  48 
-40  -36  44 
-12  -76  2 
-2  -36  -38 
-34  8  -44 
44  22  -14 
-40  -22  -28 
36  50  32 
-10  -56  22 
12  10  42 
-14  -56  -60 
42  44  20 
46  4  -22 
-12  48  8 
20  30  50 
-56  10  -16 
-16  -58  -8 
-44  -40  4 
50  6  44 
24  46  22 
-46  -32  -28 
-34  -88  -8 

//Reference=MNI 
//nullstudy_19
//Subjects=11
-16  12  50 
-8  -32  4 
-44  12  24 
-24  4  -36 
34  52  6 
-10  -60  -22 
-32  38  12 
-16  -24  76 
-52  -32  -20 
48  4  48 
-24  -58  38 

//Reference=MNI 
//nullstudy_20
//Subjects=10
-20  26  62 
30  2  60 
-24  -56  58 
-58  -24  -10 
-14  -44  64 
-4  -102  2 
-24  26  46 
-50  -76  14 

//Reference=MNI 
//nullstudy_21
//Subjects=10
-42  -46  -46 
-12  -38  -12 
52  10  -38 
-4  -24  -10 
-52  -10  6 
-2  -78  54 

//Reference=MNI 
//nullstudy_22
//Subjects=11
-46  -46  54 
-38  -42  -34 
-56  -4  18 
12  16  52 
-58  -32  6 
-44  -82  4 
-22  -4  -42 
-26  30  46 
-6  -76  40 
-8  -90  -10 
-64  -24  -18 
-32  -26  -24 
0  8  66 
18  6  -4 
-22  -60  -4 
-36  -34  20 

//Reference=MNI 
//nullstudy_23
//Subjects=9
-12  -44  -42 
-32  12  58 

//Reference=MNI 
//nullstudy_24
//Subjects=9
-8  -42  -30 
-14  58  18 

//Reference=MNI 
//nullstudy_25
//Subjects=10
-42  -24  36 
-28  -72  48 
-56  18  12 
10  20  -12 
-42  -56  -14 
32  38  32 

//Reference=MNI 
//nullstudy_26
//Subjects=9
-62  -6  12 
-4  -46  -58 
-26  -76  -4 
6  54  32 

//Reference=MNI 
//nullstudy_27
//Subjects=7
-68  -12  4 
-42  32  34 

//Reference=MNI 
//nullstudy_28
//Subjects=11
30  26  54 
-56  -52  -14 
-56  -28  -12 
28  42  22 
-24  0  -16 
-40  -38  -38 
-10  42  32 
-16  -58  -6 
-32  -78  -40 
-6  -94  -24 
-2  -64  26 
-56  -26  4 
-54  -48  -8 
2  18  -16 
-2  -60  -22 
-44  0  30 

//Reference=MNI 
//nullstudy_29
//Subjects=10
-46  16  -2 
-18  -56  -22 
-30  38  -8 
-22  -4  -20 
-6  66  4 
-48  -64  -28 
-6  6  56 
-10  -100  -20 

//Reference=MNI 
//nullstudy_30
//Subjects=11
-14  -66  34 
-8  -10  60 
-4  -56  -10 
-4  -4  54 
-38  18  -2 
-24  -52  -44 
-10  -24  -46 
-46  -64  24 
-46  -50  -54 
-30  -20  74 
-52  30  14 
20  14  -38 
-16  -28  -36 
-38  -60  56 
2  2  52 
60  22  12 
-20  -64  6 
-38  -54  54 

//Reference=MNI 
//nullstudy_31
//Subjects=10
-20  -42  -40 
-36  -90  12 
-10  26  44 
56  14  34 
-38  -76  44 

//Reference=MNI 
//nullstudy_32
//Subjects=11
-6  -46  70 
-36  4  48 
-12  -36  -40 
-6  -22  68 
8  8  -18 
-52  12  28 
-28  52  -4 
-50  -50  -40 
-22  -82  -4 
32  8  36 
-38  32  38 

//Reference=MNI 
//nullstudy_33
//Subjects=10
-22  -82  -14 
-8  50  10 
-30  10  66 
-30  60  -2 
-6  -76  -36 
-4  36  48 

//Reference=MNI 
//nullstudy_34
//Subjects=10
54  6  40 
-42  -36  -16 
-10  -60  22 
-22  20  -24 
36  22  42 
-56  -72  -8 
-28  -2  -6 

//Reference=MNI 
//nullstudy_35
//Subjects=9
-12  40  28 
-8  6  48 
-40  -6  -42 

//Reference=MNI 
//nullstudy_36
//Subjects=8
-20  -6  -6 
-26  12  -4 

//Reference=MNI 
//nullstudy_37
//Subjects=11
-4  -10  64 
-12  -66  40 
8  64  4 
-30  -12  -2 
-46  -24  -20 
-44  -54  -26 
-6  -4  -26 
46  22  26 
-46  -70  -48 
-34  20  -12 
-10  -62  66 
-64  -4  4 
-52  -36  -32 
-28  -80  -52 
-38  -20  -20 

//Reference=MNI 
//nullstudy_38
//Subjects=10
-18  -62  16 
-46  14  20 

//Reference=MNI 
//nullstudy_39
//Subjects=11
-44  -58  -58 
-26  -4  64 
10  38  -8 
-44  -48  -16 
-14  -30  -14 
-34  -22  18 
-58  -40  -28 

//Reference=MNI 
//nullstudy_40
//Subjects=9
-42  56  8 
-10  56  16 
-30  -34  54 
-2  -60  16 
-18  -72  50 
-56  -72  16 
-14  64  -14 
34  28  12 
-6  -68  46 
-14  -14  8 

//Reference=MNI 
//nullstudy_41
//Subjects=10
32  50  12 
-42  -42  36 
-18  -54  12 
-10  42  34 
-52  16  2 
-26  -74  -44 

//Reference=MNI 
//nullstudy_42
//Subjects=9
-32  -2  62 
-64  -30  12 
30  44  42 
-56  -34  56 
-14  -58  70 
-52  -18  -22 
-58  -4  32 
-40  -46  62 
-16  -28  -18 

//Reference=MNI 
//nullstudy_43
//Subjects=10
-20  -2  -22 
62  14  10 

//Reference=MNI 
//nullstudy_44
//Subjects=10
-6  -22  -6 
-8  56  30 
64  2  0 
38  50  12 
-8  -76  -24 
-18  -62  -52 
-54  -32  16 
-50  32  20 

//Reference=MNI 
//nullstudy_45
//Subjects=9
-46  40  -20 
-28  -30  -6 
-46  22  10 

//Reference=MNI 
//nullstudy_46
//Subjects=11
-36  -4  8 
-50  -14  -22 
-6  -42  60 
54  22  8 

//Reference=MNI 
//nullstudy_47
//Subjects=9
-42  -8  8 
18  70  -6 
-64  -42  30 

//Reference=MNI 
//nullstudy_48
//Subjects=9
-30  -70  18 
-40  -70  -36 

//Reference=MNI 
//nullstudy_49
//Subjects=10
-14  6  -18 
-20  -50  -28 
-36  4  46 
-16  -44  70 
-12  -104  -4 
-46  -56  -28 
-12  -92  16 
-46  -68  -40 
42  34  10 
-24  -48  -38 
-52  -28  58 
-6  30  58 
-22  30  -14 
-56  16  12 
-42  -74  30 
-14  48  -4 
20  34  48 
-2  30  -14 
42  10  4 
-46  -14  22 
0  62  -14 
-20  10  68 
-6  -24  80 
-16  -102  -2 
62  14  16 
60  2  -6 
-10  -80  18 
0  40  44 
32  6  -30 
20  28  44 
24  52  -16 

//Reference=MNI 
//nullstudy_50
//Subjects=9
-32  -66  -6 
16  6  -18 
-10  -18  4 

//Reference=MNI 
//nullstudy_51
//Subjects=11
-12  -52  -56 
30  6  68 

//Reference=MNI 
//nullstudy_52
//Subjects=8
-16  -40  74 
0  8  32 
-46  -70  20 
-42  6  6 

//Reference=MNI 
//nullstudy_53
//Subjects=10
-18  42  -26 
-48  0  30 
-24  -44  -24 
-8  -92  30 

//Reference=MNI 
//nullstudy_54
//Subjects=11
-20  -34  -22 
-30  -22  48 
-52  24  -10 
-14  -30  66 
-30  -64  -16 
-6  -62  -22 
-6  -52  40 
-56  -60  -2 
-22  24  -18 
-56  -24  -14 
-30  -96  2 
-4  -8  32 
-36  10  -46 
18  34  52 
-2  -64  -38 
-28  -40  -26 
18  20  -20 

//Reference=MNI 
//nullstudy_55
//Subjects=10
-54  8  14 
-28  -52  70 

//Reference=MNI 
//nullstudy_56
//Subjects=9
-4  6  74 
42  32  -16 
-4  -2  50 
-50  2  22 
32  42  -14 

//Reference=MNI 
//nullstudy_57
//Subjects=10
-18  -28  -26 
-20  -38  22 
-38  -74  -50 
-12  -34  54 
-14  -6  -20 
2  44  -28 
-14  46  38 
-10  28  36 
58  26  14 
-32  54  -12 

//Reference=MNI 
//nullstudy_58
//Subjects=8
-8  28  -6 
6  46  -14 
-14  -80  -34 

//Reference=MNI 
//nullstudy_59
//Subjects=12
8  22  -4 
-44  -36  38 

//Reference=MNI 
//nullstudy_60
//Subjects=9
-26  28  28 
-28  -74  -4 
-28  22  60 

//Reference=MNI 
//nullstudy_61
//Subjects=10
-50  -72  -30 
-28  -90  20 
-14  -70  -50 

//Reference=MNI 
//nullstudy_62
//Subjects=10
-12  -54  12 
-26  -54  36 
-8  -56  66 
22  52  32 
-50  -8  -2 
-28  -98  8 
-44  -46  42 
-40  -26  20 
-48  32  -14 
-8  44  32 
-40  8  -4 
-26  18  -24 
-6  -62  2 
-20  -80  -46 
-56  -14  -24 
-24  -40  74 
12  2  -34 
-10  -22  20 
-52  -74  22 
-20  -68  58 
-14  -74  -20 
-8  -24  64 
-60  -22  46 
-18  -44  6 
-66  -32  -12 
-54  22  20 
-6  -64  44 
-16  -30  40 
-34  -56  46 
-34  -42  -52 
-46  -18  60 
-14  16  -30 
-58  -26  48 

//Reference=MNI 
//nullstudy_63
//Subjects=11
18  18  2 
-36  24  38 

//Reference=MNI 
//nullstudy_64
//Subjects=9
6  12  44 
-56  -30  -8 
-40  32  6 
-20  -22  22 
-8  42  46 
-30  -84  -28 
4  56  26 
-20  -6  -44 
40  46  28 
-58  -50  10 
-8  46  16 
-60  -64  2 
4  10  58 
-2  -2  74 
-48  4  48 
-4  38  4 
-14  36  16 
-24  -42  -22 
-48  -36  8 

//Reference=MNI 
//nullstudy_65
//Subjects=8
-50  2  -14 
36  58  10 
8  22  36 
16  28  -18 
30  18  30 
-6  48  48 
-52  -68  -36 

//Reference=MNI 
//nullstudy_66
//Subjects=10
-62  -6  -22 
8  44  16 
-10  -74  -8 
-12  -6  28 
-44  6  16 
54  12  32 
-38  -14  16 
-40  0  54 
-16  -64  50 
-8  32  60 
16  16  64 
-26  -54  46 
12  4  64 
-54  0  -26 
-50  24  8 
-12  -18  40 
-18  -78  -48 
-38  -76  8 
-10  -84  -28 
-34  8  6 
-26  12  48 
-62  -40  -2 
-24  -24  56 
-20  -92  22 
-18  -74  -56 
40  58  8 
-44  2  50 
-16  -80  -50 
-30  -78  44 
-2  -2  44 
-34  20  50 
-16  -80  -32 
-8  -64  60 
-20  -76  28 
6  4  2 

//Reference=MNI 
//nullstudy_67
//Subjects=9
-26  4  4 
48  26  38 
-46  -52  -40 

//Reference=MNI 
//nullstudy_68
//Subjects=11
-34  -18  16 
-22  -90  -22 

//Reference=MNI 
//nullstudy_69
//Subjects=11
-12  54  -6 
-36  16  -20 
-16  50  -18 
42  24  -24 
6  26  46 
-42  -20  52 
-38  26  -8 

//Reference=MNI 
//nullstudy_70
//Subjects=11
-24  20  -18 
-40  -22  20 

//Reference=MNI 
//nullstudy_71
//Subjects=10
-26  -84  14 
-36  44  32 
-54  0  -38 
-36  -58  54 
-40  -68  54 
-58  12  10 
-4  -102  2 
-32  -76  12 
36  24  38 
-64  -16  12 
-22  -12  46 
-56  -60  -32 
12  10  -22 
-24  -56  -32 
40  8  -24 
62  18  24 
-56  -40  34 
-4  -28  -20 
-50  -26  -34 
-22  -72  14 
-42  -16  60 
-58  -28  32 
8  66  -6 
-4  -16  4 
26  42  44 

//Reference=MNI 
//nullstudy_72
//Subjects=11
-28  -80  8 
-38  -76  -2 
34  46  -16 
-8  4  -24 
-12  -26  -26 
-16  -78  -12 
-14  -12  24 
-32  60  4 
2  48  -6 
-62  0  0 
-34  52  -10 
-50  -26  -24 

//Reference=MNI 
//nullstudy_73
//Subjects=11
-28  -58  54 
-8  42  12 
-42  -60  -54 
-56  -42  34 
56  8  44 
-28  -54  8 
30  2  66 
-8  -4  -24 
-2  50  46 
4  40  -6 
-38  -30  52 
32  50  4 
-2  -10  58 
-20  -10  -12 
10  38  -8 
-10  -94  -30 
-36  52  -12 
-30  52  14 

//Reference=MNI 
//nullstudy_74
//Subjects=12
-34  -38  56 
52  10  42 
-66  -20  -22 
-26  18  4 
-24  -76  0 
32  2  46 

//Reference=MNI 
//nullstudy_75
//Subjects=11
-16  -22  28 
12  66  26 
-48  4  18 
-14  -82  4 
-14  -30  2 
-26  28  48 
-34  -58  60 
-48  0  -10 
-56  -66  -10 
-18  -16  -22 
-64  -24  4 
-12  50  -12 
10  12  -22 
-52  40  -14 

//Reference=MNI 
//nullstudy_76
//Subjects=10
-40  -12  -38 
-26  -62  58 
-14  60  -10 
-12  58  -16 
-14  -36  -50 
-4  -20  -14 
-8  -40  -34 
-12  -52  -20 
-40  -6  -48 
-38  -50  62 
-16  -78  2 
20  38  28 
54  14  18 
-32  -70  30 
-54  6  44 
-12  -42  60 

//Reference=MNI 
//nullstudy_77
//Subjects=10
-68  -28  -4 
48  18  -20 
-8  12  2 
-12  -12  42 
10  38  -14 
-60  -50  -28 
-12  52  -6 
-40  8  10 
52  12  2 
-50  -78  22 
-56  20  24 
-8  70  -10 
-52  -70  38 
-18  -50  52 
-20  4  48 
-6  -54  -58 

//Reference=MNI 
//nullstudy_78
//Subjects=10
-8  -4  4 
46  34  16 
-54  -62  -24 
-44  20  28 
-2  -64  -36 
30  2  6 
-48  -14  40 
-16  -74  -26 
-2  60  -4 
-24  -4  68 
46  42  16 
16  8  70 

//Reference=MNI 
//nullstudy_79
//Subjects=9
-38  -44  -38 
-16  -84  44 
-20  -80  -46 
-50  -66  -14 

//Reference=MNI 
//nullstudy_80
//Subjects=10
-36  58  -8 
-14  -22  18 
-38  -56  -6 
-28  18  38 
-52  -54  -12 
-44  -58  -42 
-14  -14  70 

//Reference=MNI 
//nullstudy_81
//Subjects=9
34  10  10 
14  46  50 
-4  34  36 
10  34  56 

//Reference=MNI 
//nullstudy_82
//Subjects=9
-8  -30  72 
-22  20  -14 

//Reference=MNI 
//nullstudy_83
//Subjects=11
-14  52  -8 
-14  58  28 
44  20  -26 
-12  -98  22 

//Reference=MNI 
//nullstudy_84
//Subjects=9
-18  8  18 
-50  26  12 
54  2  -16 

//Reference=MNI 
//nullstudy_85
//Subjects=11
-46  -82  4 
-2  -54  -42 
-16  -54  -22 

//Reference=MNI 
//nullstudy_86
//Subjects=10
-46  -62  40 
0  32  54 
-2  -78  -36 
-2  22  -10 
-26  -10  10 
-44  6  -30 
-32  54  30 
-34  -86  -32 
32  42  24 
-4  -64  -34 

//Reference=MNI 
//nullstudy_87
//Subjects=9
-30  -36  -48 
-40  -28  -24 
-36  -4  -22 

//Reference=MNI 
//nullstudy_88
//Subjects=11
-46  28  2 
-56  -24  -12 
-24  62  10 
-32  -74  -20 
-40  -84  30 
-30  20  10 
-12  -30  -46 
-28  -42  40 
-48  -38  -6 

//Reference=MNI 
//nullstudy_89
//Subjects=11
-24  -56  -60 
-40  -74  48 
-16  32  42 
48  12  -36 

//Reference=MNI 
//nullstudy_90
//Subjects=11
-14  54  -6 
-22  64  6 

//Reference=MNI 
//nullstudy_91
//Subjects=10
-12  -74  46 
58  12  -8 
-54  -8  40 
-22  -46  -48 
-32  -74  -30 
-20  -72  -2 
-44  6  14 
-22  -82  -12 
28  34  -22 
-46  -32  0 
-46  4  -14 
-8  16  8 
-28  20  -6 

//Reference=MNI 
//nullstudy_92
//Subjects=10
-22  -76  6 
-36  42  -10 
-14  -26  44 
-8  54  24 
-2  20  -6 
-28  -26  -28 
2  32  50 
30  34  52 
-38  -62  -14 
-40  44  4 
-6  -22  46 
-38  -20  40 
-60  -64  20 
30  18  -4 
-56  -58  -40 
32  46  18 
-38  -90  -4 
-46  40  22 
-48  -26  62 
14  2  -10 
-24  10  -34 
-28  32  22 
6  40  52 
-22  64  -16 
26  18  54 
58  2  36 
54  30  22 
-8  -24  58 
40  54  -16 
2  4  4 
-58  -70  4 
-56  -58  -32 
-40  -26  2 
-32  -30  14 
-40  -30  58 
-46  -8  46 
-40  -64  -56 
-30  56  0 
-48  -38  -24 
-26  -86  26 
58  8  -22 
60  12  36 
-6  54  42 
-4  -26  36 
-10  22  6 
-58  -18  40 
-24  -54  -56 
-32  -22  -30 
-68  -40  -4 
-10  -66  64 
-38  -64  50 
48  14  -14 

//Reference=MNI 
//nullstudy_93
//Subjects=9
-14  14  56 
-2  38  12 
10  62  -8 
40  8  48 
-6  -98  -4 
-32  -14  -28 
-4  52  -2 
-42  -16  -42 

//Reference=MNI 
//nullstudy_94
//Subjects=11
-40  -6  -16 
-38  -8  62 
-24  8  66 
-8  42  24 
-20  -58  24 
52  44  14 

//Reference=MNI 
//nullstudy_95
//Subjects=9
-62  -20  2 
-4  -26  40 
-38  -42  -24 
-8  10  40 

//Reference=MNI 
//nullstudy_96
//Subjects=12
-24  2  -50 
6  44  42 
36  50  -8 

//Reference=MNI 
//nullstudy_97
//Subjects=12
-28  -78  -54 
-56  -24  18 
36  32  -12 
20  60  26 
-60  -52  14 
-36  -10  54 
6  54  -8 
-32  -78  -56 
-40  -26  14 
-22  -82  38 
-26  -32  -40 
-58  -18  50 
-28  -58  36 
-2  -72  -38 
-24  -16  -32 

//Reference=MNI 
//nullstudy_98
//Subjects=8
-28  8  4 
-62  -48  10 

//Reference=MNI 
//nullstudy_99
//Subjects=9
18  12  -22 
-20  -94  8 
34  6  26 

//Reference=MNI 
//nullstudy_100
//Subjects=10
-44  8  -22 
-8  -32  38 

