//Reference=MNI 
//truestudy_1
//Subjects=9
46  -64  -6 
46  -66  -7 
45  -66  -4 

//Reference=MNI 
//truestudy_2
//Subjects=11
46  -67  -5 
46  -66  -4 
47  -67  -6 
45  -66  -5 
46  -65  -4 
45  -65  -4 
46  -66  -6 
46  -64  -7 
46  -66  -5 
45  -65  -7 

//Reference=MNI 
//truestudy_3
//Subjects=13
47  -68  -8 
48  -65  -5 
46  -65  -6 
47  -67  -6 
47  -66  -6 
46  -66  -6 
45  -65  -4 
45  -67  -7 
45  -68  -7 
46  -67  -8 
46  -66  -4 
46  -68  -5 
46  -68  -6 
46  -66  -6 
47  -65  -4 
46  -67  -7 
48  -67  -5 
45  -67  -5 
45  -66  -7 
46  -65  -7 
47  -66  -7 
48  -66  -7 
47  -66  -7 
47  -68  -6 
45  -66  -8 
48  -65  -7 
46  -67  -7 
46  -67  -6 

//Reference=MNI 
//nullstudy_1
//Subjects=9
-34  -8  10 
-10  -42  8 
12  52  -10 

//Reference=MNI 
//nullstudy_2
//Subjects=11
-64  -32  6 
48  6  4 
-42  -64  40 
-2  -68  -48 
20  28  38 
-20  -34  -30 
-20  -38  2 
6  10  -12 
8  38  -12 
-38  18  -36 

//Reference=MNI 
//nullstudy_3
//Subjects=13
54  16  38 
-10  -64  56 
-14  24  8 
4  52  24 
-54  -10  46 
32  14  12 
-38  -80  -12 
-26  4  -24 
-6  0  -14 
-32  4  12 
-36  0  -4 
46  36  14 
4  4  -10 
-40  -56  -8 
-24  8  48 
-28  -12  8 
-14  2  72 
30  42  -12 
-38  -48  -52 
-20  -68  16 
-16  18  68 
-10  30  52 
-38  -64  56 
-14  50  38 
14  26  -6 
2  36  48 
-62  -36  -2 
-16  26  2 

//Reference=MNI 
//nullstudy_4
//Subjects=8
-16  -68  4 
42  28  10 

//Reference=MNI 
//nullstudy_5
//Subjects=12
-16  -52  50 
28  30  40 
-18  70  4 
-68  -18  -20 
-32  -2  -4 
-56  -4  -28 
-56  -6  48 
-12  -86  -24 
14  34  60 
-36  -4  -50 
40  14  0 
-40  -28  68 
30  30  44 
-10  -60  -12 

//Reference=MNI 
//nullstudy_6
//Subjects=11
-24  -82  30 
16  66  24 
-10  -4  50 
-18  -20  -12 
-32  -52  2 
-66  -42  -2 
-4  -34  -6 
-52  16  -12 
40  60  -6 
-6  -54  66 
-30  -26  -8 
-30  -30  14 
-12  32  56 
18  52  34 
-32  48  -20 
-12  52  -20 
-30  -80  -38 
-44  28  4 
-54  -28  26 
10  26  -16 
-30  -84  -10 
-36  -16  2 

//Reference=MNI 
//nullstudy_7
//Subjects=9
40  22  50 
-30  -82  34 
-54  -6  2 

//Reference=MNI 
//nullstudy_8
//Subjects=9
-54  -26  -20 
-42  -26  44 

//Reference=MNI 
//nullstudy_9
//Subjects=10
-28  -2  -20 
34  20  -28 
-42  -62  4 
54  36  12 
-36  -50  36 
-68  -18  0 

//Reference=MNI 
//nullstudy_10
//Subjects=12
42  4  54 
-28  -22  56 
40  4  6 
-4  -50  36 
-14  24  64 
-8  20  60 
2  6  32 
-40  -46  -54 
26  18  -34 
26  28  58 
-60  16  6 
-48  -46  -6 
20  32  34 
-8  -40  -20 
-42  -14  -12 
-56  -48  32 
-34  -24  -34 
-36  -20  -12 
-42  -42  58 
-38  -24  6 
34  6  32 
-14  64  22 
0  66  -2 
-12  40  24 

//Reference=MNI 
//nullstudy_11
//Subjects=10
-54  -6  -30 
-20  -82  4 
54  22  30 

//Reference=MNI 
//nullstudy_12
//Subjects=11
-20  12  -18 
-20  -34  58 
-44  14  6 
-34  -16  -22 
10  42  34 
2  50  -6 
6  8  -4 
-30  -10  -18 
-36  -22  12 

//Reference=MNI 
//nullstudy_13
//Subjects=11
-18  -54  -34 
-42  44  -6 
-14  -80  -28 
-2  -42  58 
-10  -38  -4 
-12  -66  -54 
-22  -92  20 
20  16  68 
-34  -6  -32 
-4  -76  32 

//Reference=MNI 
//nullstudy_14
//Subjects=11
30  34  22 
-24  64  8 
-8  -88  -8 
4  58  4 
52  16  -6 
-6  66  12 
-12  -58  72 
2  56  44 
16  6  16 
-4  46  -16 
-46  -76  2 

//Reference=MNI 
//nullstudy_15
//Subjects=11
-24  -66  14 
24  14  -44 
-16  -20  78 
10  12  42 
-34  -2  6 
-40  38  -12 
-6  68  -10 
-34  0  60 
-26  -46  2 
-40  46  -4 

//Reference=MNI 
//nullstudy_16
//Subjects=11
-66  -36  8 
-40  -42  -44 
-16  -74  -16 
-36  -70  36 
-44  14  24 
12  4  -36 
28  56  -8 
-8  44  42 
-6  -42  54 
-44  -22  52 

//Reference=MNI 
//nullstudy_17
//Subjects=9
-26  32  52 
-52  -66  -26 

//Reference=MNI 
//nullstudy_18
//Subjects=10
-26  42  -8 
-18  -64  56 

//Reference=MNI 
//nullstudy_19
//Subjects=9
-2  38  48 
26  8  66 
-26  -20  72 

//Reference=MNI 
//nullstudy_20
//Subjects=11
32  2  -6 
56  28  28 
-38  16  56 
-52  0  20 
-26  -30  52 
-38  -28  58 
-8  20  -4 
-36  22  32 
-16  14  -24 
-4  -34  24 
-10  -46  -34 
-4  -92  -12 
30  2  -20 

//Reference=MNI 
//nullstudy_21
//Subjects=10
40  8  12 
-50  -6  32 
4  32  12 
44  16  -10 

//Reference=MNI 
//nullstudy_22
//Subjects=10
-22  6  -30 
-34  -64  -28 
-12  -52  -64 
-2  16  -24 
12  52  38 

//Reference=MNI 
//nullstudy_23
//Subjects=9
-18  -92  36 
-42  20  22 
-12  6  20 

//Reference=MNI 
//nullstudy_24
//Subjects=9
-42  36  26 
-2  58  18 
-10  2  6 

//Reference=MNI 
//nullstudy_25
//Subjects=10
-8  -84  2 
-32  -10  44 
-24  -50  -30 
-24  14  6 
-40  16  32 
36  10  24 
-48  24  34 

//Reference=MNI 
//nullstudy_26
//Subjects=11
-16  -74  46 
-30  2  6 
-44  54  -4 
-4  18  -14 
-28  8  -30 
-36  -10  -44 
-36  -88  -14 
-22  -10  48 
-8  -52  -48 
-28  -76  36 
-54  -6  12 
18  16  -10 
-24  -18  -20 
-6  -102  16 
-12  -54  -60 
-28  26  42 
-28  -34  -38 
-8  -100  0 
16  2  58 
24  20  -36 
-12  8  74 
-10  -64  -24 
-36  -20  -4 
0  4  -2 
38  8  -38 
-40  -6  48 
-6  -14  60 

//Reference=MNI 
//nullstudy_27
//Subjects=11
-2  30  60 
-20  60  0 
-16  -54  -24 
-10  -54  8 
20  4  -16 
-6  -18  58 
-42  -62  -40 
-36  8  2 
-34  -90  -16 
-14  -58  -6 
52  12  -38 
-4  14  0 
32  8  -18 
-14  -54  -50 
48  2  28 
-52  -46  48 

//Reference=MNI 
//nullstudy_28
//Subjects=11
8  18  22 
-12  44  14 
6  32  -18 
-28  -86  -20 
-10  -64  -54 
-42  -64  36 
46  34  18 
-6  -10  -10 
-30  -38  -38 
-10  24  24 
50  22  46 
-50  -74  -2 
-2  58  22 

//Reference=MNI 
//nullstudy_29
//Subjects=11
-2  -16  -6 
8  38  -4 
-32  -34  -18 
-50  -58  42 
-40  50  -8 
38  6  4 
-18  50  16 
32  28  8 
-20  -48  0 
-50  28  -16 
-42  26  30 
8  6  2 
18  16  -26 
36  4  40 
-42  10  -22 
-56  -56  -14 

//Reference=MNI 
//nullstudy_30
//Subjects=9
-6  2  -20 
14  48  -8 
-18  -26  -8 

//Reference=MNI 
//nullstudy_31
//Subjects=9
-36  -64  -14 
-6  56  22 

//Reference=MNI 
//nullstudy_32
//Subjects=8
-18  50  -16 
4  62  36 

//Reference=MNI 
//nullstudy_33
//Subjects=8
-30  -32  -16 
-62  10  20 

//Reference=MNI 
//nullstudy_34
//Subjects=11
-8  68  2 
0  52  12 
-16  -66  -10 
-36  16  54 
-6  -6  -26 
-28  48  -16 
-46  -14  -14 
40  28  42 
-8  -16  66 
-50  -72  0 
38  12  -42 
-40  -26  38 
-40  28  -16 
18  12  10 
-8  -48  -38 
-38  -26  8 
-2  -40  34 
-34  -4  -44 
-12  68  -10 
14  54  34 
46  46  -18 
-40  2  -34 
16  34  56 
-62  0  30 
26  18  -12 
-24  -44  62 
-16  -54  8 
-36  32  -14 
36  36  -2 
46  26  42 
36  30  -6 
-28  -18  74 
50  14  32 
-4  -92  -20 
52  22  -10 
-12  6  -6 
-32  -56  -44 

//Reference=MNI 
//nullstudy_35
//Subjects=12
-6  26  -20 
-16  22  62 
40  2  -18 
-20  -34  -48 
-14  -38  -48 
40  30  44 
-26  -64  -42 
-52  10  40 
2  52  18 
-10  -76  -14 
-56  -26  -34 
2  28  -32 
40  16  -16 

//Reference=MNI 
//nullstudy_36
//Subjects=9
-38  -66  -42 
-64  -38  -24 

//Reference=MNI 
//nullstudy_37
//Subjects=10
-6  -48  56 
-30  -46  54 
-22  68  2 
-4  -50  28 
-44  -58  -44 
4  34  52 
-16  32  52 

//Reference=MNI 
//nullstudy_38
//Subjects=8
-52  4  2 
-20  -74  42 

//Reference=MNI 
//nullstudy_39
//Subjects=12
-32  -16  52 
-2  12  54 
-2  -56  -14 
4  36  44 
-12  -12  74 
48  8  20 
-22  -82  32 
-52  -54  10 
-20  -60  -62 
-52  20  36 
56  12  20 
18  14  12 
-14  -66  38 
-34  30  52 
-50  -32  52 
-30  18  14 
-44  -74  32 
-8  12  -16 
-10  -44  34 
-20  62  6 
20  54  -4 
-18  -46  70 
-22  68  -8 
-18  14  -32 

//Reference=MNI 
//nullstudy_40
//Subjects=10
-24  14  54 
46  6  0 
16  58  -12 
-12  28  58 
-2  66  -10 

//Reference=MNI 
//nullstudy_41
//Subjects=10
-52  -16  40 
0  50  8 
-32  -82  -8 
-48  44  -14 
-28  -82  2 

//Reference=MNI 
//nullstudy_42
//Subjects=9
20  40  -16 
-38  -82  -10 
-28  2  -34 

//Reference=MNI 
//nullstudy_43
//Subjects=11
-14  6  -18 
-38  -76  -52 
34  14  4 
-48  -8  -20 
-14  -36  -44 
-24  10  8 
-14  52  -2 
-40  -36  -18 
-36  -62  40 
-46  -14  10 
34  14  -2 
-30  -22  70 
-2  8  72 
-22  -10  -8 

//Reference=MNI 
//nullstudy_44
//Subjects=10
-34  -82  8 
-54  -14  16 
-12  -42  50 
-24  -28  -6 
30  12  52 
36  26  6 

//Reference=MNI 
//nullstudy_45
//Subjects=11
2  22  46 
-10  34  12 
-12  -64  -32 
-56  -6  30 
22  66  22 
-2  36  8 
-28  30  -14 
46  10  32 
-34  -18  -36 
-42  -56  8 
36  56  4 
-8  66  12 
-68  -26  -18 
-42  -52  6 
52  2  18 
16  30  56 

//Reference=MNI 
//nullstudy_46
//Subjects=8
18  34  48 
-54  -46  -28 

//Reference=MNI 
//nullstudy_47
//Subjects=11
20  56  32 
-46  -56  34 
-46  -6  -38 
-30  -64  -36 
-40  -72  -38 
-50  14  -6 
-4  -16  4 
26  16  2 
-24  -36  72 
-2  10  18 
-12  12  -4 
-8  -74  32 

//Reference=MNI 
//nullstudy_48
//Subjects=10
24  48  8 
-4  -8  40 
28  14  -34 

//Reference=MNI 
//nullstudy_49
//Subjects=11
-36  -68  -12 
-30  -48  64 
-52  20  30 
0  34  46 
-10  -48  -48 
-8  10  14 
-10  -26  0 
-44  -46  -36 
-20  -60  -44 
-60  -58  22 
-34  -74  6 
-50  -20  -32 

//Reference=MNI 
//nullstudy_50
//Subjects=9
-44  -10  36 
-62  -6  -26 

//Reference=MNI 
//nullstudy_51
//Subjects=10
-42  -54  -28 
14  4  -26 
-14  36  24 
4  30  -28 

//Reference=MNI 
//nullstudy_52
//Subjects=10
-46  40  -2 
-8  -52  -42 
-18  -60  48 
-30  0  -22 
-6  46  28 
-58  -18  -8 

//Reference=MNI 
//nullstudy_53
//Subjects=10
-46  -74  18 
-28  22  -14 
-10  18  30 
-40  -18  -8 
-40  32  -20 
-12  48  12 

//Reference=MNI 
//nullstudy_54
//Subjects=9
-48  -20  46 
-8  -72  -34 

//Reference=MNI 
//nullstudy_55
//Subjects=11
-32  -80  -18 
52  2  -22 
34  34  16 
-30  42  26 
-16  24  -12 
46  2  44 
54  32  6 
-6  -72  -8 
14  36  58 
18  30  42 
-4  -98  -6 
-56  0  14 

//Reference=MNI 
//nullstudy_56
//Subjects=10
-10  24  58 
-52  -72  -22 
-30  -96  12 

//Reference=MNI 
//nullstudy_57
//Subjects=11
-50  -70  -28 
-26  -68  58 
16  58  -8 
-36  -62  4 
-34  -22  -14 
-46  -34  4 
-14  -16  70 

//Reference=MNI 
//nullstudy_58
//Subjects=11
6  62  14 
-36  28  50 
-36  -56  56 
-34  26  -12 
8  16  62 
-64  -56  22 
-12  10  16 
-36  52  -16 
-54  -6  32 

//Reference=MNI 
//nullstudy_59
//Subjects=9
-40  -78  28 
-30  24  -2 
-2  -2  54 

//Reference=MNI 
//nullstudy_60
//Subjects=11
-62  8  10 
10  50  48 
16  64  4 
-16  64  10 
-16  -44  4 
12  22  -6 
-56  -14  -20 
-12  32  34 
-18  -78  -50 
-2  -76  -48 
-6  38  4 

//Reference=MNI 
//nullstudy_61
//Subjects=11
40  8  22 
-26  66  -6 
-62  4  -14 
26  12  62 
-54  -6  -24 
10  30  60 
54  20  20 
-42  10  -26 
36  60  14 
-8  -66  -30 
-38  38  -20 
-48  -52  -40 

//Reference=MNI 
//nullstudy_62
//Subjects=9
-38  6  40 
-12  -72  -12 
-42  -52  -42 

//Reference=MNI 
//nullstudy_63
//Subjects=10
0  56  42 
-22  -6  8 
-66  -38  -10 
-46  -62  -12 
-10  36  -2 
-12  -64  -14 

//Reference=MNI 
//nullstudy_64
//Subjects=10
24  58  0 
-34  -48  -44 
2  8  74 
-52  -48  2 
-6  -64  -6 
-38  22  48 

//Reference=MNI 
//nullstudy_65
//Subjects=11
30  2  6 
-26  -38  -26 
22  16  58 
-2  -74  24 
-22  -50  72 
-4  -60  44 
-6  -82  20 
-10  -66  16 
-12  -12  -36 
-22  -16  76 
-38  24  48 

//Reference=MNI 
//nullstudy_66
//Subjects=7
-30  -78  28 
-30  22  -12 

//Reference=MNI 
//nullstudy_67
//Subjects=9
-24  -80  -52 
-34  30  -16 

//Reference=MNI 
//nullstudy_68
//Subjects=10
-32  -6  -46 
-42  -52  44 
-48  -12  -10 
-10  62  0 
-32  26  26 

//Reference=MNI 
//nullstudy_69
//Subjects=10
-4  48  20 
-16  12  -10 
-50  -4  -16 
-48  -12  16 
-42  50  10 

//Reference=MNI 
//nullstudy_70
//Subjects=11
-46  -52  -40 
-10  56  8 
-4  2  -20 
-4  -4  -18 
-52  -62  -22 
-22  52  38 
28  36  40 
-30  -12  -24 
-20  -52  50 
-38  -42  -50 

//Reference=MNI 
//nullstudy_71
//Subjects=10
-8  -78  26 
-32  -78  -44 
-34  -46  62 
22  46  -16 
30  10  -16 

//Reference=MNI 
//nullstudy_72
//Subjects=11
40  4  -8 
-16  -66  -14 
-20  -82  2 
-8  -58  4 
-34  -58  -34 
-2  -62  -48 
-34  -78  22 
-20  -64  0 
-22  12  50 
-8  -66  24 
-30  -64  58 
-10  64  26 
-16  18  8 
-4  -44  -60 
-8  22  -16 
-6  -66  2 
-48  -56  -20 
-6  24  56 
6  54  -28 
-14  -102  -8 
-32  -34  14 
58  18  8 
-36  34  -18 
-42  -10  -8 
44  30  -16 
-12  -26  -4 
40  52  4 
-54  -14  -4 
-2  -64  -52 
-16  2  58 
32  36  30 
-20  -48  12 
-42  24  50 
-44  20  -16 
-40  60  0 
0  14  -24 
-52  36  6 
-6  -22  76 
-36  -20  8 
-38  -52  -34 
-10  -10  68 

//Reference=MNI 
//nullstudy_73
//Subjects=10
6  46  24 
16  44  -6 
-22  -72  30 
-12  52  4 

//Reference=MNI 
//nullstudy_74
//Subjects=11
-50  -56  54 
30  50  4 
38  2  38 
2  4  60 
-34  36  -18 
2  52  44 
-6  50  14 
-30  46  34 
-22  56  -12 
42  32  28 
10  22  10 
36  22  34 
-24  14  62 

//Reference=MNI 
//nullstudy_75
//Subjects=11
-38  -10  56 
-42  24  6 
44  8  42 
-44  -64  22 
-60  -44  -22 
-44  -70  -26 
24  42  24 
-22  -50  -4 
-10  50  12 
-22  42  -14 
-56  -8  12 
-36  -84  -18 
-34  -64  46 
-32  -42  -42 
-34  -44  58 
-10  -68  58 
-8  -50  26 
-58  -58  0 
6  4  2 
-8  -38  -62 
-30  28  4 
50  18  4 
-4  4  28 
-50  -78  -12 
-12  -94  -2 
-40  -52  -54 
-28  60  -16 
-8  -68  36 
-6  -44  26 
-32  56  26 
-34  -14  0 
6  26  -20 
-6  46  -18 
-54  2  -38 

//Reference=MNI 
//nullstudy_76
//Subjects=9
46  44  -12 
2  4  -18 

//Reference=MNI 
//nullstudy_77
//Subjects=11
-60  4  0 
-48  40  12 
-48  -60  -22 
-12  20  -6 
38  16  20 
10  60  20 
42  14  -16 
34  36  44 
-42  -36  50 
-10  -82  12 
28  16  -44 
4  16  -26 
-34  22  -20 
-38  -42  -16 
-32  30  40 
-2  -48  48 
-30  -60  64 
-28  -60  -2 
-12  -12  -30 
-12  -50  48 
-50  0  12 
-14  -52  0 
-26  -80  6 
-28  -12  54 
52  14  34 
-18  -6  52 

//Reference=MNI 
//nullstudy_78
//Subjects=8
-6  36  -18 
16  6  24 

//Reference=MNI 
//nullstudy_79
//Subjects=10
-10  4  6 
-38  18  20 
-28  2  4 
-6  -48  18 
-22  -2  48 

//Reference=MNI 
//nullstudy_80
//Subjects=11
-48  -14  -44 
-14  -92  22 
-2  -34  -20 
-12  8  12 
52  20  42 
-4  -30  -18 
-34  -56  62 
-28  42  20 
-24  -82  -28 
-44  30  20 
26  46  -2 
22  36  -18 
-10  -36  -28 
-42  24  -2 
-10  -26  72 
-10  40  -18 
-48  -52  36 
-4  48  -18 

//Reference=MNI 
//nullstudy_81
//Subjects=9
-8  20  -26 
-20  -82  -34 
-22  16  -32 

//Reference=MNI 
//nullstudy_82
//Subjects=12
-6  38  -24 
38  22  -16 
-4  -62  -4 
-26  -48  -4 
-18  -40  2 
-36  -78  6 
-40  -10  58 
-62  -50  6 
-42  28  42 
-18  -82  -36 
-40  56  6 
-48  28  10 
32  36  -12 
-46  -50  36 
-62  -64  0 

//Reference=MNI 
//nullstudy_83
//Subjects=11
-36  32  42 
-46  28  28 
-62  -38  18 
4  38  6 
-8  -80  2 
10  52  4 
-40  -6  48 

//Reference=MNI 
//nullstudy_84
//Subjects=9
-6  -68  -4 
-26  -20  -24 
-52  -28  -26 
-26  -60  54 

//Reference=MNI 
//nullstudy_85
//Subjects=8
-52  -74  4 
28  32  40 

//Reference=MNI 
//nullstudy_86
//Subjects=10
-50  -32  -22 
-42  -90  -10 
-6  40  -8 

//Reference=MNI 
//nullstudy_87
//Subjects=9
-6  -90  36 
-6  18  26 

//Reference=MNI 
//nullstudy_88
//Subjects=9
-34  -2  10 
-56  26  18 

//Reference=MNI 
//nullstudy_89
//Subjects=11
-22  -32  -8 
12  26  62 
-20  -26  -30 
12  42  42 
0  44  -2 
-36  -68  2 
-18  -54  -4 
-20  66  10 
-48  -14  -42 
-16  -92  -10 
26  2  64 
-16  -38  -28 

//Reference=MNI 
//nullstudy_90
//Subjects=12
-10  0  -8 
-2  -70  54 
-14  42  54 
-40  -30  4 
-8  -50  -6 
-36  -62  46 
-4  -84  32 
-50  22  38 
-18  52  -16 
-18  -20  22 
-8  -98  6 
-18  12  -8 
-16  -22  4 
18  2  74 
-44  -78  -42 
18  16  58 
-24  -64  34 
48  26  22 
-44  -58  -56 
-18  -40  0 
-36  50  -6 
-38  -64  -22 
-10  46  -10 
54  4  44 
0  40  -32 
-48  -20  62 
38  34  44 
-26  -60  48 
-18  -40  22 
-8  0  -36 
-58  -14  48 
-2  -2  -14 
16  18  -22 
-24  -56  -40 
14  36  42 
-8  48  48 
-32  -32  46 
14  46  8 

//Reference=MNI 
//nullstudy_91
//Subjects=9
-6  -36  66 
-6  34  -8 
6  2  76 

//Reference=MNI 
//nullstudy_92
//Subjects=10
-62  -26  -24 
-48  -60  -20 
-10  16  40 
-8  -44  -62 
6  56  28 
-30  -12  58 
-44  -84  -6 

//Reference=MNI 
//nullstudy_93
//Subjects=9
-36  -58  46 
-8  42  26 

//Reference=MNI 
//nullstudy_94
//Subjects=10
-66  -32  30 
-30  -82  26 
-4  -50  54 
-44  -16  32 

//Reference=MNI 
//nullstudy_95
//Subjects=9
-44  -68  34 
-42  24  -6 
-4  36  56 

//Reference=MNI 
//nullstudy_96
//Subjects=9
-2  -48  34 
-42  -40  16 
-58  -50  42 

//Reference=MNI 
//nullstudy_97
//Subjects=11
-30  46  -20 
-58  -22  50 
-20  -50  -56 
16  16  12 
-46  -20  -38 
-56  -36  -6 
-34  20  34 
-12  -16  16 
-32  -68  -12 

//Reference=MNI 
//nullstudy_98
//Subjects=9
-4  6  56 
-38  0  -36 
26  4  52 

//Reference=MNI 
//nullstudy_99
//Subjects=10
-54  -72  22 
-20  66  20 
-38  -68  -20 
32  46  6 
2  26  52 
-44  8  -2 

//Reference=MNI 
//nullstudy_100
//Subjects=10
18  2  64 
-28  -48  52 

