//Reference=MNI 
//truestudy_1
//Subjects=11
45  -67  -6 
47  -66  -7 
48  -68  -7 
46  -65  -7 
47  -68  -4 
43  -67  -6 
47  -66  -7 
45  -65  -5 
45  -65  -4 

//Reference=MNI 
//truestudy_2
//Subjects=11
45  -65  -6 
47  -66  -7 
46  -66  -6 
46  -66  -6 
45  -67  -7 
46  -64  -6 
45  -67  -8 
46  -64  -7 
47  -67  -6 
48  -65  -7 
46  -66  -6 
45  -66  -6 
44  -67  -5 
47  -64  -7 
46  -65  -5 
46  -65  -8 
48  -65  -8 
47  -65  -6 
46  -65  -6 
46  -65  -5 

//Reference=MNI 
//truestudy_3
//Subjects=8
47  -68  -4 
46  -67  -5 

//Reference=MNI 
//nullstudy_1
//Subjects=11
4  54  -6 
-26  -18  70 
-46  -46  52 
-50  -82  0 
56  16  40 
34  12  -28 
-42  -82  22 
-32  -70  -8 
-22  -92  -20 

//Reference=MNI 
//nullstudy_2
//Subjects=11
-10  -66  -6 
-4  -54  -56 
-22  -28  52 
-10  -72  28 
44  44  14 
-54  -12  10 
-8  -36  -8 
8  70  8 
-58  -48  -22 
44  34  20 
-50  -2  54 
-40  18  44 
-36  16  10 
-32  -76  -14 
-32  -66  -60 
6  4  54 
-8  -30  16 
-66  -46  6 
10  12  36 
-36  38  38 

//Reference=MNI 
//nullstudy_3
//Subjects=8
24  48  34 
-18  -94  16 

//Reference=MNI 
//nullstudy_4
//Subjects=12
-14  -48  60 
-30  34  2 
4  24  -16 
-8  -56  -16 
26  64  -8 
-32  24  -30 
-2  52  10 
-36  58  6 
-40  -54  52 
-18  10  62 
-20  10  68 
-48  4  46 
-30  -78  12 
-20  -54  -10 
40  12  28 
-20  36  34 
-36  40  -20 
-6  -48  54 
-62  -58  20 
-20  2  -8 
-4  -64  66 
38  26  22 
-4  20  -2 
-2  -74  -48 
-28  4  2 
4  28  -24 
6  54  30 

//Reference=MNI 
//nullstudy_5
//Subjects=10
-48  -26  28 
34  48  0 
22  66  22 
24  38  32 
-4  -18  78 

//Reference=MNI 
//nullstudy_6
//Subjects=10
-52  -66  -8 
34  14  -32 
2  40  -22 
-52  -30  22 
-6  -82  6 
-38  -76  40 

//Reference=MNI 
//nullstudy_7
//Subjects=11
-28  -80  10 
-62  -18  46 
-50  -82  6 
-14  58  10 
16  46  52 
28  30  -22 
-56  -42  52 
22  44  -22 
-20  -36  -30 
-42  6  -12 
-22  54  34 

//Reference=MNI 
//nullstudy_8
//Subjects=11
-22  -28  -26 
-14  -70  -52 
-16  -8  -32 
-34  -36  -24 
-48  -16  -34 
-30  -76  -42 
44  12  18 
32  4  -40 
52  14  48 
50  34  -2 
-14  -54  30 
0  36  38 
-26  -66  -10 
-44  24  6 
-4  -34  -18 
-46  36  32 
-38  -30  -22 
-62  -44  -22 

//Reference=MNI 
//nullstudy_9
//Subjects=13
20  46  -22 
-18  -56  60 
-6  -22  48 
-46  -62  22 
-58  -26  -28 
2  62  -2 
10  16  -2 
-26  8  68 
-12  -98  -18 
-36  46  -16 
-28  -64  -36 
-16  -64  -8 
-24  -58  -22 

//Reference=MNI 
//nullstudy_10
//Subjects=11
-2  -26  -44 
-52  4  10 
4  26  -6 
-46  -20  -14 
-36  -8  -30 
-10  -96  4 
-38  -82  10 
-22  -44  50 
-50  30  32 
-4  -46  52 
4  56  38 
-28  -54  32 
-60  2  -6 
18  12  -10 
-40  -90  -16 
8  46  22 
-4  -36  -36 
-44  -54  50 
-56  -56  0 
-42  -90  8 
-14  58  18 
4  30  38 
-26  4  -6 
-22  34  -8 
22  54  38 
36  20  6 
-24  -24  -20 
-52  -6  48 
-10  64  20 
4  12  -22 
-40  -22  0 
6  42  56 
-22  -76  2 

//Reference=MNI 
//nullstudy_11
//Subjects=8
-46  -6  -40 
28  48  -16 

//Reference=MNI 
//nullstudy_12
//Subjects=11
-28  -72  -2 
2  16  -10 
-30  -8  52 
-52  -58  10 
-4  -58  -44 
-16  0  16 
44  42  14 
-2  30  -24 
-34  -56  -40 
-20  4  -42 
-48  -64  -22 
-18  -24  2 

//Reference=MNI 
//nullstudy_13
//Subjects=9
-32  -2  48 
-34  54  0 
50  32  10 

//Reference=MNI 
//nullstudy_14
//Subjects=10
-8  -2  50 
-10  60  2 
8  6  6 

//Reference=MNI 
//nullstudy_15
//Subjects=11
14  62  4 
18  22  10 
-14  -78  2 
-6  -84  -30 
2  42  -12 
-34  0  -50 
-58  2  -10 
-28  42  26 
38  50  22 
-40  -24  58 
-20  -76  26 
-24  -50  -62 
-10  0  36 
-16  18  48 
-44  -42  50 
-42  -72  -10 
-8  -74  -38 

//Reference=MNI 
//nullstudy_16
//Subjects=10
24  60  16 
-40  8  -20 
-42  -44  54 
-24  -16  70 
-42  12  -2 
2  30  32 

//Reference=MNI 
//nullstudy_17
//Subjects=10
34  2  -34 
-8  -16  40 
-4  -78  -10 
-34  -82  -44 
-16  10  60 

//Reference=MNI 
//nullstudy_18
//Subjects=10
-8  -78  -12 
-38  -70  -28 
-32  -44  60 
-10  2  -34 
-8  -30  -42 
-28  30  32 

//Reference=MNI 
//nullstudy_19
//Subjects=9
4  42  -14 
-34  -80  2 

//Reference=MNI 
//nullstudy_20
//Subjects=9
-38  -24  66 
-20  -56  -2 

//Reference=MNI 
//nullstudy_21
//Subjects=10
-32  6  -6 
-24  -40  54 
-2  -92  -24 
28  34  -22 
-46  0  -26 

//Reference=MNI 
//nullstudy_22
//Subjects=10
-10  -32  -36 
-42  -70  -36 
-18  18  -24 
14  16  6 

//Reference=MNI 
//nullstudy_23
//Subjects=10
-52  -34  2 
10  34  32 
-36  -42  -16 
-38  -78  -18 
-8  2  16 
-36  -16  6 
-42  0  12 

//Reference=MNI 
//nullstudy_24
//Subjects=10
8  66  20 
42  4  -46 
-28  20  -12 
-52  4  24 
6  46  44 

//Reference=MNI 
//nullstudy_25
//Subjects=11
12  46  24 
-42  14  24 
-22  -52  -8 
-38  -58  -26 
8  4  16 
-50  -18  10 
32  58  -10 
18  10  -34 
14  48  32 
-48  -6  -44 
14  56  16 
-40  -48  18 
-2  26  -18 
-14  -60  12 
-52  -40  12 
-32  -4  46 

//Reference=MNI 
//nullstudy_26
//Subjects=12
-46  -30  26 
-46  -82  -14 
-54  -16  14 
-38  -84  -18 
4  16  36 
-20  42  -24 
8  2  38 
-48  -42  54 
-6  20  56 
-18  -22  -14 
-42  -70  0 
-6  -34  12 
14  68  8 
-10  -48  64 
2  32  44 
-62  -10  -4 
46  56  2 
-8  -56  -26 
-52  -62  48 
4  28  16 
-20  -52  -40 
-6  -72  40 
-22  -78  52 
-20  -14  -38 
-40  -2  48 
-44  -28  42 
-26  -34  -14 
-22  -66  16 
-46  -40  -18 
-12  -60  38 
-38  -2  60 
-10  56  2 
56  8  -14 
-26  24  44 
-42  -16  6 
22  6  -22 

//Reference=MNI 
//nullstudy_27
//Subjects=11
-52  -24  -28 
-30  -46  52 
40  34  -2 
14  14  -4 
-20  -14  70 
-34  -70  8 
-2  58  32 
-4  -50  34 

//Reference=MNI 
//nullstudy_28
//Subjects=10
-26  -66  48 
-38  -20  -18 
-22  -90  30 
-18  -44  -48 
-56  32  2 
-34  -72  -42 
-52  -34  30 

//Reference=MNI 
//nullstudy_29
//Subjects=10
-16  -90  16 
-26  -8  -28 
-30  -88  30 
-16  -76  -12 

//Reference=MNI 
//nullstudy_30
//Subjects=10
-14  -100  -6 
42  20  4 
-8  -40  -48 
-30  -72  -22 
52  34  22 
-6  12  -26 
-12  -2  -16 
-4  32  0 

//Reference=MNI 
//nullstudy_31
//Subjects=10
-46  -54  24 
-22  -22  -16 
-6  -38  78 
16  64  24 
-6  38  24 
-20  -16  -16 
12  32  56 
12  64  -8 

//Reference=MNI 
//nullstudy_32
//Subjects=8
28  52  10 
-6  -88  -34 

//Reference=MNI 
//nullstudy_33
//Subjects=10
-2  46  48 
6  12  50 
-34  -52  64 
-26  28  46 
-2  34  42 
-24  -14  -10 

//Reference=MNI 
//nullstudy_34
//Subjects=11
14  4  -10 
-58  6  -2 
-20  -70  14 
-66  -40  32 
-62  -40  0 
-22  56  22 
-46  18  22 
-14  56  -14 
-12  14  -14 
-56  -60  38 
-8  -24  16 
24  38  48 
-46  -62  2 
38  8  34 
30  10  -48 

//Reference=MNI 
//nullstudy_35
//Subjects=11
-48  4  -14 
-40  -40  -32 
-34  -42  -10 
-12  32  58 
16  62  -14 
-38  -48  62 
-18  44  24 
-6  -64  -32 
-36  -66  -42 
30  14  50 
8  14  40 
28  8  -10 

//Reference=MNI 
//nullstudy_36
//Subjects=10
-60  -8  -20 
-48  -40  -32 
24  12  -26 
-22  -6  48 
44  32  2 

//Reference=MNI 
//nullstudy_37
//Subjects=10
-38  34  -14 
60  22  6 
12  36  54 

//Reference=MNI 
//nullstudy_38
//Subjects=9
54  26  22 
32  26  -26 
64  4  -4 

//Reference=MNI 
//nullstudy_39
//Subjects=11
-14  -44  -18 
-20  56  2 
-20  -24  -26 
-22  -62  -34 
-12  58  -2 
6  50  12 
14  68  -14 

//Reference=MNI 
//nullstudy_40
//Subjects=9
-10  -34  -28 
-44  -80  10 
-28  -54  64 

//Reference=MNI 
//nullstudy_41
//Subjects=10
-24  -78  26 
-44  -84  -18 
-14  12  -14 
-26  -12  74 

//Reference=MNI 
//nullstudy_42
//Subjects=10
-20  -42  -6 
-30  -58  52 
-36  16  -38 
-18  -82  -34 
62  6  18 
-8  -66  42 

//Reference=MNI 
//nullstudy_43
//Subjects=8
58  22  -4 
10  48  2 

//Reference=MNI 
//nullstudy_44
//Subjects=11
-60  -54  -4 
30  48  30 
-2  -80  -22 
-4  -62  -12 
-60  -32  -24 
-6  -96  -2 
-24  -58  -58 
44  40  -12 
44  14  48 

//Reference=MNI 
//nullstudy_45
//Subjects=11
-2  16  60 
-2  -8  4 
48  40  2 
-14  -36  78 
10  52  30 
30  32  -8 
38  44  30 
-36  2  -34 
-22  -80  -34 

//Reference=MNI 
//nullstudy_46
//Subjects=11
-40  -50  -40 
52  18  -28 
8  42  -30 
-6  -26  72 
-22  -54  46 
28  38  38 
-10  -14  4 
-48  -48  -46 
-32  -16  70 
48  14  -24 
-62  10  10 
-36  -4  -34 
-26  -74  56 
50  34  -12 
-12  -102  10 
-32  58  2 

//Reference=MNI 
//nullstudy_47
//Subjects=10
52  8  -28 
-56  -62  14 
-44  -6  56 
-24  -34  20 
-46  -48  40 
-14  -6  74 
-44  -18  -2 

//Reference=MNI 
//nullstudy_48
//Subjects=9
-32  20  4 
-16  -94  12 
-42  30  44 

//Reference=MNI 
//nullstudy_49
//Subjects=9
-32  -16  56 
-18  -72  -42 
0  38  36 

//Reference=MNI 
//nullstudy_50
//Subjects=10
-34  -50  -40 
-24  54  24 
-46  -38  64 
-56  2  14 
-48  -8  -14 
-24  -76  -8 
-22  -16  62 
-40  4  38 

//Reference=MNI 
//nullstudy_51
//Subjects=10
14  8  44 
-14  -56  66 
-46  4  40 
4  32  -6 
-40  54  -10 
-16  -12  64 
36  30  46 

//Reference=MNI 
//nullstudy_52
//Subjects=8
-44  34  22 
-44  -8  -46 

//Reference=MNI 
//nullstudy_53
//Subjects=12
4  56  0 
-4  2  44 
-32  0  48 
-46  20  32 
-16  60  14 
-36  -42  -30 
-62  -24  -8 
14  14  -6 
16  42  34 
-30  -32  52 
-48  44  -6 
-18  -48  -38 
-8  50  -22 
-28  -40  52 
-4  -74  50 
-2  16  2 
40  4  40 
-4  -80  -8 
-18  20  -4 
-64  -10  38 
-32  -62  -62 

//Reference=MNI 
//nullstudy_54
//Subjects=10
36  34  42 
-34  26  36 
-64  -24  12 
46  4  -30 

//Reference=MNI 
//nullstudy_55
//Subjects=10
-60  -62  -2 
-50  -60  -42 
6  32  6 

//Reference=MNI 
//nullstudy_56
//Subjects=11
-56  -36  34 
-8  48  -8 
32  40  22 
-50  -16  -30 
-14  -52  -16 
-8  18  50 
12  38  -8 
-46  -24  62 
-14  22  60 
-8  -36  48 
-12  -38  8 
-8  -26  64 
-10  -40  -52 
-34  -8  4 
-22  -78  12 
0  60  28 
-42  4  -32 
-6  -98  -20 

//Reference=MNI 
//nullstudy_57
//Subjects=11
-36  10  12 
-36  24  8 
-24  -40  -20 
34  2  60 
-36  -26  64 
-24  4  68 
-24  -54  -28 
12  26  58 
-10  -60  48 
-12  -54  -38 
-16  6  -18 
-10  40  6 
-50  -26  2 
-30  -26  -16 
-10  40  -20 
-62  -44  0 
-48  -66  16 
-2  -26  46 
-62  -20  -16 
-14  -18  40 
-28  -50  36 
58  10  26 
-48  -28  -24 
54  4  40 
-60  -22  0 

//Reference=MNI 
//nullstudy_58
//Subjects=10
-10  -72  -14 
48  24  -10 
-48  -8  -28 
-2  -66  40 
-30  -84  34 
24  14  -38 

//Reference=MNI 
//nullstudy_59
//Subjects=9
-10  -84  46 
-44  20  -18 

//Reference=MNI 
//nullstudy_60
//Subjects=7
42  36  -16 
-40  44  26 

//Reference=MNI 
//nullstudy_61
//Subjects=11
-6  44  -14 
-10  40  22 
-10  -70  38 
-40  10  -42 
-52  -70  -10 
20  12  -38 
10  8  -4 
-48  -84  10 
-2  -8  -16 
-6  -70  -28 
-42  -30  56 
-4  38  8 
-28  -36  -34 

//Reference=MNI 
//nullstudy_62
//Subjects=9
-56  -74  4 
-34  10  -4 
-28  -58  38 
-32  -88  8 

//Reference=MNI 
//nullstudy_63
//Subjects=8
-26  -50  -52 
-16  16  -22 

//Reference=MNI 
//nullstudy_64
//Subjects=11
-66  -40  -4 
-26  -30  54 
-26  32  40 
-44  -40  62 
-20  -74  16 
-48  10  4 
-34  -10  0 
2  48  48 
34  40  34 
-24  -2  -38 
-52  -22  26 

//Reference=MNI 
//nullstudy_65
//Subjects=10
-56  -64  -24 
-56  -22  14 
-16  -48  -22 
-64  -38  -6 

//Reference=MNI 
//nullstudy_66
//Subjects=8
-20  -62  52 
-36  -8  64 
40  6  28 

//Reference=MNI 
//nullstudy_67
//Subjects=11
-2  -54  -66 
-4  -42  -54 
-16  -66  4 
-12  -20  74 
32  30  28 
-18  4  18 
0  28  0 
-58  -6  -22 
-4  38  -12 
-2  18  34 
18  66  18 
-12  42  2 
-8  16  -14 
-18  48  26 
24  16  62 
-58  -48  44 

//Reference=MNI 
//nullstudy_68
//Subjects=9
-10  -70  20 
-34  -10  -10 
-38  -14  6 
42  60  -4 

//Reference=MNI 
//nullstudy_69
//Subjects=9
50  28  -16 
-54  12  18 
-22  -28  52 
-48  32  -10 

//Reference=MNI 
//nullstudy_70
//Subjects=12
44  14  -24 
-14  -50  36 
-6  26  14 
44  16  28 
-58  -42  0 
-24  -58  -42 
38  18  -42 
-20  -26  14 
-32  -52  34 
10  50  46 
-24  -22  -12 
16  36  -20 
-8  2  -28 
30  20  10 
54  28  16 
-8  -56  -64 
12  60  -6 

//Reference=MNI 
//nullstudy_71
//Subjects=8
-62  -58  14 
2  2  -12 

//Reference=MNI 
//nullstudy_72
//Subjects=10
-40  30  4 
-26  40  44 
2  24  -4 
-54  -10  14 

//Reference=MNI 
//nullstudy_73
//Subjects=9
-42  -80  26 
46  46  -10 
-6  34  -30 

//Reference=MNI 
//nullstudy_74
//Subjects=8
-30  -52  -10 
-14  -64  -34 

//Reference=MNI 
//nullstudy_75
//Subjects=11
56  10  10 
-38  28  -16 
-22  -52  -18 
0  14  -26 
-20  12  -34 
-36  -30  44 
-28  -12  -10 
-16  -14  -32 
-30  -38  -8 
-62  -48  -14 
-36  22  52 
20  10  -36 
-6  50  22 
-30  -78  40 
-20  -88  16 
20  8  -24 
-2  22  56 

//Reference=MNI 
//nullstudy_76
//Subjects=10
-40  20  -2 
-48  44  -2 
-44  -82  4 
-32  -12  -32 
44  34  40 
-20  -64  16 
-28  -42  -46 
-28  -42  -18 
-2  -74  48 

//Reference=MNI 
//nullstudy_77
//Subjects=10
-36  -40  -22 
-24  -66  46 
42  6  -22 
-46  -72  -24 
-38  -74  -4 
-10  -46  50 
-50  -36  -20 

//Reference=MNI 
//nullstudy_78
//Subjects=8
-44  36  4 
-20  2  54 

//Reference=MNI 
//nullstudy_79
//Subjects=10
-18  14  -38 
-4  14  -4 
-4  -46  76 
22  66  18 

//Reference=MNI 
//nullstudy_80
//Subjects=8
-54  -20  -24 
48  42  26 

//Reference=MNI 
//nullstudy_81
//Subjects=12
34  30  46 
32  42  -8 
44  42  -14 
-50  -58  22 
-44  40  -8 
-8  -12  -16 
54  34  12 
-34  22  -34 
-26  62  24 
-12  -20  46 
0  26  58 

//Reference=MNI 
//nullstudy_82
//Subjects=12
36  6  -40 
-28  -66  -46 
-24  -46  -38 
-56  -12  50 
-50  -28  -20 
-22  14  -18 
-10  62  2 
-8  -32  -4 
-20  64  16 
-10  -54  52 
-6  -60  -12 
-52  -60  -4 
-58  12  -14 
22  6  54 
-40  4  0 
-42  32  2 
-18  -74  58 
46  4  -46 
-42  40  26 
-16  30  54 
42  20  12 
-26  40  -18 
-12  32  62 
-50  0  -20 
-2  40  -28 
-24  0  -18 
20  36  -24 
-28  46  -2 
-2  -68  40 
-18  -70  32 
-18  -78  26 
-2  -70  18 
-10  42  36 

//Reference=MNI 
//nullstudy_83
//Subjects=9
-58  12  22 
-36  34  46 
-10  18  -16 

//Reference=MNI 
//nullstudy_84
//Subjects=10
-38  -36  52 
-20  30  54 
14  60  36 
-30  2  4 
-36  -48  -10 

//Reference=MNI 
//nullstudy_85
//Subjects=10
-24  -36  -6 
-48  -58  -40 
-36  -2  2 
-6  -58  -18 
22  14  -28 
28  38  -6 

//Reference=MNI 
//nullstudy_86
//Subjects=10
-52  -14  -26 
56  12  -26 
-14  -54  38 
20  40  44 
-4  50  -4 
-12  -106  6 

//Reference=MNI 
//nullstudy_87
//Subjects=10
32  8  38 
42  30  0 
-60  -56  30 
-64  -28  -4 
-18  -78  38 

//Reference=MNI 
//nullstudy_88
//Subjects=9
-8  -76  8 
-12  -50  50 
-20  -56  -52 

//Reference=MNI 
//nullstudy_89
//Subjects=10
-6  -90  36 
-10  -88  12 
-32  2  64 
-38  20  -36 
20  2  -14 
-20  -44  -26 

//Reference=MNI 
//nullstudy_90
//Subjects=9
-50  -2  0 
-26  -8  -32 
8  4  66 

//Reference=MNI 
//nullstudy_91
//Subjects=12
-54  34  2 
-50  -18  28 
-26  -52  72 
30  12  -20 
-58  -60  -16 
-46  26  -10 
-30  -88  -24 
-42  4  -46 
40  44  -2 
22  10  -48 
-20  -14  64 
-4  36  32 
-32  -78  -48 
32  58  -8 
-40  -2  48 
-8  18  28 
0  62  28 
-2  -30  -22 
-30  -50  64 
2  4  -14 
-28  -16  -4 
22  56  12 
-32  -20  68 
-8  64  -20 
-6  62  -4 
50  10  50 
-2  64  -12 
-46  -46  58 
-4  -4  -12 
-2  -4  8 
32  34  -12 
-38  12  -44 

//Reference=MNI 
//nullstudy_92
//Subjects=9
-18  -82  -42 
-62  -12  -2 

//Reference=MNI 
//nullstudy_93
//Subjects=9
-12  56  34 
-34  -16  62 
-24  6  -20 
-6  24  46 

//Reference=MNI 
//nullstudy_94
//Subjects=10
-36  -32  -22 
56  8  38 
-14  -52  -50 

//Reference=MNI 
//nullstudy_95
//Subjects=10
42  54  -12 
-22  -48  -62 
44  16  -38 
-14  2  -40 

//Reference=MNI 
//nullstudy_96
//Subjects=10
-26  -38  -52 
-30  48  -2 
-42  26  0 
-28  -38  74 
-22  -74  8 

//Reference=MNI 
//nullstudy_97
//Subjects=11
28  32  32 
-60  -8  44 
-10  -62  0 
-50  -68  -4 
-28  -38  8 
-64  -38  12 
-22  -70  -52 
-8  -28  0 
-18  -88  -38 
-46  -42  50 
-52  -56  12 
-38  -26  50 
-6  -16  -30 
-8  66  18 

//Reference=MNI 
//nullstudy_98
//Subjects=11
-10  -10  48 
-50  -62  -40 
-30  12  6 
-10  -54  28 
6  20  30 
-30  -64  40 
-18  -78  4 
-48  2  -42 
-14  -28  -12 
-34  50  16 

//Reference=MNI 
//nullstudy_99
//Subjects=11
-54  14  -10 
-50  26  18 
-2  -58  -44 
-54  -56  -2 
8  10  -8 
50  12  6 
-64  -22  36 
-2  54  -20 
16  58  -14 
-56  -62  18 
-36  42  -8 
24  10  -34 
-8  14  -30 
-34  -70  24 
-28  0  4 

//Reference=MNI 
//nullstudy_100
//Subjects=10
38  42  8 
-52  -52  20 
-14  20  6 
-2  8  -24 
-22  38  46 
34  40  8 

