//Reference=MNI 
//truestudy_1
//Subjects=12
46  -65  -3 
46  -67  -5 
47  -66  -6 
46  -65  -7 
47  -68  -5 
49  -67  -4 
46  -65  -5 
45  -66  -6 
46  -66  -5 
44  -66  -6 
46  -67  -6 
46  -67  -8 
45  -66  -5 
45  -66  -7 
44  -67  -7 
46  -65  -8 
46  -68  -5 
45  -66  -7 

//Reference=MNI 
//truestudy_2
//Subjects=10
45  -66  -7 
47  -64  -7 
45  -68  -5 
47  -66  -5 
48  -66  -6 
45  -67  -5 
47  -66  -7 
44  -67  -7 
46  -67  -8 

//Reference=MNI 
//truestudy_3
//Subjects=10
46  -65  -6 
45  -64  -8 
47  -66  -8 
44  -66  -7 

//Reference=MNI 
//nullstudy_1
//Subjects=12
-10  -34  8 
32  16  0 
28  40  34 
12  60  6 
-46  -42  56 
20  14  66 
56  18  -2 
-12  0  -20 
-16  64  16 
-20  0  -48 
-8  -64  14 
-48  14  -6 
14  24  -6 
-30  12  -34 
-14  -40  -18 
-52  -6  -30 
-16  -84  8 
26  28  -14 

//Reference=MNI 
//nullstudy_2
//Subjects=10
-42  -58  -20 
-14  -84  44 
-20  -82  -28 
-12  -34  54 
-20  -72  48 
-16  14  -16 
-68  -30  32 
12  10  -28 
-46  14  -4 

//Reference=MNI 
//nullstudy_3
//Subjects=10
-18  -102  2 
-16  6  -22 
-16  -78  46 
-38  -80  -44 

//Reference=MNI 
//nullstudy_4
//Subjects=10
-44  -16  30 
-36  8  54 
-42  0  16 
-50  -22  -10 
-64  -18  -2 
-48  38  -18 
-56  -56  0 
-16  66  12 
-46  10  -16 

//Reference=MNI 
//nullstudy_5
//Subjects=11
-6  -18  12 
-40  -8  18 
-18  -78  -12 
-34  -8  -46 
-10  -44  54 
-18  -70  54 
2  48  -18 
12  34  18 
-8  -18  74 
-4  22  50 
-44  -42  12 
-14  68  -12 
-48  -54  14 

//Reference=MNI 
//nullstudy_6
//Subjects=10
-10  -58  -16 
-28  -32  -40 
-66  -24  14 
34  16  -26 
-28  -60  -62 
-26  -44  -10 
-30  -38  -46 

//Reference=MNI 
//nullstudy_7
//Subjects=9
-18  6  66 
-30  -82  -36 

//Reference=MNI 
//nullstudy_8
//Subjects=8
52  12  2 
-56  26  -4 

//Reference=MNI 
//nullstudy_9
//Subjects=9
-56  -54  38 
-28  -36  -46 
-12  -34  4 

//Reference=MNI 
//nullstudy_10
//Subjects=12
-6  58  -8 
4  56  -2 
-32  -22  66 
-52  -38  -30 
-48  20  10 
-48  -84  -4 
-18  -16  28 
34  34  40 
-10  38  18 
16  52  36 
-50  -46  16 
14  4  64 
18  46  -20 
-52  -68  -36 
-48  2  30 
-32  0  68 
-30  -48  -30 
-52  26  -10 
10  34  58 
24  22  48 
-20  -10  76 
-12  -16  66 
-18  -22  -24 

//Reference=MNI 
//nullstudy_11
//Subjects=11
16  12  8 
-16  -26  -2 
-4  18  62 
-50  -70  -36 
-14  40  -18 
-18  16  0 
-44  -74  -4 
-22  18  -12 
-52  -32  24 
-6  -86  12 
-50  -74  4 
-28  34  -12 
16  54  -24 
0  4  54 
24  8  -34 
62  2  22 
-6  30  62 
-30  -72  -28 

//Reference=MNI 
//nullstudy_12
//Subjects=8
-4  -48  8 
-16  -6  -18 

//Reference=MNI 
//nullstudy_13
//Subjects=10
0  14  30 
-6  -38  -56 
-16  58  -20 
34  16  2 

//Reference=MNI 
//nullstudy_14
//Subjects=11
22  54  0 
-46  -36  50 
54  16  -10 
-14  -28  -12 
-6  -52  68 
-10  -6  -36 
28  56  -18 
-62  -36  44 
-62  -36  -16 
-20  6  46 
-18  -52  -40 
58  10  -2 
6  22  -22 
34  46  28 
-50  -30  32 
-56  -28  6 
-24  2  -22 
-22  14  -16 
-58  -36  -6 
-30  34  -20 
-18  -24  20 

//Reference=MNI 
//nullstudy_15
//Subjects=12
-12  -98  -10 
-44  -52  24 
24  18  38 
-28  -70  -40 
-18  -44  48 
-40  -56  -50 
-16  2  14 
-34  -84  -34 
2  26  34 
-14  -72  -42 
36  12  -36 
6  12  2 
0  8  30 

//Reference=MNI 
//nullstudy_16
//Subjects=10
-8  -84  46 
-38  -58  -24 
-30  -44  40 
-16  -66  12 
-26  -22  -14 

//Reference=MNI 
//nullstudy_17
//Subjects=9
-28  -74  -18 
-48  -8  -46 

//Reference=MNI 
//nullstudy_18
//Subjects=10
-18  -84  26 
-4  56  20 
-40  -36  20 
-28  -66  -48 
-14  62  -2 
-36  -16  -16 
-10  38  4 

//Reference=MNI 
//nullstudy_19
//Subjects=10
-62  -6  22 
-44  -80  16 
-54  -2  12 
-6  -32  -42 

//Reference=MNI 
//nullstudy_20
//Subjects=10
60  8  6 
-14  -78  28 
-50  -64  -32 
-28  -44  -18 
-42  -12  2 
-46  -50  10 
22  10  52 
2  50  -12 
8  28  -12 
50  34  -14 
54  32  10 

//Reference=MNI 
//nullstudy_21
//Subjects=10
34  16  -36 
28  60  -14 
-34  -50  -36 
-20  -78  28 

//Reference=MNI 
//nullstudy_22
//Subjects=11
10  24  68 
4  56  2 
-22  -66  -20 
-2  -2  -18 
26  38  18 
4  38  18 
2  64  -18 
-28  26  52 
-14  -76  34 
-12  0  22 
-56  -40  -2 
-40  24  -8 
10  52  28 

//Reference=MNI 
//nullstudy_23
//Subjects=12
-8  -24  62 
-36  -10  -6 
28  22  -24 
46  44  -10 
-6  -22  -26 
-50  -2  -12 
12  36  12 
30  14  -2 
10  40  -10 
-4  -38  -50 
18  24  42 
-14  -100  4 
-22  -44  18 
-30  -64  8 
-42  -80  -2 

//Reference=MNI 
//nullstudy_24
//Subjects=11
-34  -90  4 
-30  -2  -50 
-12  -92  2 
-8  40  -12 
-38  -2  54 
-12  -66  56 
-40  -78  -34 
-56  -32  48 
-38  -4  -46 
-50  -12  -6 
-8  -14  2 
-36  -16  36 

//Reference=MNI 
//nullstudy_25
//Subjects=10
28  22  10 
-62  -40  -16 
34  24  46 
-10  -50  -24 

//Reference=MNI 
//nullstudy_26
//Subjects=10
10  4  70 
44  32  -20 
-24  -18  62 
-54  -18  28 
-10  -62  -16 
32  40  38 
-16  -4  -12 

//Reference=MNI 
//nullstudy_27
//Subjects=9
-66  -52  18 
-10  -56  -42 
-8  36  16 

//Reference=MNI 
//nullstudy_28
//Subjects=11
-52  -32  28 
-4  -54  -16 
12  58  24 
-6  -28  16 
58  32  4 
-42  -18  -28 
-22  38  -18 
-60  -4  -4 
-10  -26  64 

//Reference=MNI 
//nullstudy_29
//Subjects=10
12  72  2 
-58  -46  38 
-28  64  -4 
-24  32  -26 
-48  -26  34 
-12  -8  38 

//Reference=MNI 
//nullstudy_30
//Subjects=11
14  34  -18 
-16  -102  16 
32  12  -6 
-54  -72  6 
-6  30  62 
-42  -72  12 
2  42  -6 

//Reference=MNI 
//nullstudy_31
//Subjects=12
-28  -84  28 
-40  4  -42 
-8  -60  56 
42  4  -24 
-4  -70  42 
-24  4  -46 
14  44  2 
-54  -34  18 
-18  -26  -24 
12  8  48 
-10  -36  48 
0  20  66 
18  18  -16 

//Reference=MNI 
//nullstudy_32
//Subjects=10
-58  -44  -16 
12  50  42 
-48  -56  -28 
32  62  0 
-12  -20  44 
10  52  4 
-6  -76  12 
-52  18  -6 

//Reference=MNI 
//nullstudy_33
//Subjects=9
14  12  -24 
-18  70  4 
28  12  56 
-42  16  -42 

//Reference=MNI 
//nullstudy_34
//Subjects=10
-16  -44  10 
22  34  32 
-4  -54  -52 
-10  22  60 

//Reference=MNI 
//nullstudy_35
//Subjects=10
-20  -72  -30 
40  48  6 
-14  -86  4 
46  18  -34 

//Reference=MNI 
//nullstudy_36
//Subjects=11
-40  -40  -24 
-48  -28  24 
50  20  34 
-48  -46  -48 
12  6  66 
-32  -38  -46 
30  22  -22 
56  14  18 
-64  0  10 
-8  -2  62 
26  10  -48 
50  8  -36 
-42  -54  28 
-66  -12  -24 
-32  -50  -10 
-40  6  6 
-54  8  30 
26  8  -26 
12  52  20 
10  52  28 
-46  -64  32 
-52  8  16 
32  26  30 
-46  6  22 

//Reference=MNI 
//nullstudy_37
//Subjects=12
12  38  -10 
-30  8  58 
-12  -28  46 
-36  -52  32 
-22  62  6 
32  56  -8 
-40  18  -16 
30  36  46 
-8  -22  70 
22  10  -18 
-20  -82  44 
-2  0  68 
-30  -62  -54 
2  40  -8 
-10  -102  4 
-50  -36  4 
-2  22  -2 

//Reference=MNI 
//nullstudy_38
//Subjects=8
24  18  -24 
-20  -36  2 

//Reference=MNI 
//nullstudy_39
//Subjects=9
-16  4  56 
-6  -80  -38 

//Reference=MNI 
//nullstudy_40
//Subjects=10
-28  -4  -26 
-12  -10  72 
8  4  18 
-50  -66  -14 
-32  24  -30 

//Reference=MNI 
//nullstudy_41
//Subjects=12
-44  10  2 
-30  -80  -50 
32  64  -10 
-14  -70  30 
-22  -76  -54 
16  42  48 
14  6  60 
-38  -14  16 
-22  -58  -6 
-42  -74  -52 
-22  -48  10 
-24  -64  44 
18  54  42 
-12  -74  -6 

//Reference=MNI 
//nullstudy_42
//Subjects=10
-14  8  -32 
-28  -86  -24 
-40  16  56 
-18  2  -46 

//Reference=MNI 
//nullstudy_43
//Subjects=11
26  50  6 
-52  16  -6 
-12  34  -24 
-6  2  -12 
-34  -92  12 
16  16  -6 
62  12  8 
-24  -36  -18 
-24  -42  56 

//Reference=MNI 
//nullstudy_44
//Subjects=11
-50  28  -12 
-54  -10  28 
28  48  -4 
-50  -80  4 
-44  -50  -38 
-64  -54  -2 
-2  -68  10 
-60  -48  24 
-18  40  30 
-8  -18  66 
-36  -2  -4 
-62  -6  -6 
-50  -60  -6 
44  14  32 
-20  10  -10 
-56  18  26 
28  16  66 
-60  -22  12 
6  28  64 

//Reference=MNI 
//nullstudy_45
//Subjects=8
-16  -62  32 
-22  24  54 

//Reference=MNI 
//nullstudy_46
//Subjects=9
42  6  -44 
4  20  26 
-8  -18  6 

//Reference=MNI 
//nullstudy_47
//Subjects=11
-28  -50  -22 
-50  8  10 
-32  -4  -24 
-2  46  -28 
-4  46  -14 
-12  -52  36 
-18  -94  6 
44  46  -10 
-6  -40  64 
-60  -66  8 
52  4  22 
26  2  -32 
16  20  50 
-40  -52  -16 
-34  -2  -10 

//Reference=MNI 
//nullstudy_48
//Subjects=10
-52  -56  24 
-12  -64  34 
-36  -74  50 
-46  -54  -40 
-46  -68  -8 
-64  -12  24 
20  46  46 
-6  -26  64 

//Reference=MNI 
//nullstudy_49
//Subjects=11
-8  60  28 
-12  -60  -16 
-6  -38  -48 
-30  22  4 
-52  -68  6 
-42  -36  -30 
2  14  -10 
46  4  -38 
-58  -2  32 
-2  -86  -6 
30  26  -4 
-10  -64  34 
-38  34  0 
42  6  0 
8  38  52 

//Reference=MNI 
//nullstudy_50
//Subjects=9
8  18  38 
-24  -74  -4 

//Reference=MNI 
//nullstudy_51
//Subjects=9
-42  -58  -24 
46  22  6 
50  20  4 
-34  -12  -34 

//Reference=MNI 
//nullstudy_52
//Subjects=11
50  42  0 
44  16  42 
16  18  62 
-66  -52  8 
-48  -2  -12 
-2  -58  40 
-30  4  -32 
12  66  14 
-38  -58  -34 
-58  -28  -28 
-4  -82  32 
-40  -42  -52 
-32  14  46 
-14  -74  26 
-12  -60  66 
34  2  42 
-28  -2  58 
-36  -46  64 
-36  8  -26 
-34  26  0 
-40  38  38 
-40  -10  36 
0  14  34 
-4  -56  -56 
40  2  -44 
-20  64  8 
-50  -6  54 
-22  -82  2 
-28  0  -44 
-10  -50  -44 
-4  -80  -42 
-32  34  40 
20  50  10 
-6  -66  64 
-10  -24  38 
-28  48  14 
-6  -30  38 
10  36  6 
-26  -78  30 
-10  -88  -14 
32  12  50 
-14  -78  -26 

//Reference=MNI 
//nullstudy_53
//Subjects=10
-2  -18  66 
-50  -70  40 
-34  -52  38 
-46  -44  -36 
-40  26  -6 
-6  48  34 

//Reference=MNI 
//nullstudy_54
//Subjects=11
-44  -20  10 
-42  -20  -36 
-32  -20  -24 
-36  30  -20 
0  2  64 
-38  36  30 
22  16  60 
22  44  22 
-16  -36  6 
-8  -18  56 
26  50  14 
26  34  52 
-40  -64  36 
-30  24  28 

//Reference=MNI 
//nullstudy_55
//Subjects=10
-6  -26  -6 
-4  44  40 
12  30  22 
-22  36  30 
-40  22  -14 
-12  -50  4 
-28  58  22 

//Reference=MNI 
//nullstudy_56
//Subjects=10
28  20  -16 
-2  -58  56 
-32  12  -12 
-20  -60  18 
54  8  -28 
42  38  -6 
-12  -76  -36 
-8  -88  -44 

//Reference=MNI 
//nullstudy_57
//Subjects=10
-36  -8  -10 
0  30  28 
-2  -40  -16 
-30  -2  64 
-42  -18  16 
-52  8  46 

//Reference=MNI 
//nullstudy_58
//Subjects=10
-8  -2  24 
-16  -36  36 
-10  -62  -10 
28  18  40 
-28  -76  -6 

//Reference=MNI 
//nullstudy_59
//Subjects=13
56  12  30 
-40  -2  -16 
-42  38  8 
-30  4  -42 
-20  42  32 
-8  -42  28 
-16  26  -14 
-38  -26  56 
-20  -16  -20 
18  18  -22 
-20  -10  76 
-6  10  8 
-32  -44  56 
-20  50  42 
-38  26  0 

//Reference=MNI 
//nullstudy_60
//Subjects=11
40  8  -32 
-2  -20  -32 
-4  30  46 
-30  -70  48 
-46  -30  40 
-50  -76  -12 
36  2  0 
16  18  -24 
42  18  20 
-12  4  -26 

//Reference=MNI 
//nullstudy_61
//Subjects=10
-16  -16  -30 
-24  26  40 
-32  -40  64 
-40  -52  -24 
-18  -42  42 
-46  -70  4 
4  46  -14 

//Reference=MNI 
//nullstudy_62
//Subjects=10
-40  -46  58 
32  8  -46 
14  18  -8 
-28  22  52 

//Reference=MNI 
//nullstudy_63
//Subjects=10
-62  -28  42 
-24  38  40 
-6  38  -20 
-34  -50  -30 
-32  24  54 
-40  -28  6 

//Reference=MNI 
//nullstudy_64
//Subjects=11
4  28  38 
-16  -52  10 

//Reference=MNI 
//nullstudy_65
//Subjects=8
-6  -16  -10 
-48  -22  22 
-6  46  0 
-2  -94  -14 
20  16  58 
-12  -64  68 
50  12  -20 
8  44  18 
-50  12  -12 
-40  -76  -40 
-12  -88  -28 
-50  0  24 
-10  42  -12 
-24  -82  8 
-34  -78  28 
-54  -6  2 
-10  -30  -14 
-50  -52  50 
-44  24  40 
-24  -74  38 

//Reference=MNI 
//nullstudy_66
//Subjects=9
6  66  -16 
24  12  -22 

//Reference=MNI 
//nullstudy_67
//Subjects=10
-58  -28  22 
-8  8  18 
0  66  14 

//Reference=MNI 
//nullstudy_68
//Subjects=11
-16  -72  -6 
-42  32  -12 
-28  -90  -8 

//Reference=MNI 
//nullstudy_69
//Subjects=11
-8  -32  0 
-12  -36  -14 
-22  -2  70 
14  64  -16 
2  2  12 
-38  32  14 
12  8  38 
-18  2  22 
6  54  -18 
-56  -10  6 
-36  14  42 
0  44  14 

//Reference=MNI 
//nullstudy_70
//Subjects=10
-28  12  -34 
-16  -56  0 
-30  -72  -8 
-18  10  -34 
-10  -8  24 
22  32  42 
-20  18  58 
54  28  24 

//Reference=MNI 
//nullstudy_71
//Subjects=9
-2  10  60 
-30  -82  -38 
-36  -50  -34 
-12  52  -26 
30  18  54 

//Reference=MNI 
//nullstudy_72
//Subjects=9
-32  8  8 
-62  -46  16 
-36  14  60 

//Reference=MNI 
//nullstudy_73
//Subjects=11
-34  -12  -40 
-44  -70  -52 
38  38  12 
-48  -16  42 

//Reference=MNI 
//nullstudy_74
//Subjects=10
-62  -36  0 
16  20  -2 
-54  -56  30 
-36  -40  20 
-44  30  38 
-34  48  -14 
40  18  50 
-50  -64  18 

//Reference=MNI 
//nullstudy_75
//Subjects=10
-46  -48  58 
-26  -42  -44 
-24  52  2 
10  22  46 
-66  -18  2 
-14  46  -18 
-50  34  20 
-38  -86  -16 

//Reference=MNI 
//nullstudy_76
//Subjects=8
38  22  -30 
24  22  54 
-2  -46  8 
-68  -14  -12 
-30  -96  -12 
-34  12  -28 

//Reference=MNI 
//nullstudy_77
//Subjects=11
20  2  -18 
-16  -48  -46 

//Reference=MNI 
//nullstudy_78
//Subjects=11
-24  24  36 
-56  -72  16 
-4  -64  36 
-26  -94  8 
-10  -64  -48 
-4  -54  66 
-44  -24  42 
18  50  44 
-20  -22  58 

//Reference=MNI 
//nullstudy_79
//Subjects=10
-26  -92  -26 
-10  -34  62 
-26  36  24 
-6  -88  -34 
30  22  36 
34  4  50 
-14  -34  64 
-48  -54  -6 
-14  -70  54 
-16  28  52 

//Reference=MNI 
//nullstudy_80
//Subjects=9
-56  -22  20 
-60  -2  -24 
-14  18  6 
-8  -64  30 

//Reference=MNI 
//nullstudy_81
//Subjects=11
-26  -56  -30 
-48  -16  36 
-16  -26  -8 

//Reference=MNI 
//nullstudy_82
//Subjects=9
-22  -56  20 
-48  -76  16 
-14  50  -14 
-40  28  40 
-10  -56  6 
-62  -18  -10 
-26  -100  -4 
-34  -12  14 
-26  -52  -52 
-16  -2  60 
-44  14  -8 
46  28  42 
-68  -18  0 
28  52  20 
-26  12  62 
-36  -56  40 
-26  -10  72 
-56  -54  12 
-8  12  -30 
-6  -70  -54 
18  30  -4 

//Reference=MNI 
//nullstudy_83
//Subjects=10
-30  -20  -18 
44  18  44 

//Reference=MNI 
//nullstudy_84
//Subjects=10
-62  -26  22 
-38  -6  40 
-34  -30  -26 
-22  -86  -44 

//Reference=MNI 
//nullstudy_85
//Subjects=9
-6  -98  -8 
58  28  12 
-18  -84  16 
-54  6  -10 
-18  62  -8 
-50  -58  -2 

//Reference=MNI 
//nullstudy_86
//Subjects=12
-10  -80  20 
-22  20  44 

//Reference=MNI 
//nullstudy_87
//Subjects=10
-6  -54  -26 
-16  -34  64 
-42  -36  26 
-26  -70  20 
-50  -18  -14 
28  20  -42 
-8  -48  -8 
-48  -4  -6 
-48  36  -8 
-42  -12  42 
-26  -16  -8 
48  26  2 
-2  20  -20 
8  64  -6 
-68  -42  -4 
-44  26  16 
-44  -6  -12 
-24  -50  -62 
-40  -64  42 
-40  14  -22 
-26  -58  44 
-14  -84  6 
12  60  14 
12  48  -18 
-16  4  16 
-8  14  -24 
-6  64  -10 
-46  -66  -20 
6  54  18 
-4  -66  30 
-40  8  42 

//Reference=MNI 
//nullstudy_88
//Subjects=11
18  48  38 
-48  -24  -4 
-6  -58  0 
62  10  10 

//Reference=MNI 
//nullstudy_89
//Subjects=11
52  34  -4 
-54  -42  36 
-46  -32  -18 
-50  -58  12 
-64  -24  -12 
-42  16  56 
-36  -84  -6 
-12  -38  -18 
8  10  74 
-18  -92  16 

//Reference=MNI 
//nullstudy_90
//Subjects=9
-64  -22  28 
-46  -32  56 
-18  42  40 
-12  42  2 
-4  -30  -20 
4  54  -10 
-48  14  -30 
-14  -80  -10 
-20  -54  62 
-62  -12  -26 
-26  -70  40 
-62  -36  -18 
-64  -28  -18 
-48  -66  14 
-34  12  24 
-48  -12  60 
-40  -46  -30 
2  60  -22 
-18  -82  40 
-26  -94  -8 
-16  -84  -12 
-16  50  -18 
-12  -40  -24 
-44  -16  52 
-4  42  -12 
-4  -58  24 
-6  -14  74 

//Reference=MNI 
//nullstudy_91
//Subjects=12
-48  40  8 
24  20  -36 

//Reference=MNI 
//nullstudy_92
//Subjects=9
-34  -60  -46 
-56  -18  -32 
-18  -66  -16 
28  10  68 
-66  -30  -2 
30  14  52 
-18  -64  56 
-36  48  28 
-6  -90  -6 
-38  -18  -34 
-24  -60  -22 
-40  56  -8 
-42  24  -8 
0  58  6 
-28  6  -26 
-68  -38  -10 
-24  -82  0 
-6  -6  68 
-34  -10  -8 
50  20  -10 
2  40  -12 
8  12  50 
-14  -8  -22 
18  18  -22 

//Reference=MNI 
//nullstudy_93
//Subjects=10
12  44  32 
-34  -20  -20 
-50  -60  22 
24  28  34 

//Reference=MNI 
//nullstudy_94
//Subjects=9
-50  42  -16 
-6  -74  26 
-8  14  70 
-68  -10  20 
44  14  16 
52  8  -8 
-52  14  -18 

//Reference=MNI 
//nullstudy_95
//Subjects=10
-32  -6  6 
-50  -36  -10 
-12  -100  -6 

//Reference=MNI 
//nullstudy_96
//Subjects=10
-38  20  54 
24  44  20 
62  16  14 
-28  44  6 
34  12  8 
48  52  2 

//Reference=MNI 
//nullstudy_97
//Subjects=10
-2  38  -22 
-12  -62  44 
-44  -18  22 

//Reference=MNI 
//nullstudy_98
//Subjects=9
4  12  42 
26  44  8 
-8  -30  -12 
12  64  -12 
-38  18  44 
4  6  32 
-32  -40  36 

//Reference=MNI 
//nullstudy_99
//Subjects=11
8  46  30 
-26  -72  58 
-12  -46  -4 

//Reference=MNI 
//nullstudy_100
//Subjects=9
-54  -20  42 
14  6  22 
-10  54  -6 
14  24  38 
-34  16  -38 
24  50  34 
-32  -18  48 
36  38  16 
-36  18  -36 
-6  0  62 
-50  28  8 
-60  -36  -26 
-8  -66  -52 
50  18  4 
-2  -12  -24 
-10  -62  64 
-48  -36  -6 

