//Reference=MNI 
//truestudy_1
//Subjects=9
46  -65  -4 
46  -67  -8 

//Reference=MNI 
//truestudy_2
//Subjects=10
48  -67  -6 
46  -65  -6 
46  -67  -6 
44  -67  -5 
47  -65  -7 
47  -65  -4 

//Reference=MNI 
//truestudy_3
//Subjects=10
46  -67  -6 
46  -66  -6 
47  -67  -6 
46  -67  -5 
47  -67  -6 
48  -65  -5 

//Reference=MNI 
//nullstudy_1
//Subjects=9
-14  -66  4 
38  18  14 

//Reference=MNI 
//nullstudy_2
//Subjects=10
-18  -6  56 
40  32  4 
-40  56  8 
12  56  -24 
-52  -20  56 
-22  -4  72 

//Reference=MNI 
//nullstudy_3
//Subjects=10
6  70  10 
-28  52  2 
-2  54  26 
14  68  -4 
-44  -60  24 
-8  -14  76 

//Reference=MNI 
//nullstudy_4
//Subjects=10
-22  26  -12 
-8  -80  -12 
66  4  24 
26  4  -14 
-24  -38  66 
56  34  12 
-24  -40  10 
-10  12  62 
-54  -48  22 
-26  -54  -38 
-40  44  34 

//Reference=MNI 
//nullstudy_5
//Subjects=10
0  42  14 
-46  -14  -12 
24  26  34 
-10  -36  -20 
-18  -104  6 

//Reference=MNI 
//nullstudy_6
//Subjects=10
-50  -38  -22 
-12  -88  14 
48  8  16 
-28  -78  22 
-14  50  38 
-24  -16  58 
-16  34  40 

//Reference=MNI 
//nullstudy_7
//Subjects=10
26  6  -32 
-6  -62  -56 
-52  0  20 
-26  20  36 
-14  -68  -18 
-6  -12  42 
-56  24  20 
-54  12  -6 
-14  -86  10 

//Reference=MNI 
//nullstudy_8
//Subjects=11
-16  -52  38 
-54  8  -10 
0  30  38 
-6  -2  -12 
26  20  -6 
-34  20  48 
6  20  18 
30  2  58 
-20  44  48 

//Reference=MNI 
//nullstudy_9
//Subjects=9
-20  24  58 
-6  30  -26 

//Reference=MNI 
//nullstudy_10
//Subjects=11
-10  26  40 
-6  24  -22 
-40  50  12 
-60  6  20 
-52  -14  -30 
16  40  38 
-54  -50  -28 
-52  28  10 
-8  -94  -26 
-58  -42  -18 
-4  52  20 
-10  52  -20 
4  20  42 
-20  -70  42 
-16  -62  30 
-56  14  -12 
-16  -20  60 
-44  50  14 
-42  -28  -20 
-2  -36  -64 
32  30  4 
-18  -38  -10 
48  12  44 
-2  46  -28 
-12  -52  -32 
-58  22  20 
-40  -18  -6 
-14  -52  14 
-46  -82  26 
-2  -38  0 
-32  -42  -36 
-2  34  16 
-16  -6  -8 
22  34  48 
22  40  38 
-22  -68  42 

//Reference=MNI 
//nullstudy_11
//Subjects=12
-26  54  -14 
-34  -16  -28 
-64  -54  -6 
-20  -78  -50 
-46  6  40 
-42  30  10 
-14  -22  -18 
6  28  54 
-52  14  34 
44  8  16 
-18  -42  -58 

//Reference=MNI 
//nullstudy_12
//Subjects=9
-32  16  -38 
-48  -2  -16 
-40  -42  -26 
0  32  44 

//Reference=MNI 
//nullstudy_13
//Subjects=9
-56  -36  2 
-36  -36  -32 
26  20  40 

//Reference=MNI 
//nullstudy_14
//Subjects=11
56  6  -4 
-20  -66  14 
10  4  62 
-4  -86  18 
-14  -48  -4 
-14  40  16 
-36  24  34 
-36  32  42 
22  60  10 
-36  -80  -24 
-36  18  -40 
-16  -34  78 

//Reference=MNI 
//nullstudy_15
//Subjects=10
-14  -14  42 
-10  56  0 
-50  -46  -16 
-32  42  14 
-40  -6  60 
6  50  14 
-44  -28  -18 
-10  34  22 

//Reference=MNI 
//nullstudy_16
//Subjects=9
8  6  38 
16  20  56 

//Reference=MNI 
//nullstudy_17
//Subjects=9
0  64  -8 
-38  -42  36 
8  58  24 

//Reference=MNI 
//nullstudy_18
//Subjects=9
-8  50  8 
-36  -48  -36 

//Reference=MNI 
//nullstudy_19
//Subjects=12
-46  50  -14 
-34  -16  62 
30  28  30 
-12  4  68 
-26  -82  46 
-6  -54  22 
-12  18  44 
-42  2  46 
6  22  -6 
-28  -20  56 
-16  -52  -2 
52  36  12 
-24  -56  -16 
-36  -42  -16 
-44  -84  0 
-12  28  -18 

//Reference=MNI 
//nullstudy_20
//Subjects=8
-60  -62  -2 
-4  -58  -64 

//Reference=MNI 
//nullstudy_21
//Subjects=10
-38  -70  22 
-2  -70  0 
12  28  -18 
-16  -22  -4 
-52  10  26 
-60  -48  6 

//Reference=MNI 
//nullstudy_22
//Subjects=10
-10  4  -8 
-52  -54  -26 
-12  -58  -30 
-50  24  -4 
-16  -66  52 
-22  60  -2 
-56  26  8 

//Reference=MNI 
//nullstudy_23
//Subjects=10
-4  -28  64 
26  46  -14 
-48  2  -2 
-54  -48  -36 
-10  -30  -40 
44  42  2 
-34  -62  46 
-6  -78  -6 
24  26  46 
-8  -68  30 
-6  -50  -48 
-8  54  -22 
-34  -82  10 
-38  48  6 

//Reference=MNI 
//nullstudy_24
//Subjects=10
-24  48  30 
-8  -22  52 
-44  -56  -58 
-34  -64  32 

//Reference=MNI 
//nullstudy_25
//Subjects=10
-2  -52  22 
-6  -72  -14 
-10  -82  -48 
-20  -86  -16 
8  12  -2 
-26  -98  -16 

//Reference=MNI 
//nullstudy_26
//Subjects=10
-24  -38  -40 
-56  6  -22 
-40  -70  -36 
-62  -30  -28 
-4  -70  -38 

//Reference=MNI 
//nullstudy_27
//Subjects=10
-24  36  -20 
-10  -76  -2 
40  26  -20 
-30  -50  36 
-60  4  8 
10  10  -26 
-48  -52  -50 

//Reference=MNI 
//nullstudy_28
//Subjects=10
-4  -6  6 
12  58  10 
32  38  42 
-64  -36  40 

//Reference=MNI 
//nullstudy_29
//Subjects=8
42  30  -20 
-14  -100  -4 

//Reference=MNI 
//nullstudy_30
//Subjects=12
-20  -38  24 
38  38  6 
-20  16  -30 
-54  -52  22 
-22  20  -20 
-54  -38  -18 
-34  -78  -30 
-46  0  -36 
-56  -12  46 
8  52  24 
-34  -40  -2 
26  22  -10 
-6  -66  -36 
24  56  28 
-20  -88  -36 
-58  -40  -12 
-34  -68  -44 
0  38  6 
26  62  16 
-2  -24  -34 
-10  -48  -6 
-2  50  46 
-60  2  0 
-44  34  -14 
-48  -42  -28 
-18  -30  56 
-48  -66  24 
-8  -18  -30 
-50  -26  54 
-18  -66  46 
-10  -28  78 
38  18  28 
-38  -24  64 
-26  -54  60 
30  26  44 
-14  -74  -22 

//Reference=MNI 
//nullstudy_31
//Subjects=11
-22  32  -26 
-8  -80  -52 
-46  44  -2 
-44  -6  -26 
-2  50  -22 
-6  -18  18 
24  30  -18 
-52  20  22 

//Reference=MNI 
//nullstudy_32
//Subjects=10
-20  -44  60 
32  20  30 
-26  -78  28 
12  70  -2 

//Reference=MNI 
//nullstudy_33
//Subjects=10
-36  34  24 
-48  14  6 
-10  20  -26 

//Reference=MNI 
//nullstudy_34
//Subjects=9
-8  -26  -22 
-44  -50  -36 
-20  -56  -64 

//Reference=MNI 
//nullstudy_35
//Subjects=11
-50  -76  30 
38  32  10 
20  16  4 
-22  -36  22 
-38  -30  -10 
16  38  -24 
-28  -58  -58 
10  62  6 
8  38  12 

//Reference=MNI 
//nullstudy_36
//Subjects=11
-58  -24  -22 
-16  26  58 
-8  -92  -32 
-28  -90  14 
-26  -56  -26 
-26  -26  48 
-26  -40  44 
-54  -48  -10 
-70  -36  0 
-6  2  0 

//Reference=MNI 
//nullstudy_37
//Subjects=8
-40  34  36 
36  10  16 

//Reference=MNI 
//nullstudy_38
//Subjects=9
-54  -42  30 
-6  -38  -6 

//Reference=MNI 
//nullstudy_39
//Subjects=8
-62  -30  -30 
28  10  60 
-26  -12  -26 

//Reference=MNI 
//nullstudy_40
//Subjects=9
-6  24  26 
24  4  -46 

//Reference=MNI 
//nullstudy_41
//Subjects=11
-30  18  -6 
-40  8  -26 
4  36  22 
22  2  -28 
-22  38  -10 
-8  18  54 
-42  -68  14 
-2  -24  -50 
-12  -64  38 
-6  -26  52 
12  2  60 
-48  -38  -8 
-40  -38  58 
4  70  10 

//Reference=MNI 
//nullstudy_42
//Subjects=11
-42  54  8 
-18  -44  -44 
-28  -64  -18 
-46  -12  60 
-6  56  12 
10  58  -20 
-42  -12  -6 
8  24  22 
-44  4  58 
58  4  2 
-40  -66  -18 
-68  -50  -2 
52  20  0 
-10  -10  18 
-24  28  -12 
-18  -60  -30 
-18  -20  -28 
-8  -22  -6 

//Reference=MNI 
//nullstudy_43
//Subjects=9
-2  -70  -20 
-56  -4  -36 

//Reference=MNI 
//nullstudy_44
//Subjects=11
-44  -70  24 
-16  -30  78 
-36  32  42 
-48  -30  -24 
16  56  -16 
-6  -62  48 
-50  -4  -38 
-66  -26  12 
8  64  6 
-50  -56  -48 
-50  4  4 

//Reference=MNI 
//nullstudy_45
//Subjects=11
-36  32  -2 
-28  -74  -10 
-8  0  -32 
-28  -52  58 
-18  -58  -26 
-10  -42  78 
-42  -54  20 
-54  -6  30 
-18  -94  20 
-58  -60  2 
-56  -4  -18 
0  20  58 
4  36  16 
-38  -16  20 
-20  -78  -50 
-22  -56  50 
-6  -70  -8 
-56  32  4 
-2  2  42 
-2  -52  72 
-32  40  34 
-32  -76  52 
-32  0  -42 
48  38  22 
-16  -70  -60 
-30  10  -32 
-48  24  20 
-6  -82  6 
-36  14  34 

//Reference=MNI 
//nullstudy_46
//Subjects=9
-34  -24  62 
-22  -74  2 

//Reference=MNI 
//nullstudy_47
//Subjects=10
-42  -20  42 
-58  -4  42 
-56  -34  -2 
6  64  26 
30  18  -42 
-60  -64  2 
-14  0  -38 
-20  12  54 
-70  -42  4 

//Reference=MNI 
//nullstudy_48
//Subjects=9
-44  -84  -6 
-10  -36  -50 
6  8  12 

//Reference=MNI 
//nullstudy_49
//Subjects=10
32  16  -26 
14  8  -14 
-48  -6  0 
-46  -38  -18 
-12  -56  -40 
-2  -18  -40 

//Reference=MNI 
//nullstudy_50
//Subjects=10
-54  -14  28 
-42  -80  38 
-12  48  6 
-22  -66  -32 
38  6  -38 

//Reference=MNI 
//nullstudy_51
//Subjects=10
8  14  32 
-2  -66  42 
18  12  60 
-32  4  12 
8  68  12 
-6  -42  -20 
-60  8  -4 

//Reference=MNI 
//nullstudy_52
//Subjects=10
-10  -64  28 
12  14  -20 
18  24  42 
-20  -8  64 
12  10  -8 
-40  -78  18 
-34  18  20 

//Reference=MNI 
//nullstudy_53
//Subjects=10
-2  46  8 
-40  46  16 
-10  -78  -6 
0  10  30 
-8  -48  48 
-10  -48  -32 

//Reference=MNI 
//nullstudy_54
//Subjects=10
-32  30  10 
-38  -2  4 
44  16  30 
-30  10  30 
18  64  -8 

//Reference=MNI 
//nullstudy_55
//Subjects=10
-40  2  50 
-6  -68  -38 
-56  -60  -28 
-6  -4  64 
-28  -54  -32 
-44  -14  -4 

//Reference=MNI 
//nullstudy_56
//Subjects=11
-6  -92  30 
-14  -86  12 
-14  26  48 
-32  -38  44 
-54  -52  -40 
-12  42  36 
28  22  52 
14  2  22 
-2  -90  34 
-52  -36  20 

//Reference=MNI 
//nullstudy_57
//Subjects=10
-16  -60  42 
-38  -6  -10 
-2  -42  46 
-34  32  -2 
-36  -96  -8 
6  22  38 
-20  26  -26 
54  38  8 

//Reference=MNI 
//nullstudy_58
//Subjects=10
4  24  30 
18  42  32 
-10  32  -18 
-24  30  -10 
16  26  10 
-42  -62  12 
-48  2  12 
-42  -4  -38 

//Reference=MNI 
//nullstudy_59
//Subjects=10
-12  0  72 
34  2  8 
20  64  20 
-8  -90  -26 
-42  -86  22 
-6  -48  -68 

//Reference=MNI 
//nullstudy_60
//Subjects=11
-12  -58  28 
-6  -62  -42 
-10  -58  34 
-38  -32  -26 
-36  -12  66 
-30  20  -14 
-52  6  6 
-8  26  52 
60  16  26 
-24  -62  -56 
-62  6  2 
-10  14  -16 
-54  -14  8 
38  32  6 
-48  -60  -28 
-46  24  -24 
-40  -18  44 
-22  -100  -6 

//Reference=MNI 
//nullstudy_61
//Subjects=8
-8  -70  12 
-20  -70  46 

//Reference=MNI 
//nullstudy_62
//Subjects=8
-20  -22  -26 
36  16  -20 

//Reference=MNI 
//nullstudy_63
//Subjects=11
-30  6  -4 
-60  -40  -8 
-48  -48  20 
2  26  42 
-46  -34  54 

//Reference=MNI 
//nullstudy_64
//Subjects=11
18  38  54 
-14  -68  54 
-12  -24  -12 
-58  -28  8 
8  60  14 
-32  -64  -22 
-20  2  -44 
-26  16  -38 
44  56  -10 

//Reference=MNI 
//nullstudy_65
//Subjects=12
-48  -42  22 
0  28  -16 
-32  -4  50 
-18  -90  -16 
-12  -82  -10 
20  6  -26 
-6  46  -26 
36  56  -16 
0  8  74 
-26  50  40 
-40  44  28 

//Reference=MNI 
//nullstudy_66
//Subjects=11
-24  -52  -24 
-20  -36  -2 
2  48  40 
-6  -12  70 
46  12  -34 
-50  -78  8 
46  54  2 
-12  -36  -48 
30  16  12 
-6  14  34 
52  14  32 
-12  -72  32 
-14  -58  10 
-40  -78  -40 
-6  -42  -50 
40  22  -16 
-14  -64  36 
-28  18  -12 
-2  -32  54 
-52  -10  -42 
-60  -30  10 
-46  6  56 
-34  22  26 
-4  -16  78 
-4  -48  -62 
16  46  -2 
-54  -64  -28 
6  12  34 
-28  -18  10 
-42  46  0 
-2  -10  4 
-20  -60  4 
-10  -2  78 
28  22  56 

//Reference=MNI 
//nullstudy_67
//Subjects=11
-56  -50  26 
48  44  20 
-66  -54  0 
22  4  50 
-16  -8  56 
-22  -20  -16 
-56  10  30 
-26  -48  12 
-46  -52  -44 
-40  -82  12 
50  8  42 
-24  -52  -34 
30  38  40 

//Reference=MNI 
//nullstudy_68
//Subjects=11
-48  4  -32 
-32  -58  50 
-18  26  10 
12  22  12 
-32  -46  -44 
-36  -24  18 
-34  -50  -28 
-12  -2  74 
-42  14  52 

//Reference=MNI 
//nullstudy_69
//Subjects=10
-60  8  12 
-14  6  22 
-12  -48  50 
-12  -20  -12 
-68  -32  24 
-32  -32  50 
-46  -36  50 
10  50  -14 
-14  -86  6 
-6  -56  4 

//Reference=MNI 
//nullstudy_70
//Subjects=12
-30  -38  66 
20  10  -22 
36  6  -26 
28  24  34 
-26  66  10 
-34  36  -16 
-40  30  42 
-44  -78  0 

//Reference=MNI 
//nullstudy_71
//Subjects=10
4  36  38 
-38  -68  -46 
-14  44  10 
-56  8  -14 
40  26  2 
-38  38  42 
-32  14  28 
-30  -50  34 
-22  -40  -48 
-34  -20  16 
-10  -4  48 
-46  -28  54 
-40  -26  8 
-16  -18  78 
-40  0  -14 
-26  -28  -30 
-30  -48  32 
-34  24  -32 
-32  44  -8 
-38  -30  -28 
-2  20  54 
-56  2  10 
-18  -4  66 
-22  -20  -22 
-32  -56  0 
-8  -36  -28 
-8  -52  16 
6  46  30 
-26  -56  -62 
-16  22  -4 

//Reference=MNI 
//nullstudy_72
//Subjects=11
-32  58  -14 
-44  -66  -50 
-8  18  -22 
14  2  68 
-30  18  -30 
-30  -46  -60 

//Reference=MNI 
//nullstudy_73
//Subjects=10
-60  -10  24 
-22  -86  -2 
-48  -16  -42 
-50  28  14 
42  2  44 
2  36  4 
-4  -58  -50 
-42  -90  4 
4  24  30 
32  40  28 
26  16  -40 
-40  -4  -8 
-34  -72  -26 
18  6  64 
-50  10  -4 
-42  -36  -14 
2  26  -8 
-26  -64  -20 
-58  -14  2 
-32  -62  -60 
-60  -12  -24 
-26  -38  10 
-52  18  34 
-32  10  2 
36  8  -26 
-10  -66  -48 
40  30  48 
-16  -76  14 
10  24  66 
-24  -50  52 
-40  -36  54 
-28  26  -2 
6  42  -16 
-50  -40  -2 
34  46  40 
-52  -8  -6 
18  20  -28 
36  18  -22 
-6  0  2 
-54  6  12 
-6  30  -26 
-16  70  6 
-2  -44  -58 

//Reference=MNI 
//nullstudy_74
//Subjects=9
-14  -10  70 
60  2  -14 
-8  44  30 

//Reference=MNI 
//nullstudy_75
//Subjects=10
-30  -52  42 
-14  62  -16 

//Reference=MNI 
//nullstudy_76
//Subjects=11
-16  -8  74 
-6  -38  -28 
-40  48  -12 
-18  -86  42 

//Reference=MNI 
//nullstudy_77
//Subjects=12
-42  -8  16 
-44  -6  -46 
-28  64  14 
-20  -60  20 
-2  34  52 
-12  -22  76 
6  48  -14 
-36  -70  -44 
26  42  -22 
-22  -74  -24 
44  48  -8 
38  12  4 
-20  -22  4 
-26  -40  -54 
-58  -26  52 
-6  -66  24 
-2  -82  40 

//Reference=MNI 
//nullstudy_78
//Subjects=11
44  16  38 
-2  -8  60 
-42  32  26 
10  16  -16 
20  26  -20 
-34  54  20 
-20  22  46 
-24  20  42 
-36  36  40 
-50  22  0 
8  58  -12 
2  16  10 
-12  -50  -64 
-20  54  14 
-4  54  18 
-22  -76  38 
-20  48  34 
38  36  -16 
-10  -66  -14 
38  40  -20 
58  30  14 
-66  -34  -4 

//Reference=MNI 
//nullstudy_79
//Subjects=8
-30  -6  62 
-8  -66  4 
-10  -52  74 
30  60  26 
-34  -8  60 
-34  -74  -48 
-4  -46  -46 
-6  -88  -10 
-34  10  10 
48  4  8 

//Reference=MNI 
//nullstudy_80
//Subjects=11
-20  -46  54 
28  10  -30 

//Reference=MNI 
//nullstudy_81
//Subjects=10
-32  32  14 
30  36  32 
2  46  -22 
34  20  58 
-4  -32  76 
-22  6  -44 
-4  36  -12 
-12  -68  -12 
-6  -40  78 
-58  4  10 

//Reference=MNI 
//nullstudy_82
//Subjects=8
-10  48  -12 
-36  32  32 
-32  -58  -56 
-30  -58  60 

//Reference=MNI 
//nullstudy_83
//Subjects=10
44  26  36 
-2  -66  64 

//Reference=MNI 
//nullstudy_84
//Subjects=9
0  58  0 
16  2  -44 
-48  -56  40 
-16  -84  -42 
24  8  10 

//Reference=MNI 
//nullstudy_85
//Subjects=10
-32  -78  6 
-28  58  -8 
-6  -18  74 

//Reference=MNI 
//nullstudy_86
//Subjects=10
-34  -60  -50 
52  10  4 
30  8  -36 
-2  -18  26 

//Reference=MNI 
//nullstudy_87
//Subjects=9
-22  46  20 
-36  -26  -28 
-22  -16  -22 
-32  2  -40 
-48  -28  -26 
-12  40  26 

//Reference=MNI 
//nullstudy_88
//Subjects=11
-58  -52  -34 
-36  30  6 

//Reference=MNI 
//nullstudy_89
//Subjects=11
54  4  -10 
-34  -86  -30 
-20  30  50 
-6  -72  16 
-32  -48  -60 
-40  -50  -34 
-20  -8  54 
-18  -8  66 
-38  -46  38 
-6  4  14 

//Reference=MNI 
//nullstudy_90
//Subjects=10
-28  -68  -32 
-48  -30  -4 
-16  -78  -16 
-60  -52  -26 
-22  -22  66 
-18  -36  -22 
-56  -12  -18 
-28  -10  -26 
-34  6  56 
24  48  20 

//Reference=MNI 
//nullstudy_91
//Subjects=10
-56  -44  -12 
-46  4  -26 
-10  -46  -28 
-14  -12  46 
18  36  -14 
-8  38  6 

//Reference=MNI 
//nullstudy_92
//Subjects=10
-30  -10  72 
-28  -42  36 
8  58  -26 
6  36  54 

//Reference=MNI 
//nullstudy_93
//Subjects=10
-14  -56  38 
26  18  -34 
-16  -106  2 
4  16  22 
-32  8  10 
-48  -22  36 

//Reference=MNI 
//nullstudy_94
//Subjects=10
-36  -78  24 
-4  -34  52 
24  26  -14 
-36  50  18 
-2  -88  -20 
-30  -34  -10 
-60  -28  16 
-18  -72  -56 

//Reference=MNI 
//nullstudy_95
//Subjects=10
-18  -48  54 
-46  -50  24 
-42  52  -2 
-32  -50  48 
-28  -60  2 
-32  20  2 
50  6  -38 
-12  -52  -60 
-32  -32  56 
-4  -82  -28 
-4  8  -16 
36  26  -34 
32  38  22 
-44  -14  0 
-16  -26  58 

//Reference=MNI 
//nullstudy_96
//Subjects=12
-14  54  -16 
-20  -26  -30 
-54  -18  16 
-24  -76  4 
-20  40  -10 

//Reference=MNI 
//nullstudy_97
//Subjects=12
56  20  -6 
-2  24  -28 
-16  -56  28 
-28  34  48 
-30  -22  6 
-16  -86  4 
-12  48  12 
-14  -34  46 
-22  -32  54 
-58  -38  38 
-4  -82  24 
-42  28  44 
62  20  10 
-16  -82  -32 
-28  -88  8 
50  44  -16 
12  42  4 
-34  -14  -4 
0  60  -12 
-60  -4  40 
16  52  38 
-44  2  -24 
-48  -46  -46 
-16  -64  -12 
48  8  -32 
-28  18  -20 
-24  8  -44 
-54  -16  10 
-34  60  16 
-44  12  38 
32  20  34 
-2  -66  12 
-8  -10  -26 
-30  30  6 
18  24  52 
-22  -40  8 
-66  -42  12 
-38  14  -34 
-44  -62  40 
4  26  16 
-38  2  8 
-26  -48  -10 
-44  -84  -6 

//Reference=MNI 
//nullstudy_98
//Subjects=8
-6  -36  -18 
-4  -66  -2 
-10  24  22 
-28  -28  -16 
-10  -62  -48 
4  50  -12 
-32  -82  -6 
-8  -60  -20 
-60  -64  24 
-12  -36  -26 
-50  14  38 
-40  -36  38 
26  52  40 
-28  50  -18 
50  14  14 
-14  -60  -44 
-36  -34  24 
16  16  18 
-20  12  0 
40  38  2 
-58  -66  20 
-2  0  22 
6  32  32 
-34  32  14 
30  48  -8 
-36  -72  42 
-18  18  48 
-8  28  -12 
-30  -10  64 
-6  -80  48 
-28  -94  -4 
-46  -28  52 
12  56  -2 
-46  46  -10 
54  18  8 
-46  -18  12 
-8  -78  -30 
30  6  -30 
-52  -48  -38 
-32  -24  -14 
-12  -30  66 
-44  -56  -38 
-44  16  52 
-32  -62  -40 
-24  -56  -54 
-26  14  -40 
-52  20  14 
-32  -38  -16 
-10  4  -36 
22  52  28 
22  48  14 
8  70  18 
-24  -80  26 
-2  -10  -8 
26  50  -8 
32  36  -10 
-44  -88  6 
-28  -74  -2 
-6  24  -24 
-36  -78  -42 
-48  -44  -44 
-26  -16  52 

//Reference=MNI 
//nullstudy_99
//Subjects=11
-58  14  4 
28  4  -6 
-14  -90  26 
2  32  46 
-18  20  4 
18  58  24 
22  24  46 
6  34  34 
22  58  0 
-56  14  22 

//Reference=MNI 
//nullstudy_100
//Subjects=9
-24  6  56 
-22  -44  62 

