//Reference=MNI 
//truestudy_1
//Subjects=11
45  -66  -8 
46  -66  -7 
47  -65  -7 
46  -66  -6 
45  -65  -6 
46  -67  -8 
46  -66  -6 
46  -68  -7 
47  -67  -7 
45  -65  -6 
46  -67  -6 
47  -65  -6 
46  -65  -4 
46  -65  -5 
47  -66  -5 
47  -66  -3 
45  -66  -6 

//Reference=MNI 
//truestudy_2
//Subjects=12
47  -66  -5 
46  -66  -5 
45  -67  -5 
44  -66  -7 
46  -66  -5 
47  -65  -6 
47  -67  -5 
47  -66  -6 
45  -66  -6 
46  -67  -9 
46  -66  -6 
47  -68  -5 

//Reference=MNI 
//truestudy_3
//Subjects=11
47  -66  -7 
43  -65  -6 
46  -64  -5 
47  -66  -5 
46  -65  -5 
46  -67  -8 
45  -67  -5 
46  -66  -7 
45  -65  -5 
47  -65  -4 
45  -67  -5 
45  -68  -5 
47  -65  -6 
46  -65  -6 
47  -66  -6 

//Reference=MNI 
//nullstudy_1
//Subjects=11
46  22  -30 
-36  -74  10 
-12  38  42 
-48  -30  14 
-14  -48  -28 
-12  -42  40 
-30  -78  -14 
6  32  0 
0  34  34 
-28  32  -20 
10  50  8 
-10  -74  44 
-54  24  10 
-42  -62  4 
-14  -52  66 
-42  -28  38 
36  16  -34 

//Reference=MNI 
//nullstudy_2
//Subjects=12
-46  -16  52 
-12  -90  34 
-30  8  -10 
-20  -66  -52 
-22  -70  -6 
42  46  26 
-8  36  52 
-2  -18  44 
-26  -96  -18 
-48  -20  -2 
-6  -90  16 
-20  -60  56 

//Reference=MNI 
//nullstudy_3
//Subjects=11
-24  -34  52 
-12  -12  -38 
-44  40  14 
-54  -38  42 
-54  -4  4 
-58  -58  20 
-6  -24  -24 
-4  -2  8 
-18  -72  -60 
28  30  58 
-6  -12  -14 
-4  10  -28 
42  40  34 
34  52  2 
4  24  44 

//Reference=MNI 
//nullstudy_4
//Subjects=9
-2  0  4 
-10  -76  -32 

//Reference=MNI 
//nullstudy_5
//Subjects=10
-2  -38  -48 
52  2  -34 
-54  2  -10 
-8  -12  38 
-10  -56  10 
-58  12  -12 

//Reference=MNI 
//nullstudy_6
//Subjects=10
52  6  40 
32  28  30 
-40  -28  38 
-38  -10  66 
26  6  -10 
26  40  44 
36  50  18 
2  42  50 

//Reference=MNI 
//nullstudy_7
//Subjects=11
-48  -38  -28 
-34  -42  56 
-32  -58  -14 
-32  -46  44 
-8  60  0 
10  28  28 
-6  -50  -50 
14  44  -10 
40  58  2 
-10  -28  50 

//Reference=MNI 
//nullstudy_8
//Subjects=11
38  30  -6 
-20  -18  -20 
-50  -2  -42 
-46  -28  -20 
6  22  8 
-6  -2  54 
14  42  50 
-6  32  42 
-60  -24  -10 
18  58  -20 
52  38  16 
-34  -24  42 
-30  -54  -40 
36  42  -10 
-50  2  -22 
-34  -46  -40 
-8  -76  56 
-4  -20  -28 
-66  -44  22 
-46  -50  -2 
-12  -2  72 
-12  62  26 
-8  54  24 
-24  -74  -56 
-18  -12  22 
-18  22  -18 
-58  -32  -30 
50  4  30 
-30  -66  -44 
-14  -88  44 
48  10  10 
40  20  -2 
-44  -4  18 

//Reference=MNI 
//nullstudy_9
//Subjects=11
-48  -80  22 
-18  -94  -10 
8  50  -26 
-58  10  -18 
-40  -18  10 
-6  -44  -16 
-4  -14  6 
-14  -20  -16 
-16  -78  42 
-44  -8  -4 
-2  -18  54 
-2  58  -18 
40  22  26 
-20  32  -14 
4  24  42 
20  36  52 
-30  24  48 

//Reference=MNI 
//nullstudy_10
//Subjects=12
-30  -22  8 
42  2  34 
-42  -54  -24 
6  64  26 
14  46  16 
34  30  -16 
-54  8  8 
-46  -28  34 
-58  -12  -40 
-34  -70  44 
-4  20  -2 
36  28  38 

//Reference=MNI 
//nullstudy_11
//Subjects=11
-56  -20  50 
-18  -26  2 
-16  -66  -40 
34  56  -10 
-62  -50  12 
-48  -62  20 
-40  26  -6 
-40  -4  -36 
-44  -46  -30 

//Reference=MNI 
//nullstudy_12
//Subjects=11
56  10  -28 
-16  -54  52 
-46  0  12 
-18  -52  -58 
-28  0  6 
-18  -62  -46 
-52  -44  24 
14  10  8 
-58  -44  -14 
-32  -58  -22 

//Reference=MNI 
//nullstudy_13
//Subjects=11
-16  -42  62 
-50  -72  -12 
0  32  -14 
-22  -8  -24 
-42  -26  2 
-48  28  -4 
-6  6  52 
-38  -50  32 
-6  4  -16 
-6  -50  -66 
-10  66  20 

//Reference=MNI 
//nullstudy_14
//Subjects=11
-20  -68  58 
-26  -60  56 
-12  -54  -56 
-54  -38  12 
40  40  -14 
-28  32  -20 
-20  8  -10 
-58  -2  40 
-12  -2  46 
-32  -26  72 
-26  -84  44 
22  68  -8 
4  42  28 
-24  -28  76 
-64  4  12 
-2  2  -8 
-18  -84  22 
-18  -34  8 
42  24  44 
-2  -56  -64 
-2  -88  -28 
36  12  56 
-10  -70  -2 
-44  -78  -20 
50  10  50 
42  18  18 
34  4  4 
-36  -48  -24 
-34  -66  30 
-26  -80  -40 
-34  46  -10 
-34  -76  36 
-2  -52  4 
-6  -24  20 
-44  -6  -8 
-8  -72  38 
-44  12  2 
4  30  34 
-48  -12  4 
-32  50  30 
-8  -44  -50 
-6  14  -12 
28  2  60 

//Reference=MNI 
//nullstudy_15
//Subjects=11
-22  -90  16 
-2  -70  42 
4  18  -18 
-8  -74  14 
-48  10  36 
-20  -16  -32 
-62  -28  12 
-12  -86  14 
-42  -32  -14 
28  8  10 
-14  -90  -36 
-64  -52  20 
-64  -14  -6 
64  4  28 
60  6  -24 
-42  -46  -28 
52  26  6 
42  2  30 
-50  -48  -2 
-8  -58  4 
-52  -32  24 

//Reference=MNI 
//nullstudy_16
//Subjects=9
16  6  -14 
52  32  2 
-50  32  16 

//Reference=MNI 
//nullstudy_17
//Subjects=12
-4  40  -32 
-48  -18  50 
-34  20  -24 
-22  -50  -38 
-30  -24  74 
4  42  48 
-6  -30  -32 
-60  4  -24 
-62  -56  10 
-8  -100  -12 
-8  -20  -10 
-12  -86  18 
-50  4  -30 
-30  -58  -16 
-64  -26  10 

//Reference=MNI 
//nullstudy_18
//Subjects=9
-2  -96  -4 
28  28  0 
-38  -4  36 

//Reference=MNI 
//nullstudy_19
//Subjects=11
-12  38  -12 
18  40  34 
32  22  60 
-16  -64  32 
-42  -72  -52 
42  26  -12 
-36  48  26 

//Reference=MNI 
//nullstudy_20
//Subjects=11
-48  42  -4 
28  16  62 
-10  -78  -52 
-52  -12  -34 
-6  -66  -6 
-18  -62  -60 
-42  -20  -26 
-28  6  50 
-20  -82  44 
-62  -46  2 
-44  44  16 
36  24  -8 
50  2  24 

//Reference=MNI 
//nullstudy_21
//Subjects=10
-56  10  40 
34  20  10 
-14  -70  42 
28  46  -18 
22  18  48 
44  10  -44 

//Reference=MNI 
//nullstudy_22
//Subjects=11
-2  32  38 
-12  -76  36 
32  44  30 
-68  -42  -16 
-14  -48  48 
40  22  50 
-16  4  -30 
-52  -32  36 
-34  12  8 
-6  0  -30 
16  4  -10 
-38  8  -12 
-22  -42  72 
26  4  -14 
6  40  -28 
-4  58  20 
-62  -34  10 
-10  -30  -20 
-54  -20  30 
-26  -46  -4 
-6  -60  6 

//Reference=MNI 
//nullstudy_23
//Subjects=11
-44  -44  18 
-14  40  54 
48  10  -8 
-66  -32  36 
-34  2  32 
-50  -30  44 
4  6  46 
-36  4  48 
-48  -30  4 
-46  22  -10 
-62  -28  -22 
-40  -4  -44 
54  2  50 

//Reference=MNI 
//nullstudy_24
//Subjects=12
38  12  -44 
-50  -50  16 
48  42  8 
-12  -82  18 
-14  40  -24 
0  10  -6 
-28  -48  -34 
14  56  40 
-30  -10  -38 
-56  -58  20 
12  42  42 
-28  18  36 
12  42  22 
-16  -68  62 
-6  -64  -16 
-12  32  18 
38  14  38 
-26  -38  72 
18  68  -12 
-24  12  -18 
-54  -62  -34 
10  8  8 
-2  8  0 
-14  -58  -2 
2  48  50 
-26  14  44 
24  42  48 
-46  -24  -32 
-14  -36  -2 
-28  32  44 
-34  -24  44 
16  52  22 
-4  -36  74 
-10  -42  4 

//Reference=MNI 
//nullstudy_25
//Subjects=12
40  32  -8 
-50  -68  28 
-16  -32  -32 
-40  -52  -20 
-32  -2  44 
-10  -10  6 
-40  6  60 
-4  -46  52 
-16  -58  -40 
-10  0  40 
-40  -52  -58 
32  30  -2 
-18  -48  -46 
-40  -8  -42 
4  4  -30 
-12  -4  38 

//Reference=MNI 
//nullstudy_26
//Subjects=12
-54  6  40 
-18  40  -14 
-64  4  24 
-48  -48  -40 
-56  -66  24 
-26  54  -12 
-12  -24  12 
-40  -46  -30 
-20  40  -24 
-50  -24  18 
-54  20  18 
-50  -38  30 
44  4  42 
-34  -86  4 
34  36  20 
46  10  -10 
-24  -54  60 
-22  38  -16 
-34  -74  36 
4  20  34 
-26  24  0 
-46  -16  -34 
-58  -28  42 

//Reference=MNI 
//nullstudy_27
//Subjects=8
-50  28  -16 
-12  -2  48 

//Reference=MNI 
//nullstudy_28
//Subjects=11
4  20  58 
-10  -100  -20 
-20  0  6 
-20  14  52 
-14  -44  76 
-4  24  32 
-50  -26  -4 
-30  -10  -36 
34  14  -16 
-22  -90  20 
-8  26  52 
0  6  70 
54  30  24 
-28  44  22 
-22  2  -26 
-50  -12  -10 
-30  58  0 
-8  -78  0 
-32  52  14 
-56  -2  18 
-6  34  2 
10  62  -24 
-54  34  -10 
18  68  -12 

//Reference=MNI 
//nullstudy_29
//Subjects=10
4  34  14 
-24  -86  -26 
-54  -64  -32 
-48  -38  56 
-16  -64  46 
-6  -16  -26 

//Reference=MNI 
//nullstudy_30
//Subjects=10
-8  22  28 
-10  -60  -24 
-8  -56  -40 
28  34  -24 
42  2  48 

//Reference=MNI 
//nullstudy_31
//Subjects=10
10  4  -22 
-26  -58  66 
-36  -54  56 
-16  -36  44 
-60  -42  36 

//Reference=MNI 
//nullstudy_32
//Subjects=10
-44  24  34 
-34  -30  24 
-62  -8  24 

//Reference=MNI 
//nullstudy_33
//Subjects=9
-18  -20  -2 
-54  -66  32 

//Reference=MNI 
//nullstudy_34
//Subjects=9
-4  26  14 
-20  18  4 
10  42  -16 

//Reference=MNI 
//nullstudy_35
//Subjects=10
-28  -60  38 
-42  30  8 

//Reference=MNI 
//nullstudy_36
//Subjects=10
-40  -46  -44 
22  24  -22 
-38  -2  6 
-2  48  -10 
-6  -36  38 

//Reference=MNI 
//nullstudy_37
//Subjects=12
-40  -56  26 
2  50  34 
-44  -32  -4 
-56  -68  18 
36  16  -2 
-50  -16  16 
-44  -14  -44 
-16  48  2 
-68  -16  28 
-28  -94  6 
-8  -54  68 
-48  -30  48 
-48  -64  30 
-52  -38  40 
-44  38  12 
38  24  46 

//Reference=MNI 
//nullstudy_38
//Subjects=9
-4  -8  -8 
-40  -16  8 
-60  0  22 

//Reference=MNI 
//nullstudy_39
//Subjects=12
-46  -80  10 
-50  -18  4 
-48  -58  -22 
-26  -24  -18 
-48  14  -24 
-14  -70  -18 
14  26  54 
-32  -2  -8 
28  4  -32 
-30  24  2 
4  50  38 
-40  -72  -4 
-46  -8  40 
-16  -40  38 
-58  6  -8 
-52  -24  -4 
28  12  44 
-20  36  -14 
-8  -76  -40 
-40  -30  16 
32  20  52 
-42  -62  -10 
-68  -28  14 

//Reference=MNI 
//nullstudy_40
//Subjects=9
-26  -30  70 
-48  -24  18 

//Reference=MNI 
//nullstudy_41
//Subjects=10
-10  -64  20 
-14  -82  -30 
30  2  -28 
-36  18  40 
52  30  20 

//Reference=MNI 
//nullstudy_42
//Subjects=9
38  4  2 
50  26  14 
-24  44  -18 

//Reference=MNI 
//nullstudy_43
//Subjects=10
-52  -14  -16 
16  38  -26 
-14  -40  64 
-30  0  58 
-10  40  40 
56  22  18 
-22  10  54 
-2  -82  32 
-8  -70  -16 
-32  16  56 
-8  -94  14 
-14  30  54 
-8  -8  10 
-38  -60  -4 
-38  26  24 

//Reference=MNI 
//nullstudy_44
//Subjects=11
-24  -36  -14 
-32  -80  -34 
-18  0  -26 
-8  -60  -10 
-56  -18  46 
-40  -24  -28 
-22  -94  0 
-8  -52  -44 
50  38  -12 
10  8  -2 
-38  -56  40 
-32  28  46 
-4  -8  70 
-14  56  -22 
-42  -18  -36 
-2  -30  -32 
-8  -42  -52 
-4  28  16 
-62  -12  30 
-44  -58  24 
46  12  -40 
-32  -16  -8 
-58  -56  -6 
-6  -20  16 
-48  0  10 
-4  4  58 
-18  -80  46 
-36  14  2 
-18  12  50 

//Reference=MNI 
//nullstudy_45
//Subjects=10
-30  -82  -16 
-36  -52  62 
-38  -12  -22 
-14  -46  -30 
-2  -26  66 

//Reference=MNI 
//nullstudy_46
//Subjects=9
-36  -20  2 
-40  12  12 

//Reference=MNI 
//nullstudy_47
//Subjects=10
-34  38  32 
-42  -66  0 
36  6  24 

//Reference=MNI 
//nullstudy_48
//Subjects=10
-36  -18  52 
-40  22  -38 
44  8  -18 
0  28  -4 
6  60  22 
10  36  -28 
-8  -52  0 

//Reference=MNI 
//nullstudy_49
//Subjects=10
-50  -14  36 
-24  -48  2 
32  8  38 
-14  -44  34 
-50  -12  42 

//Reference=MNI 
//nullstudy_50
//Subjects=10
-4  -86  40 
-10  52  30 
-66  -48  26 
-52  -14  -34 
48  46  2 
16  8  58 
-62  6  28 
-38  -8  52 

//Reference=MNI 
//nullstudy_51
//Subjects=9
16  42  -6 
-62  -20  -10 

//Reference=MNI 
//nullstudy_52
//Subjects=10
-12  -14  54 
6  28  58 
50  16  38 

//Reference=MNI 
//nullstudy_53
//Subjects=11
-2  -36  66 
-10  4  64 
-32  46  12 
-18  -70  10 
12  10  20 
-16  18  -28 
6  24  18 
8  4  32 
18  4  14 
-34  -4  -42 
-42  26  6 
-18  -92  -28 
-32  14  -46 
6  34  28 
-60  -14  24 
-24  -2  -20 
-52  -14  4 
-50  -54  -30 
-36  -26  0 

//Reference=MNI 
//nullstudy_54
//Subjects=10
-52  -20  52 
-8  -106  4 
18  4  24 
-44  -38  -26 
-36  -46  -30 
-2  38  -2 
12  18  56 
-12  -96  -14 
-14  -60  8 
-58  18  22 

//Reference=MNI 
//nullstudy_55
//Subjects=11
40  56  -2 
-20  -60  34 
-18  -86  24 
-20  -94  8 
36  64  6 
22  46  20 
-18  8  66 
-40  -72  -54 
-30  -66  -50 
-2  -84  16 
-28  -22  66 
-42  -58  -22 
-32  -26  22 
-6  -40  56 
-44  -56  26 
-6  -14  58 
-46  -80  -18 
-36  -62  36 
14  26  -24 
-18  -98  4 

//Reference=MNI 
//nullstudy_56
//Subjects=11
-64  -6  34 
-20  -36  8 
-2  -20  -44 
-32  -50  -24 
36  18  -2 
44  44  -10 
-6  26  -24 
-12  70  -6 
-56  8  -20 
-14  -56  36 
-52  -70  -14 
-26  14  -42 
-54  30  10 

//Reference=MNI 
//nullstudy_57
//Subjects=8
62  8  -8 
-6  44  20 

//Reference=MNI 
//nullstudy_58
//Subjects=9
-26  -76  54 
-32  -76  -10 

//Reference=MNI 
//nullstudy_59
//Subjects=8
-4  44  -24 
-2  28  16 
-50  -80  10 

//Reference=MNI 
//nullstudy_60
//Subjects=9
-2  -28  -2 
-48  18  -30 
-16  16  -12 
-38  6  52 

//Reference=MNI 
//nullstudy_61
//Subjects=10
-22  24  46 
-18  -24  74 
-4  52  34 
-56  -24  18 

//Reference=MNI 
//nullstudy_62
//Subjects=12
34  62  0 
-24  -6  -44 
-42  2  38 
-14  20  -30 
-46  -72  8 
-4  -24  -24 
-36  -40  64 
-2  30  -10 
-8  -26  48 
-4  -26  2 
-44  -20  66 
-56  -2  10 
-4  -42  -10 
-50  -70  18 
-22  -58  -28 
-14  -74  38 
60  10  12 
-12  50  -8 
-4  48  28 

//Reference=MNI 
//nullstudy_63
//Subjects=10
-50  -18  -6 
-30  50  16 
-30  -20  -4 
-18  12  -26 
-4  -42  72 
-30  -86  22 

//Reference=MNI 
//nullstudy_64
//Subjects=11
-28  -28  18 
-6  -68  8 
-24  -62  36 
-22  20  -14 
24  14  -38 
-48  4  46 
-4  -76  14 
-14  -54  -8 
8  70  8 
-22  -46  -10 
-20  -12  50 
-50  -44  -24 
18  14  52 
-44  48  10 
-40  -80  -10 
-26  -78  34 
-26  4  -16 
-42  6  12 
-26  -36  -26 
-6  -40  -48 
-6  -48  -44 
-2  -36  52 
-14  40  -6 
-12  -48  66 
-26  -16  -36 
-8  16  14 
8  32  64 
-30  14  -4 
6  36  48 
-42  -72  -44 
-18  -14  22 
40  42  34 
-6  -34  68 
-14  -28  -2 
-22  -68  -18 
-14  40  -24 
-22  2  12 
-20  -46  14 

//Reference=MNI 
//nullstudy_65
//Subjects=10
-12  -40  64 
-18  10  -30 

//Reference=MNI 
//nullstudy_66
//Subjects=10
-34  -56  24 
-10  68  16 
-42  -4  32 
30  46  10 
-58  -50  14 
-42  44  18 

//Reference=MNI 
//nullstudy_67
//Subjects=10
-26  -42  58 
-16  -72  24 
-28  -82  0 
-2  36  4 
-50  -60  26 

//Reference=MNI 
//nullstudy_68
//Subjects=9
40  30  32 
20  6  -48 
-40  -56  4 
-24  -76  -28 
-32  -60  -8 
-38  48  16 

//Reference=MNI 
//nullstudy_69
//Subjects=10
-8  -42  -62 
-10  -70  48 
16  62  -8 

//Reference=MNI 
//nullstudy_70
//Subjects=8
10  6  -28 
-26  -64  50 
-8  28  -14 
-34  -38  68 
12  42  44 
-8  -38  -50 

//Reference=MNI 
//nullstudy_71
//Subjects=10
14  4  48 
-40  -2  58 

//Reference=MNI 
//nullstudy_72
//Subjects=9
-20  24  -28 
-70  -22  -14 
-38  12  26 
-26  -10  72 
-14  20  -4 
42  30  6 

//Reference=MNI 
//nullstudy_73
//Subjects=12
-6  -32  -52 
-42  -46  52 

//Reference=MNI 
//nullstudy_74
//Subjects=11
-14  -50  38 
10  48  -20 
-16  -78  42 
36  12  -18 
-36  4  42 
-52  -38  -18 
28  22  56 
-20  10  68 
-10  -56  -64 
22  56  -8 
-8  -24  14 

//Reference=MNI 
//nullstudy_75
//Subjects=10
-2  46  22 
-30  -74  14 
-52  -20  14 
-14  -46  2 
-44  -28  22 
-58  -40  48 
-24  -44  -18 
40  34  44 

//Reference=MNI 
//nullstudy_76
//Subjects=10
-30  10  6 
-26  62  -8 
-4  -4  18 
-62  -36  10 

//Reference=MNI 
//nullstudy_77
//Subjects=9
-62  -56  22 
-30  52  -2 
-28  30  -14 
50  2  -32 

//Reference=MNI 
//nullstudy_78
//Subjects=9
-20  -86  40 
62  2  10 

//Reference=MNI 
//nullstudy_79
//Subjects=10
-42  -2  56 
-16  -46  58 
-28  -40  74 

//Reference=MNI 
//nullstudy_80
//Subjects=11
-68  -20  24 
-60  2  -28 
54  32  14 
-6  64  32 
-46  -44  -10 
-56  -2  -16 
-10  -22  -6 
0  24  -4 
-20  -30  -12 

//Reference=MNI 
//nullstudy_81
//Subjects=8
38  30  20 
-40  -52  -30 
-14  -2  70 
-22  -62  -34 
-32  -38  -22 
-30  -94  12 
-8  -42  28 
-22  16  -14 
6  64  30 
-16  -50  54 
58  6  20 

//Reference=MNI 
//nullstudy_82
//Subjects=10
-24  -70  38 
-12  -86  -8 

//Reference=MNI 
//nullstudy_83
//Subjects=12
-4  -2  22 
-40  -64  50 
-16  -96  -12 
12  58  -24 
-44  -26  26 
-2  16  52 
16  38  -28 

//Reference=MNI 
//nullstudy_84
//Subjects=7
-36  2  -34 
-4  -48  -30 
-6  -18  -26 
20  38  -14 
0  28  -12 
-2  -44  -16 
-48  -38  30 
-14  18  -14 
38  36  36 
-12  -18  26 
-62  -32  18 
-28  -64  60 
-50  -22  26 
-50  -74  2 

//Reference=MNI 
//nullstudy_85
//Subjects=9
-14  -58  64 
-38  8  36 

//Reference=MNI 
//nullstudy_86
//Subjects=11
-4  4  -28 
14  52  10 
-36  14  34 

//Reference=MNI 
//nullstudy_87
//Subjects=10
-2  -102  12 
-26  -46  64 
-40  -6  -44 
-40  34  -16 
22  26  44 
-30  -68  -18 
-18  -80  52 
-56  -16  30 
4  2  0 
-42  -66  -16 
-12  -74  22 
-10  -76  -8 
-66  -22  2 

//Reference=MNI 
//nullstudy_88
//Subjects=9
-6  54  42 
10  62  34 
-12  -20  36 
-44  -16  20 
-40  -62  36 
46  12  28 
18  8  -46 
-12  -6  64 
-14  -16  -30 

//Reference=MNI 
//nullstudy_89
//Subjects=11
64  6  -8 
-34  -76  20 

//Reference=MNI 
//nullstudy_90
//Subjects=8
-6  -30  -32 
-22  -94  -8 
-46  -62  16 
-12  -32  -40 
-56  4  -28 
-20  54  0 
-6  -22  4 
-16  -16  20 
40  32  4 
58  24  26 
4  14  16 
-28  -66  -28 
20  4  60 
-4  60  22 

//Reference=MNI 
//nullstudy_91
//Subjects=10
34  16  -20 
-28  30  -22 

//Reference=MNI 
//nullstudy_92
//Subjects=9
-16  12  -14 
-40  -48  10 
-34  -70  -38 
-24  -46  2 
2  24  64 

//Reference=MNI 
//nullstudy_93
//Subjects=8
-10  0  -38 
0  62  -14 

//Reference=MNI 
//nullstudy_94
//Subjects=11
-56  -52  -4 
-60  0  2 
-68  -48  -10 
56  8  42 
16  72  0 
-20  -102  8 
-48  8  -38 
-26  -38  -50 
-26  -38  -30 
-44  -78  16 
-38  -62  -46 
-40  -14  -22 
-18  -10  -16 
-18  -64  68 
30  34  -22 
-58  -12  14 
-32  -68  56 
-34  4  -38 
-34  28  8 
-18  -76  -28 
-4  -36  56 
-50  -34  -26 
-52  -40  32 
-30  18  48 
-12  -50  -56 
-2  -76  32 
-24  -44  -30 
-40  36  20 
-44  14  30 
-28  -64  -12 
50  40  0 
-38  -12  22 
-30  -56  38 
28  38  -12 
44  4  48 
40  48  6 
-34  16  -2 
-48  -42  56 
-30  -94  -12 
52  12  -26 
52  10  50 
14  2  -12 
-46  34  26 
-32  -16  60 
-12  8  50 
-24  -50  2 
22  8  -28 
-8  -72  36 
-44  -66  34 
-8  36  -2 
4  18  -26 
4  58  10 
-14  -62  -18 
32  2  6 
-44  -24  -24 
-48  30  -4 
-58  -14  -28 
-46  -26  32 
-44  30  14 
-12  -38  62 
-34  36  34 
-62  -2  0 
12  56  -20 
16  10  58 
-2  -70  42 
18  8  -46 
-18  64  0 
-4  -96  -6 
-42  -16  38 
-24  -40  -14 
-54  -28  30 
-8  -4  -36 
-48  -18  -12 
-6  44  46 
8  32  42 

//Reference=MNI 
//nullstudy_95
//Subjects=8
-20  -44  -18 
-30  -4  44 
48  46  -14 

//Reference=MNI 
//nullstudy_96
//Subjects=10
-8  30  16 
16  8  -24 

//Reference=MNI 
//nullstudy_97
//Subjects=10
38  44  24 
6  2  6 
18  16  4 
-4  -80  -48 
-26  -86  -28 
-60  -34  -30 
-68  -16  16 
-4  18  64 
-2  -44  -56 
-38  -14  -24 
-30  -62  64 
58  16  36 
48  42  8 
-32  -18  -16 
-38  20  54 

//Reference=MNI 
//nullstudy_98
//Subjects=11
-12  -24  36 
-38  -76  24 

//Reference=MNI 
//nullstudy_99
//Subjects=12
8  20  -20 
-18  -4  -34 

//Reference=MNI 
//nullstudy_100
//Subjects=10
-20  -66  58 
-48  42  2 
-24  6  -12 
-36  -4  -6 
-44  22  12 
-12  -14  -26 
-36  20  12 
-18  -18  -18 
-20  48  -12 
-8  -26  -32 
-8  -62  68 
-26  -36  -48 
-56  -48  -26 
-14  30  54 
36  60  -10 
28  42  12 
-26  -78  -10 
-44  34  -2 
-32  -82  -34 
-52  42  -6 
-32  -56  -56 
-20  6  -20 
42  48  6 
-62  -38  -26 
-42  -60  -50 
-6  -18  68 
8  66  -16 
-30  -66  -12 
-38  -54  52 
-68  -48  6 
-8  -104  -10 
-2  -46  -22 

