//Reference=MNI 
//truestudy_1
//Subjects=11
47  -65  -6 
45  -65  -7 
47  -67  -7 
47  -67  -4 
47  -66  -5 
46  -65  -6 
44  -65  -5 
44  -65  -5 
47  -65  -6 

//Reference=MNI 
//truestudy_2
//Subjects=10
47  -66  -8 
47  -68  -7 
45  -67  -5 
46  -66  -6 
46  -64  -5 
45  -67  -8 
44  -65  -7 
47  -66  -7 
44  -65  -5 
46  -66  -5 
45  -67  -7 

//Reference=MNI 
//truestudy_3
//Subjects=10
44  -66  -7 
47  -67  -5 
46  -67  -7 
45  -65  -6 
46  -67  -6 
48  -66  -6 
47  -66  -6 
46  -65  -6 
46  -66  -7 

//Reference=MNI 
//nullstudy_1
//Subjects=11
-32  -6  58 
46  34  -12 
-14  -82  28 
-36  -52  26 
-42  4  48 
-54  -4  0 
26  44  -20 
-48  -12  -26 
-12  -20  52 

//Reference=MNI 
//nullstudy_2
//Subjects=10
-24  6  58 
-30  38  42 
-58  -6  -6 
4  54  -2 
-24  -6  -10 
-32  2  -38 
-30  -62  -44 
-36  8  26 
-14  -36  -42 
-50  -8  -30 
-46  -46  -20 

//Reference=MNI 
//nullstudy_3
//Subjects=10
-36  -80  -40 
-46  -2  32 
-6  -88  24 
-14  -10  -12 
-54  -50  -12 
-42  -44  60 
-52  -68  34 
-10  70  12 
-24  -84  16 

//Reference=MNI 
//nullstudy_4
//Subjects=11
-24  -12  -10 
-34  56  22 
48  52  -8 
-18  -26  72 
-46  -34  -18 
-28  50  38 
12  18  70 
-16  -44  -38 
-46  -36  -2 
-42  -14  8 

//Reference=MNI 
//nullstudy_5
//Subjects=11
-20  48  30 
2  26  46 
-4  8  -6 
-12  -34  46 
54  34  14 
-38  44  -16 
38  52  22 
-20  -28  72 
-44  -56  -22 
-24  -32  -32 
-32  -58  -16 
-62  2  -18 
-4  66  8 
6  52  -30 

//Reference=MNI 
//nullstudy_6
//Subjects=10
-22  56  -6 
-30  -28  -6 
-8  -58  -18 
44  20  20 
-2  0  -32 
-6  -34  -38 
-20  -36  -38 

//Reference=MNI 
//nullstudy_7
//Subjects=10
-52  -60  -30 
-2  -102  -2 
0  50  20 
-40  -24  -24 
-42  -52  -32 

//Reference=MNI 
//nullstudy_8
//Subjects=8
50  38  28 
-6  -38  6 

//Reference=MNI 
//nullstudy_9
//Subjects=12
-44  4  -44 
-38  48  -10 
-6  10  50 
-46  -48  -28 
22  34  54 
-60  -22  0 
-18  60  0 
2  8  54 
12  18  70 
-34  -62  -8 
-34  12  -38 
-56  -46  10 
10  62  8 
-12  -52  -66 
-46  -10  -30 
-34  4  48 
-6  -74  -12 
-8  38  -30 
-36  -6  42 
-10  -92  -38 
-2  62  30 
2  12  46 
-22  -54  -50 
-44  -36  60 
-30  -54  -42 
-28  -6  -4 

//Reference=MNI 
//nullstudy_10
//Subjects=9
-24  -96  -12 
38  34  -2 
-18  12  68 
-4  -58  -50 

//Reference=MNI 
//nullstudy_11
//Subjects=8
0  48  -18 
-38  -72  -52 

//Reference=MNI 
//nullstudy_12
//Subjects=8
-22  -54  -52 
38  60  4 

//Reference=MNI 
//nullstudy_13
//Subjects=12
-4  10  52 
-62  -54  -22 
-42  -6  48 
-24  -14  -40 
0  32  -16 
6  18  64 
-6  -56  32 
-26  2  -44 
-2  -36  48 
48  4  -14 
-14  -30  -30 
-10  -62  -2 
-66  -36  0 
-42  14  34 
-36  -6  -40 
-28  -80  12 
-42  52  20 
16  8  66 
-26  60  -10 
-34  -22  -12 
-6  50  -24 
-48  -46  26 
-22  4  -20 
-54  -50  30 
-36  30  18 
-46  -60  -36 
-70  -34  10 
-56  -24  -30 
-46  -66  44 
-40  -36  20 
-4  70  -2 
-6  20  -12 
0  14  0 
-26  16  40 
-28  28  58 
42  4  -46 
0  26  42 

//Reference=MNI 
//nullstudy_14
//Subjects=10
-4  10  -4 
-24  60  18 

//Reference=MNI 
//nullstudy_15
//Subjects=12
-10  50  20 
-48  0  0 
-8  -44  -30 
-50  -44  40 
-22  16  52 
34  10  46 
-34  -8  64 
-14  -72  -52 
-58  -32  -16 
0  52  -12 
-22  -70  -20 
44  18  -36 
-28  8  12 
22  54  -2 
-6  -58  -32 
-2  -20  46 
-60  -18  30 
-8  -92  -4 
-20  12  -42 
-22  -62  -6 
-56  24  18 
-22  2  60 
-18  -98  10 
-6  2  0 

//Reference=MNI 
//nullstudy_16
//Subjects=11
22  64  4 
-64  -18  -2 
28  50  22 
44  14  2 
-8  -80  -52 
-20  -72  -20 
-38  32  20 
-14  -30  58 
-32  -16  18 

//Reference=MNI 
//nullstudy_17
//Subjects=10
34  10  50 
-58  -50  26 
-36  20  58 
-20  -82  18 
-46  -38  32 
-4  -32  68 
-8  46  10 
-10  42  32 
-62  -24  38 

//Reference=MNI 
//nullstudy_18
//Subjects=10
-16  -26  0 
-20  -72  -8 
-38  -60  -22 
-40  -60  -30 
-54  -48  22 
-18  48  -22 
-64  0  26 

//Reference=MNI 
//nullstudy_19
//Subjects=10
66  8  14 
-40  -10  -16 

//Reference=MNI 
//nullstudy_20
//Subjects=9
-36  -34  8 
50  38  12 
54  14  16 

//Reference=MNI 
//nullstudy_21
//Subjects=9
2  2  20 
-46  -82  -10 

//Reference=MNI 
//nullstudy_22
//Subjects=10
-46  -50  52 
4  26  16 
-6  -30  78 
-8  -36  38 
-18  -76  -18 
-2  36  -2 

//Reference=MNI 
//nullstudy_23
//Subjects=10
24  50  -12 
-10  38  -20 
-14  -20  64 
-38  -54  64 
-16  -84  -44 

//Reference=MNI 
//nullstudy_24
//Subjects=11
8  4  -28 
0  4  36 
-24  52  -2 
-2  -62  60 
-12  38  -14 
-52  2  -36 
52  40  16 
-8  -70  -48 
-4  -74  8 
-64  -4  -10 
-8  -72  44 
0  40  -30 
-28  -56  4 
-32  -46  40 
-34  22  -10 
12  38  2 
-68  -14  -14 

//Reference=MNI 
//nullstudy_25
//Subjects=10
-28  -60  -58 
-8  -36  8 

//Reference=MNI 
//nullstudy_26
//Subjects=9
-6  -40  68 
20  68  14 

//Reference=MNI 
//nullstudy_27
//Subjects=11
-60  -42  -8 
-62  -58  4 
-24  16  56 
-24  -82  24 
-16  -18  -26 
-30  -66  -16 
52  42  -4 
-8  -28  18 
-10  16  18 

//Reference=MNI 
//nullstudy_28
//Subjects=10
-28  30  36 
-4  -50  46 
-58  26  12 
-32  -80  16 
2  66  8 
-30  14  34 
8  2  32 
10  26  34 
-40  40  8 
-50  -38  32 
46  20  28 

//Reference=MNI 
//nullstudy_29
//Subjects=10
-14  -60  22 
-52  -34  22 
40  6  -12 
66  6  18 

//Reference=MNI 
//nullstudy_30
//Subjects=9
-46  -42  4 
-40  -76  4 

//Reference=MNI 
//nullstudy_31
//Subjects=10
-26  -74  -10 
-56  -64  -12 
-18  -86  -8 
32  12  42 

//Reference=MNI 
//nullstudy_32
//Subjects=10
-32  -40  -46 
-48  44  14 
58  4  -10 

//Reference=MNI 
//nullstudy_33
//Subjects=11
-56  -48  2 
-50  24  -12 
28  54  16 
-18  26  -14 
-30  -78  -10 
-52  -8  16 
-48  8  16 
-24  -22  -12 
36  32  -8 
-22  -12  -18 

//Reference=MNI 
//nullstudy_34
//Subjects=8
54  18  40 
4  14  34 
-6  32  30 

//Reference=MNI 
//nullstudy_35
//Subjects=11
-8  20  54 
-38  -46  -48 
-16  10  -14 
52  8  20 
-48  40  10 
-36  -78  34 
24  16  48 
-60  -56  -16 
-12  16  12 
-6  -10  54 
-42  44  22 
-10  -2  -26 
8  52  0 
-26  -88  14 
-48  -22  32 
-46  -72  34 

//Reference=MNI 
//nullstudy_36
//Subjects=10
-42  -72  26 
-42  -46  54 
-48  -12  -22 
-20  12  -4 
-4  32  40 
-16  -50  32 
46  22  22 

//Reference=MNI 
//nullstudy_37
//Subjects=10
-50  10  14 
-18  12  -26 
-62  -10  -22 
60  12  12 
-22  2  -18 
-6  -72  12 
-56  12  10 

//Reference=MNI 
//nullstudy_38
//Subjects=8
-40  48  22 
12  70  8 
-50  -38  42 

//Reference=MNI 
//nullstudy_39
//Subjects=9
-38  -78  -2 
-22  16  52 

//Reference=MNI 
//nullstudy_40
//Subjects=9
34  54  -14 
56  12  -32 
-4  20  -2 
-44  -62  -24 

//Reference=MNI 
//nullstudy_41
//Subjects=8
-50  -64  -16 
-30  -36  -48 

//Reference=MNI 
//nullstudy_42
//Subjects=10
-36  48  30 
-38  -76  40 

//Reference=MNI 
//nullstudy_43
//Subjects=11
-54  16  10 
-16  -50  68 
-4  70  14 
-26  -82  36 
-28  -38  -38 
-24  -62  -46 
-4  -52  24 
-20  -90  -2 
-18  -78  2 

//Reference=MNI 
//nullstudy_44
//Subjects=10
-44  -24  -28 
-8  26  -22 
-10  26  -12 
-40  -42  -46 

//Reference=MNI 
//nullstudy_45
//Subjects=10
54  2  12 
-14  -20  72 
-40  36  6 
-18  -34  58 
-32  38  -12 
-60  0  18 

//Reference=MNI 
//nullstudy_46
//Subjects=10
2  36  -30 
4  60  30 
-26  -84  -32 
-14  -32  20 
56  16  36 
-20  -80  -12 

//Reference=MNI 
//nullstudy_47
//Subjects=9
38  40  14 
2  10  -10 
-66  -20  -2 

//Reference=MNI 
//nullstudy_48
//Subjects=11
-64  -8  32 
-32  14  -34 
-48  4  0 
0  20  22 
56  22  2 
-10  -82  -34 
-16  34  50 
-38  -4  0 
-62  -56  -22 
2  4  14 
-44  -38  28 
-48  -36  52 
-8  -32  4 
-14  -68  -44 
-56  -6  -8 

//Reference=MNI 
//nullstudy_49
//Subjects=12
-44  -54  -58 
-44  -58  -22 
-16  28  -16 
-4  -20  80 
34  26  2 
-34  6  2 
-14  -86  -26 
36  6  60 
54  16  -12 
-12  28  0 
-32  -64  -36 
-46  -68  -20 
-6  2  6 
-28  20  36 
-26  -22  -28 
-62  -26  -32 
46  22  6 
-44  -32  66 
-4  10  66 
28  64  22 
48  30  34 
-52  -26  -10 

//Reference=MNI 
//nullstudy_50
//Subjects=10
-50  -34  -26 
-16  22  -18 
-56  -2  -4 
6  2  -30 
2  28  54 
-26  10  58 

//Reference=MNI 
//nullstudy_51
//Subjects=11
-28  22  -32 
-54  -22  -18 
-50  -30  10 
-40  46  28 
-24  -100  10 
-12  -40  -46 
-64  4  20 
-24  24  -28 
-46  -60  -6 
-44  34  -18 

//Reference=MNI 
//nullstudy_52
//Subjects=10
-8  -72  6 
10  2  -30 
8  26  -18 
54  10  30 
40  46  -16 

//Reference=MNI 
//nullstudy_53
//Subjects=11
-12  -54  8 
-24  -82  -12 
-36  -62  50 
-60  -26  8 
-12  0  -38 
36  10  2 
-36  -86  -14 
12  48  -10 
-32  -46  -54 
-34  44  0 
-38  -64  -52 
-12  -16  46 
-60  -14  2 
22  54  -4 
12  40  28 
-42  -14  66 
42  8  -14 
-6  -48  12 
24  28  44 
-66  -38  20 
-40  4  36 
-32  22  -34 
-32  20  50 

//Reference=MNI 
//nullstudy_54
//Subjects=10
-52  -42  -8 
-30  -54  2 
-20  -78  8 
44  54  8 
42  16  36 
-8  -82  -46 

//Reference=MNI 
//nullstudy_55
//Subjects=9
-28  -34  -16 
-50  -68  10 
-18  -100  14 
-52  38  2 

//Reference=MNI 
//nullstudy_56
//Subjects=11
-66  -20  6 
-52  -2  -2 
-2  52  -24 
-36  36  26 
-4  32  12 
-4  -28  0 
32  36  26 
-44  54  -6 
-2  -66  -44 
38  4  50 
-10  -50  58 
22  14  -34 
-12  12  54 
-24  56  2 
12  16  -30 

//Reference=MNI 
//nullstudy_57
//Subjects=10
-16  -60  58 
-16  -78  56 
-42  48  8 
-42  42  2 
-42  48  2 
-24  -80  38 

//Reference=MNI 
//nullstudy_58
//Subjects=12
50  16  -14 
14  48  42 
-28  -76  -8 
32  12  8 
-54  -14  -10 
-12  -80  54 
-14  64  30 
-38  36  -20 
-42  16  2 
-4  -6  68 
-36  -90  -22 
42  36  28 
-46  -54  -54 
2  2  32 
-10  -28  18 
-22  -28  18 
-40  -76  -44 
-60  -40  48 

//Reference=MNI 
//nullstudy_59
//Subjects=11
-30  -78  40 
-52  -2  22 
-46  -70  -42 
-34  50  2 
26  52  32 
-2  -34  32 
-2  -78  30 
-50  -58  -22 
-44  -34  58 

//Reference=MNI 
//nullstudy_60
//Subjects=10
-26  -82  30 
40  18  54 
50  42  16 
34  52  0 
-4  -16  -42 
-10  -86  8 
8  8  -22 

//Reference=MNI 
//nullstudy_61
//Subjects=8
-34  -28  -8 
-28  -86  4 

//Reference=MNI 
//nullstudy_62
//Subjects=10
22  4  50 
-28  -24  48 
-10  -74  4 
-60  -20  26 
-2  -44  -62 
2  8  58 
26  2  -4 

//Reference=MNI 
//nullstudy_63
//Subjects=10
-50  -32  18 
32  8  38 
-24  -62  -62 
50  28  -8 
54  22  4 
-16  26  62 
-6  40  -28 
34  18  -32 

//Reference=MNI 
//nullstudy_64
//Subjects=9
-38  -46  -22 
42  52  -8 
-12  -4  -38 

//Reference=MNI 
//nullstudy_65
//Subjects=10
18  4  -16 
56  6  -38 
-52  -36  12 
-14  24  -28 

//Reference=MNI 
//nullstudy_66
//Subjects=9
52  26  -8 
-18  42  40 
-12  -96  -14 

//Reference=MNI 
//nullstudy_67
//Subjects=10
-42  -16  -8 
-70  -34  0 
-18  -80  -36 
42  10  -14 
-30  -82  -18 
-44  -32  12 

//Reference=MNI 
//nullstudy_68
//Subjects=9
-10  -34  54 
-4  -16  24 
-56  -22  50 

//Reference=MNI 
//nullstudy_69
//Subjects=10
-8  -56  30 
-50  -56  24 
-44  -42  30 
18  66  20 
-44  -60  56 
-6  -72  8 
2  18  4 

//Reference=MNI 
//nullstudy_70
//Subjects=10
-4  66  10 
-62  -32  2 
20  42  32 
18  10  -2 
-2  -62  -60 

//Reference=MNI 
//nullstudy_71
//Subjects=10
-4  18  68 
-10  46  2 
-60  12  20 
-58  -6  -10 
-50  0  24 
-4  64  -12 
-4  2  50 

//Reference=MNI 
//nullstudy_72
//Subjects=10
24  18  -26 
-6  -38  -38 
-4  -34  32 
48  10  -20 

//Reference=MNI 
//nullstudy_73
//Subjects=10
-18  -72  -18 
-22  -36  -32 
-6  -70  0 
-50  0  10 
-12  32  22 
-24  -30  -10 
-30  -36  66 
8  34  -4 

//Reference=MNI 
//nullstudy_74
//Subjects=10
-52  -64  -4 
-18  16  -18 
-48  -56  16 
-40  -64  -54 
-36  -16  -24 

//Reference=MNI 
//nullstudy_75
//Subjects=10
-32  -88  -16 
-32  4  -42 
18  36  46 
-62  -34  10 
-16  20  66 
-56  -60  -20 
-42  12  -12 

//Reference=MNI 
//nullstudy_76
//Subjects=9
-60  -8  26 
-4  -18  42 
-32  24  22 

//Reference=MNI 
//nullstudy_77
//Subjects=12
-36  30  16 
-54  -18  -10 
-44  -26  2 
-48  -72  -6 
-44  52  6 
-18  -74  -46 
20  10  -10 
-8  -36  10 
30  18  0 
-50  -72  26 
28  58  0 
46  22  -32 

//Reference=MNI 
//nullstudy_78
//Subjects=9
-12  -38  -22 
-70  -24  -10 
-30  -4  -34 

//Reference=MNI 
//nullstudy_79
//Subjects=10
-34  -38  36 
30  24  -30 
-26  -82  -40 
-40  -60  36 

//Reference=MNI 
//nullstudy_80
//Subjects=10
-14  -32  -38 
-14  -66  12 
-26  38  44 
24  46  42 

//Reference=MNI 
//nullstudy_81
//Subjects=10
-40  -30  18 
-56  -18  54 
-20  -80  -24 
-6  26  -30 
-12  30  60 
-8  44  44 
-22  -14  66 

//Reference=MNI 
//nullstudy_82
//Subjects=8
-26  -44  -6 
-54  -62  34 

//Reference=MNI 
//nullstudy_83
//Subjects=10
-58  -4  40 
-2  46  36 
-8  -66  -30 
-10  -78  -40 
48  12  6 
-10  -22  -14 
6  62  34 

//Reference=MNI 
//nullstudy_84
//Subjects=9
-38  -78  26 
-10  -42  -32 
-6  -34  52 

//Reference=MNI 
//nullstudy_85
//Subjects=10
-14  -36  4 
36  16  60 
-40  -74  48 
50  34  -10 
-52  18  34 
-64  -28  14 

//Reference=MNI 
//nullstudy_86
//Subjects=12
-22  -66  4 
14  26  -22 
52  6  -10 
-8  36  6 
-46  -76  -20 
-10  -46  34 
-26  -44  6 
-22  0  12 
-2  -70  4 
-24  44  22 
-62  -10  32 
-8  -36  -2 
14  42  2 
-48  -38  -8 
-42  -18  -4 
-12  -28  50 
12  2  62 
-46  -32  32 
-10  -10  16 
-14  -22  6 
-34  10  48 
-8  -24  60 
-34  -38  40 
30  26  44 
-64  -14  0 
30  50  30 
44  26  -16 
-36  -58  -18 
-14  10  12 
10  58  30 
30  52  36 
32  28  54 
10  18  36 
-6  -44  50 

//Reference=MNI 
//nullstudy_87
//Subjects=11
-20  -76  -50 
-8  18  26 
-68  -36  -10 
-36  -36  20 
-18  34  54 
-42  -48  -14 
-16  -54  -40 
-26  -16  -40 
-8  -74  32 
-46  -16  56 
-22  0  -28 
-6  -44  -12 

//Reference=MNI 
//nullstudy_88
//Subjects=10
-50  24  -16 
-32  -68  -52 
-32  58  -12 
-66  -48  2 
-38  38  26 
-36  -40  68 

//Reference=MNI 
//nullstudy_89
//Subjects=11
-6  -38  78 
-70  -30  2 
-6  34  -16 
-26  -38  -20 
-32  38  26 
-8  -36  -22 
-56  14  2 
-10  -46  -6 
-20  -4  58 
-46  20  -30 
34  30  20 

//Reference=MNI 
//nullstudy_90
//Subjects=8
-10  -22  64 
-38  -54  48 

//Reference=MNI 
//nullstudy_91
//Subjects=10
-64  -26  34 
4  36  58 
-20  -46  -58 
14  40  -28 
-46  -74  -8 

//Reference=MNI 
//nullstudy_92
//Subjects=11
-6  22  68 
-26  6  -36 
-42  -46  22 
-36  -40  -36 
-26  2  -42 
-42  10  52 
-8  52  6 
-24  -82  20 
-54  -70  -4 
4  8  -8 
-56  8  -24 
26  44  24 
-10  -40  62 
-58  -22  -18 
-64  -20  -12 
-20  -90  4 
-6  -70  -20 
2  38  -22 
-48  -62  2 
14  4  -12 

//Reference=MNI 
//nullstudy_93
//Subjects=10
-26  -70  -2 
-38  -58  -44 
12  30  52 
-12  -88  40 
8  66  8 
-24  -16  50 
20  60  -2 
-50  -38  58 

//Reference=MNI 
//nullstudy_94
//Subjects=12
28  26  28 
-4  -90  -2 
-42  -4  -22 
-30  52  6 
-34  10  -34 
18  62  -12 
-36  4  -20 
-24  48  -12 
-42  -52  -34 
-42  26  -6 
-16  -10  -40 
-64  -60  -2 
-14  -60  -16 
-4  20  2 
-56  4  26 
-24  -42  -48 
-20  -6  -42 
52  22  -24 
-68  -16  14 
-42  50  0 
-4  -92  22 
-22  -8  72 
32  32  2 
10  10  -14 
-50  -64  -36 
-4  -50  66 
-52  12  44 
-2  -28  18 
-10  -58  14 
-58  14  -6 
-30  -72  56 
46  2  16 
-12  -22  -26 
-54  -12  44 
-48  -4  -18 
-18  -48  -34 
-34  -22  58 

//Reference=MNI 
//nullstudy_95
//Subjects=10
-30  -64  38 
40  26  24 
8  4  76 
-16  -68  44 

//Reference=MNI 
//nullstudy_96
//Subjects=8
-62  -54  6 
-6  54  38 

//Reference=MNI 
//nullstudy_97
//Subjects=9
-6  24  66 
4  58  -24 

//Reference=MNI 
//nullstudy_98
//Subjects=12
-16  -40  66 
-28  -90  32 
-2  22  54 
-46  -2  -8 
-42  16  -28 
-28  -8  44 
52  14  22 
-20  -98  -22 
44  46  22 
56  32  12 
-2  -64  28 
-30  -88  16 
46  50  18 
-6  -70  -32 
-28  -28  48 
-16  -90  24 

//Reference=MNI 
//nullstudy_99
//Subjects=9
-32  -44  42 
-4  -60  -30 

//Reference=MNI 
//nullstudy_100
//Subjects=9
10  42  -14 
-6  -64  -30 

