//Reference=MNI 
//truestudy_1
//Subjects=21
46  -67  -6 
44  -67  -7 
47  -67  -6 
47  -68  -7 
46  -64  -6 
46  -67  -5 
46  -67  -5 
46  -66  -6 
47  -65  -5 
45  -65  -6 
47  -66  -4 
48  -67  -7 
46  -66  -6 
46  -66  -6 

//Reference=MNI 
//truestudy_2
//Subjects=19
45  -67  -5 
46  -65  -6 
46  -66  -7 

//Reference=MNI 
//truestudy_3
//Subjects=20
45  -66  -6 
46  -67  -7 
46  -64  -5 
48  -66  -6 
47  -66  -7 

//Reference=MNI 
//nullstudy_1
//Subjects=21
-44  -64  36 
-28  -30  -30 
26  38  38 
-20  -60  26 
52  26  -10 
-12  62  12 
0  38  -2 
-50  -42  2 
-38  30  38 
-2  58  -16 
-48  -18  46 
-6  -40  58 
-30  30  8 
-30  40  12 

//Reference=MNI 
//nullstudy_2
//Subjects=19
42  52  -14 
6  58  6 
-16  -52  12 

//Reference=MNI 
//nullstudy_3
//Subjects=20
-28  12  -20 
-10  -76  -4 
16  40  12 
-24  -36  58 
-12  -12  72 

//Reference=MNI 
//nullstudy_4
//Subjects=21
-52  -26  20 
-10  -52  26 
-8  14  -12 
-8  -58  36 
40  46  8 
18  4  -42 
-8  -46  -48 

//Reference=MNI 
//nullstudy_5
//Subjects=22
-10  54  0 
-18  -50  54 
-36  -48  -24 
-6  -84  38 
-46  -12  38 
-34  -70  -52 
48  22  20 
-6  -86  -40 
-16  6  -32 
-20  -32  14 
-2  -54  28 
-32  -82  28 
-6  28  -8 
-38  -46  -20 
6  4  66 
-56  -44  44 
-8  -20  -36 
-26  -92  22 
-8  -48  52 
2  40  4 
-62  -62  -10 
-24  32  -12 
-10  30  64 
-70  -36  10 
-24  26  46 
-16  -66  -22 
-36  -68  -42 
-26  48  16 
-30  -6  6 
-36  -80  -16 
30  46  40 
-20  -86  -12 

//Reference=MNI 
//nullstudy_6
//Subjects=19
46  36  36 
-2  -16  -28 
50  2  52 

//Reference=MNI 
//nullstudy_7
//Subjects=20
38  12  42 
-46  46  -14 
20  50  20 
18  54  -6 
-4  8  -14 
-30  12  62 
-58  -2  40 

//Reference=MNI 
//nullstudy_8
//Subjects=21
10  10  18 
-16  -56  28 
14  44  40 
-34  28  44 
-26  -8  -40 
-36  -88  0 
-52  30  2 
-46  -82  2 
-52  -48  -16 
-8  18  68 
-56  -4  40 
-44  -60  -56 
-26  -70  6 
-56  -22  14 
-58  -16  -30 
-34  22  24 
-22  -98  -4 
12  12  0 
-30  6  -32 

//Reference=MNI 
//nullstudy_9
//Subjects=19
34  50  6 
32  60  -16 
-42  32  28 

//Reference=MNI 
//nullstudy_10
//Subjects=21
-6  -62  -54 
-44  -54  22 
-6  -40  60 
-26  16  38 
-28  42  -22 
-60  -4  -16 
6  6  50 
-36  -10  16 
-22  -2  50 
-66  -24  -8 
28  56  -4 

//Reference=MNI 
//nullstudy_11
//Subjects=20
-2  -18  26 
-52  -78  8 
28  8  -48 
-18  34  -20 
60  2  -4 
0  28  58 
28  54  -6 

//Reference=MNI 
//nullstudy_12
//Subjects=21
-12  -94  26 
-58  -12  26 
-32  -48  -50 
8  26  22 
-48  -82  4 
-16  -58  32 
-50  -40  50 
-16  -46  -60 
-38  -88  26 
40  44  -12 
-62  -4  34 

//Reference=MNI 
//nullstudy_13
//Subjects=21
-12  8  62 
30  30  -2 
18  70  -8 
-12  -72  -12 
-34  -46  58 
-30  -76  -54 
20  12  4 
8  64  12 
-6  0  -30 
12  30  54 
22  34  -18 
-10  -70  -38 
-16  -40  60 
-2  -36  34 
-32  0  58 
12  60  30 

//Reference=MNI 
//nullstudy_14
//Subjects=19
-2  -86  44 
-52  0  6 
-30  -24  58 
-22  18  -28 

//Reference=MNI 
//nullstudy_15
//Subjects=20
-6  30  52 
-48  -38  -2 
0  38  32 
-60  -6  8 
10  28  -30 
-2  -74  -50 
-32  6  62 

//Reference=MNI 
//nullstudy_16
//Subjects=20
-28  -10  60 
-26  24  40 
-30  -58  -8 
-6  12  54 
-22  -10  54 
8  28  64 

//Reference=MNI 
//nullstudy_17
//Subjects=20
-2  2  -22 
12  32  38 
-52  -2  -6 
-38  -16  66 
-48  -46  44 
-44  22  38 
-34  -44  36 

//Reference=MNI 
//nullstudy_18
//Subjects=21
-18  -68  24 
-38  6  -4 
-12  0  62 
2  46  -26 
34  2  2 
-28  -8  -46 
-6  -70  -32 
-40  -72  0 

//Reference=MNI 
//nullstudy_19
//Subjects=19
-38  8  56 
-24  18  40 

//Reference=MNI 
//nullstudy_20
//Subjects=20
-26  -72  36 
-16  18  -10 
-22  -70  -30 
38  46  28 
-2  28  44 
-62  -30  44 

//Reference=MNI 
//nullstudy_21
//Subjects=21
-34  26  4 
6  36  56 
-14  2  -16 
-22  12  -24 
-22  4  -20 
-40  26  18 
-56  -32  -4 
2  44  -8 
-24  14  -12 

//Reference=MNI 
//nullstudy_22
//Subjects=21
-30  24  4 
-4  -86  -32 
-14  -34  -42 
-36  4  48 
-2  -94  28 
-36  36  24 
-12  -46  -52 
-36  -80  18 
-18  -70  28 
-50  4  10 
-34  54  16 
-42  2  36 
-34  -36  36 
-44  -54  -18 
-20  -54  -6 
-8  -36  8 
-50  12  -24 
-36  -76  -52 
-48  -6  22 

//Reference=MNI 
//nullstudy_23
//Subjects=20
-28  -92  -28 
-64  -28  -30 
-38  38  0 
-46  -8  -46 
-8  -90  38 

//Reference=MNI 
//nullstudy_24
//Subjects=20
-2  -14  48 
-18  -32  -12 
-6  -54  48 

//Reference=MNI 
//nullstudy_25
//Subjects=18
-40  -54  30 
-8  -74  -54 

//Reference=MNI 
//nullstudy_26
//Subjects=22
-44  -72  16 
-36  -46  46 
-50  -70  10 
-62  -26  42 
-62  -34  20 
-14  50  -12 
16  20  -20 
-48  -6  34 
-40  -60  -56 
-30  -80  -14 
-2  -12  -14 
-44  40  26 
-4  56  14 
-10  12  -4 
-4  -22  78 
-60  0  -26 
46  26  -6 
-16  44  42 
-40  -82  26 
-46  -38  64 
-12  -82  -40 
26  60  30 
-58  6  16 
0  8  -20 
8  30  10 
-36  -72  -52 
-16  -64  18 
-26  2  8 
-34  0  62 
34  50  -10 
-18  -68  -50 
-4  -6  34 

//Reference=MNI 
//nullstudy_27
//Subjects=21
-40  16  -18 
44  42  16 
-44  -50  -30 
-20  60  18 
-42  -42  62 
-36  -42  -34 
-10  -30  16 
-4  -72  18 
-34  -42  -10 
46  36  18 
6  14  -12 
-16  -60  64 
32  52  6 
-34  -78  -52 
-50  -32  42 
-10  -104  -4 

//Reference=MNI 
//nullstudy_28
//Subjects=18
-4  -38  -62 
-60  0  -26 

//Reference=MNI 
//nullstudy_29
//Subjects=20
-2  -30  -46 
54  26  16 
-34  14  -14 
50  44  4 
-24  -36  -8 
-18  -22  10 

//Reference=MNI 
//nullstudy_30
//Subjects=22
-44  -8  58 
-38  -18  -24 
-64  -12  -14 
-48  -20  2 
4  20  52 
-6  -4  44 
-38  6  6 
10  42  48 
8  12  10 
34  50  12 
-30  -22  52 
-66  -24  18 
-44  4  -48 
-38  -8  44 
-22  -48  -32 
32  26  -24 
-38  -42  38 
-46  -80  4 
-38  14  44 
14  18  52 
-30  8  58 
48  2  44 
-26  -4  -14 

//Reference=MNI 
//nullstudy_31
//Subjects=20
-40  -70  24 
-26  20  -34 
46  26  -14 
-8  -44  22 

//Reference=MNI 
//nullstudy_32
//Subjects=21
-30  -44  60 
26  38  42 
32  20  -34 
-18  -14  74 
-20  2  54 
-10  66  20 
-56  6  16 
-30  -40  -2 
-4  14  2 
-14  -62  -60 
-32  -58  64 
-2  -96  -14 
-20  -26  -34 

//Reference=MNI 
//nullstudy_33
//Subjects=19
-6  -36  36 
-14  56  -14 
-60  18  8 

//Reference=MNI 
//nullstudy_34
//Subjects=20
-26  -8  -48 
-4  -76  34 
-4  -62  -30 
-8  -72  42 
-54  12  -16 

//Reference=MNI 
//nullstudy_35
//Subjects=20
-40  -92  8 
-30  -46  -32 
-22  -36  6 

//Reference=MNI 
//nullstudy_36
//Subjects=20
-20  0  -26 
-14  68  18 

//Reference=MNI 
//nullstudy_37
//Subjects=21
-10  62  24 
26  32  44 
-2  -42  14 
-8  -64  -18 
-6  -76  -6 
-8  -58  58 
-64  -12  4 
-14  30  -24 
-52  -10  0 
0  66  10 
-58  -52  8 
-34  -88  -18 
0  24  18 
48  30  20 
6  46  32 
-48  -58  32 
-12  62  0 

//Reference=MNI 
//nullstudy_38
//Subjects=20
-14  -94  16 
-8  26  52 
32  26  -18 
-12  -88  -22 
-6  -86  -38 

//Reference=MNI 
//nullstudy_39
//Subjects=20
28  30  -18 
-8  4  34 

//Reference=MNI 
//nullstudy_40
//Subjects=20
-2  -42  72 
-44  -68  -10 
-20  -48  2 
2  26  22 

//Reference=MNI 
//nullstudy_41
//Subjects=21
34  22  -42 
-54  -2  16 
-20  -16  74 
-4  -36  26 
-30  -22  -34 
-66  -22  0 
-16  -62  28 
-6  -20  4 
-4  26  -6 
-40  -30  40 
20  62  16 
-8  6  -14 
-48  -36  -14 
-6  -80  -8 
-38  -92  2 
-18  -2  -32 
-14  -98  -20 

//Reference=MNI 
//nullstudy_42
//Subjects=21
-64  -44  0 
-8  44  -22 
34  14  60 
26  40  26 
-28  -64  -52 
44  4  -18 
-12  0  -30 
-22  -92  -10 
-32  -48  -50 
2  34  26 
-2  -62  34 
-22  68  8 
36  14  24 
8  30  44 
-56  -48  30 
-4  58  42 
-2  46  52 

//Reference=MNI 
//nullstudy_43
//Subjects=21
-70  -26  -2 
-62  -12  10 
14  60  -6 
-8  -46  58 
-8  -34  36 
-10  -44  -48 
-8  20  -2 
32  2  62 
-40  40  4 
-4  -18  60 
-2  -18  76 
-10  -18  -12 
-16  -42  70 
-38  -4  18 
-36  -74  -20 
48  38  2 
-6  6  50 

//Reference=MNI 
//nullstudy_44
//Subjects=20
6  62  18 
32  22  -30 
-16  -74  -6 
-16  60  6 
-20  66  -8 

//Reference=MNI 
//nullstudy_45
//Subjects=21
52  26  36 
-50  -68  -28 
-62  -36  22 
36  22  46 
-40  46  -20 
-58  -16  -10 
-62  -30  16 
-40  32  12 
-60  -38  14 

//Reference=MNI 
//nullstudy_46
//Subjects=20
-68  -30  6 
-62  -16  22 
-60  0  38 
-6  2  -34 

//Reference=MNI 
//nullstudy_47
//Subjects=19
-28  -70  20 
-26  64  -10 
-12  -62  10 

//Reference=MNI 
//nullstudy_48
//Subjects=20
0  18  -14 
-50  -4  -44 
-20  46  40 
-56  -2  2 
2  10  58 
10  16  62 
-50  -12  -4 
-54  0  32 
-30  -82  22 

//Reference=MNI 
//nullstudy_49
//Subjects=22
34  20  22 
-32  -46  56 
-66  -18  10 
-14  -46  6 
-50  -12  -46 
-22  -64  2 
-48  -70  28 
-16  -38  -16 
-12  -8  26 
-40  -12  -44 
-26  -30  54 
-8  -32  -46 
-44  -24  36 
-54  -40  -4 
-46  -40  40 
-14  -88  40 
-26  -54  62 
-34  -56  -32 
2  64  12 
-16  -50  0 
-46  -30  -4 
2  6  46 
-8  -78  -16 
-12  -62  -4 
-6  -64  56 
-6  -106  0 
-36  -82  38 
-58  -6  44 
-4  -76  -46 
10  64  4 
-58  -24  44 
-10  -46  -10 
24  2  66 
-40  -60  58 
-2  0  30 
-36  -30  -32 
38  28  -4 
-40  -10  -42 
-42  -68  12 

//Reference=MNI 
//nullstudy_50
//Subjects=19
28  54  34 
-2  -6  -12 
-60  -38  32 
-4  14  56 

//Reference=MNI 
//nullstudy_51
//Subjects=20
-10  -62  -12 
-16  64  14 
-30  -38  0 
22  50  12 
-40  2  -10 
36  12  -12 

//Reference=MNI 
//nullstudy_52
//Subjects=21
60  14  22 
-14  -88  44 
-6  -24  20 
-50  -70  2 
6  6  58 
-58  -56  32 
-12  -66  44 
-10  70  -4 
26  24  50 
-24  4  54 
12  18  0 

//Reference=MNI 
//nullstudy_53
//Subjects=18
-44  56  0 
-32  -4  -20 

//Reference=MNI 
//nullstudy_54
//Subjects=21
50  16  2 
52  26  32 
-12  -48  -50 
54  20  38 
2  30  42 
-68  -16  -22 
4  8  40 
-32  54  24 
-60  -58  -8 
16  16  52 
-52  -2  -12 
-8  -46  18 
-14  -64  18 
-52  -66  10 
-12  -42  32 

//Reference=MNI 
//nullstudy_55
//Subjects=20
-32  -48  46 
-52  -52  0 
20  66  22 
30  42  -20 
-32  -68  -56 
-26  -50  -14 

//Reference=MNI 
//nullstudy_56
//Subjects=20
-2  -8  -14 
44  30  34 
-8  -68  -44 
-48  4  -20 
-34  -26  -22 

//Reference=MNI 
//nullstudy_57
//Subjects=19
-14  -66  -26 
8  6  -26 

//Reference=MNI 
//nullstudy_58
//Subjects=22
-16  -8  24 
-48  -18  -28 
-28  -54  -58 
0  54  10 
-36  -16  68 
-6  30  48 
34  4  34 
-4  -72  22 
-30  30  10 
-8  48  40 
-32  -60  -48 
-14  -70  30 
2  20  -14 
-4  -8  30 
-10  -58  -30 
-8  -54  68 
48  20  -24 
-28  -92  10 
-36  -66  48 
-38  -40  36 
-54  -46  14 
0  68  16 
-8  -98  -2 
0  50  38 
-38  -16  -26 
-54  32  12 
-14  -76  20 
-40  -56  -36 
-24  58  0 
10  22  -20 
-30  -92  -18 
-32  0  -28 
-38  -20  62 

//Reference=MNI 
//nullstudy_59
//Subjects=19
-4  -80  30 
-18  -86  -50 
-66  -36  -8 
-50  2  -26 

//Reference=MNI 
//nullstudy_60
//Subjects=22
-52  14  0 
-12  -88  -32 
-50  -18  34 
-40  8  -12 
52  18  8 
44  4  -44 
-14  52  22 
-58  -22  8 
2  32  40 
-6  -94  6 
-24  40  44 
-4  44  42 
-52  -12  44 
-22  -44  -26 
-40  2  12 
-10  -8  24 
52  18  38 
12  60  10 
60  24  8 
-32  -8  54 
2  8  -12 
-8  -66  -52 
-64  -56  6 
-10  -64  -20 

//Reference=MNI 
//nullstudy_61
//Subjects=21
-12  -6  24 
-4  -52  36 
-16  10  -10 
14  38  50 
-26  -68  -26 
-30  46  -12 
-4  -44  30 
-12  -20  10 
48  16  -32 
-24  10  46 
38  28  40 
-16  -72  38 
-2  48  0 
-10  -38  -32 
-42  -82  2 
-54  22  -8 
22  8  -30 
-10  -14  52 
-38  24  28 
-36  -24  60 
-10  44  -22 
18  58  30 
-50  0  46 
0  8  26 
34  46  -4 
-6  -78  40 
-14  -98  -8 
-32  38  42 
24  42  50 
-4  -82  -12 
-16  52  -20 
-14  -30  -36 
-52  -76  -10 
38  18  48 
-38  12  -36 

//Reference=MNI 
//nullstudy_62
//Subjects=20
-8  -100  -12 
58  12  16 
46  52  8 
-2  4  38 
-22  -84  10 
-18  -2  -18 

//Reference=MNI 
//nullstudy_63
//Subjects=19
24  18  56 
44  42  2 
-20  -42  -18 

//Reference=MNI 
//nullstudy_64
//Subjects=21
-8  60  -14 
-44  48  2 
-2  -48  -10 
-66  -30  -16 
-24  -46  12 
-42  -46  -20 
-18  22  42 
-44  -14  32 
-4  -10  4 

//Reference=MNI 
//nullstudy_65
//Subjects=20
36  44  -14 
-4  14  24 
-52  0  -6 
6  24  30 
-2  26  18 
-50  -72  26 

//Reference=MNI 
//nullstudy_66
//Subjects=20
8  66  -14 
32  14  62 
-50  -76  -16 
-42  -46  24 
-56  -42  40 

//Reference=MNI 
//nullstudy_67
//Subjects=20
0  42  4 
-14  46  -20 
-6  -20  50 
-22  4  -44 
44  12  -42 

//Reference=MNI 
//nullstudy_68
//Subjects=19
-42  -54  36 
-42  12  -26 
28  54  24 
-46  24  22 

//Reference=MNI 
//nullstudy_69
//Subjects=20
-2  22  62 
-28  6  50 
10  4  46 
-46  -64  -34 
18  6  -42 
-28  -98  -6 

//Reference=MNI 
//nullstudy_70
//Subjects=20
50  12  20 
-14  -44  -62 
-42  6  -44 
-2  -84  -18 

//Reference=MNI 
//nullstudy_71
//Subjects=20
20  4  -46 
12  38  6 
-38  0  36 
-30  -34  -4 

//Reference=MNI 
//nullstudy_72
//Subjects=20
-4  -36  -42 
-40  -52  -20 
-38  -50  54 

//Reference=MNI 
//nullstudy_73
//Subjects=19
-46  2  46 
2  56  20 

//Reference=MNI 
//nullstudy_74
//Subjects=22
-58  -22  44 
-48  2  -8 
4  26  28 
-30  2  -28 
-34  -14  -10 
-26  58  30 
-2  -46  -64 
-42  -68  6 
-10  20  34 
-12  -80  -52 
-28  18  38 
-2  -28  48 
16  6  12 

//Reference=MNI 
//nullstudy_75
//Subjects=21
-56  22  22 
-52  -18  -30 
14  32  22 
-44  20  -6 
-28  18  8 
-34  26  -24 
4  22  16 
-16  -60  16 
-20  -38  -52 
-40  -64  46 
-32  -58  2 
-46  -18  -40 
30  42  24 
38  4  10 
-62  -32  -2 

//Reference=MNI 
//nullstudy_76
//Subjects=20
4  64  8 
-48  -44  36 
-20  -34  76 
2  44  -10 
-28  52  0 

//Reference=MNI 
//nullstudy_77
//Subjects=19
-10  -70  -50 
-50  10  38 
-44  14  -38 
-48  -42  -44 
-24  -72  50 
6  6  2 
-2  -46  64 
-66  -38  6 
-54  -66  -28 
-22  -36  -46 
-6  2  0 
24  50  36 
36  48  -4 
-2  56  30 
-26  -66  36 
-26  8  60 
-30  -26  74 
-6  -58  -20 
-28  -66  -38 
-2  -22  44 
-22  -94  10 

//Reference=MNI 
//nullstudy_78
//Subjects=19
-38  22  -22 
-24  28  40 
14  62  -14 
18  48  -16 
-40  -78  -30 
-52  -24  38 
-26  14  -36 
6  58  16 
40  16  -30 
-12  -56  -50 
-52  16  -30 
-38  -78  -50 
-28  -80  -2 
44  8  50 
60  6  8 
-60  0  20 
-34  -62  -38 
-4  24  42 
-44  18  -36 

//Reference=MNI 
//nullstudy_79
//Subjects=18
-28  -62  -48 
-52  -20  -18 

//Reference=MNI 
//nullstudy_80
//Subjects=21
-4  -50  -24 
-36  12  42 

//Reference=MNI 
//nullstudy_81
//Subjects=19
-12  -44  46 
-46  -68  -46 

//Reference=MNI 
//nullstudy_82
//Subjects=19
-6  40  10 
-16  -76  16 
-22  -10  54 
8  32  46 
-20  20  2 
-2  -54  -44 
30  54  26 
46  6  -42 
-22  50  14 
-14  -84  -30 
-40  0  16 

//Reference=MNI 
//nullstudy_83
//Subjects=20
-42  -56  6 
-10  -66  4 
-6  44  4 

//Reference=MNI 
//nullstudy_84
//Subjects=20
-38  14  -32 
18  18  62 
-66  -20  30 

//Reference=MNI 
//nullstudy_85
//Subjects=21
-8  -4  24 
-24  -86  -46 
-18  48  46 
-32  6  66 

//Reference=MNI 
//nullstudy_86
//Subjects=19
-34  40  16 
38  20  2 
26  54  -2 
-16  30  2 
-32  -90  -14 
-32  -38  72 

//Reference=MNI 
//nullstudy_87
//Subjects=19
2  46  -20 
-32  0  6 
34  32  26 
-24  -12  -10 
-10  24  30 
-16  -32  -30 
-40  -50  -54 
-16  -10  -8 
-10  -98  -2 
-22  -70  56 

//Reference=MNI 
//nullstudy_88
//Subjects=21
-26  32  -8 
-34  -74  28 
-48  46  -8 

//Reference=MNI 
//nullstudy_89
//Subjects=19
-22  -62  0 
-46  -38  -28 
-20  -72  -38 

//Reference=MNI 
//nullstudy_90
//Subjects=19
4  46  -8 
-18  -50  68 
-6  64  -4 
-32  22  -4 
-18  42  -26 
-18  -16  78 
-36  10  -42 
-36  -32  52 
-2  -56  70 
0  38  20 
34  12  26 
6  2  -2 
-38  -6  48 
10  44  26 
-24  52  -18 
-28  -52  56 
-44  -70  -36 
30  10  32 
44  12  -22 
-52  -32  -8 
26  52  22 
-16  -74  -40 
-18  22  60 
-12  -80  -50 
-60  -44  38 
32  42  12 
-20  44  -14 

//Reference=MNI 
//nullstudy_91
//Subjects=20
-34  -58  -48 
-26  -6  42 

//Reference=MNI 
//nullstudy_92
//Subjects=20
4  42  -28 
-10  36  8 

//Reference=MNI 
//nullstudy_93
//Subjects=21
20  20  42 
26  20  42 
-42  12  2 
-4  14  50 
-12  -72  58 

//Reference=MNI 
//nullstudy_94
//Subjects=20
-18  12  -10 
-54  4  44 
-46  12  42 
4  18  0 
-8  -22  -20 

//Reference=MNI 
//nullstudy_95
//Subjects=22
-56  -6  32 
-16  24  54 
-36  40  -16 
-14  -36  -48 
-32  -14  -44 
-68  -24  4 
12  26  -20 
-30  -22  -16 
-42  -74  -40 
-62  -4  2 
-46  -56  -4 
-2  -38  74 

//Reference=MNI 
//nullstudy_96
//Subjects=20
10  2  -24 
-38  -50  42 
-36  -18  2 
-14  50  12 

//Reference=MNI 
//nullstudy_97
//Subjects=19
-12  42  24 
-8  -68  -40 
4  58  22 
42  6  -36 
-24  -8  50 
-12  -44  -18 
30  18  12 
-22  -12  58 
-38  -14  60 
40  12  60 
-4  56  -8 
-42  26  32 
-58  -16  -36 
-36  -84  6 
-50  -60  12 
14  68  -12 
-62  -36  -28 
38  24  -2 
-20  66  10 
-8  46  -2 
-4  -30  -2 
24  28  -22 
-28  -50  -20 

//Reference=MNI 
//nullstudy_98
//Subjects=21
32  4  -34 
-50  -24  60 
-58  -54  20 
-32  -24  -10 
-60  -40  22 

//Reference=MNI 
//nullstudy_99
//Subjects=20
20  54  24 
-50  -54  48 
-56  -46  6 
42  46  32 

//Reference=MNI 
//nullstudy_100
//Subjects=20
-20  44  36 
-26  -74  16 
-44  -12  36 
-36  -60  30 
2  42  44 
20  2  -30 
-32  -34  52 
-6  -84  -22 

