//Reference=MNI 
//truestudy_1
//Subjects=22
47  -64  -7 
45  -68  -7 
46  -66  -6 
46  -66  -7 
45  -66  -8 
46  -65  -6 
44  -66  -5 
46  -67  -5 
47  -65  -5 
46  -67  -7 
47  -66  -7 
45  -67  -5 
45  -67  -5 
45  -65  -8 
47  -65  -6 
46  -66  -4 

//Reference=MNI 
//truestudy_2
//Subjects=21
46  -66  -5 
46  -67  -4 
47  -66  -7 
44  -67  -5 
45  -66  -7 
45  -66  -7 
46  -65  -7 
46  -65  -5 
46  -65  -7 
45  -67  -6 
45  -68  -6 

//Reference=MNI 
//truestudy_3
//Subjects=20
46  -65  -6 
47  -68  -6 
45  -67  -7 
46  -68  -6 

//Reference=MNI 
//nullstudy_1
//Subjects=22
-26  12  48 
-26  -40  -58 
-64  -16  4 
-58  -6  24 
-8  -40  -60 
-68  -46  4 
-50  -18  -40 
-36  -88  -4 
-6  -86  26 
-2  22  -4 
-32  12  34 
0  60  -16 
-64  -2  -14 
-34  -86  -8 
-14  -86  14 
-34  -66  20 

//Reference=MNI 
//nullstudy_2
//Subjects=21
-48  22  8 
-64  -4  2 
-66  -32  28 
-12  32  -22 
4  58  -22 
-44  -10  -36 
-28  -50  0 
-42  54  14 
44  26  6 
-34  -52  -22 
-34  24  -26 

//Reference=MNI 
//nullstudy_3
//Subjects=20
-30  -42  -4 
38  4  36 
-46  -44  -34 
-38  -4  36 

//Reference=MNI 
//nullstudy_4
//Subjects=20
-66  -48  -12 
-42  -22  42 
-10  -44  4 
36  20  12 
-16  32  -20 

//Reference=MNI 
//nullstudy_5
//Subjects=19
-16  -58  -26 
-28  36  34 

//Reference=MNI 
//nullstudy_6
//Subjects=20
-24  22  -6 
12  10  18 
-12  -12  78 
-44  -42  26 
-26  -50  6 
24  52  40 
-32  -36  -30 
-12  -18  0 
-40  -56  -48 
-14  -66  34 
-32  24  22 
-62  -46  22 
-36  -62  -50 
-62  -14  6 

//Reference=MNI 
//nullstudy_7
//Subjects=20
-18  -4  76 
-22  -84  30 
-46  4  -28 
-34  52  -12 

//Reference=MNI 
//nullstudy_8
//Subjects=21
-44  -62  -6 
-2  66  -8 
-30  50  -12 
-16  -20  78 
-46  -64  -44 

//Reference=MNI 
//nullstudy_9
//Subjects=21
-48  10  4 
-52  -32  10 
34  12  -46 
-28  -40  64 
14  68  -2 

//Reference=MNI 
//nullstudy_10
//Subjects=21
8  54  -10 
-6  -48  38 
-38  -40  -22 
-38  -32  44 
24  66  -12 
4  4  42 
-2  -88  -28 
56  2  -18 
-26  34  36 
52  30  -12 
-14  -22  22 
-4  -88  -36 
58  14  20 
-10  -104  -8 
28  28  -8 
-50  -40  -2 
-60  -26  -22 
-6  -16  -4 
-10  -64  16 
-62  -14  22 
-18  -100  18 
54  16  4 
-10  4  4 

//Reference=MNI 
//nullstudy_11
//Subjects=19
-4  -70  -34 
-26  -54  -12 
-8  -62  50 
-30  -16  -42 
-36  -78  -18 
-48  28  -8 
-54  2  20 
-6  22  40 
-38  -44  62 

//Reference=MNI 
//nullstudy_12
//Subjects=21
-38  -48  34 
-4  -50  -2 
-6  22  60 
-54  -20  -6 
-28  -58  -6 
-48  14  -38 
2  26  34 
-2  -62  -24 
0  26  64 
42  40  4 
-32  -36  52 
-16  -74  8 
-52  -20  28 
-18  14  62 

//Reference=MNI 
//nullstudy_13
//Subjects=20
-30  -54  54 
62  8  30 
-10  32  60 

//Reference=MNI 
//nullstudy_14
//Subjects=19
22  46  48 
-24  -88  -28 
-38  -72  34 
-38  -42  38 
-20  -58  58 
-10  -68  4 
16  38  12 
-38  -42  -18 
-42  22  18 
-4  -56  50 
-46  -28  10 
-28  4  -10 
6  16  28 

//Reference=MNI 
//nullstudy_15
//Subjects=20
-38  -80  4 
-12  -68  -26 
-48  -34  10 
-36  -84  -34 
-2  -16  -18 

//Reference=MNI 
//nullstudy_16
//Subjects=21
-48  6  54 
18  62  22 
10  48  -14 

//Reference=MNI 
//nullstudy_17
//Subjects=21
-50  6  -22 
-32  -80  -52 
6  22  56 
0  4  -20 

//Reference=MNI 
//nullstudy_18
//Subjects=21
-4  -54  -56 
-22  38  46 
-12  48  14 
-12  60  18 
0  26  -2 
18  62  22 
-50  -32  -30 
-54  -24  42 
-28  -84  -50 
-28  -18  8 
-38  56  20 
-32  -54  -2 

//Reference=MNI 
//nullstudy_19
//Subjects=20
-18  24  -28 
-8  -2  24 
-36  14  -18 
8  34  -26 
-2  -32  0 
-38  -30  60 
-34  38  12 
-38  38  -20 
-40  0  4 
-38  18  46 
44  40  -18 
-24  -68  4 
-6  -58  -2 
-38  -48  -38 

//Reference=MNI 
//nullstudy_20
//Subjects=21
-28  -34  -40 
-34  56  -16 
-6  -88  -16 
-20  -10  -10 
-4  -36  -44 
-30  -40  54 
-4  16  58 
-50  -10  28 
14  46  -24 

//Reference=MNI 
//nullstudy_21
//Subjects=18
2  22  64 
-44  -54  -24 
0  42  50 
-20  58  16 
-14  -54  10 
38  24  54 
-54  14  -8 
-32  -2  -34 
-20  -96  -6 
-14  -70  -22 
-28  -4  -8 

//Reference=MNI 
//nullstudy_22
//Subjects=20
-52  -50  -30 
-24  -36  0 
-12  -102  6 
-12  30  -22 
-38  -28  18 
-38  -36  64 
36  60  18 
56  8  40 
-2  42  2 
8  62  16 
-42  50  0 
-54  -40  8 
-50  -74  30 
48  6  30 
-24  46  14 

//Reference=MNI 
//nullstudy_23
//Subjects=21
50  8  36 
-22  -52  2 

//Reference=MNI 
//nullstudy_24
//Subjects=23
40  20  -12 
-54  -56  22 
-28  4  -34 
-16  18  -28 
-4  -88  -28 

//Reference=MNI 
//nullstudy_25
//Subjects=20
44  36  18 
-6  -64  -18 
-48  -48  46 
-62  -46  -4 
-52  -48  56 
-2  -48  62 
-36  -50  -48 
-28  56  -16 
-14  2  24 
28  38  -6 
-6  -16  -16 

//Reference=MNI 
//nullstudy_26
//Subjects=18
30  18  -30 
-4  -42  0 
-40  -62  28 
-34  -78  2 
-28  4  -10 
-44  -8  12 
-2  -38  26 
32  6  -24 
18  10  54 
-20  22  56 
-42  -64  24 
-16  18  68 
-18  6  62 
-26  -16  54 
-62  -40  -24 
-2  -52  34 
-20  -36  -18 
-38  18  56 
-46  -60  42 

//Reference=MNI 
//nullstudy_27
//Subjects=20
22  36  38 
38  44  4 
16  50  -6 
-6  -70  -38 

//Reference=MNI 
//nullstudy_28
//Subjects=19
-38  -14  6 
-14  60  22 

//Reference=MNI 
//nullstudy_29
//Subjects=19
-42  -42  -38 
-30  40  18 
-16  -38  48 
-10  40  16 

//Reference=MNI 
//nullstudy_30
//Subjects=21
-22  -38  70 
-22  -78  42 
-12  14  50 

//Reference=MNI 
//nullstudy_31
//Subjects=21
-2  -78  -34 
-22  -36  -44 

//Reference=MNI 
//nullstudy_32
//Subjects=18
-34  -62  50 
-22  10  -18 
16  32  50 
-12  12  32 
-10  -12  20 
-48  20  30 
-30  54  -18 
36  10  26 
-50  34  -4 
18  28  4 
-8  -76  28 
34  28  -16 
-16  -18  26 
-44  -62  -50 
-6  -40  6 
-16  4  70 
-28  -76  22 
-46  12  -22 
-62  -22  -8 

//Reference=MNI 
//nullstudy_33
//Subjects=20
-50  -18  42 
-10  -64  -28 
-6  -78  -6 
-16  64  16 
12  18  6 
-8  50  28 
-14  -56  8 
48  10  28 
-18  -32  -6 
-30  42  38 

//Reference=MNI 
//nullstudy_34
//Subjects=20
-38  -56  -2 
-28  30  -16 

//Reference=MNI 
//nullstudy_35
//Subjects=20
16  18  16 
-20  -34  66 
38  40  40 
-12  -62  46 
-24  56  -16 
60  4  26 
-16  28  44 
-22  -100  -10 

//Reference=MNI 
//nullstudy_36
//Subjects=20
-28  26  -26 
-70  -26  10 
-48  -14  -22 
6  36  20 
-48  12  -12 
6  22  32 

//Reference=MNI 
//nullstudy_37
//Subjects=20
-6  36  14 
-6  64  -16 
18  12  -8 
-16  -60  -42 
-4  52  0 
-6  -50  32 

//Reference=MNI 
//nullstudy_38
//Subjects=19
-18  64  22 
-52  6  16 
-22  64  24 
24  14  -16 
-30  -90  -26 
-40  24  -22 
-38  52  2 

//Reference=MNI 
//nullstudy_39
//Subjects=20
-24  -50  10 
4  6  66 
-44  8  28 
12  64  16 
-38  -92  -4 
-56  -14  44 
-22  -54  58 
-8  42  26 
-36  6  -24 

//Reference=MNI 
//nullstudy_40
//Subjects=20
-48  12  -18 
4  56  24 

//Reference=MNI 
//nullstudy_41
//Subjects=21
-30  52  -18 
-10  68  6 
-46  -56  -50 
-26  -66  -30 
50  2  -10 

//Reference=MNI 
//nullstudy_42
//Subjects=19
12  66  12 
-16  -74  -18 
-56  -16  6 
-52  -12  42 
20  30  58 

//Reference=MNI 
//nullstudy_43
//Subjects=20
2  36  40 
-6  -60  -20 
-26  -70  -20 
-46  20  2 
-62  -30  36 
26  18  50 
-42  52  -4 
-42  -48  62 
-54  -50  52 
8  52  40 
-2  -90  10 
-26  -78  -44 
-20  -94  -26 

//Reference=MNI 
//nullstudy_44
//Subjects=18
-46  -42  58 
-48  -44  58 
-22  -34  68 
-10  -80  -44 

//Reference=MNI 
//nullstudy_45
//Subjects=20
-42  -44  22 
-40  -54  -54 
-2  -36  -42 
12  70  14 

//Reference=MNI 
//nullstudy_46
//Subjects=21
-42  -54  0 
-16  -28  -18 

//Reference=MNI 
//nullstudy_47
//Subjects=20
-8  -34  -42 
-22  -64  62 
-34  -32  60 

//Reference=MNI 
//nullstudy_48
//Subjects=19
-20  -40  -32 
-62  -40  -18 
-2  56  2 
-6  10  68 
-26  -66  -46 
-46  8  -26 
-42  -30  -30 
-26  -68  2 
-12  18  16 
-14  -26  -18 
-4  -102  10 
-38  -70  -36 
-10  -30  -8 
-8  -28  -18 
-20  16  -40 

//Reference=MNI 
//nullstudy_49
//Subjects=19
-42  -74  -32 
-2  40  46 
-30  62  6 
-38  8  -40 
-52  -52  -14 

//Reference=MNI 
//nullstudy_50
//Subjects=18
-32  6  50 
-6  58  24 
18  2  24 

//Reference=MNI 
//nullstudy_51
//Subjects=21
-32  -36  -26 
12  68  10 

//Reference=MNI 
//nullstudy_52
//Subjects=21
-20  -92  10 
-54  -40  40 

//Reference=MNI 
//nullstudy_53
//Subjects=20
-38  -76  -20 
2  22  48 
-28  -96  -12 
-18  2  -20 
26  62  12 
-24  -76  -26 
-34  6  64 
-50  -22  -22 
-2  -66  60 
40  26  38 
18  38  42 

//Reference=MNI 
//nullstudy_54
//Subjects=19
-34  -64  22 
-26  -14  -38 
-4  34  -4 
48  20  8 
-12  2  -36 
-8  -32  62 
28  32  4 
18  10  -42 
-46  -18  18 
-46  -4  -18 

//Reference=MNI 
//nullstudy_55
//Subjects=21
-70  -22  -10 
16  2  -44 
38  24  4 
6  16  32 
2  32  -30 
-10  -66  12 

//Reference=MNI 
//nullstudy_56
//Subjects=19
10  26  54 
-58  -46  44 
-34  -20  50 

//Reference=MNI 
//nullstudy_57
//Subjects=19
26  56  32 
38  6  -36 
10  50  24 
-28  -76  -30 
-40  -60  6 
-8  -58  42 
-48  -14  30 
-56  -36  52 
-4  -88  10 

//Reference=MNI 
//nullstudy_58
//Subjects=21
-48  -6  -26 
-10  -58  32 

//Reference=MNI 
//nullstudy_59
//Subjects=21
-20  -74  -40 
-54  -28  58 
2  66  -2 

//Reference=MNI 
//nullstudy_60
//Subjects=20
-66  -28  -10 
-42  38  4 
-20  -28  4 
-16  -74  -18 
-34  -60  22 
-44  42  -4 
-68  -40  20 
4  24  32 
24  18  54 
-12  -88  -20 
-28  42  14 
26  12  62 
-44  2  32 
14  52  -24 
-30  -52  10 

//Reference=MNI 
//nullstudy_61
//Subjects=22
-50  -66  30 
2  4  30 
-14  -56  14 
-14  -88  18 
-8  -68  -36 
-64  -40  -26 
-4  -58  -38 
-34  -84  34 
-34  0  28 
-34  44  26 
8  62  30 
-30  32  50 
-34  -16  -10 

//Reference=MNI 
//nullstudy_62
//Subjects=21
-60  -4  -4 
-4  -76  -24 
-46  20  -34 
-60  -52  32 

//Reference=MNI 
//nullstudy_63
//Subjects=20
-38  20  10 
-20  -62  -20 
-52  -60  6 
-28  -46  34 
-34  22  0 
38  40  -18 
-16  -14  -36 
10  66  -18 
-28  -88  -10 
-44  -44  -22 
-6  -42  -62 

//Reference=MNI 
//nullstudy_64
//Subjects=21
2  52  26 
24  58  -14 
8  62  -12 
24  66  -10 
2  42  18 
-48  -60  -16 
-44  8  -42 
-22  12  58 
-22  -56  -56 
-66  -42  8 
-18  -80  24 
-2  -30  54 
-4  -100  -12 

//Reference=MNI 
//nullstudy_65
//Subjects=20
12  14  -26 
-24  -2  60 
4  42  22 
-6  18  26 
-12  -102  -12 
-4  -22  8 
-52  -50  -36 

//Reference=MNI 
//nullstudy_66
//Subjects=20
-46  -68  -50 
-34  -50  -38 
-36  -56  -50 
-38  -68  -32 
16  48  24 
-24  -42  62 
-48  36  10 
-10  -2  36 
-36  -54  44 
14  18  -24 
-40  -26  -30 

//Reference=MNI 
//nullstudy_67
//Subjects=20
-38  -64  -24 
-40  14  4 
22  32  60 
-8  -70  -38 
-2  58  12 

//Reference=MNI 
//nullstudy_68
//Subjects=19
-24  4  -48 
-28  -62  -14 
-18  -50  -50 
-26  -66  62 
2  28  18 

//Reference=MNI 
//nullstudy_69
//Subjects=19
-34  0  64 
-4  -96  18 
-50  -20  20 
-40  -32  40 
-14  -24  -26 

//Reference=MNI 
//nullstudy_70
//Subjects=19
-46  -34  56 
-8  10  68 
-12  24  -20 

//Reference=MNI 
//nullstudy_71
//Subjects=21
-10  -70  4 
-34  -2  58 

//Reference=MNI 
//nullstudy_72
//Subjects=20
-52  36  16 
-46  -76  -24 
14  58  -6 
-8  -44  30 
-16  12  56 
-30  -70  40 
26  10  -4 
-10  -84  -2 
-54  -10  28 
40  26  -18 
22  58  20 
-44  20  6 
-38  18  58 
0  48  52 
36  44  -14 
-14  -52  -4 
-4  -74  -26 
-10  2  20 
-28  -22  -26 
4  14  4 
-40  -8  44 
-18  -52  -26 
-40  36  2 
-34  60  -6 
-20  -72  54 
4  34  22 
-26  -32  -6 
-14  -80  -46 

//Reference=MNI 
//nullstudy_73
//Subjects=18
-58  -52  -20 
-12  -6  -36 
-22  -38  20 
-6  -66  -2 
14  48  -14 
-36  -62  54 
16  6  -44 
32  10  -44 
-22  -44  -14 
-20  -28  -22 
-54  -18  6 
-2  -92  30 
36  26  40 
-8  -44  -60 
-60  10  -8 
-10  -66  -22 
-28  -58  -38 
46  44  -6 
-34  -56  26 
-28  -72  -18 
42  12  -8 
-6  -24  38 
2  8  14 
-54  -18  20 

//Reference=MNI 
//nullstudy_74
//Subjects=20
-4  -34  -8 
-24  -34  64 

//Reference=MNI 
//nullstudy_75
//Subjects=20
8  44  50 
-26  -36  68 
-36  2  -14 
24  26  52 
-50  28  -16 
-54  16  18 
32  28  24 
42  8  42 
50  22  44 
6  28  -30 
40  22  -26 
-42  -16  -4 
-22  -26  -12 
2  16  -2 
10  40  -24 
34  28  -10 
-10  -54  28 
-16  -52  -40 
0  28  -14 
-32  20  -42 
-16  -62  -8 
20  52  -12 
-54  22  22 
18  10  -2 

//Reference=MNI 
//nullstudy_76
//Subjects=20
-2  -62  32 
10  48  -14 
-12  -50  50 
-62  -38  -16 
-38  -58  -14 
38  12  -4 

//Reference=MNI 
//nullstudy_77
//Subjects=20
-32  -92  4 
-52  -40  48 
-2  10  36 

//Reference=MNI 
//nullstudy_78
//Subjects=19
40  54  16 
-12  -46  -52 
-32  -20  68 

//Reference=MNI 
//nullstudy_79
//Subjects=22
-54  -70  30 
-12  20  6 
-44  44  -4 
20  12  64 
38  4  -28 
-42  30  -10 

//Reference=MNI 
//nullstudy_80
//Subjects=20
-40  -56  -18 
-16  70  14 
-46  2  0 
-54  6  -32 
-4  -92  28 

//Reference=MNI 
//nullstudy_81
//Subjects=21
-8  -80  0 
26  34  30 
-10  -34  -14 
-44  -22  48 
-64  -56  -14 
-4  -2  -12 
-8  16  -8 
-52  -6  -12 
46  30  44 
-14  -86  -6 
-12  48  16 
-16  -36  16 
-16  -12  -18 
26  20  58 
54  2  -22 
-18  48  -20 

//Reference=MNI 
//nullstudy_82
//Subjects=20
-28  -66  -20 
-24  -66  -38 
-46  -74  -20 

//Reference=MNI 
//nullstudy_83
//Subjects=20
-34  -94  -10 
-54  -34  -2 
-14  58  26 
44  14  -14 
-24  26  58 
-48  -72  -38 
-36  -30  18 
-44  26  26 
2  4  20 
-36  -58  -46 
-2  28  48 
-6  -64  30 
-34  -48  58 
-24  56  18 
-24  -48  -54 
-32  4  -34 
28  8  42 
-10  18  54 
28  54  16 
-12  -8  72 
46  22  -22 
-28  6  -38 
-40  -52  -16 
-4  -38  -36 
-6  24  34 
-2  -12  20 
-62  -18  2 
-14  38  20 
38  10  34 
-18  -12  -38 
-36  -22  -18 
-46  26  38 
-8  -6  -30 
-52  -38  20 
-24  -16  -38 
-34  20  60 
-40  -80  30 
-12  -44  54 
-8  -34  -52 
-4  30  -16 
-26  -46  42 
12  24  24 
-40  6  28 

//Reference=MNI 
//nullstudy_84
//Subjects=21
-52  6  -22 
-8  -6  74 
-6  10  2 
-40  2  -10 
6  32  4 
-4  -84  4 
58  2  40 

//Reference=MNI 
//nullstudy_85
//Subjects=20
-32  -84  26 
-52  -18  -16 
-46  0  -2 
-10  -38  46 
-6  60  -12 
2  56  40 
42  18  34 
8  52  40 
-22  -32  -28 
40  48  24 
-12  -68  -36 
-44  -12  -28 
-52  10  -12 
-36  -48  -40 
-50  4  -36 
40  24  -28 

//Reference=MNI 
//nullstudy_86
//Subjects=20
-34  24  -34 
-58  -28  18 
34  40  8 
-28  34  52 
-28  -26  -24 

//Reference=MNI 
//nullstudy_87
//Subjects=19
-2  -16  -14 
-34  -4  14 
-6  -76  36 
-20  -60  32 
-22  64  20 
-12  64  16 
-62  -6  30 
-54  -16  44 
-50  -26  32 

//Reference=MNI 
//nullstudy_88
//Subjects=20
-48  -10  -4 
-64  -46  -14 
-8  -26  -14 
8  56  -10 
-10  -62  -20 
-48  -52  -26 
-12  -26  -22 
42  6  42 
-12  -70  24 
-14  -94  -30 
34  6  -16 
-32  -6  2 
-50  -26  34 
42  4  -28 
-4  20  -12 
-44  -18  32 
26  58  14 
-52  12  6 
-6  -32  -54 
-36  44  28 
28  18  56 
34  18  -42 
8  20  70 
-48  -54  -36 

//Reference=MNI 
//nullstudy_89
//Subjects=19
-54  16  -10 
-16  14  -6 
52  36  22 

//Reference=MNI 
//nullstudy_90
//Subjects=20
-20  -70  32 
-60  -58  36 
-42  -58  -54 
-30  -66  -42 
26  56  24 
-36  4  -12 
-2  -78  -30 
-36  -72  -52 

//Reference=MNI 
//nullstudy_91
//Subjects=22
-38  4  -8 
40  16  32 
50  8  12 

//Reference=MNI 
//nullstudy_92
//Subjects=20
-2  -28  78 
-28  -28  -14 
42  8  22 
-24  -48  -14 

//Reference=MNI 
//nullstudy_93
//Subjects=18
22  6  -32 
-34  26  -6 

//Reference=MNI 
//nullstudy_94
//Subjects=21
30  4  -18 
-22  -10  58 
-4  -56  -36 
-40  -42  52 
-38  -24  -34 
-14  -8  -16 

//Reference=MNI 
//nullstudy_95
//Subjects=22
-32  -54  -32 
10  62  20 
-42  16  -32 
-18  -12  -10 
-42  6  -18 
-22  14  54 
-34  -6  58 
-8  4  12 
-32  -70  -34 
-20  -56  4 
-44  -16  36 
46  4  12 

//Reference=MNI 
//nullstudy_96
//Subjects=19
-42  -46  62 
-44  10  20 
-42  32  12 
-46  36  34 
-54  16  8 

//Reference=MNI 
//nullstudy_97
//Subjects=20
12  24  34 
-36  -66  -8 

//Reference=MNI 
//nullstudy_98
//Subjects=19
-50  -72  16 
-14  22  2 

//Reference=MNI 
//nullstudy_99
//Subjects=19
48  4  32 
-14  -24  -28 
-44  -56  -8 
-26  22  -32 
-62  -14  24 
-4  50  -28 
-68  -26  10 
20  2  -38 
-4  -42  40 
28  38  48 
-26  -52  50 
-6  -8  18 
-24  58  28 
-18  -78  24 
-52  -60  26 
-60  10  -2 
-20  -42  -50 
-48  -62  -40 
6  20  64 
-20  -24  20 
-16  -42  74 
-24  14  52 
-52  -4  -12 
-14  14  -8 
-42  10  -46 
10  36  48 
-16  -72  24 
-64  -40  36 
30  14  40 
-26  -12  -40 
-46  -62  -26 
-50  -50  -42 
-56  -34  -18 
-18  8  -20 
34  12  48 
-40  -24  40 
-60  -8  10 
-24  -52  -58 
-20  -28  -12 
16  50  44 
-12  -80  -48 

//Reference=MNI 
//nullstudy_100
//Subjects=20
-6  -44  62 
-10  -72  40 
-54  -20  18 
-40  -72  16 
32  44  0 
40  24  34 
-42  22  32 
-30  -28  62 
-38  -36  -30 

