//Reference=MNI 
//truestudy_1
//Subjects=31
45  -64  -7 
47  -68  -5 
47  -65  -5 
45  -67  -6 
45  -66  -6 
47  -66  -6 
44  -66  -4 
45  -67  -5 
46  -66  -7 
45  -65  -7 
46  -66  -7 
46  -66  -7 
45  -67  -6 
46  -67  -7 
47  -67  -5 
46  -67  -9 
45  -66  -5 
46  -64  -6 
47  -66  -6 
45  -68  -6 
46  -66  -7 
45  -66  -5 
45  -65  -6 
45  -66  -6 
47  -66  -6 

//Reference=MNI 
//truestudy_2
//Subjects=28
46  -66  -6 
44  -64  -6 

//Reference=MNI 
//truestudy_3
//Subjects=29
47  -66  -5 
45  -68  -5 

//Reference=MNI 
//nullstudy_1
//Subjects=31
48  6  -12 
8  44  50 
-26  -36  74 
6  54  -14 
-68  -30  -12 
-8  58  40 
-6  -80  -40 
-20  -68  -24 
-28  -8  50 
-20  14  -20 
-6  -22  -2 
-2  -60  16 
-14  -64  10 
-56  6  -26 
-42  36  -2 
-48  -56  40 
-46  -58  4 
-54  -62  -18 
6  48  2 
24  20  38 
36  54  -18 
16  50  12 
-66  -26  -14 
-46  18  -32 
-12  -66  -28 

//Reference=MNI 
//nullstudy_2
//Subjects=28
-26  -62  12 
-24  -38  -48 

//Reference=MNI 
//nullstudy_3
//Subjects=29
22  46  30 
-4  64  -18 

//Reference=MNI 
//nullstudy_4
//Subjects=29
-22  -18  72 
-24  -72  2 

//Reference=MNI 
//nullstudy_5
//Subjects=30
-4  -30  56 
40  6  26 
-42  -4  56 
-12  -98  -4 
62  10  -10 

//Reference=MNI 
//nullstudy_6
//Subjects=32
-12  32  -18 
-36  -86  -8 
-36  -70  -46 
50  18  -14 
22  38  50 
-2  22  66 
-52  24  18 
-44  2  48 
-24  -52  -44 
-16  -44  56 
-46  -46  -42 
38  52  -10 
-50  -52  28 
6  54  2 
46  26  22 
32  62  14 
-30  -82  0 
10  46  54 
22  10  -40 
-26  34  54 
-32  8  52 
-30  -78  -12 
-32  -34  38 
-4  -40  58 
-52  40  0 
-56  -12  -22 
-42  24  -18 
48  22  -22 
-2  -10  10 
-18  66  -10 
-2  -28  -30 
-56  24  28 
30  4  -50 
-10  -60  30 
-8  -20  52 
18  4  -32 
-10  -86  44 
16  8  18 
-58  -64  10 
34  4  8 
-46  6  0 
-46  40  -20 

//Reference=MNI 
//nullstudy_7
//Subjects=31
-4  -62  -58 
-12  2  -14 
8  52  46 
4  2  28 
-22  -94  4 
26  52  28 
-68  -32  -8 
-14  24  2 
-38  -26  14 

//Reference=MNI 
//nullstudy_8
//Subjects=28
-38  -14  2 
4  10  -2 

//Reference=MNI 
//nullstudy_9
//Subjects=30
-10  -32  -40 
-32  10  62 
-32  -18  70 
-24  -46  -36 
-46  4  26 
-2  -20  8 
4  34  12 
-8  -14  -34 
-34  54  18 
48  2  52 
-38  -20  -36 
-48  32  6 
-38  -52  18 
-24  -40  -6 

//Reference=MNI 
//nullstudy_10
//Subjects=29
2  14  -18 
-34  -22  -36 

//Reference=MNI 
//nullstudy_11
//Subjects=31
-48  -78  2 
-26  -6  0 
-30  50  -16 
62  12  14 
38  14  24 
-46  -42  22 
-14  -76  46 
-46  16  -22 
56  26  30 
-26  -24  70 
-20  22  58 
-50  18  12 
28  12  44 
20  56  -10 
8  48  38 
16  46  -10 

//Reference=MNI 
//nullstudy_12
//Subjects=29
-20  -100  -16 
-20  -74  26 

//Reference=MNI 
//nullstudy_13
//Subjects=29
-34  -50  -58 
2  4  14 
-8  -40  -32 

//Reference=MNI 
//nullstudy_14
//Subjects=30
-16  -18  62 
-36  -58  -4 
-12  -20  -30 
-4  -20  -34 

//Reference=MNI 
//nullstudy_15
//Subjects=29
-26  40  22 
-10  -26  12 
-2  -88  -10 
-52  -36  28 

//Reference=MNI 
//nullstudy_16
//Subjects=29
-34  -10  -42 
-14  -98  -2 
-16  -32  -36 

//Reference=MNI 
//nullstudy_17
//Subjects=27
10  20  46 
-14  44  52 

//Reference=MNI 
//nullstudy_18
//Subjects=31
0  68  2 
-56  24  18 

//Reference=MNI 
//nullstudy_19
//Subjects=29
38  48  0 
-26  52  26 
-38  -52  60 
-12  -98  0 
50  24  2 
26  52  30 
36  20  -32 
-42  -70  -4 
-46  -16  -14 

//Reference=MNI 
//nullstudy_20
//Subjects=31
-36  -44  -26 
38  4  -6 
-46  -42  42 
-50  -24  18 
-46  -8  -48 
-2  42  46 
-14  -66  6 
-30  -50  66 
-14  26  -14 

//Reference=MNI 
//nullstudy_21
//Subjects=31
14  58  32 
-60  -26  -20 

//Reference=MNI 
//nullstudy_22
//Subjects=30
8  2  10 
-4  38  50 
34  4  46 
34  2  6 
-16  -84  -10 
38  48  6 
-2  -48  72 
-38  30  -10 
8  16  42 

//Reference=MNI 
//nullstudy_23
//Subjects=30
-68  -22  0 
-18  -100  -8 
-48  -46  -26 
-48  -48  -16 
-28  -4  -2 
-16  26  60 
-42  14  36 
-8  -98  -16 
-30  12  -30 
-50  -68  34 
-8  -22  -34 
44  8  4 
-34  -72  46 
-10  -82  40 
10  10  62 
-20  20  62 
-18  30  -18 
-56  -62  34 
-40  -22  24 
-38  -74  6 
-24  26  -26 

//Reference=MNI 
//nullstudy_24
//Subjects=30
-10  -70  8 
-6  -102  14 
-4  -38  -42 
-32  -34  -30 

//Reference=MNI 
//nullstudy_25
//Subjects=29
-34  -82  -12 
-26  -66  -26 
-34  2  -38 
-14  -38  44 
-30  -54  -16 

//Reference=MNI 
//nullstudy_26
//Subjects=27
10  8  -26 
-30  4  34 
-14  -60  2 
-36  -46  -34 
-42  -40  -26 
6  56  -18 

//Reference=MNI 
//nullstudy_27
//Subjects=30
-32  28  -14 
-68  -20  4 

//Reference=MNI 
//nullstudy_28
//Subjects=28
-16  46  -22 
-6  -28  -14 

//Reference=MNI 
//nullstudy_29
//Subjects=30
-6  -72  46 
-32  50  20 
-28  36  24 
-26  56  20 
-4  -44  8 
-36  -72  -50 
8  12  66 
-38  -10  20 
-2  -16  14 
-6  -32  14 
-4  -24  -16 
-36  -82  6 
-16  -34  -18 
-44  -4  -26 
8  60  -4 
-56  10  -8 

//Reference=MNI 
//nullstudy_30
//Subjects=29
-16  -8  -42 
-52  -76  10 

//Reference=MNI 
//nullstudy_31
//Subjects=30
-48  -10  -8 
42  36  0 
2  56  -14 
-34  -2  36 
-48  -20  38 

//Reference=MNI 
//nullstudy_32
//Subjects=30
-6  2  46 
44  6  58 
-68  -28  -2 

//Reference=MNI 
//nullstudy_33
//Subjects=29
-58  -36  40 
-48  -30  54 
-52  -60  26 
10  36  12 
-48  -76  10 
-44  -24  64 
20  30  -24 

//Reference=MNI 
//nullstudy_34
//Subjects=30
-4  12  70 
30  50  32 
-40  24  20 
-52  -18  38 
-16  -34  40 
-10  52  24 
-34  34  10 

//Reference=MNI 
//nullstudy_35
//Subjects=31
-32  -72  -30 
-22  -64  -22 
-4  -48  -62 
-26  -90  -38 

//Reference=MNI 
//nullstudy_36
//Subjects=31
-40  -64  6 
-2  -54  8 
-32  34  30 
-10  -72  48 
10  22  12 

//Reference=MNI 
//nullstudy_37
//Subjects=29
6  50  4 
20  66  -16 
-20  -98  20 
-26  8  -6 
-2  -58  -54 
-38  -28  68 
-40  10  44 
-14  4  58 
-24  -8  -22 

//Reference=MNI 
//nullstudy_38
//Subjects=28
-44  -74  -42 
-10  -30  -20 
-58  -62  -6 
-64  -16  -18 
16  64  4 
-4  -70  -34 
-24  -90  -8 
-56  0  18 
-42  36  32 

//Reference=MNI 
//nullstudy_39
//Subjects=31
22  22  64 
-10  62  24 

//Reference=MNI 
//nullstudy_40
//Subjects=30
-6  -94  8 
-20  34  -18 
-50  -2  -18 

//Reference=MNI 
//nullstudy_41
//Subjects=31
20  4  68 
-46  4  -36 
-58  -14  -2 
-32  -56  -8 
-46  -74  24 
-62  -26  12 
-22  66  -10 
28  22  42 
-22  -76  -24 
-10  -92  2 

//Reference=MNI 
//nullstudy_42
//Subjects=29
-58  -54  -14 
-54  -20  44 

//Reference=MNI 
//nullstudy_43
//Subjects=30
-4  30  -20 
-34  -6  16 
36  52  -4 
12  4  70 
-8  0  -26 
22  32  54 
-50  -60  -42 
-42  -44  22 

//Reference=MNI 
//nullstudy_44
//Subjects=33
-46  -48  28 
-58  -6  40 
-46  12  8 

//Reference=MNI 
//nullstudy_45
//Subjects=30
-18  -82  4 
36  52  30 
-12  -92  4 
-38  28  36 
4  26  40 
-38  2  -22 
44  54  4 
-52  -26  38 
-12  54  32 

//Reference=MNI 
//nullstudy_46
//Subjects=29
-52  -6  54 
-48  -26  14 
-42  -62  50 
-34  -30  72 
-8  4  -30 
8  40  8 
10  28  -26 
-14  -94  24 
2  32  36 
-50  -46  -12 
-16  -40  -8 
-4  -2  4 
-62  -22  -28 
-42  -26  -22 
-12  -46  -58 
-34  -30  44 
-40  -2  64 
-52  -10  -22 
-44  2  46 
16  38  42 
-2  -18  66 
-50  -22  50 
-40  -28  58 
-18  -92  -36 
-26  -54  50 
-14  -60  -24 
-28  24  14 
-46  34  16 
-26  -58  -16 
-34  38  26 
-18  -80  46 
42  28  -16 
38  58  -8 
48  34  28 
22  12  66 

//Reference=MNI 
//nullstudy_47
//Subjects=30
-4  -74  -14 
-50  12  -38 
-28  14  10 
-24  -40  -24 
-10  24  46 
-60  -38  -28 
-6  -62  38 
-30  10  64 
-10  -80  -20 

//Reference=MNI 
//nullstudy_48
//Subjects=30
-24  -18  -14 
-66  -40  14 
48  40  -4 
-60  -52  4 

//Reference=MNI 
//nullstudy_49
//Subjects=30
-28  52  0 
-38  8  -6 
-44  -74  -4 

//Reference=MNI 
//nullstudy_50
//Subjects=31
-44  12  54 
-40  -8  -28 
-26  48  8 
-56  -36  16 
-54  16  38 
-66  -30  -26 
-56  8  -16 

//Reference=MNI 
//nullstudy_51
//Subjects=28
-2  -64  38 
-6  6  52 
4  6  70 
-40  -42  -10 
-48  -8  40 
-10  -48  -22 

//Reference=MNI 
//nullstudy_52
//Subjects=31
-28  -8  -46 
6  44  44 
-52  -38  -24 
-20  40  -12 
-2  -74  -8 
12  64  -16 

//Reference=MNI 
//nullstudy_53
//Subjects=30
44  20  16 
28  28  -22 
-26  -36  4 
-16  -54  60 
-60  -4  18 
-40  -56  -58 
-34  -64  -32 
-26  34  48 

//Reference=MNI 
//nullstudy_54
//Subjects=28
0  32  10 
24  12  54 

//Reference=MNI 
//nullstudy_55
//Subjects=31
-46  -42  42 
-12  -60  14 
-12  -4  -14 
-52  -74  24 
34  2  52 
-42  -18  -36 
-46  2  -40 
-46  -44  -48 
-2  4  -24 
-2  -72  -26 
-44  -34  -28 
28  58  10 
54  28  10 
-2  -40  -56 
-24  24  48 

//Reference=MNI 
//nullstudy_56
//Subjects=30
-46  36  10 
-2  -82  -30 
-46  -76  30 
-42  -22  22 
-4  26  40 

//Reference=MNI 
//nullstudy_57
//Subjects=30
-8  -54  22 
14  54  -10 

//Reference=MNI 
//nullstudy_58
//Subjects=30
-28  -50  -60 
-2  48  20 
-12  -80  -16 
-52  -70  34 
-48  -16  12 
-4  52  -4 
26  12  -2 
50  22  0 
-34  -58  48 
-22  -84  -28 
-10  -48  0 
-8  4  4 
-30  -76  26 

//Reference=MNI 
//nullstudy_59
//Subjects=30
-16  -76  -16 
-24  -8  10 
-62  -60  0 
8  38  18 
0  52  32 
-42  -32  64 
-22  -56  68 
-14  -26  72 
-48  22  22 
-32  12  -34 
-2  64  30 
-64  -36  16 

//Reference=MNI 
//nullstudy_60
//Subjects=29
-28  -20  2 
-28  -56  -14 
-48  -12  48 
-28  6  10 
36  2  -2 
-10  -50  -64 
4  12  54 

//Reference=MNI 
//nullstudy_61
//Subjects=31
-52  -14  42 
-28  32  36 
-2  -42  12 
-26  -22  52 
-22  -66  4 
-10  0  48 
52  2  42 

//Reference=MNI 
//nullstudy_62
//Subjects=31
26  42  20 
-50  -30  44 
0  12  -22 
-46  -68  12 
42  4  50 

//Reference=MNI 
//nullstudy_63
//Subjects=31
10  18  52 
36  40  28 
-40  4  46 
-56  -52  -16 

//Reference=MNI 
//nullstudy_64
//Subjects=31
-50  -48  40 
46  30  16 
42  10  -28 
50  46  6 
-30  -58  46 
-4  60  -18 
34  60  -6 
-54  -60  -20 
-32  -54  58 
-6  -102  8 
-12  -18  -22 
18  28  10 
-46  48  10 
-14  -24  -8 

//Reference=MNI 
//nullstudy_65
//Subjects=31
-14  -96  20 
-68  -24  10 
-36  22  -30 
-28  -44  -14 
-62  -34  40 
-14  -60  -8 

//Reference=MNI 
//nullstudy_66
//Subjects=30
-22  -66  10 
-16  -92  -14 
-30  -80  -48 
32  34  26 
18  10  0 
-40  44  -20 
42  12  -2 
-14  -34  78 
-54  -34  2 
-50  28  0 
-36  0  34 
18  2  68 

//Reference=MNI 
//nullstudy_67
//Subjects=31
-10  -58  12 
-30  16  -32 
44  18  0 
-6  48  0 
2  14  14 
-4  46  -28 
-48  20  -22 
54  30  6 
-4  34  -30 
-30  10  36 
6  20  2 
-20  -40  -48 

//Reference=MNI 
//nullstudy_68
//Subjects=31
-26  38  42 
20  4  -44 
-58  -24  34 
-14  -70  4 
-6  -18  -10 
-26  -40  -38 
-60  -42  2 
48  4  52 
-12  -52  -62 

//Reference=MNI 
//nullstudy_69
//Subjects=30
-46  18  22 
-34  40  18 
-30  60  8 
10  44  38 
-16  -28  40 

//Reference=MNI 
//nullstudy_70
//Subjects=31
-40  -26  12 
4  10  56 
-42  -40  0 
-12  -26  -32 
22  48  14 
-22  -16  74 
6  28  20 
40  16  46 
-16  -62  -62 
-4  -90  30 
30  64  -12 
-30  -26  -28 
48  30  2 
36  20  -12 
-42  -46  -14 
-22  6  48 
-40  -40  -48 
-12  -84  12 

//Reference=MNI 
//nullstudy_71
//Subjects=29
36  4  -10 
54  8  10 
6  48  22 
-34  -80  16 
-54  -60  -32 
-10  -20  -20 
-40  -4  -8 
-6  -36  44 
-34  4  46 

//Reference=MNI 
//nullstudy_72
//Subjects=31
-14  -62  -54 
-12  8  22 
-12  -14  36 
-2  44  50 
-16  0  -16 

//Reference=MNI 
//nullstudy_73
//Subjects=31
-26  56  12 
-20  -50  -26 
-40  -30  4 
56  12  -32 
40  2  -48 
-28  56  10 
-2  -60  2 
-10  -40  -16 
-2  16  36 
40  20  -4 

//Reference=MNI 
//nullstudy_74
//Subjects=30
44  28  18 
18  4  58 

//Reference=MNI 
//nullstudy_75
//Subjects=29
-34  42  12 
-10  -66  -58 
26  26  58 
14  8  20 
52  6  34 
-10  -40  -58 
-46  -14  58 
-22  2  60 
-2  6  26 
-34  -4  44 

//Reference=MNI 
//nullstudy_76
//Subjects=29
14  22  -28 
-6  -12  6 
16  50  -18 
-24  -4  54 
-54  2  44 
-44  -52  8 
14  8  -30 
-10  -24  -22 
28  34  52 
-8  -28  -28 
-54  -14  -32 
-52  -38  -26 
-34  -70  -40 
-20  -34  -10 
10  6  8 
-28  44  36 
-32  -10  44 
-46  -42  44 
-14  -88  -24 
-10  -92  -6 
-40  -2  8 
-48  6  -22 
-46  36  -16 
42  8  44 
-8  -82  -22 
-50  -28  -30 
6  22  -30 
-6  -66  62 
-32  -54  50 

//Reference=MNI 
//nullstudy_77
//Subjects=29
-6  0  2 
-14  -36  -28 
-10  -12  12 
66  2  26 
-60  -28  32 
-46  -10  50 
38  32  34 

//Reference=MNI 
//nullstudy_78
//Subjects=30
8  10  60 
-4  20  -16 

//Reference=MNI 
//nullstudy_79
//Subjects=31
12  60  30 
-60  -20  -8 

//Reference=MNI 
//nullstudy_80
//Subjects=32
-56  30  -2 
-8  -64  -32 

//Reference=MNI 
//nullstudy_81
//Subjects=29
60  16  -2 
2  28  26 

//Reference=MNI 
//nullstudy_82
//Subjects=30
-60  -42  -16 
40  16  12 
-26  10  -48 
-28  40  44 
-22  -2  -4 
-10  -80  50 
-4  -14  10 
-20  2  64 
-56  -52  46 
-40  10  56 
-50  -30  54 
-46  -24  40 
-20  -48  -10 
-46  -16  -26 
-42  4  4 
44  36  8 

//Reference=MNI 
//nullstudy_83
//Subjects=29
-2  22  -6 
-44  24  18 
-32  -12  60 
-14  -82  -38 
-34  -50  54 
-20  -82  -6 

//Reference=MNI 
//nullstudy_84
//Subjects=31
28  30  46 
18  50  24 
-14  8  24 
16  52  20 
-14  -46  6 
-52  -12  -26 
6  54  -16 
-12  -50  40 
-14  -42  -24 
-60  -52  8 
-32  4  46 
-30  36  18 

//Reference=MNI 
//nullstudy_85
//Subjects=29
-24  -46  -20 
18  30  8 
-32  26  50 
-6  -64  50 
12  38  6 
-2  -54  -22 
-6  -66  54 
-12  12  4 
-60  -30  -24 
46  26  24 
-8  -66  -10 
-32  -50  -48 
18  32  60 
-4  -34  -14 
-14  -92  10 
-10  56  22 
24  28  50 
-60  6  -22 

//Reference=MNI 
//nullstudy_86
//Subjects=30
-54  2  -18 
-56  -12  44 

//Reference=MNI 
//nullstudy_87
//Subjects=30
-4  -22  72 
0  40  12 
28  22  -10 

//Reference=MNI 
//nullstudy_88
//Subjects=31
46  4  -22 
-30  2  32 

//Reference=MNI 
//nullstudy_89
//Subjects=30
-32  -36  36 
-4  -28  -52 
-30  -10  60 
-38  26  36 
-50  -8  -44 
-6  -50  28 
-28  -20  66 
-10  -98  4 
-26  52  -2 
36  16  -10 
-10  -18  -20 
30  8  -12 
44  14  -44 
-4  16  -28 
-50  -54  8 
-20  16  -40 
26  34  46 
42  18  -6 

//Reference=MNI 
//nullstudy_90
//Subjects=31
34  4  -14 
-36  44  14 

//Reference=MNI 
//nullstudy_91
//Subjects=31
-24  -32  -36 
26  66  6 
-28  18  -36 
-20  20  40 
38  46  -4 

//Reference=MNI 
//nullstudy_92
//Subjects=30
-26  -52  -12 
-4  -38  -54 
-12  68  -4 
-52  -58  46 

//Reference=MNI 
//nullstudy_93
//Subjects=31
-20  -64  -26 
38  46  18 
-12  36  34 
18  52  44 
4  6  64 
-36  -68  56 
-46  -16  48 
-26  -58  44 
56  8  0 
-30  -36  -16 
-34  -52  -50 
-34  12  6 
-14  -90  2 
-18  -22  20 
-24  -78  8 
-28  64  2 
-34  10  -26 
-38  4  -8 
38  40  -10 
36  60  16 
-2  -36  42 
2  44  10 
-32  46  28 
-30  -30  -14 
-6  58  4 
-54  -66  30 
-48  -38  -12 
-58  -2  26 
-8  -18  20 
-2  20  44 
44  4  56 
4  6  64 
40  6  -20 
-40  -32  -20 
0  42  -28 
14  6  72 
-20  62  6 
-32  -6  12 
-62  -6  -20 
-4  -72  48 
-14  -58  68 
-30  -8  66 
-18  -26  74 
-6  -72  38 

//Reference=MNI 
//nullstudy_94
//Subjects=30
-20  10  -16 
-20  -46  16 
-28  -50  -4 
-38  -64  58 
40  32  44 

//Reference=MNI 
//nullstudy_95
//Subjects=30
-46  -30  46 
-4  46  16 
-12  -36  -38 
-18  -72  4 
-54  -28  18 
8  44  2 
-50  -36  2 
-40  -8  62 
-34  40  -8 

//Reference=MNI 
//nullstudy_96
//Subjects=30
28  30  -18 
-38  26  46 
30  54  30 
-6  -70  40 
-28  -16  -42 
14  4  -40 
-24  -62  66 
-58  -4  24 
40  20  12 
-16  -24  64 
-12  -58  70 

//Reference=MNI 
//nullstudy_97
//Subjects=28
-30  -66  34 
-50  -10  34 
20  16  16 
8  68  14 
-6  34  28 

//Reference=MNI 
//nullstudy_98
//Subjects=30
-10  -92  -24 
-6  56  42 
-20  6  62 
-6  -70  28 
0  26  28 
44  32  32 
-18  0  76 
32  12  46 
-38  2  34 
-42  -72  -12 
-28  -72  48 

//Reference=MNI 
//nullstudy_99
//Subjects=30
-44  6  2 
46  32  -14 
30  20  48 
-38  -62  18 
22  8  56 
40  32  40 
-62  -20  4 

//Reference=MNI 
//nullstudy_100
//Subjects=31
-54  -24  14 
-36  -62  60 
-8  44  -2 
0  26  66 

