//Reference=MNI 
//truestudy_1
//Subjects=18
47  -67  -6 
47  -66  -5 

//Reference=MNI 
//truestudy_2
//Subjects=19
45  -68  -7 
45  -67  -7 
47  -67  -5 
47  -65  -7 

//Reference=MNI 
//truestudy_3
//Subjects=21
48  -66  -6 
45  -66  -5 
46  -66  -6 
46  -66  -6 
45  -67  -5 
46  -66  -4 
45  -67  -4 
45  -66  -5 
44  -66  -7 
47  -66  -5 
46  -65  -6 
45  -64  -5 
46  -65  -7 
47  -65  -6 
46  -66  -7 
47  -66  -6 
47  -67  -6 
47  -67  -8 

//Reference=MNI 
//nullstudy_1
//Subjects=18
-12  -38  32 
48  14  34 

//Reference=MNI 
//nullstudy_2
//Subjects=19
22  42  -22 
-14  -78  -46 
-26  38  20 
58  6  36 

//Reference=MNI 
//nullstudy_3
//Subjects=21
-42  -40  46 
-8  26  -26 
-12  70  4 
-38  -40  38 
-52  0  -14 
-30  -78  20 
-6  2  -30 
-20  46  -12 
-50  -24  -30 
32  34  42 
-54  10  12 
52  6  -14 
-38  20  -2 
-20  -32  60 
58  16  18 
-28  -58  42 
-46  24  34 
18  30  44 

//Reference=MNI 
//nullstudy_4
//Subjects=20
-64  -34  -12 
38  52  16 
-10  64  6 
28  42  48 

//Reference=MNI 
//nullstudy_5
//Subjects=19
-22  -32  74 
-16  -62  66 
-50  -74  10 

//Reference=MNI 
//nullstudy_6
//Subjects=19
-52  -30  46 
-4  -40  -48 

//Reference=MNI 
//nullstudy_7
//Subjects=20
-10  6  -30 
-42  -78  -38 
-2  16  38 
46  26  10 

//Reference=MNI 
//nullstudy_8
//Subjects=19
-4  -12  12 
-8  -10  2 

//Reference=MNI 
//nullstudy_9
//Subjects=20
56  30  -4 
18  4  68 
-12  -60  62 
-24  66  -2 
-4  4  -8 
-40  -64  20 

//Reference=MNI 
//nullstudy_10
//Subjects=22
28  12  6 
-8  -66  -46 
-28  -14  50 
-36  -16  -38 
-54  -22  -28 
-18  52  14 
34  34  -18 
0  68  6 
32  4  -48 
-62  4  6 
-8  -50  70 
-22  58  16 
-14  -94  32 
-38  -42  -12 

//Reference=MNI 
//nullstudy_11
//Subjects=19
-50  -24  34 
-66  -50  -16 

//Reference=MNI 
//nullstudy_12
//Subjects=20
-32  -56  4 
-34  -48  40 
-32  14  42 
38  4  16 
-52  -24  -18 
6  38  2 

//Reference=MNI 
//nullstudy_13
//Subjects=20
60  6  -24 
-2  -50  32 
-24  -72  -16 
-30  -42  54 
52  8  40 
26  2  60 
-24  -44  48 
-4  -84  14 
-56  -24  50 

//Reference=MNI 
//nullstudy_14
//Subjects=19
-12  -66  -42 
-58  -38  2 

//Reference=MNI 
//nullstudy_15
//Subjects=20
-2  -34  -20 
-8  36  52 
4  28  28 
-62  -28  10 

//Reference=MNI 
//nullstudy_16
//Subjects=21
-38  -42  50 
32  10  38 
-14  -54  -36 
-16  40  48 
-34  28  -26 
-2  66  26 
-2  38  24 
-40  -20  62 
-38  12  -10 
-32  -36  64 
-8  22  50 
36  14  42 

//Reference=MNI 
//nullstudy_17
//Subjects=21
12  34  20 
-48  -10  -28 
-38  -54  34 
-50  8  30 
8  4  18 
-4  -34  68 
-20  58  30 
-20  -22  2 
-12  -34  72 
42  36  -10 

//Reference=MNI 
//nullstudy_18
//Subjects=20
-4  -6  18 
52  6  -32 
-20  -28  14 
-6  -74  -4 
-12  60  26 
-16  -36  22 
-64  -8  2 
38  38  -4 

//Reference=MNI 
//nullstudy_19
//Subjects=19
-16  -68  -42 
-20  -22  60 

//Reference=MNI 
//nullstudy_20
//Subjects=19
-46  40  28 
-12  -64  -40 
-30  2  68 

//Reference=MNI 
//nullstudy_21
//Subjects=21
52  14  -4 
-64  -42  36 
-50  -48  -40 
-2  -28  60 
-4  12  -26 
36  22  46 
-58  -54  22 
-24  -50  -62 
20  16  0 
4  10  64 
0  10  42 
-2  -16  -42 
-8  62  28 
-14  -34  -2 
-36  0  66 
-48  -22  -24 
-42  -42  60 
-24  -88  -34 
-38  26  10 
-4  2  -28 
12  28  38 
12  56  22 
30  6  -14 
-18  38  52 
-34  6  64 
-34  -8  0 
-34  -58  -34 
-12  8  4 
-38  18  -32 
-52  -60  2 
42  6  36 
56  6  -34 
-6  20  10 
12  66  6 
-48  -84  -6 
-56  28  10 
42  50  6 
2  22  -30 
-46  -14  -18 
-36  -66  22 
-48  -4  38 
-56  -66  34 
50  28  24 
-54  2  12 
-14  -48  56 
14  38  56 
-2  50  12 
-14  -44  74 
-26  22  60 
28  8  -28 

//Reference=MNI 
//nullstudy_22
//Subjects=21
-30  -56  -58 
-36  -60  -42 
-16  -62  14 
12  54  36 
-30  -58  -16 
30  12  -28 
-30  -46  -20 
-62  -46  -12 
-8  -34  16 
-14  -84  -46 
-38  -6  -6 

//Reference=MNI 
//nullstudy_23
//Subjects=19
-16  -54  8 
-38  -10  -12 
-48  6  54 

//Reference=MNI 
//nullstudy_24
//Subjects=19
-46  38  -14 
-46  14  16 
-26  -28  -30 
-8  -34  16 

//Reference=MNI 
//nullstudy_25
//Subjects=21
-44  0  -32 
-44  16  36 
-2  -44  -48 
-50  -56  -4 
-50  -32  24 
-24  -66  6 
14  46  -6 
-56  -28  -24 
10  16  -30 
-14  18  -6 

//Reference=MNI 
//nullstudy_26
//Subjects=19
-40  -30  16 
-18  -60  12 

//Reference=MNI 
//nullstudy_27
//Subjects=19
-14  -78  -20 
2  12  36 
-60  -2  18 

//Reference=MNI 
//nullstudy_28
//Subjects=20
-36  16  14 
26  16  -20 
-38  4  -44 
-18  56  -6 
24  34  48 
-28  6  -36 
-18  66  -8 

//Reference=MNI 
//nullstudy_29
//Subjects=19
-24  -84  4 
-2  -28  -14 

//Reference=MNI 
//nullstudy_30
//Subjects=20
-56  -46  44 
24  64  8 
-50  -68  26 
-38  0  14 
-30  12  32 
-26  -46  62 

//Reference=MNI 
//nullstudy_31
//Subjects=19
-54  -40  50 
32  32  54 
22  2  10 

//Reference=MNI 
//nullstudy_32
//Subjects=20
-36  -84  4 
-36  18  56 
-20  42  -20 
-18  -62  6 
-26  -66  -42 
-28  -58  -26 

//Reference=MNI 
//nullstudy_33
//Subjects=19
-48  0  -24 
-36  -72  0 
-32  -90  14 

//Reference=MNI 
//nullstudy_34
//Subjects=20
-50  -40  6 
-2  -8  34 
-26  -48  -56 
-38  -6  10 
22  46  28 

//Reference=MNI 
//nullstudy_35
//Subjects=18
-12  -24  -16 
-52  -48  22 

//Reference=MNI 
//nullstudy_36
//Subjects=20
12  4  18 
-32  -78  -34 
-2  -66  14 
-28  -66  -34 
-22  -66  64 
2  36  36 

//Reference=MNI 
//nullstudy_37
//Subjects=21
-38  -54  50 
-26  -66  -60 
-30  32  52 
48  20  -16 
-2  -12  30 
-32  40  44 
-14  62  24 
-8  -4  58 
-2  -32  48 
-8  -2  44 
-30  -52  48 
-44  28  -10 
-60  20  12 

//Reference=MNI 
//nullstudy_38
//Subjects=22
-40  -52  64 
-28  -24  -26 
-22  -24  70 
-42  -82  -28 
26  6  0 
-28  -76  46 
-20  -82  32 
-32  32  36 
-38  -78  4 
-28  -76  32 
-10  -2  52 
-24  -52  -58 
-24  -58  14 
18  12  62 
62  10  22 
-28  -10  54 
46  28  20 
-32  -34  56 
-10  -8  42 
-12  -78  0 
24  50  0 
-42  6  -44 
-28  -54  36 
-20  -24  8 
-56  16  10 
-6  -40  -20 
-66  -26  16 
-30  8  8 
-28  -70  24 
-58  -10  38 
26  2  68 
-12  -62  -42 
30  20  -36 
28  46  -8 
50  24  -20 
12  2  -8 
-34  12  40 
-6  -46  12 
-46  -80  -20 
-52  24  24 
-48  -84  12 
-12  -36  60 
-2  -16  -18 
-16  -58  24 
-46  -66  -6 
-18  66  8 
-2  42  12 
22  58  24 

//Reference=MNI 
//nullstudy_39
//Subjects=20
24  4  -38 
-8  -78  2 
-12  16  -22 
44  42  30 
-12  -8  26 
-34  38  30 

//Reference=MNI 
//nullstudy_40
//Subjects=18
-16  -28  68 
-12  -46  -12 

//Reference=MNI 
//nullstudy_41
//Subjects=18
6  42  14 
-18  10  -12 

//Reference=MNI 
//nullstudy_42
//Subjects=19
-28  8  -12 
56  4  -22 
-52  -60  -44 
-38  -34  54 

//Reference=MNI 
//nullstudy_43
//Subjects=21
12  34  -10 
-44  20  14 
-36  -34  -30 
-56  -34  -20 
32  14  12 
-18  -20  66 
-8  36  20 
-14  -54  -6 
-4  -80  10 
-58  -28  22 
-26  -18  76 

//Reference=MNI 
//nullstudy_44
//Subjects=21
-22  46  16 
-36  -58  32 
-16  52  40 
-46  -4  -44 
-60  12  10 
42  50  16 
-16  -30  -6 
-2  -20  0 
-6  -56  6 
-18  -32  -28 
-30  -62  -42 
-22  -36  74 
-42  14  6 
14  56  -10 
-56  -14  44 
-44  -68  -22 
-16  -32  6 

//Reference=MNI 
//nullstudy_45
//Subjects=19
-44  -62  -36 
20  14  -2 

//Reference=MNI 
//nullstudy_46
//Subjects=20
-12  -24  70 
-46  28  16 
-40  -68  32 
-58  -70  10 
-44  20  -36 

//Reference=MNI 
//nullstudy_47
//Subjects=21
-50  -46  44 
-22  -68  16 
-14  -62  6 
46  12  -14 
-18  -44  72 
-48  2  54 
-36  4  24 
22  52  36 
-52  -20  -14 
-14  54  40 

//Reference=MNI 
//nullstudy_48
//Subjects=20
-56  2  10 
38  44  6 
-46  -52  -54 
-8  -76  58 
20  30  -16 

//Reference=MNI 
//nullstudy_49
//Subjects=19
-40  6  -46 
-16  12  -16 
-48  6  46 

//Reference=MNI 
//nullstudy_50
//Subjects=19
-44  -64  -52 
-46  -4  56 
-6  -52  -28 

//Reference=MNI 
//nullstudy_51
//Subjects=19
4  24  60 
-18  -90  28 

//Reference=MNI 
//nullstudy_52
//Subjects=18
-16  64  -16 
-38  -48  62 

//Reference=MNI 
//nullstudy_53
//Subjects=22
-52  -58  -14 
-2  46  0 
30  54  2 
-28  64  8 
-18  -50  -40 
-46  0  40 
-16  22  -12 
-60  -4  -26 
-34  -82  28 
-28  -6  54 
-8  -74  38 
-18  -52  -54 
-66  -36  10 
-56  -14  -34 
-14  -82  28 
-8  18  6 
-36  -86  14 
12  24  -4 
-48  -54  -14 
-44  -44  24 
-10  -70  -6 
-50  -40  22 
-54  26  28 
-48  -48  52 
-26  -4  -42 
-22  -64  -54 
-8  36  42 
-6  -78  8 
16  12  -12 
-44  -74  44 

//Reference=MNI 
//nullstudy_54
//Subjects=20
50  8  -10 
-38  -26  -32 
-4  42  54 
2  22  44 
-12  28  22 
-4  -28  8 

//Reference=MNI 
//nullstudy_55
//Subjects=20
-34  4  26 
-54  -22  10 
-18  -28  -10 
-4  -76  -28 

//Reference=MNI 
//nullstudy_56
//Subjects=19
-32  4  56 
16  30  -2 
-10  -60  64 

//Reference=MNI 
//nullstudy_57
//Subjects=21
-42  28  44 
-46  34  -8 
-60  -6  6 
-48  -68  36 
-28  36  34 
-52  -42  28 
-38  -62  0 
-6  -50  54 
2  50  -16 

//Reference=MNI 
//nullstudy_58
//Subjects=20
44  46  24 
38  6  -28 
-6  64  -12 
58  12  18 
-8  -60  26 

//Reference=MNI 
//nullstudy_59
//Subjects=20
-44  36  36 
-22  -26  -6 
4  10  36 
-8  -60  68 

//Reference=MNI 
//nullstudy_60
//Subjects=22
-38  -44  -12 
-34  -54  40 
-30  24  -34 
-20  -50  70 
18  54  18 
-52  10  -2 
42  2  2 
-50  24  -2 
-50  -80  14 
-22  -80  44 
10  64  -16 
-40  12  54 
-52  32  4 

//Reference=MNI 
//nullstudy_61
//Subjects=20
60  20  2 
34  34  4 
-10  -20  72 
-66  -30  -8 

//Reference=MNI 
//nullstudy_62
//Subjects=19
-6  -2  6 
-40  24  -4 
-38  48  4 

//Reference=MNI 
//nullstudy_63
//Subjects=21
0  32  0 
-26  8  -34 
-44  28  18 
14  58  36 
-40  -64  -26 
-50  26  6 
42  58  10 
20  32  46 
-20  -46  -38 
-16  48  -14 

//Reference=MNI 
//nullstudy_64
//Subjects=19
26  56  -8 
22  48  10 
2  10  14 
-26  28  36 

//Reference=MNI 
//nullstudy_65
//Subjects=21
-32  -46  -14 
28  18  -4 
-20  -58  -2 
-56  -14  30 
-50  -16  -42 
-28  20  -26 
-18  -80  -24 
-24  4  -38 
30  40  32 
-36  6  -10 
-42  -22  40 
-10  -68  -22 

//Reference=MNI 
//nullstudy_66
//Subjects=20
-22  64  12 
-2  42  -2 
-48  -16  18 
-30  22  -38 

//Reference=MNI 
//nullstudy_67
//Subjects=20
-4  -8  58 
-8  66  2 

//Reference=MNI 
//nullstudy_68
//Subjects=21
26  2  -12 
-54  2  32 
22  20  -26 
46  8  22 

//Reference=MNI 
//nullstudy_69
//Subjects=20
-58  -32  20 
2  6  34 
56  8  18 
28  28  58 
12  36  6 
-28  -54  -12 
-30  -20  52 
-30  -94  -6 

//Reference=MNI 
//nullstudy_70
//Subjects=21
-6  -24  38 
-10  -22  78 
20  4  -12 
-36  10  -32 
4  48  42 
-22  -86  44 
26  4  -26 
-8  56  42 
-18  -78  -50 
48  50  -8 
-52  20  -10 
-36  6  28 
-10  18  -22 
48  34  16 
58  22  6 
-8  -12  -32 
-48  -58  34 

//Reference=MNI 
//nullstudy_71
//Subjects=20
-50  -26  -30 
-20  -72  46 
26  20  40 
-38  -56  54 
-40  14  2 
-48  -76  -32 
56  12  2 

//Reference=MNI 
//nullstudy_72
//Subjects=20
14  40  8 
-30  -64  38 
-36  38  -14 
-50  14  42 

//Reference=MNI 
//nullstudy_73
//Subjects=19
-2  -70  32 
-28  -48  -18 
-36  20  -18 
-32  -22  -20 
8  44  16 
-34  -98  -4 

//Reference=MNI 
//nullstudy_74
//Subjects=19
-14  -50  -58 
-36  -18  58 
4  24  -8 
48  4  2 

//Reference=MNI 
//nullstudy_75
//Subjects=20
-26  -46  42 
-60  4  -26 

//Reference=MNI 
//nullstudy_76
//Subjects=19
-10  -18  38 
-6  -76  -52 
-44  -48  -16 
-12  -6  54 

//Reference=MNI 
//nullstudy_77
//Subjects=19
-12  -60  52 
-16  -54  -48 

//Reference=MNI 
//nullstudy_78
//Subjects=21
-52  4  -22 
-44  8  18 
-2  -80  -32 

//Reference=MNI 
//nullstudy_79
//Subjects=22
28  64  -8 
32  32  4 
-6  -44  -20 
6  34  -4 
-44  -32  50 
-40  14  24 
-12  56  -4 
-4  -34  -44 
-58  -10  -14 
-44  -58  6 
34  26  20 
-36  0  4 
-8  -70  40 
-42  -16  42 
44  24  -18 
-44  -8  28 

//Reference=MNI 
//nullstudy_80
//Subjects=19
0  24  34 
-62  -24  12 
-54  -18  -20 
-20  56  4 
-42  -48  12 
-46  -40  44 
-26  58  4 
36  24  -38 
-52  -22  32 
-24  -72  6 
-32  -24  64 
-2  -70  50 
-30  18  -6 
-48  -18  20 
-6  -38  -42 
0  56  36 
-56  6  22 
-8  -22  36 
-22  52  36 
-48  -58  -24 
-52  -6  22 
-32  -68  -12 
-26  -98  12 
40  14  -42 
-10  -62  -50 
36  38  -20 

//Reference=MNI 
//nullstudy_81
//Subjects=21
-36  24  46 
-6  -44  -66 
-40  -68  -52 
-48  12  18 

//Reference=MNI 
//nullstudy_82
//Subjects=19
10  64  14 
12  48  -6 
-40  -32  4 
62  4  -16 
-48  16  -8 
-6  18  -6 
0  52  18 
-8  52  -18 
-48  -22  56 
-60  -26  14 
-46  -14  -34 
44  10  16 
28  44  6 
10  50  -6 
-16  50  -12 
38  24  -6 
-12  -68  -52 
50  32  -12 

//Reference=MNI 
//nullstudy_83
//Subjects=19
-30  24  8 
-26  -58  56 
-32  -92  -24 

//Reference=MNI 
//nullstudy_84
//Subjects=21
4  26  36 
-34  -70  -16 

//Reference=MNI 
//nullstudy_85
//Subjects=22
32  24  44 
-4  -14  0 
32  20  10 
-40  -68  -58 
-10  2  38 
-52  -28  10 
-36  -28  14 
-20  -92  -8 
-40  12  46 
-28  50  32 
-56  -16  32 
12  10  38 
-62  -50  26 
-12  -80  0 
-18  -72  62 
-38  10  32 
52  22  18 
-64  4  14 
-14  -38  36 
-4  -78  0 

//Reference=MNI 
//nullstudy_86
//Subjects=20
28  2  66 
-6  30  -28 
-54  20  10 
-4  -30  8 
-18  10  50 
-54  -18  22 
-24  62  -14 
0  4  -24 
-58  -12  -18 
-18  -42  60 
-8  -34  36 
48  28  14 
-52  -62  4 
26  34  -10 
-30  4  -14 
-54  -34  -22 
-20  -24  62 
-12  32  52 
-38  -80  -34 
-26  -52  70 
-18  -18  66 
32  24  -26 
-6  -56  48 
-48  12  -26 

//Reference=MNI 
//nullstudy_87
//Subjects=19
-40  22  -10 
16  10  70 
-4  66  0 
-10  -58  -24 
-22  -40  2 
-52  -36  22 
-36  -90  0 

//Reference=MNI 
//nullstudy_88
//Subjects=21
-8  -46  -46 
-46  -34  52 
46  10  10 

//Reference=MNI 
//nullstudy_89
//Subjects=20
-60  -12  22 
-32  -30  56 
-50  28  10 
-58  -58  4 
-14  10  -34 
-6  62  -6 
-4  26  52 
-4  -104  8 
-4  -36  44 
-2  -74  -20 
0  42  -20 
-4  -44  -16 
-20  -86  40 
-2  -6  -10 
-46  12  -36 

//Reference=MNI 
//nullstudy_90
//Subjects=20
12  22  -18 
-14  -52  4 
-40  44  12 
-52  -10  40 
-54  -54  -14 

//Reference=MNI 
//nullstudy_91
//Subjects=20
38  10  12 
44  26  30 
-32  -4  44 
-48  38  -6 
-22  -86  -20 

//Reference=MNI 
//nullstudy_92
//Subjects=20
-36  -32  14 
-14  -78  48 
34  30  32 
-22  -34  -34 

//Reference=MNI 
//nullstudy_93
//Subjects=21
-58  -62  20 
-46  -46  -18 
-36  0  8 
50  8  20 
-16  -10  -22 
-54  -4  -28 
18  16  14 
-6  -44  -12 

//Reference=MNI 
//nullstudy_94
//Subjects=19
-46  -40  52 
-4  18  34 
-2  -80  24 
46  2  -14 
-20  62  18 
-36  48  4 
-6  -48  -48 
46  10  18 
30  38  -16 
-42  42  22 
-2  -2  70 
32  46  30 
-16  -96  -20 
-4  -42  4 
-44  -66  52 
-8  12  -14 
-24  -68  22 
-4  -12  -34 
-12  -10  56 
-50  -26  38 
-12  -52  68 
-34  40  -14 
-66  -18  18 
-18  40  40 

//Reference=MNI 
//nullstudy_95
//Subjects=22
-30  -4  -16 
2  28  -32 

//Reference=MNI 
//nullstudy_96
//Subjects=21
48  20  -28 
-54  16  10 
-36  -2  -14 
-44  -48  56 
-22  50  26 
-6  -20  68 
-48  -46  -36 
-50  -34  40 
-34  -50  -32 
50  8  52 
-52  -66  -24 
-30  12  58 
6  12  0 
-6  -64  -62 
-46  -30  -18 

//Reference=MNI 
//nullstudy_97
//Subjects=20
-6  -48  22 
-2  -24  -32 
-24  -8  -20 
-2  -76  24 
10  24  44 
-10  0  -32 
-34  -78  48 
-50  -8  44 
-2  -32  58 
26  14  -4 
16  26  64 
18  6  -14 
-18  44  32 
-30  4  32 
-34  -36  18 
-34  -62  30 
-38  -54  -20 
6  4  -18 
-8  -48  -66 
-30  42  -22 
-10  -58  -44 

//Reference=MNI 
//nullstudy_98
//Subjects=19
60  8  16 
10  24  6 
-30  34  52 
-50  44  0 
-32  38  -16 
8  58  14 
-62  -2  30 
-24  18  -16 

//Reference=MNI 
//nullstudy_99
//Subjects=20
12  18  64 
-36  -38  44 

//Reference=MNI 
//nullstudy_100
//Subjects=19
-12  -56  4 
-6  -64  -50 
-24  -24  -22 
-32  14  54 

