//Reference=MNI 
//truestudy_1
//Subjects=9
47  -65  -7 
46  -66  -7 

//Reference=MNI 
//truestudy_2
//Subjects=10
46  -64  -5 
45  -67  -7 
45  -64  -7 

//Reference=MNI 
//truestudy_3
//Subjects=9
46  -64  -5 
46  -66  -5 
47  -66  -7 

//Reference=MNI 
//nullstudy_1
//Subjects=9
-8  -50  70 
12  14  -2 

//Reference=MNI 
//nullstudy_2
//Subjects=10
-8  -104  6 
10  38  -18 
22  12  -46 

//Reference=MNI 
//nullstudy_3
//Subjects=9
-20  16  2 
-2  -44  6 
14  16  60 

//Reference=MNI 
//nullstudy_4
//Subjects=10
-68  -22  16 
32  28  -18 
-4  -86  -30 
26  14  48 
-52  -52  24 

//Reference=MNI 
//nullstudy_5
//Subjects=10
-2  4  32 
-10  32  -12 
-12  -74  14 
-44  -60  54 
-30  2  -10 
-20  68  14 
-14  -40  -8 

//Reference=MNI 
//nullstudy_6
//Subjects=10
-36  -58  -16 
58  32  16 
2  66  4 
-50  -10  34 
-32  24  0 
8  4  -10 

//Reference=MNI 
//nullstudy_7
//Subjects=11
-36  -10  -48 
-2  30  24 
2  42  56 
-26  -64  -58 
2  4  14 
50  20  -2 
-30  -48  -6 
-34  -8  10 
-14  -66  -2 
-2  -64  -18 

//Reference=MNI 
//nullstudy_8
//Subjects=9
-2  40  26 
-36  -62  -4 

//Reference=MNI 
//nullstudy_9
//Subjects=12
-50  -10  24 
24  48  6 
-26  66  16 
-42  -42  -50 
10  22  68 
-16  -10  -26 
-48  -8  -4 
-48  -58  36 
-12  42  -26 
2  14  0 
-42  -16  20 
-24  52  14 
-40  -36  -30 
-8  -66  -34 
-54  26  18 
-44  -32  54 
-12  -74  60 
-28  -38  62 
-66  -56  -4 
24  8  -46 
-58  12  -6 
22  70  2 
-10  -6  56 
10  4  -8 

//Reference=MNI 
//nullstudy_10
//Subjects=10
-68  -40  18 
44  46  -10 
-42  -74  38 
-4  -54  24 
0  24  46 

//Reference=MNI 
//nullstudy_11
//Subjects=10
-54  -68  -24 
-40  -4  6 
0  6  60 
-12  -16  2 
-16  -90  -6 
-42  -72  -28 
14  10  4 
-2  0  12 

//Reference=MNI 
//nullstudy_12
//Subjects=10
-8  -8  64 
-48  14  -28 
-22  30  -14 
-10  -74  44 

//Reference=MNI 
//nullstudy_13
//Subjects=10
4  42  34 
-46  -22  -36 
-24  -10  48 
-10  6  34 

//Reference=MNI 
//nullstudy_14
//Subjects=11
-40  -60  -46 
-14  -50  38 
38  2  -6 
-34  -70  -46 
-18  -36  38 
-10  24  -20 
-22  -80  8 
-20  -50  68 
-44  18  -14 
0  4  4 
-8  28  32 
18  66  0 
-20  -66  16 
-16  -80  18 
-4  20  -28 
-20  -90  24 

//Reference=MNI 
//nullstudy_15
//Subjects=11
-18  -18  -6 
-48  -48  -16 
-40  -24  66 
-32  -60  -26 
-46  -78  -26 
-36  14  40 
-54  6  28 
-42  -16  6 
4  42  22 

//Reference=MNI 
//nullstudy_16
//Subjects=10
-32  -10  -14 
-36  22  -18 
-66  -32  -22 
-18  32  -14 
-28  -30  72 
-12  -60  52 

//Reference=MNI 
//nullstudy_17
//Subjects=8
-40  -16  -42 
32  50  26 

//Reference=MNI 
//nullstudy_18
//Subjects=10
-50  -28  -22 
18  14  -38 
-60  -38  44 

//Reference=MNI 
//nullstudy_19
//Subjects=11
-20  56  26 
-6  -30  8 
-28  30  -2 
10  38  8 
-50  22  -22 
58  2  -20 
-40  8  30 
-24  38  42 
32  32  46 

//Reference=MNI 
//nullstudy_20
//Subjects=11
-48  18  -2 
-26  -68  -62 
-20  -62  -52 
-16  -54  14 
-20  -88  -34 
-54  10  20 
-28  0  50 
-34  -38  60 
6  18  -8 
-30  8  12 
-22  8  66 
-12  -18  80 
-28  20  40 
-6  26  -10 
-24  -20  -18 
-2  -56  52 
-46  4  38 
-2  -62  0 

//Reference=MNI 
//nullstudy_21
//Subjects=10
-40  28  8 
18  68  18 
-42  6  -16 
-28  -74  20 
-40  -20  0 
58  2  -12 

//Reference=MNI 
//nullstudy_22
//Subjects=10
-56  -28  0 
-2  -6  48 

//Reference=MNI 
//nullstudy_23
//Subjects=8
-56  12  32 
-48  22  40 

//Reference=MNI 
//nullstudy_24
//Subjects=11
12  38  -26 
-48  -20  20 
-30  -96  -6 
-34  -64  -10 
16  64  10 
24  4  4 
38  50  32 
-44  30  42 
-66  -38  22 

//Reference=MNI 
//nullstudy_25
//Subjects=10
-20  -22  24 
-16  -64  -38 
-4  -56  64 

//Reference=MNI 
//nullstudy_26
//Subjects=10
-48  -52  30 
-32  6  -14 
10  40  44 
-24  -40  20 
-22  -46  -58 
-34  12  48 
-44  22  16 
-12  -50  50 
-14  -100  -16 

//Reference=MNI 
//nullstudy_27
//Subjects=11
-34  -2  12 
60  4  38 
-6  40  -10 
-10  4  6 
-28  -58  -62 
26  22  -10 
-56  -38  -26 
34  24  56 
-44  -54  -8 
-2  -74  -44 
-44  -36  58 

//Reference=MNI 
//nullstudy_28
//Subjects=11
-10  -66  -20 
-22  -22  60 
-6  -46  -48 
-52  -76  0 
-10  20  46 
-30  0  10 
2  40  18 

//Reference=MNI 
//nullstudy_29
//Subjects=12
40  38  -8 
-62  -8  10 
16  4  -32 
-26  -2  60 
-44  -44  -44 
-48  -60  -42 
10  68  -14 
-22  48  44 
56  6  6 
-12  -32  62 
2  40  0 
46  46  8 
-12  -60  50 
-60  0  -12 
40  16  -34 
-20  -44  54 
-6  -50  40 
-28  -30  14 

//Reference=MNI 
//nullstudy_30
//Subjects=9
-34  -82  -36 
-20  -88  -26 

//Reference=MNI 
//nullstudy_31
//Subjects=9
-22  -56  -42 
-52  38  -14 

//Reference=MNI 
//nullstudy_32
//Subjects=11
0  28  54 
-10  -52  54 
46  44  26 
12  8  -18 
-50  -24  48 
-24  -78  -30 
-10  -18  54 
-40  -62  34 
-50  -74  4 
-4  -42  26 
-50  -76  -14 
-26  -62  0 

//Reference=MNI 
//nullstudy_33
//Subjects=9
34  6  6 
-50  -10  8 
-28  -12  54 

//Reference=MNI 
//nullstudy_34
//Subjects=11
-34  -80  42 
-60  -46  18 
-34  -92  -18 
-42  -6  42 
-18  -70  -48 
-4  -78  -42 
-56  -2  4 
56  10  34 
-18  -52  -30 

//Reference=MNI 
//nullstudy_35
//Subjects=11
-20  -8  -34 
-6  2  -12 
-8  -58  -20 
-34  -46  -24 
-28  64  4 
-66  -36  -6 
-52  18  38 
40  20  18 
-14  2  66 
-14  -62  16 
-50  8  14 
44  46  -6 
-22  -66  -46 
2  48  10 
-2  -46  26 
-10  -56  -48 
-48  -12  -6 
-16  -84  18 
-4  14  -8 
18  60  26 
-32  22  -16 
-20  -82  -38 
-6  -64  38 
12  48  -12 
-12  36  54 
-2  -8  4 
-40  6  24 

//Reference=MNI 
//nullstudy_36
//Subjects=11
-42  -4  54 
-10  -98  -12 
2  36  -26 
-12  42  -14 
-40  -68  54 
-24  58  16 
-58  -2  8 
-56  -68  20 
-36  0  -36 
-22  -70  -42 
-16  -58  -58 
-30  28  56 
-36  -64  48 

//Reference=MNI 
//nullstudy_37
//Subjects=10
10  68  14 
28  24  60 
-42  28  28 
50  40  2 
-44  10  4 

//Reference=MNI 
//nullstudy_38
//Subjects=11
-14  44  20 
-50  -30  -14 
-6  -42  22 
-4  -66  -8 
-42  20  10 
-20  -70  40 
40  50  -12 
-54  -34  -18 
-44  -62  0 
-16  -36  -48 
-42  -28  16 
-20  -40  -52 
24  28  44 
24  16  64 
16  48  2 
-22  38  -24 
22  56  14 
-14  -14  18 
-24  -20  76 
-52  14  0 
4  28  48 
6  38  -28 
-24  -38  -32 
-24  -42  64 
-16  -88  -16 
-16  -42  -14 
-14  30  46 
-12  -52  -60 
-44  -86  10 
-26  4  -46 
-34  -90  22 
-10  -70  2 
36  28  40 
-2  6  56 
-36  -20  16 
-30  54  32 
-2  -50  -62 
-2  -8  -4 
-24  20  -30 
-38  -74  18 

//Reference=MNI 
//nullstudy_39
//Subjects=13
-60  4  -4 
44  48  10 
-62  0  -28 
-30  -72  30 
-18  -72  -60 
-26  52  -16 
-6  -62  -8 
6  50  28 
-18  -46  -8 
-4  -36  -6 
-22  4  -28 
-40  -8  16 
-32  -30  -10 
4  64  -14 
-10  0  -16 
-6  -62  66 
36  30  34 
-4  -54  -48 
-26  -74  28 
-18  0  66 
-14  -30  2 
-6  54  -4 
-6  34  40 
36  42  -16 
2  52  42 
-54  -64  8 
-40  -10  58 
-10  -30  60 
18  16  14 
-30  0  12 
-6  40  -8 
24  24  -12 
-46  -28  8 

//Reference=MNI 
//nullstudy_40
//Subjects=9
-12  14  32 
-30  -56  -52 
4  56  -6 

//Reference=MNI 
//nullstudy_41
//Subjects=9
-24  -84  -2 
-18  8  22 
-2  -54  -14 

//Reference=MNI 
//nullstudy_42
//Subjects=10
10  56  -24 
-18  -62  16 
-18  16  -6 
58  10  12 
6  46  26 
-20  -44  -30 

//Reference=MNI 
//nullstudy_43
//Subjects=9
-48  -76  14 
-8  -22  -22 

//Reference=MNI 
//nullstudy_44
//Subjects=10
-26  -60  -16 
46  12  -10 
32  60  4 
4  36  -4 
-40  34  34 

//Reference=MNI 
//nullstudy_45
//Subjects=8
-44  -48  42 
-12  4  12 

//Reference=MNI 
//nullstudy_46
//Subjects=9
-42  54  14 
-60  -10  32 
-8  -42  -28 

//Reference=MNI 
//nullstudy_47
//Subjects=10
-36  -74  -54 
-50  -24  -4 
-40  -66  44 
-42  -4  46 
32  56  16 
-14  44  -18 

//Reference=MNI 
//nullstudy_48
//Subjects=10
-26  -72  48 
-66  -42  24 
-12  -98  24 
-66  -20  -16 

//Reference=MNI 
//nullstudy_49
//Subjects=11
-4  -46  2 
8  50  -24 
-58  -54  10 
-48  -58  54 
-26  44  36 
54  24  24 
-28  18  62 
-8  16  -10 
-48  -18  42 
-20  54  2 

//Reference=MNI 
//nullstudy_50
//Subjects=9
-16  -18  -14 
-40  6  44 

//Reference=MNI 
//nullstudy_51
//Subjects=10
-28  -34  74 
-44  26  6 
32  56  -4 
44  48  -10 
-58  16  30 
-20  -10  -40 
-64  -22  6 
-6  -76  20 
-24  34  -20 
40  20  -18 
-54  -10  -20 
-62  -8  -2 
-48  4  -6 
32  52  34 

//Reference=MNI 
//nullstudy_52
//Subjects=11
-12  -94  28 
-32  -46  -36 
16  12  -30 
-46  22  12 
-46  -46  -44 
-6  30  -18 
48  36  2 
-14  -74  28 
-50  26  38 
-8  -100  16 
-26  22  42 
-50  6  16 
-44  2  60 
-22  -74  32 
-2  -74  -34 
-32  4  -34 
-16  -90  24 
-52  -60  14 
16  26  2 
-42  -26  62 
-6  -58  -52 
-36  -10  -14 
-14  -96  20 
-10  -50  -58 

//Reference=MNI 
//nullstudy_53
//Subjects=10
-28  -42  -2 
-10  48  18 
10  32  20 
-40  -18  38 
-28  10  46 
-22  -36  -26 

//Reference=MNI 
//nullstudy_54
//Subjects=10
-28  40  36 
-8  -20  10 
-12  38  12 
-6  -38  -40 

//Reference=MNI 
//nullstudy_55
//Subjects=10
-38  -68  36 
-12  -76  32 
-12  -66  46 
-46  -10  -14 
50  34  24 

//Reference=MNI 
//nullstudy_56
//Subjects=12
-44  4  -44 
18  10  -22 
-10  40  8 
-28  -64  -44 
-46  -72  30 
-52  4  -30 
-44  -46  -50 
-26  -78  -4 
14  40  -22 
-54  -46  6 
-44  -32  -4 
34  48  8 
-10  -72  -40 
-18  -50  -24 
-26  -40  -38 
-26  -50  -6 
-24  -86  -18 
-60  -38  24 
-36  -26  -26 
-12  -20  38 
-38  12  42 
-16  -56  10 
-6  -24  66 
-22  -58  -54 
-12  -18  64 
-10  -80  28 
-34  -84  36 
52  38  -16 

//Reference=MNI 
//nullstudy_57
//Subjects=9
-2  40  24 
-12  -68  50 
-38  -82  -16 
-10  -38  56 
-10  -24  18 
14  16  36 
-24  4  -38 
-42  26  36 
-52  -18  52 
4  8  -20 
46  34  -14 
-8  8  44 
-24  -34  74 
-38  18  -18 
-62  0  32 
-12  2  44 

//Reference=MNI 
//nullstudy_58
//Subjects=12
38  36  28 
34  16  42 
-14  6  10 
36  8  -6 
-60  -24  24 
-42  -14  -6 

//Reference=MNI 
//nullstudy_59
//Subjects=12
-6  8  66 
-4  -48  -54 

//Reference=MNI 
//nullstudy_60
//Subjects=11
-40  -32  -28 
36  8  4 
-16  -90  -34 
-28  0  12 
4  38  -30 
-32  -38  -14 
-62  -22  24 
12  52  -12 
-4  -38  46 
0  46  6 
48  16  -14 
-12  -18  70 
-6  -82  28 
-24  -84  -4 
18  10  56 
4  50  12 
-30  10  36 
-28  30  40 

//Reference=MNI 
//nullstudy_61
//Subjects=10
-32  -28  -8 
36  44  24 
-4  -30  -30 
-6  -86  -42 
-42  22  36 
30  54  -16 
-6  12  48 
-54  -34  34 
38  58  8 
32  20  58 
-24  -76  24 
-12  -22  36 
12  62  -22 

//Reference=MNI 
//nullstudy_62
//Subjects=9
-60  -16  36 
-12  -54  6 
-22  14  44 
-50  24  -12 
-56  14  -20 
16  6  64 
-48  -36  36 
-56  -14  -34 
10  56  20 
-30  -10  46 

//Reference=MNI 
//nullstudy_63
//Subjects=10
4  2  46 
-56  -46  28 
2  66  22 
42  38  -6 
28  22  32 
-6  0  44 
-4  -68  40 
-48  -32  52 
0  28  -26 

//Reference=MNI 
//nullstudy_64
//Subjects=11
18  24  54 
-56  24  18 

//Reference=MNI 
//nullstudy_65
//Subjects=10
-32  54  -8 
-44  44  4 
-24  -66  32 
-4  8  34 
-50  -50  -16 
-22  -32  -8 
10  2  16 

//Reference=MNI 
//nullstudy_66
//Subjects=9
8  58  22 
-28  -58  46 
6  14  58 
-52  -34  -26 
-36  -90  10 
28  12  66 
-28  -36  40 
-14  -98  -22 
-14  2  66 
-30  -24  -8 
-12  -6  -34 
-50  -50  36 
-50  -26  6 
-34  10  40 
-6  -64  -54 
22  56  -8 
-26  6  60 
-64  -34  30 
-28  0  -14 
-42  36  6 
46  16  52 
40  6  -12 
30  22  -4 
-6  52  28 
-28  -90  26 

//Reference=MNI 
//nullstudy_67
//Subjects=10
-52  0  2 
-56  -48  -22 
-38  0  36 
-54  -14  -36 
40  12  12 

//Reference=MNI 
//nullstudy_68
//Subjects=9
-4  -58  -26 
-24  -82  28 
-18  -56  64 
-48  14  12 

//Reference=MNI 
//nullstudy_69
//Subjects=10
-8  -20  72 
62  10  24 
-28  6  -22 
-2  -44  -24 
2  50  -16 
-34  6  36 

//Reference=MNI 
//nullstudy_70
//Subjects=10
40  10  -44 
-28  -14  -38 
-40  10  -36 

//Reference=MNI 
//nullstudy_71
//Subjects=10
-6  -36  -26 
-16  -90  -32 
8  68  14 
-32  48  0 
30  10  8 
-26  -76  -4 

//Reference=MNI 
//nullstudy_72
//Subjects=10
30  48  -2 
-14  -50  62 
12  48  6 
20  54  36 

//Reference=MNI 
//nullstudy_73
//Subjects=9
-8  -76  -12 
-40  -62  24 
-18  18  44 
-18  0  62 

//Reference=MNI 
//nullstudy_74
//Subjects=11
-20  -48  8 
-12  -52  70 
-38  -50  -40 
-30  -58  58 
12  62  28 
-64  -26  -16 

//Reference=MNI 
//nullstudy_75
//Subjects=11
-18  58  4 
-26  52  20 

//Reference=MNI 
//nullstudy_76
//Subjects=8
-8  50  34 
-10  24  52 
-10  -6  76 
6  18  0 
-52  -46  24 
-4  -26  40 
-30  -36  58 
-12  42  24 
-48  -68  2 

//Reference=MNI 
//nullstudy_77
//Subjects=10
12  22  60 
22  50  30 
-50  -58  -30 
-50  -14  58 
-40  -56  6 
-30  32  6 
-4  -38  4 
-26  -66  46 
-26  -82  34 

//Reference=MNI 
//nullstudy_78
//Subjects=12
-52  -26  8 
-12  -76  20 

//Reference=MNI 
//nullstudy_79
//Subjects=10
-40  -26  12 
-6  -64  -60 
-26  -38  48 
-12  -100  14 
-12  -74  18 
-32  -60  50 

//Reference=MNI 
//nullstudy_80
//Subjects=10
8  2  14 
-18  -38  -6 
-46  -10  30 
40  12  6 
-50  -22  -4 
-22  -82  26 
-24  -32  72 
-32  0  -38 
-36  -20  -12 
44  20  52 
-24  38  26 
-40  -14  40 
-46  44  18 

//Reference=MNI 
//nullstudy_81
//Subjects=8
-44  -70  38 
-6  -66  34 
-8  62  18 
24  36  38 
-40  -26  -26 
-6  48  16 
-26  -58  -18 
-40  -10  20 

//Reference=MNI 
//nullstudy_82
//Subjects=10
-20  -30  -4 
-22  -34  -34 
-16  -62  36 
14  14  20 
-20  -2  70 

//Reference=MNI 
//nullstudy_83
//Subjects=10
-64  -24  -32 
-8  -82  4 
-48  -6  -6 

//Reference=MNI 
//nullstudy_84
//Subjects=12
-44  8  22 
-26  -78  24 
-34  -16  -24 
-2  30  32 
-8  -40  56 
-60  -20  10 

//Reference=MNI 
//nullstudy_85
//Subjects=12
46  24  36 
-26  6  -44 
-52  -36  -28 
-46  36  -6 

//Reference=MNI 
//nullstudy_86
//Subjects=10
-48  -36  40 
-10  -14  10 
-52  -20  -14 
-4  32  -22 
42  18  -26 
-38  -26  -18 
-64  -28  -30 
-34  -54  32 
18  46  46 
-62  -8  6 
-22  -34  76 
8  48  -2 
-42  22  42 
-26  -62  -4 
-22  -22  -30 
-10  -18  58 
52  8  -6 
-42  -10  48 
-4  48  30 
18  56  36 
-52  32  -4 
-20  42  30 
-24  32  -16 
-10  -2  76 
-20  58  14 
16  6  70 
2  12  54 
8  52  14 
-52  -20  -26 
-42  -20  56 
52  36  18 

//Reference=MNI 
//nullstudy_87
//Subjects=10
12  12  -30 
-12  0  42 
-38  -18  -6 
-6  58  40 
6  46  28 
-2  -14  28 
-8  -14  76 
-18  -68  -4 
-30  -64  -40 
-58  -30  -20 
-58  20  18 
46  16  10 
-28  -86  -24 
-38  22  -32 
2  2  -22 
-6  52  -4 
-10  -18  -8 
-26  -68  -14 
62  4  -20 
-12  -62  36 
-26  -50  -26 
-20  -96  8 
-52  -18  -24 
-50  -58  40 
0  44  42 
-10  -28  20 
-48  -74  -10 
-2  -58  56 
-8  -62  46 
-4  24  22 
34  12  46 
-26  16  -14 
14  40  2 
-10  12  42 
-30  16  56 
-12  -32  70 
-28  0  -42 
-60  -48  42 
-14  -42  72 
42  14  24 
-28  -68  2 
-38  8  -46 
-36  4  40 
-20  0  -42 
-34  -18  58 
-34  38  34 
-58  -10  8 
-60  -2  10 
-4  -58  -40 
8  10  6 

//Reference=MNI 
//nullstudy_88
//Subjects=10
30  14  12 
-50  -2  0 
-36  16  28 
-34  -6  44 
-24  -42  62 
-4  -44  32 
-18  -62  22 
-26  -26  -8 
-64  -6  30 
-22  -86  -16 
-26  -38  54 
-8  -76  -32 
-4  -20  -6 
-20  -88  42 

//Reference=MNI 
//nullstudy_89
//Subjects=10
-10  22  42 
-68  -40  -16 
22  26  60 
-56  -40  -30 

//Reference=MNI 
//nullstudy_90
//Subjects=9
60  16  10 
-32  4  62 
34  2  -48 
-14  -8  76 
-36  -72  -38 
-50  -40  10 

//Reference=MNI 
//nullstudy_91
//Subjects=12
-22  48  12 
-12  -56  -60 
-12  -100  14 
-40  -26  20 

//Reference=MNI 
//nullstudy_92
//Subjects=10
-28  -34  -30 
-4  64  -20 

//Reference=MNI 
//nullstudy_93
//Subjects=9
-12  -92  0 
-2  -64  22 
-44  -44  -44 
-22  2  58 
10  12  52 
-4  -30  -34 
-6  -22  48 
-24  -40  -16 
-10  -52  -32 
-18  -16  -36 
46  16  -8 
-36  2  42 
-44  38  18 
-54  -26  -20 
-56  -24  30 
-52  -54  -48 
14  12  46 
-28  -86  -42 
-56  2  -20 
-2  -14  58 
-42  14  44 
2  6  70 
-16  -56  -62 
-10  -24  -10 
12  60  2 
-32  -78  -56 
58  8  6 
46  46  14 
50  44  -14 
-46  10  -44 
-4  -12  62 
-10  -42  64 
-32  -14  72 
-12  -20  34 
-8  42  -30 
32  60  8 
-6  -86  -24 
-16  -42  42 

//Reference=MNI 
//nullstudy_94
//Subjects=10
-30  40  32 
-30  -32  16 
-20  -58  -26 
28  36  42 

//Reference=MNI 
//nullstudy_95
//Subjects=11
-16  14  -24 
-44  -12  58 
-2  -72  8 

//Reference=MNI 
//nullstudy_96
//Subjects=11
-54  -60  -24 
-6  -82  32 
-14  4  62 
18  56  28 
-62  -6  22 
34  26  -4 
-10  -26  -30 

//Reference=MNI 
//nullstudy_97
//Subjects=11
-46  -56  -12 
-12  -68  52 
-22  52  -2 
-34  10  62 
-10  24  42 
-48  20  0 
-10  2  46 
-32  -10  68 

//Reference=MNI 
//nullstudy_98
//Subjects=8
-32  50  34 
4  14  -22 
60  4  38 
-46  -84  18 
-20  -76  42 
-18  26  -2 
-50  -54  28 
-12  -34  70 
-4  64  -6 
30  22  -10 
-18  -4  26 

//Reference=MNI 
//nullstudy_99
//Subjects=8
-16  66  -12 
-38  48  18 
-52  38  12 
12  30  50 
-10  16  8 
24  46  24 
34  52  6 

//Reference=MNI 
//nullstudy_100
//Subjects=8
-32  14  32 
-36  -16  -4 

