//Reference=MNI 
//truestudy_1
//Subjects=8
46  -66  -6 
45  -66  -6 

//Reference=MNI 
//truestudy_2
//Subjects=8
45  -66  -5 
45  -67  -8 

//Reference=MNI 
//truestudy_3
//Subjects=9
47  -67  -6 
49  -65  -6 

//Reference=MNI 
//nullstudy_1
//Subjects=8
-66  -16  16 
20  6  -18 

//Reference=MNI 
//nullstudy_2
//Subjects=8
38  20  -38 
40  10  -20 

//Reference=MNI 
//nullstudy_3
//Subjects=9
-4  -14  34 
30  16  64 

//Reference=MNI 
//nullstudy_4
//Subjects=11
-14  -20  44 
-34  10  -6 
-48  10  28 
-46  -66  -28 
4  14  -8 
-12  28  64 
-2  42  36 
-22  10  -14 
-64  4  10 
-12  -44  30 
-2  -36  -26 
-40  32  -12 
-2  -50  -66 
-4  -86  32 
36  24  22 
58  16  2 
28  52  28 
-56  -30  26 
-14  18  18 
42  52  -4 
-10  0  -36 
20  2  -16 
14  24  -28 
2  34  48 
-18  -54  50 
-22  10  6 
-38  24  -8 
-38  -68  -56 
-70  -20  -12 
-18  -88  -10 
-22  14  -8 
4  38  -18 
-38  12  36 

//Reference=MNI 
//nullstudy_5
//Subjects=11
34  22  30 
-2  -32  60 
0  30  -4 
-28  6  4 
-54  -22  8 
-42  -64  -24 
-62  8  0 
-32  6  66 
-38  12  28 
42  2  26 
-6  2  48 
-46  6  -28 
-12  42  -2 
-28  26  48 

//Reference=MNI 
//nullstudy_6
//Subjects=11
36  58  22 
6  60  -16 
-24  32  34 
-32  -84  12 
-22  6  -12 
-54  -54  20 
48  4  8 
-34  -6  0 
-2  -46  -40 
-64  -26  2 
-2  -30  40 
-12  -36  12 
-60  -12  -26 
2  12  24 
-40  24  44 
34  2  -36 
-42  -30  -26 
-36  -8  44 
34  50  10 
8  28  -30 
-14  -62  -16 
44  14  56 
-38  -50  64 
-38  -18  60 
-10  -14  64 
-46  -66  -10 
18  30  46 
-34  16  -36 
-22  12  -16 
-20  32  34 
-34  20  22 

//Reference=MNI 
//nullstudy_7
//Subjects=10
-36  -34  -20 
-34  -82  36 
-16  -68  -32 
-34  2  12 
42  4  -48 
-4  -34  70 
-2  -16  -36 
-22  -96  12 
0  16  10 
-10  -66  -10 
-44  -52  42 
-2  -6  50 
-44  48  4 
-14  -24  -10 
18  64  -14 
-26  44  28 
-42  -60  16 
-6  -72  52 
-10  16  70 
32  14  -18 
-12  14  38 
-16  -32  -24 
-26  8  -12 
-16  -42  -38 
-18  -76  -20 
-42  24  38 
-58  -34  -20 
-20  -68  -50 
38  34  12 
14  18  56 
16  44  4 
-62  -30  20 
-6  -46  -56 
62  12  16 
-16  -38  16 
-38  -12  34 
50  20  8 
-48  -50  -28 
-38  8  22 
-2  -46  22 
-46  -26  8 
40  42  -16 
4  36  8 
-34  -22  14 
-6  40  30 
-44  -66  0 
-14  10  70 
32  52  -18 
-32  0  -42 
-42  -8  -14 
-22  -72  -6 
-28  -98  8 
-8  -56  -16 
-42  48  -6 
-26  -80  -16 
-52  -48  18 
62  14  24 
-42  -44  24 
62  12  0 
-62  0  -8 
-6  -68  -20 
-24  -10  60 

//Reference=MNI 
//nullstudy_8
//Subjects=10
-50  -14  -16 
-56  14  2 
-36  -76  28 
26  38  24 
-44  -24  34 
-6  -72  50 
-36  -44  -6 
-64  -44  2 
-10  34  60 
6  32  8 
-36  58  0 
-16  -44  -38 
-34  -82  -30 
-8  -56  -12 
-44  12  32 
-12  -4  -10 
34  40  10 
-46  -74  6 
-24  -12  -24 
-48  26  -14 
6  44  -10 

//Reference=MNI 
//nullstudy_9
//Subjects=8
-62  6  2 
-14  -40  -22 
62  8  16 
6  34  44 
-42  -14  -12 

//Reference=MNI 
//nullstudy_10
//Subjects=10
-10  -96  -18 
-20  -62  -14 
-44  -74  26 
-26  6  60 
-56  -50  36 
-56  -12  40 
-2  40  -4 

//Reference=MNI 
//nullstudy_11
//Subjects=10
-48  -10  50 
-26  32  -18 
-48  -44  2 

//Reference=MNI 
//nullstudy_12
//Subjects=10
-14  -48  -44 
18  56  10 
-50  -10  16 
50  16  -28 
-4  -66  18 

//Reference=MNI 
//nullstudy_13
//Subjects=7
60  6  8 
-30  -74  -20 
-8  -38  -16 
-34  -44  -16 
-22  6  10 

//Reference=MNI 
//nullstudy_14
//Subjects=10
18  8  -24 
-6  -28  -22 
-58  -26  0 
12  68  -16 
8  54  -12 
12  14  -4 
-20  -82  -20 
-60  -6  22 

//Reference=MNI 
//nullstudy_15
//Subjects=9
18  14  10 
0  30  28 

//Reference=MNI 
//nullstudy_16
//Subjects=9
12  26  48 
-8  -82  24 
-18  32  -14 
-32  2  52 
26  22  56 
-42  -16  12 
14  46  22 

//Reference=MNI 
//nullstudy_17
//Subjects=10
-6  -52  -18 
-4  -56  64 

//Reference=MNI 
//nullstudy_18
//Subjects=10
50  6  -44 
-38  -74  28 

//Reference=MNI 
//nullstudy_19
//Subjects=11
30  36  32 
-24  42  24 

//Reference=MNI 
//nullstudy_20
//Subjects=12
-20  62  -14 
-46  -2  -20 
-6  -64  -40 
-48  -60  38 
-34  -78  34 

//Reference=MNI 
//nullstudy_21
//Subjects=11
-36  -22  -14 
4  32  -10 
-60  -22  14 
-36  48  -6 
8  30  -24 
-22  -34  60 
-32  -76  -38 
-60  -52  4 
-28  -18  58 

//Reference=MNI 
//nullstudy_22
//Subjects=9
-24  -38  -52 
-12  -62  48 
-32  20  44 
-14  -88  20 
-8  54  16 
0  10  60 
-52  16  36 
-24  -86  -6 
-34  -96  8 
-66  -14  2 
10  56  -24 
-10  18  68 
40  14  54 

//Reference=MNI 
//nullstudy_23
//Subjects=9
-58  -52  26 
52  14  -14 
-60  -4  -16 
-40  -16  50 
-6  -8  66 
-54  -40  14 
0  46  30 
-10  20  -24 
-52  -42  0 
-4  12  8 
-14  -24  0 
-36  -50  -12 
16  48  -16 
-20  -54  -60 
-18  -36  -40 

//Reference=MNI 
//nullstudy_24
//Subjects=10
-10  58  20 
34  2  -18 

//Reference=MNI 
//nullstudy_25
//Subjects=9
-26  -80  8 
-8  -52  14 

//Reference=MNI 
//nullstudy_26
//Subjects=10
-40  26  40 
-18  -40  10 
46  18  -28 
-14  -16  18 
-24  -62  -52 

//Reference=MNI 
//nullstudy_27
//Subjects=10
-16  12  -32 
-48  -6  26 
-38  -80  -2 

//Reference=MNI 
//nullstudy_28
//Subjects=10
-30  -36  -28 
-54  -34  48 
-62  4  26 
-62  -38  34 

//Reference=MNI 
//nullstudy_29
//Subjects=10
-54  -12  16 
-4  46  44 
-48  -28  -4 
-12  -4  38 
38  8  54 
-12  16  -20 
30  20  54 
-64  -34  0 
46  48  10 
-4  -38  38 

//Reference=MNI 
//nullstudy_30
//Subjects=11
-16  -44  -62 
-2  -64  38 
-20  6  72 

//Reference=MNI 
//nullstudy_31
//Subjects=8
4  28  -18 
54  10  16 
-24  -34  76 
38  24  24 
0  48  16 
-24  -90  22 
16  58  -20 
-32  4  42 
-16  -98  2 
-12  -6  78 
6  8  46 
-8  58  12 
2  34  30 
46  32  -14 

//Reference=MNI 
//nullstudy_32
//Subjects=8
-28  -74  -40 
-2  42  0 
-68  -26  -24 
-32  38  30 
-6  -46  -54 
-4  -86  32 
-10  -58  28 
-30  -44  -42 
-22  -18  76 
-42  -58  -20 

//Reference=MNI 
//nullstudy_33
//Subjects=10
-18  -38  -52 
2  8  40 

//Reference=MNI 
//nullstudy_34
//Subjects=9
-40  18  36 
-44  -4  14 
58  26  18 

//Reference=MNI 
//nullstudy_35
//Subjects=9
-38  -60  14 
-38  -90  -2 
42  4  42 
-22  -78  -52 

//Reference=MNI 
//nullstudy_36
//Subjects=9
-32  -74  42 
-20  8  2 
-42  -44  -38 

//Reference=MNI 
//nullstudy_37
//Subjects=10
-68  -20  -24 
16  64  30 

//Reference=MNI 
//nullstudy_38
//Subjects=11
-6  32  48 
-60  -40  46 

//Reference=MNI 
//nullstudy_39
//Subjects=10
-50  -12  44 
-58  -52  18 
8  6  16 
10  4  -30 
-14  -32  22 

//Reference=MNI 
//nullstudy_40
//Subjects=10
-22  -76  -4 
36  20  -36 
14  26  -10 
-22  -10  -40 
-36  -86  -12 
-44  -42  -2 
-8  -24  30 
-34  12  40 
-26  -8  -18 
-28  -92  8 
-48  -54  -44 
-6  -16  8 
48  34  34 
-34  14  -20 

//Reference=MNI 
//nullstudy_41
//Subjects=11
-14  -32  36 
-56  12  6 
-54  -56  -24 
16  38  -28 
-44  -76  22 
-10  -74  18 
-54  -42  42 

//Reference=MNI 
//nullstudy_42
//Subjects=9
-26  22  40 
-2  30  0 
-2  -100  -14 
-2  -48  6 
-40  -64  20 
-8  -18  -22 

//Reference=MNI 
//nullstudy_43
//Subjects=9
-40  -72  36 
-32  -60  -6 
-14  60  0 
-34  -70  -32 
-28  -52  56 
-66  -44  -2 
-66  -32  12 
-36  0  46 
-6  -18  40 
36  34  -6 

//Reference=MNI 
//nullstudy_44
//Subjects=11
-32  -24  58 
20  48  26 

//Reference=MNI 
//nullstudy_45
//Subjects=10
-26  -4  62 
-60  -2  -34 

//Reference=MNI 
//nullstudy_46
//Subjects=11
-38  -46  -10 
-50  4  -8 
-12  -6  -18 
-8  -74  30 
30  22  62 
-10  16  52 
-22  4  72 
-44  30  26 
-8  -38  -38 
-38  -12  44 

//Reference=MNI 
//nullstudy_47
//Subjects=10
-46  34  2 
-32  40  22 
-40  -32  44 
-4  -26  32 
-48  -56  8 

//Reference=MNI 
//nullstudy_48
//Subjects=10
-10  -98  12 
-32  6  2 
-56  0  -22 
28  48  16 
-14  -98  -2 
26  34  -22 
-16  -68  62 
-40  -48  24 
-40  -30  -18 
20  4  -30 
58  26  0 
-2  16  -8 

//Reference=MNI 
//nullstudy_49
//Subjects=12
-28  -96  10 
-44  -4  -24 
-12  -40  62 
54  2  52 
-58  -68  8 
-42  18  30 
-4  42  -30 
-26  0  64 
-24  24  -18 
24  34  54 
-58  -24  38 
48  6  50 
-6  -42  -16 

//Reference=MNI 
//nullstudy_50
//Subjects=11
-36  62  8 
16  52  28 
-52  -34  26 
-6  50  -26 

//Reference=MNI 
//nullstudy_51
//Subjects=11
-4  -60  -2 
-60  -22  22 
26  50  -4 
-60  -30  18 
-16  -62  -30 
-2  -58  10 
-6  -32  44 
-26  -90  26 
-12  12  70 
-14  -42  48 
10  16  -12 
-20  54  0 
-4  -14  -22 
-46  -50  4 
-60  -54  40 
18  46  44 
22  58  0 
-6  -20  4 
-6  28  42 
-2  64  18 
0  52  46 
-48  -18  -40 
-44  -40  40 
-50  16  26 

//Reference=MNI 
//nullstudy_52
//Subjects=10
32  50  30 
-6  -66  18 
22  60  -2 
-36  -84  -18 
-52  -48  54 
-2  0  36 
42  10  -34 
-12  52  24 

//Reference=MNI 
//nullstudy_53
//Subjects=10
10  12  8 
-20  64  8 
22  60  -20 
-8  -46  50 
-8  -60  8 
-10  -54  -38 
12  58  20 
-20  -80  26 
-6  -16  62 
38  40  -4 
-38  -76  -32 
-28  -68  -58 
-16  -4  -26 
-28  -16  56 
-36  -40  -44 
2  36  -24 
22  50  -8 
-22  -84  8 
32  60  14 
-16  -56  -20 
-2  10  28 
-14  -8  20 
-54  26  -6 
46  48  14 
-52  -22  -10 
8  52  -6 
62  14  16 
-50  4  34 
-46  -30  62 
-4  -72  -48 
48  28  18 

//Reference=MNI 
//nullstudy_54
//Subjects=11
-54  6  -14 
20  4  48 
30  42  46 
36  34  -14 
52  28  -12 
-28  -64  -62 

//Reference=MNI 
//nullstudy_55
//Subjects=11
-68  -34  -22 
22  52  22 
32  32  -6 
-56  -38  48 

//Reference=MNI 
//nullstudy_56
//Subjects=10
-28  -8  44 
-60  -40  14 
20  2  -14 
-34  -24  -16 
-42  -12  -34 
-32  -88  -28 
-4  -28  14 
-12  60  12 
-14  -34  -42 

//Reference=MNI 
//nullstudy_57
//Subjects=11
-6  2  28 
-22  -14  64 
30  24  56 
-46  -62  -4 
-30  -4  52 
54  38  20 
-32  -86  24 
40  8  -48 
4  44  28 
-8  -46  66 
14  32  46 
-52  10  44 
-44  -38  38 

//Reference=MNI 
//nullstudy_58
//Subjects=9
-14  6  66 
-2  -100  10 
-10  -16  58 
16  20  54 
-22  -48  -62 
12  12  -8 

//Reference=MNI 
//nullstudy_59
//Subjects=11
10  50  -14 
-34  18  32 
34  38  36 
-50  -6  16 
-36  -80  12 
-12  -28  -42 
-18  46  -18 
-12  58  -14 
-6  -78  50 
-2  -78  22 
-18  -58  50 

//Reference=MNI 
//nullstudy_60
//Subjects=10
-40  50  10 
-26  -52  8 

//Reference=MNI 
//nullstudy_61
//Subjects=11
-4  -54  -34 
58  22  4 
-38  -14  2 
-26  -58  54 
-50  22  34 
-36  10  -42 
-56  -56  -28 
42  20  -28 
48  28  22 
-2  -38  62 

//Reference=MNI 
//nullstudy_62
//Subjects=9
-42  20  -34 
-28  -14  -8 
-4  -52  -14 
-34  24  20 
-32  36  32 

//Reference=MNI 
//nullstudy_63
//Subjects=10
-56  -56  0 
-4  -46  -20 
2  18  -20 
-48  -6  -24 
50  22  -28 
-26  -78  36 
-34  44  14 
38  54  8 
-52  -38  12 
4  2  22 
8  24  18 

//Reference=MNI 
//nullstudy_64
//Subjects=10
-18  70  12 
-28  -62  58 

//Reference=MNI 
//nullstudy_65
//Subjects=11
-44  -58  -14 
-36  -26  64 
-48  -20  34 
40  4  12 

//Reference=MNI 
//nullstudy_66
//Subjects=11
18  50  -14 
-14  54  4 
-28  4  -28 
30  2  10 
-40  -30  42 
-22  -52  66 
-56  -10  30 
-16  -12  70 
-4  62  4 
6  8  0 

//Reference=MNI 
//nullstudy_67
//Subjects=13
-20  16  -28 
-56  28  14 
-42  -24  46 
-26  44  -12 
-10  -100  -4 
-2  -46  46 
-40  -60  18 
42  4  10 

//Reference=MNI 
//nullstudy_68
//Subjects=7
-8  -76  -32 
14  2  0 
-20  58  -14 
-18  -64  -52 
-52  -22  -24 
-50  -42  34 
-10  -40  -38 
-6  66  12 
-36  8  -46 
-42  44  -12 
-22  -16  54 
-48  -74  26 
-4  -62  -4 
-66  -46  -6 
2  46  -22 
-36  -74  -8 
-10  64  -8 
-56  -36  40 
-2  -24  -4 

//Reference=MNI 
//nullstudy_69
//Subjects=11
-36  44  28 
-38  -62  -14 
-50  -40  44 
-34  -44  68 
-16  -36  -12 
22  10  0 
-14  -18  12 
-6  54  -4 
-12  36  -20 
2  36  -32 
-12  -2  38 
54  2  46 
-2  -54  -18 
-34  -44  -32 
14  60  34 
-8  -30  80 
-36  -40  -10 
-50  -24  -12 

//Reference=MNI 
//nullstudy_70
//Subjects=9
-42  12  -22 
-32  30  34 

//Reference=MNI 
//nullstudy_71
//Subjects=10
-24  -70  -24 
38  14  -26 
-12  -48  62 
44  34  30 
-14  -36  72 
-46  18  18 
-54  -14  34 
6  48  50 
-18  34  56 
-28  -46  0 
36  56  -16 
-8  -18  40 

//Reference=MNI 
//nullstudy_72
//Subjects=11
-54  -60  18 
-18  -66  12 
-44  -20  34 
56  10  -8 

//Reference=MNI 
//nullstudy_73
//Subjects=9
-22  6  -6 
-8  10  42 
-28  -8  10 
-42  -38  -12 

//Reference=MNI 
//nullstudy_74
//Subjects=10
-42  -24  -18 
30  6  -48 
-4  42  18 
-42  -16  -36 
48  20  42 
-28  -64  -32 
-8  38  -2 
38  36  -20 
46  40  -4 
-24  -72  -12 

//Reference=MNI 
//nullstudy_75
//Subjects=9
24  54  0 
-22  26  -24 

//Reference=MNI 
//nullstudy_76
//Subjects=10
-12  -60  -14 
24  26  60 
-52  -22  -22 
2  38  44 
-34  -86  4 

//Reference=MNI 
//nullstudy_77
//Subjects=11
-44  -68  34 
-48  -74  32 

//Reference=MNI 
//nullstudy_78
//Subjects=9
-46  -58  20 
-12  -34  -42 
-54  -6  -14 
-4  -14  42 
-22  64  -10 
10  40  0 

//Reference=MNI 
//nullstudy_79
//Subjects=9
-34  22  -20 
-24  -58  -20 
34  2  8 
-44  -86  0 
-38  38  -8 
54  16  -22 
-36  -32  22 
-6  -12  38 
-50  28  32 

//Reference=MNI 
//nullstudy_80
//Subjects=11
22  2  -8 
-48  -18  -16 
28  36  40 

//Reference=MNI 
//nullstudy_81
//Subjects=12
-8  -64  -54 
-28  -8  6 
-8  14  14 

//Reference=MNI 
//nullstudy_82
//Subjects=10
-26  38  30 
-22  48  -22 
-32  -76  44 
-2  32  52 
-2  46  -6 
-8  -76  50 
36  22  -40 
-28  44  -10 
24  18  0 
40  30  44 
-10  -50  -6 
22  42  -14 
16  52  34 
-12  46  2 
-18  54  34 
-20  -48  -24 
38  48  34 
-50  -46  -8 
-16  -48  -12 
-50  -50  -14 
-42  -12  16 
-18  -30  -30 
-16  4  54 
-16  -46  48 
-32  40  -22 
-62  -10  18 
22  10  0 
-32  14  -2 
-10  -90  -24 
36  54  -18 
-52  26  34 
-16  34  46 
-28  -20  58 
-28  -34  -24 
-14  66  -12 
-16  54  -8 
18  40  -14 
-30  18  -24 
4  12  58 
28  64  -8 
16  30  2 
-16  -80  -12 
-4  -14  50 
-56  -26  8 

//Reference=MNI 
//nullstudy_83
//Subjects=10
-36  -74  32 
-36  6  10 
-42  34  -22 
38  38  4 
38  38  26 
4  38  -14 
-14  -56  -58 
2  6  72 
38  40  -4 
-30  -66  48 
-64  -22  24 
-6  -66  66 
-36  -58  16 
26  26  -12 
14  42  10 
-2  -12  44 
-40  -50  58 
-46  -28  50 
-28  -36  -18 
-6  -40  76 
-48  -40  44 
-10  16  36 
-26  -52  48 
-22  12  -14 
-12  -60  44 
-44  -46  -22 
-36  -88  -30 
-66  -12  20 
50  20  -26 
-12  -82  36 
-60  -48  2 
40  30  50 
10  48  -2 
24  50  -12 
-4  8  -2 
-6  68  6 
-14  -58  54 
-38  -60  46 
38  4  32 
-32  -66  -22 
34  42  6 
-44  -70  22 
-64  -8  0 
-52  -20  -30 
-4  -40  70 
-8  -58  42 
10  48  12 
-48  -28  44 
-36  -42  -56 
-14  -56  20 
-24  8  52 
38  60  -12 
-14  -26  10 
46  10  44 
-56  24  28 
30  52  32 
-28  -72  52 
32  8  -8 
-4  -82  48 
-58  -56  -6 
-2  48  36 
-42  -16  60 
-52  -14  26 
-24  50  2 
-58  -10  24 

//Reference=MNI 
//nullstudy_84
//Subjects=10
-58  -4  -32 
2  42  40 

//Reference=MNI 
//nullstudy_85
//Subjects=9
24  62  14 
-20  -18  -4 
-48  14  -10 
-50  -48  32 

//Reference=MNI 
//nullstudy_86
//Subjects=9
-16  -56  -64 
-20  62  16 
-6  22  28 
-38  -82  -28 
14  66  18 
52  8  -34 

//Reference=MNI 
//nullstudy_87
//Subjects=8
-10  -38  -12 
14  6  -10 
-44  -18  50 

//Reference=MNI 
//nullstudy_88
//Subjects=10
-14  -68  8 
-42  -18  -38 

//Reference=MNI 
//nullstudy_89
//Subjects=11
-30  8  -8 
-64  -8  4 

//Reference=MNI 
//nullstudy_90
//Subjects=9
8  26  24 
-18  -12  -30 

//Reference=MNI 
//nullstudy_91
//Subjects=12
36  46  16 
64  6  8 
-46  14  50 
-32  24  -38 

//Reference=MNI 
//nullstudy_92
//Subjects=9
-54  18  10 
-40  14  6 
-58  -62  -6 
-32  -52  -22 
-60  -12  14 
2  28  62 
-6  -6  66 
-42  -30  58 
-42  -62  -50 
26  32  38 
-20  44  24 
-46  6  -36 
30  20  -42 
-20  -6  54 
-12  -34  62 

//Reference=MNI 
//nullstudy_93
//Subjects=10
-10  -74  -30 
-42  -38  42 

//Reference=MNI 
//nullstudy_94
//Subjects=10
-6  -50  32 
-56  -16  -12 
-42  -74  -16 
-46  14  -18 
-32  46  40 
-10  -50  70 
-48  -6  54 
-44  -40  38 
4  8  50 
-42  56  2 
-50  -38  -10 
18  10  56 
-50  -4  -4 
2  52  -16 
-14  -48  -64 
-52  -30  -10 
4  14  60 
56  2  -34 
-14  -56  48 
42  18  12 
-24  -92  -4 
-52  -20  24 
-54  -4  -32 
-2  -18  20 
-46  34  14 
-24  -82  14 
-30  -46  -14 

//Reference=MNI 
//nullstudy_95
//Subjects=10
-32  -8  -48 
-36  -84  12 
-22  24  34 

//Reference=MNI 
//nullstudy_96
//Subjects=11
-42  -80  8 
44  30  10 
-2  18  12 
-26  -52  0 
-52  -14  50 
-54  6  -12 

//Reference=MNI 
//nullstudy_97
//Subjects=12
-48  -74  30 
-40  -46  -46 
-8  20  66 
-46  -30  0 
40  2  10 
-50  6  -2 

//Reference=MNI 
//nullstudy_98
//Subjects=10
-12  -74  -34 
-36  42  2 
-8  -32  -50 
40  32  30 
14  18  8 
-48  -82  14 
12  48  -26 
-32  -14  -44 
-62  -56  -6 
-6  -82  30 
-34  -52  44 
-6  16  32 
4  8  40 
-42  -40  54 
-68  -22  14 

//Reference=MNI 
//nullstudy_99
//Subjects=10
-8  34  58 
-42  -2  30 
38  34  -4 
8  44  -28 
8  28  48 
-64  -30  -16 
-12  -22  22 
-44  -46  -18 
-16  -68  -46 
6  12  -6 

//Reference=MNI 
//nullstudy_100
//Subjects=12
-28  -42  -2 
-54  -64  -14 
30  22  14 
-20  -38  -12 
12  42  34 
-52  -78  -10 
-18  -22  20 
2  20  46 
-40  -82  14 
-4  -34  -8 
-16  -54  -4 
4  46  54 
-48  14  -6 
-64  -30  24 
-22  30  -24 
-12  -58  58 
60  4  16 
-2  4  60 

