//Reference=MNI 
//truestudy_1
//Subjects=11
47  -65  -6 
45  -65  -6 
46  -66  -9 
44  -67  -6 
47  -66  -6 
45  -66  -7 
46  -65  -7 
46  -66  -7 

//Reference=MNI 
//truestudy_2
//Subjects=10
47  -68  -5 
47  -67  -5 
45  -67  -6 
46  -66  -7 
46  -65  -5 

//Reference=MNI 
//truestudy_3
//Subjects=9
44  -65  -6 
43  -65  -4 
47  -65  -5 
48  -64  -6 
47  -65  -5 
44  -66  -6 
47  -66  -6 
46  -66  -6 
46  -67  -4 

//Reference=MNI 
//nullstudy_1
//Subjects=11
-44  -64  30 
44  48  -12 
-4  -102  -10 
-8  -50  -20 
-32  -44  58 
-4  64  -12 
-46  36  -20 
-50  -72  4 

//Reference=MNI 
//nullstudy_2
//Subjects=10
-32  0  46 
-28  -44  54 
-28  -72  -58 
-14  22  2 
-26  56  16 

//Reference=MNI 
//nullstudy_3
//Subjects=9
-4  -56  -26 
-16  -74  -58 
-48  -70  38 
-4  -40  60 
-32  -24  42 
44  16  -40 
-16  -38  40 
-28  52  -10 
-26  22  -4 

//Reference=MNI 
//nullstudy_4
//Subjects=11
-36  -62  -36 
-48  -18  44 

//Reference=MNI 
//nullstudy_5
//Subjects=10
8  34  40 
14  58  -8 
4  36  18 
-46  -52  20 
-52  40  12 
-2  -86  20 
-22  -32  76 
-30  -76  -58 
-28  46  18 
-62  -14  8 
-12  -54  68 
-6  -88  -22 

//Reference=MNI 
//nullstudy_6
//Subjects=10
-40  -48  22 
-38  -66  34 
-20  -80  -12 
-20  -48  -52 
-4  46  14 
-40  -86  -10 
-16  -52  -28 

//Reference=MNI 
//nullstudy_7
//Subjects=10
-6  36  -2 
-16  -64  -10 
-64  -4  10 
-66  -16  -26 
48  12  -30 
-38  -84  14 
-6  50  -10 

//Reference=MNI 
//nullstudy_8
//Subjects=10
4  18  46 
-66  -28  32 
-36  -24  64 
54  32  24 
-48  50  0 
-4  -12  40 

//Reference=MNI 
//nullstudy_9
//Subjects=10
42  50  4 
-8  -72  44 
-18  34  56 
-38  24  -32 
-42  4  50 
42  26  -24 

//Reference=MNI 
//nullstudy_10
//Subjects=9
-40  26  2 
-8  -66  46 
-38  -6  46 

//Reference=MNI 
//nullstudy_11
//Subjects=10
-10  20  -2 
-16  -40  10 

//Reference=MNI 
//nullstudy_12
//Subjects=10
-54  -4  12 
-56  -20  -34 
-48  30  12 
-2  -50  70 
-38  -48  58 
-2  -84  -16 

//Reference=MNI 
//nullstudy_13
//Subjects=11
-48  -4  34 
-4  -20  56 
-36  18  4 
-10  -60  -16 
-16  -26  -4 
-38  30  40 
-18  4  2 
-4  -54  -18 
-24  -68  -62 
-34  -74  -22 
-2  -16  44 
38  4  44 
-18  -12  56 
-4  -22  56 
-42  -16  4 
-8  -64  42 
-40  -30  50 
6  4  20 

//Reference=MNI 
//nullstudy_14
//Subjects=9
24  40  24 
-6  -48  -36 
-32  12  46 
-26  6  -36 
-14  -38  48 
-10  -70  -56 
-12  -76  -2 
-26  46  8 
-50  -14  -4 
-38  -92  -14 
-12  -6  -12 
-70  -28  6 
22  30  40 
-8  -76  36 
-16  -32  12 
40  2  -20 
-44  -84  -22 
-50  -52  -4 

//Reference=MNI 
//nullstudy_15
//Subjects=10
-28  -52  -32 
-8  -54  70 
-48  -18  20 
-4  -10  -8 

//Reference=MNI 
//nullstudy_16
//Subjects=10
-2  -68  0 
-8  -54  70 
-46  -48  -28 
-58  6  32 
-26  -100  8 
48  6  56 
-56  2  28 

//Reference=MNI 
//nullstudy_17
//Subjects=8
-50  -76  -18 
-36  -50  -40 

//Reference=MNI 
//nullstudy_18
//Subjects=10
44  24  18 
-38  -14  22 

//Reference=MNI 
//nullstudy_19
//Subjects=8
-20  2  46 
-20  -42  72 
-8  48  36 
-2  -70  26 
-4  30  32 

//Reference=MNI 
//nullstudy_20
//Subjects=11
-28  48  2 
-28  -18  74 

//Reference=MNI 
//nullstudy_21
//Subjects=10
-16  -28  26 
-4  -42  26 
16  30  60 
-18  62  26 
-64  -4  14 
-4  -60  14 
2  22  42 
-8  -68  -48 
-6  -32  -28 
-14  -32  -10 
-36  -88  -14 

//Reference=MNI 
//nullstudy_22
//Subjects=12
32  4  -20 
-62  -34  -22 
-46  2  -22 
-20  -54  46 
-52  -18  0 

//Reference=MNI 
//nullstudy_23
//Subjects=12
-54  34  -8 
6  8  74 
32  4  -18 
4  4  32 
-20  20  60 
56  4  30 
-10  36  8 
18  18  4 
-20  16  50 
-6  -20  -46 
-18  2  64 
6  48  -2 
-58  22  16 
34  20  32 
-20  -66  10 

//Reference=MNI 
//nullstudy_24
//Subjects=11
-22  -48  -32 
-12  52  -18 
-36  -32  70 
-2  -30  10 
-22  -66  42 
-44  -48  -50 
-16  -16  -18 
26  28  50 
6  54  -24 
-32  2  -46 
-46  -58  -52 
-12  -10  6 
-22  44  38 
-16  32  -16 
30  66  2 
18  26  -22 
-50  24  18 
58  14  8 
28  4  -28 
6  56  22 
-38  50  6 
-44  -76  -16 
-58  -44  -8 
-48  14  12 
32  22  -34 
-44  -68  -20 
-10  -42  62 
-14  -52  -46 
-44  -20  2 
-28  -44  66 
-50  -62  -30 
-26  -86  -6 

//Reference=MNI 
//nullstudy_25
//Subjects=10
4  62  -20 
-54  -16  -40 
-20  -62  64 
54  10  -14 
-22  -60  -10 
-66  -12  18 
-10  -16  4 
-14  -64  -38 
28  28  -12 

//Reference=MNI 
//nullstudy_26
//Subjects=9
-56  -18  42 
-26  -2  -8 
16  62  -2 
-30  6  8 
-66  -26  12 
-26  -58  -22 
-14  20  66 
-26  -54  14 
-6  6  46 

//Reference=MNI 
//nullstudy_27
//Subjects=11
-16  60  14 
-42  -36  20 
-22  38  -16 

//Reference=MNI 
//nullstudy_28
//Subjects=12
-34  -60  -46 
-12  -16  -34 
-36  -86  -2 
-44  20  6 
-24  -12  -18 
-2  -34  48 
-28  20  44 
-44  4  -44 
6  48  -28 
-14  -64  -28 
52  6  36 

//Reference=MNI 
//nullstudy_29
//Subjects=12
-38  -60  -24 
-44  -62  -56 
-38  14  0 
62  4  20 
-46  16  24 
-46  -16  -28 
-4  4  48 
44  20  -6 
-16  -18  76 
-32  36  10 
-52  -34  44 
22  42  -14 
-40  -46  60 
-8  -34  2 
24  66  20 
-14  28  -16 
-8  58  -12 
-54  -50  -2 
-24  -88  -28 
-30  -30  64 
-30  -58  -38 
-6  -72  -40 

//Reference=MNI 
//nullstudy_30
//Subjects=11
-24  -46  -20 
-36  22  -16 
-30  -62  64 
-12  16  46 
-38  10  42 
-48  -56  14 
-18  -34  -10 
8  54  18 
28  54  28 
-16  -8  66 
-44  -46  32 
-46  -74  -42 
-36  -4  -16 
-42  -82  18 
-2  -52  -36 

//Reference=MNI 
//nullstudy_31
//Subjects=10
-10  -54  6 
0  6  -8 
-18  14  -12 
-26  -42  54 
2  64  -18 
-50  -58  38 
-36  -24  -12 
-56  -62  6 
-38  58  -4 
-6  -10  42 
-36  58  6 
2  28  -18 

//Reference=MNI 
//nullstudy_32
//Subjects=11
-38  6  42 
-8  -46  -60 
-46  26  30 
-8  32  -14 
-38  -34  -20 
-50  -14  -36 
42  18  10 

//Reference=MNI 
//nullstudy_33
//Subjects=10
-36  -94  -8 
-44  34  -16 
-38  -50  60 
-18  -40  -2 
-32  8  8 
-26  -30  70 
-18  0  -42 
-48  -36  18 
48  24  4 

//Reference=MNI 
//nullstudy_34
//Subjects=11
-16  50  44 
-34  -52  -46 
-26  -42  48 
-62  -60  8 
60  8  -8 
-20  32  46 
-28  18  -10 

//Reference=MNI 
//nullstudy_35
//Subjects=10
-40  40  12 
18  46  44 
-48  -74  -18 
-40  -38  56 
-48  -52  -22 
-14  -30  -44 
-34  -42  -38 
4  46  -10 
-50  -50  6 
8  4  12 
-56  -12  -20 
-50  -40  28 
-26  -50  72 
-14  -64  40 
-54  2  46 
-20  -10  -22 
-8  -24  68 
42  26  16 
-54  -38  34 

//Reference=MNI 
//nullstudy_36
//Subjects=10
-32  22  -16 
-40  -26  -22 
-28  -56  54 
-48  -36  -28 
-8  -82  30 

//Reference=MNI 
//nullstudy_37
//Subjects=11
36  50  -16 
-28  -40  -46 
26  8  70 
-18  -100  16 

//Reference=MNI 
//nullstudy_38
//Subjects=11
-42  2  10 
-32  -40  58 
-58  -16  20 
0  8  -16 
-6  18  24 
-14  -76  -30 
-2  -26  10 
-6  20  -26 

//Reference=MNI 
//nullstudy_39
//Subjects=9
-40  2  -10 
2  28  14 
2  10  64 
-14  -26  -26 
-62  -10  -20 
8  16  58 
42  48  0 
-10  -48  -20 
-6  -8  -10 

//Reference=MNI 
//nullstudy_40
//Subjects=8
-56  -62  -34 
-38  -40  54 

//Reference=MNI 
//nullstudy_41
//Subjects=11
26  22  34 
-2  62  -20 

//Reference=MNI 
//nullstudy_42
//Subjects=8
52  4  -8 
38  24  -10 
-28  -68  46 
-30  28  36 
42  4  24 
-54  -10  12 
-2  2  34 
-16  -14  -24 
46  10  2 

//Reference=MNI 
//nullstudy_43
//Subjects=10
-50  -60  -8 
-40  10  -24 

//Reference=MNI 
//nullstudy_44
//Subjects=9
8  30  44 
42  40  -4 
-10  32  46 
-66  -12  -4 
-14  20  0 

//Reference=MNI 
//nullstudy_45
//Subjects=11
10  60  38 
42  38  -4 
-18  -80  2 
-4  42  12 

//Reference=MNI 
//nullstudy_46
//Subjects=10
50  10  36 
-44  40  -22 
-4  28  44 
36  8  -8 
-10  18  0 
32  18  52 
-20  -80  -42 
-18  -22  28 
24  26  -16 
-8  -34  42 
40  10  2 
-50  -32  22 
48  16  36 
-18  32  54 
-52  -62  2 

//Reference=MNI 
//nullstudy_47
//Subjects=10
-4  -34  50 
-40  0  -48 
-16  54  28 
18  12  -12 
-64  -28  42 
26  16  -28 
-38  -6  48 

//Reference=MNI 
//nullstudy_48
//Subjects=10
-10  -8  4 
-44  -52  32 
-14  42  16 
-40  -72  4 
-6  -20  62 

//Reference=MNI 
//nullstudy_49
//Subjects=11
-2  -10  46 
-42  -74  32 
-2  -46  68 
-6  -80  12 

//Reference=MNI 
//nullstudy_50
//Subjects=11
-16  12  56 
-40  0  -36 
-26  4  44 
12  46  30 
-42  -30  4 
-14  -76  0 
2  54  -10 
-2  -60  40 
-6  20  32 
-44  -52  -22 
-62  -24  -10 

//Reference=MNI 
//nullstudy_51
//Subjects=10
-52  24  26 
-22  -2  -34 
-64  2  8 
-10  26  2 
-38  14  -42 
-16  -82  4 
-38  -56  -6 
-8  -54  20 
8  2  60 
-20  -62  -44 
-4  42  -4 
-20  56  -18 
-54  20  6 
58  10  -8 
-8  -90  -40 
-22  10  -6 
-54  -40  24 
-42  -28  44 

//Reference=MNI 
//nullstudy_52
//Subjects=11
32  12  62 
-28  56  -16 
-8  -96  28 

//Reference=MNI 
//nullstudy_53
//Subjects=9
-68  -18  28 
-4  -32  -46 
-56  -42  4 
-38  -14  50 
32  40  20 
36  2  -26 
-14  -14  -16 
-38  -50  64 
46  6  44 
-64  -22  8 
-44  30  42 
-24  -66  -22 
-22  56  2 
-12  -20  22 
-2  -70  -30 
-50  -30  -12 
-4  48  46 
-48  -48  42 
-48  4  46 
-12  -38  64 
-26  -68  20 
-14  48  40 
-28  6  -40 
-4  -48  -52 
-30  -18  -2 
6  66  28 
-56  -16  18 
-12  -62  20 
-58  -20  -26 
10  36  44 
-18  -52  -4 
2  10  -22 
-22  -80  -44 
-52  -18  -24 
6  48  12 
-40  20  -24 
-22  -40  58 

//Reference=MNI 
//nullstudy_54
//Subjects=12
-52  8  4 
-16  44  -18 

//Reference=MNI 
//nullstudy_55
//Subjects=11
-40  -20  10 
-42  4  48 
-2  -46  50 
-54  -24  -10 
-28  26  -10 
-48  -76  32 
-42  -36  60 
-12  -70  -58 
-30  54  -12 
-24  30  -20 
-42  -84  -14 
-4  36  26 
-34  -88  30 
-2  -24  26 
-40  -22  66 
-22  -88  -24 
-24  -10  50 
-12  62  28 
-8  -62  -56 
-32  52  26 
-22  -22  -16 
22  8  -28 
-36  -4  -20 
10  22  4 
-4  -22  54 
-24  -36  6 
50  42  -12 
38  30  -24 
-14  -44  72 
66  6  12 
-40  -58  -46 
-44  -56  48 
8  62  28 
-46  -44  4 
-10  -26  0 
-38  -18  66 
-4  -70  42 
52  10  -14 
-52  -4  32 
-12  -30  4 
-6  -84  40 
-20  -22  78 
-40  24  -22 
-54  -36  -24 
-10  4  22 
-44  6  -12 
-18  -100  -12 
-12  -72  -12 
-10  48  4 
-40  36  -14 
18  14  -16 

//Reference=MNI 
//nullstudy_56
//Subjects=9
-20  -84  -4 
-12  -104  -2 
-34  -24  16 
46  8  0 
-12  -100  -4 
14  8  66 
-2  22  60 
-40  22  -22 
-18  4  50 
56  6  -18 
44  32  4 
-44  -28  62 
-32  -38  46 
14  26  -2 
-34  -46  -46 
-22  -68  -30 
-40  -72  -20 
-24  -44  -2 
-18  -50  2 
12  42  -14 
50  8  36 
-18  -44  -54 
-2  18  44 
-42  46  2 
-58  2  12 
6  50  6 
6  26  -28 
50  4  32 
-38  -60  -38 
-54  14  -4 
-4  -12  -8 
30  2  -16 
-30  2  -12 
-46  22  -30 
-46  4  -30 
-24  28  -22 
60  18  18 
10  28  42 
-8  44  38 

//Reference=MNI 
//nullstudy_57
//Subjects=10
-38  -92  -8 
-46  -86  12 
-34  -16  14 
-8  50  -12 

//Reference=MNI 
//nullstudy_58
//Subjects=10
-6  52  0 
-22  34  50 
-28  -28  -20 
-50  28  20 
-24  -50  18 
-2  -52  34 
-54  -34  -22 
24  6  50 
-60  -38  38 

//Reference=MNI 
//nullstudy_59
//Subjects=10
-2  38  -30 
-34  52  10 
-58  -42  -6 
14  58  28 
-42  -40  -32 
0  54  28 
-28  -46  -46 
-50  -8  8 
-52  -54  -20 

//Reference=MNI 
//nullstudy_60
//Subjects=11
-32  -54  0 
-34  -16  48 
-2  10  66 
6  12  62 
-32  -62  -60 
-44  -64  -44 

//Reference=MNI 
//nullstudy_61
//Subjects=11
42  16  -26 
34  12  50 
30  14  14 
-8  36  40 
-46  -32  52 
-46  -74  40 
-22  62  -4 
-58  -4  -34 
-52  2  -32 
26  60  0 
-42  -52  -24 
-12  -78  18 
-22  -38  76 
58  2  40 
-16  62  20 
-40  24  28 
-40  -12  12 
40  20  48 

//Reference=MNI 
//nullstudy_62
//Subjects=11
32  22  52 
-8  54  -2 
-36  -76  46 
4  42  14 
60  22  24 
36  8  24 
-56  -4  18 
-22  38  50 
60  8  24 
-28  -18  -20 
-42  -28  -30 
34  22  52 
-32  16  56 

//Reference=MNI 
//nullstudy_63
//Subjects=8
64  2  20 
-4  -10  -24 
-4  -32  -28 
0  2  12 
-14  -78  16 
-48  -10  -24 
48  4  -16 
-36  -88  10 
-36  4  32 
-32  -16  10 
-30  -24  68 
-16  -40  16 
-16  44  40 
-60  -58  6 
44  32  -16 
8  2  48 
-44  14  -42 
26  34  50 
-20  -92  10 
24  64  16 
-40  -28  20 
-52  -66  4 
-24  -42  -4 
-10  12  -6 
-2  26  -14 
-8  -14  -12 
-10  36  -20 
16  8  18 
-48  12  -26 
-10  -36  34 
-34  30  -4 
16  48  16 
-14  30  -18 

//Reference=MNI 
//nullstudy_64
//Subjects=9
-14  -32  -24 
-44  10  32 

//Reference=MNI 
//nullstudy_65
//Subjects=11
-8  -58  -42 
2  56  22 

//Reference=MNI 
//nullstudy_66
//Subjects=10
-10  -18  -14 
-52  14  20 
-4  2  50 
18  68  14 
-56  -50  30 
-42  -6  -18 
-32  30  -14 
0  12  -2 
-8  -92  -14 
-22  -84  -14 
-34  10  -40 
-8  -50  -14 
-54  -18  -12 
14  2  -32 
-4  48  -14 

//Reference=MNI 
//nullstudy_67
//Subjects=10
-68  -28  -8 
-34  10  12 
-28  -28  52 
34  14  14 
34  6  40 
-24  32  46 

//Reference=MNI 
//nullstudy_68
//Subjects=11
-22  6  -4 
-16  56  18 
-26  -32  72 
-38  28  -6 

//Reference=MNI 
//nullstudy_69
//Subjects=10
-32  20  38 
12  28  56 
-44  14  32 
-36  -76  -38 
-22  12  44 
-52  -14  30 
-14  56  34 
16  22  -4 

//Reference=MNI 
//nullstudy_70
//Subjects=11
-16  -8  64 
-28  -68  38 
-10  -92  4 
56  28  18 
-54  -40  38 
-16  -20  10 
38  22  -20 
-28  12  48 
-46  -62  30 
-8  -58  -64 

//Reference=MNI 
//nullstudy_71
//Subjects=12
-52  -62  -28 
-12  -70  -40 
-6  -12  0 
-34  -6  64 
-48  -76  -30 
-20  4  -40 
-6  -54  -14 
-24  -68  -18 

//Reference=MNI 
//nullstudy_72
//Subjects=11
44  38  -14 
32  20  38 
-24  28  -22 
-42  -16  10 
-24  20  50 
-12  68  -12 
-18  22  -22 
-34  -84  28 
-12  -8  -28 
46  8  42 
-30  -82  42 
-34  58  -16 
-58  4  -16 
-16  -58  72 
-6  -80  8 
-4  -76  36 
28  52  8 
2  14  10 
-16  -62  8 
-22  66  6 
40  16  -10 
-24  -40  56 
-26  -88  38 
8  66  0 

//Reference=MNI 
//nullstudy_73
//Subjects=12
-40  -4  -10 
-62  -6  12 
-52  -2  50 
-12  -94  -4 
-12  30  -16 
-28  -68  6 
-8  22  60 
-18  52  -20 
-18  -58  16 
50  16  -36 
-32  20  -26 
-10  -70  44 
16  24  6 

//Reference=MNI 
//nullstudy_74
//Subjects=8
26  30  44 
-38  14  8 
-30  32  36 
-58  -62  -12 
-64  -18  -14 
-2  -44  30 
-56  10  36 
8  44  18 
-14  -12  -12 
34  14  44 
-32  18  -38 
-8  -50  -22 
10  24  48 
-20  -28  26 
-52  -24  -30 
-14  -94  22 
26  38  30 
-14  -50  -28 
-10  -30  -8 
-2  42  46 
34  42  6 
16  52  -4 
-46  -26  46 
-14  50  -16 
-8  -48  54 
0  46  32 
-26  -96  -6 
-46  -70  -28 
4  42  32 
-26  -54  -52 
-8  20  62 
-20  44  46 
58  16  18 
-30  0  -10 
40  12  26 
-48  -16  40 
42  10  -24 

//Reference=MNI 
//nullstudy_75
//Subjects=9
-42  -42  48 
-12  2  56 

//Reference=MNI 
//nullstudy_76
//Subjects=11
-56  12  0 
38  38  0 

//Reference=MNI 
//nullstudy_77
//Subjects=9
50  44  4 
-14  46  -18 
-30  0  64 
-2  -86  12 
0  48  32 
-12  38  4 
46  4  16 
-18  40  50 
-16  -48  0 
-64  -26  26 
8  20  -18 
-48  2  -12 
-8  -64  12 
-38  -78  12 

//Reference=MNI 
//nullstudy_78
//Subjects=10
-16  -40  -6 
42  4  -40 
-66  -6  0 

//Reference=MNI 
//nullstudy_79
//Subjects=12
-22  -92  6 
6  14  22 
16  66  22 
-8  -84  12 
-28  -90  -18 

//Reference=MNI 
//nullstudy_80
//Subjects=9
-32  6  42 
-10  -42  32 
48  34  -12 
-28  -54  48 
-4  -64  -12 
-48  10  16 
40  30  34 
22  6  70 
30  58  -8 
-16  -90  10 
22  54  -12 
-30  -74  -42 
12  52  -26 
-44  16  10 
-30  -60  4 

//Reference=MNI 
//nullstudy_81
//Subjects=10
-60  -46  -24 
-26  -64  -62 

//Reference=MNI 
//nullstudy_82
//Subjects=12
-8  -12  -24 
44  4  -22 
-68  -20  -22 
6  22  -16 
26  8  62 
46  26  -6 
-16  54  38 

//Reference=MNI 
//nullstudy_83
//Subjects=9
-10  -36  -54 
-16  -12  -32 
-42  -28  24 
-48  24  32 
-42  12  44 
-12  -28  20 
-68  -20  6 
-52  -62  -42 
10  10  -4 
-6  -36  36 
-40  -50  44 
-22  -72  26 
-52  8  30 
-6  -14  0 
-48  20  -18 
-26  -14  -8 
-38  -2  -10 
0  46  22 
-6  -20  58 
-38  -28  -14 
-44  -84  8 

//Reference=MNI 
//nullstudy_84
//Subjects=12
8  64  -14 
-42  46  24 
-10  36  -28 

//Reference=MNI 
//nullstudy_85
//Subjects=10
-24  6  62 
-14  -38  8 
22  54  26 
-46  0  -30 
-22  -68  52 
-36  -20  40 
-56  28  10 
-6  -94  10 
0  38  0 
-44  -56  -12 
-54  -50  0 
-50  24  -8 

//Reference=MNI 
//nullstudy_86
//Subjects=12
-58  -4  -28 
-8  -66  60 
-34  -76  44 
-56  8  -4 
-48  -78  -14 

//Reference=MNI 
//nullstudy_87
//Subjects=11
-4  -24  -50 
-28  -86  0 
-42  -16  0 
-38  -10  -24 
54  10  -12 
12  20  -6 
-12  -26  20 
-6  -70  56 
-40  -34  38 
-40  -18  -34 
-56  -50  -40 
-8  46  8 

//Reference=MNI 
//nullstudy_88
//Subjects=7
-10  -98  -4 
-30  -84  -26 
-4  64  -12 
-10  68  6 
-18  -24  68 
-30  -60  -8 
-48  22  32 
-8  -66  4 
-28  0  0 
-8  68  18 

//Reference=MNI 
//nullstudy_89
//Subjects=11
-42  52  2 
-56  -10  -20 

//Reference=MNI 
//nullstudy_90
//Subjects=10
-2  -18  74 
-44  -32  18 
26  2  -8 
-6  46  52 
-10  -52  -8 
-8  -72  -48 
-24  10  70 
8  18  48 
-10  -60  -14 
-50  12  -26 
-4  -20  10 

//Reference=MNI 
//nullstudy_91
//Subjects=10
-28  -74  -30 
-4  42  20 
-28  8  -28 
-6  38  36 
-38  -72  -54 
-54  -34  34 
-20  -30  -32 

//Reference=MNI 
//nullstudy_92
//Subjects=9
-4  -88  -6 
-48  -62  -12 
40  48  0 
0  20  -12 
36  4  -20 
8  52  -12 
24  4  4 

//Reference=MNI 
//nullstudy_93
//Subjects=11
-54  -14  24 
-12  -30  46 
-8  34  -10 
8  24  0 

//Reference=MNI 
//nullstudy_94
//Subjects=9
-24  20  -28 
-12  -78  -50 
-6  -82  6 
-30  -84  -28 
-50  -68  12 
-24  10  44 
-6  38  24 
24  28  -20 
12  42  34 
38  10  -10 

//Reference=MNI 
//nullstudy_95
//Subjects=9
-2  -56  70 
-2  6  6 

//Reference=MNI 
//nullstudy_96
//Subjects=9
8  50  44 
-44  12  -10 
30  10  -32 

//Reference=MNI 
//nullstudy_97
//Subjects=10
24  26  38 
-36  44  20 
22  66  8 

//Reference=MNI 
//nullstudy_98
//Subjects=10
-16  -10  -16 
-32  -28  -16 

//Reference=MNI 
//nullstudy_99
//Subjects=10
-56  -40  20 
-54  -62  30 
64  2  10 
-44  8  -44 
-32  -32  -2 
50  16  -18 
-4  -54  48 

//Reference=MNI 
//nullstudy_100
//Subjects=10
20  44  -18 
-50  -26  -26 
-26  -90  -36 
-8  62  14 
-52  -18  -38 
-14  56  -8 

