//Reference=MNI 
//truestudy_1
//Subjects=30
46  -67  -8 
46  -66  -6 
46  -65  -8 
46  -65  -6 
46  -65  -6 
46  -67  -6 

//Reference=MNI 
//truestudy_2
//Subjects=28
46  -67  -5 
47  -64  -7 

//Reference=MNI 
//truestudy_3
//Subjects=31
45  -66  -6 
46  -65  -6 
46  -66  -6 
46  -65  -6 
48  -67  -5 
46  -66  -6 
48  -66  -6 
46  -67  -7 
47  -65  -5 
46  -66  -5 
46  -66  -6 
46  -67  -4 
46  -66  -5 
45  -67  -7 
47  -67  -6 
45  -68  -6 
46  -65  -5 
45  -65  -5 

//Reference=MNI 
//nullstudy_1
//Subjects=30
46  16  30 
-42  22  14 
-16  58  36 
-30  -20  -2 
-62  -54  16 
-2  -22  6 

//Reference=MNI 
//nullstudy_2
//Subjects=28
14  60  24 
-22  30  34 

//Reference=MNI 
//nullstudy_3
//Subjects=31
16  34  -22 
-14  -100  2 
-40  14  26 
-10  -38  58 
-8  -10  78 
-30  -8  -32 
32  10  -14 
-30  -22  66 
-62  -24  10 
-8  -40  42 
14  66  -8 
-52  -24  16 
-18  30  4 
-12  -58  -10 
20  68  -6 
-8  -14  74 
-4  2  -20 
-56  14  8 

//Reference=MNI 
//nullstudy_4
//Subjects=29
-40  -40  -24 
30  50  22 
-58  -8  8 

//Reference=MNI 
//nullstudy_5
//Subjects=30
-12  26  -26 
-36  36  36 
-12  -72  62 
-22  42  28 
-4  0  66 

//Reference=MNI 
//nullstudy_6
//Subjects=31
-22  -26  -10 
-10  44  48 
20  26  -18 
-22  52  -4 
24  10  68 
-36  -30  -26 
-10  10  20 
-62  -20  -2 
-32  -10  12 
40  2  50 
10  70  10 
-12  -52  -38 
-20  -80  -16 
-66  -46  28 

//Reference=MNI 
//nullstudy_7
//Subjects=31
-26  -34  72 
-32  -48  -4 
-8  18  0 
-62  -30  -16 
-24  -4  -24 
-34  18  -12 
-14  16  -30 
-64  -28  44 
36  24  40 
46  4  -46 
0  32  -26 
-24  -72  40 

//Reference=MNI 
//nullstudy_8
//Subjects=30
-40  48  16 
42  40  -12 
-38  14  26 
-36  -70  30 
2  16  42 
-40  -40  -26 

//Reference=MNI 
//nullstudy_9
//Subjects=31
28  16  -38 
-8  -48  -14 
10  64  -14 
-36  14  -14 
-2  -92  -18 
-34  -58  62 
8  16  24 
-8  -10  64 
-14  -48  -36 
-20  -56  52 
-18  -78  28 
-46  32  10 
-54  -48  48 
-38  -46  -52 
-58  -22  10 
-38  4  -30 

//Reference=MNI 
//nullstudy_10
//Subjects=32
-2  26  -24 
-42  14  12 
-38  2  8 
-10  58  26 
-32  22  -4 
4  24  44 
-42  -44  -36 
30  8  -14 
-6  -36  -28 
-50  8  0 
-64  -20  -30 
44  12  2 
-8  -52  6 
-30  -18  70 
-10  56  36 
-54  -10  2 
-2  -26  66 
56  8  14 
-32  -48  70 
34  64  12 
10  14  -6 
60  10  26 
28  18  44 
-42  52  4 
-56  -10  -36 
-34  -32  46 
-10  -12  36 
12  36  50 
-6  38  54 
-8  -16  18 
-20  -84  8 
-50  -24  -8 
-46  34  2 

//Reference=MNI 
//nullstudy_11
//Subjects=30
-50  -40  -20 
-6  -64  16 
44  36  18 
-50  -12  42 
24  64  -12 

//Reference=MNI 
//nullstudy_12
//Subjects=30
36  6  34 
-44  40  14 
-2  -2  12 
-28  26  -4 
18  46  26 
-28  36  30 

//Reference=MNI 
//nullstudy_13
//Subjects=30
-4  -30  8 
-62  -48  34 
-18  -84  -48 
-20  -78  12 
6  32  54 
14  24  -28 

//Reference=MNI 
//nullstudy_14
//Subjects=30
-60  -20  8 
4  32  -8 
8  46  -8 
36  14  -4 
-22  -78  34 
-16  -102  16 
-36  14  -24 
-36  -52  58 

//Reference=MNI 
//nullstudy_15
//Subjects=30
-6  -42  -36 
-40  30  -14 
-16  -6  72 
-10  -26  12 
-52  -20  20 
-24  -18  -16 
14  58  -10 
-32  -70  46 
-12  -10  -38 
-28  -72  18 
-14  -68  -22 

//Reference=MNI 
//nullstudy_16
//Subjects=30
64  4  28 
-38  8  58 
-48  -42  -28 
-40  -32  50 
-14  -50  64 
32  28  -6 

//Reference=MNI 
//nullstudy_17
//Subjects=30
30  36  28 
-34  -58  -34 
-20  -20  74 
-34  32  28 
-20  48  32 
-54  -6  38 
-22  -38  -6 

//Reference=MNI 
//nullstudy_18
//Subjects=31
-16  -90  24 
-14  -58  -50 
-14  46  46 
-40  -46  34 
24  50  -6 
-4  50  -24 
-48  36  20 
-6  -16  56 
-36  -50  -20 
-60  0  6 
-16  -100  12 
4  44  46 
-22  -24  -6 

//Reference=MNI 
//nullstudy_19
//Subjects=29
-46  20  18 
-14  -38  70 
-46  2  -18 

//Reference=MNI 
//nullstudy_20
//Subjects=31
42  28  6 
-10  -66  12 
6  34  14 
-8  30  26 
12  54  -22 
-36  20  20 
-8  -100  -2 
0  60  -2 
56  2  -16 

//Reference=MNI 
//nullstudy_21
//Subjects=29
16  68  -6 
32  26  42 
32  54  4 

//Reference=MNI 
//nullstudy_22
//Subjects=29
2  32  42 
-30  46  -10 
-68  -14  20 

//Reference=MNI 
//nullstudy_23
//Subjects=29
-16  -102  12 
-32  20  28 
-36  0  -24 

//Reference=MNI 
//nullstudy_24
//Subjects=32
-10  64  -2 
0  62  14 
-60  -36  -10 
-22  -4  72 
-4  -52  -16 
6  48  42 
-66  -26  22 
-14  -42  52 
4  50  22 
-14  0  26 
30  44  -8 
-40  -78  -22 
-20  16  -4 

//Reference=MNI 
//nullstudy_25
//Subjects=29
-30  -48  -10 
34  32  34 
-50  -30  -18 

//Reference=MNI 
//nullstudy_26
//Subjects=32
-24  -94  18 
-4  -52  24 
-20  40  38 
-30  -76  -20 
-8  -50  -54 
40  12  -30 
28  54  -8 
-10  -22  42 
-4  62  2 
-6  28  -4 
-22  8  -14 
-18  -46  50 
26  14  -28 
-14  6  -10 
20  44  -18 
-26  58  8 
-26  16  44 
-20  20  50 
34  36  20 
-6  -60  66 
4  6  -2 
-18  54  22 
4  36  -2 
-36  -60  -10 

//Reference=MNI 
//nullstudy_27
//Subjects=30
-12  24  -26 
46  40  34 
-58  -28  -28 
44  24  8 
-46  34  18 

//Reference=MNI 
//nullstudy_28
//Subjects=28
-54  -24  -12 
-4  16  56 

//Reference=MNI 
//nullstudy_29
//Subjects=29
-28  -72  32 
-18  -36  22 
0  44  0 

//Reference=MNI 
//nullstudy_30
//Subjects=28
-32  52  6 
-36  -30  -18 

//Reference=MNI 
//nullstudy_31
//Subjects=31
8  26  42 
-48  -58  -46 
-46  48  18 
-34  0  18 
14  12  54 
2  42  4 
0  32  36 
-46  -30  48 
-66  -10  -26 
32  40  -8 
-44  30  2 
-28  -98  2 
-24  -72  -50 
-36  -70  22 
-48  -48  -18 
-2  -16  -28 
-20  2  -40 
-14  2  72 
-48  -24  -4 
28  30  46 
2  50  -2 
-46  -58  34 
28  10  -16 
16  8  -28 
-10  -96  18 
-44  18  16 
48  22  34 
-30  4  54 
-4  16  60 
28  64  14 
-24  -8  74 
-20  -58  -56 
-14  34  54 
-58  10  -6 
12  8  -22 
-54  -38  -32 
-30  -98  0 
-54  -40  12 
-32  -46  -34 
4  50  36 
-64  -24  12 
-4  -44  70 

//Reference=MNI 
//nullstudy_32
//Subjects=31
-20  -54  12 
-8  -42  28 
38  54  -10 
8  56  20 
-46  50  -10 
-14  -36  20 
-6  40  18 
-48  14  -12 
-8  58  -22 
-16  -12  22 
-60  -18  40 
40  20  44 
-38  24  -32 
-4  0  42 
-6  30  22 
-8  52  -14 
-6  -14  62 
-4  -2  60 
-20  -50  74 

//Reference=MNI 
//nullstudy_33
//Subjects=30
-46  28  2 
-26  -64  8 
42  30  46 
-8  -32  -4 
-20  -54  -50 
-24  66  8 
-12  -8  68 
-2  -48  -6 
-58  -44  40 

//Reference=MNI 
//nullstudy_34
//Subjects=29
-8  44  24 
-42  -48  8 

//Reference=MNI 
//nullstudy_35
//Subjects=32
6  60  -20 
-52  -58  -26 
-62  -42  8 
10  58  14 
-36  -12  8 
-44  -34  14 
-58  -8  -18 
-8  50  42 
-30  -82  -34 
-22  -58  -8 
32  52  -8 
-46  -22  12 
-12  -66  20 

//Reference=MNI 
//nullstudy_36
//Subjects=30
-6  -8  60 
14  26  66 
-48  14  40 
-42  -84  18 
-12  -32  -22 

//Reference=MNI 
//nullstudy_37
//Subjects=31
36  32  40 
-12  56  -2 
-4  -20  8 
-8  -80  -32 
-34  2  -18 
-56  -36  -22 
-12  38  28 
-24  32  44 
-60  6  4 
-26  50  18 

//Reference=MNI 
//nullstudy_38
//Subjects=31
-16  -30  -14 
-32  20  -8 
8  68  12 
12  56  14 
-22  -72  -60 
-16  -80  -8 
-52  -58  40 
34  24  30 
-20  36  40 
-42  24  20 
44  14  -16 

//Reference=MNI 
//nullstudy_39
//Subjects=31
-8  -62  48 
-28  -24  -20 
-48  -76  28 
-2  -86  6 
-44  -74  38 
-30  -24  74 
0  64  -12 
42  36  -12 
54  12  16 
30  34  30 
36  24  -20 
-22  16  2 
32  2  -38 
-58  -48  -10 
-62  -16  28 

//Reference=MNI 
//nullstudy_40
//Subjects=30
-40  2  62 
-46  -52  -36 
-62  -38  -26 
4  40  34 
-2  52  44 

//Reference=MNI 
//nullstudy_41
//Subjects=29
-6  -24  38 
12  24  26 

//Reference=MNI 
//nullstudy_42
//Subjects=29
-10  -70  38 
-10  -78  48 

//Reference=MNI 
//nullstudy_43
//Subjects=32
-14  -52  -28 
-38  2  4 
-42  -30  26 
-14  0  20 
-42  36  -4 
-28  34  26 
-34  -18  0 
-2  12  40 
-4  10  44 
-18  40  28 
-8  -56  -18 
40  12  -30 
-28  34  22 
-22  40  22 
20  50  32 
12  56  -18 
-58  16  28 
6  20  10 
26  66  -12 
-40  -86  4 
-48  8  32 
28  8  44 
-20  -72  56 
8  52  4 
34  22  -10 
-34  -50  46 
-28  -32  -4 
-2  16  56 
-22  -52  52 
-40  -10  66 
-34  -94  2 
-8  54  -18 
-48  -10  -8 
-2  0  76 

//Reference=MNI 
//nullstudy_44
//Subjects=28
-48  -42  12 
-6  48  -24 
-64  -26  44 

//Reference=MNI 
//nullstudy_45
//Subjects=31
-20  50  -2 
-4  32  62 
-18  -78  40 
-32  -14  -4 
-22  -14  66 
-62  4  22 
-6  -74  -4 
-20  -16  72 
24  34  40 
48  6  -42 
-2  -8  54 
-50  -10  -8 
-24  36  20 
-26  -92  18 

//Reference=MNI 
//nullstudy_46
//Subjects=30
-38  -84  10 
4  6  -8 
-28  -54  -12 
-2  -58  50 
0  54  16 

//Reference=MNI 
//nullstudy_47
//Subjects=32
-28  -10  4 
46  54  8 
-24  -50  52 
-38  14  -10 
-44  -20  2 
-42  -64  -28 
44  6  46 
8  60  -6 
-20  20  56 
-46  2  -32 
-50  -54  -34 
-16  -54  -48 
6  56  36 
-42  -68  20 
42  8  6 
-8  60  -10 
-2  32  58 
40  20  26 
46  16  14 
-14  -50  74 
-16  -36  68 
-22  -30  14 
4  48  -22 

//Reference=MNI 
//nullstudy_48
//Subjects=31
14  40  -10 
-6  12  72 
-18  -24  -24 
56  20  2 
-48  -48  54 
-46  -28  62 
-54  -10  6 
-10  -32  68 
20  68  14 
-8  -48  6 

//Reference=MNI 
//nullstudy_49
//Subjects=28
-24  -86  20 
-8  -52  -64 

//Reference=MNI 
//nullstudy_50
//Subjects=30
54  28  22 
-22  -60  -64 
-46  -20  -36 
-18  6  16 

//Reference=MNI 
//nullstudy_51
//Subjects=31
-38  -18  68 
-24  46  -12 
-38  -66  2 
-12  -66  6 
-32  -78  0 
-18  8  -22 
-18  -38  8 
-50  -22  6 
-24  -2  12 
-34  -60  -56 

//Reference=MNI 
//nullstudy_52
//Subjects=30
34  42  8 
-2  0  -8 
20  44  30 
-22  -14  60 

//Reference=MNI 
//nullstudy_53
//Subjects=31
-44  -26  18 
2  48  -26 
-28  -24  -24 
-28  -68  52 
-38  -26  24 
-26  -92  2 
-24  24  -8 
40  52  26 

//Reference=MNI 
//nullstudy_54
//Subjects=32
-34  -8  -48 
-20  36  -10 
-50  -74  22 
-56  30  2 
-16  18  -6 
-34  0  32 
-28  -62  -32 
4  6  2 
-32  -38  -20 
-52  0  8 
-36  -82  14 
-20  62  -2 
-40  -80  -20 
-56  -24  -36 
-18  -36  -50 
-52  -14  16 
-62  -28  6 
-22  52  34 
-28  -56  52 
-24  -66  10 
-44  52  -12 
-34  28  -2 
-26  -66  -24 
64  2  16 
8  26  50 
0  12  44 
26  14  -44 
-24  32  26 
-32  -72  30 
-18  50  -18 
-34  -74  30 
-48  -14  56 
40  12  46 
-4  -82  -10 
36  2  30 
-60  -60  16 
-24  -70  50 

//Reference=MNI 
//nullstudy_55
//Subjects=28
-12  48  -12 
12  10  22 

//Reference=MNI 
//nullstudy_56
//Subjects=28
-48  -44  24 
-30  -76  -16 
34  10  -6 

//Reference=MNI 
//nullstudy_57
//Subjects=29
18  8  -12 
-68  -36  24 

//Reference=MNI 
//nullstudy_58
//Subjects=30
-6  0  -12 
-52  -56  -10 
-10  -40  44 
18  38  40 

//Reference=MNI 
//nullstudy_59
//Subjects=32
-66  -14  18 
-22  -58  -6 
-28  -40  -12 
-36  46  26 
-28  -4  -6 
50  10  -2 
-32  -42  -56 
-36  -52  -12 
28  42  10 
58  4  10 
-36  24  -6 
-4  -66  14 
-54  -52  -8 
-50  -16  22 
-18  -36  66 
-56  -52  16 
16  14  -14 
-22  -10  -14 
-16  -58  16 
-34  -42  -4 

//Reference=MNI 
//nullstudy_60
//Subjects=30
-50  -54  28 
-20  50  2 
48  18  50 
-40  14  12 

//Reference=MNI 
//nullstudy_61
//Subjects=29
-38  -46  -22 
52  16  46 
-12  40  -4 

//Reference=MNI 
//nullstudy_62
//Subjects=31
-66  -36  14 
-52  -78  6 
28  16  58 
12  34  -28 
-12  -36  -18 
-62  -50  -22 
-18  28  8 
-12  -88  24 
-36  -2  62 

//Reference=MNI 
//nullstudy_63
//Subjects=29
42  24  10 
44  46  -16 
-32  -46  -8 

//Reference=MNI 
//nullstudy_64
//Subjects=30
-14  -38  40 
-38  2  -8 
-60  2  30 
0  14  36 
-26  24  44 
-24  0  -12 
36  4  32 
-32  14  -38 
-2  -38  64 
40  14  6 
-52  -38  12 
-56  -62  18 
-34  -34  -8 
-48  -4  -22 

//Reference=MNI 
//nullstudy_65
//Subjects=30
-8  52  38 
-18  -36  42 
-32  -16  2 
-30  40  32 
40  52  -2 
-32  48  -10 

//Reference=MNI 
//nullstudy_66
//Subjects=30
-26  -56  -16 
-62  -8  -24 
-42  -26  8 
44  14  16 

//Reference=MNI 
//nullstudy_67
//Subjects=31
-28  -30  -14 
-30  58  -16 
-8  -80  -42 
50  38  30 
-20  -68  -4 
-30  40  -20 
2  20  64 
2  24  -22 
-14  -72  -20 
32  22  -14 
-16  -72  -48 

//Reference=MNI 
//nullstudy_68
//Subjects=29
-58  -52  -6 
46  2  -2 
-34  -68  -42 

//Reference=MNI 
//nullstudy_69
//Subjects=30
-12  -64  38 
-42  -78  0 
-58  0  -34 
-56  8  -26 

//Reference=MNI 
//nullstudy_70
//Subjects=29
-16  -102  6 
-8  -66  58 
46  10  -34 

//Reference=MNI 
//nullstudy_71
//Subjects=31
-60  0  -12 
-64  -34  -10 
-16  18  -24 
-14  8  24 
28  22  -40 
-2  -10  -26 
-4  -72  -50 
-34  -80  -32 
-48  -78  -24 
-28  -92  -8 
50  6  40 
0  38  -8 

//Reference=MNI 
//nullstudy_72
//Subjects=30
-44  -64  32 
46  34  2 
-34  -90  -22 
-50  40  20 
-52  -66  4 

//Reference=MNI 
//nullstudy_73
//Subjects=29
-62  -26  12 
-52  -18  -32 
46  26  36 

//Reference=MNI 
//nullstudy_74
//Subjects=30
6  4  -28 
28  62  2 
-6  -70  24 
-34  -80  -46 
-28  48  22 
36  4  46 
-42  4  22 
-10  -66  44 
4  56  38 

//Reference=MNI 
//nullstudy_75
//Subjects=30
-26  -46  -8 
-8  -62  -16 
36  50  26 
-34  -64  -14 
-50  -16  -8 
-42  -14  -44 
-26  -10  66 
-2  42  -14 

//Reference=MNI 
//nullstudy_76
//Subjects=29
-58  -4  18 
-52  -64  42 

//Reference=MNI 
//nullstudy_77
//Subjects=31
-46  -16  -24 
-42  -8  60 
-54  -32  26 
4  32  0 
-62  -44  -14 
-14  -58  -62 
-24  18  -24 
40  10  -30 
-44  26  2 
16  46  -2 
40  4  -16 
-42  -64  -54 
-40  -70  12 
-54  -72  -6 

//Reference=MNI 
//nullstudy_78
//Subjects=30
-28  -18  4 
-40  20  -16 
-6  12  62 
-20  -58  10 
-24  30  -12 
-24  -58  18 
32  14  0 

//Reference=MNI 
//nullstudy_79
//Subjects=28
-6  38  -30 
-20  -92  -10 

//Reference=MNI 
//nullstudy_80
//Subjects=30
-20  -10  50 
-20  38  -14 
-6  -78  10 

//Reference=MNI 
//nullstudy_81
//Subjects=31
-48  -56  -44 
-46  -38  16 
-48  -68  38 
-2  34  40 
-26  -64  -46 
-28  -16  10 
-42  -68  2 
-30  6  54 
-2  -34  30 
24  46  30 
30  16  40 
-4  -44  -4 
-2  -48  -20 
-4  16  66 
18  12  -20 

//Reference=MNI 
//nullstudy_82
//Subjects=30
-10  -2  48 
-30  -42  -10 
-40  -52  -44 
32  28  26 
-10  8  44 

//Reference=MNI 
//nullstudy_83
//Subjects=29
-34  4  -20 
-22  -34  -50 

//Reference=MNI 
//nullstudy_84
//Subjects=33
-44  10  -20 
-62  -18  -22 
-34  -70  -34 
-18  34  42 
-56  8  24 
16  28  -8 
-44  -36  36 
-14  30  62 
50  42  -2 
38  28  32 
-8  -36  -28 
-18  -12  -22 
30  64  4 
2  6  62 
-62  -26  46 
-20  -34  -6 
-32  -2  -42 
-30  -18  0 
38  54  6 
-30  30  -12 
-14  -96  -24 
-46  -60  46 
-6  0  76 
-44  -70  36 
-22  -52  -54 
-50  -52  42 
10  54  28 

//Reference=MNI 
//nullstudy_85
//Subjects=30
-50  -56  -24 
16  20  68 
-58  12  32 
36  6  0 
-20  -76  48 

//Reference=MNI 
//nullstudy_86
//Subjects=30
-36  28  38 
-4  48  32 
-24  -76  -22 
50  2  -28 
-30  -74  -22 
-6  -80  -14 
-30  -60  -52 
-36  14  4 
-28  -84  24 
34  52  -4 
-48  -54  36 
-44  -72  8 
-16  62  26 
-14  -62  10 
-2  -42  32 
-8  14  62 

//Reference=MNI 
//nullstudy_87
//Subjects=31
10  26  4 
-12  -6  68 
38  12  -12 
-36  -22  -26 
38  32  44 
-12  -76  32 
-38  -6  2 
30  42  -22 
22  42  -12 
-40  46  2 
12  36  28 
12  22  40 
-66  -26  26 
14  44  14 
-64  -56  2 
42  4  16 
-48  -54  48 
-64  0  -14 

//Reference=MNI 
//nullstudy_88
//Subjects=31
-4  -40  74 
-10  -78  44 
-28  -38  -34 
-20  -10  -38 
2  42  10 
4  48  -22 
-24  22  -18 

//Reference=MNI 
//nullstudy_89
//Subjects=30
-32  -28  -26 
-24  -22  -18 
-62  -28  -12 
-6  2  36 
-40  -74  -50 
-32  -68  -24 
-10  32  36 
-28  34  36 
24  12  -16 

//Reference=MNI 
//nullstudy_90
//Subjects=29
-66  -32  26 
-16  -50  -34 

//Reference=MNI 
//nullstudy_91
//Subjects=29
-16  -34  42 
14  48  -20 

//Reference=MNI 
//nullstudy_92
//Subjects=30
-20  16  2 
-28  -74  32 
-22  4  64 
-40  -2  -38 
-8  40  50 

//Reference=MNI 
//nullstudy_93
//Subjects=30
-54  -62  -12 
-52  -10  48 
-24  -12  6 
-6  -84  44 
6  34  50 

//Reference=MNI 
//nullstudy_94
//Subjects=30
-20  8  50 
-48  -68  -42 
24  16  52 
12  20  -8 
-8  -44  68 
-20  38  -22 

//Reference=MNI 
//nullstudy_95
//Subjects=29
20  62  4 
-28  62  16 

//Reference=MNI 
//nullstudy_96
//Subjects=31
-26  -58  58 
-56  -42  -4 
-32  -84  -30 
-52  10  -16 
10  30  36 
46  8  22 
-20  -96  22 
-18  -48  -36 
-38  -8  -30 
42  2  24 
-28  -22  -20 
-18  -32  12 
-28  -8  66 
-30  56  6 
-6  -50  16 
30  46  32 
0  30  20 
-42  -10  60 
-8  -6  24 
-38  52  6 
-36  -72  -46 
44  14  -38 

//Reference=MNI 
//nullstudy_97
//Subjects=30
14  22  54 
30  50  -16 
-56  0  26 
22  38  30 

//Reference=MNI 
//nullstudy_98
//Subjects=30
-18  10  -10 
-30  -84  24 
-28  -66  -46 
-20  50  -14 
-10  -26  -10 
-24  48  10 

//Reference=MNI 
//nullstudy_99
//Subjects=31
-14  34  -26 
-36  -52  56 
-32  -2  -50 
12  26  2 
-24  -22  -24 
-62  -30  -4 
42  22  50 
-40  12  -16 
40  24  -24 

//Reference=MNI 
//nullstudy_100
//Subjects=30
-56  10  20 
-6  -26  66 
-38  -38  44 
28  24  6 
-12  -56  30 
-26  -66  -20 
-42  -66  4 
-38  -66  24 
-32  52  -2 

