//Reference=MNI 
//truestudy_1
//Subjects=11
47  -68  -5 
48  -67  -6 
47  -65  -5 
47  -65  -5 
45  -66  -5 
44  -66  -6 
46  -67  -6 
47  -67  -6 
46  -66  -7 
47  -66  -6 
46  -65  -7 

//Reference=MNI 
//truestudy_2
//Subjects=11
46  -64  -7 
47  -66  -5 
46  -66  -6 
45  -66  -5 
47  -67  -7 
44  -66  -6 
45  -67  -6 
47  -66  -4 
45  -66  -8 
45  -65  -7 
47  -69  -4 
47  -66  -6 
46  -66  -4 
47  -65  -7 

//Reference=MNI 
//truestudy_3
//Subjects=8
46  -68  -3 
47  -65  -5 

//Reference=MNI 
//nullstudy_1
//Subjects=11
-50  -40  58 
-12  -48  44 
-10  0  40 
-4  -30  24 
-20  -26  -26 
-38  -70  -44 
-32  -78  -2 
-30  -24  44 
-34  -14  12 
-4  36  36 
-24  46  -16 

//Reference=MNI 
//nullstudy_2
//Subjects=11
-52  4  -8 
-56  -48  40 
-6  -100  2 
-64  -38  -24 
-6  22  46 
-54  0  -32 
-28  -62  -8 
26  46  34 
-6  44  -22 
-4  -54  -12 
-22  -66  42 
10  16  44 
-54  -24  -18 
-2  18  70 

//Reference=MNI 
//nullstudy_3
//Subjects=8
48  32  -2 
-30  10  58 

//Reference=MNI 
//nullstudy_4
//Subjects=11
-4  -52  54 
-10  -4  74 
-4  -98  6 
-28  -76  -42 
-62  -8  0 
-34  -22  18 
-10  22  -6 
-20  16  -12 
-34  -12  -24 
-18  28  0 
-34  -20  -28 
-16  -46  0 
-48  -50  -20 
-24  -42  12 
-30  -62  -40 

//Reference=MNI 
//nullstudy_5
//Subjects=10
-54  12  10 
-40  42  10 
-20  50  -22 
-20  -64  -52 
8  22  28 

//Reference=MNI 
//nullstudy_6
//Subjects=10
-26  -24  -24 
-26  48  42 
-12  -62  58 
-26  -38  -50 
-8  -44  -2 
-10  -14  70 

//Reference=MNI 
//nullstudy_7
//Subjects=12
-2  -22  -8 
14  38  56 
-48  6  -38 
0  26  56 
-18  -36  -10 
56  24  -8 
-12  10  62 
-2  -52  -18 
-14  -82  16 
-4  6  48 
-26  38  -24 
18  28  -18 
-42  -78  -36 
-2  -92  -16 
-46  -60  -48 
-32  12  46 
-48  -46  -22 
-46  -16  34 
-64  -8  28 

//Reference=MNI 
//nullstudy_8
//Subjects=12
-56  -34  34 
-18  -56  -38 
26  20  62 
-18  2  26 
-46  -12  -40 
-24  -56  42 
-30  -46  -48 
-40  -80  28 
-34  -32  -32 
-34  -80  38 
-4  -26  -42 
40  14  42 
-20  -92  -26 
-6  54  -20 
-36  -28  50 
-16  -26  -20 
-34  -92  -14 
-18  14  -8 
-2  -96  -16 
36  4  -8 
-34  -26  20 
-62  -24  -28 
-32  -12  -44 
4  58  24 
-4  2  0 
-26  -56  12 
30  4  -44 
-34  -64  -14 
-4  -64  60 
-22  -96  -20 
18  6  2 
-18  -42  58 
44  14  4 
-22  6  -34 
-34  -50  2 
10  48  -10 
-30  -48  38 

//Reference=MNI 
//nullstudy_9
//Subjects=10
-20  48  12 
-42  -42  60 
-2  -24  30 
-24  -72  30 
-18  56  34 
-10  0  38 

//Reference=MNI 
//nullstudy_10
//Subjects=11
-2  38  40 
-10  -32  16 
-10  -58  10 
-26  -62  38 
14  50  28 
-2  52  -16 
-64  -10  -6 
-26  -90  -28 
32  20  60 
-14  -20  -20 
-14  60  34 
-14  2  -36 
-12  -60  -38 
-10  28  46 
-6  -86  44 
-10  -40  -52 
-14  -54  70 
-48  -26  44 
24  66  0 
-50  -16  38 
-46  10  4 
-2  40  40 
-38  -56  -32 
-26  -56  -36 
-20  -88  -2 
-46  -26  -6 

//Reference=MNI 
//nullstudy_11
//Subjects=10
-62  -34  2 
-38  -28  54 
0  16  34 
-8  -2  -20 

//Reference=MNI 
//nullstudy_12
//Subjects=10
-8  -62  20 
-42  -4  -30 
-4  -76  -52 
28  40  16 

//Reference=MNI 
//nullstudy_13
//Subjects=9
-40  -10  -44 
-50  -16  40 
-34  -56  60 

//Reference=MNI 
//nullstudy_14
//Subjects=11
-50  -14  30 
14  16  -22 
-38  60  8 
4  26  24 
-18  -36  78 
-36  -44  40 
4  34  4 
-8  -12  -22 
28  46  10 
-10  68  8 
-18  -62  -40 
-54  -72  0 
-20  -42  -24 

//Reference=MNI 
//nullstudy_15
//Subjects=10
-10  16  -16 
-22  -64  14 
-60  -28  40 
24  6  52 
-14  -84  38 
-54  -8  -22 
-16  42  38 
-24  16  -40 

//Reference=MNI 
//nullstudy_16
//Subjects=11
-14  48  28 
6  18  -24 
-46  -40  -12 
2  20  -16 
-38  -90  10 
46  14  -12 
54  16  -22 
-44  40  -14 
48  32  6 
-8  -84  46 
-46  2  -4 
-36  -82  -38 
8  32  -18 
32  20  -44 
8  52  -14 
-8  -28  8 
-36  -44  64 
-40  -50  -56 
-58  -38  24 
-50  -28  -12 
-6  18  26 
-24  56  32 
-24  -74  -52 
-30  0  -30 
-28  -10  -10 
-8  6  42 
-2  -70  56 
-2  30  48 
-34  24  -22 
-8  -50  -26 
-8  -90  -36 
-20  -70  -8 
-2  -40  68 
-2  -8  4 
8  64  24 
-48  -14  52 
-28  32  -4 
-14  -68  56 
-42  -58  54 
-46  44  14 
-16  -54  -8 
-52  -4  32 
-18  -32  -14 
-48  -16  32 
46  36  10 
-12  -58  -26 
-8  32  60 
-34  42  42 
-12  -34  42 
-48  -56  10 
2  66  24 
-30  -80  -44 
38  2  12 
-8  -60  18 
-8  30  62 
-30  14  28 
50  12  -40 
6  32  -14 
-50  -16  -8 
-30  -48  -60 
-54  -46  -28 
-64  -46  -16 
-16  38  -16 
2  52  42 

//Reference=MNI 
//nullstudy_17
//Subjects=9
-12  -62  -24 
-36  -60  44 
0  22  54 
-2  20  58 
-58  8  -8 
-16  38  -20 

//Reference=MNI 
//nullstudy_18
//Subjects=9
36  20  50 
-44  -16  46 

//Reference=MNI 
//nullstudy_19
//Subjects=9
-42  -62  10 
-4  -100  8 

//Reference=MNI 
//nullstudy_20
//Subjects=9
-34  -70  -48 
-30  10  40 
-44  4  34 

//Reference=MNI 
//nullstudy_21
//Subjects=10
-20  -96  -8 
-36  -78  18 

//Reference=MNI 
//nullstudy_22
//Subjects=10
-8  -4  46 
40  8  -12 
48  32  30 
16  46  -24 
-64  -54  -6 

//Reference=MNI 
//nullstudy_23
//Subjects=10
-6  18  -14 
-30  -52  0 
36  36  16 

//Reference=MNI 
//nullstudy_24
//Subjects=10
-38  -32  8 
-68  -36  10 
-26  -54  -54 
-46  -18  12 
-16  -74  20 
-44  26  34 
-42  -54  -56 

//Reference=MNI 
//nullstudy_25
//Subjects=12
-38  58  10 
-26  64  20 
-10  8  -6 
24  30  -12 
-50  4  14 

//Reference=MNI 
//nullstudy_26
//Subjects=10
-54  -26  -6 
34  24  52 
-14  -68  24 
-56  -64  -16 
-36  12  30 
-14  12  -18 
-6  -72  52 
-10  -20  -32 
-28  8  52 
-32  -48  -10 
14  64  -2 
24  48  14 

//Reference=MNI 
//nullstudy_27
//Subjects=10
-56  -34  26 
6  4  70 
-28  -78  30 
24  38  22 

//Reference=MNI 
//nullstudy_28
//Subjects=9
-10  -74  6 
-10  -82  -4 
-8  -30  -4 
-4  50  48 
-4  -28  52 
-4  -68  56 
-4  -28  -16 
-48  -12  -4 
-34  50  -12 
-44  2  -32 
-48  -50  -4 
4  20  2 

//Reference=MNI 
//nullstudy_29
//Subjects=11
-8  -54  4 
-6  36  28 

//Reference=MNI 
//nullstudy_30
//Subjects=9
40  48  -14 
-18  -36  38 
-18  -76  -2 
22  8  46 
46  8  26 
-4  -30  32 
-62  -4  2 
-36  -10  6 
-2  60  -24 
-6  30  -8 
-28  -34  46 
-20  42  30 
-48  -44  8 
-48  8  -40 
34  30  28 
38  46  -8 

//Reference=MNI 
//nullstudy_31
//Subjects=10
10  48  30 
-52  -54  46 
0  54  28 
-28  56  12 

//Reference=MNI 
//nullstudy_32
//Subjects=10
-2  -32  40 
-34  -50  58 
-30  20  62 
-2  -4  52 
26  28  46 

//Reference=MNI 
//nullstudy_33
//Subjects=9
12  36  -10 
10  42  -16 
-26  -10  54 

//Reference=MNI 
//nullstudy_34
//Subjects=10
-56  0  -30 
-12  -94  0 
40  10  -42 
34  50  -12 

//Reference=MNI 
//nullstudy_35
//Subjects=10
-12  20  34 
-4  -56  12 
-22  2  -38 
-14  48  12 
-6  -56  -34 
-12  -8  50 
14  28  -28 
-24  -40  -12 
-28  -2  52 
-28  -22  -30 

//Reference=MNI 
//nullstudy_36
//Subjects=8
32  2  -12 
-54  28  -6 
14  44  0 
-38  14  -8 
-16  -102  -2 
-20  -44  -60 
8  14  58 
8  10  56 
-2  -44  10 
-8  16  8 

//Reference=MNI 
//nullstudy_37
//Subjects=8
2  26  58 
-46  -20  58 
-48  -60  -38 

//Reference=MNI 
//nullstudy_38
//Subjects=11
30  56  24 
-20  38  -14 

//Reference=MNI 
//nullstudy_39
//Subjects=10
-24  -26  58 
-18  2  66 
-32  -72  56 
-24  -74  -26 
-22  -60  40 
-18  14  -18 
-30  -16  8 
-10  -86  46 
-20  -62  38 
-18  12  -20 
-34  -48  32 
-44  -74  -14 
-62  -20  46 
-52  -2  -30 

//Reference=MNI 
//nullstudy_40
//Subjects=11
32  34  0 
-22  6  66 
-32  -12  -14 
36  38  -14 
32  26  24 
32  34  40 
0  52  8 
-14  2  -4 
-2  -36  24 

//Reference=MNI 
//nullstudy_41
//Subjects=9
-40  -56  -30 
6  12  32 
-28  -78  10 
-8  -74  -28 
-4  -26  46 
-38  24  8 
14  4  14 
-34  -42  62 
-38  -24  2 

//Reference=MNI 
//nullstudy_42
//Subjects=7
-16  -16  8 
-36  -48  48 
-40  -90  -16 

//Reference=MNI 
//nullstudy_43
//Subjects=11
24  48  -4 
-64  -32  10 

//Reference=MNI 
//nullstudy_44
//Subjects=11
-38  -60  50 
-6  -2  -26 
-16  -16  -8 
14  28  6 
-6  -54  54 
50  18  -14 
-50  26  -6 

//Reference=MNI 
//nullstudy_45
//Subjects=11
-6  8  4 
-36  -74  20 
-30  -72  -60 
2  40  24 
36  48  10 
14  18  -12 
-12  -36  -44 
32  58  26 
-62  -18  44 
-60  -40  22 
-18  -70  -38 

//Reference=MNI 
//nullstudy_46
//Subjects=11
-6  -52  20 
-18  -44  14 
14  46  44 
-12  -80  -4 
-12  -50  48 
-38  -10  10 
-58  -20  4 
-34  -14  -20 
24  8  10 
-32  24  44 
-24  6  -16 
-60  -38  -6 

//Reference=MNI 
//nullstudy_47
//Subjects=9
34  20  -24 
-2  -84  6 
-4  -76  48 
-58  4  -4 
-6  -58  -14 
-46  -46  -40 
48  30  -16 
-42  -10  -44 
-34  -14  2 
-22  -80  -6 
-46  -42  -4 
-18  -62  46 
-10  22  36 
-36  -80  36 

//Reference=MNI 
//nullstudy_48
//Subjects=10
-26  -30  -30 
-14  -56  18 

//Reference=MNI 
//nullstudy_49
//Subjects=7
-66  -40  10 
16  64  24 
-12  24  66 
44  40  10 
-36  -60  -58 
-40  -16  0 
-24  -22  60 
-10  -64  -40 
30  48  30 

//Reference=MNI 
//nullstudy_50
//Subjects=10
32  42  24 
52  6  -32 

//Reference=MNI 
//nullstudy_51
//Subjects=10
-48  -62  18 
-6  6  56 
8  30  24 
-4  -44  4 
-48  -82  -2 
-34  -62  30 

//Reference=MNI 
//nullstudy_52
//Subjects=8
-4  -38  -4 
10  44  2 
-38  52  18 
-12  -28  4 
6  52  8 
-42  -34  58 
-18  -56  70 
-22  -40  14 
-40  -68  -54 

//Reference=MNI 
//nullstudy_53
//Subjects=10
-14  -62  58 
-60  0  32 

//Reference=MNI 
//nullstudy_54
//Subjects=11
26  50  20 
-26  -44  48 
-30  -74  -22 
-8  -46  -28 
-30  -16  -12 
-40  28  -20 
-30  0  -34 

//Reference=MNI 
//nullstudy_55
//Subjects=11
-40  42  -16 
20  40  46 
-42  -46  18 
42  2  -42 
-2  -80  -38 
-20  -58  8 
-4  -58  -52 
-34  -68  -50 
-60  -48  46 
-10  -16  54 
-18  -74  -58 
-20  -36  -26 
-56  -46  48 
-62  -48  6 
-42  40  -22 

//Reference=MNI 
//nullstudy_56
//Subjects=11
-50  -76  -22 
-46  -46  46 
-20  -52  2 
-34  -26  -16 
18  46  48 
-6  52  22 
-30  -6  -32 
-52  6  24 
-34  -48  52 
-30  -62  64 
-34  -96  4 
-58  -18  -8 
6  42  48 
-6  8  50 

//Reference=MNI 
//nullstudy_57
//Subjects=9
-6  -44  78 
-18  -12  -38 
-54  -62  -30 
-14  38  -22 
-50  -46  0 
-14  22  -22 
-24  -42  -36 
-18  -34  -48 

//Reference=MNI 
//nullstudy_58
//Subjects=10
-18  -44  14 
-8  -48  34 
-44  -56  -28 

//Reference=MNI 
//nullstudy_59
//Subjects=10
-28  30  28 
48  10  46 
-12  -86  -6 
2  8  68 
-28  42  28 
10  66  6 

//Reference=MNI 
//nullstudy_60
//Subjects=11
-18  -2  76 
44  12  6 
-36  26  52 
-26  46  4 
-14  -70  -16 
-2  -20  60 

//Reference=MNI 
//nullstudy_61
//Subjects=10
24  60  10 
-2  -28  44 
44  18  50 
12  64  -16 
-6  -2  12 
-26  -20  -26 
10  34  -10 
-20  -76  -54 

//Reference=MNI 
//nullstudy_62
//Subjects=11
-52  18  42 
-6  48  44 
2  30  20 
-46  -66  20 
-56  -36  50 
-12  -14  -36 
-38  -10  -24 

//Reference=MNI 
//nullstudy_63
//Subjects=10
-60  -24  -12 
-2  -8  48 
-38  36  28 
-56  -46  44 
-46  -54  30 
-26  4  58 
64  2  16 
-30  -70  -38 

//Reference=MNI 
//nullstudy_64
//Subjects=12
-4  -4  0 
-40  -32  18 
-68  -16  24 
-24  -2  -26 

//Reference=MNI 
//nullstudy_65
//Subjects=10
-16  -50  52 
-2  22  -12 
-16  -56  -26 
-16  14  16 
44  24  16 
-54  -34  46 
-34  26  6 
-56  -4  0 
-26  -46  -52 
-50  -52  -42 
-10  0  58 
62  12  28 
-60  -4  -4 
22  52  18 
40  26  -34 
-44  -8  -46 
-18  62  -10 
-42  -16  40 
-44  14  -14 
-38  -54  -34 
-12  14  54 
-36  -28  -8 
-42  -76  -36 
-4  -62  28 
12  6  -6 
12  10  -20 
-14  -60  -50 
26  36  30 

//Reference=MNI 
//nullstudy_66
//Subjects=8
20  20  4 
-28  22  -24 
-8  -80  14 
-30  14  42 
-42  -42  16 
48  26  4 
-4  26  32 
-50  4  24 

//Reference=MNI 
//nullstudy_67
//Subjects=10
-42  -84  2 
-12  -40  -58 

//Reference=MNI 
//nullstudy_68
//Subjects=10
-54  -12  38 
-2  38  40 
-40  10  58 
-2  40  -32 

//Reference=MNI 
//nullstudy_69
//Subjects=11
-10  24  50 
-20  -58  -40 
-40  -22  52 
-16  -48  -32 

//Reference=MNI 
//nullstudy_70
//Subjects=11
-8  -52  -32 
-4  46  42 
-12  -76  -52 
-62  -34  -24 
-6  -22  6 
-16  -92  22 
12  12  -26 
-56  4  12 
-36  -48  -10 
-34  32  22 
38  34  -4 
2  34  -6 
-64  -44  0 
34  56  -2 
2  62  26 
-42  6  46 
-36  -90  -16 

//Reference=MNI 
//nullstudy_71
//Subjects=9
16  50  34 
-4  -8  64 
-8  -14  50 
32  2  38 
-46  -84  -6 
-24  -42  -40 
-6  -86  34 
36  2  54 
48  22  10 
-38  42  -18 

//Reference=MNI 
//nullstudy_72
//Subjects=10
-46  -32  -6 
-8  -6  -12 

//Reference=MNI 
//nullstudy_73
//Subjects=9
-38  -28  60 
-58  2  0 
4  4  32 
46  30  42 

//Reference=MNI 
//nullstudy_74
//Subjects=11
-46  -18  2 
-10  -76  38 
-6  62  14 

//Reference=MNI 
//nullstudy_75
//Subjects=8
-38  20  -12 
-44  -2  -10 
-56  12  -8 
-22  44  12 
-48  -8  34 
-10  20  0 
52  4  -14 
-54  -32  48 
2  40  -20 

//Reference=MNI 
//nullstudy_76
//Subjects=10
54  36  -6 
22  6  -38 
40  40  20 

//Reference=MNI 
//nullstudy_77
//Subjects=11
-26  -40  -18 
-24  10  -38 
-50  -24  12 
-26  -86  6 
-60  -10  -16 
-24  66  14 

//Reference=MNI 
//nullstudy_78
//Subjects=9
-4  24  14 
-2  4  -24 
-58  10  -20 
8  40  -14 
-50  -60  -42 
22  42  22 
-12  -50  -52 
8  30  -30 
-18  -18  70 
-52  -22  10 

//Reference=MNI 
//nullstudy_79
//Subjects=12
8  48  0 
-58  4  2 
-26  -84  -38 

//Reference=MNI 
//nullstudy_80
//Subjects=12
-40  -4  58 
-2  -68  -12 
2  48  -20 
-36  10  30 
52  10  -22 
24  8  6 
-8  -48  40 
-16  -30  24 
-8  10  -20 
-48  -64  -42 
-6  -8  16 
-34  -76  40 
-38  20  50 
-46  -78  22 
-50  8  48 
36  22  44 
36  14  62 
-14  -54  62 
8  36  -10 

//Reference=MNI 
//nullstudy_81
//Subjects=12
-12  -68  58 
-34  -44  -24 
10  38  54 
36  26  -26 
22  6  -40 
-38  54  -12 
-56  -52  -2 
-30  36  22 
-24  0  -14 
-32  12  -18 
-44  -48  28 
-22  -68  16 
-60  0  24 
-58  -44  22 
-8  -42  -40 
-22  -16  -8 
-26  -44  42 
38  54  -14 
-14  44  -26 
-6  16  66 
14  20  68 
-10  34  -4 
-36  16  24 
-44  -20  8 
16  28  4 
-50  -28  16 
-52  -26  -6 
-56  -16  -14 
-40  -74  -4 
-8  68  -10 
-22  -6  -34 
-60  -26  -26 
-34  12  -36 

//Reference=MNI 
//nullstudy_82
//Subjects=11
-34  -12  64 
-10  -6  46 
-16  66  16 
20  52  -22 
-10  36  60 
38  10  -32 
-38  -94  -10 
-10  -86  -36 
40  38  40 
-16  24  -28 
40  20  -18 
26  46  -10 
-2  -34  28 
-48  10  -34 
-28  -20  56 
-40  -54  6 
22  12  70 
-18  14  -26 
-36  -10  56 
-38  -64  36 
-4  -26  80 

//Reference=MNI 
//nullstudy_83
//Subjects=11
0  34  0 
40  14  -38 
-14  58  36 
-48  22  36 
-40  -50  -12 
-22  0  -38 
-44  -36  38 
-2  -70  -12 
24  4  -32 
-24  -12  68 
4  2  -6 
-6  -2  56 

//Reference=MNI 
//nullstudy_84
//Subjects=8
-50  -32  -14 
-52  -28  -16 
-36  -78  -30 
-26  14  -42 
-12  -76  -8 
-48  -32  -28 
-44  -12  -32 
-42  -72  12 
12  56  14 
-56  -64  -16 
-22  -102  -10 
50  14  12 
-52  2  -4 
-54  38  10 
20  6  -48 
-20  22  48 
-4  -18  -2 
-12  -84  8 
-4  -26  -10 
34  16  62 
62  2  12 
-58  8  -4 
58  32  4 
-18  -86  -2 
-46  -10  50 
-40  12  60 
24  64  8 
26  60  10 

//Reference=MNI 
//nullstudy_85
//Subjects=8
-12  2  -16 
-18  66  14 

//Reference=MNI 
//nullstudy_86
//Subjects=9
-46  8  -6 
-2  -40  20 

//Reference=MNI 
//nullstudy_87
//Subjects=11
-16  -70  18 
-20  -58  22 

//Reference=MNI 
//nullstudy_88
//Subjects=10
-4  22  58 
-52  -26  28 
6  36  54 
-28  -98  -16 
-34  -24  52 
-40  -6  -46 
-38  -12  64 
-16  -82  -34 
-18  -64  68 
-6  -12  24 
-30  22  -20 

//Reference=MNI 
//nullstudy_89
//Subjects=11
34  6  -44 
-22  48  4 
-16  -68  -24 
-2  -20  70 
32  40  48 

//Reference=MNI 
//nullstudy_90
//Subjects=12
-60  -2  40 
-38  20  -30 
-46  44  16 
-34  -80  30 
-50  22  12 
-58  -16  -22 
12  26  54 
-42  36  26 
30  32  32 
-46  -72  -26 
-14  -76  20 
-20  14  -16 
-34  -84  -18 
-44  -2  36 
4  46  8 
-10  -12  60 
14  10  -14 
-2  -88  0 
20  28  38 
-4  -58  -4 
34  46  -8 
0  36  26 
18  62  -8 
18  22  58 
-54  -16  20 
-34  10  -42 
-24  -78  -36 
-62  -18  10 
-2  2  72 
-30  -30  14 
-24  -2  68 
-12  -32  -40 
-10  52  14 
-46  14  42 

//Reference=MNI 
//nullstudy_91
//Subjects=10
60  14  -2 
12  54  34 
-4  -62  24 
-44  -50  -26 
-34  -30  20 
-18  -2  -32 
-28  -30  74 
-8  -50  -30 
-40  -64  -24 
-14  -62  -56 
-10  -36  -18 
42  14  22 
-30  26  56 
-24  6  60 
-8  -32  34 
-4  24  -18 
-46  -52  -54 
-10  70  0 
-12  18  66 
-48  16  42 
-12  24  -24 
-38  -50  -60 
-12  -20  -6 
-28  -14  -46 
-32  -6  -4 
-24  -52  -52 
40  24  20 
-14  -48  66 
-52  -50  -28 
-50  0  -26 
8  14  -4 
-8  -52  -44 
-42  -80  -2 
-8  -76  2 

//Reference=MNI 
//nullstudy_92
//Subjects=9
26  26  -16 
-26  0  -10 
-12  -80  -50 
38  38  14 
-24  -66  20 
48  42  18 
50  14  46 
-46  -44  20 
-40  -56  -10 

//Reference=MNI 
//nullstudy_93
//Subjects=10
-22  -62  28 
-56  16  24 

//Reference=MNI 
//nullstudy_94
//Subjects=11
-44  -6  12 
-4  -62  -2 
-18  10  2 
-6  -56  38 

//Reference=MNI 
//nullstudy_95
//Subjects=9
-14  54  38 
-18  -84  26 
42  6  44 
50  18  12 
-10  -52  -20 
-20  -54  -8 
32  52  -8 
-12  -42  -20 

//Reference=MNI 
//nullstudy_96
//Subjects=10
10  20  46 
-40  30  -2 

//Reference=MNI 
//nullstudy_97
//Subjects=11
16  26  56 
-42  -42  36 
-38  -64  -40 
16  14  14 
-30  2  -50 
-28  -38  -22 
-34  -90  6 
-22  24  -22 
-54  -12  26 
48  6  -4 
-56  4  -36 
-38  -86  26 
4  8  34 
-48  46  14 

//Reference=MNI 
//nullstudy_98
//Subjects=9
-52  -14  54 
14  52  -2 
-46  -52  -32 
-24  -42  -26 
-4  20  44 
-54  -50  -40 
6  6  -6 
-20  -36  -10 
2  2  58 
-20  -32  68 
14  8  -6 
-50  -38  24 
-20  4  2 
-2  -74  56 
-20  -10  -40 
-26  -38  -32 
8  14  -10 

//Reference=MNI 
//nullstudy_99
//Subjects=10
-20  -58  -22 
8  42  -6 

//Reference=MNI 
//nullstudy_100
//Subjects=9
-30  14  -36 
22  42  30 
-32  54  -18 

