//Reference=MNI 
//truestudy_1
//Subjects=30
45  -67  -7 
47  -66  -6 
46  -66  -5 
48  -65  -5 
46  -65  -7 
46  -66  -6 
46  -66  -6 

//Reference=MNI 
//truestudy_2
//Subjects=29
47  -65  -4 
47  -66  -6 
47  -64  -8 
46  -65  -6 

//Reference=MNI 
//truestudy_3
//Subjects=31
46  -67  -6 
47  -67  -7 
45  -68  -6 
45  -65  -5 
46  -66  -7 
46  -66  -7 
47  -65  -7 
47  -65  -5 

//Reference=MNI 
//nullstudy_1
//Subjects=30
-44  -76  -14 
-22  48  24 
-2  24  54 
-22  -36  -50 
-42  -68  40 
-4  -66  -2 
-42  46  2 

//Reference=MNI 
//nullstudy_2
//Subjects=29
-8  48  22 
46  8  36 
-48  -36  36 
-66  -44  4 

//Reference=MNI 
//nullstudy_3
//Subjects=31
18  6  18 
-10  58  38 
-46  24  -18 
-56  -56  -20 
-50  -60  28 
-10  -74  0 
-40  -42  42 
-10  38  50 

//Reference=MNI 
//nullstudy_4
//Subjects=29
-12  20  4 
-2  -16  70 

//Reference=MNI 
//nullstudy_5
//Subjects=31
-56  -70  12 
34  44  -8 
-50  -32  22 
-14  -102  -8 
30  10  -14 
-6  -56  -50 
-34  -88  2 
-42  -54  -22 
-18  -92  16 
-8  -34  46 
-18  -76  -22 
-12  38  26 

//Reference=MNI 
//nullstudy_6
//Subjects=32
-56  -32  16 
-48  -70  36 
-44  14  48 
-10  8  14 
-70  -30  10 
-24  -12  -6 
-4  42  46 
-14  -94  -20 
16  42  36 
-14  -24  0 
-18  -44  -20 
6  6  54 
14  14  -18 
-46  34  28 
-12  -4  22 
-46  2  28 
38  12  44 
-56  -60  32 
32  56  18 
-10  -78  36 
-18  36  -16 

//Reference=MNI 
//nullstudy_7
//Subjects=29
-52  32  18 
-10  -66  -46 

//Reference=MNI 
//nullstudy_8
//Subjects=30
-10  -74  52 
-22  -58  40 
-38  -12  16 
-2  60  12 
-42  34  8 
40  28  4 
-42  -52  38 
-34  -12  46 

//Reference=MNI 
//nullstudy_9
//Subjects=31
-52  22  -4 
44  32  22 
-28  -68  6 
-12  48  0 
-44  -76  16 
-44  -30  6 
-30  -48  -24 
-46  -14  -36 
54  16  32 
2  44  26 
-34  -48  -8 

//Reference=MNI 
//nullstudy_10
//Subjects=30
12  14  -4 
-40  50  12 
-26  -70  52 
8  18  -26 
-54  2  18 
-56  -58  8 
-32  8  -16 

//Reference=MNI 
//nullstudy_11
//Subjects=30
-36  -68  -26 
8  54  4 
-66  -8  -16 
-54  10  -24 

//Reference=MNI 
//nullstudy_12
//Subjects=30
-12  -50  6 
-38  -30  58 
60  20  20 
6  68  12 
-42  -54  -16 
-34  38  -16 

//Reference=MNI 
//nullstudy_13
//Subjects=30
8  56  8 
-40  -4  -18 
-14  -92  -8 
-6  -44  -20 
2  60  24 
4  20  60 
-28  -24  -28 
32  14  62 

//Reference=MNI 
//nullstudy_14
//Subjects=31
-6  -20  18 
-26  20  12 
-52  -42  6 
-38  -8  -12 
-6  50  30 
-2  -82  -12 

//Reference=MNI 
//nullstudy_15
//Subjects=31
-12  -70  -4 
-20  -6  50 
-22  -44  -34 
-48  -66  -32 
-22  -68  46 
52  18  32 
-12  16  66 
-16  -6  -32 
36  50  0 
24  70  2 
-2  -14  -32 
-58  -50  28 
-52  -62  -18 
-38  -44  38 

//Reference=MNI 
//nullstudy_16
//Subjects=30
-10  -36  -2 
-8  8  72 
44  58  4 
-16  -38  -12 
-8  16  8 
-20  -76  6 

//Reference=MNI 
//nullstudy_17
//Subjects=31
-18  -72  48 
44  2  -16 
-30  -44  66 
52  6  -30 
-8  -36  -18 
-8  68  6 
-2  -32  56 
-42  -66  8 
-60  -36  -4 
-26  -34  -10 
-8  -72  40 
48  14  -26 
-18  -70  -40 
6  8  4 
36  4  -34 

//Reference=MNI 
//nullstudy_18
//Subjects=29
-24  -90  -20 
46  10  -14 
52  44  -2 

//Reference=MNI 
//nullstudy_19
//Subjects=29
50  46  4 
-2  -32  28 

//Reference=MNI 
//nullstudy_20
//Subjects=28
-54  -4  -42 
-14  -78  -32 

//Reference=MNI 
//nullstudy_21
//Subjects=31
54  16  0 
-46  14  8 
50  12  20 
-20  36  -16 
-46  -60  -36 
30  20  0 
52  24  2 
-16  -54  52 
-26  66  6 
-28  -68  -2 
36  20  24 
-24  -84  -36 
-4  46  -6 
2  22  -28 
-14  -18  46 
-8  -48  34 
-28  -8  52 
-28  -84  8 
-54  -38  36 
20  22  -28 
-44  -60  56 
-48  -38  12 

//Reference=MNI 
//nullstudy_22
//Subjects=31
50  22  32 
20  66  20 
-38  24  20 
-46  22  26 
-6  -14  2 
22  8  4 
-26  -48  -60 
-30  -46  -4 
28  30  -16 
-36  -24  6 
58  16  4 
-64  -22  -2 
16  44  50 
-44  0  8 
-54  -64  -36 
16  50  -12 
-50  -2  -34 

//Reference=MNI 
//nullstudy_23
//Subjects=30
-2  -48  54 
20  48  34 
54  34  8 
-52  -62  -46 
-46  -62  48 

//Reference=MNI 
//nullstudy_24
//Subjects=28
-8  -60  -34 
-34  -58  34 

//Reference=MNI 
//nullstudy_25
//Subjects=30
-6  -26  -34 
-42  -68  -18 
-40  16  4 
-58  -24  -2 
-26  -34  70 

//Reference=MNI 
//nullstudy_26
//Subjects=30
-2  10  26 
-34  -70  -44 
-6  -78  0 
-10  -72  -46 
-58  -4  -2 

//Reference=MNI 
//nullstudy_27
//Subjects=31
-44  -40  14 
-4  -84  -2 
-14  -38  14 
-40  -74  -16 
26  40  50 
12  34  26 
-38  -22  54 
-2  -48  6 

//Reference=MNI 
//nullstudy_28
//Subjects=32
-14  -44  42 
-8  -58  68 
16  4  -30 
-32  -56  -4 
56  26  20 
-26  22  -4 
-8  -2  14 
-60  -18  40 
-12  12  -16 
-42  28  14 
-34  -30  42 
38  44  -8 
-48  8  -2 
-54  -42  32 
-8  16  44 
40  52  0 
-24  -54  56 
-16  -54  -54 

//Reference=MNI 
//nullstudy_29
//Subjects=30
-34  14  2 
-32  -74  -10 
-28  6  -2 
-34  -54  38 

//Reference=MNI 
//nullstudy_30
//Subjects=28
-10  66  6 
-40  42  2 

//Reference=MNI 
//nullstudy_31
//Subjects=29
-12  18  -28 
-28  -94  14 

//Reference=MNI 
//nullstudy_32
//Subjects=28
-46  -56  38 
-2  48  8 

//Reference=MNI 
//nullstudy_33
//Subjects=29
-66  -10  20 
-8  18  52 
-28  -58  -30 

//Reference=MNI 
//nullstudy_34
//Subjects=31
-14  8  64 
-40  -68  -30 
24  20  -14 
-56  22  16 
-30  46  -12 
-20  -70  12 
-22  -12  74 
-16  -82  34 
-50  -24  12 
-28  56  30 
-42  -80  -18 
10  48  -24 

//Reference=MNI 
//nullstudy_35
//Subjects=30
-26  -72  -34 
-50  -36  -28 
-30  24  50 
-6  -92  -30 
-46  -52  12 
-42  -4  46 

//Reference=MNI 
//nullstudy_36
//Subjects=31
-18  -88  -36 
-42  -8  60 
-4  36  28 
-12  -4  46 
-52  22  30 
-48  4  -40 
-40  -66  36 
-6  -28  -10 
38  14  -26 
20  46  50 
-26  52  0 
-66  -48  18 
-50  -32  30 
-46  -78  6 

//Reference=MNI 
//nullstudy_37
//Subjects=30
-26  44  12 
24  8  70 
-12  2  76 
48  36  0 

//Reference=MNI 
//nullstudy_38
//Subjects=31
-36  44  8 
-20  -16  -20 
-54  -20  -38 
18  14  -22 
-30  0  -2 
-52  -74  -16 
-32  60  6 
8  28  14 
-32  -16  10 
24  18  -28 
-14  10  68 

//Reference=MNI 
//nullstudy_39
//Subjects=31
-38  28  6 
-22  54  20 
-24  -36  0 
38  54  6 
-36  -24  0 
-28  -22  70 
8  58  30 
26  24  60 
-24  -76  -58 
-40  -22  52 
-34  -76  2 
26  64  -14 
-14  -80  22 
-28  8  0 
-36  -84  28 
-10  -100  6 
-8  -66  -28 
-30  -14  48 

//Reference=MNI 
//nullstudy_40
//Subjects=30
-16  -82  30 
-10  -48  -34 
24  4  8 
-48  -58  -24 
-38  0  4 
-48  38  -10 

//Reference=MNI 
//nullstudy_41
//Subjects=29
-20  -80  -24 
22  54  12 

//Reference=MNI 
//nullstudy_42
//Subjects=30
-34  6  44 
-50  26  16 
-4  -28  30 
26  64  16 
-44  16  22 
-16  -40  62 
-22  -86  -38 

//Reference=MNI 
//nullstudy_43
//Subjects=29
-66  -18  0 
22  12  0 

//Reference=MNI 
//nullstudy_44
//Subjects=32
-30  2  -8 
42  40  18 
-42  0  8 
-24  -22  64 
8  60  12 
-6  -22  58 
-38  54  18 
32  14  38 
-58  -30  28 
-60  -22  50 
-26  -4  10 
-44  -34  64 
54  10  4 
-10  -12  20 
-30  -40  42 
24  42  30 
-8  -70  52 
-34  -40  42 
-36  -72  -34 
-54  -26  -32 
-14  42  -10 
-20  22  66 
-24  -60  -60 
-18  56  16 
6  6  64 
-64  -60  4 
-58  2  14 
20  12  -12 
28  6  60 
-56  -60  10 
28  14  46 
-54  -18  -24 
40  6  10 
-4  12  34 
26  50  42 
-64  -36  -16 
62  8  2 
-40  -8  50 

//Reference=MNI 
//nullstudy_45
//Subjects=30
-16  -56  -24 
32  22  54 
-8  4  22 
-58  -14  44 
-16  -94  8 

//Reference=MNI 
//nullstudy_46
//Subjects=29
42  18  52 
54  4  30 

//Reference=MNI 
//nullstudy_47
//Subjects=29
-28  -54  -8 
0  56  26 

//Reference=MNI 
//nullstudy_48
//Subjects=30
20  60  -16 
2  4  68 
-18  -32  76 
-44  -44  -28 
-28  26  -10 
-34  -42  44 

//Reference=MNI 
//nullstudy_49
//Subjects=30
-26  -50  -50 
10  20  36 
18  16  56 

//Reference=MNI 
//nullstudy_50
//Subjects=30
-8  -86  28 
-34  -90  16 
-2  -34  6 
-62  -18  26 
-48  -66  48 
-24  -54  -12 
-38  10  24 

//Reference=MNI 
//nullstudy_51
//Subjects=32
-36  24  -32 
-56  2  -32 
-26  -14  66 
28  32  32 
34  42  26 
-26  -22  -22 
-18  -22  24 
-46  -52  -40 
-32  -52  62 
50  14  30 
-52  44  -6 
-36  52  18 
-22  -46  -30 
4  20  -4 
-32  -62  -52 

//Reference=MNI 
//nullstudy_52
//Subjects=31
-48  18  30 
-20  -100  -20 
18  12  -26 
-22  -14  -26 
-20  -2  -8 
4  34  -6 
16  48  -26 
-52  -62  -2 
-6  -26  -28 

//Reference=MNI 
//nullstudy_53
//Subjects=30
-64  -12  28 
12  22  62 
-42  -58  2 
-46  -70  -34 

//Reference=MNI 
//nullstudy_54
//Subjects=31
-32  -26  18 
-10  -50  -32 
-16  -18  68 
-10  30  60 
-6  12  8 
-18  14  4 
-8  -30  8 
-36  -14  -20 
16  12  62 
-16  10  8 
12  16  48 
-44  -84  8 
34  60  -10 
58  4  -2 
-32  8  36 
-4  -18  12 
20  16  -4 

//Reference=MNI 
//nullstudy_55
//Subjects=30
-8  -76  12 
-22  38  46 
0  24  -4 
-24  -12  54 

//Reference=MNI 
//nullstudy_56
//Subjects=30
-12  -62  16 
-10  -34  8 
-2  -84  30 
10  60  10 

//Reference=MNI 
//nullstudy_57
//Subjects=31
-20  -44  -58 
-42  -56  -16 
-34  -38  -34 
8  14  30 
-14  -48  68 
-46  -22  58 
-12  4  -36 
-36  58  20 
-38  -18  62 
-12  20  -8 
30  22  10 
-48  -78  -8 
48  26  -6 
-32  -60  54 
62  8  26 
-6  -20  70 
-48  24  -22 
-66  -10  -24 
-40  42  -4 
-56  -22  50 
-22  0  -14 
-38  -14  20 
-2  -64  58 
-48  -72  34 
54  14  28 
-4  -76  -50 
6  66  16 
-50  -36  10 
-26  -82  -52 

//Reference=MNI 
//nullstudy_58
//Subjects=30
-24  -86  -16 
10  30  40 
-60  -62  -8 
-12  -78  48 
-54  -56  -38 

//Reference=MNI 
//nullstudy_59
//Subjects=29
-16  -62  8 
-50  4  44 
-10  -80  50 

//Reference=MNI 
//nullstudy_60
//Subjects=30
0  30  -26 
44  4  20 
-16  -82  -28 
-48  14  20 
-60  -30  -26 
-4  20  38 

//Reference=MNI 
//nullstudy_61
//Subjects=30
-58  -18  44 
8  48  2 
40  54  -2 
50  16  -2 

//Reference=MNI 
//nullstudy_62
//Subjects=30
-26  -56  40 
8  46  -8 
54  16  40 
-44  36  -2 
-62  -2  10 

//Reference=MNI 
//nullstudy_63
//Subjects=30
-16  -66  -62 
-24  -62  -20 
-26  -6  -34 
14  48  -16 

//Reference=MNI 
//nullstudy_64
//Subjects=30
-40  26  8 
-20  54  24 
-28  -88  26 
-30  -50  48 
-52  -6  32 
28  36  -22 
48  8  18 

//Reference=MNI 
//nullstudy_65
//Subjects=29
-4  -26  36 
40  48  16 
-58  -8  28 

//Reference=MNI 
//nullstudy_66
//Subjects=31
-12  -100  2 
8  34  14 
16  56  -12 
-16  -76  -20 
-40  -36  6 
-26  26  34 
-20  42  26 
60  20  0 
-46  44  12 

//Reference=MNI 
//nullstudy_67
//Subjects=29
60  16  32 
-44  -56  -36 
-12  20  56 

//Reference=MNI 
//nullstudy_68
//Subjects=31
-40  50  -4 
32  20  -34 
-8  22  26 
-42  -2  -2 
-12  -84  42 
-2  42  -22 
-26  -6  48 
-48  -38  20 
-32  -36  20 
-20  20  44 
-50  -46  16 
-26  -64  -14 
-46  -14  12 

//Reference=MNI 
//nullstudy_69
//Subjects=29
2  12  62 
-18  22  42 
-44  -18  -26 
6  60  30 

//Reference=MNI 
//nullstudy_70
//Subjects=28
-2  32  50 
-46  16  -8 

//Reference=MNI 
//nullstudy_71
//Subjects=29
2  2  -30 
22  32  34 
-30  60  -10 

//Reference=MNI 
//nullstudy_72
//Subjects=31
-2  -38  -56 
-2  -72  32 
34  46  36 
-12  -84  -30 
-46  -36  30 
-42  -64  -4 
-34  4  36 
36  46  -14 
-46  -54  36 
-60  -56  -26 
-26  -58  0 
-42  -42  38 

//Reference=MNI 
//nullstudy_73
//Subjects=30
-12  -76  -38 
42  58  0 

//Reference=MNI 
//nullstudy_74
//Subjects=30
-50  -4  -42 
-48  -60  32 
-34  -74  16 
-48  16  42 
-40  18  22 
-48  -4  56 
-10  -70  50 

//Reference=MNI 
//nullstudy_75
//Subjects=32
-10  -66  -10 
30  4  -34 
-56  -28  24 
-38  6  -2 
-4  -98  24 
-2  -20  64 
-22  -50  -52 
4  24  -6 
-20  -78  42 
-10  32  -18 
30  4  -12 
4  44  -30 
6  22  -6 
-38  0  -24 
2  24  30 
-28  -36  -34 
-16  38  36 
-24  50  0 
-10  -4  22 
10  38  30 
-16  -80  -28 
-48  -12  -14 
-12  -68  -56 
-40  -62  -38 
-2  32  16 
14  68  18 
-16  -16  58 
-46  -6  46 
-42  26  -12 
-44  -72  22 
-20  6  72 
14  22  58 
-30  -52  10 
-38  22  6 
20  30  -16 
52  14  -36 

//Reference=MNI 
//nullstudy_76
//Subjects=28
-48  42  -16 
-32  -68  -10 

//Reference=MNI 
//nullstudy_77
//Subjects=32
-26  -60  68 
-46  -32  50 
-50  -62  44 
32  24  -28 
-40  -56  -24 
8  48  16 
-38  18  -4 
-40  -48  -32 
-2  2  -16 
14  4  22 
-30  16  -36 
30  38  38 
-24  66  -10 
-30  18  -34 
-36  -60  -38 
-22  20  -28 
-30  24  34 
34  10  52 
-2  42  -10 
-22  2  -16 
-10  -36  48 
42  4  -46 
-8  20  -18 
-26  -10  -36 
-32  -88  30 
-2  10  50 
18  40  56 
18  58  -14 
-16  -84  40 
-46  -44  -16 
-38  -58  50 
-38  14  58 
34  34  30 
0  28  -18 
12  66  24 
16  64  10 
-56  -40  24 
-16  32  -28 
10  62  18 
28  18  44 
-42  -32  62 
-26  -24  -24 
-20  -6  -42 
18  40  54 
-12  -54  72 
-54  -2  -4 
-8  -82  -8 
48  26  -2 
-18  -62  40 
-38  2  -38 
-32  -42  -50 
-56  -50  14 
-28  -52  -50 
-14  -12  -28 
26  54  38 
-40  -48  54 

//Reference=MNI 
//nullstudy_78
//Subjects=30
-14  -58  -10 
-60  -22  36 
-26  0  -48 
-28  -72  -10 
-10  -84  -10 

//Reference=MNI 
//nullstudy_79
//Subjects=32
-46  -42  54 
-54  22  12 
-58  -46  -22 
-48  -8  38 
-2  -66  -12 
-52  -6  -40 
16  10  -36 
-36  32  12 
-30  22  -2 
-46  8  8 
46  2  -2 
-8  -6  2 

//Reference=MNI 
//nullstudy_80
//Subjects=30
44  30  28 
-38  8  -34 
-26  62  8 

//Reference=MNI 
//nullstudy_81
//Subjects=29
-16  -26  6 
-26  64  -14 

//Reference=MNI 
//nullstudy_82
//Subjects=30
6  34  -16 
-52  -66  -16 
38  10  -22 
-30  -82  36 
-4  40  -14 
-62  -16  -2 

//Reference=MNI 
//nullstudy_83
//Subjects=30
-26  -74  2 
10  36  48 
26  20  62 
-4  -62  -18 
10  44  6 

//Reference=MNI 
//nullstudy_84
//Subjects=30
-28  -62  -38 
18  22  48 
-64  -6  -20 
-12  68  -14 
26  52  -18 

//Reference=MNI 
//nullstudy_85
//Subjects=30
46  22  18 
16  26  60 
-34  4  -40 
-14  4  -38 
-16  -4  -26 
-12  34  52 

//Reference=MNI 
//nullstudy_86
//Subjects=28
-66  -46  -10 
-8  -48  -24 

//Reference=MNI 
//nullstudy_87
//Subjects=30
14  24  14 
-18  20  46 
-42  -6  -36 
-34  6  30 

//Reference=MNI 
//nullstudy_88
//Subjects=30
-26  -42  -10 
-8  -4  -34 
-40  10  48 
-12  -16  6 
-34  -46  42 

//Reference=MNI 
//nullstudy_89
//Subjects=28
-24  -56  40 
-6  20  22 

//Reference=MNI 
//nullstudy_90
//Subjects=30
-44  30  20 
4  38  -26 
42  32  4 
40  42  6 
-18  0  52 
-14  12  14 

//Reference=MNI 
//nullstudy_91
//Subjects=32
-14  -48  -46 
-36  -54  30 
-48  -2  12 
42  26  12 
-6  -60  -12 
-16  -60  48 
-34  -74  -2 
-44  0  24 
-34  -32  -8 
-50  6  -14 
4  16  -22 
18  14  -36 
-40  -66  12 
0  34  2 
-66  -32  32 
-44  24  48 
-48  2  -40 
-36  -58  52 
0  50  18 
-2  2  36 
-6  6  8 
10  26  60 
4  20  4 
-44  -24  34 
-42  -80  -24 
-52  -48  -42 
-26  34  52 
-38  22  12 
-10  -80  -30 
60  8  -14 
-10  -42  -44 
-46  30  -14 
-10  -88  32 
58  2  12 
-56  16  -16 
30  16  -36 
-2  -26  -24 
-24  -82  6 
-48  -84  -6 
12  30  24 
-50  -10  6 
-6  -28  -16 
32  22  38 
-14  -40  56 
34  46  -16 
-14  40  -28 
0  34  -24 
-2  -4  50 
-20  -60  30 
-22  -66  28 
-14  -26  -34 
-24  48  44 
-2  44  38 
-40  -42  -24 
-26  -32  -12 
10  24  -28 

//Reference=MNI 
//nullstudy_92
//Subjects=29
-8  24  -24 
-18  34  -20 

//Reference=MNI 
//nullstudy_93
//Subjects=31
-30  8  -18 
-34  -72  42 
-2  58  12 
-36  4  -12 
-22  -54  72 
-48  -16  16 
-24  -56  -26 
12  6  38 

//Reference=MNI 
//nullstudy_94
//Subjects=28
-44  -86  8 
-62  -24  14 

//Reference=MNI 
//nullstudy_95
//Subjects=28
-26  -56  62 
40  8  36 

//Reference=MNI 
//nullstudy_96
//Subjects=32
-48  -38  46 
8  30  -22 
-6  -2  36 
40  14  10 
-60  -64  -6 
-8  -14  44 
-48  -32  48 
-10  -70  54 
-44  16  6 
-28  32  38 
-48  50  -2 
-28  -4  2 
40  6  46 
-16  -22  -22 
-62  -8  -2 
-10  -88  -14 
-54  26  6 

//Reference=MNI 
//nullstudy_97
//Subjects=29
-2  38  18 
-28  24  4 
-40  30  4 
-36  -64  -20 

//Reference=MNI 
//nullstudy_98
//Subjects=29
-20  -96  -12 
30  46  34 
-22  52  10 

//Reference=MNI 
//nullstudy_99
//Subjects=28
-8  -82  -30 
18  42  -16 

//Reference=MNI 
//nullstudy_100
//Subjects=30
-12  -72  20 
-54  -20  -38 
60  14  -4 
48  18  24 
-26  -90  16 
-18  -36  -18 
-50  -46  6 
2  30  4 
-64  4  24 

