//Reference=MNI 
//truestudy_1
//Subjects=9
46  -67  -6 
46  -64  -5 
45  -65  -4 

//Reference=MNI 
//truestudy_2
//Subjects=10
46  -66  -5 
47  -65  -5 
48  -68  -7 
46  -66  -6 
46  -65  -6 
47  -66  -6 

//Reference=MNI 
//truestudy_3
//Subjects=10
43  -65  -7 
45  -67  -6 
45  -68  -8 

//Reference=MNI 
//nullstudy_1
//Subjects=9
-6  -44  14 
-2  -68  -6 
-32  -14  -32 

//Reference=MNI 
//nullstudy_2
//Subjects=10
-42  24  -6 
-16  58  18 
-26  -10  60 
-8  50  0 
22  64  -2 
24  28  48 

//Reference=MNI 
//nullstudy_3
//Subjects=10
-40  -6  -50 
-18  20  -6 
-10  -42  -8 

//Reference=MNI 
//nullstudy_4
//Subjects=9
-2  -38  -10 
30  36  -6 
-12  -30  60 

//Reference=MNI 
//nullstudy_5
//Subjects=10
-40  8  -2 
-54  -68  -26 
0  8  16 
14  68  24 
20  20  44 

//Reference=MNI 
//nullstudy_6
//Subjects=11
-6  -88  8 
40  56  -10 
48  36  6 
-60  -34  44 
-56  -34  -6 
-58  2  38 
-28  50  -2 
-18  -2  -38 
-16  -88  20 
-6  -86  -42 
-48  -78  24 
-54  -26  -16 
-44  -30  18 

//Reference=MNI 
//nullstudy_7
//Subjects=11
-14  -14  18 
-4  38  16 
-26  6  -28 
12  2  -28 
-14  -62  -56 
-42  -22  6 
8  20  44 
-36  -52  54 
-24  -44  -40 
-30  -38  -32 
-4  -46  -40 
4  4  -12 
-6  54  38 

//Reference=MNI 
//nullstudy_8
//Subjects=11
-20  -4  56 
-12  12  72 
-24  -60  8 
-40  10  52 
20  16  -18 
-44  4  32 
-38  12  -34 
-38  30  -12 
-26  -46  -30 
-8  -34  54 
-14  -100  22 

//Reference=MNI 
//nullstudy_9
//Subjects=9
50  20  -14 
-8  -76  -48 
-50  30  24 

//Reference=MNI 
//nullstudy_10
//Subjects=10
-42  -6  16 
-4  -38  38 
-42  -68  -26 
-24  -66  58 

//Reference=MNI 
//nullstudy_11
//Subjects=9
-58  8  -22 
-64  -50  28 

//Reference=MNI 
//nullstudy_12
//Subjects=9
-40  16  14 
10  28  -12 
-2  -50  6 
-18  20  -4 

//Reference=MNI 
//nullstudy_13
//Subjects=10
-66  -12  6 
-10  -4  70 
-42  -4  58 
-44  -58  4 
-38  -30  -16 

//Reference=MNI 
//nullstudy_14
//Subjects=10
-12  -54  -62 
-32  -66  -60 
-18  -56  72 
-18  70  8 

//Reference=MNI 
//nullstudy_15
//Subjects=7
-14  54  8 
-32  8  16 

//Reference=MNI 
//nullstudy_16
//Subjects=9
-22  -46  -38 
46  8  30 
50  8  -20 
-18  28  8 
-18  -86  -6 
-18  26  6 
42  46  -6 

//Reference=MNI 
//nullstudy_17
//Subjects=9
-24  4  -44 
2  50  -4 

//Reference=MNI 
//nullstudy_18
//Subjects=11
-6  56  12 
-2  -86  -18 
-36  -92  18 
-16  -28  -8 

//Reference=MNI 
//nullstudy_19
//Subjects=9
-8  8  10 
-22  4  4 
-18  -88  -46 
-60  -6  18 
54  12  -26 
-14  16  18 
-38  -4  42 

//Reference=MNI 
//nullstudy_20
//Subjects=11
-16  -62  10 
12  36  30 

//Reference=MNI 
//nullstudy_21
//Subjects=9
-12  8  -26 
-46  -46  -46 
-18  -24  -34 
-52  -64  0 
-2  -92  -18 
-32  -54  -22 
30  12  -44 
8  4  50 
-14  -98  -16 

//Reference=MNI 
//nullstudy_22
//Subjects=9
-20  -30  10 
-60  -42  26 
-52  -8  12 

//Reference=MNI 
//nullstudy_23
//Subjects=10
-38  -30  10 
14  54  40 
-16  -90  24 

//Reference=MNI 
//nullstudy_24
//Subjects=9
-6  -6  32 
-16  20  -6 
-44  -66  -42 

//Reference=MNI 
//nullstudy_25
//Subjects=10
-8  62  30 
-10  58  8 

//Reference=MNI 
//nullstudy_26
//Subjects=10
-20  -74  -10 
-44  -36  48 

//Reference=MNI 
//nullstudy_27
//Subjects=10
-40  -34  -32 
-32  2  -12 
-32  -50  2 

//Reference=MNI 
//nullstudy_28
//Subjects=11
-42  16  -26 
32  26  -18 
-2  -48  -44 
-12  -100  6 
-56  -32  -30 

//Reference=MNI 
//nullstudy_29
//Subjects=10
-4  -36  -60 
-2  28  -14 
-2  -32  -28 
-22  -62  -54 
30  10  -42 
44  42  24 
-16  -78  34 
-18  -66  -54 
-44  -16  62 
4  54  -6 

//Reference=MNI 
//nullstudy_30
//Subjects=11
24  48  32 
42  6  10 
28  56  -10 
-46  -32  64 
-48  -24  16 

//Reference=MNI 
//nullstudy_31
//Subjects=9
-26  30  -2 
-10  18  40 
-64  -14  6 
8  28  50 
-48  -28  60 
-2  -28  44 
-44  -44  56 
-8  -86  38 
-32  -96  10 
-30  -42  -28 

//Reference=MNI 
//nullstudy_32
//Subjects=11
8  2  -8 
-8  14  10 

//Reference=MNI 
//nullstudy_33
//Subjects=9
-8  -90  0 
48  40  30 
6  52  32 
-2  -100  -6 
-40  24  38 
-38  -4  56 
-14  -88  8 
-14  38  48 
38  4  32 
-38  42  28 
-38  -70  -26 
42  30  26 
-60  -24  -10 
-2  20  -10 
-46  18  -16 
-42  -16  6 
-6  16  34 
-20  -72  -24 
-8  -2  -30 
-12  -42  -42 
-4  -6  76 
-2  -8  28 
-14  -84  -4 
-16  -94  20 
-16  -2  16 
-24  -58  -2 
-66  -18  18 
-42  -4  -18 
-62  -48  12 

//Reference=MNI 
//nullstudy_34
//Subjects=10
-50  -76  2 
-56  -56  -24 
10  8  56 
4  42  -32 

//Reference=MNI 
//nullstudy_35
//Subjects=10
-10  -32  58 
-6  38  -30 
-50  -8  18 
-18  -64  -60 
-22  -60  -28 

//Reference=MNI 
//nullstudy_36
//Subjects=9
-4  -40  -32 
-48  -68  12 
-24  -40  66 
-18  20  -16 
-40  -64  12 
-30  -10  -38 
-12  -72  58 

//Reference=MNI 
//nullstudy_37
//Subjects=11
-8  -52  52 
44  8  -34 
44  16  6 

//Reference=MNI 
//nullstudy_38
//Subjects=9
-42  -26  38 
-12  14  0 
-6  -88  -28 
-4  -76  52 
-40  -44  -46 
62  4  22 
-60  -32  -22 
-30  -82  30 
56  4  0 
-42  -50  58 
-4  4  -4 
-36  -62  -30 
-4  -22  -24 
10  36  -30 
-12  14  38 
2  58  -26 
-8  14  -28 
30  36  50 

//Reference=MNI 
//nullstudy_39
//Subjects=11
-36  -54  32 
8  54  30 
-36  40  24 

//Reference=MNI 
//nullstudy_40
//Subjects=8
-26  32  34 
-28  -20  6 
-20  -40  -4 
-22  -74  50 
28  10  -34 
52  22  -10 
-40  -16  -22 
54  8  20 
8  10  20 
-54  -20  -24 
44  10  6 
-36  52  24 
62  2  -10 
8  40  40 
-44  32  40 
48  18  46 
-30  -14  64 
2  32  -32 
-34  58  -10 
-38  -32  56 
-34  28  54 

//Reference=MNI 
//nullstudy_41
//Subjects=10
16  6  26 
-34  -4  -32 

//Reference=MNI 
//nullstudy_42
//Subjects=11
-6  -64  50 
46  26  48 
-16  -34  8 
-22  -66  -46 
-14  -58  8 
2  26  26 
-46  -48  56 
-42  -88  -10 
18  44  26 
-44  24  -4 
14  20  12 
-26  -68  36 
-16  -46  -6 
8  42  14 
-42  -48  -20 
-22  -82  0 
-32  8  -48 
22  34  28 
-34  -16  42 
-18  -36  58 
-36  -74  14 
22  10  4 
-2  -6  48 
54  12  2 
-6  -42  6 
-10  6  60 
-16  -28  36 
12  56  22 
-8  -70  -6 
-10  40  52 
52  14  42 
-30  -70  -20 
62  10  -10 
-2  -2  68 
-4  -52  -36 
30  16  14 
-28  8  54 
-40  -10  60 
24  44  -22 
-44  42  30 
44  56  0 
22  42  32 
-2  -36  64 
-14  50  8 
-4  26  58 
22  32  38 
-2  -78  10 
-16  -76  -30 
-26  -96  2 
-18  -54  -52 
-14  -28  76 
-42  -70  2 

//Reference=MNI 
//nullstudy_43
//Subjects=7
-34  2  -44 
-54  -10  14 
38  12  62 
-34  -86  -22 

//Reference=MNI 
//nullstudy_44
//Subjects=9
-32  56  2 
-18  20  4 
-34  -52  -50 
-18  -46  -26 
10  34  28 
-16  -2  -8 

//Reference=MNI 
//nullstudy_45
//Subjects=12
-46  -62  -34 
-8  -46  50 
12  42  48 
44  26  -8 
-22  -68  36 
-22  -86  26 
-2  -66  48 

//Reference=MNI 
//nullstudy_46
//Subjects=8
-6  -56  26 
-64  -38  -8 

//Reference=MNI 
//nullstudy_47
//Subjects=10
-34  -44  46 
-6  -18  76 

//Reference=MNI 
//nullstudy_48
//Subjects=12
-32  -8  46 
-38  -66  -38 
-34  38  44 
-44  24  -18 
-22  -86  -12 
-16  -96  -10 
-4  -16  30 
14  16  68 
16  44  18 
34  24  10 
-36  -36  -34 
0  20  50 
4  18  42 
-20  58  -6 
-2  2  -28 
-32  -24  6 
-50  2  36 
-10  -66  32 
34  44  -18 
-18  -76  -40 
-6  -34  10 
-38  -78  38 
-38  -58  -26 
-36  -66  -14 
-52  -28  50 
-24  -68  -10 
-24  -96  -8 
44  2  52 
40  38  20 
-46  -54  -56 
36  30  28 
-8  -72  62 
-30  -96  -12 
28  2  8 
12  46  36 
-26  -74  26 
-6  -22  14 
24  42  30 
-8  -50  54 
-18  -20  28 
-12  -42  -14 
-10  2  70 

//Reference=MNI 
//nullstudy_49
//Subjects=9
-28  32  -20 
-12  36  32 

//Reference=MNI 
//nullstudy_50
//Subjects=9
-24  -50  -50 
-6  -76  -2 
-10  -22  16 
14  4  74 
-40  -76  -2 
-62  -2  14 
-22  10  64 

//Reference=MNI 
//nullstudy_51
//Subjects=9
-62  4  4 
-16  44  -16 
-24  -56  -46 
-14  -32  -20 
-48  -42  -32 
-30  -68  -52 
-46  36  14 
-4  -32  -42 
-12  -52  58 
-32  40  12 
10  24  52 
42  30  -22 
-42  -52  56 
-28  -14  48 
-10  56  26 

//Reference=MNI 
//nullstudy_52
//Subjects=9
-52  -26  32 
38  4  2 

//Reference=MNI 
//nullstudy_53
//Subjects=10
-46  0  -34 
-26  -10  6 

//Reference=MNI 
//nullstudy_54
//Subjects=10
8  34  56 
-60  -46  -6 
12  24  32 

//Reference=MNI 
//nullstudy_55
//Subjects=10
66  2  -2 
-62  -18  0 
-32  32  36 

//Reference=MNI 
//nullstudy_56
//Subjects=9
-46  -76  -4 
-6  46  42 
46  56  2 
10  50  24 
-32  -84  26 
-14  -34  46 

//Reference=MNI 
//nullstudy_57
//Subjects=10
-20  38  24 
-60  -30  14 
2  40  48 
10  56  22 
26  48  18 
52  12  30 

//Reference=MNI 
//nullstudy_58
//Subjects=9
-4  -56  2 
4  52  6 
-36  -32  20 
40  42  12 
-10  50  -6 
-2  66  22 
34  42  2 
-26  26  -6 

//Reference=MNI 
//nullstudy_59
//Subjects=11
-60  -40  -14 
-8  -68  -50 

//Reference=MNI 
//nullstudy_60
//Subjects=11
-36  -28  68 
-12  -44  -32 
-38  -22  68 
-20  -4  68 
-44  -4  8 

//Reference=MNI 
//nullstudy_61
//Subjects=10
-62  -44  2 
-24  32  -16 
46  16  44 
-62  -10  -2 

//Reference=MNI 
//nullstudy_62
//Subjects=10
8  46  4 
-66  -22  -28 
-6  52  -4 
32  52  -4 
44  4  -38 
-14  -64  -4 
-44  -52  34 
-44  18  10 
26  14  6 
-22  -62  -20 
20  10  62 
-6  -52  -28 
-12  36  -18 
-64  -18  0 
-40  32  2 
-38  -12  48 
-52  32  20 
-20  -78  -20 

//Reference=MNI 
//nullstudy_63
//Subjects=10
-26  -38  -36 
-42  -48  -14 
-10  -24  -8 
10  46  38 
-14  56  -24 
-8  -68  -34 
-18  -92  -34 
-10  46  -24 
38  4  -22 
4  46  -30 
-4  -42  0 
-10  -64  -6 

//Reference=MNI 
//nullstudy_64
//Subjects=10
-6  28  62 
60  6  22 
28  24  12 
-16  -50  34 
-2  -28  -18 
-20  4  72 

//Reference=MNI 
//nullstudy_65
//Subjects=11
-6  -56  10 
-34  40  10 
-52  -26  -2 
-10  -92  -26 
18  64  -16 
-20  -28  -32 
-10  -32  72 
-12  8  70 
-6  -88  -42 
32  48  32 

//Reference=MNI 
//nullstudy_66
//Subjects=10
-6  52  10 
-20  -48  -36 
-32  -22  12 
-6  2  -14 

//Reference=MNI 
//nullstudy_67
//Subjects=11
-32  20  -36 
20  20  -20 
-14  48  -22 
-26  -80  -20 
-12  28  -20 
-32  -68  -60 
54  40  -2 
10  50  34 
-24  -96  2 
-4  -54  52 
-54  -60  -6 
-6  -40  38 
-14  -56  -64 
-8  38  -2 
-48  -64  36 
-28  -8  -32 
-8  -56  60 
-22  -4  -6 
-38  -30  42 

//Reference=MNI 
//nullstudy_68
//Subjects=10
-50  -30  -32 
-12  18  70 
16  38  12 
26  10  -36 
-6  2  70 
-22  -12  -26 
-28  -54  12 
-28  16  42 
38  18  46 
-30  -40  68 

//Reference=MNI 
//nullstudy_69
//Subjects=11
-28  -70  -56 
36  42  26 
48  44  8 
-46  -26  26 
-16  -84  -30 
-38  -26  14 

//Reference=MNI 
//nullstudy_70
//Subjects=8
-54  -64  -18 
-6  -10  -18 
-12  -68  64 
-34  -60  -44 
-16  -56  -16 
-50  -48  44 
-14  -44  -22 
-60  -18  24 
-18  -64  -20 
36  6  -22 
54  30  12 

//Reference=MNI 
//nullstudy_71
//Subjects=9
-50  -18  24 
-16  -20  -18 
-20  -86  24 
-4  10  60 
18  8  -32 

//Reference=MNI 
//nullstudy_72
//Subjects=12
14  10  -36 
-24  12  -12 
-28  -44  48 
-10  -96  -10 
-28  -40  -44 
-32  -84  -2 
-60  -16  6 
36  48  24 
-44  -30  64 
-8  64  -4 
-34  60  -2 
8  60  -12 
-14  -80  52 
-68  -34  30 
-20  -68  54 
-2  -50  60 
-60  -52  28 
-34  -92  -12 

//Reference=MNI 
//nullstudy_73
//Subjects=8
-56  -74  -2 
-4  24  30 

//Reference=MNI 
//nullstudy_74
//Subjects=11
-48  34  18 
-10  -56  24 
-50  -26  18 

//Reference=MNI 
//nullstudy_75
//Subjects=11
42  4  -26 
-10  -72  -54 
24  10  -26 
-52  -78  -6 
-38  -58  38 
56  16  12 
-4  -26  66 
48  2  30 
-6  48  52 
-2  -64  66 
-2  36  -32 
-34  -88  -32 
-4  56  24 
10  62  -14 

//Reference=MNI 
//nullstudy_76
//Subjects=8
-4  26  64 
-40  -20  54 

//Reference=MNI 
//nullstudy_77
//Subjects=9
-8  -52  -40 
-2  -62  46 
-46  -18  16 
46  38  -4 
-20  -40  -12 
-2  -26  78 
-58  -10  12 
-44  -44  -10 
-40  -76  -46 
2  58  18 
38  10  -46 
-16  42  -16 
-56  -62  28 
-28  -50  -26 
-26  -4  -24 
-8  -20  -38 
-22  -60  -46 
22  22  38 
-58  14  18 

//Reference=MNI 
//nullstudy_78
//Subjects=10
-6  28  -8 
-6  -26  -40 
52  6  36 
-56  -66  32 
0  56  8 
-48  -80  -2 
-52  -10  16 
46  22  -10 
-64  -22  -22 
28  68  2 
-36  0  -16 
-12  -14  78 
34  64  -8 
56  12  6 

//Reference=MNI 
//nullstudy_79
//Subjects=9
0  26  38 
-50  -54  46 

//Reference=MNI 
//nullstudy_80
//Subjects=9
-4  40  10 
-54  8  -34 
-54  -48  -42 

//Reference=MNI 
//nullstudy_81
//Subjects=11
50  30  -12 
-56  4  -10 
0  50  26 
-44  20  -20 

//Reference=MNI 
//nullstudy_82
//Subjects=9
-28  -34  60 
-44  -76  -42 

//Reference=MNI 
//nullstudy_83
//Subjects=10
-34  -84  -12 
-40  -20  18 

//Reference=MNI 
//nullstudy_84
//Subjects=12
2  10  26 
-8  -90  -38 
-8  26  66 
-20  -62  -54 
-2  -96  -2 
-16  60  -8 
-34  -70  40 
-32  -20  -12 
62  10  2 
-44  -48  -48 
8  2  -8 
46  18  6 
-18  -50  6 

//Reference=MNI 
//nullstudy_85
//Subjects=10
32  38  -12 
-32  0  68 

//Reference=MNI 
//nullstudy_86
//Subjects=11
-50  -14  58 
-32  32  28 
26  50  6 
-12  -44  -26 

//Reference=MNI 
//nullstudy_87
//Subjects=11
-2  -72  0 
-22  -76  -54 
-48  32  28 
-12  -16  -40 
-2  -28  -4 
-6  -80  28 
-38  -16  -36 
-42  -8  10 
-50  0  30 
-6  -92  4 

//Reference=MNI 
//nullstudy_88
//Subjects=9
-38  -10  -26 
-4  -76  -30 
-26  50  -8 
54  28  32 

//Reference=MNI 
//nullstudy_89
//Subjects=11
-32  -72  -6 
-48  6  18 
-46  22  24 
-32  -60  -40 
-22  48  14 
-50  22  4 
-20  -86  -14 
-8  -70  -32 
-58  -18  -4 
34  28  12 
30  20  30 
-32  14  0 
-42  2  -22 
8  12  48 
-32  -4  66 
40  42  0 
-10  64  -18 
-28  -88  -8 
-42  -70  0 
-58  -66  -10 

//Reference=MNI 
//nullstudy_90
//Subjects=11
-58  -22  8 
-6  -98  -2 
16  4  -38 
-6  62  18 
34  22  56 
38  42  34 
-8  64  0 
-42  -60  52 
10  30  60 
-2  -68  -22 
-4  -50  20 
-54  -28  -32 
20  50  -12 
22  12  70 
30  8  -2 
-14  44  20 
44  2  -46 
-28  54  -2 
-18  -44  -32 
42  14  -16 
-46  8  -20 
-56  -52  40 
56  30  28 

//Reference=MNI 
//nullstudy_91
//Subjects=9
-56  2  8 
-10  -80  -4 

//Reference=MNI 
//nullstudy_92
//Subjects=11
-24  -66  40 
-32  14  -26 
-64  -40  32 
20  24  46 
-22  -14  -18 
16  42  36 
2  34  -10 
-12  -86  -14 
-58  0  42 
-10  60  2 
-34  -74  34 
-22  -56  -56 
48  2  18 
22  56  4 
-52  -36  46 
14  40  -26 
-16  -24  -2 
14  68  8 
-28  -20  62 
-6  12  58 
-42  -38  58 

//Reference=MNI 
//nullstudy_93
//Subjects=9
-62  -14  -14 
-48  -4  -32 
-14  -88  -6 
-16  -94  16 
-6  -30  -26 
-18  -82  -2 
-46  -48  -10 
-12  -74  42 
54  38  8 
-62  -32  28 
-24  -46  -6 
-46  -22  16 
-24  58  18 
40  30  -10 
-34  26  32 
-32  -88  4 
16  60  20 

//Reference=MNI 
//nullstudy_94
//Subjects=11
-64  -8  16 
-38  -54  -40 
22  42  46 

//Reference=MNI 
//nullstudy_95
//Subjects=9
20  26  -26 
-26  18  -2 
0  66  20 
-24  -84  -46 
-8  -28  -48 
-2  -30  14 
-6  -30  -42 
-40  54  -14 
-32  -22  -32 
0  10  8 
-2  -62  68 
-32  50  24 
50  34  18 
-20  36  -26 
-16  -102  4 
-8  -98  12 
-6  -52  60 
-38  28  10 
28  48  -12 
-10  -10  12 
54  32  0 
-30  2  -30 
4  52  -18 
-38  28  -20 
18  60  6 
-6  -64  -14 
-28  -14  8 
-66  -38  -6 
30  4  -36 
38  18  2 
-52  -38  56 
-24  -20  -18 
4  10  -20 
20  18  -8 
-34  -70  -58 
-50  -56  -36 

//Reference=MNI 
//nullstudy_96
//Subjects=9
-24  48  18 
-56  -58  -6 
-12  -56  -60 

//Reference=MNI 
//nullstudy_97
//Subjects=10
28  14  -32 
-2  -38  68 
-14  14  70 
14  72  -2 
-30  56  4 
-54  8  38 
-28  -88  34 
-36  -54  36 
4  22  18 
20  8  6 
-52  -50  6 
-14  -28  20 
-30  -78  18 
-36  -68  -12 
-16  -70  -54 
-14  -92  -40 

//Reference=MNI 
//nullstudy_98
//Subjects=11
-12  -32  10 
26  6  -12 

//Reference=MNI 
//nullstudy_99
//Subjects=11
18  68  4 
-36  44  -16 

//Reference=MNI 
//nullstudy_100
//Subjects=10
2  60  28 
-6  0  38 
40  34  36 
-16  -50  -54 

