//Reference=MNI 
//truestudy_1
//Subjects=11
47  -66  -6 
47  -64  -6 
45  -66  -7 
48  -65  -7 
47  -65  -5 
45  -66  -4 
45  -66  -6 
46  -66  -6 
46  -67  -4 

//Reference=MNI 
//truestudy_2
//Subjects=9
45  -66  -7 
46  -63  -5 

//Reference=MNI 
//truestudy_3
//Subjects=13
45  -67  -6 
46  -66  -6 
47  -66  -8 
44  -65  -6 
47  -66  -8 
47  -65  -4 
47  -66  -7 
45  -65  -4 
46  -66  -6 
45  -65  -5 
46  -66  -5 
48  -66  -6 
45  -66  -7 
47  -66  -6 
46  -67  -7 
47  -67  -5 
47  -68  -6 
48  -67  -6 
47  -64  -7 
46  -66  -5 
47  -67  -6 
46  -66  -6 
44  -64  -5 
43  -66  -6 

//Reference=MNI 
//nullstudy_1
//Subjects=11
-16  12  54 
52  12  40 
38  32  -20 
-46  -20  52 
-42  32  24 
-44  -70  -18 
-12  22  -16 
6  52  8 
-48  46  -6 

//Reference=MNI 
//nullstudy_2
//Subjects=9
-68  -46  -10 
30  54  20 

//Reference=MNI 
//nullstudy_3
//Subjects=13
38  6  -12 
-46  -12  14 
-34  -62  42 
-52  -34  -30 
-22  -86  30 
26  24  58 
-4  -2  48 
24  34  -26 
34  2  36 
-12  -98  -8 
34  42  10 
-32  -46  46 
-2  56  -24 
-54  -30  48 
-56  -10  -34 
8  18  44 
-32  10  24 
0  24  32 
-52  -46  38 
-64  -34  44 
12  32  40 
-14  24  -4 
-54  -38  22 
-26  -72  -12 

//Reference=MNI 
//nullstudy_4
//Subjects=11
38  24  34 
-56  -32  -8 
10  26  -26 
-10  -30  -42 
-16  54  16 
0  42  30 
-6  -36  -24 
-20  28  36 
0  38  36 

//Reference=MNI 
//nullstudy_5
//Subjects=10
-40  -6  20 
-66  -40  -16 
12  36  -4 
-60  -46  6 
-36  16  -26 
-20  -40  -4 

//Reference=MNI 
//nullstudy_6
//Subjects=9
-32  -18  4 
-14  -88  22 

//Reference=MNI 
//nullstudy_7
//Subjects=11
-44  -74  16 
-36  -52  -48 
-8  -4  -26 
-10  -24  4 
-30  32  50 
34  12  -4 
34  4  -34 
54  28  26 
-58  -2  -36 
-12  -78  30 
18  8  -16 
-12  -92  -34 
-24  -46  12 
-40  -42  -16 
16  42  10 
-30  -20  -36 
42  20  -16 
2  38  18 
-14  -32  62 
8  20  60 
28  48  12 
-12  -52  -28 
-34  38  -8 
-8  26  34 

//Reference=MNI 
//nullstudy_8
//Subjects=10
-2  6  0 
-52  -26  -32 
-10  -4  52 
-10  0  46 

//Reference=MNI 
//nullstudy_9
//Subjects=10
-50  -16  -40 
-10  -26  66 
-40  2  -40 
6  2  -28 
-44  -66  12 
20  34  -14 
-8  8  60 

//Reference=MNI 
//nullstudy_10
//Subjects=10
-6  40  -14 
-6  34  36 
8  8  64 
-18  -66  -34 
-38  -16  -38 

//Reference=MNI 
//nullstudy_11
//Subjects=9
42  16  26 
-4  -28  56 
-10  2  12 

//Reference=MNI 
//nullstudy_12
//Subjects=8
-58  -36  -22 
-2  22  -14 

//Reference=MNI 
//nullstudy_13
//Subjects=10
-8  -64  34 
-52  -52  -32 

//Reference=MNI 
//nullstudy_14
//Subjects=11
42  36  -8 
-26  -18  -26 
-18  42  48 
34  8  12 
-10  -54  -10 
-24  26  36 
-62  -12  6 
-4  22  32 
-36  36  20 
-26  -48  -16 
-34  -64  32 
-30  2  14 

//Reference=MNI 
//nullstudy_15
//Subjects=11
-10  -32  -30 
30  12  46 
28  16  64 
-60  -62  24 
44  16  -4 
-44  50  -8 
-26  -74  48 
-34  18  48 

//Reference=MNI 
//nullstudy_16
//Subjects=10
-16  58  30 
-34  -2  -20 
-54  -60  -18 
-4  -10  -2 
-20  62  16 
16  2  62 

//Reference=MNI 
//nullstudy_17
//Subjects=8
-20  -86  -4 
-64  -28  -30 

//Reference=MNI 
//nullstudy_18
//Subjects=10
-28  -6  0 
42  6  -24 
-18  60  30 
-14  40  36 
24  44  40 

//Reference=MNI 
//nullstudy_19
//Subjects=11
-10  32  -28 
-34  -66  22 
-40  54  12 
-28  14  44 
-44  -60  -50 
-4  -28  66 
-10  -90  6 
-18  46  30 
-40  -64  -58 
-50  -82  10 
54  10  -38 
-40  -78  4 
-58  -34  28 
-20  -100  -4 
-48  42  -16 
18  48  -24 
-10  -56  -10 

//Reference=MNI 
//nullstudy_20
//Subjects=10
-26  18  -32 
-6  -72  -46 
28  46  6 
22  16  -26 
-26  -2  -34 

//Reference=MNI 
//nullstudy_21
//Subjects=10
26  14  -16 
-24  -72  -42 
-26  -40  -14 
-18  -4  54 

//Reference=MNI 
//nullstudy_22
//Subjects=10
-28  -4  0 
28  14  58 
-44  -58  -48 
-4  0  44 
-68  -30  28 
-40  -12  -24 
-8  -94  4 

//Reference=MNI 
//nullstudy_23
//Subjects=9
-12  -24  16 
-34  -84  10 
-58  -48  -12 
-22  -100  16 

//Reference=MNI 
//nullstudy_24
//Subjects=10
-2  -60  40 
-30  -48  -34 
-2  -86  -20 
-22  -34  -40 
-48  -36  6 
-48  -46  18 

//Reference=MNI 
//nullstudy_25
//Subjects=10
48  20  -4 
-4  -52  -6 
-8  -72  -10 
-4  36  50 

//Reference=MNI 
//nullstudy_26
//Subjects=8
12  36  20 
26  12  -8 

//Reference=MNI 
//nullstudy_27
//Subjects=10
-54  10  -20 
-38  14  34 
50  6  -18 
-16  -62  16 
-54  6  20 

//Reference=MNI 
//nullstudy_28
//Subjects=10
-42  16  -4 
-64  -10  -6 
-14  64  -14 
48  40  28 

//Reference=MNI 
//nullstudy_29
//Subjects=10
-58  -62  -8 
-18  -4  -6 
18  38  -24 
-16  -88  -20 
32  64  16 
-20  -2  -38 
0  40  -32 

//Reference=MNI 
//nullstudy_30
//Subjects=10
-30  -4  6 
-26  -4  -2 
-26  -26  60 
-12  -82  16 
-6  18  60 

//Reference=MNI 
//nullstudy_31
//Subjects=9
-36  26  -16 
18  44  46 

//Reference=MNI 
//nullstudy_32
//Subjects=10
-26  -62  10 
20  48  28 
8  32  -28 
-62  -26  6 
-6  -62  32 
-56  0  -6 
-36  -90  8 
-42  20  8 

//Reference=MNI 
//nullstudy_33
//Subjects=9
-34  -44  -30 
10  2  -22 

//Reference=MNI 
//nullstudy_34
//Subjects=8
-56  -56  44 
-16  14  -20 

//Reference=MNI 
//nullstudy_35
//Subjects=9
44  38  6 
-4  -84  -30 
-12  -88  -28 

//Reference=MNI 
//nullstudy_36
//Subjects=9
24  38  -24 
-28  -22  52 

//Reference=MNI 
//nullstudy_37
//Subjects=8
-20  64  16 
-62  8  26 

//Reference=MNI 
//nullstudy_38
//Subjects=7
-48  -60  26 
-4  40  38 

//Reference=MNI 
//nullstudy_39
//Subjects=10
14  38  12 
-38  28  -8 
2  18  22 
-38  60  -8 
40  6  -40 

//Reference=MNI 
//nullstudy_40
//Subjects=11
-56  14  -20 
-30  62  -14 
-8  -60  62 
-62  -28  28 
-10  -30  54 
-38  -58  48 
-26  -68  -16 
-30  -20  74 
-6  42  -14 
-6  34  6 
-28  -74  34 
42  16  -20 

//Reference=MNI 
//nullstudy_41
//Subjects=10
48  22  14 
-66  -10  6 
-32  -32  46 
-12  -58  64 
-20  -8  68 
30  56  -16 
-32  8  -10 

//Reference=MNI 
//nullstudy_42
//Subjects=11
-48  -14  -44 
-28  -90  6 
-40  -28  -26 
42  26  4 
-6  50  2 
14  62  18 
-32  16  -32 
-44  -32  60 

//Reference=MNI 
//nullstudy_43
//Subjects=11
32  56  -8 
-32  -54  -46 
-16  -70  -50 
-12  -2  48 
-16  -24  42 
-24  -84  18 
-4  -30  68 
-28  -6  4 
-32  4  -8 
50  34  6 
-68  -24  20 
-10  60  38 
20  6  -32 
-18  0  60 
-14  -14  -34 
16  20  8 
-2  -50  4 
-24  -92  4 
-22  -74  52 
-60  -18  28 
-24  4  -38 

//Reference=MNI 
//nullstudy_44
//Subjects=10
22  20  -20 
-26  6  70 
34  22  -28 
-52  -62  -30 
54  12  -4 

//Reference=MNI 
//nullstudy_45
//Subjects=10
-34  56  16 
-54  -2  -28 
-32  -56  50 
-56  -24  -20 
-36  -52  -30 
28  14  40 
-32  28  54 

//Reference=MNI 
//nullstudy_46
//Subjects=10
24  34  58 
-56  -6  8 
-18  -48  68 

//Reference=MNI 
//nullstudy_47
//Subjects=9
26  56  12 
-14  -98  -20 
-48  -40  16 

//Reference=MNI 
//nullstudy_48
//Subjects=10
48  32  2 
-40  50  0 
-28  14  -10 
-28  -12  -42 
-14  2  -26 

//Reference=MNI 
//nullstudy_49
//Subjects=11
22  56  -2 
-16  -94  -20 
14  70  4 
-10  -52  40 
-10  40  48 
-36  -82  38 
32  6  6 
-2  58  4 
-40  18  50 
-2  -60  24 
66  4  20 
-16  -102  0 
-18  -88  -10 
-50  -12  -32 
-42  -30  -2 
8  58  -10 
-52  -56  -4 
-62  -28  30 
42  22  48 
8  46  42 
-22  -4  70 
58  8  -28 
-58  2  24 
-60  16  4 
-10  -52  -20 
-14  16  18 
-44  10  -32 
-4  -48  6 
-40  -4  40 
-36  2  38 
-4  -40  22 
-26  48  42 
-2  -40  48 

//Reference=MNI 
//nullstudy_50
//Subjects=10
18  14  -14 
-36  -90  22 
44  38  36 
-40  -12  20 
-50  8  -4 

//Reference=MNI 
//nullstudy_51
//Subjects=10
-20  18  -10 
-14  -58  34 
-30  -62  38 
-4  -16  -32 

//Reference=MNI 
//nullstudy_52
//Subjects=10
-28  36  18 
-60  -16  -14 
-44  26  34 
32  40  8 
-30  -26  10 
-36  -38  -10 
14  52  -24 
8  22  22 
-22  -52  10 
50  40  12 
-60  -16  -10 

//Reference=MNI 
//nullstudy_53
//Subjects=10
-64  2  26 
12  24  -2 
-42  -62  -12 
10  40  -12 

//Reference=MNI 
//nullstudy_54
//Subjects=10
52  14  46 
58  6  -4 
-64  -52  4 

//Reference=MNI 
//nullstudy_55
//Subjects=10
18  52  -14 
12  10  38 
16  54  20 

//Reference=MNI 
//nullstudy_56
//Subjects=10
-24  6  -36 
-22  -8  -44 
22  50  28 

//Reference=MNI 
//nullstudy_57
//Subjects=9
-4  46  22 
-8  -74  28 

//Reference=MNI 
//nullstudy_58
//Subjects=11
-44  2  -16 
-4  -52  -64 
52  44  -12 
32  38  30 
-58  20  2 
-10  -66  -16 
-38  8  56 
0  8  48 
-28  -62  -8 
-22  -70  38 

//Reference=MNI 
//nullstudy_59
//Subjects=11
18  24  60 
46  24  -12 
-14  18  64 
-20  -52  66 
-40  -10  34 
-12  62  -6 
-26  -2  -18 
22  58  30 
40  26  4 
-18  -92  -12 
-38  42  8 
-6  52  46 

//Reference=MNI 
//nullstudy_60
//Subjects=9
-30  10  -10 
58  30  18 
-20  -86  40 
-48  -50  0 

//Reference=MNI 
//nullstudy_61
//Subjects=7
-10  22  54 
-8  54  10 

//Reference=MNI 
//nullstudy_62
//Subjects=11
-40  14  32 
-28  16  52 
-28  16  -4 
-8  -78  -34 
-12  34  -30 
-38  -26  14 
-46  -30  14 
-36  10  10 
-16  2  68 
-44  -10  2 
-2  -48  42 
16  8  -24 
-6  -46  50 
-54  20  -4 
28  20  58 
-54  -62  -26 
-6  -24  74 
48  12  -42 
-20  -42  -44 
-4  -16  -24 
4  62  -8 
-32  -50  -60 
-54  -66  36 
-18  -56  -28 
-18  -76  -32 
40  28  40 
-18  -76  -50 
36  28  -14 
-4  46  0 
16  46  12 
30  4  -18 

//Reference=MNI 
//nullstudy_63
//Subjects=9
-32  52  20 
-2  12  2 

//Reference=MNI 
//nullstudy_64
//Subjects=12
-4  -58  -46 
-44  -60  -28 
-44  -70  20 
-24  10  -12 
-16  68  8 
4  64  24 
-14  14  -2 
-22  -94  14 
-32  -84  -32 
-16  -48  -14 
-36  0  -8 

//Reference=MNI 
//nullstudy_65
//Subjects=7
24  6  54 
-38  -78  -40 

//Reference=MNI 
//nullstudy_66
//Subjects=9
46  6  32 
-52  -78  4 

//Reference=MNI 
//nullstudy_67
//Subjects=9
-56  -46  12 
-12  -28  46 

//Reference=MNI 
//nullstudy_68
//Subjects=12
-54  -6  -26 
-36  -52  -42 
0  38  4 
-56  -20  16 
-26  0  -16 
-2  2  68 
-6  48  36 
12  34  -26 
-32  12  14 
-58  -26  4 
-46  -8  58 
-48  14  4 
-26  -54  34 
-18  -56  -60 
-58  -34  38 
-36  -38  -44 

//Reference=MNI 
//nullstudy_69
//Subjects=9
-28  -58  54 
32  20  12 
-32  -74  -22 

//Reference=MNI 
//nullstudy_70
//Subjects=10
-40  30  26 
-60  -64  20 
-4  -26  -2 
-6  -88  -6 

//Reference=MNI 
//nullstudy_71
//Subjects=10
20  12  -26 
-46  -42  54 
-50  -6  -2 
0  30  26 

//Reference=MNI 
//nullstudy_72
//Subjects=8
-14  -76  54 
-42  20  42 

//Reference=MNI 
//nullstudy_73
//Subjects=10
-6  -42  76 
-18  -28  -8 
-34  -8  -42 
-34  2  0 
-64  -14  8 
-8  20  2 

//Reference=MNI 
//nullstudy_74
//Subjects=10
22  46  44 
-38  -12  -32 
42  30  24 
-38  -78  40 
-24  20  -16 
0  14  22 
-6  -10  74 
-42  -52  58 
-30  -58  56 
-30  -18  -6 
-2  -28  -42 
-50  -20  6 
-44  16  12 
-10  34  22 

//Reference=MNI 
//nullstudy_75
//Subjects=10
-14  44  -18 
22  2  -10 
-34  -84  34 
-14  -14  -36 
-52  -66  26 
-60  -50  14 
-46  44  -4 
32  44  2 
-6  44  -18 
-8  34  54 
-40  56  6 
-58  -44  30 
-42  8  56 

//Reference=MNI 
//nullstudy_76
//Subjects=10
-4  -72  26 
-22  -42  -4 
-32  -14  -30 

//Reference=MNI 
//nullstudy_77
//Subjects=11
-54  -40  38 
20  2  -30 
-16  -12  62 
-24  0  64 
46  14  0 
-2  -12  -6 

//Reference=MNI 
//nullstudy_78
//Subjects=11
-52  -22  -8 
-38  16  48 
42  48  20 
-34  -10  54 

//Reference=MNI 
//nullstudy_79
//Subjects=11
-54  -72  28 
-36  -24  48 
-16  -68  -34 
-34  -20  12 
44  10  -22 
-16  20  -16 
-28  -16  10 
32  10  -30 
-36  -8  -2 
-6  42  26 
-2  -2  56 
-24  -92  -24 
-52  -48  52 
-6  -66  42 
-54  6  -12 
-30  2  -6 
-30  -72  -44 
-24  -10  -30 
-30  -80  40 
-44  20  -4 
-54  10  -16 
28  56  16 
-52  -46  18 
44  10  -42 
24  8  -44 
-22  30  -18 
-44  0  -4 
-42  0  -2 
-56  0  30 
-12  -78  0 
-10  -78  50 
-24  -10  -44 

//Reference=MNI 
//nullstudy_80
//Subjects=9
-18  68  8 
10  46  4 
-8  -20  80 
-22  -60  -24 
36  42  38 
-32  -12  -24 
-24  -54  2 
38  54  26 
-36  -30  36 
46  2  -4 

//Reference=MNI 
//nullstudy_81
//Subjects=9
-38  -68  36 
-16  -38  -10 
-20  -52  -20 
-12  -12  -16 
-44  4  -32 
-14  -80  -28 
-38  2  -12 
-18  -82  26 
22  54  -14 

//Reference=MNI 
//nullstudy_82
//Subjects=11
-10  56  4 
-4  14  58 
-28  56  -12 
22  40  40 
46  44  10 
-36  -84  18 
-2  -52  -58 
-44  -20  -10 
-12  -18  70 
-36  18  -4 
2  44  26 
-38  -22  14 
-8  24  22 
-10  -38  50 

//Reference=MNI 
//nullstudy_83
//Subjects=10
-8  -86  46 
36  6  24 
-54  -46  46 
-38  -62  -20 

//Reference=MNI 
//nullstudy_84
//Subjects=10
-50  6  -40 
-62  -48  18 

//Reference=MNI 
//nullstudy_85
//Subjects=10
-24  -64  -34 
-40  -48  20 
-12  -28  -38 
-28  -54  -2 
-60  -46  -18 
-22  -28  72 
-26  -66  -10 
-38  10  34 
0  2  -24 
-6  68  12 

//Reference=MNI 
//nullstudy_86
//Subjects=10
-56  -60  34 
-16  -38  20 
-50  34  10 
24  30  -14 
-4  -16  10 
-32  22  44 

//Reference=MNI 
//nullstudy_87
//Subjects=9
-36  16  -24 
-6  -24  -8 
0  28  -26 
-22  10  52 
-4  32  -12 
-26  -70  -58 
-52  -68  -22 

//Reference=MNI 
//nullstudy_88
//Subjects=11
-26  -74  22 
8  58  -12 
32  26  48 
-6  -8  -12 
-28  -64  -16 
-46  -38  58 
-4  48  36 
-22  58  26 
-18  -64  38 
-64  -42  34 
-32  0  -32 
-2  -50  -40 
-2  -42  42 
-6  40  22 
-18  48  -14 
-56  -22  52 
-28  12  2 

//Reference=MNI 
//nullstudy_89
//Subjects=9
-40  -24  56 
-32  -52  62 
-44  -38  -30 
-34  -36  14 
-8  -44  -14 
-10  -2  -20 
18  50  18 

//Reference=MNI 
//nullstudy_90
//Subjects=12
-68  -26  24 
-42  -60  -50 

//Reference=MNI 
//nullstudy_91
//Subjects=9
46  18  -32 
-24  -16  54 
10  30  26 
-40  -58  30 
-20  -76  4 
-22  -32  -14 
-50  26  -8 

//Reference=MNI 
//nullstudy_92
//Subjects=10
-44  -88  -12 
-56  -36  22 

//Reference=MNI 
//nullstudy_93
//Subjects=11
-18  8  -42 
-12  -100  -8 
-2  -62  -2 
-24  -72  32 
16  32  -24 
-24  54  32 
36  44  32 
-40  -80  32 
4  28  -12 
-30  10  -26 
-2  -10  -20 
-54  -28  50 
-58  -14  -8 
-64  -50  -20 
-8  0  44 
-28  -58  -24 
10  42  48 
-2  -42  44 
36  8  -42 
2  30  -20 
-28  36  48 
-12  -40  50 
-66  -30  -20 
-46  -14  32 
-6  -2  52 
-2  24  -28 
-6  -84  28 
50  28  -2 
26  28  48 

//Reference=MNI 
//nullstudy_94
//Subjects=11
-40  22  30 
-52  -28  4 
-54  -48  10 

//Reference=MNI 
//nullstudy_95
//Subjects=11
-40  8  -8 
8  38  2 
-38  -10  68 
26  6  44 
-60  6  0 
-28  16  -32 
10  14  -20 

//Reference=MNI 
//nullstudy_96
//Subjects=11
-10  54  20 
-54  -62  12 
28  10  -34 
-6  -88  20 
-46  -38  56 
-40  6  46 
-18  -36  -16 
50  28  -16 
-18  56  30 
-2  -72  54 
-12  -8  -24 
-64  -34  0 
32  16  30 
-38  -58  50 
-48  -52  -46 
-42  -56  -30 
0  50  -6 

//Reference=MNI 
//nullstudy_97
//Subjects=8
-54  0  -38 
-4  -78  -34 
-64  -36  -8 
-54  -30  22 
-24  -48  -12 
-6  -60  22 
-36  -58  42 
-62  -28  -12 
4  18  50 
-36  -88  24 

//Reference=MNI 
//nullstudy_98
//Subjects=11
-24  -30  56 
-40  -38  50 
-60  -18  24 
-64  -8  -18 
-14  -80  30 
-18  -54  -50 
-22  -70  26 
-32  38  34 
-28  -84  -30 
-44  -44  18 
-14  16  4 
-14  -48  -32 
-36  2  2 
-22  -88  22 
40  30  42 
-6  -36  30 
-64  -40  38 

//Reference=MNI 
//nullstudy_99
//Subjects=9
-8  -30  10 
-14  2  -30 
-22  -76  -12 
-56  -42  18 
-26  -86  -12 
10  20  0 
-8  -36  32 
34  44  36 
-46  -54  -16 
42  6  -36 
14  42  38 
52  34  10 
0  14  24 
-4  -88  12 
28  8  58 
14  6  -36 
54  30  26 
6  6  -4 
-36  -30  50 
-58  -42  10 
-24  26  30 

//Reference=MNI 
//nullstudy_100
//Subjects=11
-34  -66  -18 
-30  20  40 

