//Reference=MNI 
//truestudy_1
//Subjects=20
46  -66  -8 
45  -66  -5 
45  -66  -4 
46  -67  -6 
47  -67  -7 

//Reference=MNI 
//truestudy_2
//Subjects=21
47  -67  -6 
46  -65  -5 
47  -65  -6 
46  -66  -4 
47  -65  -5 
46  -66  -6 
47  -66  -5 
47  -65  -5 
45  -65  -5 
47  -65  -4 
46  -65  -5 
47  -67  -7 
46  -64  -6 
43  -65  -6 
44  -67  -5 
46  -67  -5 
47  -66  -7 
48  -66  -6 
44  -66  -7 
45  -65  -6 
46  -65  -7 
47  -67  -6 
45  -68  -7 
47  -66  -6 
45  -65  -5 
46  -66  -7 
47  -65  -6 
46  -67  -7 
47  -66  -6 
45  -66  -7 
46  -66  -7 
46  -67  -7 
45  -67  -6 

//Reference=MNI 
//truestudy_3
//Subjects=20
47  -66  -8 
46  -68  -3 
47  -66  -5 
44  -66  -5 
48  -66  -7 
46  -66  -5 
46  -65  -5 

//Reference=MNI 
//nullstudy_1
//Subjects=20
-12  14  2 
4  54  -18 
-50  -26  -10 
-56  -24  -6 
-42  -68  42 

//Reference=MNI 
//nullstudy_2
//Subjects=21
-26  -18  64 
-22  -98  8 
-42  -26  42 
-70  -28  -2 
34  18  56 
42  54  4 
-50  -20  54 
-28  10  56 
-2  -96  -12 
4  4  26 
-46  -40  8 
-46  -16  38 
-40  -52  16 
-38  -74  -50 
-6  -54  -38 
-34  -92  6 
-38  -30  62 
-36  -6  58 
-22  -58  -58 
-6  12  72 
-60  -14  -14 
-20  0  -18 
-22  52  -4 
-6  -38  44 
48  38  -6 
24  14  42 
-12  -72  -26 
30  30  -4 
-18  -74  48 
-44  -24  12 
34  2  32 
-18  -34  -44 
-2  -94  10 

//Reference=MNI 
//nullstudy_3
//Subjects=20
-34  -2  44 
-24  4  -2 
-6  -30  70 
-46  -62  -40 
-6  46  42 
-60  14  24 
-2  -34  26 

//Reference=MNI 
//nullstudy_4
//Subjects=22
12  8  74 
-34  -42  54 
-2  20  24 
-30  4  46 
-26  -88  14 
-4  -48  48 
-8  48  14 
-12  -46  -18 
36  26  22 
-34  -68  -26 
-8  62  -6 
-22  52  36 
-34  -68  12 
-10  -46  42 
-8  8  40 
-28  -40  54 
-16  -34  -28 
14  54  34 
10  42  -14 
30  58  18 
54  8  10 
-16  18  -18 
6  28  18 
-6  -92  -14 
-26  -64  -28 
-54  10  42 
-36  -38  66 
-38  -92  8 
-16  -72  46 
34  64  -4 
-64  -32  -8 
-10  -68  -8 
50  20  22 

//Reference=MNI 
//nullstudy_5
//Subjects=21
-38  20  0 
56  12  -20 
-36  -32  40 
-8  -18  52 
6  54  30 
-8  30  48 
8  50  -30 
-26  -44  16 
-56  -30  -8 
-8  8  -2 
-12  -10  12 
-14  -72  4 
-42  -62  -56 
-10  -30  78 
-32  -56  -58 
-42  -84  -24 
-50  -50  -24 
-18  -88  40 
-32  -22  -16 
6  68  24 
-56  -28  28 
-38  -58  -12 
38  2  48 
-62  -58  30 
-34  30  48 
-32  -70  -36 
-18  -2  58 
-2  -48  62 
-42  -70  26 
46  56  2 
24  30  50 
-12  -60  -50 
-2  42  36 
-38  -62  -56 
-32  -76  48 
0  64  -12 
-60  -18  -6 
-46  26  34 
22  6  46 
-12  32  -30 
-12  -52  -46 
-56  -16  -24 
-28  -60  -48 

//Reference=MNI 
//nullstudy_6
//Subjects=20
-42  -48  34 
-14  -20  -12 
-54  -32  32 
-2  -70  -26 
10  60  -20 
2  34  50 
-42  -70  -4 
26  22  -14 
-16  -48  -40 

//Reference=MNI 
//nullstudy_7
//Subjects=21
-44  -4  46 
-4  -64  -30 
18  6  -4 
-2  -44  32 
-28  24  -20 
-20  44  34 
-40  38  6 

//Reference=MNI 
//nullstudy_8
//Subjects=20
-6  2  -14 
22  58  -20 
-32  8  -38 
-64  -56  -12 

//Reference=MNI 
//nullstudy_9
//Subjects=20
-38  -60  24 
-60  0  32 
-56  -56  -10 
-60  -20  42 
-2  -94  -20 
-24  -56  0 

//Reference=MNI 
//nullstudy_10
//Subjects=18
-6  -76  2 
-46  14  52 

//Reference=MNI 
//nullstudy_11
//Subjects=23
-24  -4  66 
-2  58  -12 
34  50  26 
-52  -36  46 
-42  10  -16 
-14  -70  62 
-18  -12  72 
-68  -30  30 
-48  -6  -22 
-24  -74  -4 
-8  -76  -48 
-32  -82  -42 
16  66  -4 
-34  -66  -52 
-8  -8  56 
-4  -24  10 
-38  24  -28 
-26  -84  -32 
28  58  -10 
-20  -100  -4 
-42  -34  16 
-24  -96  -10 
-20  46  -20 
-30  6  52 
-34  8  48 
-4  -8  -16 

//Reference=MNI 
//nullstudy_12
//Subjects=19
-22  18  -8 
20  60  26 
-14  64  0 

//Reference=MNI 
//nullstudy_13
//Subjects=19
38  42  2 
-20  -4  -8 

//Reference=MNI 
//nullstudy_14
//Subjects=20
-40  -36  -14 
-20  -86  -34 
-6  6  14 

//Reference=MNI 
//nullstudy_15
//Subjects=21
24  60  -4 
-16  -44  -16 
4  16  66 
-30  -50  -18 
-66  -48  18 
20  60  2 
-50  -34  40 
-26  56  20 
-28  62  -6 
-54  -54  -22 
-22  2  -48 
-36  -74  40 
-8  28  44 
-66  -12  30 

//Reference=MNI 
//nullstudy_16
//Subjects=20
-22  52  26 
-16  -6  -24 
28  14  48 
-52  -54  -14 
-30  32  6 
-38  -26  -24 
-44  12  38 
-18  50  16 

//Reference=MNI 
//nullstudy_17
//Subjects=20
-44  -54  -2 
54  12  0 
-10  18  -4 

//Reference=MNI 
//nullstudy_18
//Subjects=19
6  48  40 
-20  -88  -24 
-6  -44  -36 

//Reference=MNI 
//nullstudy_19
//Subjects=19
-18  -84  -44 
-24  -4  4 
36  40  18 

//Reference=MNI 
//nullstudy_20
//Subjects=20
22  12  -32 
-12  -96  12 
-14  -18  6 
-2  -8  34 
48  42  28 
-40  4  46 
-6  6  -16 
-30  -24  64 
-52  8  0 
-46  -62  36 
24  26  54 
-36  -52  44 
6  12  -4 
-36  -64  -38 
-6  -10  52 
-30  -6  -34 
-14  28  56 
-14  12  60 
-40  -52  -54 
-2  -12  -2 
-6  -98  -20 
30  2  44 
-56  14  -16 
-4  -22  10 
-8  -10  18 
46  4  -36 
-28  0  -22 
-8  42  10 
16  26  -24 

//Reference=MNI 
//nullstudy_21
//Subjects=20
-26  60  2 
-48  -52  50 
-6  -94  -10 
-48  -30  34 
-48  4  8 
-22  -42  -54 

//Reference=MNI 
//nullstudy_22
//Subjects=20
2  42  -14 
-54  -62  16 
-4  -50  32 
-34  -80  10 

//Reference=MNI 
//nullstudy_23
//Subjects=20
-10  -20  -16 
0  50  12 
-48  -12  -28 
-28  28  4 
24  58  -20 
-52  34  -14 

//Reference=MNI 
//nullstudy_24
//Subjects=20
-26  -30  -18 
-2  -8  22 
58  6  42 
28  14  -8 
-30  18  28 
-46  -44  -50 
36  18  30 
-6  44  -18 
-2  44  30 
-12  -30  14 

//Reference=MNI 
//nullstudy_25
//Subjects=20
40  20  6 
-18  -46  -8 
38  14  22 
-28  -32  -40 
42  56  0 
-8  -52  -4 

//Reference=MNI 
//nullstudy_26
//Subjects=20
-34  -36  -30 
52  46  8 
-30  52  12 
-28  54  34 
-24  42  -20 
10  2  16 

//Reference=MNI 
//nullstudy_27
//Subjects=21
-10  -34  64 
-28  56  32 
-4  -82  -20 
-6  6  -2 

//Reference=MNI 
//nullstudy_28
//Subjects=22
-34  -80  16 
6  44  30 
16  58  2 
-62  -28  16 
-28  -78  -4 
-2  -22  -22 
-34  -68  -46 
-20  -26  68 
-6  62  6 
38  26  -4 
26  14  -24 
-20  -30  -22 
-42  -52  -6 
32  34  -22 
-22  -6  48 
8  34  14 
34  24  48 
22  34  50 

//Reference=MNI 
//nullstudy_29
//Subjects=19
-48  -26  62 
-32  2  -32 
-34  44  26 
-48  -70  -8 
42  38  24 
-6  -36  -32 
6  34  -26 
16  58  20 
-56  16  2 
-20  8  60 
38  36  -10 
-24  -42  -24 
-62  -38  -22 
-22  -10  -32 
8  62  -16 
-4  -68  38 
-6  44  -14 
-44  36  6 
-16  -62  58 
30  22  -28 
8  38  12 
-16  36  -22 
-10  -54  54 
-26  -18  70 
38  10  12 
-28  -78  -38 
-4  4  -28 
-44  28  -8 
-10  16  70 
-48  -24  38 
-8  40  -16 
-2  -24  -40 
-14  60  -14 
40  50  -4 
-44  12  38 
24  38  42 
32  16  36 
-54  -42  -8 
-6  -18  22 

//Reference=MNI 
//nullstudy_30
//Subjects=20
-22  50  18 
-38  8  -28 
-26  -38  -20 

//Reference=MNI 
//nullstudy_31
//Subjects=22
16  10  16 
-66  -24  -22 
-44  -22  -24 
-12  -14  8 
22  2  50 
16  20  68 
-60  -44  44 

//Reference=MNI 
//nullstudy_32
//Subjects=19
-30  -40  -2 
-30  -56  -40 
38  42  -10 
-30  -94  -22 
-34  -58  62 
-42  -54  -24 
-30  -74  -20 
-50  -42  48 
-58  -40  30 
-48  -70  -8 
-4  -50  46 
-36  -10  68 
-4  -36  -54 
-22  -76  -16 
-12  -62  -62 
4  60  26 
58  6  20 
-8  -38  70 
-10  -12  42 
14  2  70 
-4  36  -28 
-24  -52  -8 
48  2  4 
-28  -66  4 
-36  -70  18 
-18  24  54 
-44  -30  44 
-40  -72  32 
42  56  6 
-46  -50  -18 
-52  -28  -20 
-8  -66  -30 
-42  -8  -6 

//Reference=MNI 
//nullstudy_33
//Subjects=22
-16  68  -12 
42  8  44 
-26  -46  -44 

//Reference=MNI 
//nullstudy_34
//Subjects=19
18  68  22 
-58  -54  34 
54  16  12 
-52  -60  22 
-64  0  26 
-8  -62  -26 
56  8  10 
-18  -58  46 
-18  -66  22 
-62  -30  -4 
-32  4  -40 
-44  22  2 
-22  -74  2 
-14  -52  40 
-36  -52  -18 
-8  -90  -42 
8  38  28 
10  20  42 
-30  -6  58 
-40  4  -44 
-8  28  -16 

//Reference=MNI 
//nullstudy_35
//Subjects=21
-62  -32  -14 
42  32  26 

//Reference=MNI 
//nullstudy_36
//Subjects=19
-4  -20  16 
62  6  -8 
-8  -68  14 
56  4  36 
-46  -46  48 
-54  -6  -26 
-26  -48  -60 

//Reference=MNI 
//nullstudy_37
//Subjects=20
-28  44  6 
10  8  66 
-48  10  -6 

//Reference=MNI 
//nullstudy_38
//Subjects=19
-6  -26  -18 
-32  -36  -6 
-48  -46  34 
-8  -10  -34 
-8  10  16 
-34  -32  -16 
0  34  4 
-34  -68  18 
-14  -32  68 
-64  -40  42 
32  30  10 
-62  -36  0 
-66  -42  -10 
-26  24  -14 
46  6  -20 
-36  -58  -30 
-58  -54  -2 
-48  16  6 
-14  2  -2 
34  50  30 
-10  -76  -34 
-40  -60  4 
-14  -10  76 
-14  -102  -6 
-12  -42  -12 
-26  20  -36 
-18  70  4 
-28  -64  -16 
-44  54  10 

//Reference=MNI 
//nullstudy_39
//Subjects=21
-44  -52  -28 
28  20  6 

//Reference=MNI 
//nullstudy_40
//Subjects=19
-20  -16  -20 
-4  -36  68 

//Reference=MNI 
//nullstudy_41
//Subjects=21
-36  38  8 
-18  -80  44 
12  44  -4 
-52  -38  54 
-6  -52  42 
-2  -28  32 
-34  -22  14 
-60  -4  -4 

//Reference=MNI 
//nullstudy_42
//Subjects=20
-2  30  20 
-16  -86  -32 
-52  -2  16 
-56  -54  -14 

//Reference=MNI 
//nullstudy_43
//Subjects=21
-54  -74  -8 
-22  0  -2 
12  72  -2 
-24  40  42 
-52  -26  16 
6  64  20 
-44  -14  50 
-32  -34  -40 
-34  -36  70 

//Reference=MNI 
//nullstudy_44
//Subjects=21
-22  -40  6 
-54  -8  -30 
36  42  -10 
8  10  46 
-32  8  16 
-22  66  8 
-28  66  0 

//Reference=MNI 
//nullstudy_45
//Subjects=19
-38  26  16 
34  4  -8 
-42  -16  -6 
14  56  -18 
30  62  10 
-48  -8  24 
-50  -10  -34 
-44  18  50 
26  36  54 
-44  -48  -52 
48  36  8 
-60  -52  2 
34  18  56 

//Reference=MNI 
//nullstudy_46
//Subjects=21
-6  -54  -8 
-30  -80  -6 
-40  -42  20 
-22  -82  -14 
-6  50  18 
4  20  50 
-12  36  46 
24  18  -22 
-54  18  30 
-4  -28  -46 
-4  20  -14 
0  24  -10 
-60  -18  16 
-40  52  -6 
-26  16  2 
-46  -30  -20 
52  18  6 
-48  46  -12 
-16  -30  68 

//Reference=MNI 
//nullstudy_47
//Subjects=21
46  42  -16 
-36  16  56 

//Reference=MNI 
//nullstudy_48
//Subjects=20
-36  -66  24 
-6  40  4 
6  6  0 
34  38  16 
12  42  2 
4  2  68 
-44  -40  44 
-20  -74  2 
6  48  22 

//Reference=MNI 
//nullstudy_49
//Subjects=22
-18  28  0 
-20  -32  -34 
-18  -62  12 
-22  -90  12 
-24  -12  60 
-10  -24  -44 
-16  -72  -48 
20  56  2 
-38  -46  -14 
34  32  -8 
-24  -66  -16 
4  28  32 
-34  16  -22 
32  18  -38 
-28  -20  -22 
-34  -92  -4 
24  50  -18 
48  24  -10 

//Reference=MNI 
//nullstudy_50
//Subjects=19
-2  -88  14 
-32  22  30 
-20  -62  32 
-24  -44  4 
-22  -80  -24 

//Reference=MNI 
//nullstudy_51
//Subjects=20
-8  -86  -8 
-12  -54  26 
-8  -30  66 
-6  -68  24 
-22  -36  54 
-14  -100  -6 
-52  20  -16 
-6  34  44 
16  38  -28 
-30  4  -22 
-12  -52  -36 
44  8  8 
30  62  -6 
-32  26  -24 
-46  -14  58 
-4  -2  -4 
-42  -58  -56 
-34  -34  66 
-28  -84  38 
-36  -36  14 
-28  -68  -52 
6  2  62 
-26  14  -12 
54  36  14 
-20  -6  -8 
-26  20  54 
-28  44  30 
-12  -86  -20 
-32  -44  -18 
-58  -14  -24 
20  34  -20 
-32  -90  0 
-14  36  -22 
-6  -80  22 
4  66  20 
-10  24  -16 
-32  -64  32 
-52  -8  -16 
-54  -54  22 
-12  -60  -54 
-34  -6  -6 
-20  -78  -54 

//Reference=MNI 
//nullstudy_52
//Subjects=19
10  28  -26 
-20  -62  6 
-46  -72  32 

//Reference=MNI 
//nullstudy_53
//Subjects=20
38  6  -42 
24  62  10 
-38  44  30 
-38  42  -18 
-34  -14  40 
-48  -24  -8 
-18  34  -22 
-24  -76  -22 
-12  30  -22 

//Reference=MNI 
//nullstudy_54
//Subjects=21
-22  12  52 
-12  8  44 

//Reference=MNI 
//nullstudy_55
//Subjects=20
-6  56  12 
58  8  12 
-28  -78  -50 
38  34  24 
-22  -80  36 
-18  14  4 
14  46  -6 
-4  62  18 
-22  16  -38 
-4  -6  8 

//Reference=MNI 
//nullstudy_56
//Subjects=19
-6  38  58 
50  30  -8 
40  52  2 
-52  -66  24 
-54  -60  2 
-22  -76  42 
-26  36  -8 
-56  14  14 
-28  40  -10 
-62  -44  20 
34  18  4 
-34  -74  -52 
32  20  10 
-44  -60  8 
-48  -56  -26 
-22  -2  4 
-6  -92  30 
6  26  46 
-40  -24  6 

//Reference=MNI 
//nullstudy_57
//Subjects=21
56  10  22 
-22  -64  30 
-4  -98  24 
-34  -14  68 

//Reference=MNI 
//nullstudy_58
//Subjects=20
-12  20  14 
64  2  34 
-22  -60  -26 

//Reference=MNI 
//nullstudy_59
//Subjects=22
-16  14  -4 
-4  -70  48 
-18  6  74 
-48  -64  -4 
-34  16  -44 
-44  -50  -30 
-42  52  -16 
-42  -18  46 
46  50  0 
50  38  18 
-4  58  42 

//Reference=MNI 
//nullstudy_60
//Subjects=19
-16  -28  -18 
-44  -4  4 
12  38  16 
-44  -80  -22 

//Reference=MNI 
//nullstudy_61
//Subjects=20
-20  -46  -40 
-32  -76  26 
-2  24  -6 
12  52  44 
-50  -68  0 
-14  -64  -38 
-14  -62  20 
-66  -20  8 
-26  46  34 
-18  36  -14 
40  4  2 
-46  -4  30 
-36  32  12 
-34  42  36 
-4  -54  60 
-4  -74  60 
36  42  -6 
-34  -56  -48 
4  56  10 
-34  -6  -18 

//Reference=MNI 
//nullstudy_62
//Subjects=19
-28  -84  36 
-4  24  64 
-12  -18  80 
26  52  12 

//Reference=MNI 
//nullstudy_63
//Subjects=22
42  6  -24 
38  22  -26 
-42  8  -4 
-6  40  48 

//Reference=MNI 
//nullstudy_64
//Subjects=20
38  12  -10 
-6  -68  -16 
-4  20  54 

//Reference=MNI 
//nullstudy_65
//Subjects=20
-26  -68  -52 
-44  -20  38 
-10  56  10 
-38  30  42 
12  50  -2 
-6  54  36 
-10  44  30 
-48  -50  36 
-12  48  22 
28  8  50 
-2  -90  6 
-6  56  26 
-6  -70  60 
-14  -22  -20 
-48  -54  -4 
-44  26  16 
-32  -80  4 
-18  -40  12 
28  14  52 
-6  28  64 
-8  42  -6 
-28  -78  -54 
-40  -4  -22 
-34  2  46 
-26  28  44 
-26  46  20 
-26  -34  -46 

//Reference=MNI 
//nullstudy_66
//Subjects=19
-44  -2  -44 
-10  -52  32 
10  26  26 
-8  -56  72 

//Reference=MNI 
//nullstudy_67
//Subjects=22
-48  44  18 
-48  16  34 
38  48  0 
-16  0  56 
-32  -34  20 
18  10  -24 

//Reference=MNI 
//nullstudy_68
//Subjects=21
-14  12  14 
-40  10  -28 
-2  -80  38 

//Reference=MNI 
//nullstudy_69
//Subjects=19
-42  -40  56 
28  56  2 
18  36  54 
-20  -42  -10 
-10  26  62 
-58  -50  -10 
38  14  0 
60  8  12 
16  54  38 
22  30  -16 
-34  -46  -34 
8  50  -26 
-46  -64  24 
-16  18  2 
-36  -36  -18 
2  26  30 
-18  -62  -18 
-4  8  70 
-12  46  -6 
-54  -70  32 
-12  -70  6 
32  64  4 
-4  34  -2 
-28  10  -30 
-46  18  2 
-66  -22  -30 
-36  14  -6 
-28  22  34 
-10  -80  -52 
32  28  -4 
-44  -80  -8 

//Reference=MNI 
//nullstudy_70
//Subjects=20
-36  38  4 
-24  -52  -46 
18  56  -14 
-32  -44  50 
-20  16  -20 
-14  -44  6 
-6  16  14 
-2  -68  -54 
-14  64  30 
-54  -4  -20 
-58  6  -22 
-28  -44  44 

//Reference=MNI 
//nullstudy_71
//Subjects=20
-28  12  10 
-38  0  -36 
52  12  6 
38  18  -34 

//Reference=MNI 
//nullstudy_72
//Subjects=20
-42  -50  20 
-26  -50  -20 
-20  22  42 
-36  32  0 

//Reference=MNI 
//nullstudy_73
//Subjects=20
-34  -12  -8 
-28  -48  60 
-6  -62  46 
-32  -84  10 
-50  4  36 
-52  -20  18 
-38  -24  56 

//Reference=MNI 
//nullstudy_74
//Subjects=21
26  10  -10 
-50  -4  -40 
-8  -26  -34 
-58  -14  -14 
32  44  20 

//Reference=MNI 
//nullstudy_75
//Subjects=20
-38  8  -14 
6  12  4 
18  58  -6 
-34  -38  -2 
14  18  62 
20  20  60 

//Reference=MNI 
//nullstudy_76
//Subjects=19
-58  -30  22 
-28  -54  -22 
-20  -94  -14 
-4  -2  28 
-12  38  44 
22  58  2 
-50  -46  30 
-22  -80  52 

//Reference=MNI 
//nullstudy_77
//Subjects=19
-8  24  8 
-48  -10  -44 
-4  42  36 
-38  32  8 

//Reference=MNI 
//nullstudy_78
//Subjects=19
26  54  20 
28  8  -36 
30  18  10 

//Reference=MNI 
//nullstudy_79
//Subjects=21
14  42  54 
48  32  38 
-28  -40  -54 

//Reference=MNI 
//nullstudy_80
//Subjects=20
-18  -104  6 
-22  -54  50 
-14  16  16 

//Reference=MNI 
//nullstudy_81
//Subjects=19
-36  -66  56 
-18  -74  0 
-6  -48  54 
-44  -64  32 
-36  -20  2 
-16  -44  32 
40  2  54 
-34  30  24 
28  64  12 
-40  -10  66 
48  24  30 
-26  30  26 

//Reference=MNI 
//nullstudy_82
//Subjects=21
-26  -56  -18 
-10  -10  70 
-48  34  16 
-36  -76  -2 
-50  -56  -38 
-44  -68  10 
-30  4  -16 
58  12  22 

//Reference=MNI 
//nullstudy_83
//Subjects=21
-24  -94  10 
38  4  14 

//Reference=MNI 
//nullstudy_84
//Subjects=19
8  70  2 
-6  -20  -6 
-32  -60  -50 
-28  -52  -12 
-26  -48  2 
-14  -26  -26 
-12  -60  -4 
-54  -46  24 
-28  -26  -10 
-8  -78  20 

//Reference=MNI 
//nullstudy_85
//Subjects=20
-14  20  -30 
-34  -46  68 
6  20  66 
-48  38  6 
-42  0  0 
18  48  48 
14  70  10 
-2  -68  -26 
-52  -46  -36 
-4  -78  -2 
-46  -68  -16 
-24  32  40 
26  36  50 
38  6  -6 
-46  -2  30 
54  28  2 
-12  -16  28 

//Reference=MNI 
//nullstudy_86
//Subjects=21
2  28  -10 
30  32  -10 
8  60  30 

//Reference=MNI 
//nullstudy_87
//Subjects=21
-12  0  74 
-38  -60  46 
-26  26  30 

//Reference=MNI 
//nullstudy_88
//Subjects=20
-4  -10  60 
-28  -76  -58 
36  46  26 
36  52  32 
-30  -88  22 
-32  -88  -4 
10  28  -20 
-32  -32  18 

//Reference=MNI 
//nullstudy_89
//Subjects=18
-42  48  8 
-36  -74  -34 
-2  2  -12 
-46  28  -14 
54  14  42 
6  66  -4 
-8  -30  -10 
-20  -58  -18 
38  24  -10 
-26  -44  48 
-28  -80  -4 
-50  26  24 
-56  -54  -16 
38  56  -12 
46  24  4 
38  16  24 
-54  -6  8 
-12  -92  -38 
6  12  42 

//Reference=MNI 
//nullstudy_90
//Subjects=21
-8  -74  50 
-36  14  -42 
-58  -16  -2 

//Reference=MNI 
//nullstudy_91
//Subjects=21
-50  -26  14 
-46  0  24 

//Reference=MNI 
//nullstudy_92
//Subjects=20
36  36  6 
-20  -40  -54 
38  2  -42 
-26  -52  58 
-4  -78  -28 
-62  4  -18 
-18  -100  -12 
-22  12  44 
-10  -20  -16 
-24  -82  -38 
-4  -66  -58 
48  40  -8 
-56  8  -26 
10  6  6 
-34  -50  56 

//Reference=MNI 
//nullstudy_93
//Subjects=20
-36  14  8 
22  6  -4 
-36  -76  -24 
0  58  -10 
-10  -2  36 
14  70  10 
-54  12  22 
-54  -46  -32 
42  58  0 
-34  44  -14 
-20  -66  -18 
-20  -68  20 
-10  2  -14 
-12  -46  70 

//Reference=MNI 
//nullstudy_94
//Subjects=22
2  32  -10 
-24  -40  56 
-48  -6  16 
-8  -4  -20 
-42  -48  36 
-38  -50  -50 
-30  4  -18 

//Reference=MNI 
//nullstudy_95
//Subjects=21
-40  -42  62 
-4  40  34 
-2  -34  -18 

//Reference=MNI 
//nullstudy_96
//Subjects=18
-26  -12  58 
-24  -82  -30 
40  16  -28 
-6  -30  18 
40  4  16 
-60  -22  38 
24  40  -14 
-54  -26  18 
-4  -56  -4 
-56  -6  30 
-34  -20  8 
30  10  -28 
-6  46  42 
-32  14  24 
-10  -6  78 
-20  -20  70 
-22  22  -18 
-62  -50  38 
-52  -16  -10 
20  66  -12 
38  10  -34 
-22  -16  -2 
-30  -40  52 
0  28  -6 
-34  22  8 
8  22  8 
-40  14  -8 
-36  -60  12 

//Reference=MNI 
//nullstudy_97
//Subjects=19
-2  44  26 
-22  -92  30 
2  30  60 
-68  -40  -6 
-22  34  32 
-46  -62  -16 
-34  -36  62 
28  6  -40 
14  8  52 

//Reference=MNI 
//nullstudy_98
//Subjects=20
48  42  12 
50  30  32 

//Reference=MNI 
//nullstudy_99
//Subjects=21
-36  2  16 
-40  60  -4 

//Reference=MNI 
//nullstudy_100
//Subjects=21
-14  -32  46 
-16  -24  20 
-46  -18  62 
-28  -4  64 
-42  -34  34 
-10  -38  68 

