//Reference=MNI 
//truestudy_1
//Subjects=11
46  -65  -7 
47  -67  -7 
47  -67  -7 
46  -64  -7 
45  -67  -5 
47  -68  -5 
45  -68  -4 
47  -66  -5 
47  -66  -6 
46  -68  -7 

//Reference=MNI 
//truestudy_2
//Subjects=10
47  -65  -7 
48  -67  -8 
44  -66  -6 
49  -66  -8 
46  -66  -7 
46  -67  -7 

//Reference=MNI 
//truestudy_3
//Subjects=11
47  -65  -6 
44  -65  -7 
47  -67  -5 
47  -64  -7 
47  -65  -6 
46  -67  -6 
46  -68  -7 
46  -66  -5 
46  -68  -5 
44  -68  -5 
47  -66  -5 
46  -66  -6 
46  -65  -5 
44  -66  -6 
47  -66  -5 
46  -67  -8 

//Reference=MNI 
//nullstudy_1
//Subjects=11
-20  -30  -2 
-32  16  46 
-2  26  40 
-42  38  12 
-4  38  -18 
2  8  30 
-30  -42  -14 
22  14  66 
-8  18  64 
-20  -30  14 

//Reference=MNI 
//nullstudy_2
//Subjects=10
-6  -12  76 
-18  -90  0 
-32  28  36 
-34  -70  -32 
-38  -24  52 
-34  6  26 

//Reference=MNI 
//nullstudy_3
//Subjects=11
-20  38  38 
-26  34  -18 
-2  48  42 
-30  -40  46 
-12  44  40 
-22  24  44 
-38  -72  -14 
-34  -86  14 
-12  -32  70 
-60  16  12 
-54  -26  -16 
-28  8  -30 
-2  54  38 
-62  -46  6 
-36  -92  -2 
-4  4  -28 

//Reference=MNI 
//nullstudy_4
//Subjects=9
-34  -62  -46 
8  52  24 

//Reference=MNI 
//nullstudy_5
//Subjects=9
-12  20  8 
-44  -62  0 

//Reference=MNI 
//nullstudy_6
//Subjects=10
-2  12  64 
-32  30  20 
-30  -12  0 
-40  -58  56 
-36  14  0 

//Reference=MNI 
//nullstudy_7
//Subjects=10
-10  24  24 
-2  -58  2 
-30  54  20 
42  48  24 
-36  -82  -22 

//Reference=MNI 
//nullstudy_8
//Subjects=10
-42  8  52 
-50  -74  4 
-2  -34  -16 
40  52  24 
-2  -100  -14 
-6  50  2 
-4  -42  60 

//Reference=MNI 
//nullstudy_9
//Subjects=9
34  64  -2 
-20  44  30 

//Reference=MNI 
//nullstudy_10
//Subjects=10
-6  58  4 
-38  36  0 
-16  -16  6 
-56  -70  4 
-46  -72  30 
-38  10  -32 

//Reference=MNI 
//nullstudy_11
//Subjects=11
-44  -18  -8 
34  2  50 
-16  -68  42 
-58  -60  10 
-22  -64  46 
-54  -62  16 
-46  20  20 
-10  -20  58 
-16  -34  44 
18  8  20 
-30  6  -2 
-66  -36  10 
10  4  18 
-10  -84  30 
6  24  -16 
-56  -20  48 

//Reference=MNI 
//nullstudy_12
//Subjects=11
6  28  30 
-44  -54  -44 
-8  -68  -18 
-10  -42  36 
30  32  4 
34  54  -8 
-12  -26  -16 
-52  -44  28 
6  70  -8 
-8  -20  -30 
-8  -6  74 
-16  -68  0 

//Reference=MNI 
//nullstudy_13
//Subjects=9
-4  -50  38 
54  34  -8 

//Reference=MNI 
//nullstudy_14
//Subjects=9
-24  46  36 
2  58  8 

//Reference=MNI 
//nullstudy_15
//Subjects=10
-24  -38  -48 
8  56  12 
-28  26  58 
-32  18  -40 

//Reference=MNI 
//nullstudy_16
//Subjects=10
-16  20  -26 
-26  48  40 
-22  -84  -52 
-2  36  38 

//Reference=MNI 
//nullstudy_17
//Subjects=10
54  22  16 
-22  36  -10 
-20  -76  -40 
-50  -24  -32 
-42  -10  10 
-62  0  4 
-10  -88  24 
-50  -4  4 
-2  -8  -8 
-62  -26  4 

//Reference=MNI 
//nullstudy_18
//Subjects=10
-34  24  -34 
-64  -44  -22 
-38  -64  -50 
-44  14  40 
-22  -2  52 
-36  52  22 
-38  -56  44 

//Reference=MNI 
//nullstudy_19
//Subjects=8
-60  -22  16 
-60  -20  28 

//Reference=MNI 
//nullstudy_20
//Subjects=11
-58  -16  30 
-54  -18  16 
-24  10  56 
-12  14  -2 
14  12  34 
-44  20  -10 
-4  0  64 
2  30  14 
26  44  30 
8  46  50 
-8  22  -18 
18  40  38 
-20  -46  -42 
2  42  46 
-56  -6  24 
48  26  38 
-28  -66  -24 
-26  -10  44 
-64  -16  22 
-22  -64  18 
-12  68  4 
24  50  4 
-4  -16  24 
-4  -48  38 
-34  -24  6 
-26  -68  60 
-6  12  6 
32  14  -8 
18  2  66 
56  16  -16 
6  40  38 
8  40  -8 
-42  -68  -28 
20  50  -6 
-26  60  -18 
-10  18  64 
-28  -92  -18 
-10  -30  -24 
22  12  0 
-42  52  10 
-10  -48  -6 
-10  8  74 
22  2  -18 
-30  -38  -50 
-40  -66  2 
-40  -20  14 
-34  -46  -56 
10  66  12 
-46  20  -10 
-2  8  24 
-6  12  -20 
-48  -8  8 
-28  -62  -62 
-30  -94  8 
-4  -100  18 
-14  48  42 

//Reference=MNI 
//nullstudy_21
//Subjects=8
0  46  20 
-30  -68  -4 
-34  28  4 
0  34  14 

//Reference=MNI 
//nullstudy_22
//Subjects=13
-8  -22  -32 
-14  2  -24 

//Reference=MNI 
//nullstudy_23
//Subjects=9
-40  -44  -12 
16  68  16 
50  8  46 
-24  -16  68 
-48  -32  -8 
18  64  -12 
-2  -52  -60 
18  68  8 
-18  -70  10 
-10  -72  18 
-26  -42  4 
-28  32  48 
32  38  16 
-14  -6  22 
-50  40  10 
-62  -52  12 
-24  60  12 
-44  -4  -14 
-56  -22  6 
-24  -40  -56 
-38  0  34 
-54  -72  16 
-38  -12  60 
-26  12  42 
6  50  -28 
-34  -42  -38 
-36  40  -6 

//Reference=MNI 
//nullstudy_24
//Subjects=10
-4  -88  34 
-54  -28  -26 
-40  46  -8 
26  42  28 

//Reference=MNI 
//nullstudy_25
//Subjects=8
28  18  42 
-28  -68  38 
-60  -66  14 
6  2  32 

//Reference=MNI 
//nullstudy_26
//Subjects=10
-24  26  -14 
-6  -104  2 

//Reference=MNI 
//nullstudy_27
//Subjects=9
-18  38  56 
-32  -84  18 
-44  -68  28 
-2  -86  -14 
-32  -46  -28 

//Reference=MNI 
//nullstudy_28
//Subjects=12
-36  -74  -26 
36  12  -38 

//Reference=MNI 
//nullstudy_29
//Subjects=10
-46  6  12 
-10  50  4 
-56  -70  12 
-44  -34  40 
-54  -38  16 
30  10  44 
-12  -32  -22 
-14  -88  -4 
-28  62  -4 
-22  48  22 
42  32  8 
-40  -38  -16 
-26  14  46 
-44  10  4 
-18  -16  68 

//Reference=MNI 
//nullstudy_30
//Subjects=10
26  64  6 
4  64  26 
2  32  -28 
66  4  14 
-14  -62  26 
-44  -12  16 
-20  -30  66 
26  48  -4 
-40  6  -12 
-32  -48  6 
-10  -12  -22 

//Reference=MNI 
//nullstudy_31
//Subjects=9
20  8  16 
-24  28  56 
22  12  -18 
-24  -76  -58 
-36  -40  -38 

//Reference=MNI 
//nullstudy_32
//Subjects=10
-48  -26  26 
-48  34  12 
-36  -82  -28 
-6  10  -4 

//Reference=MNI 
//nullstudy_33
//Subjects=10
-44  -12  -44 
-26  -62  -14 
-26  -70  -4 
-2  -22  68 
-6  52  32 
-40  -54  42 
-28  34  48 
-44  0  26 
52  12  28 

//Reference=MNI 
//nullstudy_34
//Subjects=9
60  28  6 
42  18  12 
-14  -6  66 
-16  -68  -6 
-10  4  34 

//Reference=MNI 
//nullstudy_35
//Subjects=9
10  10  46 
-16  -62  -28 

//Reference=MNI 
//nullstudy_36
//Subjects=9
56  32  20 
-32  -74  -6 

//Reference=MNI 
//nullstudy_37
//Subjects=9
-22  -68  -24 
20  50  -18 
-22  24  58 

//Reference=MNI 
//nullstudy_38
//Subjects=11
-14  -26  0 
-20  22  -16 
-24  32  46 

//Reference=MNI 
//nullstudy_39
//Subjects=10
-54  -24  22 
-6  26  32 
46  18  36 
-62  -24  -22 
-18  -38  -50 
-24  -80  -40 
-36  -68  -6 
4  44  -18 
-66  -34  34 
22  16  52 
30  24  -14 
-28  -66  24 
-28  28  52 
38  4  62 

//Reference=MNI 
//nullstudy_40
//Subjects=12
50  42  10 
-24  36  -22 
46  10  -10 

//Reference=MNI 
//nullstudy_41
//Subjects=10
-58  8  -26 
-14  -44  0 
-16  18  12 
-42  6  50 
-20  -88  -24 
-62  8  24 
-6  -16  -36 
-38  -76  34 
12  18  30 
-2  -102  12 
56  22  18 
8  42  -10 
26  12  -20 
-24  -86  -2 
26  28  32 
-34  -70  -6 
36  60  6 
-58  -26  -26 
-34  0  -38 
-44  2  -36 
48  20  4 
-40  -88  24 
14  12  -2 
-26  12  -46 
-40  4  50 
-14  -94  -24 
-38  12  26 
-14  -60  8 
-10  -4  -36 
-32  -96  -10 
-22  -44  0 
-28  -56  38 

//Reference=MNI 
//nullstudy_42
//Subjects=11
-44  -46  -32 
-32  -48  -34 
-42  -12  -4 
-36  22  44 
-40  -14  -28 
-14  -4  -34 
-36  10  -4 
-20  -46  10 
54  20  26 
-16  -80  -4 
-4  56  40 

//Reference=MNI 
//nullstudy_43
//Subjects=9
-14  -4  18 
-2  22  58 
-42  -82  -10 
-8  -84  -42 
-22  -54  -24 
-12  -26  80 
-36  -58  32 
-38  8  -24 
30  22  36 
-44  34  -18 
22  42  44 
-52  22  -4 
-16  44  38 
14  30  -20 

//Reference=MNI 
//nullstudy_44
//Subjects=10
-12  -72  -52 
-38  0  -6 

//Reference=MNI 
//nullstudy_45
//Subjects=10
-12  36  42 
42  42  26 
56  2  -30 
-42  -52  -58 
-58  20  24 
-46  -78  12 

//Reference=MNI 
//nullstudy_46
//Subjects=10
-32  -42  -12 
-14  -72  58 
14  6  16 
-36  52  28 

//Reference=MNI 
//nullstudy_47
//Subjects=9
18  70  -2 
-16  -56  -50 
54  14  -18 
-40  -68  10 
6  2  66 
30  34  -12 

//Reference=MNI 
//nullstudy_48
//Subjects=10
-6  -68  -54 
24  54  -16 
-28  -42  38 

//Reference=MNI 
//nullstudy_49
//Subjects=10
12  2  20 
-66  -14  26 
-36  -46  -24 
-48  12  46 

//Reference=MNI 
//nullstudy_50
//Subjects=10
4  26  36 
-42  32  16 
-34  36  -14 
-2  -78  30 
-38  -80  40 
-18  -28  60 
8  42  46 
-32  -20  -12 
-8  -44  22 
-50  -36  50 

//Reference=MNI 
//nullstudy_51
//Subjects=11
30  8  60 
-10  56  34 
42  2  18 
-24  56  -14 
-24  -56  54 
-32  -48  34 
-6  16  40 
-24  -52  -4 
34  34  -14 

//Reference=MNI 
//nullstudy_52
//Subjects=10
-46  -10  -20 
8  16  22 
-26  26  50 
24  48  -20 
-52  24  8 
46  38  -12 
6  34  52 
-48  -62  4 
46  18  42 
12  28  40 
-8  10  -26 

//Reference=MNI 
//nullstudy_53
//Subjects=10
-30  -68  54 
2  52  -28 
-48  20  -22 
-42  -44  -46 
-16  -68  -22 
-32  -18  -34 
64  4  10 
2  30  14 
-22  -6  -6 
-18  62  6 
4  46  22 

//Reference=MNI 
//nullstudy_54
//Subjects=9
-18  18  -12 
24  44  46 
-42  16  52 

//Reference=MNI 
//nullstudy_55
//Subjects=9
-22  -94  14 
-66  -38  10 

//Reference=MNI 
//nullstudy_56
//Subjects=9
-46  22  -2 
-30  50  -16 
-56  -48  -18 
-62  -12  4 

//Reference=MNI 
//nullstudy_57
//Subjects=11
46  34  22 
-8  26  34 
-6  -32  0 

//Reference=MNI 
//nullstudy_58
//Subjects=12
-12  26  56 
-4  70  -6 
52  30  24 
6  30  30 
32  26  0 
-62  4  -6 
54  16  22 
-58  -12  8 
14  58  40 
-34  28  -12 

//Reference=MNI 
//nullstudy_59
//Subjects=10
22  24  34 
-4  40  -22 
-26  -52  -58 
-22  -28  -22 
-40  0  16 
-4  -46  2 
-36  -72  34 
48  2  -44 
4  50  -2 
-38  14  -18 
-8  -28  2 
-32  -34  52 
8  62  24 
-48  10  -28 
-50  -64  42 
-20  -64  -42 
-26  -4  46 
-18  26  44 
-60  14  0 
42  54  14 

//Reference=MNI 
//nullstudy_60
//Subjects=9
-40  -12  -46 
2  58  -4 
28  6  -24 
-52  38  6 
-18  -88  0 
-26  28  50 

//Reference=MNI 
//nullstudy_61
//Subjects=11
-18  58  -8 
-26  32  30 
40  10  26 

//Reference=MNI 
//nullstudy_62
//Subjects=11
-12  -16  2 
-12  -74  -8 
56  12  -12 
-4  -104  2 
0  12  72 
0  36  -32 
28  64  18 
-34  24  54 
-32  -46  -32 
18  12  -38 

//Reference=MNI 
//nullstudy_63
//Subjects=12
-28  -64  -26 
-54  -34  36 
-28  2  -30 
50  24  -16 
-20  8  -16 
48  10  50 
-44  40  -12 
-36  34  -18 

//Reference=MNI 
//nullstudy_64
//Subjects=11
-6  -22  10 
-4  54  14 
-18  28  40 
36  8  -38 
-8  24  68 
-60  -66  -10 
-58  -36  0 
-26  -72  42 
-46  -66  -34 
-58  -12  36 
-50  -10  44 
-24  8  -6 
-62  -28  32 
12  6  66 
-56  -54  2 
-30  -36  50 

//Reference=MNI 
//nullstudy_65
//Subjects=12
-34  -2  -4 
20  48  36 
-22  -80  26 
-28  36  42 
-34  -82  -28 
-4  22  18 
-16  60  -6 
-20  6  -36 
-50  -22  34 
42  40  18 
-8  -4  40 
-40  40  20 
-12  50  6 
40  40  26 
-12  52  20 
-20  -86  32 
-36  -22  4 
32  18  42 
40  22  10 
-40  -78  2 
-10  -30  -36 
-48  -20  50 
-6  -24  -36 
8  6  0 
-10  0  -34 
-42  36  -14 
-26  -88  36 
-46  -32  -16 
-44  -46  -36 

//Reference=MNI 
//nullstudy_66
//Subjects=11
-28  26  42 
6  32  -10 
-2  2  60 
0  2  -26 
52  4  34 
10  42  -22 
-32  -52  -14 
-34  -70  -34 
42  40  2 
-10  24  -22 
-58  0  6 
42  2  -14 
32  46  22 
-58  -40  16 
-40  -10  -44 
-58  -66  -6 
-58  -46  -12 
-40  56  -8 
-26  -60  60 
-10  -88  10 

//Reference=MNI 
//nullstudy_67
//Subjects=12
-46  -22  -32 
-24  40  22 
-12  -26  50 
-10  -18  8 
14  12  70 
-48  6  -40 
-14  66  -10 
32  22  0 
50  6  -40 
-4  -26  68 
4  46  34 
-62  -24  28 
-4  -78  36 
-6  50  -30 
-14  -64  4 
-2  -66  -20 
-40  -14  -24 
-6  -16  -16 
0  20  -8 
-46  8  -2 
12  26  4 
-30  54  4 
14  16  44 
-6  -16  8 
-22  -82  -44 
-48  28  12 
-44  -20  64 
-26  28  44 
12  38  -10 
-36  -56  52 
-18  -56  -34 
36  2  56 
-40  -62  50 
-10  -60  -56 

//Reference=MNI 
//nullstudy_68
//Subjects=11
-30  -16  -6 
22  64  -10 
-34  -56  -14 
32  14  6 
-42  -36  -26 
-28  -40  -40 
12  34  -8 
12  36  48 
-10  -14  8 
-6  -50  -60 
6  34  36 
-14  -32  72 
-56  14  10 
-16  -38  50 
8  10  -4 
54  14  28 
-20  54  2 
-8  -4  62 

//Reference=MNI 
//nullstudy_69
//Subjects=10
10  24  56 
-24  -10  58 
4  66  -8 
-52  -2  -24 
-56  -66  28 
-16  12  64 
-58  8  22 
-10  56  24 
0  36  52 
-10  50  -2 
-22  -66  -34 
0  20  4 

//Reference=MNI 
//nullstudy_70
//Subjects=10
-26  -44  0 
4  60  22 
-8  -84  -4 
-12  -48  56 
-4  22  68 
-10  10  54 

//Reference=MNI 
//nullstudy_71
//Subjects=9
-42  -52  6 
-26  32  -8 
-2  58  -26 
-10  -42  -6 

//Reference=MNI 
//nullstudy_72
//Subjects=9
-48  36  -6 
-36  18  60 
34  6  -22 

//Reference=MNI 
//nullstudy_73
//Subjects=11
-28  50  -20 
-8  42  50 
10  12  38 

//Reference=MNI 
//nullstudy_74
//Subjects=10
-10  -40  72 
-60  10  14 
-50  -14  16 
-38  -82  26 
-2  -56  50 
-46  -12  2 
6  56  42 
-2  40  6 
0  4  -6 
-14  46  -14 

//Reference=MNI 
//nullstudy_75
//Subjects=9
-6  -30  60 
-4  -90  -12 
-52  8  8 
34  28  -14 
-46  40  6 

//Reference=MNI 
//nullstudy_76
//Subjects=9
-28  -68  -62 
-64  -4  -2 

//Reference=MNI 
//nullstudy_77
//Subjects=9
-60  -58  4 
-54  -14  -40 

//Reference=MNI 
//nullstudy_78
//Subjects=9
-18  -14  -16 
-66  -28  -22 
-48  26  20 

//Reference=MNI 
//nullstudy_79
//Subjects=10
-34  -82  14 
32  58  -6 
28  32  24 

//Reference=MNI 
//nullstudy_80
//Subjects=10
36  46  6 
0  6  12 
-58  2  32 
8  6  50 

//Reference=MNI 
//nullstudy_81
//Subjects=10
-6  32  54 
-4  -70  24 
28  4  -6 
-24  -62  -42 
-50  26  8 

//Reference=MNI 
//nullstudy_82
//Subjects=11
-22  -58  22 
40  6  52 
-30  0  44 
-6  60  -18 
-62  -4  -14 

//Reference=MNI 
//nullstudy_83
//Subjects=11
-28  -82  -30 
-10  -62  40 
-50  -68  20 
-26  -42  -56 
34  10  -14 
-20  -62  36 
-38  -80  -26 
-8  34  62 
-16  22  -12 

//Reference=MNI 
//nullstudy_84
//Subjects=11
56  8  -18 
-40  -18  44 
-28  -74  -24 
36  26  -12 
18  52  36 
28  12  -42 
-14  -52  70 
-4  -36  60 
-24  64  8 
-36  6  -40 
-32  -22  -12 
-34  12  -18 
16  16  16 
-14  -56  10 
-16  -54  20 
-34  -32  -32 
0  30  60 
-38  20  10 

//Reference=MNI 
//nullstudy_85
//Subjects=9
-40  4  10 
-6  64  22 
-30  -84  -46 
10  46  46 
-8  44  8 
-20  42  24 
-10  8  -30 
58  8  -24 
-8  -8  -22 

//Reference=MNI 
//nullstudy_86
//Subjects=10
-28  0  -2 
-4  -24  42 

//Reference=MNI 
//nullstudy_87
//Subjects=10
-8  20  34 
-38  -54  50 
-14  -68  38 
-14  -96  -20 
-26  48  30 
-18  6  -34 
-26  -64  -38 
-2  -12  56 
-10  -34  16 
36  58  -4 

//Reference=MNI 
//nullstudy_88
//Subjects=10
10  42  46 
28  44  32 
-14  -8  -24 
-48  -34  40 
-44  -6  -4 
-36  -6  12 
40  48  30 
-2  -84  -14 
-18  -56  -36 

//Reference=MNI 
//nullstudy_89
//Subjects=11
-28  -8  44 
52  2  14 
40  28  -12 
-44  -44  -44 

//Reference=MNI 
//nullstudy_90
//Subjects=10
-40  -14  -22 
18  30  -20 
-52  -36  16 
-8  16  -26 
-50  -72  -16 
-18  -32  -46 
-24  -28  -4 
-28  -44  -34 
10  6  36 
-14  -26  4 
-14  44  -22 
-6  -50  24 
44  10  46 
-20  12  -26 
-60  -2  -20 
-2  -56  -44 
-10  46  -4 
-40  -52  8 
-32  16  6 

//Reference=MNI 
//nullstudy_91
//Subjects=8
56  14  6 
-2  -88  30 
30  24  -2 
-20  52  -10 
-32  4  38 

//Reference=MNI 
//nullstudy_92
//Subjects=9
-10  -70  -40 
-6  -84  34 

//Reference=MNI 
//nullstudy_93
//Subjects=12
-62  -30  12 
26  38  46 
-58  -56  -14 

//Reference=MNI 
//nullstudy_94
//Subjects=11
-54  -66  -20 
-48  -38  -14 
-50  6  -36 
-26  -12  10 
10  62  28 
-16  -56  18 
-2  -68  40 
32  20  -24 
-46  34  -4 
-40  -44  -12 
38  48  0 
-16  70  0 
28  4  -20 
-34  -70  54 
-42  -62  -46 
30  64  10 
-38  -22  -6 
-6  -52  -10 
48  2  -30 
40  16  0 
-14  -60  68 
-24  48  -10 
0  20  24 
-36  -22  70 
-2  62  10 
-2  16  46 
10  16  52 
-44  -62  -32 
-4  -32  36 
36  16  -8 
-64  2  8 
-14  -52  -50 
-52  -72  26 
-42  48  -4 
58  20  8 
28  30  32 
-62  -28  -24 
28  10  46 
-18  -72  8 

//Reference=MNI 
//nullstudy_95
//Subjects=9
38  16  -28 
22  38  40 
26  62  4 
42  18  -36 
-58  8  -26 
-2  56  -24 
-38  38  28 
-40  -16  -10 
30  52  -12 
0  14  -14 
-6  -24  64 

//Reference=MNI 
//nullstudy_96
//Subjects=12
-22  -52  8 
-44  -56  -20 
42  6  4 

//Reference=MNI 
//nullstudy_97
//Subjects=10
34  50  0 
-8  26  -22 
-48  0  -12 
4  36  -20 
4  6  -26 
-2  -14  52 
-30  -6  60 
-4  -50  -20 
-6  -82  48 
-8  38  16 
-36  -50  -46 
-34  -60  54 
-20  30  -12 
48  16  -24 
8  12  -14 
-26  20  -30 
-58  2  42 
-10  -60  -24 
-14  -102  -16 
-6  -62  10 
-24  -2  -20 
12  40  -18 

//Reference=MNI 
//nullstudy_98
//Subjects=11
-38  -22  46 
-26  -56  10 
-38  40  22 
36  46  14 
16  8  -4 

//Reference=MNI 
//nullstudy_99
//Subjects=9
-42  -38  4 
2  18  -20 
-12  -70  38 
-8  -32  6 
-18  56  -2 
-36  -40  -12 
-34  -54  -48 
-22  -34  14 
-46  -22  16 
-2  -50  -48 
-34  2  40 
-14  12  8 
-22  -4  -40 
-44  -24  58 
-54  -44  -20 
6  42  16 
-20  -38  -20 

//Reference=MNI 
//nullstudy_100
//Subjects=11
-10  2  44 
-8  -38  -38 
-42  -22  42 
40  22  -20 

