//Reference=MNI 
//truestudy_1
//Subjects=10
45  -65  -6 
45  -66  -7 
47  -66  -7 
45  -66  -7 
49  -65  -7 
47  -68  -4 

//Reference=MNI 
//truestudy_2
//Subjects=11
47  -66  -6 
45  -66  -4 
46  -66  -6 
47  -66  -6 
46  -65  -4 
45  -67  -6 
46  -66  -5 
45  -66  -7 
45  -67  -6 

//Reference=MNI 
//truestudy_3
//Subjects=7
47  -67  -5 
46  -67  -6 

//Reference=MNI 
//nullstudy_1
//Subjects=10
-28  18  -10 
-4  -2  0 
-4  -8  18 
-30  52  -12 
10  18  70 
-28  -54  -50 

//Reference=MNI 
//nullstudy_2
//Subjects=11
-18  -54  58 
20  36  -20 
-18  62  -8 
-8  34  62 
52  18  -10 
20  6  -32 
-50  34  -4 
-30  -46  -18 
-24  -68  -44 

//Reference=MNI 
//nullstudy_3
//Subjects=7
4  32  24 
-68  -12  18 

//Reference=MNI 
//nullstudy_4
//Subjects=9
-2  26  56 
-36  -58  44 
-34  20  40 
-28  10  -24 

//Reference=MNI 
//nullstudy_5
//Subjects=10
-50  30  -14 
20  36  -26 
-56  -28  10 
-12  48  -4 
30  32  38 
6  30  44 
-46  -38  46 
-30  -60  58 
-54  -38  -28 
-36  -52  -30 
60  16  28 
-24  22  -2 
-42  -48  44 

//Reference=MNI 
//nullstudy_6
//Subjects=9
-60  -18  40 
-10  24  24 
48  16  -2 

//Reference=MNI 
//nullstudy_7
//Subjects=9
-40  -36  44 
44  2  -10 

//Reference=MNI 
//nullstudy_8
//Subjects=10
-46  -80  2 
24  10  -48 
-24  -32  -20 
6  18  22 
-58  -48  -6 
-22  -58  -38 
-14  18  70 
28  8  -48 
-40  -64  -54 

//Reference=MNI 
//nullstudy_9
//Subjects=10
-56  0  34 
-4  26  -4 
-12  -24  16 
-8  -40  -62 
20  42  -14 
-48  -64  38 

//Reference=MNI 
//nullstudy_10
//Subjects=12
-26  -86  14 
-12  -40  48 
-44  26  -22 
-20  -96  -14 
-26  48  22 
-26  -38  52 
-10  44  26 
-10  -12  72 
-42  56  -4 
12  50  2 
-34  -52  34 
8  48  48 
12  36  60 
-8  50  40 
-46  -72  -20 
14  20  4 
14  72  10 
-4  48  -28 
-4  38  -12 
28  54  -2 
-56  8  -2 
-36  -62  54 
-10  -22  76 
24  6  46 
-42  -26  36 
-20  -56  -20 
-56  -62  -30 
-12  -62  28 
-56  0  -4 

//Reference=MNI 
//nullstudy_11
//Subjects=10
32  4  34 
-56  -20  32 
-46  -64  20 
-26  28  54 
-6  -20  -30 
-40  -70  0 

//Reference=MNI 
//nullstudy_12
//Subjects=10
-26  -4  4 
-32  -56  -62 
32  36  -6 
-58  -56  -30 
-60  0  6 

//Reference=MNI 
//nullstudy_13
//Subjects=10
-12  -36  78 
-8  24  28 
26  58  -16 
-30  -48  -52 

//Reference=MNI 
//nullstudy_14
//Subjects=12
-46  -6  -14 
-44  -38  6 
-34  -6  68 
-56  -58  8 
-62  -28  -28 
38  48  28 
20  6  56 
-36  -16  2 
-12  48  -20 
-58  -42  22 
-36  -38  -44 
-22  -82  -26 
-28  -22  56 
-20  -76  -14 
-6  -36  -46 
36  44  32 
-40  -68  -46 
-32  -72  52 
-48  -34  52 
-52  -28  -20 
-32  24  52 
-56  -60  4 
-32  -76  18 
-12  -68  48 
-4  -28  6 
32  6  58 
-16  -74  -42 
2  30  -18 
-56  12  10 
-40  8  -38 
-22  -36  -2 
-24  -68  -24 
-44  -40  42 
48  38  4 
14  42  -14 
-34  42  36 
-6  22  -10 
38  26  50 
-50  -10  46 
-16  -70  62 
42  12  -34 
-42  -60  -8 
-12  -26  20 

//Reference=MNI 
//nullstudy_15
//Subjects=9
50  26  -6 
2  8  -26 
12  54  40 

//Reference=MNI 
//nullstudy_16
//Subjects=9
-14  -22  12 
-24  46  32 

//Reference=MNI 
//nullstudy_17
//Subjects=9
-36  32  42 
-36  -52  -10 
6  18  44 

//Reference=MNI 
//nullstudy_18
//Subjects=9
-2  50  18 
-44  -74  -46 
20  4  -10 

//Reference=MNI 
//nullstudy_19
//Subjects=12
-4  -50  74 
-12  68  16 
-14  -48  -34 
60  10  2 
-10  16  18 
-44  -24  -34 
-56  -46  -8 
8  10  48 
-32  52  0 
-2  4  38 
-46  -58  14 
-48  -48  6 
-12  52  -12 
-8  -2  66 
4  18  -16 

//Reference=MNI 
//nullstudy_20
//Subjects=9
-34  36  28 
-4  -76  -24 

//Reference=MNI 
//nullstudy_21
//Subjects=10
-30  -62  -60 
-52  -26  52 
-12  54  22 
-42  12  -28 
-68  -36  12 
-44  16  -32 
-42  -84  -2 
50  26  -8 
6  6  26 

//Reference=MNI 
//nullstudy_22
//Subjects=10
-8  -46  60 
-6  58  -16 
-44  -34  16 
-46  10  38 
-40  -40  -46 

//Reference=MNI 
//nullstudy_23
//Subjects=11
-14  -22  46 
-16  -18  68 
-36  -10  64 
-22  -10  68 
-38  0  -42 
-12  -76  24 
-54  -46  26 
-40  -74  -46 
-28  -34  -6 
32  34  -10 
-26  -78  -16 
-24  -60  58 
-52  6  -4 

//Reference=MNI 
//nullstudy_24
//Subjects=12
-2  54  -16 
-50  26  38 
-24  56  16 
-6  -6  8 
-28  -54  -56 
2  2  28 
-42  -18  46 
40  46  -8 
-40  -74  10 
-32  -80  -30 
-42  -74  12 
-8  -92  -28 
-32  14  6 
-4  -2  44 
50  6  34 
48  14  22 
-68  -48  -4 
-8  22  -26 
-12  -76  24 
-42  26  8 
-4  -64  34 
-52  -14  -24 
-12  -56  68 
18  20  48 
-14  -60  -38 
32  24  24 
-12  42  48 
6  26  -28 
-12  -10  54 
-42  -42  -14 
-54  -50  -12 
-42  28  14 
-18  -34  -14 
4  20  -12 
-38  -54  62 
-26  40  -8 
-4  -4  42 
-34  42  22 
-60  -22  44 
-14  -70  52 
30  56  6 

//Reference=MNI 
//nullstudy_25
//Subjects=8
-10  -94  32 
-56  -4  42 

//Reference=MNI 
//nullstudy_26
//Subjects=11
-2  -18  -22 
-22  -46  -52 
-8  -44  66 
-20  -32  8 
-2  -12  -16 
-64  -42  14 
0  8  30 
-4  38  14 
30  50  -14 
-56  10  20 
-12  52  -14 
-18  10  66 
-18  -10  -28 
-26  24  10 

//Reference=MNI 
//nullstudy_27
//Subjects=11
34  50  32 
32  24  42 
-16  -54  -24 
-8  58  36 
-2  -76  14 
-40  12  -42 
-38  -54  -60 
-32  -68  -62 
-2  -42  -10 
-70  -28  10 
-58  -18  36 

//Reference=MNI 
//nullstudy_28
//Subjects=9
-28  -88  -40 
-52  -60  -40 
-12  24  -2 

//Reference=MNI 
//nullstudy_29
//Subjects=10
-66  -20  26 
-14  -16  26 
-44  -64  26 
20  18  48 
-68  -40  8 
-28  16  40 

//Reference=MNI 
//nullstudy_30
//Subjects=11
-66  -36  22 
10  14  -20 
-16  -4  62 
-28  -74  40 
14  62  -14 
4  48  26 
-26  -70  40 
-50  14  44 
-24  -64  16 
-14  -4  -6 
-18  -96  28 
30  34  -6 
16  26  4 
-60  -10  -6 

//Reference=MNI 
//nullstudy_31
//Subjects=11
-10  -76  40 
-22  68  10 
-32  -50  68 
-12  14  54 
62  4  28 
-12  -82  -28 
-16  -102  6 
-32  -70  -36 
34  20  30 

//Reference=MNI 
//nullstudy_32
//Subjects=10
-30  -50  -14 
-30  -58  2 
12  8  20 
-60  -52  38 
-6  32  30 
-4  56  18 
-54  -38  10 
-8  -92  26 
-42  46  -16 

//Reference=MNI 
//nullstudy_33
//Subjects=10
-64  -8  8 
-42  -18  -8 

//Reference=MNI 
//nullstudy_34
//Subjects=11
-38  46  32 
-30  -68  52 
-12  14  50 
22  16  -40 

//Reference=MNI 
//nullstudy_35
//Subjects=12
6  52  -30 
-26  -10  6 
-38  50  -8 
-44  -58  52 
-16  -96  14 
-58  -60  18 
-6  -60  68 
10  38  30 
-2  -52  -64 
-54  -16  -18 
-42  -4  -34 
-36  -48  36 

//Reference=MNI 
//nullstudy_36
//Subjects=12
-26  44  26 
-4  68  0 
-46  6  56 
-36  20  -26 
-36  10  52 
-58  -2  42 
-4  -86  24 
-6  -52  8 
-42  -6  42 
-30  -8  -34 
12  64  -16 
-10  -30  52 
-14  -68  -48 
20  32  -14 
24  28  46 
-54  -48  -12 
-20  -68  -40 
-10  -18  -34 
-48  -12  54 
14  22  -24 

//Reference=MNI 
//nullstudy_37
//Subjects=9
52  22  38 
-10  -24  -28 
-26  -34  -28 
-58  -60  -2 
-22  -44  8 
60  28  16 
-40  14  52 
-38  -36  20 
-60  -60  -6 
-6  24  18 
-40  -4  54 
38  24  50 
-10  -12  38 
-2  -38  -28 
40  14  -16 
-6  22  38 
16  10  -2 
-32  44  20 
24  54  38 
-8  40  58 
-6  -28  4 
-12  14  14 
-14  8  24 
-10  52  36 
-44  18  4 
-34  -20  -2 
-56  -10  -6 
-52  -52  8 
-38  34  42 
-4  -32  -26 
44  24  -4 
-2  -26  52 
-60  -26  46 

//Reference=MNI 
//nullstudy_38
//Subjects=9
42  30  36 
36  30  40 

//Reference=MNI 
//nullstudy_39
//Subjects=12
-2  4  -16 
-56  -46  10 
-26  -90  16 

//Reference=MNI 
//nullstudy_40
//Subjects=9
-44  42  -16 
-12  28  -24 
-36  36  -20 
-4  -42  -52 
-22  -70  50 
-24  -84  16 
-12  -32  76 
-20  -88  32 
0  30  30 
-36  24  46 
-38  6  6 
26  60  8 
-24  -30  74 
-46  44  16 
-22  62  -14 
36  18  38 
36  18  26 
-28  -58  38 
8  10  60 
6  4  48 

//Reference=MNI 
//nullstudy_41
//Subjects=12
-12  58  -20 
-34  -30  -14 

//Reference=MNI 
//nullstudy_42
//Subjects=11
-52  36  6 
-10  -4  18 
32  30  26 
-40  2  -20 
-2  8  40 
28  14  2 
52  10  6 
-24  -2  -38 
8  32  56 
-4  -12  2 
-18  -94  32 
-42  -2  14 
48  6  -40 
-32  -54  -20 
-30  54  -16 
-38  -70  -46 
24  16  -28 
-32  -46  -4 
-54  2  44 
-24  4  50 
44  6  -20 
-26  -26  -12 
-28  -26  70 
-24  -40  68 
-44  6  16 
-18  -38  12 
-4  28  42 
-40  -60  -46 
-54  -14  46 
-40  -10  -14 
-60  -28  14 
-46  -72  4 
14  68  -10 
-60  -46  -14 
-38  -8  6 
-16  14  70 
-64  -42  -24 
20  12  -4 
-10  -86  -28 
-4  56  -18 
20  8  -42 
-70  -30  -2 

//Reference=MNI 
//nullstudy_43
//Subjects=11
-50  40  -14 
-38  24  -8 
-10  -20  10 
-18  36  -24 
30  40  -22 
-36  28  -20 
10  28  -28 
-14  -94  14 
-28  -72  -34 
-6  -34  -36 
-42  -30  54 
20  8  -12 
-42  -86  2 
48  52  0 
-26  28  -16 
14  42  34 
-44  -34  -2 
-36  -40  48 
-10  68  4 

//Reference=MNI 
//nullstudy_44
//Subjects=8
12  22  8 
-46  -2  14 
-6  40  30 
-30  -22  64 
-8  58  6 
-68  -10  -10 
-20  12  70 
-2  -28  32 
34  60  12 

//Reference=MNI 
//nullstudy_45
//Subjects=12
-38  8  8 
-28  -76  14 

//Reference=MNI 
//nullstudy_46
//Subjects=11
-2  -46  -14 
-22  52  -18 
4  64  4 
-16  -102  2 
-22  -8  -32 
-46  -48  46 
-40  32  34 
-38  -82  -12 
-22  -38  -38 
-32  10  28 
-46  -40  14 
-6  -80  36 
-12  -8  76 
-62  2  34 
36  46  34 
-52  -50  16 

//Reference=MNI 
//nullstudy_47
//Subjects=10
-54  -58  -20 
-60  4  4 
-4  16  62 
-44  -14  -28 
-66  -36  -2 
-16  -20  64 
-64  -30  -24 
-8  -56  -14 
44  34  12 
-28  28  46 
-12  -24  36 
-28  -8  68 
-50  12  -18 
56  24  16 

//Reference=MNI 
//nullstudy_48
//Subjects=12
-8  -78  -42 
-38  12  52 
-2  -60  18 
6  52  -6 

//Reference=MNI 
//nullstudy_49
//Subjects=10
4  18  8 
-46  30  28 
-38  28  28 
-6  12  -2 
-8  34  48 
28  48  32 
14  40  28 
-12  36  20 
24  50  -10 
-34  -28  -18 
-28  -82  20 
-64  -12  4 
26  60  30 
0  36  -16 
12  56  4 
-4  -64  44 
-50  -32  28 
-52  12  20 
-30  20  60 
-46  36  14 
-20  -40  74 
-64  -26  10 
-8  -84  8 
-68  -18  24 
-64  -14  32 
-4  -86  40 
28  10  56 
34  60  -14 
-6  -78  38 
-24  -62  14 
-50  12  18 

//Reference=MNI 
//nullstudy_50
//Subjects=11
-28  -6  2 
-8  24  36 
-8  -48  -20 
60  6  24 
38  6  -28 
-16  -54  -60 

//Reference=MNI 
//nullstudy_51
//Subjects=11
-22  -102  -16 
-54  4  -2 
0  36  -4 
42  34  12 
-36  -68  -46 
-2  -92  -10 
-36  -88  4 
-18  -66  -32 
-42  10  -10 
24  14  -8 
-2  -78  44 
30  6  4 
-44  38  -20 
-24  -76  16 
8  2  -10 
-6  34  62 
-18  -8  -12 
-6  38  18 
-26  -76  48 

//Reference=MNI 
//nullstudy_52
//Subjects=8
-34  -78  -16 
-48  36  -6 
-36  -6  38 
-20  -42  -14 
-8  22  54 
-20  50  -22 
-38  -26  46 
-30  8  -36 
10  30  58 
-22  -4  44 
-6  28  -4 
-32  32  34 
-8  -28  -42 
48  22  30 
-40  -82  18 
-18  -6  -26 

//Reference=MNI 
//nullstudy_53
//Subjects=10
-20  -78  46 
-60  16  16 

//Reference=MNI 
//nullstudy_54
//Subjects=9
24  10  -24 
12  54  42 
-26  -14  46 
-46  -52  32 

//Reference=MNI 
//nullstudy_55
//Subjects=11
-16  -34  0 
-28  48  24 

//Reference=MNI 
//nullstudy_56
//Subjects=7
-30  22  50 
4  38  -6 
-38  -56  36 
-52  -28  -28 
-40  -20  54 
-64  -16  20 
48  20  26 

//Reference=MNI 
//nullstudy_57
//Subjects=8
-10  -62  12 
-10  10  4 

//Reference=MNI 
//nullstudy_58
//Subjects=11
0  4  0 
-4  14  38 

//Reference=MNI 
//nullstudy_59
//Subjects=11
-2  -92  -10 
-56  -2  8 
-68  -24  26 
-20  62  -4 
-48  -12  -34 
-24  -4  -22 
-62  -52  -22 
-40  38  -16 
-20  -40  -54 

//Reference=MNI 
//nullstudy_60
//Subjects=8
-54  -62  16 
-18  -30  -30 
-50  14  -8 
-16  -38  -22 
-18  -70  4 
14  46  -10 
34  20  -28 
-24  38  48 
-6  66  14 
-4  -36  -52 
-2  -66  48 
-42  -38  46 
-2  -50  66 
-62  -58  -2 
-44  -18  50 
-16  -64  48 
14  18  -16 

//Reference=MNI 
//nullstudy_61
//Subjects=9
-50  0  34 
-36  -86  18 

//Reference=MNI 
//nullstudy_62
//Subjects=9
-22  42  16 
-4  0  42 
-48  -36  42 

//Reference=MNI 
//nullstudy_63
//Subjects=10
22  2  46 
-10  22  12 
-36  -72  2 

//Reference=MNI 
//nullstudy_64
//Subjects=11
-24  0  -28 
0  2  -26 
-10  -80  18 
-4  -40  -56 
-26  30  52 
-44  40  4 
18  54  14 
-20  -68  -16 

//Reference=MNI 
//nullstudy_65
//Subjects=10
-16  -62  -32 
-16  -16  -34 
-34  -38  60 
-2  -22  38 
34  38  36 
-8  -52  -14 
-34  -52  68 
4  42  26 
-8  -42  -58 
-44  2  -12 
-2  22  28 
42  40  34 
-16  -68  -24 
40  30  -4 
-42  -34  -14 
-66  -18  0 
-28  14  44 
-18  -32  0 
0  54  -16 
-38  -50  18 
20  58  -20 
-2  -14  10 
-34  20  52 
30  20  50 
-12  -72  30 
-28  -30  -32 
-28  18  10 
-12  -32  -6 
6  20  28 
-16  -88  22 
-22  6  -48 
-2  -18  30 

//Reference=MNI 
//nullstudy_66
//Subjects=10
48  6  -20 
-4  -64  -56 
48  24  -8 

//Reference=MNI 
//nullstudy_67
//Subjects=11
-32  -12  -28 
-26  32  26 
-52  -78  8 
-44  14  34 
-46  38  -12 
-44  -22  -34 
-4  -34  -18 
-16  20  62 
-30  -14  72 

//Reference=MNI 
//nullstudy_68
//Subjects=10
18  42  -24 
-30  -74  -18 
-42  10  -36 
-40  32  16 
6  30  26 
-36  -50  -14 
10  48  -24 
-20  -4  52 
-8  -46  -52 
-40  6  8 
-16  -90  -36 
-56  -2  -8 
12  2  74 
-6  -20  74 
-8  0  -12 
-2  -48  -70 
2  46  14 

//Reference=MNI 
//nullstudy_69
//Subjects=10
52  26  -14 
-18  -76  -30 
-30  -10  62 
-2  -66  -28 
-6  68  18 

//Reference=MNI 
//nullstudy_70
//Subjects=10
-16  -104  -10 
38  24  -28 
-42  46  -20 
-38  -18  16 
-22  62  10 
-28  -40  -28 
-66  -46  22 
-12  -68  60 
-52  -22  56 
-40  0  -48 
54  10  26 
-50  -42  52 

//Reference=MNI 
//nullstudy_71
//Subjects=11
0  12  -26 
-18  10  20 
-68  -34  6 

//Reference=MNI 
//nullstudy_72
//Subjects=12
-70  -24  -2 
46  2  -34 
-32  18  -30 
-42  -70  -42 
-18  -50  -48 
-50  -22  2 
12  62  32 
6  58  6 
-40  4  46 
-4  -12  62 
52  4  38 
-34  36  28 
-10  -74  54 
-46  14  16 
-6  -54  12 

//Reference=MNI 
//nullstudy_73
//Subjects=11
-54  -24  -26 
-20  -54  44 
-16  -6  -26 
-52  -44  12 
40  14  -24 
44  38  22 
-16  -34  74 
-42  -74  -40 
-56  -44  -20 
32  36  -10 
-34  -12  50 
-56  -58  -30 
-26  -16  64 
-44  -10  -40 

//Reference=MNI 
//nullstudy_74
//Subjects=11
54  20  36 
-34  -74  4 
-18  -102  6 
42  52  -6 
-34  -48  -46 
-38  -64  50 
-28  -4  64 
-8  -34  54 
24  16  2 

//Reference=MNI 
//nullstudy_75
//Subjects=10
-26  32  36 
-16  -48  -8 
36  42  28 
12  30  58 
-8  12  6 
-54  -26  -30 
-28  -14  -14 
-14  -68  62 
0  4  14 
48  28  -10 
-8  44  -16 
-22  -74  54 
-16  -98  -20 
14  28  -6 
-48  28  24 
52  2  0 
-64  -14  -4 
-10  32  -16 
-60  -22  48 
-52  -68  34 
-52  -36  32 
-6  -72  -46 
-26  -80  -30 
-44  -2  50 
-28  8  50 
18  16  -14 
-24  -72  48 
-8  -48  -16 
-38  34  22 
-4  52  44 
-38  -44  46 
-26  -86  34 
-12  -48  72 

//Reference=MNI 
//nullstudy_76
//Subjects=10
-44  -88  8 
-48  -30  10 
-28  -10  -42 

//Reference=MNI 
//nullstudy_77
//Subjects=9
-4  -60  -8 
-18  -28  -8 
0  10  -16 
-42  16  2 
14  22  66 
-46  -68  4 

//Reference=MNI 
//nullstudy_78
//Subjects=10
-40  -50  -14 
-16  -56  64 
-26  48  30 

//Reference=MNI 
//nullstudy_79
//Subjects=10
-6  54  26 
16  16  -4 

//Reference=MNI 
//nullstudy_80
//Subjects=10
-32  0  -32 
-42  26  28 
16  6  -6 
-10  -32  78 
-12  16  44 
38  22  28 
4  8  52 
-64  -44  16 

//Reference=MNI 
//nullstudy_81
//Subjects=10
-62  -12  28 
-32  -12  -34 
-20  -78  -56 
-26  -76  26 
-56  -50  30 
-56  -12  22 

//Reference=MNI 
//nullstudy_82
//Subjects=9
-40  -70  46 
-14  -42  66 
-30  -96  -4 
16  54  -10 

//Reference=MNI 
//nullstudy_83
//Subjects=9
-48  -32  34 
8  54  -22 

//Reference=MNI 
//nullstudy_84
//Subjects=10
-2  -2  -8 
-18  2  -22 
-16  -40  -4 
34  14  24 

//Reference=MNI 
//nullstudy_85
//Subjects=9
4  26  46 
10  20  36 
-32  -56  -18 
40  24  0 
44  4  -22 
-36  -8  -44 
28  60  26 
-56  -6  -6 

//Reference=MNI 
//nullstudy_86
//Subjects=11
-14  38  50 
-48  4  30 

//Reference=MNI 
//nullstudy_87
//Subjects=10
52  42  -6 
-10  -52  54 
2  34  42 
-6  -78  -18 
10  38  16 
-58  6  -16 
-62  -26  32 
-6  30  58 
-52  12  30 
-22  -60  -42 
56  4  -12 
-14  -76  14 

//Reference=MNI 
//nullstudy_88
//Subjects=9
60  14  -4 
32  60  -14 
34  38  36 
-12  -68  58 

//Reference=MNI 
//nullstudy_89
//Subjects=10
-18  -48  -58 
-8  -96  4 

//Reference=MNI 
//nullstudy_90
//Subjects=11
-26  -24  74 
12  62  34 
-12  66  0 

//Reference=MNI 
//nullstudy_91
//Subjects=10
-14  -80  16 
8  10  12 
-16  -94  26 
-30  -10  -18 
-28  -76  -32 
26  54  38 
-18  2  -46 
22  12  -16 
-38  -62  -42 
-10  30  38 
-2  -60  28 
-4  -26  54 
-44  24  6 
-44  -14  -36 
-46  36  -8 
-50  -38  58 
-30  -40  -30 
54  2  36 

//Reference=MNI 
//nullstudy_92
//Subjects=10
-24  54  -8 
-40  18  -20 
6  56  14 
-46  -2  -38 
22  56  18 
-2  -6  16 
-14  26  50 
-56  -38  14 
-8  28  48 
-48  -52  -22 

//Reference=MNI 
//nullstudy_93
//Subjects=11
-16  -42  -26 
-2  -58  -20 
-42  -72  30 
-36  -46  -20 

//Reference=MNI 
//nullstudy_94
//Subjects=8
0  62  12 
22  8  8 
-8  -84  34 
60  6  38 
-42  -34  46 
-56  -32  2 
-54  6  -2 
-4  36  22 
-40  -14  -40 
8  26  -10 

//Reference=MNI 
//nullstudy_95
//Subjects=9
-58  -24  -8 
30  8  54 

//Reference=MNI 
//nullstudy_96
//Subjects=9
-36  -62  -6 
32  40  34 
10  56  40 

//Reference=MNI 
//nullstudy_97
//Subjects=11
-36  2  -38 
2  22  -12 

//Reference=MNI 
//nullstudy_98
//Subjects=10
-60  -64  6 
52  20  4 
-12  16  58 
-2  8  58 
-8  -30  54 
-16  -4  -36 
-42  -68  -30 
-44  -8  28 
-40  4  58 
-26  -44  -6 
-54  -68  8 
-4  -54  -42 
-4  -66  52 
-28  -82  -36 
0  46  -6 
-28  -94  20 
-46  6  26 
-40  26  34 

//Reference=MNI 
//nullstudy_99
//Subjects=10
38  34  -4 
22  18  -6 
-4  52  -14 
-40  -68  22 
30  52  -2 
-20  -16  -34 
-14  -92  -22 

//Reference=MNI 
//nullstudy_100
//Subjects=9
-20  4  -28 
-26  48  20 
-6  -24  66 
-6  -72  -12 
-46  -60  -28 
-32  -62  -50 

