//Reference=MNI 
//truestudy_1
//Subjects=31
48  -67  -4 
45  -67  -6 
45  -66  -6 
46  -66  -7 
47  -64  -6 
45  -64  -6 
44  -65  -6 
45  -66  -7 
47  -65  -5 

//Reference=MNI 
//truestudy_2
//Subjects=28
47  -65  -7 
47  -66  -6 

//Reference=MNI 
//truestudy_3
//Subjects=30
47  -66  -7 
47  -66  -5 
46  -66  -5 
46  -66  -8 

//Reference=MNI 
//nullstudy_1
//Subjects=31
-54  -44  52 
-12  -56  -30 
-6  58  -24 
42  16  4 
-46  20  20 
-40  -74  -26 
-16  -40  -42 
-38  44  -8 
2  36  46 

//Reference=MNI 
//nullstudy_2
//Subjects=28
-24  50  40 
16  32  56 

//Reference=MNI 
//nullstudy_3
//Subjects=30
-12  20  64 
-24  26  46 
-40  -58  0 
-4  68  10 

//Reference=MNI 
//nullstudy_4
//Subjects=29
-12  -4  66 
48  36  16 
54  28  -10 

//Reference=MNI 
//nullstudy_5
//Subjects=30
-38  -6  -46 
-54  -8  0 
-44  4  58 
-30  -40  -34 

//Reference=MNI 
//nullstudy_6
//Subjects=31
30  16  58 
-8  -80  18 
6  32  34 
-24  -10  -28 
56  20  4 
-10  -46  76 
-14  -62  2 
-58  0  -10 
18  26  58 
34  30  4 
10  38  34 
-8  34  46 
-2  -28  38 
12  46  -26 
56  12  18 
-12  -30  54 
-20  -2  -44 
12  14  48 
-28  -50  -16 
-20  16  46 
-54  -70  -20 
28  52  16 
-40  -48  52 
-18  -72  34 
-36  -4  12 
40  12  12 
22  54  -16 
-26  6  -12 
-46  -60  42 
-56  -56  -34 
-22  28  34 
-12  -46  -32 
-2  -58  22 
-50  10  34 
-8  -24  74 
30  4  -20 
-18  -74  60 
-46  -12  28 
-20  -24  -30 
-54  -18  44 

//Reference=MNI 
//nullstudy_7
//Subjects=30
-22  -6  -6 
42  14  -18 
-2  -62  64 
-6  -58  -26 

//Reference=MNI 
//nullstudy_8
//Subjects=31
-18  48  34 
32  4  -6 
-28  2  -30 
-44  -44  -52 
8  54  -26 
-14  32  48 
-12  -84  40 
-4  -82  -36 
-22  4  2 
-54  8  14 
34  22  4 
-34  -70  -14 

//Reference=MNI 
//nullstudy_9
//Subjects=31
14  2  -16 
-46  -68  34 
36  14  -36 
-2  -48  52 
-6  -68  -52 
-32  -38  -16 
-10  -62  68 
-58  4  30 
50  4  -34 
-2  -26  -50 

//Reference=MNI 
//nullstudy_10
//Subjects=31
-22  -72  44 
-22  -96  14 
-12  30  -28 
-38  -18  4 
-70  -28  -10 
-32  -78  -22 
4  50  18 
-68  -20  28 
-28  -48  -20 

//Reference=MNI 
//nullstudy_11
//Subjects=28
-34  -68  -2 
-26  38  26 
-48  -66  26 

//Reference=MNI 
//nullstudy_12
//Subjects=30
-38  46  34 
-20  -6  62 
-42  46  -2 
-14  -28  -8 

//Reference=MNI 
//nullstudy_13
//Subjects=31
-68  -30  2 
-18  22  12 
-26  66  -8 
26  2  -14 
-32  10  62 
-38  -58  36 
38  14  42 
-6  -38  50 
22  4  -4 
42  22  52 
-44  -32  -2 

//Reference=MNI 
//nullstudy_14
//Subjects=32
-16  4  -26 
-66  -44  8 
-32  8  -20 
-42  -50  50 
-2  24  50 
-36  -68  36 
-38  -26  22 
-8  -24  80 
4  10  18 
-56  -20  -14 
-54  -30  0 
-42  -76  -2 
-42  14  2 
2  8  60 
24  42  38 
-8  -20  24 
-6  -70  12 
-8  -60  10 
-8  20  62 

//Reference=MNI 
//nullstudy_15
//Subjects=32
-12  -36  44 
-8  -78  34 
32  12  -4 
-14  4  -20 
16  16  -2 
-10  -32  -4 
-20  -20  64 
-18  -72  -58 
-54  -62  8 
-54  -38  8 
-32  16  -42 
-14  -2  -12 
-22  -80  -28 
4  38  14 
16  16  -28 
-12  -14  -14 
-34  -10  2 
-12  -62  -22 
-22  -96  18 
-4  16  42 
-40  -52  54 
-40  -58  56 
-18  18  -20 
-24  -42  -58 
-28  -68  -34 

//Reference=MNI 
//nullstudy_16
//Subjects=29
-22  -96  22 
-32  16  52 
-2  0  -32 

//Reference=MNI 
//nullstudy_17
//Subjects=32
-30  -62  30 
-16  -26  -34 
-4  -12  -8 
-62  6  16 
-38  46  4 
-52  4  -36 
0  26  54 
-68  -32  -18 
4  14  52 
-36  -60  -26 
-18  -44  -40 

//Reference=MNI 
//nullstudy_18
//Subjects=29
-4  -72  -6 
8  46  36 

//Reference=MNI 
//nullstudy_19
//Subjects=32
-16  -6  -6 
8  2  12 
-14  -30  64 
-28  -84  -26 
42  18  -12 
-20  -46  70 
-14  -18  -10 
-44  -58  -44 
-24  56  18 
-48  -56  56 
36  40  -14 
-10  -82  -52 
52  40  10 
-48  -62  -6 
-54  -18  -14 
-48  -16  30 
-50  -34  38 
-34  36  6 
38  36  34 
12  46  38 
-22  -54  42 
-46  -40  6 
-38  -56  10 
-6  -70  12 
-38  -66  -24 
10  12  34 
-26  -16  70 
52  2  -12 
-2  24  50 
-30  18  52 
0  4  32 
-32  -84  32 
-6  64  -8 
-32  -40  -56 
-66  -2  14 
-32  -88  16 
36  54  6 
-14  -54  -58 
-42  -70  -28 
22  26  56 
-64  -44  28 
-52  -64  -18 
-32  -6  -26 
-34  20  26 
-8  8  34 
-36  -50  -40 
26  20  -4 
12  64  14 
-28  18  -24 
-46  -70  14 
38  22  28 
-2  22  54 

//Reference=MNI 
//nullstudy_20
//Subjects=30
-48  -50  4 
-58  -22  26 
24  62  28 
4  50  20 

//Reference=MNI 
//nullstudy_21
//Subjects=31
44  38  6 
-52  -14  18 
-26  -72  56 
-40  34  -12 
-46  -18  8 
10  34  32 
-18  40  38 
-28  46  -18 
10  30  -22 

//Reference=MNI 
//nullstudy_22
//Subjects=29
-18  -32  58 
-56  6  32 

//Reference=MNI 
//nullstudy_23
//Subjects=29
-28  -92  -6 
-4  -30  80 
-42  22  -14 

//Reference=MNI 
//nullstudy_24
//Subjects=28
-66  -24  -22 
-58  -8  26 

//Reference=MNI 
//nullstudy_25
//Subjects=32
-28  -88  -42 
-36  -56  -10 
-8  -26  -4 
48  4  36 
-18  12  18 
4  28  28 
-36  62  -8 
-44  -76  40 
-38  4  4 
-12  -64  46 
-62  -26  26 
-38  -56  44 
-8  -66  -28 
-4  -34  8 
36  10  -28 
-12  -22  36 
-16  4  58 
34  26  2 
52  8  46 
-8  2  -26 
32  32  6 
-20  2  -4 
28  18  -26 
-46  -28  10 
-62  4  16 
-42  18  14 
-32  -18  60 
-58  -44  22 
44  6  -26 
-6  -56  46 
58  28  -2 
-60  -30  30 
-2  -48  -56 
-34  -28  12 
-26  -68  40 
-12  -12  -20 

//Reference=MNI 
//nullstudy_26
//Subjects=31
-18  -48  60 
-46  28  14 
-48  -70  22 
-24  -68  -26 
16  24  4 
-6  18  50 
-28  62  10 
-50  -68  -20 
-54  -38  6 
-48  -68  46 
-16  -16  24 
-56  -22  -20 
-52  2  4 

//Reference=MNI 
//nullstudy_27
//Subjects=31
-38  0  -18 
-14  -46  2 
-16  2  64 
-16  28  -18 
-42  -30  14 
-30  -48  38 
-24  -64  40 
50  46  2 
-50  30  0 
-14  36  40 
-46  -24  8 
-22  -16  0 

//Reference=MNI 
//nullstudy_28
//Subjects=29
-24  -102  0 
36  20  42 

//Reference=MNI 
//nullstudy_29
//Subjects=30
-56  -58  -16 
-20  -94  14 
6  50  -26 
-12  -40  54 

//Reference=MNI 
//nullstudy_30
//Subjects=31
-30  -8  68 
-52  -36  -30 
18  40  56 
6  36  -32 
-22  -98  20 
-40  -76  38 
-16  -22  -36 
-64  -52  -10 

//Reference=MNI 
//nullstudy_31
//Subjects=30
-26  -58  -38 
56  18  2 
-12  -26  76 
-16  -6  -44 
-16  60  14 

//Reference=MNI 
//nullstudy_32
//Subjects=30
-46  -76  -36 
-6  -72  62 
-14  30  -22 
-58  -60  -22 
-8  4  6 
-42  -4  14 
-36  12  10 

//Reference=MNI 
//nullstudy_33
//Subjects=31
-22  -90  24 
-22  8  -40 
-14  50  -22 
4  30  -16 
14  48  6 
42  34  10 
-30  40  18 
-6  28  40 
-4  -44  0 

//Reference=MNI 
//nullstudy_34
//Subjects=30
-14  -54  -66 
-6  -50  6 
-18  -100  -6 
-2  -20  64 
-26  -54  -14 

//Reference=MNI 
//nullstudy_35
//Subjects=29
-42  20  42 
-26  -38  -34 
-60  -12  -14 

//Reference=MNI 
//nullstudy_36
//Subjects=29
-20  -58  -8 
-6  -60  46 
-52  2  -24 

//Reference=MNI 
//nullstudy_37
//Subjects=29
-36  -50  -18 
-34  -64  22 
-42  32  28 

//Reference=MNI 
//nullstudy_38
//Subjects=31
-66  -42  -16 
-32  -94  0 
8  38  6 
10  62  -8 
-44  -58  12 
-26  -70  0 
-8  -80  -10 
46  20  -16 
24  26  52 
-48  36  28 
-2  32  52 
-12  -34  38 

//Reference=MNI 
//nullstudy_39
//Subjects=31
-8  10  20 
-22  -20  70 
46  26  4 
-46  -40  -22 
-16  -38  4 
-22  -80  -28 
-62  -34  32 
-14  -56  54 
36  40  36 
-18  22  60 
-54  -40  44 
-44  -60  26 
-28  -72  26 
-4  -58  -54 
-46  -18  62 
-44  -62  32 
-16  -22  -30 
-26  48  30 
-16  -76  0 
-4  -82  22 
14  54  16 
-18  -58  6 
-16  -52  58 
-6  -54  20 
-52  -12  0 
-6  -58  -44 
-28  6  -36 

//Reference=MNI 
//nullstudy_40
//Subjects=29
-48  -4  -18 
-38  -44  -52 
36  24  -18 
-66  -26  8 

//Reference=MNI 
//nullstudy_41
//Subjects=30
50  40  -4 
14  20  -28 
-16  -42  -6 
-10  -56  42 
-10  -22  66 

//Reference=MNI 
//nullstudy_42
//Subjects=31
-16  -4  72 
-16  40  -22 
-12  -78  -42 
42  8  24 
-14  34  48 
-46  -42  52 
-6  52  24 
-18  -56  -12 
2  22  42 

//Reference=MNI 
//nullstudy_43
//Subjects=31
16  16  -16 
-30  14  54 
-30  -64  36 
-24  58  16 
-20  -66  56 
-16  -52  50 
58  30  2 
28  48  -6 
20  62  -10 
-8  38  20 
-68  -24  -16 
-34  -66  34 
18  20  64 
-14  12  -12 
-4  2  64 

//Reference=MNI 
//nullstudy_44
//Subjects=30
-34  10  -30 
-46  -16  4 
-22  -66  -30 
6  12  -20 
28  4  -30 
-52  6  -8 

//Reference=MNI 
//nullstudy_45
//Subjects=31
-16  -92  -36 
-62  2  -10 
36  4  -34 
-26  -6  -22 
4  30  22 
-64  -2  10 
-40  -62  30 
-34  58  -16 
-24  -44  -20 
-38  30  6 
-20  10  -36 
-2  -88  4 
-18  -68  12 
-14  -38  18 
-6  54  30 
28  22  54 
16  10  -24 
-38  -38  34 
-28  -74  38 
-14  -96  -4 
-44  52  14 

//Reference=MNI 
//nullstudy_46
//Subjects=29
-6  0  68 
-8  -102  2 

//Reference=MNI 
//nullstudy_47
//Subjects=30
-52  -80  -2 
-2  -86  4 
-26  28  -10 

//Reference=MNI 
//nullstudy_48
//Subjects=31
56  30  22 
-34  -4  -16 
36  10  48 
-40  -8  20 
-34  -62  -24 
-34  0  -14 
-12  -38  -38 

//Reference=MNI 
//nullstudy_49
//Subjects=31
-34  2  -34 
-30  -46  2 
-12  -24  66 
-20  -72  60 
-4  -94  20 
-46  -80  12 
-4  -68  28 
-2  -52  38 
40  56  14 
-36  26  10 
-6  16  -8 
-6  -60  -36 
-40  48  28 

//Reference=MNI 
//nullstudy_50
//Subjects=31
-10  -26  4 
-60  -16  -24 
-16  -62  16 
20  54  -8 
-6  -14  80 
-22  -54  62 
-14  -26  -24 
40  4  22 
-62  -14  -8 

//Reference=MNI 
//nullstudy_51
//Subjects=30
-26  -76  -24 
-10  -56  40 
-46  -64  38 
60  10  22 

//Reference=MNI 
//nullstudy_52
//Subjects=32
-8  -72  60 
24  56  24 
44  46  -2 
-50  -66  10 
-26  -12  -30 
-38  -38  38 
-10  40  -14 
-12  -8  8 
38  28  34 
-18  -26  12 
-52  -44  -6 
44  34  40 
6  38  6 
22  14  4 
-52  -42  12 
58  14  -6 
-22  48  42 

//Reference=MNI 
//nullstudy_53
//Subjects=31
-4  26  26 
28  10  -44 
-4  10  70 
-46  14  14 
-8  -100  -12 
-28  -44  -22 
-14  10  16 
-6  -32  62 
-46  -38  28 
-42  -58  -14 
-34  -14  18 
18  18  8 
-6  10  -8 
60  6  16 
-16  -40  54 
-22  48  -6 

//Reference=MNI 
//nullstudy_54
//Subjects=30
-22  -86  18 
-20  -4  -46 

//Reference=MNI 
//nullstudy_55
//Subjects=32
-60  -16  32 
10  6  50 
40  46  14 
-16  18  52 
-4  -26  48 
-30  4  54 
12  2  54 
-18  -72  0 
-36  30  -20 
-28  -14  62 
-8  0  50 
16  34  56 
-6  -50  30 
-12  -24  -42 
2  46  -30 
-26  -54  60 
34  12  28 

//Reference=MNI 
//nullstudy_56
//Subjects=30
-30  16  38 
-32  -8  -2 
52  34  10 
58  22  -2 
-8  12  -20 
-30  -52  -50 
-2  10  60 
-64  -42  14 
38  6  26 
-20  8  -36 
28  6  -50 
26  42  14 
-2  12  -24 
-8  -16  64 

//Reference=MNI 
//nullstudy_57
//Subjects=30
-48  18  36 
-6  12  26 
-30  8  -34 
-14  -24  -16 
-50  -16  22 
44  8  50 
-60  -4  -8 
-10  -32  -26 
-2  -84  36 
-58  -42  44 
-40  12  -24 
-6  40  52 
-12  -74  8 
12  26  -16 
-8  -52  -60 
-4  -62  38 
-4  18  -28 
-32  -74  50 
-12  -74  -2 
-16  44  6 
28  48  12 
-34  -88  28 
-30  50  -14 
-10  20  -14 
-22  0  -20 
50  30  32 
-28  -30  -20 

//Reference=MNI 
//nullstudy_58
//Subjects=32
-2  4  58 
-60  -42  -14 

//Reference=MNI 
//nullstudy_59
//Subjects=31
6  28  -24 
38  20  52 
-30  -92  -12 
34  10  -44 
-32  32  32 
-12  -32  4 
-24  -88  -6 
-42  48  -6 
30  2  0 
-26  -70  -30 
-52  -10  48 
-50  10  -28 
-42  -34  -16 
-40  -74  48 
-32  -50  -52 
-24  -46  -34 
4  36  24 
-4  -88  -4 
52  6  -36 
-4  70  -4 

//Reference=MNI 
//nullstudy_60
//Subjects=30
36  12  -36 
-60  0  -14 
6  12  -10 
-10  -62  -18 
28  6  46 
28  14  44 
30  46  2 
-12  -58  72 
32  44  38 
-8  -70  64 
-40  -36  -28 

//Reference=MNI 
//nullstudy_61
//Subjects=31
-10  -18  10 
-4  -60  -50 
-40  -74  -6 
-32  0  10 
-36  -88  28 
12  54  38 
56  12  24 
-30  32  -10 
26  6  44 

//Reference=MNI 
//nullstudy_62
//Subjects=30
-52  -16  10 
-8  -48  54 
-14  20  66 
30  16  8 
-40  -30  14 
-60  -4  -16 
-44  -58  4 
-36  36  40 
16  62  -18 
58  8  22 
-48  -72  10 

//Reference=MNI 
//nullstudy_63
//Subjects=31
-32  -30  10 
-44  -82  12 
-52  -24  44 
-16  20  46 
-54  -34  0 

//Reference=MNI 
//nullstudy_64
//Subjects=28
-30  -70  -18 
22  30  36 
34  12  -38 
-34  -52  -2 
-38  40  -12 
-58  -38  18 
34  4  14 
-34  -48  52 
-50  2  -6 
-36  -96  -4 
-2  -26  28 
-2  14  -20 

//Reference=MNI 
//nullstudy_65
//Subjects=32
-52  36  -6 
4  48  -26 

//Reference=MNI 
//nullstudy_66
//Subjects=29
-28  -12  0 
-18  52  -4 
-24  -82  24 
-50  -70  -32 
-46  -30  56 
42  48  28 
24  12  52 
-34  -20  16 
18  10  -40 
-16  -30  -40 
-30  -80  48 
-54  -20  50 
-36  24  32 
4  54  -20 
-54  -2  10 
8  38  36 
-24  -38  50 
-38  -84  18 
6  52  -14 
-22  26  34 
-36  -10  12 
-34  28  2 
-30  -8  -2 
-32  56  -18 
-30  -64  -28 
-60  -50  6 
-44  -76  -34 
-16  -32  46 
-36  -66  4 
-26  -78  -6 

//Reference=MNI 
//nullstudy_67
//Subjects=29
-20  -36  4 
-44  -68  12 

//Reference=MNI 
//nullstudy_68
//Subjects=31
0  28  10 
-48  -46  32 
38  8  56 
20  44  -14 

//Reference=MNI 
//nullstudy_69
//Subjects=30
-16  -70  20 
-20  -38  -18 
-34  30  -4 
-30  -14  -22 
-24  -6  -40 
36  14  -2 
-26  -8  58 
-40  0  -48 
-14  50  30 
-6  32  -12 
18  60  14 

//Reference=MNI 
//nullstudy_70
//Subjects=29
8  24  32 
-50  -8  -32 
-56  6  8 
-12  -2  -34 
-20  62  -4 
48  42  20 

//Reference=MNI 
//nullstudy_71
//Subjects=31
16  48  -22 
52  18  -26 

//Reference=MNI 
//nullstudy_72
//Subjects=30
-30  -88  22 
-64  -44  -12 
-58  -24  0 
-32  -36  68 
0  26  18 
-56  2  -28 
-12  -28  -28 
-18  -70  62 
-54  -70  10 
-28  -20  8 

//Reference=MNI 
//nullstudy_73
//Subjects=30
-14  -72  -52 
26  26  54 
-50  -70  8 
-34  -48  -4 
-20  -78  12 
-22  -72  -32 
-56  -14  -40 

//Reference=MNI 
//nullstudy_74
//Subjects=30
-2  56  28 
22  52  32 
-36  -18  58 
-6  8  72 
-34  -6  44 

//Reference=MNI 
//nullstudy_75
//Subjects=30
-30  -36  -26 
8  62  -24 
-52  34  -2 
-14  64  -2 

//Reference=MNI 
//nullstudy_76
//Subjects=31
-20  -74  58 
-18  -76  38 
-36  48  -4 
-14  40  -28 
-12  -22  0 
-56  -46  24 

//Reference=MNI 
//nullstudy_77
//Subjects=31
0  54  42 
-42  -12  -32 
-34  -70  -8 
-26  0  60 
4  36  4 
30  16  -32 
-28  -58  -40 
34  50  12 
-36  8  -16 
-24  -40  -32 
-24  40  -24 
10  32  38 
-32  -6  -4 
-14  -64  60 
-26  34  24 

//Reference=MNI 
//nullstudy_78
//Subjects=32
6  62  10 
-46  20  -2 
38  16  -24 
-8  -32  -8 
-44  -46  -24 
-38  -76  -16 
-50  4  28 
18  14  60 
32  14  -28 
-28  -66  34 
20  62  8 
-32  -34  -22 
-28  -92  8 
-4  68  -2 
-64  -46  30 
42  4  -16 
-16  22  10 
2  52  38 
-42  -12  48 
-14  14  56 
-38  -16  18 
-32  -30  -20 
-4  40  56 

//Reference=MNI 
//nullstudy_79
//Subjects=30
8  50  -2 
-44  -20  -8 
-42  -52  18 
34  26  12 
30  60  -2 
4  6  -26 
-38  50  26 
32  40  30 
-8  -66  62 
-26  -62  -60 
-32  -66  -6 
30  44  -14 
-50  -6  -22 
-8  42  -24 
-32  -68  -10 

//Reference=MNI 
//nullstudy_80
//Subjects=31
30  24  -28 
-18  -60  64 
8  40  56 
6  10  52 
12  22  40 

//Reference=MNI 
//nullstudy_81
//Subjects=33
-56  -66  -16 
-38  -74  -38 
-40  -6  10 
12  48  4 
-30  -72  -46 
-56  -56  -38 
30  46  34 
54  4  12 
34  14  40 
-42  -22  56 
-14  -46  -20 
-6  -40  70 
-40  -92  -8 
60  16  22 
-36  -68  -36 
-8  -2  52 
-44  34  4 
-24  -62  -56 
-14  -4  26 
-12  2  50 
-26  48  10 
-8  -48  58 
24  4  72 

//Reference=MNI 
//nullstudy_82
//Subjects=31
-58  -14  46 
-34  -80  22 
-16  26  2 
-32  24  8 
-44  -36  0 
-8  -16  10 
-4  -4  -18 
-60  -56  -6 
-12  -74  -48 
-52  14  14 
-8  -80  54 
58  4  -12 
32  22  38 
-46  -76  -16 
-4  -52  -16 
-50  -14  56 
-38  -68  -52 
-54  -10  -28 
-50  28  28 
-60  -10  -24 
-34  38  14 
-28  -4  -26 
54  20  -14 
-24  -78  -10 
-2  -34  -48 
-26  -70  -36 
-2  -14  76 
-42  38  36 
2  56  -20 
-4  -72  52 
-24  -54  -54 
-6  32  2 
16  4  -28 
-44  -60  -10 
8  36  -12 
-34  28  32 
36  40  42 
28  18  -4 
32  58  6 
28  34  24 

//Reference=MNI 
//nullstudy_83
//Subjects=29
-24  -2  -18 
-8  -48  40 
-8  -70  -6 
-8  4  22 
26  42  -16 
18  52  -20 
48  48  -10 
-28  -70  -34 
-58  -2  -2 

//Reference=MNI 
//nullstudy_84
//Subjects=32
-40  22  14 
-30  12  -2 
-24  54  28 

//Reference=MNI 
//nullstudy_85
//Subjects=31
-18  14  -16 
-38  -74  -8 
24  46  12 
-56  -24  32 
-46  -28  16 
-34  18  -4 
44  20  46 
-2  -34  -48 
-54  18  -14 
-34  -50  -48 
-42  38  -10 
-56  -48  -6 
26  22  40 
-14  -98  20 
0  10  12 
-40  -60  -18 
-46  -8  12 
-34  -54  -46 
-18  -34  70 

//Reference=MNI 
//nullstudy_86
//Subjects=32
10  60  8 
-32  8  -32 
-20  -28  -2 
-12  -34  52 
-46  26  42 
46  10  50 
-20  -52  -26 
-18  -88  -30 
-42  -36  50 

//Reference=MNI 
//nullstudy_87
//Subjects=30
-20  36  -20 
-28  -36  -20 
18  14  -8 
14  4  70 
0  6  -2 
-6  20  -2 
-6  4  -4 
-42  44  2 
-26  -10  -12 
-14  -42  48 
-40  34  -12 
-42  -12  2 
4  46  32 
0  4  74 
-14  -22  -26 
0  44  -2 
-48  -66  -48 
-2  -74  18 

//Reference=MNI 
//nullstudy_88
//Subjects=30
46  46  6 
2  8  34 
-16  -36  0 
-10  -26  -44 

//Reference=MNI 
//nullstudy_89
//Subjects=29
-52  8  -16 
-12  -10  42 
34  4  62 
36  8  12 

//Reference=MNI 
//nullstudy_90
//Subjects=32
-26  -70  -10 
40  40  -6 

//Reference=MNI 
//nullstudy_91
//Subjects=30
-30  -14  68 
-60  14  6 
-28  40  28 
-30  -40  58 
-36  34  44 
-14  -74  -28 
20  18  66 
-38  44  22 
-42  -42  -10 
-2  -62  4 
-12  -6  16 
-18  -50  52 
-44  8  0 
-20  -80  -40 
-12  -22  42 
16  36  -16 

//Reference=MNI 
//nullstudy_92
//Subjects=28
22  12  -6 
-46  -14  2 
56  8  -12 
-8  -8  -26 
-32  -38  72 
-24  -36  50 
-38  -52  -18 
-38  -84  16 
10  66  -10 
-22  -28  -18 
-20  0  66 
-4  -38  68 
-34  -34  48 
34  38  -10 
-4  2  28 
8  2  -14 
-46  48  0 
26  40  52 
12  50  8 
-56  12  -26 
38  52  -10 
-28  -76  -40 
-4  -52  8 

//Reference=MNI 
//nullstudy_93
//Subjects=29
22  46  46 
-28  -78  34 
-52  20  -14 

//Reference=MNI 
//nullstudy_94
//Subjects=30
-8  -102  8 
-28  -74  -6 
-56  2  -6 

//Reference=MNI 
//nullstudy_95
//Subjects=29
12  6  44 
-52  6  38 
32  48  40 

//Reference=MNI 
//nullstudy_96
//Subjects=31
48  2  2 
-66  -44  8 
2  16  34 

//Reference=MNI 
//nullstudy_97
//Subjects=29
-34  -58  26 
-20  -46  10 
-20  -26  -22 
-14  -52  -28 
-56  -54  -34 
32  4  -14 
-4  -20  -2 
-24  -84  -4 
-52  6  -2 
-54  10  -22 
-54  -34  -28 
-26  -10  -32 

//Reference=MNI 
//nullstudy_98
//Subjects=31
-42  -34  18 
-20  -46  -50 

//Reference=MNI 
//nullstudy_99
//Subjects=31
-40  -82  6 
-56  -64  2 
-48  4  38 
-36  8  50 
12  24  54 
-8  42  -20 
-34  0  2 
16  60  2 
20  50  -18 
-20  12  -28 
-62  -52  18 

//Reference=MNI 
//nullstudy_100
//Subjects=30
60  12  22 
-34  -54  -48 
-8  38  54 
46  46  -10 
-20  6  56 
-4  24  14 
-20  36  28 
-56  22  16 
-12  -70  48 
-14  -62  64 

