//Reference=MNI 
//truestudy_1
//Subjects=19
47  -64  -6 
45  -66  -6 
44  -67  -6 

//Reference=MNI 
//truestudy_2
//Subjects=19
46  -67  -6 
47  -68  -5 

//Reference=MNI 
//truestudy_3
//Subjects=20
44  -66  -6 
46  -65  -6 
46  -65  -6 
46  -67  -6 
46  -66  -8 
47  -66  -7 

//Reference=MNI 
//nullstudy_1
//Subjects=19
-22  -88  36 
-30  -56  -34 
-4  -68  -46 

//Reference=MNI 
//nullstudy_2
//Subjects=19
42  4  -4 
-14  12  64 

//Reference=MNI 
//nullstudy_3
//Subjects=20
-48  16  -16 
-16  -100  16 
-14  28  0 
-66  -4  24 
-56  -10  2 
-24  16  52 

//Reference=MNI 
//nullstudy_4
//Subjects=20
-42  4  44 
-48  28  -14 
-16  -4  28 
40  38  -14 
-32  -16  72 
-26  -64  60 
4  20  34 
48  10  -24 

//Reference=MNI 
//nullstudy_5
//Subjects=20
-4  26  22 
-40  20  6 
28  2  -8 
-32  22  44 
-2  28  28 
-34  -58  24 

//Reference=MNI 
//nullstudy_6
//Subjects=22
-50  -68  28 
-14  -68  -58 
-22  -34  -48 
-8  58  -6 
2  56  24 
32  16  28 
-30  8  -16 
-48  -52  44 
-64  -42  10 
-42  18  44 
-64  -42  2 
-4  42  -12 
-2  42  18 
-30  6  -18 
-6  -78  -52 
-44  -16  22 
36  16  -34 
2  42  -16 
-38  -32  -10 
-2  -44  -14 
6  62  -18 
14  8  -8 
28  52  -18 
38  36  4 

//Reference=MNI 
//nullstudy_7
//Subjects=19
-34  36  -10 
-6  -60  -52 
46  24  -20 

//Reference=MNI 
//nullstudy_8
//Subjects=20
-4  28  22 
-24  8  6 
30  52  22 
24  4  60 

//Reference=MNI 
//nullstudy_9
//Subjects=20
-4  62  10 
-38  -70  18 
-28  -2  -26 
48  2  -40 
-6  -42  -38 

//Reference=MNI 
//nullstudy_10
//Subjects=20
0  46  -10 
44  18  22 
-2  58  -18 
-12  54  44 
-24  -76  -46 
-44  36  24 

//Reference=MNI 
//nullstudy_11
//Subjects=20
-58  -68  16 
-40  14  -6 
-22  -4  74 
-44  -32  48 
-30  8  32 
-50  -28  26 

//Reference=MNI 
//nullstudy_12
//Subjects=22
20  8  62 
34  42  -20 
54  14  -26 
-66  -48  -6 
-18  -90  26 
-30  22  2 
-32  -52  -52 
-36  -56  18 
-20  68  12 
-22  -76  -54 
54  24  32 

//Reference=MNI 
//nullstudy_13
//Subjects=20
40  36  -6 
6  22  66 
-10  -34  -36 

//Reference=MNI 
//nullstudy_14
//Subjects=18
-48  -68  46 
40  24  54 

//Reference=MNI 
//nullstudy_15
//Subjects=21
52  8  2 
-64  2  8 
-10  -70  22 
14  22  -18 
-36  -50  22 
-46  30  -2 
-28  46  -2 
-24  -52  2 
-14  -30  38 
-38  -28  46 
-60  10  0 

//Reference=MNI 
//nullstudy_16
//Subjects=22
58  12  -20 
-4  -40  48 

//Reference=MNI 
//nullstudy_17
//Subjects=20
-12  -54  -36 
-38  54  24 
-40  -42  -18 
32  30  0 
-44  -24  38 

//Reference=MNI 
//nullstudy_18
//Subjects=21
24  10  -32 
-14  18  -30 
6  48  14 
-52  -28  44 
-32  2  44 
-42  -64  -16 
-42  -68  40 
-56  -26  -34 
2  32  62 
-60  -26  -22 
-22  36  -22 
-44  -40  64 
-8  -42  6 
-38  -20  -30 
12  2  74 
-38  12  8 
-30  -8  -44 
-14  44  -8 

//Reference=MNI 
//nullstudy_19
//Subjects=20
8  42  46 
-54  -48  24 
-12  -92  0 

//Reference=MNI 
//nullstudy_20
//Subjects=20
-22  66  0 
14  6  20 
-48  -42  32 
16  42  -6 
-18  -82  -36 
-30  -44  2 
-2  -76  30 
0  10  54 
34  6  -20 
-60  -14  16 
-26  32  52 
16  52  2 

//Reference=MNI 
//nullstudy_21
//Subjects=22
-64  -26  18 
12  56  -2 
-50  -40  -16 
-10  -20  -26 
-24  -80  36 

//Reference=MNI 
//nullstudy_22
//Subjects=20
24  38  22 
-18  -40  44 
-14  8  68 
38  30  -2 
-18  -58  -22 
-28  0  58 

//Reference=MNI 
//nullstudy_23
//Subjects=22
-44  12  30 
-24  -54  48 
-10  -66  16 
-18  -90  0 
-44  -34  42 
42  2  -46 
-58  0  30 
-58  -6  10 
42  12  -14 
-34  -8  -30 
-36  -64  10 
-8  -58  -64 
-60  6  10 
-16  -74  -4 
-10  42  20 
-54  16  -14 
10  26  52 
-60  0  12 
-4  58  28 

//Reference=MNI 
//nullstudy_24
//Subjects=19
-26  -12  -22 
-52  -52  36 
-10  -82  30 
-32  -10  -18 

//Reference=MNI 
//nullstudy_25
//Subjects=21
36  8  0 
-6  -28  -22 
-16  -74  -56 
-40  42  6 
-6  2  30 
-4  -28  32 
-52  6  -32 
10  32  50 
-62  -38  34 
12  70  -10 
-24  52  18 
-56  -48  -22 
-46  0  -20 
-4  6  -8 
-36  24  48 
62  2  38 
48  16  -20 
-6  -74  52 
-22  -90  0 
-26  -40  6 
-40  26  2 
-36  -64  48 
-18  -34  70 
-12  -14  80 
38  30  6 

//Reference=MNI 
//nullstudy_26
//Subjects=22
-8  28  54 
-50  -56  36 

//Reference=MNI 
//nullstudy_27
//Subjects=21
-50  -44  50 
-4  -12  24 
-68  -24  16 
12  2  -12 
58  8  40 
62  22  12 
-42  14  14 
-2  -86  2 
34  26  -20 
-34  -64  -30 
-22  -34  2 
-14  34  -26 
-10  -36  -56 
-48  -56  -6 
-24  24  -14 
-50  -26  24 
34  12  -4 
32  2  -38 
6  14  52 
38  22  -34 
32  34  34 
-70  -18  -14 
-20  16  -22 
-14  -70  -4 
-56  22  6 
-42  -50  40 
-4  12  36 
60  14  8 
24  30  58 
18  64  -6 
-42  -18  60 
-22  -70  -34 
-52  -48  -20 
6  34  16 
38  60  10 
-28  -46  4 
18  16  18 
-24  -44  -26 
54  2  -2 
-44  -80  6 
-42  -88  -6 
-40  10  -10 
-66  -44  6 

//Reference=MNI 
//nullstudy_28
//Subjects=21
-32  42  -14 
-24  -36  -16 
38  8  60 
-66  -24  -10 
-42  -30  22 
28  4  54 
-32  2  2 
-2  -90  -28 
-30  -94  -12 
-24  -40  6 
-22  -58  52 
-2  56  42 

//Reference=MNI 
//nullstudy_29
//Subjects=20
56  4  4 
-50  -68  32 
-46  -20  14 
34  56  20 
34  34  32 
-12  -20  38 
42  48  30 

//Reference=MNI 
//nullstudy_30
//Subjects=20
28  34  50 
32  24  8 
-28  -78  10 
8  26  -24 
20  56  -8 
-30  -48  68 
-28  28  56 

//Reference=MNI 
//nullstudy_31
//Subjects=21
-4  -8  4 
44  22  34 
-22  66  16 
12  48  40 
-54  -38  22 

//Reference=MNI 
//nullstudy_32
//Subjects=19
-34  -86  -14 
-2  34  28 
54  20  32 
-24  -20  70 
-6  -66  64 
-30  -48  66 

//Reference=MNI 
//nullstudy_33
//Subjects=19
-42  -52  42 
26  4  -40 
26  20  -6 
-44  -80  -34 
-38  -32  38 
32  8  14 
-30  -54  -62 
-12  -96  -2 
6  54  -4 

//Reference=MNI 
//nullstudy_34
//Subjects=20
-44  0  34 
18  52  28 

//Reference=MNI 
//nullstudy_35
//Subjects=21
-10  -64  14 
2  58  24 

//Reference=MNI 
//nullstudy_36
//Subjects=21
-30  -34  60 
20  10  -34 
8  8  6 
-50  -26  56 
-2  24  -6 
-50  14  2 
-60  -40  -22 
-18  8  -22 
-54  -8  -14 
-14  -88  2 
-6  -28  28 
8  16  24 
16  28  2 
-4  -88  18 

//Reference=MNI 
//nullstudy_37
//Subjects=20
-26  -72  28 
-50  -18  42 
-24  -98  -4 
12  18  4 
-52  -42  32 
-2  -8  6 
-16  62  4 
-36  32  -2 
-52  12  34 
-24  46  46 
-22  -52  -16 
-22  -94  0 
26  14  -34 
-46  -84  -12 
40  18  -40 
-24  28  32 
-22  -20  -14 

//Reference=MNI 
//nullstudy_38
//Subjects=18
-58  -32  42 
28  10  -4 
-2  44  -28 
36  20  6 
-16  -6  20 
-36  26  40 
-6  -84  24 
-34  -80  8 
-32  -66  46 
14  40  -8 
-18  -82  18 
-52  -8  -16 
-20  -32  -28 

//Reference=MNI 
//nullstudy_39
//Subjects=21
-4  20  44 
-22  -46  -24 
-8  14  44 
-6  -48  42 

//Reference=MNI 
//nullstudy_40
//Subjects=19
-14  46  -14 
-14  26  -26 

//Reference=MNI 
//nullstudy_41
//Subjects=21
-12  -74  -34 
-36  10  12 
-54  -62  -40 
0  54  12 
-58  -26  30 
18  58  16 
-32  -56  -42 
-36  -2  -50 
-4  -36  -32 
-42  16  24 
-4  -78  8 
-42  -6  -32 
-38  -66  56 
-12  -26  74 
-68  -14  0 

//Reference=MNI 
//nullstudy_42
//Subjects=19
30  42  12 
-4  32  28 

//Reference=MNI 
//nullstudy_43
//Subjects=22
-6  -26  -44 
-16  -48  32 
28  28  -4 
-36  38  -22 
-36  32  6 
32  40  -14 
52  24  40 
-20  0  70 
-38  6  26 
-16  -20  -24 
-26  46  44 
-60  -30  -28 
-40  -44  -36 
-18  -94  0 
38  60  -8 
-2  -78  -26 
-58  -6  36 
-30  -74  32 
-30  -36  48 

//Reference=MNI 
//nullstudy_44
//Subjects=20
-14  -32  -18 
-28  -40  70 
-8  0  -20 
-14  -56  -26 

//Reference=MNI 
//nullstudy_45
//Subjects=20
16  70  16 
-18  -68  20 
-10  -68  28 
-10  -34  54 
16  6  -4 
-32  -94  18 
-42  -46  50 
-2  -52  60 
-4  -84  -46 
40  52  -16 
26  56  18 
28  14  -14 
-34  2  -42 
-18  28  0 
-18  -60  -40 

//Reference=MNI 
//nullstudy_46
//Subjects=20
-62  14  12 
-36  -30  60 
-6  16  28 
-26  10  68 
46  38  -10 
-52  -32  4 

//Reference=MNI 
//nullstudy_47
//Subjects=22
-14  -54  -28 
-18  -2  -8 
-26  -4  60 
-8  -22  64 

//Reference=MNI 
//nullstudy_48
//Subjects=20
8  14  24 
-50  -4  42 
-20  -12  -40 
-2  -6  20 

//Reference=MNI 
//nullstudy_49
//Subjects=21
-52  22  2 
26  22  54 
2  56  4 
-24  66  2 
4  10  2 
-8  -48  -36 
-44  50  0 
16  44  -4 
-50  30  18 
-14  38  -26 
-42  -22  -30 
-48  -22  30 
-14  -28  0 
-22  -24  -4 
54  24  6 
-32  -76  20 
54  18  -2 
18  18  18 

//Reference=MNI 
//nullstudy_50
//Subjects=19
-6  -60  32 
-34  -24  4 
-50  -22  -20 
-14  -60  50 

//Reference=MNI 
//nullstudy_51
//Subjects=20
28  2  -18 
-50  -26  12 
-30  -54  -10 
-4  20  50 
-58  -66  20 
-42  -70  26 
50  2  18 
-42  -44  12 
-16  -58  6 
-12  -44  -6 
-30  46  14 
-58  2  0 
-6  -28  -34 
-34  -36  -24 
20  32  36 
-10  -62  38 
-40  20  -14 
-58  -18  4 
-28  -56  2 
-22  -62  2 
-2  30  28 
34  52  -14 
8  20  -20 
-14  -56  20 
-32  22  14 

//Reference=MNI 
//nullstudy_52
//Subjects=20
-20  -40  10 
40  22  -30 
-6  -40  -8 

//Reference=MNI 
//nullstudy_53
//Subjects=21
-6  24  -26 
-2  -84  22 
-2  -22  60 

//Reference=MNI 
//nullstudy_54
//Subjects=20
20  34  34 
-18  -92  -38 

//Reference=MNI 
//nullstudy_55
//Subjects=20
-8  -10  70 
-24  -80  20 
-62  2  2 
46  52  8 
-40  20  48 
-42  -70  -38 
-32  -48  62 
-28  -86  -42 
-64  -22  28 
14  56  -14 
-6  -46  -52 
-52  -62  -20 
-34  -72  -4 
-60  -58  34 
2  32  -26 

//Reference=MNI 
//nullstudy_56
//Subjects=20
42  34  28 
8  22  0 
-10  12  -18 
-46  -50  -20 

//Reference=MNI 
//nullstudy_57
//Subjects=20
-2  -6  68 
-42  -14  -26 
-34  -74  -56 
-60  -18  36 

//Reference=MNI 
//nullstudy_58
//Subjects=21
-24  58  -14 
-16  -46  -58 
-14  -12  74 
-34  -70  38 
-2  -58  -60 
8  12  10 

//Reference=MNI 
//nullstudy_59
//Subjects=21
38  56  22 
-42  -56  40 
-52  -48  24 
34  42  -8 
-50  -44  34 
-4  -14  62 

//Reference=MNI 
//nullstudy_60
//Subjects=20
0  30  8 
-52  -46  -22 
-2  -88  30 
34  6  -48 
-32  20  -30 
-34  46  -16 
-4  66  2 
-14  6  20 
-54  -52  18 
-50  4  16 
12  44  2 

//Reference=MNI 
//nullstudy_61
//Subjects=20
32  26  42 
-32  -36  -16 
-32  -48  52 
-32  -42  -16 
-42  -82  10 
-30  58  -4 
34  2  2 
-18  -82  -42 
60  28  16 
-4  -84  6 
-40  -2  64 
48  32  18 
-32  -36  52 
32  46  16 
16  66  14 
10  34  10 

//Reference=MNI 
//nullstudy_62
//Subjects=20
-28  -50  -26 
10  38  44 
-2  52  12 
-54  -66  8 

//Reference=MNI 
//nullstudy_63
//Subjects=19
-48  -36  6 
2  34  12 
-20  -30  26 
44  36  -16 

//Reference=MNI 
//nullstudy_64
//Subjects=20
-22  -94  30 
48  6  -36 
-6  -22  -4 
-44  -24  14 
-10  -34  56 
-42  -36  -14 
-36  -8  6 
-38  -52  36 
-46  -58  -18 
-30  -96  12 
-22  -86  -26 
-4  -40  28 
44  46  14 
-56  -34  -20 

//Reference=MNI 
//nullstudy_65
//Subjects=19
40  22  42 
-32  -10  46 
-62  -32  8 

//Reference=MNI 
//nullstudy_66
//Subjects=21
-18  -72  46 
-38  -30  12 
-16  -32  -14 
-40  58  -8 

//Reference=MNI 
//nullstudy_67
//Subjects=20
-14  50  14 
-16  -84  34 

//Reference=MNI 
//nullstudy_68
//Subjects=20
-22  18  52 
-10  36  -8 
-4  26  32 
60  8  -26 
-42  50  22 
-4  -50  16 
-42  -26  58 

//Reference=MNI 
//nullstudy_69
//Subjects=19
-44  -10  -4 
-16  -98  8 
-16  30  62 
-20  -74  40 

//Reference=MNI 
//nullstudy_70
//Subjects=21
-52  -64  -38 
-24  32  -8 
2  20  34 
-32  62  -12 
0  64  -18 
-62  -42  24 
18  8  56 
-48  -62  8 
-66  -20  -20 

//Reference=MNI 
//nullstudy_71
//Subjects=21
32  60  0 
10  26  -16 

//Reference=MNI 
//nullstudy_72
//Subjects=19
-38  -8  -12 
-16  -46  -36 
-12  -72  -30 
-8  -88  -36 
-38  6  22 
18  6  16 
-6  14  -28 
-52  -58  28 
2  38  -16 
-12  -38  -20 
44  8  46 
4  42  -12 
-52  -14  10 
-14  -62  24 
-10  -36  40 
26  2  -34 
-48  -16  8 
-12  -38  -32 
16  16  0 
24  2  10 
-32  -54  68 
-26  -82  26 
16  26  62 
-4  42  26 
-40  -92  -8 
-30  -56  66 
52  38  18 
34  48  -10 
-24  -46  6 
-14  -82  18 
12  36  14 
-22  42  -16 
50  10  -36 
-62  -14  8 
-30  50  12 
12  48  0 
-16  -2  56 
10  28  46 
-30  -96  -18 
50  28  -16 
56  30  4 
-20  -98  8 
-28  0  -6 
-6  -72  -54 

//Reference=MNI 
//nullstudy_73
//Subjects=18
14  16  2 
-20  46  -12 
-18  -50  62 
2  16  26 
-40  26  -14 
-28  -78  30 
-66  -10  -18 
-34  30  -10 
-48  16  42 
-38  -16  -24 
-40  4  40 
-54  -62  -42 
-62  -24  0 
38  34  40 
46  18  14 
-26  -20  68 
-30  18  50 
-30  10  12 
-8  20  46 
6  34  -32 
-2  -48  -54 
-40  -20  42 
-60  -26  40 
-8  52  0 
8  40  -8 
-36  60  2 
-42  -64  -34 
-18  -38  2 
-44  -78  -28 
-52  -62  32 
-4  -10  74 
16  52  4 
-6  18  -4 
-54  -60  14 
26  4  46 
42  28  -4 
36  18  12 
62  20  14 
-40  -10  20 
-42  -58  26 
22  2  62 
-52  -16  -8 
-18  -10  28 

//Reference=MNI 
//nullstudy_74
//Subjects=20
0  36  30 
-52  42  -10 

//Reference=MNI 
//nullstudy_75
//Subjects=21
-6  -92  26 
-2  -78  28 

//Reference=MNI 
//nullstudy_76
//Subjects=22
52  36  12 
-60  -6  -16 
0  46  -24 
-10  -62  -60 
-10  -14  72 

//Reference=MNI 
//nullstudy_77
//Subjects=19
-2  -84  -18 
-44  0  -42 
-64  -32  32 
-44  -46  44 
42  16  -8 
2  64  10 
26  12  -32 
-22  50  28 
-54  -58  28 
-14  -52  -12 
-30  -18  0 
26  26  52 
-34  62  -8 
48  36  24 
36  8  -12 
-4  -10  -18 
42  22  52 
36  40  -20 
-14  -90  -8 
-10  12  42 
-28  -80  10 

//Reference=MNI 
//nullstudy_78
//Subjects=18
-30  -64  40 
34  6  -32 
54  36  -4 
-60  -58  -22 
6  30  36 
-28  -52  36 
-30  -88  36 
-32  30  26 
-12  -8  62 
-20  20  -14 
-14  -20  -24 
-52  -26  48 
-22  14  -4 
-40  38  34 

//Reference=MNI 
//nullstudy_79
//Subjects=20
-22  -66  -2 
-24  -6  -10 

//Reference=MNI 
//nullstudy_80
//Subjects=20
46  34  -18 
36  36  -14 

//Reference=MNI 
//nullstudy_81
//Subjects=21
-70  -42  2 
-58  16  18 

//Reference=MNI 
//nullstudy_82
//Subjects=19
-66  -32  4 
-10  -40  74 
40  10  46 
48  2  -44 

//Reference=MNI 
//nullstudy_83
//Subjects=20
52  8  -34 
-40  -64  -10 
-18  10  2 
-22  -70  -24 
-30  46  -16 

//Reference=MNI 
//nullstudy_84
//Subjects=21
-6  22  -6 
-2  -86  24 
14  54  8 
8  40  16 
54  40  2 
-20  -82  2 
14  16  -2 

//Reference=MNI 
//nullstudy_85
//Subjects=20
52  20  14 
-16  -28  -10 
-8  -60  36 

//Reference=MNI 
//nullstudy_86
//Subjects=19
-26  -58  -4 
-10  24  8 
-30  -28  20 
-10  62  -14 
-24  -66  0 
-6  6  56 
-26  -28  -8 
-32  2  -44 

//Reference=MNI 
//nullstudy_87
//Subjects=19
54  34  12 
-6  -44  44 
4  12  40 
-6  -12  2 
-14  -34  -32 
-46  8  -2 
-22  -4  66 
-62  -26  28 
-42  -62  34 
60  6  -18 
46  24  0 
40  38  6 
-44  -66  -6 
-22  -72  -46 
-6  42  54 

//Reference=MNI 
//nullstudy_88
//Subjects=20
-4  -52  20 
-58  -32  10 
-22  58  -14 
-4  -42  -22 
-56  -16  26 
-10  -20  4 
-66  -8  0 
-14  -6  26 
-54  22  -8 

//Reference=MNI 
//nullstudy_89
//Subjects=18
-50  -34  -32 
-32  12  40 
20  36  44 
6  16  24 

//Reference=MNI 
//nullstudy_90
//Subjects=21
-50  -24  22 
-46  20  20 

//Reference=MNI 
//nullstudy_91
//Subjects=21
-70  -40  6 
-32  24  -28 
-36  16  28 
-26  30  -16 

//Reference=MNI 
//nullstudy_92
//Subjects=21
-10  26  0 
-36  -92  2 

//Reference=MNI 
//nullstudy_93
//Subjects=19
44  16  -16 
-50  -38  -22 
-16  -76  -10 
24  8  -14 
-26  42  14 
58  28  24 
-12  44  -16 
-28  -86  -46 

//Reference=MNI 
//nullstudy_94
//Subjects=19
-10  -42  -44 
-34  8  28 
-52  -42  -30 
-32  38  24 
-28  -40  -14 
-10  28  -10 
-28  -60  -40 
-6  -88  -18 
-48  46  4 
-36  22  28 

//Reference=MNI 
//nullstudy_95
//Subjects=21
-10  -74  18 
26  10  -2 
-28  -80  -24 
-20  -86  -8 
-10  68  12 
-40  22  30 
-26  -76  -26 
-40  -60  12 
-44  -48  -20 
46  30  -10 
-40  54  18 
-20  -56  -48 
30  50  -18 
-26  36  -20 

//Reference=MNI 
//nullstudy_96
//Subjects=20
-12  -22  -26 
12  8  64 
-20  44  34 
-8  -18  52 

//Reference=MNI 
//nullstudy_97
//Subjects=22
-20  -14  -14 
-30  22  46 
-36  -82  26 

//Reference=MNI 
//nullstudy_98
//Subjects=19
-20  -70  2 
54  20  42 
-6  2  -4 
-46  -64  -8 
16  54  -16 
-4  18  -22 
-10  -6  54 

//Reference=MNI 
//nullstudy_99
//Subjects=21
14  60  28 
-10  2  -16 
46  2  -26 
36  14  54 
-2  -90  -18 
-4  -60  54 

//Reference=MNI 
//nullstudy_100
//Subjects=20
-34  -12  -44 
-38  -66  -30 
-60  16  14 
14  48  20 
-50  -80  0 
-6  -64  10 
-6  30  52 
-24  -12  72 
-32  -96  -10 
-4  -98  -2 
-2  12  22 
-10  -40  58 
-24  -78  40 
26  16  -42 
-42  40  -8 
-56  -36  26 
-44  -28  -18 
-44  -76  -4 
-20  -100  0 
-20  -62  42 
-10  -84  42 
-32  -74  54 
-4  -86  -36 
44  20  10 
-32  -32  46 
-36  4  -40 
-12  -38  68 
-28  -32  72 
0  18  2 
-14  46  2 
-2  -44  4 
-14  -102  16 
46  24  2 
-32  6  28 
-42  44  -18 
-34  -16  44 
-8  -44  8 
-10  38  2 
-2  -20  36 
0  48  40 
-38  -16  36 
-12  4  -28 
-4  -100  -14 
-18  -70  -26 
-24  -56  -34 
-44  -4  6 
42  28  -16 
32  18  -30 
-2  26  -20 
-56  -46  -20 
-6  24  -22 
-34  12  42 
-20  -88  -38 
-18  44  -24 
-52  -14  -40 
48  12  6 

