//Reference=MNI 
//truestudy_1
//Subjects=32
46  -67  -7 
46  -68  -7 
46  -66  -6 
46  -66  -6 
46  -67  -5 
47  -65  -6 
47  -66  -6 
44  -67  -5 
47  -64  -3 
45  -67  -6 
47  -67  -6 
46  -66  -6 
46  -67  -6 
45  -66  -6 
48  -65  -6 
48  -66  -5 

//Reference=MNI 
//truestudy_2
//Subjects=28
48  -65  -5 
45  -65  -5 

//Reference=MNI 
//truestudy_3
//Subjects=31
45  -65  -7 
45  -65  -8 
47  -65  -7 
46  -67  -5 
48  -66  -7 
45  -66  -6 
46  -67  -4 
45  -66  -4 
47  -66  -7 
46  -66  -6 
46  -66  -7 
45  -65  -6 
46  -67  -6 
46  -65  -6 
46  -65  -7 
46  -67  -5 
46  -65  -5 
47  -66  -5 
45  -67  -6 
46  -67  -6 
46  -66  -6 
46  -66  -4 
46  -66  -7 
46  -66  -7 
47  -67  -4 
48  -65  -7 
48  -67  -6 
46  -67  -8 
46  -66  -5 
47  -67  -7 
45  -65  -5 
44  -67  -5 
45  -66  -5 
47  -66  -7 
47  -69  -4 
46  -65  -7 
47  -65  -5 

//Reference=MNI 
//nullstudy_1
//Subjects=32
38  26  -2 
-14  50  30 
-28  -54  6 
12  20  4 
-48  -36  14 
18  24  44 
-26  60  28 
-10  -90  -34 
38  38  26 
-44  -40  -30 
-6  10  36 
-62  8  2 
-52  6  16 
-40  -6  -44 
-30  0  60 
-44  -40  50 

//Reference=MNI 
//nullstudy_2
//Subjects=28
-58  -30  36 
-20  -100  -12 

//Reference=MNI 
//nullstudy_3
//Subjects=31
-12  -56  -20 
-58  -48  -8 
-8  -44  46 
12  8  8 
-2  -4  54 
-12  -72  -20 
-66  -38  4 
-54  0  -10 
-20  8  50 
-20  -92  26 
-4  66  10 
2  54  -20 
-38  -74  0 
-12  -98  8 
-22  18  2 
32  8  14 
36  50  -2 
-24  -58  68 
28  28  -20 
-54  -20  16 
-8  -68  8 
-12  -36  44 
-20  56  12 
-18  -90  2 
-22  40  48 
-4  -50  52 
-20  12  60 
18  14  14 
-34  58  0 
-6  64  20 
-54  -60  -40 
-54  -34  -30 
28  18  -44 
-12  -70  26 
14  50  48 
-36  -68  -14 
-4  -76  36 

//Reference=MNI 
//nullstudy_4
//Subjects=29
-32  -58  -20 
-26  -78  28 
-12  -4  40 

//Reference=MNI 
//nullstudy_5
//Subjects=31
-52  -56  -46 
-6  -12  -24 
-58  -42  -28 
-12  -24  6 
-48  -64  -30 
-4  26  -18 
20  26  38 
24  10  -28 
-48  -42  22 
-36  32  48 

//Reference=MNI 
//nullstudy_6
//Subjects=30
-34  -60  -56 
-58  -62  -18 
-28  6  4 
-14  -38  54 
54  12  6 
-36  50  -12 

//Reference=MNI 
//nullstudy_7
//Subjects=32
-46  30  0 
54  2  -4 
-46  -28  20 
52  24  -4 
-2  40  40 
54  8  -38 
34  8  46 
6  26  -12 
-36  16  -40 
-28  10  2 
22  62  10 
-20  -4  -44 
4  46  -8 
-40  4  -32 
-38  46  12 
-44  24  14 
-26  16  -8 
-18  -56  48 

//Reference=MNI 
//nullstudy_8
//Subjects=31
-8  -44  -30 
-48  28  20 
-16  -18  -18 
44  4  36 
-6  -30  -40 
42  24  0 
-32  26  52 
-30  18  -14 
-58  -70  14 
-28  -20  62 
-26  16  -36 
-58  -36  0 
8  30  48 
-2  -50  -6 
-64  -40  6 
-54  18  36 

//Reference=MNI 
//nullstudy_9
//Subjects=28
14  14  2 
-2  -28  6 

//Reference=MNI 
//nullstudy_10
//Subjects=30
-64  -28  -20 
-58  -50  34 
-8  -18  -38 
40  12  -36 
-40  -52  -30 
-44  18  -14 

//Reference=MNI 
//nullstudy_11
//Subjects=30
30  2  -20 
-8  -46  26 
-44  -48  -50 
-18  -68  60 

//Reference=MNI 
//nullstudy_12
//Subjects=29
4  34  56 
38  34  4 
52  4  -32 

//Reference=MNI 
//nullstudy_13
//Subjects=29
-30  56  18 
-10  8  -20 
-20  -80  20 
-16  -2  28 

//Reference=MNI 
//nullstudy_14
//Subjects=29
-16  -82  -40 
-4  -22  -34 
-18  -22  -36 

//Reference=MNI 
//nullstudy_15
//Subjects=31
-10  -48  -6 
-56  -66  2 
-10  -54  -34 
6  30  46 
-48  -38  -24 
-40  -8  -44 
-28  -24  -28 
-34  -46  -14 
-44  -22  18 
-12  -72  46 

//Reference=MNI 
//nullstudy_16
//Subjects=30
18  14  68 
4  54  2 
52  4  -18 
-8  -38  40 
-32  0  -38 

//Reference=MNI 
//nullstudy_17
//Subjects=29
44  22  28 
26  24  -16 

//Reference=MNI 
//nullstudy_18
//Subjects=29
-40  34  18 
-10  -74  16 
36  40  6 

//Reference=MNI 
//nullstudy_19
//Subjects=31
10  38  -4 
28  16  38 
-34  16  -36 
-32  2  -10 
14  42  26 
16  40  44 
-14  48  10 
-40  -44  -16 
-34  28  -24 
-16  -36  36 
-10  -42  44 
6  4  -10 

//Reference=MNI 
//nullstudy_20
//Subjects=30
-54  38  -6 
-36  -52  44 
-10  -76  34 
-10  -72  28 
-18  8  -4 
-2  14  -10 

//Reference=MNI 
//nullstudy_21
//Subjects=30
48  50  10 
-48  6  14 
-18  -68  -50 
-6  -56  16 
-14  16  -16 

//Reference=MNI 
//nullstudy_22
//Subjects=28
-12  -64  46 
-40  48  24 
30  60  -12 

//Reference=MNI 
//nullstudy_23
//Subjects=29
-48  -44  -18 
44  2  -30 

//Reference=MNI 
//nullstudy_24
//Subjects=31
-6  66  0 
-32  -12  8 
-60  10  -8 
-32  -14  12 
-18  34  -18 
-12  -14  38 
58  16  34 
-40  -10  48 
-34  -38  52 
-18  -62  -40 
2  44  42 
-2  -90  28 
-58  -66  -20 

//Reference=MNI 
//nullstudy_25
//Subjects=29
-6  -34  -22 
-50  -28  30 
-48  40  18 
18  62  26 

//Reference=MNI 
//nullstudy_26
//Subjects=29
-10  0  16 
-44  -76  -10 

//Reference=MNI 
//nullstudy_27
//Subjects=29
0  28  -20 
-32  -40  -52 
-68  -46  -12 

//Reference=MNI 
//nullstudy_28
//Subjects=31
24  10  60 
-36  42  -10 
24  50  -10 
22  26  56 
-6  -40  -40 
-42  -82  -20 
-40  -8  60 
-6  28  58 
-18  -60  -4 
-4  0  74 
-6  2  -6 
-40  32  -6 
-38  30  -16 
16  4  -6 
-40  -20  -8 
-30  -34  70 
10  18  -8 
-6  22  -18 
28  30  -4 

//Reference=MNI 
//nullstudy_29
//Subjects=28
38  24  -14 
-38  54  -14 

//Reference=MNI 
//nullstudy_30
//Subjects=30
44  40  -16 
-20  -30  -38 
24  54  28 
-66  -44  10 

//Reference=MNI 
//nullstudy_31
//Subjects=30
-24  -70  -42 
16  52  46 
-22  -12  -6 
-8  32  -26 

//Reference=MNI 
//nullstudy_32
//Subjects=30
24  64  -2 
-18  50  24 
-54  -52  16 
-40  -20  -30 

//Reference=MNI 
//nullstudy_33
//Subjects=32
-4  42  -8 
-64  -60  -4 
38  22  -4 
-18  38  32 
-48  26  -8 
-56  -2  2 
-10  -54  42 
32  2  68 
28  32  -24 
-26  42  18 
-8  -70  -12 
-10  22  40 
-30  34  20 
6  28  -30 
8  26  26 
-10  -50  24 
-32  42  40 
-12  -40  0 
-34  -46  58 
-20  -36  -18 
-12  58  -22 

//Reference=MNI 
//nullstudy_34
//Subjects=30
-8  54  -18 
34  2  -24 
-32  -14  4 
-34  62  -10 

//Reference=MNI 
//nullstudy_35
//Subjects=30
-48  -62  -16 
8  10  -10 
-20  0  -14 
44  2  -34 
64  2  -22 
-58  -24  48 
-10  -18  80 
-12  -18  -14 
-48  8  -28 
-4  -76  -48 
-36  20  20 
-32  -56  4 
-52  -2  -14 
-26  -94  -2 
-42  -16  -36 
44  14  -16 
-48  -28  36 

//Reference=MNI 
//nullstudy_36
//Subjects=29
14  24  58 
38  4  -12 

//Reference=MNI 
//nullstudy_37
//Subjects=30
-52  -60  0 
42  24  -28 
-26  -12  2 
-6  22  -26 
22  50  24 

//Reference=MNI 
//nullstudy_38
//Subjects=33
-34  -38  -28 
-4  8  64 
-12  -22  -30 
-36  2  -22 
-30  -56  56 
-2  -32  30 
-30  28  -18 
-18  12  2 
-8  -56  -66 
-48  -30  8 
-48  -22  50 
-34  -12  -18 
-26  -14  -42 
-36  26  10 
-18  32  -26 
-20  -58  -32 
-26  -2  66 
-42  10  42 
-46  -36  38 
-8  -38  -22 

//Reference=MNI 
//nullstudy_39
//Subjects=31
-24  16  -14 
-62  -42  14 
-62  -64  6 
-36  -66  54 
-44  -72  -12 
-2  -24  54 
-22  4  56 
-38  -60  -30 
32  36  -2 
-16  -92  18 
-6  2  -28 
-8  -44  -20 

//Reference=MNI 
//nullstudy_40
//Subjects=32
-48  -18  10 
-50  -34  -8 
-46  -12  50 
-34  -36  54 
-34  4  24 
-32  -42  -40 
-6  4  2 
-46  8  48 
-38  -30  -24 
-40  -8  56 
-52  -64  34 
28  14  -8 
-6  4  20 
-28  -28  -30 

//Reference=MNI 
//nullstudy_41
//Subjects=30
-2  -102  8 
-20  40  34 
14  60  -18 
58  14  -10 
-46  32  -8 
-22  10  70 
18  4  68 
-12  -12  64 

//Reference=MNI 
//nullstudy_42
//Subjects=28
8  34  46 
-20  -2  -18 

//Reference=MNI 
//nullstudy_43
//Subjects=29
-32  -82  -18 
16  68  6 

//Reference=MNI 
//nullstudy_44
//Subjects=28
-4  -10  -2 
-12  -62  -50 

//Reference=MNI 
//nullstudy_45
//Subjects=30
-32  2  -16 
-36  -50  -26 
-64  6  14 
-36  -28  10 

//Reference=MNI 
//nullstudy_46
//Subjects=29
-8  -54  48 
-28  -76  -44 

//Reference=MNI 
//nullstudy_47
//Subjects=30
-8  -32  -38 
-12  -48  30 
-24  -50  -52 
-22  26  60 
-48  -24  28 

//Reference=MNI 
//nullstudy_48
//Subjects=30
-20  -28  74 
16  64  -16 
4  18  -26 
-52  44  -4 

//Reference=MNI 
//nullstudy_49
//Subjects=30
-36  12  -38 
-24  28  -24 
10  42  54 
34  10  2 
-24  12  -30 

//Reference=MNI 
//nullstudy_50
//Subjects=31
-44  -46  -52 
-6  -78  -14 
-8  -12  -18 
-48  -78  -14 
-20  14  -2 
10  38  48 
-22  30  42 
-6  70  2 
8  72  8 
-52  -34  -16 
-10  -66  32 
-14  20  -4 

//Reference=MNI 
//nullstudy_51
//Subjects=30
-38  -16  48 
-32  -30  64 
34  30  -16 
4  48  26 

//Reference=MNI 
//nullstudy_52
//Subjects=29
2  32  52 
-12  -52  42 

//Reference=MNI 
//nullstudy_53
//Subjects=30
-48  -64  -22 
-38  -22  52 
-40  12  46 
-12  16  30 
2  16  10 
-50  -14  -32 
-42  -18  54 
-58  20  20 
-44  -8  42 
-4  52  -8 
-50  12  2 
-16  -68  -26 
-12  -32  -36 
-40  40  16 

//Reference=MNI 
//nullstudy_54
//Subjects=30
40  8  -40 
-22  4  58 
-44  -28  62 
-18  -44  10 
-52  26  0 
-38  -54  -24 
-16  -40  12 

//Reference=MNI 
//nullstudy_55
//Subjects=28
-38  -66  52 
-52  22  -2 

//Reference=MNI 
//nullstudy_56
//Subjects=32
8  2  70 
-32  -32  -12 
-64  -16  -14 
-64  -54  -16 
-18  40  -26 
-16  -10  66 
42  38  38 
34  20  2 
44  32  20 
-30  -6  -6 
-30  -58  56 
-8  -28  -42 
50  4  34 
-66  -46  16 
-40  20  10 
-38  0  8 
-36  4  -24 
-36  -94  10 
-38  2  -18 
-2  -66  26 
-38  -66  -50 
-42  -48  38 
-48  -56  -32 
-40  40  -8 
-64  -30  -12 
-14  -18  -28 
-48  -8  -40 
-16  -26  14 
32  14  52 
-22  -96  -10 
-20  -34  66 
-60  -34  -28 
-18  -74  24 
-50  40  -16 
-44  2  4 
-66  -42  -8 
-58  -20  30 
-12  14  62 
-54  -22  26 
-52  -58  40 
-30  -36  -42 
-40  -56  -12 
-24  -100  -2 
36  6  60 
-6  42  30 
-30  -26  -16 
-40  -78  -8 
-36  -42  -56 
-36  -6  8 
-4  -58  14 
12  48  24 
-48  18  18 
40  48  2 
8  44  18 
-60  -24  20 
54  6  22 
28  6  60 

//Reference=MNI 
//nullstudy_57
//Subjects=31
46  18  -30 
-10  62  4 
36  48  2 
-36  28  -20 
28  18  62 

//Reference=MNI 
//nullstudy_58
//Subjects=29
-8  40  42 
30  18  -2 
6  30  -8 
-44  -32  42 
-22  34  46 
-14  52  -16 
32  12  64 
0  26  52 
-16  -60  -58 
-68  -18  26 
-56  -20  -16 
46  20  28 
18  44  28 
4  48  52 
4  18  68 
-2  -68  -16 
-36  0  -10 
-64  -56  6 
-4  -50  -20 
-16  68  6 

//Reference=MNI 
//nullstudy_59
//Subjects=30
12  42  32 
-38  -84  30 
-48  -72  -6 

//Reference=MNI 
//nullstudy_60
//Subjects=30
-48  -30  10 
-8  -20  -34 
40  2  8 
-42  -2  -10 
-36  -40  -12 
28  64  22 

//Reference=MNI 
//nullstudy_61
//Subjects=29
-54  -34  -28 
-18  -32  40 
10  26  58 
-18  -20  -2 
48  10  -20 
-20  -12  -16 
-24  0  -16 
-26  -90  -4 
6  30  -20 
6  50  14 

//Reference=MNI 
//nullstudy_62
//Subjects=29
-6  38  -30 
56  8  46 

//Reference=MNI 
//nullstudy_63
//Subjects=30
-50  -4  50 
-36  8  24 
32  10  -20 

//Reference=MNI 
//nullstudy_64
//Subjects=29
-66  -52  14 
-36  -90  20 
-54  16  -4 
26  44  34 
-18  -70  -36 
-38  -80  12 

//Reference=MNI 
//nullstudy_65
//Subjects=30
36  2  48 
-10  20  -30 

//Reference=MNI 
//nullstudy_66
//Subjects=31
-22  -92  -2 
-10  -28  4 
12  66  16 
-14  -38  48 

//Reference=MNI 
//nullstudy_67
//Subjects=28
-64  -28  4 
36  12  -16 
-42  16  2 
-44  -14  42 
-16  -40  18 
-66  -8  14 
20  22  54 
2  26  24 
-8  60  -24 
-4  -44  -28 
-4  -36  -54 
-20  0  6 
-40  -72  -28 
-2  -92  6 

//Reference=MNI 
//nullstudy_68
//Subjects=29
-34  -50  -58 
-42  -30  54 

//Reference=MNI 
//nullstudy_69
//Subjects=32
-30  -60  6 
-18  56  30 

//Reference=MNI 
//nullstudy_70
//Subjects=31
-40  -74  -46 
46  4  52 
32  30  -18 
40  36  8 
-10  20  -8 
-32  -86  -16 
-38  -56  -6 
-38  28  48 
56  40  2 
12  10  -26 
-46  -56  38 
-8  46  -14 
-24  -54  -4 

//Reference=MNI 
//nullstudy_71
//Subjects=30
-58  -44  32 
-52  10  -26 
48  48  -2 
16  32  46 
-50  14  -22 
48  22  -24 
-26  -52  52 
-42  -26  6 
22  64  2 

//Reference=MNI 
//nullstudy_72
//Subjects=30
0  6  34 
-46  -42  -18 
6  68  -6 
52  4  -32 
-56  -40  40 
-16  -66  34 

//Reference=MNI 
//nullstudy_73
//Subjects=30
-52  -56  32 
-18  38  56 
-2  30  60 
-36  48  32 

//Reference=MNI 
//nullstudy_74
//Subjects=31
-50  18  0 
-2  -22  -48 
-2  -16  36 
-32  22  -38 
-18  -68  -62 
12  46  -26 
-6  -54  30 

//Reference=MNI 
//nullstudy_75
//Subjects=30
-4  22  -22 
-8  -30  66 
-28  34  -16 
-38  -8  -30 
-10  22  62 
-30  -10  -50 
48  26  -8 
-48  -54  -34 
10  12  -30 
0  4  -12 
-48  24  -4 
-6  -68  42 
-42  12  -4 

//Reference=MNI 
//nullstudy_76
//Subjects=30
-4  -24  -20 
-56  -14  18 
28  14  -42 
-10  10  62 
-18  -8  24 
-20  60  -16 

//Reference=MNI 
//nullstudy_77
//Subjects=31
-46  -18  20 
-28  12  8 
0  4  -22 
-26  -28  -16 
-10  8  -10 
-56  10  30 
-32  -12  -44 
-54  -42  -24 

//Reference=MNI 
//nullstudy_78
//Subjects=30
-40  -78  -22 
-12  -82  8 
-34  -50  -20 
48  20  34 
-50  -40  16 
-62  -48  26 
22  66  -14 
-60  14  2 
-44  -32  62 
-14  -14  66 
-6  -48  -26 
-36  -30  16 
-52  -42  -12 
-6  -42  76 

//Reference=MNI 
//nullstudy_79
//Subjects=31
24  2  -36 
-38  -36  -10 
14  20  56 
-54  12  -8 
-62  -52  -24 

//Reference=MNI 
//nullstudy_80
//Subjects=31
-44  -42  4 
50  24  26 
-54  -58  -36 
-44  -6  -34 
-2  20  48 
-46  20  44 
-18  22  48 
-6  -2  70 
-20  -26  22 

//Reference=MNI 
//nullstudy_81
//Subjects=31
-38  -50  -32 
-8  12  14 
-10  44  -8 
-18  8  -4 
32  6  -10 
-30  -54  -2 
-62  -30  -22 
32  56  30 
-4  -56  -26 

//Reference=MNI 
//nullstudy_82
//Subjects=29
44  46  22 
-30  -44  -16 
-36  0  14 
-4  -48  -14 
-54  -10  -24 
-26  32  -18 
-58  -26  -2 
30  62  -2 
28  14  -28 
-34  -16  -20 
-40  -78  36 

//Reference=MNI 
//nullstudy_83
//Subjects=29
14  28  30 
-18  -26  14 

//Reference=MNI 
//nullstudy_84
//Subjects=30
42  16  4 
-56  28  10 

//Reference=MNI 
//nullstudy_85
//Subjects=29
-50  34  22 
16  6  -24 
-52  -16  -8 
-22  8  -12 
4  38  -20 
-6  -92  24 
-44  8  22 
-12  -80  -10 

//Reference=MNI 
//nullstudy_86
//Subjects=30
-2  -2  50 
-40  12  -34 

//Reference=MNI 
//nullstudy_87
//Subjects=30
-40  18  42 
-10  -20  72 
6  12  -20 
-4  -16  44 
-6  -64  -34 
36  6  58 

//Reference=MNI 
//nullstudy_88
//Subjects=31
-38  2  30 
-38  6  -8 
-36  -68  -32 
-38  4  32 

//Reference=MNI 
//nullstudy_89
//Subjects=28
-12  -74  58 
-28  -88  8 
-50  44  -12 
60  12  18 
-4  -68  22 
-10  -104  -4 
-50  12  -2 
-10  2  52 
-32  60  -14 
-52  -38  58 

//Reference=MNI 
//nullstudy_90
//Subjects=31
-56  8  -12 
24  38  22 

//Reference=MNI 
//nullstudy_91
//Subjects=31
4  44  24 
-14  -24  -12 
-20  -16  -20 
-50  -10  -46 
-10  -56  -20 
-36  -52  16 
-10  40  52 
-34  -42  64 
-6  -78  -20 
-56  -16  -32 
24  22  -26 
-30  -94  8 
-34  -56  48 
-4  -56  50 

//Reference=MNI 
//nullstudy_92
//Subjects=29
-18  -26  -28 
34  42  44 
-30  -40  2 
-16  -74  -8 
-16  -104  0 
-46  28  38 
12  48  22 
-40  -72  -32 
-2  -72  20 
-20  2  8 
-18  -2  76 

//Reference=MNI 
//nullstudy_93
//Subjects=31
-2  -26  24 
-40  30  10 
18  60  32 

//Reference=MNI 
//nullstudy_94
//Subjects=30
-54  -36  12 
-6  -86  10 
-60  2  26 
-8  -6  -10 
-48  -46  46 
-12  -26  52 
-46  42  -14 
-46  2  30 
26  16  -38 
-62  -58  16 
18  24  46 
38  4  12 
4  52  -16 
-28  -94  6 
-28  -46  -38 

//Reference=MNI 
//nullstudy_95
//Subjects=29
-68  -34  8 
-4  -86  -8 
-22  10  68 
-24  -84  42 
-62  -20  -16 

//Reference=MNI 
//nullstudy_96
//Subjects=31
-16  -32  4 
-20  -28  68 
-26  -34  -14 

//Reference=MNI 
//nullstudy_97
//Subjects=29
-44  -76  -34 
14  72  8 
-18  6  66 
-14  12  -2 
-56  26  22 
28  30  32 
-38  10  -20 
-22  -84  36 
-54  -62  -4 
-40  -76  -38 
-40  -72  -8 
-56  0  -10 
-14  -56  -48 
-4  -76  30 
-6  60  20 
28  12  50 
-54  -52  10 
-18  -102  -18 
-44  54  2 
-16  -82  -2 
-42  32  20 

//Reference=MNI 
//nullstudy_98
//Subjects=30
-26  -22  -12 
32  14  -24 

//Reference=MNI 
//nullstudy_99
//Subjects=31
-18  -80  46 
-18  -66  -16 
-44  20  -2 
-6  -40  76 
42  8  -22 
28  10  46 

//Reference=MNI 
//nullstudy_100
//Subjects=29
14  6  68 
-24  -52  46 
-16  2  54 
10  18  60 
-38  14  46 
-10  22  56 
-20  16  68 
14  46  38 
-8  -70  -8 
-50  -4  -10 
-54  -16  46 
-42  -18  -6 
-38  4  6 
24  46  36 
-34  40  -12 
-54  -6  -18 
38  10  52 
16  10  14 
-48  -74  10 
-38  44  16 
-4  -60  -14 
-26  -68  -14 
-20  -42  -26 

