//Reference=MNI 
//truestudy_1
//Subjects=18
46  -67  -5 
46  -67  -6 

//Reference=MNI 
//truestudy_2
//Subjects=22
45  -66  -6 
45  -66  -6 
46  -67  -6 
46  -67  -6 
46  -65  -5 
47  -66  -4 
46  -67  -7 
45  -65  -5 
47  -66  -6 
45  -66  -6 
46  -66  -5 
47  -65  -6 
45  -67  -7 
45  -64  -7 
45  -65  -5 
45  -66  -6 
48  -66  -7 
44  -66  -5 
46  -64  -5 
46  -65  -7 
48  -68  -6 
44  -66  -6 
46  -68  -6 
47  -67  -5 
47  -67  -6 
45  -66  -6 
46  -66  -5 
47  -65  -5 
45  -67  -7 
47  -66  -7 
46  -66  -8 
46  -65  -6 
48  -66  -7 
47  -65  -7 
45  -65  -7 
46  -66  -8 

//Reference=MNI 
//truestudy_3
//Subjects=21
48  -65  -5 
43  -66  -6 
47  -66  -6 
44  -67  -8 
45  -66  -4 
45  -66  -6 
46  -65  -7 
45  -66  -7 
45  -67  -8 
47  -66  -6 

//Reference=MNI 
//nullstudy_1
//Subjects=18
-16  48  0 
-24  -44  2 

//Reference=MNI 
//nullstudy_2
//Subjects=22
-42  -22  -20 
-38  8  -30 
-42  -8  14 
4  48  18 
-36  20  26 
40  28  48 
-50  -36  16 
-6  -52  -30 
-40  38  30 
36  38  -8 
-18  12  16 
34  16  40 
14  4  -20 
-34  16  -10 
-12  -62  -6 
-54  -46  -20 
28  14  46 
-24  -18  -28 
18  54  -14 
-56  -68  6 
-48  16  44 
-26  -14  -38 
40  28  8 
10  32  52 
4  12  66 
-52  -64  -6 
-8  -70  12 
50  22  44 
-22  -64  -14 
4  4  52 
-18  -54  10 
-4  -8  6 
-6  14  40 
-38  -34  64 
-48  42  -18 
-4  56  2 

//Reference=MNI 
//nullstudy_3
//Subjects=21
-20  -42  60 
24  18  -40 
24  8  52 
-12  -50  -62 
-12  -84  -40 
-26  4  -26 
-12  -58  -50 
-8  -48  8 
20  16  -16 
-66  -10  -20 

//Reference=MNI 
//nullstudy_4
//Subjects=20
-42  -42  34 
38  2  -46 
-38  -30  -26 
-36  -30  66 
-6  -64  36 
-12  18  14 

//Reference=MNI 
//nullstudy_5
//Subjects=19
-58  -16  32 
-50  -48  6 
-64  -28  18 

//Reference=MNI 
//nullstudy_6
//Subjects=20
-38  -46  -56 
-18  -78  52 
-36  -48  -6 
24  20  -18 
2  54  30 
50  4  14 
-50  24  -2 

//Reference=MNI 
//nullstudy_7
//Subjects=19
-18  -68  52 
-8  10  -4 

//Reference=MNI 
//nullstudy_8
//Subjects=20
-6  60  -18 
12  64  -6 
-10  -10  -30 
-10  -8  -34 

//Reference=MNI 
//nullstudy_9
//Subjects=20
44  26  -14 
-40  -10  60 
-40  -24  64 
-38  -68  12 

//Reference=MNI 
//nullstudy_10
//Subjects=18
50  34  -10 
40  6  22 

//Reference=MNI 
//nullstudy_11
//Subjects=19
-62  -2  30 
-60  18  12 
-4  -66  -46 
-42  34  -10 

//Reference=MNI 
//nullstudy_12
//Subjects=19
-50  -4  26 
26  22  54 
-34  -58  -22 

//Reference=MNI 
//nullstudy_13
//Subjects=19
-52  -32  0 
42  30  -16 

//Reference=MNI 
//nullstudy_14
//Subjects=21
-10  -16  74 
-52  -12  38 
-22  12  44 
0  30  62 
-60  -2  -22 
-42  -6  42 
-66  -4  8 
-20  -4  -36 
-10  -54  -10 
-12  -40  46 
2  12  16 

//Reference=MNI 
//nullstudy_15
//Subjects=19
-50  -24  32 
14  38  -6 

//Reference=MNI 
//nullstudy_16
//Subjects=20
-52  4  24 
-44  -34  16 
-56  4  0 
-22  -80  40 
-28  -62  54 
20  66  -12 

//Reference=MNI 
//nullstudy_17
//Subjects=20
-4  -40  2 
8  22  10 
-2  -60  -26 
-12  14  38 

//Reference=MNI 
//nullstudy_18
//Subjects=20
50  32  36 
-36  34  46 
-34  -88  -22 
-2  -86  -14 
-48  14  30 

//Reference=MNI 
//nullstudy_19
//Subjects=20
-28  -68  -42 
-24  -68  -56 
44  22  42 
-10  -44  -52 
-20  -60  -18 
-36  -82  4 
-6  50  40 

//Reference=MNI 
//nullstudy_20
//Subjects=21
-2  -16  40 
-18  -70  -60 
-26  2  -2 
18  8  -42 
-4  -52  -14 
28  42  46 
28  12  -44 
-46  24  12 
-14  -76  8 
-24  -28  74 
24  2  4 
-48  22  -28 
-22  -42  -8 
-12  18  36 
-24  -50  -22 

//Reference=MNI 
//nullstudy_21
//Subjects=20
-56  -58  -40 
52  30  0 
-34  -16  -6 
-44  14  -10 
-52  16  -16 
-20  42  -22 

//Reference=MNI 
//nullstudy_22
//Subjects=19
-56  -74  -4 
-8  -70  -28 

//Reference=MNI 
//nullstudy_23
//Subjects=22
-30  48  22 
-18  -42  2 
-24  2  4 
36  58  22 
-8  64  -6 
-4  -24  6 
24  18  -30 
-40  -18  -32 
-38  -66  -20 
-36  -6  46 
-40  -46  66 
-8  -46  -64 
20  8  -22 
4  20  2 
-44  -62  -4 
-46  44  8 
-38  -4  38 
-6  -44  -60 
10  14  2 
38  60  0 
12  38  34 
-44  -74  -38 
-24  18  -22 
-58  -38  -16 
32  58  -8 
-2  34  38 
-4  -46  14 
-48  -42  -4 
36  14  52 
-64  -24  44 
-6  -34  40 

//Reference=MNI 
//nullstudy_24
//Subjects=20
24  54  -10 
50  28  -14 
28  6  -14 
-16  -72  -2 

//Reference=MNI 
//nullstudy_25
//Subjects=19
0  46  -4 
42  10  -22 

//Reference=MNI 
//nullstudy_26
//Subjects=19
-8  32  14 
-2  28  60 
-46  -74  -16 

//Reference=MNI 
//nullstudy_27
//Subjects=21
-2  -20  26 
-62  -38  6 
10  6  70 
-20  -14  -24 
-50  -44  6 
-44  18  -36 
50  2  -14 
12  38  24 
-50  18  -26 
-12  14  -14 
-6  -82  2 
30  12  -28 
-2  -64  20 
32  4  -6 
32  40  48 
-14  -4  -6 
-36  8  12 
-58  20  10 
-38  14  6 
-18  -88  36 
-10  -54  -60 
-12  -14  -38 
-12  -12  -16 
-12  60  -18 
-50  -54  -24 
-64  -12  32 

//Reference=MNI 
//nullstudy_28
//Subjects=22
-8  -48  -26 
-38  14  50 
38  48  -20 
-26  64  -14 
-20  54  14 
-38  -38  16 
32  6  58 
-22  -62  24 
-28  -72  -20 
8  68  -16 
-14  -34  -34 
-18  34  46 
0  30  30 
-24  50  10 
-42  -74  -38 
24  34  40 

//Reference=MNI 
//nullstudy_29
//Subjects=19
-10  2  50 
-16  -20  68 

//Reference=MNI 
//nullstudy_30
//Subjects=19
-6  -48  -6 
-4  -24  66 

//Reference=MNI 
//nullstudy_31
//Subjects=19
-4  -88  8 
24  6  56 

//Reference=MNI 
//nullstudy_32
//Subjects=21
-14  56  40 
-8  -86  10 
-22  26  -16 
-16  -90  28 
-12  46  4 
-46  -46  -42 
-22  -62  14 
-24  -52  -14 
36  22  6 
-36  -86  -26 
-50  -4  50 
-32  -58  -8 
34  4  42 

//Reference=MNI 
//nullstudy_33
//Subjects=21
-4  10  16 
24  20  58 
-12  28  2 
-24  -44  -20 
30  28  52 
-58  20  18 
-50  4  50 
-22  -84  -42 
-4  -32  -56 
-54  -30  -22 
-52  -38  -2 
22  26  42 
-8  -64  -34 
-2  -50  36 
-20  -48  -56 
-54  -50  20 
-16  -60  -4 
-24  16  60 
-4  -70  16 
-42  -72  -28 
-22  48  2 

//Reference=MNI 
//nullstudy_34
//Subjects=21
4  30  58 
-14  4  72 
-2  -48  -16 
-8  -68  22 
-12  24  30 
12  20  -20 
-8  8  52 
-48  -20  8 
30  48  12 

//Reference=MNI 
//nullstudy_35
//Subjects=20
-10  -34  36 
28  10  -18 
24  22  46 
-16  26  56 
-36  58  -6 
-58  -14  -28 

//Reference=MNI 
//nullstudy_36
//Subjects=21
52  18  38 
30  4  54 
-14  42  44 
0  6  -26 
16  26  4 
-12  2  52 
-36  -2  40 
-56  -8  8 
-14  -88  40 
12  24  10 
20  48  28 
-34  6  8 
-62  -48  38 
-4  68  -10 
2  40  4 
-12  -48  -46 
-42  -60  -20 
18  8  58 
4  66  -14 
-66  -42  14 
-40  12  -18 

//Reference=MNI 
//nullstudy_37
//Subjects=21
-6  -58  -6 
44  2  -34 
-50  -32  -8 
-18  6  -26 
-32  -10  66 
-26  -76  -6 
-34  -8  8 
-12  64  -10 
-2  -50  18 
-14  -6  70 
4  48  -12 
-2  14  0 
-36  -28  60 
-46  -58  -16 
-4  26  52 
-42  -10  -46 
-12  56  14 
-30  14  34 
-18  -94  16 
18  46  38 
50  40  -12 
-8  54  0 
38  28  52 
-16  -2  56 
30  28  36 
-10  -52  -42 
-60  -30  26 
-36  -48  -60 
8  48  48 
-18  -60  -24 
0  38  54 
-60  -8  18 
-12  -20  16 
40  32  -22 

//Reference=MNI 
//nullstudy_38
//Subjects=19
-18  6  -16 
-54  -18  36 
-50  -54  -30 

//Reference=MNI 
//nullstudy_39
//Subjects=20
-20  28  42 
-12  -54  22 
-12  -46  58 
-44  -34  40 
-30  -18  46 
14  22  50 

//Reference=MNI 
//nullstudy_40
//Subjects=18
-30  -16  64 
-24  -68  24 

//Reference=MNI 
//nullstudy_41
//Subjects=19
-28  -10  66 
-18  -44  4 

//Reference=MNI 
//nullstudy_42
//Subjects=18
-16  -94  -10 
12  6  58 

//Reference=MNI 
//nullstudy_43
//Subjects=20
16  44  18 
-32  -12  6 
10  18  34 
-6  -56  30 
-46  -52  -50 
42  8  8 

//Reference=MNI 
//nullstudy_44
//Subjects=19
-34  -34  -24 
-60  -50  20 

//Reference=MNI 
//nullstudy_45
//Subjects=19
-50  -2  -8 
-20  22  48 
-20  -56  -20 
-6  36  -28 

//Reference=MNI 
//nullstudy_46
//Subjects=18
-16  40  -20 
-26  -10  -20 

//Reference=MNI 
//nullstudy_47
//Subjects=21
-48  -68  -4 
-8  24  54 
-36  30  -22 
-60  -18  -18 
-28  -38  64 
28  12  -8 
-6  58  26 
-6  -50  -50 
-24  -22  66 
-14  -70  -18 
-28  -48  14 
50  42  -14 
0  8  28 

//Reference=MNI 
//nullstudy_48
//Subjects=21
-42  -64  -14 
20  64  0 
34  26  54 
-44  12  44 
36  58  -14 
8  58  12 
-46  14  -24 
-22  54  0 
-20  -50  -16 

//Reference=MNI 
//nullstudy_49
//Subjects=21
-42  -10  -42 
-2  46  22 
36  2  52 
-10  4  12 
2  6  20 
2  42  2 
52  4  -36 
-10  -42  66 
-14  0  70 
-34  30  -12 

//Reference=MNI 
//nullstudy_50
//Subjects=20
-44  -30  34 
-36  -22  4 
-34  30  16 
8  40  14 

//Reference=MNI 
//nullstudy_51
//Subjects=20
48  12  36 
-56  -16  52 
-16  -68  44 
14  18  30 

//Reference=MNI 
//nullstudy_52
//Subjects=18
-34  -64  32 
-6  -74  40 

//Reference=MNI 
//nullstudy_53
//Subjects=20
-40  10  -46 
-44  -14  -6 
22  2  56 
-48  -48  26 
42  32  46 

//Reference=MNI 
//nullstudy_54
//Subjects=20
-30  28  4 
-48  -68  16 
-50  -60  -16 
10  54  20 
-4  -32  -8 
-34  -54  56 
4  26  -6 
8  64  -8 
-40  -74  42 
-6  -62  30 
48  16  -26 
-48  -52  50 
26  30  52 
-2  -92  -8 
-66  -20  -28 
-20  30  34 
-12  6  -14 
6  24  -30 
-34  -68  -10 
-42  -54  40 
-56  -46  46 
-40  18  26 
-24  -64  -38 
-24  -18  74 
8  26  30 
-40  -36  60 
34  34  46 
0  36  -24 
-10  48  0 
-24  44  28 
-10  36  8 
-40  -6  -16 
16  6  72 

//Reference=MNI 
//nullstudy_55
//Subjects=20
-4  28  54 
-70  -32  12 
-48  0  -16 
-26  -86  26 

//Reference=MNI 
//nullstudy_56
//Subjects=22
-48  36  28 
4  66  18 
-42  14  -44 
-18  -28  -8 
-64  -26  -26 
4  18  -8 

//Reference=MNI 
//nullstudy_57
//Subjects=20
64  10  22 
-12  -80  -36 
-14  -2  -40 
-28  -2  42 
14  42  16 
-46  -14  6 
30  46  10 
40  6  -38 
-8  -50  -62 
14  12  68 
-18  28  42 
-58  -34  50 
24  42  42 
-30  -22  52 

//Reference=MNI 
//nullstudy_58
//Subjects=20
12  12  -22 
-22  58  -2 
-40  -72  -36 
-6  -28  8 

//Reference=MNI 
//nullstudy_59
//Subjects=20
-20  0  -20 
-22  -70  -44 
-52  -22  -16 
-20  -64  -46 
-38  -2  38 
-42  20  -2 
-42  8  -30 

//Reference=MNI 
//nullstudy_60
//Subjects=20
-40  -18  32 
-2  -16  2 
-12  -54  -16 
18  56  38 
-48  -64  44 
-16  -64  -36 

//Reference=MNI 
//nullstudy_61
//Subjects=20
-42  -6  42 
44  38  12 
-16  -96  14 
-28  -74  -4 
4  44  38 
40  10  30 
-48  42  14 
24  20  -8 
-4  -58  70 
42  12  -44 
-2  -22  -30 
42  26  -26 
-24  -76  34 
-48  28  28 
-38  -58  50 
-22  2  48 
10  46  30 

//Reference=MNI 
//nullstudy_62
//Subjects=20
-40  -20  -16 
-2  34  46 
-32  60  20 
44  52  -16 
-64  -22  10 

//Reference=MNI 
//nullstudy_63
//Subjects=22
-20  -78  -48 
44  42  -10 
-60  -2  28 
34  56  -2 
-28  64  -8 
8  22  4 
-34  -66  -14 
-24  -50  54 
-20  -24  72 
36  14  -22 
-52  -38  16 
-38  26  -22 
-12  -46  -50 
-70  -30  -12 

//Reference=MNI 
//nullstudy_64
//Subjects=18
-4  44  -20 
-42  -84  20 
42  22  22 
-32  -62  -20 
-50  -4  -30 
28  62  -4 
-6  -14  32 
-50  -48  4 
36  50  22 
-50  -4  -44 
-30  -62  28 
-4  -36  -12 
-18  -74  18 
-2  12  -26 
-10  8  54 
48  36  28 
-10  -38  -20 
8  14  10 
-36  -12  -28 
-56  -60  2 
-22  -44  -4 
-16  -66  -18 

//Reference=MNI 
//nullstudy_65
//Subjects=21
-6  -48  58 
-36  -68  28 

//Reference=MNI 
//nullstudy_66
//Subjects=20
10  18  -22 
-8  -14  44 
-2  0  64 
20  70  4 
-40  16  50 
18  6  66 
6  62  -22 
30  32  -6 
-4  -10  8 
44  4  -48 
-16  18  -2 
-56  -4  42 
-32  -8  -28 
18  64  24 
-52  -68  34 
-4  -40  72 
-12  18  40 

//Reference=MNI 
//nullstudy_67
//Subjects=20
60  10  -2 
-8  -80  26 
-34  26  18 
-16  -84  2 
46  26  0 

//Reference=MNI 
//nullstudy_68
//Subjects=19
-50  -22  -2 
-48  -6  24 

//Reference=MNI 
//nullstudy_69
//Subjects=20
-64  -36  -6 
28  24  -38 
-24  -14  72 
32  20  -24 

//Reference=MNI 
//nullstudy_70
//Subjects=19
-4  -56  -18 
34  54  8 
-60  -60  30 
34  8  54 
54  2  -22 

//Reference=MNI 
//nullstudy_71
//Subjects=20
-30  -90  14 
-54  4  6 
-12  58  -2 
-54  -10  42 

//Reference=MNI 
//nullstudy_72
//Subjects=20
-56  -2  -12 
-18  -80  -10 

//Reference=MNI 
//nullstudy_73
//Subjects=18
4  28  -32 
-28  -78  -18 
-40  -66  14 
-32  26  -26 
-46  -10  -36 
34  4  -36 

//Reference=MNI 
//nullstudy_74
//Subjects=20
-10  30  46 
-6  -74  34 
14  16  -8 

//Reference=MNI 
//nullstudy_75
//Subjects=20
-14  66  10 
-6  -62  -34 
-46  40  -18 
-32  56  26 
-32  -98  -8 
-34  -48  -16 
-52  30  -6 

//Reference=MNI 
//nullstudy_76
//Subjects=22
-48  -42  18 
-56  -28  -16 
-24  -10  -12 
-38  -20  4 
-6  4  0 
-36  -12  50 

//Reference=MNI 
//nullstudy_77
//Subjects=19
-30  4  -34 
46  46  -6 
28  48  0 
-6  32  -18 
-58  -28  24 
-36  -78  42 
-14  18  -4 
-32  -66  -50 
-12  4  72 
-16  -18  70 
-36  -60  38 
36  16  -46 
-30  -28  74 
-34  -60  -40 

//Reference=MNI 
//nullstudy_78
//Subjects=21
-48  -10  56 
38  8  40 

//Reference=MNI 
//nullstudy_79
//Subjects=20
40  32  -16 
-4  34  48 
16  58  0 
-34  -10  60 
-24  -80  -30 
-58  -34  12 
-16  18  10 
-12  -62  -50 
0  32  22 
-30  -18  2 

//Reference=MNI 
//nullstudy_80
//Subjects=21
-54  -8  50 
32  18  38 
-58  -56  -34 
-18  -44  -38 
0  2  -4 
-60  -48  22 

//Reference=MNI 
//nullstudy_81
//Subjects=19
-16  70  0 
-10  -58  60 
-56  -30  22 
2  42  20 
-2  -30  -20 
-54  16  14 
34  2  38 
-12  -16  -38 
-14  -10  -34 
-24  -38  -38 
10  60  10 
-48  -72  -10 
-60  -58  -16 

//Reference=MNI 
//nullstudy_82
//Subjects=19
34  60  16 
-52  -22  -26 
-4  12  36 

//Reference=MNI 
//nullstudy_83
//Subjects=20
-26  -38  -6 
12  58  10 

//Reference=MNI 
//nullstudy_84
//Subjects=20
-12  26  10 
-16  -56  -36 
-14  -76  38 

//Reference=MNI 
//nullstudy_85
//Subjects=19
12  62  18 
10  14  68 
-34  52  4 

//Reference=MNI 
//nullstudy_86
//Subjects=22
6  52  32 
-16  2  74 
-8  -62  56 

//Reference=MNI 
//nullstudy_87
//Subjects=21
34  4  2 
48  36  16 
20  6  -38 
-28  32  32 
22  2  -28 
-44  -52  -22 
-38  -38  64 
-34  -18  50 
10  16  -12 
0  38  34 

//Reference=MNI 
//nullstudy_88
//Subjects=19
-66  -26  36 
4  26  52 
-8  56  -18 
-48  -16  -10 
-46  -34  -18 
26  10  -10 
-18  -14  78 
-16  -8  -16 
-10  -10  10 
-6  -14  8 
0  50  22 
-12  -8  44 
-28  -30  66 
-24  -16  -28 

//Reference=MNI 
//nullstudy_89
//Subjects=20
-2  -68  -52 
-8  -22  22 
-8  -56  -10 

//Reference=MNI 
//nullstudy_90
//Subjects=21
-4  34  50 
-38  -54  20 
-30  -88  -4 
-6  -76  -4 

//Reference=MNI 
//nullstudy_91
//Subjects=20
-64  -50  10 
38  10  56 
6  8  4 
30  52  2 
-20  -66  6 
18  14  -32 
-36  -38  62 
-4  -52  70 
32  4  32 
-32  38  34 
-44  -8  34 
28  22  -8 
-4  -40  -20 

//Reference=MNI 
//nullstudy_92
//Subjects=20
-20  -18  -30 
0  26  24 
-28  -70  -30 
-12  -42  46 
-16  10  0 
44  14  -8 
-16  -68  26 
-20  46  36 

//Reference=MNI 
//nullstudy_93
//Subjects=20
-6  -40  66 
-40  -20  -26 
30  28  0 
-22  -74  -54 

//Reference=MNI 
//nullstudy_94
//Subjects=19
-66  -6  -8 
-40  -68  -56 
22  8  70 
-54  -12  34 

//Reference=MNI 
//nullstudy_95
//Subjects=19
-38  -86  -10 
-52  -14  -28 

//Reference=MNI 
//nullstudy_96
//Subjects=22
4  42  38 
-30  -18  -32 

//Reference=MNI 
//nullstudy_97
//Subjects=20
-56  -14  42 
-44  -46  28 
-14  -66  12 
0  54  32 
26  4  -22 
-10  32  -8 
-14  -30  22 
-26  -78  -6 
56  6  32 
-48  -12  -38 
-34  -66  -38 
-42  -82  -36 
-26  42  44 
8  36  52 
-16  14  -22 
-32  0  46 

//Reference=MNI 
//nullstudy_98
//Subjects=19
-46  -20  -8 
-12  -74  -56 
-38  16  46 
-20  -58  12 

//Reference=MNI 
//nullstudy_99
//Subjects=19
-26  -80  -48 
22  36  26 
-30  -66  -8 

//Reference=MNI 
//nullstudy_100
//Subjects=20
-18  22  -14 
0  4  8 
6  30  18 

