//Reference=MNI 
//truestudy_1
//Subjects=29
46  -65  -5 
47  -67  -6 
44  -65  -6 
47  -65  -6 

//Reference=MNI 
//truestudy_2
//Subjects=29
46  -66  -6 
44  -68  -5 
46  -65  -5 
46  -65  -7 

//Reference=MNI 
//truestudy_3
//Subjects=31
46  -65  -6 
46  -67  -7 
46  -68  -4 
45  -67  -6 
45  -65  -6 
46  -65  -7 
47  -65  -7 
45  -66  -7 
46  -64  -6 
45  -65  -6 
44  -64  -7 
47  -65  -5 
45  -66  -6 

//Reference=MNI 
//nullstudy_1
//Subjects=29
-20  -56  18 
-42  -80  34 
-22  -4  -32 
4  26  58 

//Reference=MNI 
//nullstudy_2
//Subjects=29
-60  -24  -28 
-26  -56  -28 
8  22  6 
36  42  14 

//Reference=MNI 
//nullstudy_3
//Subjects=31
-32  18  -8 
12  66  26 
-26  -26  -10 
0  32  -14 
-12  -16  -32 
-2  16  4 
34  2  50 
-50  -48  -8 
-14  -50  -16 
-40  -58  -22 
62  6  -18 
-10  -48  42 
-30  -78  -18 

//Reference=MNI 
//nullstudy_4
//Subjects=30
-48  -68  26 
-60  -24  38 
-12  24  32 
18  42  -20 
10  8  -24 
-48  -16  -10 
-4  -46  70 
-8  22  -22 
10  66  14 
-42  -64  -38 

//Reference=MNI 
//nullstudy_5
//Subjects=29
42  34  0 
-10  -76  -30 

//Reference=MNI 
//nullstudy_6
//Subjects=29
-50  6  24 
-14  -26  -20 
10  40  48 
-6  44  6 

//Reference=MNI 
//nullstudy_7
//Subjects=31
-50  -60  -50 
-36  -28  14 
-34  -50  -52 
12  30  64 
-38  -26  14 
-48  -20  32 
-40  -42  38 
-6  -90  8 
-28  -84  -6 
18  8  -4 
-10  -12  -18 

//Reference=MNI 
//nullstudy_8
//Subjects=30
12  36  -18 
-38  22  -18 
-16  -66  -2 
-2  14  64 
36  22  -34 
-36  24  32 

//Reference=MNI 
//nullstudy_9
//Subjects=32
-16  -54  -48 
-24  -74  34 
-52  22  0 
-12  18  -28 
22  24  54 
-26  -10  -8 
-44  10  36 
32  40  48 
56  38  12 
36  2  56 
-6  8  28 
-34  -76  -32 
-2  -26  76 
-56  26  18 
-40  -72  -20 
-14  42  38 
-26  36  28 
-42  18  -20 
-34  -6  -2 
-38  8  40 
-68  -26  30 
2  58  -20 
-36  -12  22 
52  32  -6 
-16  -20  40 
-54  2  14 
18  62  20 
-54  -42  -18 
-16  -34  -28 
-26  -60  -20 
14  54  -6 

//Reference=MNI 
//nullstudy_10
//Subjects=30
6  12  -16 
-8  -64  -38 
-10  -36  80 
-46  -76  -30 
-8  -86  -12 
-20  2  70 

//Reference=MNI 
//nullstudy_11
//Subjects=29
-34  10  -16 
-60  -48  -14 

//Reference=MNI 
//nullstudy_12
//Subjects=31
-32  -34  52 
-20  -44  -8 
-36  26  20 
-22  -2  -32 
-34  -6  4 
-12  -30  42 
32  60  22 
-18  -2  -14 
-58  -32  -30 
-60  -50  -24 
32  14  28 
-14  -80  44 
-8  -50  -34 
-20  -36  -44 

//Reference=MNI 
//nullstudy_13
//Subjects=29
-14  -88  36 
-52  8  -4 

//Reference=MNI 
//nullstudy_14
//Subjects=31
-28  -40  66 
-36  46  -8 
-4  -16  4 
-38  40  32 
-34  -62  50 
20  68  20 
-62  -58  -2 
-50  -66  -34 

//Reference=MNI 
//nullstudy_15
//Subjects=30
-38  20  -18 
-48  -22  44 
-12  -68  -40 
-16  -58  -44 
-8  32  24 
-54  -2  -4 
-36  -12  -32 

//Reference=MNI 
//nullstudy_16
//Subjects=30
-34  -52  48 
-54  20  -4 
-8  -88  -18 
-2  -52  24 
-38  -58  20 
-10  16  -8 
-44  -78  12 

//Reference=MNI 
//nullstudy_17
//Subjects=30
-16  -36  -12 
-10  -60  -20 
-58  -26  44 
-52  -38  58 
-34  -74  -4 

//Reference=MNI 
//nullstudy_18
//Subjects=30
-40  -14  14 
-24  -92  -32 
-36  -60  -10 
34  14  40 
20  10  68 

//Reference=MNI 
//nullstudy_19
//Subjects=30
-14  -102  10 
8  68  4 
-54  -42  32 
20  12  14 
-52  -30  18 
-48  -34  -24 

//Reference=MNI 
//nullstudy_20
//Subjects=31
-50  2  4 
-52  4  -2 
-38  6  38 
-46  -66  38 
-4  4  50 
36  34  20 
-36  26  -14 
-8  -24  -8 
-36  18  -14 
-24  64  -10 
-66  -40  14 
18  24  -18 

//Reference=MNI 
//nullstudy_21
//Subjects=32
50  4  40 
-56  -42  -24 
6  48  40 
34  42  34 
-22  50  -16 
22  20  -38 
-44  -56  -42 
-48  18  0 
42  40  -4 
32  18  -26 
-8  -48  -38 
52  14  -14 
-48  -46  -16 
6  16  14 
48  6  -34 
-60  -26  -10 
-42  -38  -26 
-20  -78  42 
-34  -52  52 
8  2  -2 
8  20  -20 
-2  -82  16 
-6  20  50 
-58  -32  -32 
-2  -98  -2 
-46  -32  6 
-36  -38  -26 
-54  38  -4 
-6  -68  56 
14  16  68 
-42  20  50 
32  54  6 
-26  -72  38 
-6  -48  -56 
-14  -64  32 
-10  -70  -48 
-2  8  66 
-26  -70  28 
-20  -58  -52 
-54  -22  -34 
32  18  -30 
-24  -82  -42 
-6  18  58 
-42  26  2 
-4  56  10 
-16  -12  -12 
-36  -4  -14 
28  10  -28 
-36  -56  58 
-44  22  20 
-42  16  -6 
-10  -20  -10 
-6  50  -26 
-22  48  2 
16  24  6 
-26  -68  -54 
-8  -50  -10 
50  4  -8 
-4  10  58 
4  36  36 
6  28  -10 
6  38  -6 
-52  -10  48 
-16  68  -2 
-50  -76  20 
-12  40  14 
14  22  28 

//Reference=MNI 
//nullstudy_22
//Subjects=31
-4  34  -24 
-20  -70  -32 

//Reference=MNI 
//nullstudy_23
//Subjects=30
-32  -64  -58 
-42  -26  58 
20  68  18 
-16  -6  -26 
-18  -56  0 
-40  -12  36 
-26  -38  58 
-6  -12  -2 
-48  -52  -24 

//Reference=MNI 
//nullstudy_24
//Subjects=30
-32  20  -34 
22  36  56 
30  44  4 

//Reference=MNI 
//nullstudy_25
//Subjects=31
38  18  4 
-6  -72  -28 
26  16  52 
-48  -10  24 
14  16  -6 
-6  -58  22 
-8  -46  -18 

//Reference=MNI 
//nullstudy_26
//Subjects=29
-34  -92  16 
-22  18  66 
-58  4  20 
-34  24  10 
-4  16  -10 
-12  50  30 
-26  -66  -10 
6  20  -16 
6  2  70 
32  12  66 
-26  -8  -24 
-40  -52  -50 
38  2  36 
56  4  -26 
-28  -62  -50 

//Reference=MNI 
//nullstudy_27
//Subjects=30
24  4  -8 
0  46  50 
-38  -44  46 

//Reference=MNI 
//nullstudy_28
//Subjects=30
-18  -42  22 
36  18  -14 
-34  -58  -30 
-18  54  14 
22  14  -6 
18  30  -4 
38  2  -46 
-6  48  16 

//Reference=MNI 
//nullstudy_29
//Subjects=30
8  66  30 
-46  14  -8 
-10  -78  2 
-42  42  12 
-24  -10  -34 
-28  -24  -16 

//Reference=MNI 
//nullstudy_30
//Subjects=30
-50  28  -16 
-34  48  30 

//Reference=MNI 
//nullstudy_31
//Subjects=31
-28  50  -12 
-42  -66  20 
-16  -34  -24 
-38  40  28 

//Reference=MNI 
//nullstudy_32
//Subjects=31
-26  -6  72 
-42  -50  52 
2  64  2 
-36  -76  24 
-38  -38  -12 
-2  -16  50 
12  50  48 
-28  -52  -20 
-2  -74  6 
-38  36  44 
4  8  64 
-32  28  34 
-12  -22  72 
-32  -36  44 
-58  -8  18 
-8  -8  58 
22  42  -12 
-20  -72  -54 
-68  -28  -18 
10  16  16 
18  58  -20 
50  38  18 
-38  -46  64 
-28  -56  -54 
-30  -92  6 
-30  54  0 
-54  -10  0 

//Reference=MNI 
//nullstudy_33
//Subjects=31
14  40  2 
-26  -78  -44 
-18  -38  38 
-42  44  -8 
-10  -82  10 
-42  -28  50 
-22  -52  0 
-4  -50  38 
-26  -90  -12 
44  10  46 
-4  -32  60 
-2  12  14 
-60  -28  -30 
-2  -16  48 

//Reference=MNI 
//nullstudy_34
//Subjects=29
-36  -22  20 
-60  -52  -14 
-48  -32  -2 
38  60  4 
-12  0  22 
2  24  66 
-46  -68  -8 

//Reference=MNI 
//nullstudy_35
//Subjects=31
-46  -68  44 
-30  28  -14 
8  34  14 

//Reference=MNI 
//nullstudy_36
//Subjects=29
-8  42  34 
-38  -70  22 
50  20  -26 
-18  -54  18 
-14  -14  22 
-50  -40  -10 
-16  -34  -42 
-40  -30  62 

//Reference=MNI 
//nullstudy_37
//Subjects=29
-28  -92  22 
-10  -94  -20 

//Reference=MNI 
//nullstudy_38
//Subjects=30
-2  20  -4 
-58  -4  10 
-20  34  44 
40  24  14 

//Reference=MNI 
//nullstudy_39
//Subjects=32
-40  -40  -20 
-40  -72  4 
-26  24  8 

//Reference=MNI 
//nullstudy_40
//Subjects=30
-38  -14  -12 
8  30  24 
18  8  -38 
-38  46  20 
-28  -54  46 
32  8  56 
-56  14  -10 
-14  -26  -22 
-16  6  -28 
-14  -98  0 
-10  -40  -58 

//Reference=MNI 
//nullstudy_41
//Subjects=29
-8  -54  20 
-20  -60  -30 

//Reference=MNI 
//nullstudy_42
//Subjects=29
-42  48  2 
-46  4  26 

//Reference=MNI 
//nullstudy_43
//Subjects=29
22  40  44 
-10  -54  -20 
40  2  64 

//Reference=MNI 
//nullstudy_44
//Subjects=29
-6  -70  32 
-10  -56  4 
-14  -54  -14 

//Reference=MNI 
//nullstudy_45
//Subjects=31
-12  -72  56 
26  28  -14 

//Reference=MNI 
//nullstudy_46
//Subjects=28
22  58  8 
-16  -22  6 
-54  -18  0 

//Reference=MNI 
//nullstudy_47
//Subjects=29
6  24  52 
-54  -8  -24 
-10  -28  -18 
-54  28  6 
-4  -4  14 
-36  -84  -12 
-48  -42  -22 
-38  -90  -2 
-58  -44  -22 
4  32  50 
-28  -28  -8 
-14  22  16 
-54  36  8 
-36  -58  -10 

//Reference=MNI 
//nullstudy_48
//Subjects=30
-20  28  -14 
-56  -48  50 

//Reference=MNI 
//nullstudy_49
//Subjects=30
-10  -82  28 
-6  -10  50 

//Reference=MNI 
//nullstudy_50
//Subjects=29
-16  -62  6 
-32  -70  -54 
-22  -24  -10 
-32  -20  20 
-42  -22  56 
-58  -26  52 
-54  -60  8 
-40  -12  -38 

//Reference=MNI 
//nullstudy_51
//Subjects=30
44  46  -14 
-60  -54  8 
-6  -20  76 
-8  4  -16 

//Reference=MNI 
//nullstudy_52
//Subjects=30
-14  -2  -14 
-36  -42  56 

//Reference=MNI 
//nullstudy_53
//Subjects=30
8  48  2 
-4  18  50 
46  48  14 
-26  -58  -62 
-58  2  32 
0  30  0 
-50  -24  22 

//Reference=MNI 
//nullstudy_54
//Subjects=30
16  58  8 
-12  40  2 
-12  -12  42 
-8  -90  -34 

//Reference=MNI 
//nullstudy_55
//Subjects=31
6  68  14 
6  36  -2 
-14  -62  70 

//Reference=MNI 
//nullstudy_56
//Subjects=31
20  50  40 
-2  50  -10 
8  28  38 
-22  -64  64 
-2  52  -14 
-60  -12  38 
-38  -68  -44 

//Reference=MNI 
//nullstudy_57
//Subjects=31
-58  8  6 
-34  -56  28 
-44  -62  -38 
-14  -78  10 
-42  -48  -24 
44  38  10 
-12  8  -26 

//Reference=MNI 
//nullstudy_58
//Subjects=30
-30  -4  -20 
52  18  -4 
-14  -6  -42 
-38  -66  -48 
-2  64  -14 
-32  -72  -14 
42  24  -2 
-54  -2  -40 
-8  -46  12 
34  28  42 
-38  -10  0 
44  12  -32 
-28  10  -34 

//Reference=MNI 
//nullstudy_59
//Subjects=31
-4  -14  -2 
14  34  46 
-22  6  -4 
42  16  32 
-50  -52  -8 
24  20  -16 
62  2  -24 
-10  46  -28 
-30  -12  8 
-32  -68  -34 

//Reference=MNI 
//nullstudy_60
//Subjects=31
-56  -74  2 
-56  -50  50 
-6  34  42 
20  28  48 

//Reference=MNI 
//nullstudy_61
//Subjects=30
-24  -92  20 
40  6  -26 
-36  6  42 
-10  -8  -28 
-62  -48  -6 
2  10  64 
-8  -90  -16 
24  52  2 
28  42  22 
-44  -14  60 

//Reference=MNI 
//nullstudy_62
//Subjects=31
8  50  -6 
-36  -84  -38 
0  10  44 
-16  60  30 
-22  26  40 
8  22  54 
-2  24  18 
-62  -20  -14 
-30  -68  50 
-10  60  28 

//Reference=MNI 
//nullstudy_63
//Subjects=29
16  38  22 
-36  24  26 
-26  -14  58 
-44  -70  14 

//Reference=MNI 
//nullstudy_64
//Subjects=31
18  26  -24 
-56  -34  -14 
-54  32  12 
0  54  38 
14  28  -4 
-16  -84  40 
26  30  36 

//Reference=MNI 
//nullstudy_65
//Subjects=29
-8  16  -10 
-40  16  44 
-8  -22  -30 
-32  24  0 

//Reference=MNI 
//nullstudy_66
//Subjects=30
-40  -22  -26 
-46  -16  34 
22  12  -6 
-6  -14  -34 
14  12  38 
-50  -24  62 
0  18  6 
8  14  0 
-38  -48  -26 
-18  10  72 
-50  -32  8 
-40  -24  66 
-4  -52  -32 

//Reference=MNI 
//nullstudy_67
//Subjects=29
-28  -14  66 
-8  -54  46 
-6  -14  2 

//Reference=MNI 
//nullstudy_68
//Subjects=31
-38  30  10 
0  28  12 
-20  12  48 
-10  -82  4 
-30  2  8 

//Reference=MNI 
//nullstudy_69
//Subjects=29
28  10  -24 
-28  -28  -10 

//Reference=MNI 
//nullstudy_70
//Subjects=32
-40  58  -6 
-34  -70  10 
42  4  30 
-34  40  2 
-58  -26  22 
-16  -58  58 
-4  54  32 
-42  -66  10 
54  14  20 
-36  -30  20 
-22  -60  -32 
-24  -88  38 
50  6  0 
-12  -66  -44 
6  30  32 

//Reference=MNI 
//nullstudy_71
//Subjects=30
-16  18  68 
-12  -66  54 

//Reference=MNI 
//nullstudy_72
//Subjects=31
-34  -78  16 
-52  30  10 
-40  -54  -28 
-40  -16  62 
-24  -68  -58 
-22  -54  -28 
-2  -48  62 
-62  8  8 
-24  -82  28 
-2  -82  34 
-48  -64  50 
-20  -76  32 
-44  -20  54 
4  2  48 
-44  28  28 
-32  -66  -60 
56  10  -16 
-52  -24  -2 
12  30  64 
-36  -50  50 
8  60  -26 
-20  -4  68 
-38  2  -18 

//Reference=MNI 
//nullstudy_73
//Subjects=30
8  58  22 
-12  -18  44 
-48  -58  -10 
-44  -50  28 
-16  -58  -6 

//Reference=MNI 
//nullstudy_74
//Subjects=31
-32  -80  -32 
-42  -52  -26 
12  16  6 
32  40  -22 
-6  -58  -62 
-12  42  10 
10  10  -8 
-14  -38  -28 
4  36  28 
-30  -52  -26 
32  4  -20 

//Reference=MNI 
//nullstudy_75
//Subjects=29
-48  -20  36 
2  20  -24 
28  8  -40 
-28  -8  10 
-8  -50  64 
-8  28  -12 
-40  8  -20 
-62  -26  -22 
-22  -38  74 
-26  -82  -12 
-6  48  -20 
50  10  16 
-36  -54  52 
10  48  -16 
40  2  14 
-4  56  40 
18  28  -26 
-2  -24  68 
-46  32  28 
-66  -14  20 
-66  -16  -16 
-32  -80  -36 
-40  -36  -32 
-18  -94  10 
-58  -70  2 
-4  -82  -10 
-6  0  60 
-10  -4  62 
-28  -62  30 
-6  -78  -10 
-60  2  24 
-30  36  18 
-4  -36  28 
28  54  12 
-8  -72  42 
-14  -50  0 
-8  -66  40 
-4  58  16 
-6  -100  -6 
-42  -48  44 
-4  -60  -26 
-20  56  6 
50  48  -6 
44  4  34 
-4  -84  26 
-14  28  -4 
2  60  2 
-38  -18  -40 
-4  -20  2 
-26  -14  60 
-12  16  -16 
-6  -68  60 
6  10  -28 
54  16  26 
-8  -6  -16 
-54  -42  -22 
-6  -86  24 
-22  -74  46 
-14  -14  24 
-14  -48  -56 
-66  -22  -18 
-38  32  -20 
-36  48  -4 
-58  -50  -2 
-48  14  2 
-36  50  -14 
2  68  -6 
-26  -62  44 
-22  -2  -26 

//Reference=MNI 
//nullstudy_76
//Subjects=31
-52  30  28 
-22  48  -2 
-2  -78  12 
24  20  60 
6  6  36 
-64  -28  -4 

//Reference=MNI 
//nullstudy_77
//Subjects=29
-28  -62  -60 
14  58  14 
-34  2  26 
-16  26  2 
-30  -12  -30 
42  28  46 
-6  -36  44 
48  8  -20 

//Reference=MNI 
//nullstudy_78
//Subjects=30
-28  34  26 
-46  -58  44 
52  42  0 
-48  -26  58 
-62  8  8 
52  8  42 
-32  62  16 
-22  -4  -24 
24  14  62 
-32  4  52 
-32  -68  42 

//Reference=MNI 
//nullstudy_79
//Subjects=29
-24  58  4 
-10  56  -4 
42  56  2 

//Reference=MNI 
//nullstudy_80
//Subjects=30
-40  -52  26 
-64  -42  -16 
-48  32  10 
42  20  -2 
-50  4  -34 
-2  52  -4 
50  34  14 

//Reference=MNI 
//nullstudy_81
//Subjects=31
42  18  -10 
-10  -54  -10 
-10  26  -28 
-8  -74  42 

//Reference=MNI 
//nullstudy_82
//Subjects=30
-34  -14  62 
44  42  -18 
54  4  48 
-2  -44  30 
-20  -62  -42 

//Reference=MNI 
//nullstudy_83
//Subjects=31
-32  2  44 
-30  20  -32 
-10  -52  64 
-20  58  -18 

//Reference=MNI 
//nullstudy_84
//Subjects=29
-44  12  4 
-64  -50  -6 
-34  -44  -26 
-2  32  10 
-50  -10  28 
-6  -66  -36 
-2  -8  28 
-16  4  -42 

//Reference=MNI 
//nullstudy_85
//Subjects=30
-60  -26  0 
-28  24  4 
-54  -42  2 
-28  14  -14 
-14  14  -20 
-8  46  8 
16  44  -8 
-4  62  -2 
-12  -92  -36 
-4  -58  -18 
-22  68  6 
-18  28  -4 
-2  -12  74 
-24  -88  6 
-36  18  -18 
-4  -58  -30 
-66  -4  16 
-22  -40  54 
14  48  40 
-48  40  16 
-28  -82  -40 
34  4  -36 
34  12  -30 
-22  34  42 
-34  32  46 
-38  14  20 
-36  -68  12 
-54  -76  -6 
-8  -34  76 
4  18  34 
-26  -76  26 
14  54  -8 
-32  -70  -12 
10  50  4 
-8  -62  16 
6  18  36 
-6  -22  76 
-44  -58  -14 

//Reference=MNI 
//nullstudy_86
//Subjects=29
-24  -68  -4 
20  14  -24 
-32  -56  -22 
-8  6  22 
-28  -78  -40 

//Reference=MNI 
//nullstudy_87
//Subjects=30
-10  56  18 
-10  10  -24 
-70  -32  -6 
-46  34  26 
-48  -2  48 
-32  58  -8 
-6  -48  58 
-16  -2  -34 
-12  60  30 
40  10  14 
-36  -56  -40 

//Reference=MNI 
//nullstudy_88
//Subjects=31
-36  -84  -28 
-22  -44  -60 
-6  0  68 

//Reference=MNI 
//nullstudy_89
//Subjects=31
38  34  40 
20  14  -20 
-32  -14  -26 
-54  -10  -6 
-28  38  22 

//Reference=MNI 
//nullstudy_90
//Subjects=28
-44  -62  -16 
0  44  16 

//Reference=MNI 
//nullstudy_91
//Subjects=29
-50  -18  -2 
-28  -34  54 
-26  -44  -4 
24  16  58 
-34  -20  -16 
8  44  40 

//Reference=MNI 
//nullstudy_92
//Subjects=29
-62  -34  20 
8  48  46 
-12  -34  -22 
-18  -62  -10 
-48  30  -12 
58  4  -8 
-32  -32  -8 
14  2  14 
-22  -28  52 

//Reference=MNI 
//nullstudy_93
//Subjects=30
-32  -74  18 
48  30  6 
2  52  46 
18  24  2 
-10  8  0 
-38  -34  22 
-12  -26  10 
-42  -60  30 
14  6  64 
-32  -74  -18 
12  58  22 

//Reference=MNI 
//nullstudy_94
//Subjects=29
-42  2  58 
-40  -20  2 

//Reference=MNI 
//nullstudy_95
//Subjects=30
-26  -38  56 
-36  -54  -44 

//Reference=MNI 
//nullstudy_96
//Subjects=29
-34  16  2 
26  16  -34 
-10  22  6 

//Reference=MNI 
//nullstudy_97
//Subjects=29
-42  -30  4 
-10  -2  76 
-20  -44  -40 

//Reference=MNI 
//nullstudy_98
//Subjects=29
-38  -4  12 
-36  -20  -38 
-64  -32  42 
42  30  18 

//Reference=MNI 
//nullstudy_99
//Subjects=29
30  8  0 
-26  22  60 
-22  -48  56 
-44  -40  64 
-42  -16  30 
36  48  -18 

//Reference=MNI 
//nullstudy_100
//Subjects=30
-12  -70  2 
28  24  44 
-22  -56  20 

