//Reference=MNI 
//truestudy_1
//Subjects=10
48  -66  -6 
44  -63  -7 
46  -68  -6 
46  -67  -5 
45  -67  -6 
47  -64  -7 
46  -65  -6 

//Reference=MNI 
//truestudy_2
//Subjects=8
43  -67  -5 
47  -67  -5 

//Reference=MNI 
//truestudy_3
//Subjects=8
47  -65  -5 
46  -64  -7 

//Reference=MNI 
//nullstudy_1
//Subjects=10
12  54  44 
-36  -78  -44 
-42  -30  14 
-22  -96  10 
26  26  -26 
12  32  50 
-28  34  -18 

//Reference=MNI 
//nullstudy_2
//Subjects=8
-10  -72  -32 
-18  -44  54 

//Reference=MNI 
//nullstudy_3
//Subjects=8
-18  -38  46 
-24  42  14 

//Reference=MNI 
//nullstudy_4
//Subjects=11
-24  -44  -54 
-12  -4  38 
-30  -94  -4 
-26  -96  -2 
44  6  46 
-26  62  2 
60  6  38 
-26  54  18 
-52  -70  -38 
-6  -36  70 
-26  30  36 
-24  -62  -62 
-42  -50  -52 

//Reference=MNI 
//nullstudy_5
//Subjects=10
16  44  8 
-54  -34  18 
-60  -52  -6 
-14  -46  0 

//Reference=MNI 
//nullstudy_6
//Subjects=9
0  32  -14 
-20  -42  -34 

//Reference=MNI 
//nullstudy_7
//Subjects=8
34  28  -10 
-68  -20  18 

//Reference=MNI 
//nullstudy_8
//Subjects=9
-22  22  52 
-32  2  -10 

//Reference=MNI 
//nullstudy_9
//Subjects=11
-62  8  12 
-22  -94  -2 
-14  -8  26 
-38  0  10 
50  24  44 
-22  -30  56 
-44  -12  -30 
-58  -66  26 
-60  -8  6 
-6  -90  -22 

//Reference=MNI 
//nullstudy_10
//Subjects=11
-62  -16  -24 
-42  -86  18 
36  46  -10 
-30  20  -24 
-8  24  -22 
44  2  0 
-10  0  -10 
-34  -82  36 
-40  18  50 
-22  -68  6 

//Reference=MNI 
//nullstudy_11
//Subjects=10
-26  -48  6 
-40  -26  56 
-24  -56  12 
-26  -2  -26 

//Reference=MNI 
//nullstudy_12
//Subjects=12
-30  -72  56 
-42  -82  -28 
-42  38  -16 
-26  -20  56 
-4  -44  -62 
0  26  -12 
-24  -84  -46 
48  22  36 
-12  -68  60 
-22  34  46 
-44  48  -12 
-16  68  -12 
-48  -58  -32 
-26  54  12 
-50  -72  6 
-26  -92  22 
-54  -2  -26 
-2  -4  -20 
-22  -76  42 
-38  -14  62 

//Reference=MNI 
//nullstudy_13
//Subjects=11
-48  -2  -28 
-24  -78  -56 
-38  -78  20 
-12  6  -20 
-28  -88  -12 
-54  -34  56 
-36  -84  14 
-50  2  20 
-32  12  6 
-44  54  -2 
-52  -26  -10 

//Reference=MNI 
//nullstudy_14
//Subjects=10
-40  -86  28 
-56  0  42 
-34  48  -20 
-20  0  -48 
54  6  42 
34  34  12 
-56  -30  42 
-16  -32  46 

//Reference=MNI 
//nullstudy_15
//Subjects=11
-8  -64  -52 
-18  -30  18 
-56  0  -4 
-58  -70  2 
-2  -28  70 
-38  -18  54 
8  64  24 
-6  26  -10 
-36  8  -20 
-50  4  -36 
-2  26  18 
-18  -68  -12 

//Reference=MNI 
//nullstudy_16
//Subjects=9
4  44  6 
-36  -18  -34 
-42  -22  -2 

//Reference=MNI 
//nullstudy_17
//Subjects=11
24  2  12 
-10  10  4 
-6  44  50 
-52  -20  44 
28  4  60 
-12  -52  -16 
-42  -42  -52 

//Reference=MNI 
//nullstudy_18
//Subjects=10
-18  -64  16 
-24  -40  -12 
-30  -44  -32 
-48  -42  28 
-36  56  -2 

//Reference=MNI 
//nullstudy_19
//Subjects=10
-22  -100  -8 
12  10  70 
-28  -74  -22 
-26  -20  54 

//Reference=MNI 
//nullstudy_20
//Subjects=9
-4  8  6 
-42  -14  20 

//Reference=MNI 
//nullstudy_21
//Subjects=8
-16  -14  -14 
-28  -42  36 

//Reference=MNI 
//nullstudy_22
//Subjects=11
-32  -66  -56 
-10  -64  -42 
-48  -14  50 
-12  26  -20 
-6  -78  -24 
-16  10  18 
46  2  -28 
0  12  64 
-16  -46  -56 
-48  -22  34 
-42  -50  -14 
-44  0  -36 
-14  -90  -30 
46  6  -20 
-18  -74  -4 

//Reference=MNI 
//nullstudy_23
//Subjects=9
-12  -22  -22 
0  48  -22 
-20  -102  2 

//Reference=MNI 
//nullstudy_24
//Subjects=10
-4  28  -16 
-26  -102  -10 
12  16  52 

//Reference=MNI 
//nullstudy_25
//Subjects=11
-42  -66  22 
18  48  32 
40  46  20 
-6  -36  72 
-52  8  -24 
50  14  34 
-46  48  6 
-36  -80  -6 
-44  2  -38 
34  38  42 
-14  -80  42 
-34  -22  46 
-34  62  8 
-12  -20  20 
-34  -66  -46 

//Reference=MNI 
//nullstudy_26
//Subjects=13
-4  -82  20 
-20  -22  2 
-40  6  32 
-4  -42  28 
42  12  -36 
-54  14  -12 
-42  -48  54 
-34  46  6 
-46  10  8 
32  6  66 
44  2  28 
-20  -44  -24 
-12  -42  54 
-34  -82  34 
32  28  10 
-42  -28  66 
-32  -80  -34 
-34  24  12 
-30  -64  -62 
-8  46  2 
-14  -98  -22 
-8  32  -6 
-34  2  40 
-52  8  6 
-52  -42  14 
-28  -38  8 
-34  16  8 
-24  -52  -20 
64  12  18 
-4  -42  46 
-22  58  28 

//Reference=MNI 
//nullstudy_27
//Subjects=10
-10  28  60 
-14  -62  4 
-10  22  62 
-38  46  18 
-34  6  -40 
-26  -64  -56 
-50  -64  -40 
-46  -50  22 
-8  -6  50 

//Reference=MNI 
//nullstudy_28
//Subjects=10
-40  40  10 
-44  -8  -46 
-38  -52  56 
-24  -98  12 
32  10  40 
18  50  36 
-52  -26  4 

//Reference=MNI 
//nullstudy_29
//Subjects=9
26  66  16 
2  46  -30 

//Reference=MNI 
//nullstudy_30
//Subjects=10
-40  -20  36 
-38  32  -14 
-8  -74  -50 
-66  -24  -4 
-64  -56  -2 

//Reference=MNI 
//nullstudy_31
//Subjects=10
-12  -32  46 
-36  8  -46 
-16  36  38 
62  6  -22 
-8  -46  -40 
-40  -2  -16 
-66  -8  4 
-54  -12  -18 

//Reference=MNI 
//nullstudy_32
//Subjects=11
-10  36  -30 
34  8  -34 
-34  -16  -16 
-4  -42  -20 
-2  -38  -30 
-10  54  32 
18  52  -4 
30  16  -28 

//Reference=MNI 
//nullstudy_33
//Subjects=10
-4  -14  -20 
10  36  36 
-20  -76  -26 
-24  42  30 
40  8  26 
8  26  58 

//Reference=MNI 
//nullstudy_34
//Subjects=11
-68  -16  24 
-50  -66  -20 
-30  -36  62 
-10  -38  -2 
-10  -4  40 
-52  -18  52 
-46  30  18 
-6  -78  54 

//Reference=MNI 
//nullstudy_35
//Subjects=10
-38  -74  8 
-46  8  46 
-36  -6  56 
-50  30  16 
-12  58  22 

//Reference=MNI 
//nullstudy_36
//Subjects=8
-54  -54  -14 
-28  -46  -36 

//Reference=MNI 
//nullstudy_37
//Subjects=8
-34  -52  46 
6  62  0 

//Reference=MNI 
//nullstudy_38
//Subjects=10
-54  -28  24 
-16  -86  -28 
32  10  -42 
-62  -14  2 
-50  -76  2 

//Reference=MNI 
//nullstudy_39
//Subjects=10
-44  42  28 
-40  -50  32 
24  60  24 
-50  28  26 
54  12  40 
-24  -56  0 

//Reference=MNI 
//nullstudy_40
//Subjects=10
-6  38  -18 
42  10  -34 
62  18  16 

//Reference=MNI 
//nullstudy_41
//Subjects=11
-48  4  8 
42  26  -16 
-12  -68  -50 
-48  -64  -6 
-50  -64  28 
-8  50  6 
-62  -24  12 
24  58  0 
-42  6  24 
-28  58  -16 

//Reference=MNI 
//nullstudy_42
//Subjects=10
12  16  68 
-52  -36  14 
-8  50  20 
38  38  -20 
-16  -44  60 
-14  -62  -12 
-32  6  -12 

//Reference=MNI 
//nullstudy_43
//Subjects=10
-58  -36  18 
-24  -82  46 
-28  8  -2 
-60  -22  8 
-42  52  -14 
-32  -82  40 
-40  40  30 

//Reference=MNI 
//nullstudy_44
//Subjects=10
-4  6  56 
-28  52  0 
0  38  -30 
-14  14  -24 
-24  -96  -2 

//Reference=MNI 
//nullstudy_45
//Subjects=11
2  66  22 
-20  -66  -24 
-44  -44  14 
-40  -66  -44 
-26  -78  -38 
-56  -64  2 
-60  -4  -28 

//Reference=MNI 
//nullstudy_46
//Subjects=13
-20  -32  8 
6  26  -26 
-28  22  14 
-52  40  -10 
-12  -44  -60 
-6  -26  42 
-62  -26  32 
-2  20  18 
-26  0  -18 
-60  -8  -34 
50  12  30 
-18  30  2 
48  36  8 
28  48  30 
-52  34  22 
-38  14  42 
-52  2  34 
-66  -30  -24 
54  4  -38 
48  2  -44 
-30  38  44 
-38  -72  16 
-10  26  42 
-32  -28  62 
4  62  -22 
-2  -12  6 
-38  -8  -44 
-20  -42  -26 
50  8  36 
-14  -70  38 
36  60  12 
-64  -58  -8 
-20  -56  -34 
-12  -36  76 
32  22  42 
20  54  -16 
0  50  22 
36  52  10 
-56  2  -6 
-50  -42  14 
-42  -26  54 
-36  -60  46 

//Reference=MNI 
//nullstudy_47
//Subjects=11
-20  44  26 
-36  -72  28 
-8  -58  54 
-34  -70  -56 
-60  -54  22 
-62  -16  -34 
-12  -82  -8 
-64  -52  30 
2  68  16 
-42  -48  40 
-24  -36  74 
24  40  36 

//Reference=MNI 
//nullstudy_48
//Subjects=11
-56  -34  30 
-26  -46  -52 
18  6  -36 
-34  -52  -36 
26  18  -2 
-34  -38  -30 
-26  16  -2 
48  4  50 
-56  -62  -14 

//Reference=MNI 
//nullstudy_49
//Subjects=10
-18  -44  70 
-32  24  -22 
-32  -52  -52 
-2  -76  38 
-14  12  -14 

//Reference=MNI 
//nullstudy_50
//Subjects=10
-32  -36  -12 
-44  -70  -30 
-12  66  -4 
-4  44  14 
-20  -44  18 
-22  -62  -62 

//Reference=MNI 
//nullstudy_51
//Subjects=11
-36  -26  62 
-34  -32  -28 
-40  -2  16 
-38  -22  -4 
40  4  -34 
-14  -38  10 
8  24  26 
-66  -32  20 
-16  -58  -24 

//Reference=MNI 
//nullstudy_52
//Subjects=11
-24  -58  16 
-10  -20  40 
-8  -68  20 
-6  -62  24 
-28  18  -16 
-20  -84  38 
20  14  -18 
34  6  -40 

//Reference=MNI 
//nullstudy_53
//Subjects=10
-60  -44  46 
-34  -54  0 
0  62  -18 
40  18  -24 
18  66  8 
-32  -24  2 
-40  -36  68 
12  72  12 

//Reference=MNI 
//nullstudy_54
//Subjects=10
-54  -4  24 
-54  -34  -16 
-42  -48  32 
22  20  -26 
-30  -62  -54 
-70  -30  0 
-50  0  28 
4  14  28 
-26  -92  14 
-62  -54  0 
-4  -14  -16 
-56  -46  -22 
12  66  -16 
40  30  50 
16  50  -24 
-28  24  -22 
-20  46  42 
-58  8  22 
-24  -92  2 
-8  -60  8 
34  28  26 
-20  32  36 
-36  -18  18 
-22  -56  -16 
0  32  56 
-26  24  56 

//Reference=MNI 
//nullstudy_55
//Subjects=11
-62  -6  -24 
-24  -96  14 
-48  30  8 
-8  66  8 
30  58  4 
-2  -42  -34 
-10  -72  -24 
-50  -28  12 
-40  -34  -22 
-20  -62  52 
62  14  10 

//Reference=MNI 
//nullstudy_56
//Subjects=12
-36  -64  -34 
46  12  20 
-34  -60  -44 
-32  -80  40 
-32  0  -30 
-42  38  26 
-16  -60  -40 
-8  -100  -2 
-10  24  30 
-34  -62  -18 
34  4  -18 
-18  -14  28 
-12  2  -24 
-26  2  60 
4  56  -4 
-22  -78  -12 

//Reference=MNI 
//nullstudy_57
//Subjects=9
-22  26  46 
-16  -84  -12 
-24  2  -36 

//Reference=MNI 
//nullstudy_58
//Subjects=9
-20  -84  -24 
24  12  66 
-22  -86  -28 
48  22  -18 

//Reference=MNI 
//nullstudy_59
//Subjects=8
-10  -16  52 
-2  -86  -18 

//Reference=MNI 
//nullstudy_60
//Subjects=10
-68  -26  -2 
-64  -2  -18 
34  12  0 
-2  -46  42 
2  32  -24 
8  28  -12 
-32  -64  -42 

//Reference=MNI 
//nullstudy_61
//Subjects=10
-34  12  -18 
16  64  8 
24  28  56 
-34  -58  28 

//Reference=MNI 
//nullstudy_62
//Subjects=10
14  24  30 
-36  -72  -36 
-12  -64  -8 
-58  -56  -14 
-34  -24  -26 
-8  40  2 

//Reference=MNI 
//nullstudy_63
//Subjects=9
56  24  34 
-2  48  42 

//Reference=MNI 
//nullstudy_64
//Subjects=9
48  34  16 
-4  -78  26 
-4  22  62 

//Reference=MNI 
//nullstudy_65
//Subjects=11
-54  -30  44 
-50  -2  26 
-4  -88  28 
26  54  -10 
22  20  -8 
-16  -80  -30 
-40  -88  12 
-48  46  0 
-26  22  40 
-52  -16  34 
-54  -24  -34 
-52  -10  -18 
-42  -64  -40 
-64  -26  14 

//Reference=MNI 
//nullstudy_66
//Subjects=11
-14  -100  14 
-28  60  -2 
0  42  -30 
-4  -4  -28 
-10  -30  62 
44  18  -18 
42  12  42 
-16  -18  6 
66  4  14 
-32  -20  70 

//Reference=MNI 
//nullstudy_67
//Subjects=11
-48  6  32 
-48  2  -8 
24  6  48 
-2  40  14 
2  30  2 
-22  -38  -32 
-60  16  18 
24  6  68 
2  8  58 
-30  -50  8 
-38  6  34 
36  14  50 
34  24  4 
-62  -22  -10 

//Reference=MNI 
//nullstudy_68
//Subjects=10
-14  -84  -48 
10  58  -26 
-32  46  16 
-50  -12  42 
-52  38  -12 
-18  -36  -16 
-24  -18  -22 
-70  -22  -16 

//Reference=MNI 
//nullstudy_69
//Subjects=11
-40  24  28 
-16  -38  64 
-2  -34  26 
-46  -2  36 
-66  -26  22 
-24  -58  -52 
40  54  -6 
-40  -72  -18 
58  32  2 
4  28  58 
54  2  50 
-18  -64  -38 
12  64  -6 
-32  10  -36 
-14  -36  -46 
10  6  -8 
-18  32  56 
-28  -48  -30 
-26  -32  64 
-30  -36  -50 
-12  -30  20 
40  46  -6 

//Reference=MNI 
//nullstudy_70
//Subjects=10
38  48  -2 
-12  24  4 
-10  -86  38 
2  48  28 
-46  -26  56 
-26  30  6 
6  42  52 
-50  -74  18 
34  46  16 

//Reference=MNI 
//nullstudy_71
//Subjects=12
-52  -56  -32 
-10  -94  -8 
-20  -52  -58 
-48  26  -12 
-34  -62  36 
30  20  58 
20  50  28 
-8  -2  56 
6  16  2 
-6  -74  -36 
-60  -38  2 
-8  -70  46 
-36  -2  -10 
-48  -12  -44 
-20  -50  -2 
-48  -66  -18 
48  16  16 
-56  -18  -40 
-26  -14  -42 
28  16  -38 
-14  -4  -30 
-34  22  -14 
-28  30  6 
-42  -82  4 
-16  -42  74 
44  38  22 
-4  -20  74 
-20  -34  14 
50  12  -32 
-54  -74  12 
-12  6  22 
-28  38  32 
-22  -80  -26 
52  22  -2 
-34  -68  -50 
-22  -70  -32 
56  8  20 
-16  68  8 
-4  -54  -44 
-18  -24  -4 
-48  -68  20 
-8  58  0 
-46  16  16 
-6  -36  -30 
-20  46  20 
-44  2  54 
-16  -96  -16 
-52  6  -40 
14  6  -34 
-10  38  -26 
52  8  -28 
-54  -18  46 

//Reference=MNI 
//nullstudy_72
//Subjects=11
40  12  -32 
-2  52  6 
6  38  14 
-30  -2  -34 
-62  -40  -22 
-54  -54  -18 
-38  -38  10 
-10  -40  -44 
-50  -82  2 
-34  -86  18 
-62  -62  18 
-32  -44  -52 
-34  8  16 
8  56  6 

//Reference=MNI 
//nullstudy_73
//Subjects=10
-6  36  -20 
-58  -18  -8 
32  50  26 
-26  42  42 
-26  10  52 
-28  26  56 
-8  -54  66 
-26  -92  30 
0  10  4 

//Reference=MNI 
//nullstudy_74
//Subjects=9
-4  -10  -6 
34  50  0 

//Reference=MNI 
//nullstudy_75
//Subjects=8
-20  50  36 
40  2  30 

//Reference=MNI 
//nullstudy_76
//Subjects=10
-46  8  -4 
-42  52  10 
-10  -44  -54 
62  14  28 
0  34  16 

//Reference=MNI 
//nullstudy_77
//Subjects=9
-16  -84  -34 
14  18  8 

//Reference=MNI 
//nullstudy_78
//Subjects=9
-28  -88  28 
-26  50  40 
-16  36  36 

//Reference=MNI 
//nullstudy_79
//Subjects=10
-40  -12  -40 
-30  -16  64 
-20  -26  62 
-48  2  48 
-36  -6  -18 
-34  -2  8 
-4  -76  40 
-6  6  62 
-30  -78  32 
-4  66  0 

//Reference=MNI 
//nullstudy_80
//Subjects=9
-28  -80  -14 
-30  -86  16 
14  50  26 

//Reference=MNI 
//nullstudy_81
//Subjects=11
-40  -86  24 
-4  44  26 
12  36  34 
-8  -90  -40 
-18  -56  46 
-40  44  8 
-36  12  -10 
4  30  -14 
50  2  14 
-30  20  -32 

//Reference=MNI 
//nullstudy_82
//Subjects=9
-44  -66  20 
-48  38  4 
-30  56  -18 

//Reference=MNI 
//nullstudy_83
//Subjects=10
-40  -30  -30 
-36  -36  -34 
14  32  24 
-18  -36  58 
24  48  -10 
-56  12  -12 

//Reference=MNI 
//nullstudy_84
//Subjects=9
-42  -34  52 
46  28  -12 
50  6  26 
-36  -66  2 

//Reference=MNI 
//nullstudy_85
//Subjects=9
-20  -2  -38 
38  52  -10 

//Reference=MNI 
//nullstudy_86
//Subjects=9
-28  22  10 
-10  12  -16 

//Reference=MNI 
//nullstudy_87
//Subjects=10
-24  -78  -34 
-62  -56  -14 
-40  2  -22 
22  32  -16 
-44  -80  -30 
-48  -76  18 

//Reference=MNI 
//nullstudy_88
//Subjects=9
-32  34  -16 
-28  34  36 

//Reference=MNI 
//nullstudy_89
//Subjects=8
-26  -66  26 
64  12  14 
8  36  38 

//Reference=MNI 
//nullstudy_90
//Subjects=9
-48  -76  16 
38  18  56 
-32  10  64 

//Reference=MNI 
//nullstudy_91
//Subjects=10
-6  -84  20 
-32  -36  40 
-4  -70  -32 
-16  46  -14 
40  20  54 
-8  6  52 

//Reference=MNI 
//nullstudy_92
//Subjects=11
-36  6  -32 
16  22  -18 
-40  -14  6 
26  22  46 
-36  -86  10 
-6  42  24 
-28  62  8 
-42  -12  14 
36  26  18 
-14  -4  -18 
18  14  -36 
-62  -26  4 
-46  34  36 
10  68  12 
-38  -82  32 
-2  -50  0 
-62  -24  46 
-4  -12  74 

//Reference=MNI 
//nullstudy_93
//Subjects=8
14  32  44 
-6  -78  -32 

//Reference=MNI 
//nullstudy_94
//Subjects=10
-48  -18  -30 
-12  20  -8 
-30  -82  20 
-8  -4  48 

//Reference=MNI 
//nullstudy_95
//Subjects=10
-34  -56  -36 
-54  26  26 
-60  -64  6 
-24  -28  66 
-18  -24  -12 
-36  -82  12 

//Reference=MNI 
//nullstudy_96
//Subjects=11
-32  16  12 
-26  -76  28 
-44  20  46 
34  16  -14 
-8  -62  14 
54  30  30 
-2  -2  64 

//Reference=MNI 
//nullstudy_97
//Subjects=11
38  16  36 
-26  -28  58 
-30  -58  -40 
-48  12  8 
-46  -28  6 
0  20  46 
-4  -78  -18 
20  2  -46 
-38  -44  -42 
-2  -52  -24 
-36  46  6 
-12  -48  6 
-42  -76  44 
-46  10  14 

//Reference=MNI 
//nullstudy_98
//Subjects=10
-46  44  18 
-22  -64  34 
-68  -12  20 
-18  -6  -20 

//Reference=MNI 
//nullstudy_99
//Subjects=11
-52  -32  48 
-34  -22  -18 
-24  -44  -40 
-18  -46  -28 
-42  -66  -58 
50  2  36 
52  2  4 
-26  -82  26 
-20  28  52 
-46  20  4 
6  32  -12 
-4  -28  28 
-20  -28  -2 
34  12  6 
12  26  -20 
-46  -52  -28 
-20  -58  -22 
-28  -96  2 
-36  -52  -28 
0  56  -26 
-22  -32  16 
-24  30  -14 
-6  6  0 
-4  36  34 
-12  -48  -8 
-60  6  18 
48  2  -4 
-14  -82  8 
54  40  -2 

//Reference=MNI 
//nullstudy_100
//Subjects=10
-22  -60  -60 
-50  -70  -4 
-26  12  0 
22  14  -26 
-52  -68  -10 

