//Reference=MNI 
//truestudy_1
//Subjects=10
49  -68  -7 
47  -66  -6 
46  -65  -6 
47  -68  -6 
46  -67  -7 

//Reference=MNI 
//truestudy_2
//Subjects=10
47  -66  -6 
47  -66  -7 
46  -65  -4 
45  -66  -7 
47  -67  -5 
46  -65  -5 

//Reference=MNI 
//truestudy_3
//Subjects=9
48  -66  -6 
46  -66  -6 

//Reference=MNI 
//nullstudy_1
//Subjects=10
-16  4  72 
56  2  24 
-8  10  -6 
-48  -58  30 
-46  -44  -12 

//Reference=MNI 
//nullstudy_2
//Subjects=10
10  26  62 
-28  -14  56 
-58  -66  4 
-10  -100  -14 
14  14  40 
10  68  -4 

//Reference=MNI 
//nullstudy_3
//Subjects=9
-24  -10  64 
46  42  12 

//Reference=MNI 
//nullstudy_4
//Subjects=9
-32  -12  16 
52  34  -4 

//Reference=MNI 
//nullstudy_5
//Subjects=10
-10  -28  76 
12  24  6 
-18  -58  -62 
-4  42  -26 
8  28  18 
-60  6  -4 
-46  -30  -24 
-58  22  4 

//Reference=MNI 
//nullstudy_6
//Subjects=9
-56  4  26 
-26  22  38 
-54  -76  -4 

//Reference=MNI 
//nullstudy_7
//Subjects=11
54  14  -4 
-36  -90  16 
-8  12  34 
14  44  -28 
28  44  -16 
-50  -22  50 
-22  -82  2 
-28  -38  50 
50  20  18 
-44  -60  42 
-46  -72  -18 
-20  -64  -44 

//Reference=MNI 
//nullstudy_8
//Subjects=9
-34  -72  28 
4  38  36 

//Reference=MNI 
//nullstudy_9
//Subjects=9
-28  -44  -32 
-8  70  18 
-4  -98  -4 

//Reference=MNI 
//nullstudy_10
//Subjects=12
-8  -14  6 
-34  36  30 
32  10  6 
-56  16  32 
-2  4  -32 
-46  -2  -2 
-10  -28  -38 
-36  -22  36 
-24  -16  58 
-44  18  18 
-56  -10  -26 
-4  -68  -54 
-40  -40  64 
-14  -30  78 
56  26  20 

//Reference=MNI 
//nullstudy_11
//Subjects=10
-4  -4  66 
-2  -18  34 
-14  0  24 

//Reference=MNI 
//nullstudy_12
//Subjects=10
4  48  -2 
-48  -64  -48 
-10  -40  -48 
-12  -40  34 
-10  -78  -44 
-42  -38  46 
-30  -48  2 

//Reference=MNI 
//nullstudy_13
//Subjects=11
14  36  44 
-22  -74  34 
4  56  -14 
-20  -4  54 
14  46  -18 
-50  34  26 
-22  -70  -4 
-36  -68  -54 

//Reference=MNI 
//nullstudy_14
//Subjects=10
-66  -40  -12 
36  28  2 
-30  24  -18 
-22  -8  -18 

//Reference=MNI 
//nullstudy_15
//Subjects=10
62  2  6 
-52  -22  56 
-26  2  56 
-20  24  50 
-42  -14  12 
-22  -64  -62 

//Reference=MNI 
//nullstudy_16
//Subjects=9
-20  -4  -44 
18  32  48 
-36  40  42 

//Reference=MNI 
//nullstudy_17
//Subjects=9
-16  -48  56 
-14  -90  -4 

//Reference=MNI 
//nullstudy_18
//Subjects=11
-30  -86  -26 
-2  -70  42 
-24  60  -10 
-46  -10  16 
16  12  -36 
-6  48  20 
-12  -34  -44 
-18  18  -2 
-4  12  66 
-30  4  -44 

//Reference=MNI 
//nullstudy_19
//Subjects=8
-30  2  -8 
2  64  2 

//Reference=MNI 
//nullstudy_20
//Subjects=8
-6  -10  52 
-36  -40  -42 

//Reference=MNI 
//nullstudy_21
//Subjects=11
-8  -76  -26 
-34  46  26 
8  40  0 
-30  -64  -16 
-10  -80  -24 
-64  -22  -32 
-10  -90  -24 
-4  58  32 

//Reference=MNI 
//nullstudy_22
//Subjects=9
34  42  -14 
-48  22  40 

//Reference=MNI 
//nullstudy_23
//Subjects=11
-10  4  58 
-66  -40  14 
-48  -64  -10 
-40  18  32 
-14  -26  -36 
-22  -94  20 
-12  -86  -8 
-56  -54  24 
-20  -76  2 
22  12  44 

//Reference=MNI 
//nullstudy_24
//Subjects=11
-14  46  -24 
42  16  52 
-6  -78  -20 
34  36  -12 
-42  4  -42 
-36  46  -2 
-16  68  14 

//Reference=MNI 
//nullstudy_25
//Subjects=8
-22  -36  70 
-50  -62  -18 

//Reference=MNI 
//nullstudy_26
//Subjects=12
-24  -52  58 
-52  -68  6 
60  16  26 
-34  28  -20 
-38  -58  -34 
-54  -30  32 
-10  -50  -4 
-8  20  -10 
58  22  30 
48  18  48 
16  18  50 
16  2  76 
-54  -10  22 
-40  -62  50 
24  20  -30 
-34  46  22 
-14  -86  2 
-18  -42  22 
4  50  -28 
-14  -54  22 
-32  -58  -16 
12  44  -26 
50  16  -36 
-66  -22  8 
-48  -48  18 
-22  34  28 
-28  -42  52 
-10  8  34 
44  20  54 
-38  -2  34 
-18  64  22 
-24  8  8 
-34  -32  42 
6  16  70 
-10  48  14 
-8  -40  -44 
-22  -58  6 
42  44  -2 
24  22  -24 
-52  -50  24 
10  16  44 
30  4  -14 
-12  -76  32 
-44  28  4 
-10  -54  8 
-12  -90  38 
-40  -60  16 
-2  46  16 
-44  14  -4 
-4  52  40 
-12  -76  -38 
-50  -56  -16 
12  36  56 
-60  -44  36 
-8  34  60 
-26  -50  -18 
-40  -48  18 
-12  -86  -44 
-30  -72  -2 
-50  -74  -28 
6  38  24 
-28  -84  -46 

//Reference=MNI 
//nullstudy_27
//Subjects=9
-22  -28  6 
-28  -56  10 

//Reference=MNI 
//nullstudy_28
//Subjects=9
-54  -32  22 
-50  -58  30 
-4  -52  -30 
40  32  4 
-14  54  -14 
-2  -52  28 

//Reference=MNI 
//nullstudy_29
//Subjects=11
-52  -4  20 
22  12  -20 
-6  -16  64 

//Reference=MNI 
//nullstudy_30
//Subjects=11
-62  -32  10 
-20  -80  -8 
8  38  50 
-20  -48  56 
20  50  -14 
-24  -86  -42 
-18  -98  22 
6  16  34 
22  2  -50 
-56  -66  24 
4  34  8 
-48  -64  -28 
-46  -52  22 

//Reference=MNI 
//nullstudy_31
//Subjects=10
26  32  40 
-60  -48  42 
-52  -16  50 
-42  22  40 
-14  -28  42 
-6  -98  4 
28  52  38 
-36  -60  -4 
-56  -20  22 
-26  22  -16 

//Reference=MNI 
//nullstudy_32
//Subjects=10
-12  -22  -10 
14  2  -2 
12  16  30 
40  18  12 
-30  2  -34 

//Reference=MNI 
//nullstudy_33
//Subjects=8
-14  -84  -6 
2  34  58 
-40  16  32 
-28  -74  -10 
48  16  52 
-12  -80  20 

//Reference=MNI 
//nullstudy_34
//Subjects=10
-48  2  -4 
-42  -46  54 

//Reference=MNI 
//nullstudy_35
//Subjects=8
34  14  14 
-18  -26  2 
-8  -46  56 

//Reference=MNI 
//nullstudy_36
//Subjects=11
-40  -58  -54 
36  16  40 

//Reference=MNI 
//nullstudy_37
//Subjects=10
-2  -90  -24 
-58  -18  -34 
-22  -26  54 
-36  -62  38 
-56  -16  20 
-8  -66  -10 
6  58  -6 
-48  -36  36 
-16  -52  -26 
-46  -62  24 
-2  66  12 
16  12  -8 
-26  -86  -26 
-26  -38  4 

//Reference=MNI 
//nullstudy_38
//Subjects=8
-50  -68  16 
-12  -78  16 
-52  -10  34 
-16  -70  -60 
-48  10  -32 
58  2  30 

//Reference=MNI 
//nullstudy_39
//Subjects=8
-36  -44  -48 
12  14  -12 

//Reference=MNI 
//nullstudy_40
//Subjects=11
-8  -76  40 
-50  -58  -4 
2  40  4 

//Reference=MNI 
//nullstudy_41
//Subjects=10
-32  42  6 
-16  -106  -4 
62  14  18 
-14  -56  54 
40  14  8 
-20  -8  66 
-54  -56  -32 
-42  -16  14 
-48  14  32 
-20  -66  52 

//Reference=MNI 
//nullstudy_42
//Subjects=10
-10  24  52 
-12  -68  -20 
-42  -86  12 
-60  10  0 
-38  -64  40 
-34  -40  46 
-52  -2  52 
-26  -94  18 
-50  -38  12 
-6  16  4 
-18  -40  22 

//Reference=MNI 
//nullstudy_43
//Subjects=9
-6  -86  -12 
-8  52  20 
-32  -76  34 
56  12  -8 
-44  -18  -32 

//Reference=MNI 
//nullstudy_44
//Subjects=9
-58  -44  30 
-30  -60  -18 
-14  -24  12 

//Reference=MNI 
//nullstudy_45
//Subjects=9
-36  50  -16 
24  4  66 

//Reference=MNI 
//nullstudy_46
//Subjects=9
36  20  -4 
-18  -64  -44 
40  24  52 
-34  10  52 

//Reference=MNI 
//nullstudy_47
//Subjects=13
-4  -70  -26 
-18  -54  -6 

//Reference=MNI 
//nullstudy_48
//Subjects=11
-40  -64  26 
6  64  20 
-48  -72  12 
-6  -32  -20 
-34  -52  38 
-8  -104  2 
-66  -42  22 
-26  58  -16 
-34  6  -20 
-18  -28  58 
-44  -36  46 
-44  -76  -20 
-16  -44  54 
-44  8  -28 
54  22  36 
-56  -52  -12 
-48  -70  -8 
-14  20  6 
8  54  40 
64  8  24 
-50  -62  -4 

//Reference=MNI 
//nullstudy_49
//Subjects=10
-10  38  42 
-2  -62  50 
44  42  -18 
-12  -88  -28 
32  44  30 
-6  -44  30 
-16  -82  -28 

//Reference=MNI 
//nullstudy_50
//Subjects=11
-50  12  -20 
-14  4  -6 
-44  46  -16 
26  20  -40 
-38  -8  62 

//Reference=MNI 
//nullstudy_51
//Subjects=10
30  22  56 
-26  50  10 
-12  -64  42 
-40  -30  44 
-10  -76  56 
10  20  -18 
-34  -52  -22 
-24  -26  -22 
54  16  -10 
-28  -84  -36 

//Reference=MNI 
//nullstudy_52
//Subjects=11
36  8  -40 
-22  -62  20 
-28  -2  -44 
14  44  50 

//Reference=MNI 
//nullstudy_53
//Subjects=10
-40  -34  58 
-10  52  10 
-36  -56  50 
-22  -96  -16 
-28  14  62 
-46  -30  26 
-34  14  26 
-30  -92  0 
-14  28  2 
-48  -68  -46 
36  4  -46 
-46  -60  38 
-66  -22  2 
-28  -44  44 
-24  -72  -40 
52  18  34 
-46  28  18 
12  56  4 
-4  38  38 
-8  -42  -64 
-30  -16  -8 
-20  -30  -2 
62  6  28 
-16  -28  62 
8  40  34 
-20  -80  -46 
46  14  -34 
-18  -84  38 
-10  -22  -32 
-40  -48  38 
22  54  2 
12  28  -14 
-46  -48  -10 
50  28  -10 
-4  66  8 
-36  -56  -56 
42  22  50 
-56  -30  -22 
-16  -52  50 
-24  60  20 
-4  50  36 

//Reference=MNI 
//nullstudy_54
//Subjects=9
20  56  36 
-16  -28  -18 
-44  -2  50 
-12  -60  -4 
40  46  -2 

//Reference=MNI 
//nullstudy_55
//Subjects=9
-2  -16  -4 
-4  -36  6 
-8  -38  70 

//Reference=MNI 
//nullstudy_56
//Subjects=10
10  36  46 
-26  12  4 
-10  -94  2 
2  6  28 

//Reference=MNI 
//nullstudy_57
//Subjects=10
-34  -38  -4 
-24  -42  -28 
-18  -82  -8 
38  56  8 
54  20  6 
-2  14  2 
40  2  18 
-34  -50  -46 
0  42  22 
-16  -86  -4 
-54  -30  -12 
-24  -2  -44 
54  18  -26 
-12  14  72 
8  40  34 
-30  6  -32 
-36  -92  -16 
10  34  -10 
-30  -80  -8 
-40  -62  -54 
-36  -44  -42 
-48  -64  6 

//Reference=MNI 
//nullstudy_58
//Subjects=10
-14  -92  36 
-34  -72  10 
-10  0  72 
-34  -50  -48 

//Reference=MNI 
//nullstudy_59
//Subjects=9
66  2  -4 
-24  -44  70 
-14  -74  -18 
28  4  54 

//Reference=MNI 
//nullstudy_60
//Subjects=11
-32  50  32 
24  22  34 
-44  -68  24 

//Reference=MNI 
//nullstudy_61
//Subjects=10
30  58  -18 
2  18  70 
-8  -14  80 
-44  -74  14 
38  24  -8 
-22  24  34 
48  18  48 
-26  -48  6 
-16  -40  10 
-4  -36  -24 

//Reference=MNI 
//nullstudy_62
//Subjects=11
-38  -8  20 
40  26  -8 
8  56  26 
36  2  40 
-36  -80  40 
20  36  44 
-20  -66  66 

//Reference=MNI 
//nullstudy_63
//Subjects=11
42  20  40 
52  38  0 
-34  -76  30 
-8  26  58 
-32  2  -42 
14  8  -38 
56  2  26 
-18  -56  54 
-32  -58  48 
-2  20  54 
-38  -56  18 
14  34  18 
-12  -72  22 
14  8  70 
-16  0  70 
-24  -64  54 
-34  48  0 
40  52  22 
-50  -66  44 
-38  16  50 

//Reference=MNI 
//nullstudy_64
//Subjects=11
-24  4  66 
-48  -80  -12 
-12  -34  -26 
-24  -40  -26 
-46  -76  -20 
48  40  -2 
-16  10  12 
-56  12  26 
-24  4  56 
-30  -62  48 
0  36  8 
-16  -102  -2 
60  4  8 

//Reference=MNI 
//nullstudy_65
//Subjects=10
-10  -98  -18 
-38  8  32 
-62  -12  42 
34  36  14 
-32  -38  68 
-10  -68  26 
-42  -46  -44 
-8  54  -12 

//Reference=MNI 
//nullstudy_66
//Subjects=8
28  44  34 
-12  -34  14 
-4  -30  6 
-56  -32  -26 
-42  16  8 
-16  -86  20 
10  58  22 
10  54  42 
26  10  -8 

//Reference=MNI 
//nullstudy_67
//Subjects=10
-44  -78  4 
28  44  -18 

//Reference=MNI 
//nullstudy_68
//Subjects=11
42  24  4 
-12  -78  -16 
-10  -92  20 
-16  34  36 
-22  -68  -56 

//Reference=MNI 
//nullstudy_69
//Subjects=11
-36  32  48 
-20  54  -18 
-58  8  -10 
14  12  54 
-48  -38  -14 
-36  -62  48 
-50  -42  6 
42  8  2 
16  22  -4 
-14  -60  4 
14  50  46 
-60  -6  -28 
-38  -8  64 
-44  -76  -20 

//Reference=MNI 
//nullstudy_70
//Subjects=10
28  14  -16 
-48  -70  -8 
-42  -12  4 
-24  -48  68 
-2  32  38 
-2  -24  52 
26  2  -32 
-18  -34  46 
-20  -42  22 
-10  42  -16 

//Reference=MNI 
//nullstudy_71
//Subjects=8
-34  -6  48 
40  20  -2 
-4  -70  18 
-24  18  42 
6  4  -16 
-26  8  -38 

//Reference=MNI 
//nullstudy_72
//Subjects=10
-30  0  -20 
12  22  2 

//Reference=MNI 
//nullstudy_73
//Subjects=10
-22  -40  -24 
-14  -68  -60 
-32  2  52 

//Reference=MNI 
//nullstudy_74
//Subjects=12
-34  38  26 
-22  -100  -16 
-30  8  -44 
-14  -104  -8 

//Reference=MNI 
//nullstudy_75
//Subjects=8
12  2  -20 
-30  -22  -16 
-16  32  -16 
-34  -82  -6 
-54  -6  14 
-4  -32  -46 
2  14  42 
-28  38  40 
30  54  28 
-48  44  -8 
44  4  -24 
34  30  18 
2  28  58 
-50  -68  32 
18  26  -28 
-46  36  -20 
-56  -16  34 
-22  -6  -44 
-28  32  26 
-2  -74  20 
-26  -58  36 
-44  -38  2 
-36  -60  14 
-20  68  6 
-2  -56  -48 
-28  -40  -34 
34  30  -14 
-16  -72  -54 
30  36  52 
-40  -62  36 
-30  -26  66 
-50  4  34 
-44  4  -16 
-6  48  32 
18  40  34 

//Reference=MNI 
//nullstudy_76
//Subjects=11
-22  -12  52 
-28  -62  50 

//Reference=MNI 
//nullstudy_77
//Subjects=10
16  18  58 
-42  -44  -50 
-52  -30  10 
-28  18  36 
-8  -30  -16 
20  46  46 
10  62  -12 
-40  -16  50 
-30  -50  -60 
-44  -52  -32 
-10  20  -10 
-50  -64  -18 
22  20  -36 
-42  -78  -34 
-50  4  -4 
-52  -12  42 
-12  -38  66 
-18  -66  -52 
-42  24  42 
-30  22  -38 
-48  -54  56 

//Reference=MNI 
//nullstudy_78
//Subjects=9
-8  -32  12 
-10  -52  72 
-38  -24  52 
0  50  12 
-6  -90  8 

//Reference=MNI 
//nullstudy_79
//Subjects=11
-46  -6  30 
-4  60  -24 

//Reference=MNI 
//nullstudy_80
//Subjects=7
-30  -4  -44 
-14  -86  0 
-14  26  -14 
0  22  20 
-32  -84  -28 
-22  46  30 
24  24  56 
-22  -72  -52 
-44  0  -16 
-60  2  8 
-58  -48  10 

//Reference=MNI 
//nullstudy_81
//Subjects=9
-50  16  38 
12  48  -24 

//Reference=MNI 
//nullstudy_82
//Subjects=10
-50  -4  28 
-8  -70  18 
-30  24  30 

//Reference=MNI 
//nullstudy_83
//Subjects=9
-34  -24  18 
-52  -54  -2 
46  14  40 
-16  -24  -10 

//Reference=MNI 
//nullstudy_84
//Subjects=10
-12  -100  20 
52  18  -2 
6  40  20 

//Reference=MNI 
//nullstudy_85
//Subjects=10
42  38  -16 
-52  -56  8 
-58  -2  -2 
-14  42  46 
-10  -94  -2 
-42  -84  4 
-4  -10  36 
-8  22  50 

//Reference=MNI 
//nullstudy_86
//Subjects=9
34  54  -6 
-22  -18  -28 
24  60  16 
10  16  14 

//Reference=MNI 
//nullstudy_87
//Subjects=11
-24  20  48 
-30  22  60 

//Reference=MNI 
//nullstudy_88
//Subjects=10
-14  -72  24 
-10  -54  62 
-50  40  -10 
-56  -6  28 
22  54  2 
18  22  6 
-6  -76  26 
-32  -42  -48 
-66  -28  24 

//Reference=MNI 
//nullstudy_89
//Subjects=11
16  58  14 
-52  -52  -18 
-54  -10  10 
-12  -44  -30 
0  18  20 
6  30  -20 

//Reference=MNI 
//nullstudy_90
//Subjects=9
42  8  10 
-20  30  -18 
2  50  50 
-34  0  -4 
36  2  -42 
-18  -42  60 
32  46  26 
36  20  24 
-12  26  22 
-2  44  42 

//Reference=MNI 
//nullstudy_91
//Subjects=9
6  4  4 
-28  -86  28 
-32  -92  24 
32  60  12 

//Reference=MNI 
//nullstudy_92
//Subjects=11
-42  20  0 
-40  -6  -42 

//Reference=MNI 
//nullstudy_93
//Subjects=14
-56  -6  8 
38  28  10 
-48  20  24 
-40  0  4 
42  6  2 
-34  36  10 
16  64  -10 
-50  -10  -22 
-24  -52  72 
-24  -54  38 
-32  54  30 
-28  16  -30 
-48  -18  16 
-40  -92  -6 
-30  -62  -62 
52  10  -6 

//Reference=MNI 
//nullstudy_94
//Subjects=9
-26  50  0 
-16  -88  -42 
-56  -60  34 
-6  32  16 
-6  46  -24 
-54  4  -4 
18  52  -4 
14  28  34 
-6  52  4 
-42  -72  42 
-12  -16  20 
-50  -62  -38 
-62  -22  -20 
-20  -54  -46 
-10  -100  -16 
-40  -16  -8 
-16  50  -14 
-58  0  -28 
-18  34  34 
-6  -48  16 
0  4  68 
-48  -66  16 
-8  -22  28 
28  38  -22 
2  58  -12 

//Reference=MNI 
//nullstudy_95
//Subjects=9
58  4  -20 
-30  -96  -14 
44  30  26 

//Reference=MNI 
//nullstudy_96
//Subjects=11
10  32  -30 
-32  30  -18 

//Reference=MNI 
//nullstudy_97
//Subjects=10
-28  -64  -40 
-56  -34  14 
-48  22  28 
-18  44  24 
-68  -36  20 
-50  -34  50 
-62  -36  18 
-20  -72  -40 
24  62  8 
36  26  -6 
-38  -68  -54 
-24  -66  16 
-6  34  12 
2  16  4 
34  54  30 
-26  -18  68 
-38  34  10 
-36  -74  -14 

//Reference=MNI 
//nullstudy_98
//Subjects=11
-16  -68  -10 
2  6  74 
-48  -16  -4 
50  38  -6 
-48  -58  -6 
-62  -44  -4 
-16  -32  10 
-48  26  40 
-20  -40  -34 

//Reference=MNI 
//nullstudy_99
//Subjects=10
-32  -44  -8 
-34  8  -28 
-42  -2  56 
-50  -56  52 
-38  46  26 
20  10  -16 
-40  -70  -38 
6  64  -16 
18  16  62 
-38  -70  -26 

//Reference=MNI 
//nullstudy_100
//Subjects=10
-38  -42  -24 
-38  -88  10 
44  4  36 
-8  -16  46 

