//Reference=MNI 
//truestudy_1
//Subjects=10
46  -65  -6 
46  -68  -6 
45  -65  -7 
45  -65  -6 
46  -67  -5 

//Reference=MNI 
//truestudy_2
//Subjects=10
45  -65  -7 
45  -65  -6 
46  -67  -7 

//Reference=MNI 
//truestudy_3
//Subjects=9
45  -67  -6 
45  -66  -5 
47  -65  -6 

//Reference=MNI 
//nullstudy_1
//Subjects=10
-34  -70  -30 
-46  48  -4 
-36  -24  -26 
-28  -58  -36 
62  8  22 

//Reference=MNI 
//nullstudy_2
//Subjects=10
-54  -70  -8 
-22  -90  -42 
6  58  8 

//Reference=MNI 
//nullstudy_3
//Subjects=9
-26  -16  -20 
-8  6  -18 
-44  -24  62 

//Reference=MNI 
//nullstudy_4
//Subjects=10
2  64  30 
38  16  -30 
-18  8  2 
-38  -46  -38 
-20  -96  -18 
44  20  40 
18  6  -10 
-50  -12  32 
36  8  34 
-18  -22  -24 
-16  -52  -54 
-20  -72  20 
-30  14  44 
-2  50  32 
40  22  -12 
-30  -24  -8 

//Reference=MNI 
//nullstudy_5
//Subjects=8
46  26  26 
-26  -40  62 
-44  -56  2 

//Reference=MNI 
//nullstudy_6
//Subjects=11
12  56  -8 
-16  8  14 
-18  -84  16 
12  14  52 
10  2  44 
-38  58  -12 
-32  -66  -42 
-24  -84  28 
-20  40  28 
-38  44  -12 
-28  -6  46 
-14  40  40 
-52  -14  40 
-46  -52  -24 
-8  56  -18 
-20  -78  -22 
-54  -6  -34 
-32  -18  -8 
-44  -66  10 
-16  -72  -8 
64  2  -4 

//Reference=MNI 
//nullstudy_7
//Subjects=9
22  6  -10 
-62  -4  -22 

//Reference=MNI 
//nullstudy_8
//Subjects=11
-16  -68  58 
-36  -54  -36 
-38  8  -6 
-46  -28  60 
8  64  2 
6  10  8 
-4  34  -8 
54  14  34 
-48  -46  16 
-38  -38  66 

//Reference=MNI 
//nullstudy_9
//Subjects=8
28  16  -30 
-28  -92  4 

//Reference=MNI 
//nullstudy_10
//Subjects=9
-14  54  28 
10  46  -4 

//Reference=MNI 
//nullstudy_11
//Subjects=11
-4  -46  56 
-2  -26  -20 
-18  -88  2 
-28  22  0 
-52  12  0 
16  34  -18 
-12  -54  34 
44  10  -14 

//Reference=MNI 
//nullstudy_12
//Subjects=12
-10  -16  8 
44  22  22 
50  46  8 
-46  10  34 
-36  -68  0 
24  6  -26 
-40  -40  20 
-16  6  12 
-34  52  -14 
36  28  44 
-36  -16  68 
-62  -6  -4 
22  4  2 
-44  -50  -46 
-8  34  52 
-48  14  14 
-56  -46  22 
6  26  50 
12  42  24 
12  40  58 
-18  -4  -4 
-26  -86  -32 
-6  -100  2 
-32  22  -26 
-6  -36  -16 
-14  -6  64 
-2  -80  -28 
-36  -64  40 
-54  -38  56 
-10  32  46 
48  2  -28 

//Reference=MNI 
//nullstudy_13
//Subjects=11
0  16  52 
-54  -16  56 
38  16  4 
-32  -90  26 
-20  60  8 
-8  50  48 
-46  -40  54 
-30  42  42 
-56  -32  -12 
28  28  -14 
-10  -38  66 
-30  -86  8 
-8  20  38 

//Reference=MNI 
//nullstudy_14
//Subjects=12
-16  0  -30 
-4  -68  -10 
56  10  14 
12  60  4 
-32  -80  8 
48  32  -2 
-4  -68  30 
-42  0  44 
14  48  6 
-34  28  16 
-22  -44  -6 
-12  32  -28 
-18  -84  -28 
-36  -66  -44 
-18  -32  -20 
-8  -78  20 
-52  22  30 

//Reference=MNI 
//nullstudy_15
//Subjects=11
-4  -90  28 
-4  24  64 
34  14  -24 
-18  -18  28 
-14  -10  60 
-34  -46  -2 
-16  -92  -18 
-44  -66  16 
-56  -28  8 
-14  -62  -10 

//Reference=MNI 
//nullstudy_16
//Subjects=11
-4  -36  60 
-26  -50  -2 
-12  -62  -4 
-20  10  58 
2  52  26 
-44  -66  -34 
-20  -68  0 
-10  -30  4 
-12  -74  60 

//Reference=MNI 
//nullstudy_17
//Subjects=9
-52  -14  34 
-32  -18  -18 

//Reference=MNI 
//nullstudy_18
//Subjects=11
-16  -22  -4 
-26  -16  -26 
48  18  42 
46  18  -10 
6  58  -10 
-16  8  20 
-24  -86  38 
-2  -50  50 
44  10  2 
38  2  -12 

//Reference=MNI 
//nullstudy_19
//Subjects=9
-2  -52  52 
12  50  26 
-6  -4  66 

//Reference=MNI 
//nullstudy_20
//Subjects=10
-60  -28  34 
-24  -70  56 
-12  -74  26 
-52  -42  20 
-36  -42  -12 
-42  -38  18 

//Reference=MNI 
//nullstudy_21
//Subjects=8
4  54  -6 
-10  -56  30 

//Reference=MNI 
//nullstudy_22
//Subjects=9
-8  -24  76 
-44  -20  -30 

//Reference=MNI 
//nullstudy_23
//Subjects=8
-12  -42  58 
-26  -40  -6 

//Reference=MNI 
//nullstudy_24
//Subjects=10
30  26  -2 
-46  -8  12 
-46  0  14 
-36  26  -32 
-60  -2  10 
-10  -34  -2 

//Reference=MNI 
//nullstudy_25
//Subjects=8
46  18  18 
4  48  -22 

//Reference=MNI 
//nullstudy_26
//Subjects=11
-14  28  6 
-10  -40  -40 
-68  -44  16 
-32  -16  -26 
-18  58  10 
-34  -42  -12 
-42  30  8 
-12  -40  4 
-6  -22  78 
-50  -12  24 
36  20  -26 
-16  -26  -34 
-6  -58  -36 
18  22  -20 
6  60  -8 
46  18  16 

//Reference=MNI 
//nullstudy_27
//Subjects=11
20  8  -26 
16  48  -18 
12  66  -4 
-28  -36  58 
-22  -44  -56 
-26  -60  36 
-40  -48  20 
-38  -56  -32 
-52  -10  50 
-62  -46  -10 
-18  -2  -42 
-20  -22  76 
-36  26  0 
-12  34  -30 
-20  24  -16 
-64  -40  -22 
-12  16  34 
10  22  -4 
22  44  20 
-34  -56  -20 
-18  58  20 
-70  -30  10 
-42  26  8 
16  26  64 
-28  -36  -14 
-38  -66  -14 
22  14  -26 
-18  0  -32 
-26  -78  -42 
-10  -48  60 
-34  56  26 
-64  -30  -30 
-4  6  30 

//Reference=MNI 
//nullstudy_28
//Subjects=11
-18  12  52 
22  62  0 
-50  38  8 
-18  -8  56 
-10  -60  -20 
-20  58  -10 
-36  -32  44 
-60  -44  -8 
-32  10  -12 
-12  -8  14 
-14  68  -2 
-14  -66  -20 
-18  -66  -54 

//Reference=MNI 
//nullstudy_29
//Subjects=11
36  20  -12 
-4  -84  -20 
14  2  64 
-24  -32  10 
-4  -34  -8 
-56  -36  20 
-10  -26  -30 
-12  -82  12 
-6  -62  -44 
-16  -40  20 
-36  -12  42 

//Reference=MNI 
//nullstudy_30
//Subjects=11
-48  -52  34 
-6  -40  -56 
10  40  30 
-48  42  -2 
-10  8  8 
-40  -74  -18 
-4  -44  -62 
-18  -96  16 
-8  -66  -46 
-68  -50  -2 

//Reference=MNI 
//nullstudy_31
//Subjects=12
-60  -52  -6 
12  10  52 
-30  26  26 
0  22  -22 
-24  -88  22 
30  4  62 
52  6  -2 
-46  -4  -32 
-52  -2  16 
-28  2  -42 
-68  -26  -22 
-24  -94  6 
-54  -68  30 
-18  -8  -22 
-30  -70  -58 
-48  14  -36 
8  48  -30 
-42  -22  42 
36  2  48 
-32  -14  -10 
32  22  -34 
-10  34  14 
-56  -24  -34 
-68  -32  -12 
12  4  -10 
-24  -42  56 
-4  -94  -16 
-14  -74  -18 
30  20  -26 
6  44  -14 
-42  32  18 
0  8  26 
-66  -20  -14 
-4  -60  18 
0  56  34 
18  66  -4 
-38  -36  50 
-8  -44  -48 
2  56  10 
-58  -16  10 

//Reference=MNI 
//nullstudy_32
//Subjects=10
20  50  -20 
-44  -40  64 
-8  6  36 
-56  -30  -30 
-30  -76  -36 
-36  -24  58 

//Reference=MNI 
//nullstudy_33
//Subjects=11
-64  -6  -16 
-16  -68  26 
46  36  24 
-28  -84  -16 
-28  -78  38 
-10  48  28 
-36  -34  20 
-38  -30  -28 
-46  -62  6 
-40  -62  36 
14  46  -20 
-8  -86  20 
-46  -44  -28 
-28  -40  -24 
-36  22  24 
-24  14  58 
-18  54  -6 
-18  -80  44 

//Reference=MNI 
//nullstudy_34
//Subjects=10
-54  -18  46 
54  10  46 
-42  26  -24 
4  34  54 
-10  -36  66 
-6  22  -14 
-66  -54  -2 

//Reference=MNI 
//nullstudy_35
//Subjects=10
-44  -66  -28 
-52  6  42 
-52  -32  -10 
-8  68  4 
-36  56  4 
8  50  -22 

//Reference=MNI 
//nullstudy_36
//Subjects=10
-38  4  48 
-50  20  38 
-40  -26  -14 
-44  -54  -44 
-14  66  16 
-6  -40  32 
-40  8  24 
-26  60  2 
6  46  50 
28  22  52 

//Reference=MNI 
//nullstudy_37
//Subjects=9
-18  -34  70 
-4  22  -20 

//Reference=MNI 
//nullstudy_38
//Subjects=9
-2  -32  -22 
-34  4  26 

//Reference=MNI 
//nullstudy_39
//Subjects=11
60  10  28 
-8  -52  -58 
-6  60  -16 
-52  -34  -30 
46  6  -46 
-38  -2  -12 
-10  -44  -18 
-24  -58  -56 
-18  -68  42 
12  30  -20 

//Reference=MNI 
//nullstudy_40
//Subjects=10
30  8  54 
-16  -38  -18 
-28  -16  -14 
-36  -92  -14 

//Reference=MNI 
//nullstudy_41
//Subjects=9
-60  -14  -34 
-22  -36  62 

//Reference=MNI 
//nullstudy_42
//Subjects=10
-16  -10  72 
-52  -22  -16 
-14  50  26 
-42  -74  10 

//Reference=MNI 
//nullstudy_43
//Subjects=11
22  24  -18 
-60  -42  -6 
-32  -86  28 
52  32  0 
36  4  -28 
-36  30  28 
38  46  -16 
-12  -90  6 
-58  -8  36 

//Reference=MNI 
//nullstudy_44
//Subjects=12
-26  -82  40 
24  18  44 
-12  52  8 
-22  -30  0 
-44  -30  20 
-28  -36  48 
50  6  0 
-8  -36  -24 
-42  0  56 
-60  -16  -14 
34  58  -12 
-32  12  -44 
-6  -82  -6 
-34  -10  -30 

//Reference=MNI 
//nullstudy_45
//Subjects=8
42  6  12 
36  34  12 

//Reference=MNI 
//nullstudy_46
//Subjects=10
-8  -12  -32 
-20  -62  8 
-44  2  -42 
-32  -70  -36 
20  46  24 

//Reference=MNI 
//nullstudy_47
//Subjects=11
2  2  20 
-22  -2  -44 
-4  16  46 
20  8  54 
-8  -30  46 
-24  -8  50 
-24  30  38 
-46  -34  46 
6  42  -18 

//Reference=MNI 
//nullstudy_48
//Subjects=11
-8  -82  -30 
-46  -8  -8 
-40  0  -32 
-28  12  -44 
-38  -66  -40 
-50  -34  6 
-36  -62  18 
-36  -64  42 
-26  -76  50 
8  52  -22 
8  4  50 
-18  -66  -14 

//Reference=MNI 
//nullstudy_49
//Subjects=12
-50  -58  -14 
36  20  56 
-10  -102  0 
-4  -70  -42 
-10  -70  -30 
-58  -46  14 
-2  -14  18 
6  4  54 
44  18  -20 
4  32  30 
-8  -66  -24 
2  36  -10 
-52  -58  -30 
-58  16  22 

//Reference=MNI 
//nullstudy_50
//Subjects=9
-62  0  16 
-2  32  -30 

//Reference=MNI 
//nullstudy_51
//Subjects=11
2  32  2 
-32  32  50 
-4  16  -16 
-60  -18  -38 
4  60  4 
-20  2  68 
-6  -30  78 
-46  12  -24 
-18  36  -14 

//Reference=MNI 
//nullstudy_52
//Subjects=10
34  14  -32 
-6  -56  46 
-14  -34  48 
14  16  8 
-18  -48  -32 

//Reference=MNI 
//nullstudy_53
//Subjects=11
-28  0  -6 
32  64  8 
40  46  -10 
-16  -50  -34 
-18  -20  22 
-48  -62  36 
-16  10  68 
-30  -68  -38 
-6  -66  38 

//Reference=MNI 
//nullstudy_54
//Subjects=10
-24  -12  56 
-54  -2  8 
6  56  -22 
-14  -60  70 
-10  -10  2 
-50  -78  24 
-4  -78  -44 
6  46  -8 
-10  -24  34 

//Reference=MNI 
//nullstudy_55
//Subjects=8
-18  -78  -34 
-24  -58  34 
-6  -46  10 

//Reference=MNI 
//nullstudy_56
//Subjects=10
-2  -80  36 
-22  -32  -40 
32  18  2 
-40  -22  62 
-14  -78  18 
-58  -10  -26 
-6  30  34 

//Reference=MNI 
//nullstudy_57
//Subjects=11
-14  26  50 
-36  -2  42 
-60  -34  -14 
50  24  38 
-2  10  -16 
-20  -64  -58 
16  6  -32 
-26  22  -18 
-4  42  38 
-20  -24  -24 
32  10  26 

//Reference=MNI 
//nullstudy_58
//Subjects=9
-32  -6  14 
-8  -96  26 
-42  -58  8 

//Reference=MNI 
//nullstudy_59
//Subjects=12
-46  -60  -10 
-42  -6  56 
-50  -20  -10 
-4  56  20 
-62  -54  12 
-46  -48  -14 
-28  -82  44 
14  8  -24 
-40  28  34 
-36  46  -8 
-36  -14  2 
-36  32  48 
-46  -66  -34 
-40  20  12 
-8  -18  12 
-18  -34  -36 
-40  -46  62 
-20  4  60 
-28  46  0 
-50  -14  -24 
54  18  38 
28  14  -26 
10  14  44 
-50  10  28 
-24  -28  -26 
-2  -74  -24 
-20  18  48 
12  34  18 
-26  -22  54 
-6  58  -18 
60  10  4 
-40  -42  16 
46  30  28 
-30  -4  68 
40  44  -8 
-2  -22  -36 
-18  30  58 
-26  6  -46 
-30  36  36 
-14  -82  -6 

//Reference=MNI 
//nullstudy_60
//Subjects=11
32  56  -4 
-10  -74  26 
-14  -4  62 
22  10  58 
-24  -98  -4 
-12  -36  70 
-56  -16  -24 
-12  -70  -54 
-58  -40  -4 

//Reference=MNI 
//nullstudy_61
//Subjects=10
-2  46  32 
56  12  32 
-22  36  -16 
-42  -24  44 
24  68  12 
-52  26  30 

//Reference=MNI 
//nullstudy_62
//Subjects=10
-36  -48  -26 
-42  -66  42 
12  46  -28 
-34  46  32 
52  10  -14 

//Reference=MNI 
//nullstudy_63
//Subjects=9
-8  64  -18 
44  8  30 

//Reference=MNI 
//nullstudy_64
//Subjects=11
-10  2  6 
32  18  -28 
-10  -50  74 
-56  -74  6 
-6  62  24 
-20  -54  -14 
36  30  -12 
-4  -62  4 
-46  -38  8 

//Reference=MNI 
//nullstudy_65
//Subjects=11
-64  -28  42 
-40  -2  -34 
-14  -8  -32 
2  40  36 
-34  -64  -36 
-32  2  42 
8  22  18 
-24  18  -20 
44  18  6 
-52  -4  38 

//Reference=MNI 
//nullstudy_66
//Subjects=12
-12  -28  38 
-44  -12  58 
-10  -64  40 
12  20  -18 
20  4  66 
-10  -48  62 
16  48  16 
-38  20  10 
-14  -8  28 
-8  -44  -16 
-40  -28  62 
-62  -40  -2 

//Reference=MNI 
//nullstudy_67
//Subjects=11
14  48  42 
20  26  -22 
-70  -34  -4 
-14  44  32 
-56  -14  12 
-50  -8  -30 
-46  44  8 
18  10  -6 
24  18  -10 
-40  -64  -42 

//Reference=MNI 
//nullstudy_68
//Subjects=10
-30  4  56 
-24  -82  18 
-18  60  6 
-52  14  -30 
4  62  24 

//Reference=MNI 
//nullstudy_69
//Subjects=11
-2  -30  -24 
42  54  16 
44  2  -30 
40  24  20 
-8  -22  18 
-48  -62  -48 
-4  -74  -50 
-8  62  34 
10  18  4 
-46  -6  42 
-6  42  32 

//Reference=MNI 
//nullstudy_70
//Subjects=10
38  42  -20 
-24  -28  -10 
-58  -42  10 
-42  30  -16 

//Reference=MNI 
//nullstudy_71
//Subjects=10
4  22  40 
32  50  6 
-8  -34  60 
-56  -50  -16 
62  2  -14 
-22  -14  -36 
-14  -12  74 

//Reference=MNI 
//nullstudy_72
//Subjects=10
28  48  -18 
-18  58  -18 
54  2  -26 
8  6  62 
50  22  -10 
12  52  36 
-52  42  0 
20  26  56 

//Reference=MNI 
//nullstudy_73
//Subjects=11
-18  -30  -42 
-44  -68  -26 
42  18  -14 
-50  -26  -6 
-26  52  22 
-20  -66  14 
-32  -34  44 
-56  18  -6 
-34  30  -20 

//Reference=MNI 
//nullstudy_74
//Subjects=9
-26  -98  -10 
-48  -60  -20 

//Reference=MNI 
//nullstudy_75
//Subjects=11
-20  -44  -46 
-14  -76  32 
-56  0  -10 
-26  42  -14 
50  10  10 
-4  -16  26 
-22  -24  -4 
-64  -48  -6 
-52  32  20 
10  44  -28 
-22  -42  64 
-6  -88  10 
-10  -50  26 
-34  46  -4 

//Reference=MNI 
//nullstudy_76
//Subjects=10
4  26  22 
22  40  -22 
-56  -38  -8 
-40  -16  -28 
-56  18  22 

//Reference=MNI 
//nullstudy_77
//Subjects=12
-56  -38  26 
-34  44  -20 
-42  22  18 
-2  -4  -12 
-10  42  44 
-56  -8  14 
-12  8  60 
38  18  20 
-22  24  40 
20  16  50 
-22  -46  64 
-18  -64  -42 
-20  26  -20 
-14  -50  48 
-16  46  42 
-64  -28  10 
-8  -18  56 
36  30  14 
-12  -54  -50 
-18  0  72 
-56  0  38 
-8  -24  30 
2  20  36 
-8  30  20 
0  38  -20 
-6  14  0 
-48  -6  -44 
-48  8  -20 
-28  32  50 
-14  -32  36 
-60  -38  -2 
-22  4  -30 
-18  -58  26 
-58  12  20 
-42  28  34 

//Reference=MNI 
//nullstudy_78
//Subjects=10
40  60  6 
-44  -72  46 
-18  20  -8 
-28  -2  -40 

//Reference=MNI 
//nullstudy_79
//Subjects=11
-48  -70  14 
-4  36  32 
-26  -36  66 
-2  -8  44 
-60  -34  22 
-38  34  12 
-2  -46  76 
-44  -22  32 
-18  -10  -14 
8  56  -20 
-14  54  -20 
10  40  -16 

//Reference=MNI 
//nullstudy_80
//Subjects=9
-28  -46  14 
44  10  44 

//Reference=MNI 
//nullstudy_81
//Subjects=12
-18  -28  -30 
-20  -100  16 
-38  -30  42 
-16  -54  74 
-58  -66  -4 
-12  -64  16 
8  60  22 
-10  32  -30 
0  14  32 
-28  -80  2 
-42  -12  -2 
34  16  60 
-14  -32  14 
-44  30  -18 
4  48  12 
30  54  24 
12  22  32 
4  64  24 
44  14  50 

//Reference=MNI 
//nullstudy_82
//Subjects=11
-52  30  -12 
-56  -6  -14 
-30  10  10 
-20  60  18 
22  6  -44 
44  12  -8 
-60  -54  -30 
32  28  -2 
-54  -28  -2 

//Reference=MNI 
//nullstudy_83
//Subjects=8
-10  36  -14 
-22  -2  70 

//Reference=MNI 
//nullstudy_84
//Subjects=10
-28  -32  74 
-6  16  -24 
-22  32  28 
-52  -4  52 
-46  22  -30 

//Reference=MNI 
//nullstudy_85
//Subjects=11
-62  -6  34 
-12  -8  14 
-46  24  10 
46  2  8 
26  8  62 
-42  -12  8 
-8  8  -30 
-64  -16  -18 

//Reference=MNI 
//nullstudy_86
//Subjects=12
-26  34  -24 
-6  -94  -16 
34  14  -46 
-38  -26  -26 
-36  58  -6 
22  60  18 
0  4  70 
-20  -88  -26 
-34  46  30 
2  2  4 
-40  -72  -4 
-30  34  18 
18  18  -28 
-20  -88  22 
-4  4  46 
42  42  2 
-18  66  16 
-54  -68  4 

//Reference=MNI 
//nullstudy_87
//Subjects=9
-2  -24  72 
-8  -92  -22 

//Reference=MNI 
//nullstudy_88
//Subjects=11
-18  -58  70 
-22  -24  76 
28  30  42 
54  38  12 
-18  -34  40 
-66  -8  6 
-8  42  48 
-26  -20  -34 
32  24  42 
8  32  50 
52  2  -36 
6  56  44 
24  4  52 
28  4  -12 
30  18  14 
-34  10  48 
-34  -78  42 
56  14  18 
-12  -46  2 
-46  -8  44 
-52  -64  44 
-48  -18  -38 
30  22  46 
-6  -46  -58 
34  28  34 
-48  -8  14 
8  6  -32 
6  50  -2 
-52  -56  -30 
-4  64  32 
24  56  -8 
-24  -86  38 
-68  -40  -10 
-44  2  48 
-22  54  34 
-30  16  -42 
-42  -22  36 

//Reference=MNI 
//nullstudy_89
//Subjects=11
4  6  62 
10  22  6 
-66  -28  -22 
50  40  20 
-28  -60  -26 
44  12  -4 
-42  -82  -14 

//Reference=MNI 
//nullstudy_90
//Subjects=10
-58  -40  0 
0  6  -18 
-46  -46  -50 
42  56  -4 
6  30  56 
-32  -46  70 

//Reference=MNI 
//nullstudy_91
//Subjects=10
-32  -30  66 
-34  -72  -24 
-8  -98  -14 
-30  -16  4 
-26  26  44 
-22  -76  -16 

//Reference=MNI 
//nullstudy_92
//Subjects=11
-48  48  -12 
-12  -10  12 
-54  -20  20 
46  26  48 
-44  -18  -38 
-56  -14  -2 
-4  -78  -14 
-20  56  34 
-40  -74  22 
-26  32  54 

//Reference=MNI 
//nullstudy_93
//Subjects=10
-10  -68  42 
-8  -36  -42 
-16  -74  -16 
18  20  14 
-30  -50  -46 

//Reference=MNI 
//nullstudy_94
//Subjects=10
54  10  0 
-10  22  -12 
-36  8  -10 
-6  -90  -26 
36  12  26 
-14  -62  16 

//Reference=MNI 
//nullstudy_95
//Subjects=11
-4  24  64 
-6  -62  -56 
-8  -72  28 
-10  6  -30 
0  6  -8 
-56  22  10 
-20  -46  -28 
50  32  14 
-58  14  32 
-64  -16  10 
-64  -26  14 
-36  28  -22 
-4  -78  -32 
-2  28  24 
-20  62  20 

//Reference=MNI 
//nullstudy_96
//Subjects=12
-46  -4  58 
-54  38  6 
22  50  38 
-34  -78  32 
-22  -28  -6 
8  30  14 
32  32  -20 
24  38  42 
-22  34  -14 
14  60  4 
-36  16  12 
-16  -68  30 
-6  16  -24 
-18  -98  -2 
6  64  0 
22  36  36 
-56  -10  -12 
-48  38  -16 
42  30  34 
-64  -36  -26 
-14  -38  -30 
-50  -16  4 
-2  -34  -50 
-44  -66  -48 
-46  20  -6 
-64  -8  20 
-36  -66  -36 
-10  32  -26 
-2  -6  4 
-24  0  12 
-40  -54  62 
-6  52  6 
-62  -8  16 
-38  16  44 
-4  66  24 
-58  -16  -36 
38  14  46 

//Reference=MNI 
//nullstudy_97
//Subjects=10
-12  50  32 
0  12  -24 
-50  38  8 
-50  -12  -40 
-34  4  42 

//Reference=MNI 
//nullstudy_98
//Subjects=11
-4  -24  62 
-54  -36  48 
-12  -98  -2 
40  26  52 
22  62  4 
-50  -34  -32 
26  16  48 

//Reference=MNI 
//nullstudy_99
//Subjects=10
52  34  -10 
-2  56  4 
-46  8  -42 
-10  -6  58 
18  54  -8 
-4  -40  -62 
46  28  -12 

//Reference=MNI 
//nullstudy_100
//Subjects=11
-30  -4  -44 
-22  -40  20 
-26  -92  -30 
18  10  -30 
18  48  -12 
-4  2  70 
-28  -10  -10 
-8  -74  42 
-44  -72  2 
32  36  -16 
54  24  -2 
-44  22  42 
-40  -10  8 
-8  -42  4 
-18  52  16 
-44  6  42 
-2  -2  -12 
-6  -38  -2 

