//Reference=MNI 
//truestudy_1
//Subjects=19
46  -65  -7 
46  -68  -6 

//Reference=MNI 
//truestudy_2
//Subjects=23
46  -66  -6 
46  -66  -7 
45  -66  -7 
45  -67  -5 
47  -66  -4 
45  -67  -6 
45  -65  -6 
46  -66  -5 
46  -66  -6 
47  -68  -7 
48  -66  -6 
46  -67  -6 
45  -65  -8 
46  -66  -6 
48  -64  -7 
46  -67  -7 
44  -67  -7 
45  -67  -6 
48  -67  -7 
46  -65  -7 
47  -66  -6 
47  -66  -7 
45  -66  -7 
45  -65  -6 
45  -64  -6 
48  -67  -6 
45  -68  -4 
46  -67  -6 
46  -66  -7 
46  -68  -6 
46  -65  -6 
45  -68  -4 
47  -66  -6 
46  -67  -7 
46  -67  -5 
46  -67  -7 
45  -67  -6 
46  -66  -4 
46  -65  -5 
47  -67  -7 
45  -67  -8 
45  -66  -5 

//Reference=MNI 
//truestudy_3
//Subjects=20
46  -66  -7 
46  -65  -5 
48  -65  -5 
47  -66  -7 
46  -66  -7 

//Reference=MNI 
//nullstudy_1
//Subjects=19
30  26  10 
-30  -24  12 

//Reference=MNI 
//nullstudy_2
//Subjects=23
-30  -18  6 
0  60  14 
-52  -40  -8 
-48  24  -16 
42  26  34 
-28  20  0 
-8  -54  -44 
8  60  14 
-52  -36  8 
22  2  56 
-24  -40  60 
-28  6  -4 
-8  0  -14 
22  34  -12 
-22  -38  64 
-2  -96  10 
-44  20  -16 
-32  -86  -24 
-42  -44  56 
-2  28  -4 
4  56  36 
-36  0  62 
-4  50  -26 
2  58  -8 
-56  -38  -18 
18  30  48 
-14  24  -16 
-58  -50  10 
-38  48  28 
-22  54  24 
40  12  -16 
-24  -54  -50 
-38  -64  24 
-46  -4  4 
48  20  10 
-22  -46  -12 
-16  -80  -42 
-10  12  -2 
-28  52  22 
-56  2  40 
30  48  -8 
54  38  -12 

//Reference=MNI 
//nullstudy_3
//Subjects=20
44  22  -8 
-24  68  12 
28  28  46 
-10  -94  18 
-34  44  36 

//Reference=MNI 
//nullstudy_4
//Subjects=22
28  50  -18 
56  6  10 
-2  40  -30 
-22  -72  38 
46  4  -38 
-28  36  52 
-2  -6  72 
-26  50  -10 
-36  18  50 
-54  16  -26 
-46  40  4 
-62  -38  -12 
-12  -70  -26 
44  46  18 
-48  -8  -6 
26  34  42 
-30  -62  -28 
-38  -84  0 
-56  -4  38 
-4  -80  -8 
-48  -62  36 
-4  -46  46 
-10  -2  -6 
-64  -28  -12 
-12  -10  -18 
-38  -32  68 
-10  -84  40 
4  2  64 
54  16  26 
-24  36  -18 
-60  -38  40 
-20  -36  60 
12  2  74 
14  66  10 
-10  -12  -16 
-10  12  6 
-10  -36  -18 
-6  24  -6 
24  12  -4 
-42  -16  42 
-6  -20  -2 

//Reference=MNI 
//nullstudy_5
//Subjects=18
10  58  2 
44  46  10 

//Reference=MNI 
//nullstudy_6
//Subjects=20
-36  -52  54 
-2  26  28 

//Reference=MNI 
//nullstudy_7
//Subjects=21
-26  -20  -34 
0  62  -18 
-36  8  40 
34  6  -20 
-42  -12  58 
30  24  12 
-16  -44  32 

//Reference=MNI 
//nullstudy_8
//Subjects=19
8  32  52 
-42  -14  42 
22  52  -2 
-58  -56  32 

//Reference=MNI 
//nullstudy_9
//Subjects=20
-6  16  28 
12  56  20 
36  34  24 
38  18  -2 
4  12  -8 
-8  50  -26 
-14  -30  -8 
34  44  -8 
-60  -14  -2 

//Reference=MNI 
//nullstudy_10
//Subjects=18
-32  -44  -24 
-8  -14  80 
-44  42  4 

//Reference=MNI 
//nullstudy_11
//Subjects=21
-28  -90  28 
-26  4  44 
-38  -62  38 
-24  -66  44 
-48  -28  -10 

//Reference=MNI 
//nullstudy_12
//Subjects=20
-14  -16  -28 
2  40  -18 

//Reference=MNI 
//nullstudy_13
//Subjects=19
-16  -12  28 
-40  22  -34 
-10  58  -12 
-48  -48  -8 
14  42  46 
-30  -14  -28 
36  22  52 
-6  -56  -22 

//Reference=MNI 
//nullstudy_14
//Subjects=20
-4  2  74 
-14  -36  62 
-28  -46  -26 
48  6  -24 
-18  -70  50 

//Reference=MNI 
//nullstudy_15
//Subjects=19
-38  -20  -16 
46  14  -2 
-44  -30  38 

//Reference=MNI 
//nullstudy_16
//Subjects=18
-60  -64  -12 
-32  -48  68 
-48  26  -10 
-48  -48  36 
-36  -22  0 
-28  8  12 

//Reference=MNI 
//nullstudy_17
//Subjects=21
-38  26  -14 
-40  -32  16 

//Reference=MNI 
//nullstudy_18
//Subjects=19
-6  -92  10 
6  52  -2 
-2  -46  8 
-14  56  20 
-10  -72  -12 
-20  -46  16 
-60  -18  24 
-30  -26  -10 
8  66  -10 
-40  -34  52 
8  34  56 
-14  2  -24 

//Reference=MNI 
//nullstudy_19
//Subjects=20
-26  -62  4 
-10  -20  56 

//Reference=MNI 
//nullstudy_20
//Subjects=19
-46  -66  -14 
-58  -56  6 
22  16  50 
-42  -18  0 
16  4  -10 
-32  28  54 
-24  -48  4 
-2  -8  74 
-28  0  -2 
-50  -12  -8 
-34  60  -6 
38  40  24 
-38  -52  42 
34  10  58 
34  2  -24 
-6  -20  0 
-38  -76  14 
-12  -2  56 
18  26  -26 
-16  -70  30 
-56  -64  24 
-12  -14  -26 

//Reference=MNI 
//nullstudy_21
//Subjects=19
40  28  -10 
38  52  -12 

//Reference=MNI 
//nullstudy_22
//Subjects=20
22  44  20 
-6  -12  20 
-34  -72  -52 
-44  -42  -2 
-12  -28  34 
-28  -76  -56 

//Reference=MNI 
//nullstudy_23
//Subjects=20
-34  0  -34 
-24  -16  -28 
-8  -54  22 

//Reference=MNI 
//nullstudy_24
//Subjects=19
36  34  38 
28  20  -38 

//Reference=MNI 
//nullstudy_25
//Subjects=20
36  14  34 
-22  -90  -28 
-32  -62  -14 
-38  -50  -14 
-28  30  -10 
40  16  2 
-46  4  -30 
-34  -84  -40 

//Reference=MNI 
//nullstudy_26
//Subjects=22
-48  2  18 
-56  -40  -16 
-58  -18  26 
48  34  -12 

//Reference=MNI 
//nullstudy_27
//Subjects=20
-52  4  38 
16  60  4 
2  30  52 

//Reference=MNI 
//nullstudy_28
//Subjects=19
-18  4  -20 
-54  10  -4 
-14  24  -14 
-16  68  14 

//Reference=MNI 
//nullstudy_29
//Subjects=19
-36  -64  16 
-48  38  6 
52  16  0 
-6  -32  -52 
44  20  2 
36  4  -8 
16  32  -22 
-8  -70  22 
56  6  6 
54  36  -6 
-42  -42  56 
-38  50  14 
-10  -54  -64 
-42  -46  -40 
-6  -58  -14 
54  8  -6 
6  4  -30 
-36  -76  40 

//Reference=MNI 
//nullstudy_30
//Subjects=21
12  42  2 
-32  -66  34 
-18  68  -4 
-12  46  -16 
-42  -52  38 

//Reference=MNI 
//nullstudy_31
//Subjects=21
-6  -74  -20 
-10  24  32 

//Reference=MNI 
//nullstudy_32
//Subjects=18
-52  2  42 
24  14  40 
22  30  44 

//Reference=MNI 
//nullstudy_33
//Subjects=20
-40  -74  -40 
-36  -24  62 
-58  -58  -22 
-20  48  -14 
-26  -34  58 
-6  -56  32 
-8  -82  -50 
-2  58  24 
-10  52  -4 
-12  12  -30 
-16  18  10 
-62  -28  0 
-34  2  -38 
-8  -42  -10 
-2  -72  32 
-22  -16  64 
-28  -22  54 
-32  14  -38 

//Reference=MNI 
//nullstudy_34
//Subjects=21
-44  -30  -18 
-12  -22  -18 
6  44  2 
-60  -18  -32 
-18  -54  -2 
-8  32  44 
40  8  56 
-30  -64  26 
-36  -44  48 
-24  30  34 

//Reference=MNI 
//nullstudy_35
//Subjects=20
-10  -14  70 
50  10  36 

//Reference=MNI 
//nullstudy_36
//Subjects=20
-22  -12  -34 
-16  -22  16 
6  12  40 
44  28  -18 

//Reference=MNI 
//nullstudy_37
//Subjects=19
12  4  8 
-34  -64  18 
-30  24  2 
-2  -88  -22 
-14  -2  26 
64  4  30 
2  60  28 
-2  -4  -14 
-44  -52  30 
24  14  42 
-30  44  -20 

//Reference=MNI 
//nullstudy_38
//Subjects=20
-34  34  30 
-12  -2  -28 
-48  -26  38 
-8  -18  -42 
-22  -78  12 
-14  36  40 
54  6  24 
-8  20  40 
-40  -18  52 
26  26  32 
-48  -14  -26 
-24  -76  50 
-16  -72  30 
-26  -52  58 
-26  48  10 
54  8  42 
12  38  34 
-16  44  32 
-18  58  6 
-14  -76  20 
-44  -70  22 
-26  -54  -54 
-48  -2  40 
-24  -76  -4 
-42  -38  12 
-16  40  32 
-40  20  -10 
-32  4  -4 
-8  18  68 
-4  -14  -18 
-10  -44  64 
-36  0  50 
-12  -36  18 
-26  -92  -28 
-66  -30  28 
-16  -36  54 
-60  -8  -6 
-28  -90  8 
-44  -78  -42 
-66  -56  0 
-60  0  -6 
10  50  26 
-42  -64  -50 
34  18  56 
-56  -38  6 
46  32  6 
-48  28  -18 
34  26  46 
-54  16  12 
-4  48  46 
-16  -54  -62 
60  12  12 
52  30  12 
28  4  -34 
-34  18  6 
18  44  48 
-20  -36  24 
-18  -42  16 
-34  -8  -34 
-14  -104  -4 
-26  42  20 
-6  70  -6 
-26  8  -10 
-10  -68  -28 
-36  16  30 
10  16  -4 
-18  26  52 

//Reference=MNI 
//nullstudy_39
//Subjects=21
-36  -4  58 
-16  -82  -32 
30  18  62 
40  60  2 
12  26  62 
-8  52  -14 

//Reference=MNI 
//nullstudy_40
//Subjects=20
18  16  -36 
-36  -62  4 
-58  -66  -4 
-46  -26  -28 
-60  -24  -10 
32  4  46 
-16  52  26 
20  70  2 
6  14  66 

//Reference=MNI 
//nullstudy_41
//Subjects=20
26  58  32 
-8  56  -8 
-20  -8  -20 
-18  -8  -20 
12  64  32 
-26  -4  54 
-30  60  16 

//Reference=MNI 
//nullstudy_42
//Subjects=19
14  50  48 
-40  22  52 
-56  -54  20 
34  26  24 

//Reference=MNI 
//nullstudy_43
//Subjects=20
32  14  -36 
28  2  -4 
-64  -52  22 
-10  -22  38 

//Reference=MNI 
//nullstudy_44
//Subjects=19
-16  -56  52 
-46  -74  -2 
-2  -50  6 
-28  -82  26 
-10  -76  -6 
-44  12  40 
-56  -12  -8 
-2  0  42 
-12  -96  -22 
-8  -80  -18 
12  60  18 
-40  -54  20 
-54  -56  22 
-26  -18  72 
-18  18  12 
38  48  30 
-40  -12  -14 
-30  -32  -6 
-20  6  -36 
36  58  14 
-24  -66  52 

//Reference=MNI 
//nullstudy_45
//Subjects=20
-56  18  8 
-34  22  -8 
-6  -40  -26 
-38  52  26 
22  38  52 
6  30  10 
-44  -48  -20 

//Reference=MNI 
//nullstudy_46
//Subjects=17
10  40  38 
-28  -14  54 
-32  -10  -8 
-26  -38  48 
-56  -26  40 
-32  -42  68 
-10  -6  62 
-2  54  42 
-52  -58  -12 
-22  -42  -18 

//Reference=MNI 
//nullstudy_47
//Subjects=20
50  36  12 
-32  -6  46 

//Reference=MNI 
//nullstudy_48
//Subjects=20
-50  -32  -10 
-18  -94  18 
-20  -76  -34 
-2  -66  -42 
-52  -54  -44 
-20  -74  -16 
-8  -60  54 
-56  -20  -18 

//Reference=MNI 
//nullstudy_49
//Subjects=20
-20  -38  8 
32  28  12 

//Reference=MNI 
//nullstudy_50
//Subjects=20
-26  -80  -4 
-22  -88  -38 
-18  -46  -32 
-20  -38  24 
-18  -52  70 

//Reference=MNI 
//nullstudy_51
//Subjects=21
-36  -94  -2 
-30  -54  4 

//Reference=MNI 
//nullstudy_52
//Subjects=20
-10  -96  26 
-48  -40  -22 
-20  8  52 
44  14  -22 
-8  -20  -10 
2  60  36 

//Reference=MNI 
//nullstudy_53
//Subjects=20
50  8  -20 
-24  -48  -48 
-56  2  18 

//Reference=MNI 
//nullstudy_54
//Subjects=18
-48  -82  18 
40  20  38 
-22  52  20 
-56  -24  42 
-18  -56  66 
-10  -62  44 

//Reference=MNI 
//nullstudy_55
//Subjects=21
48  16  18 
-48  4  2 
-6  -28  -16 
-44  2  44 
-54  -32  24 
8  10  -2 
-10  40  10 
-30  -80  -10 
32  52  2 

//Reference=MNI 
//nullstudy_56
//Subjects=19
44  44  -12 
-34  -40  40 
-6  -76  18 
-18  -42  64 
18  44  -22 
-10  22  12 
-24  -22  -30 
8  14  36 
-32  -50  -56 
-30  -50  6 
-48  -12  -40 
54  34  12 
-42  56  10 
24  4  -6 
14  12  4 
-6  -18  48 
-30  10  28 
16  54  -18 
-36  2  56 
-16  -28  -26 
-66  -30  24 
-20  -78  -14 
-66  -22  24 
-24  60  28 
36  50  -14 
-58  -54  -24 

//Reference=MNI 
//nullstudy_57
//Subjects=21
-28  46  -14 
16  62  16 
18  10  58 
-64  -32  2 

//Reference=MNI 
//nullstudy_58
//Subjects=20
44  18  -6 
-56  -70  6 
0  34  10 

//Reference=MNI 
//nullstudy_59
//Subjects=19
-4  52  28 
-20  -78  8 

//Reference=MNI 
//nullstudy_60
//Subjects=22
-26  -54  68 
-60  -34  28 
-2  -24  -34 
-30  -38  2 
-32  0  6 
12  4  -24 
20  48  38 
-10  -78  30 
-16  -50  -6 

//Reference=MNI 
//nullstudy_61
//Subjects=16
-32  -44  4 
-14  28  4 
-8  -4  14 
-56  8  -4 

//Reference=MNI 
//nullstudy_62
//Subjects=20
-14  -88  8 
-52  -66  -14 
-28  -92  -20 
14  40  2 
-52  -24  36 
26  14  -28 
16  2  0 
-14  -24  44 
-32  52  28 
-26  -82  -38 
-52  -6  -30 
-34  50  8 
-14  -24  2 
-46  -32  48 
-42  -22  -26 

//Reference=MNI 
//nullstudy_63
//Subjects=20
12  60  30 
38  52  -8 
-10  -74  -46 
-44  32  28 
-34  -14  68 
8  70  16 
-48  10  -6 
-12  -38  -24 
-2  -58  68 
-50  -26  24 
-36  44  36 
-22  -72  -10 
-4  -16  56 
-38  -16  -10 
-34  -48  -48 
-26  8  -44 
-6  10  6 
-20  -84  -8 
12  26  24 

//Reference=MNI 
//nullstudy_64
//Subjects=21
-4  -8  46 
-50  14  -12 
-36  -12  6 

//Reference=MNI 
//nullstudy_65
//Subjects=20
-34  4  56 
-22  -82  -42 
-14  -52  36 
-18  -94  28 
-32  -48  40 
-8  -10  40 
-4  64  -8 
-26  -58  -28 
14  2  40 
2  42  -8 
-26  -50  6 
-54  -62  44 
-28  -12  72 
-62  10  6 
2  6  12 
-38  -66  -2 
-40  -60  44 

//Reference=MNI 
//nullstudy_66
//Subjects=20
-10  -42  -40 
-4  -90  28 

//Reference=MNI 
//nullstudy_67
//Subjects=19
-48  -44  -30 
-10  -68  -10 
-32  56  6 
58  18  12 
-56  -36  -18 
42  32  8 
32  34  -22 
30  18  58 
34  6  34 
-54  -14  -40 
32  60  20 
-44  -42  -24 
-32  14  58 
-2  -36  48 

//Reference=MNI 
//nullstudy_68
//Subjects=22
-16  14  0 
-22  -90  -4 
-22  4  -18 
-2  -100  20 

//Reference=MNI 
//nullstudy_69
//Subjects=20
-40  -50  -22 
-14  54  32 
-10  20  -4 
-66  -10  14 
-40  40  20 
0  52  -22 
-38  -70  22 
-56  4  -28 
-12  -58  -32 
-4  44  0 
-20  -52  62 
-50  0  -2 
0  42  16 
14  18  -6 

//Reference=MNI 
//nullstudy_70
//Subjects=19
-8  -84  36 
-8  -104  10 
-40  -16  -26 
-6  -92  24 
-56  6  -28 
-64  -12  24 

//Reference=MNI 
//nullstudy_71
//Subjects=20
-4  -52  -36 
-10  -58  8 
-38  -12  58 
-26  -88  32 
-12  -30  22 
-16  -82  -34 
-22  -62  -2 

//Reference=MNI 
//nullstudy_72
//Subjects=20
-24  -4  -14 
-2  -50  -16 
-30  -84  -12 

//Reference=MNI 
//nullstudy_73
//Subjects=19
-20  22  36 
26  38  -24 
-26  -62  62 
-44  -30  22 
-38  -82  20 
38  4  16 
-10  10  44 
18  58  -8 
-46  24  38 
-10  -52  -30 
34  44  -2 
-52  -12  48 
-18  -46  2 
-16  -70  10 
-56  -70  -14 
-46  -42  50 
-32  -60  -14 
-16  -42  -32 
-42  4  -16 
56  16  -2 
-38  -80  -2 
-20  -6  -34 

//Reference=MNI 
//nullstudy_74
//Subjects=20
-12  -62  -52 
-4  -22  22 
-10  36  24 
-34  -94  10 

//Reference=MNI 
//nullstudy_75
//Subjects=20
0  52  -6 
0  58  32 

//Reference=MNI 
//nullstudy_76
//Subjects=21
-14  -50  -32 
-30  -64  38 
-32  60  10 
-12  -78  30 
6  60  10 
26  22  -10 

//Reference=MNI 
//nullstudy_77
//Subjects=22
-20  -74  36 
-28  -28  54 
-4  16  46 
0  4  54 

//Reference=MNI 
//nullstudy_78
//Subjects=18
-36  -12  46 
30  4  -36 
28  30  -6 

//Reference=MNI 
//nullstudy_79
//Subjects=19
-16  14  8 
34  8  -12 
-64  -46  18 
-26  46  -2 
-8  58  32 
-16  64  4 
-20  -54  58 
-36  -50  48 

//Reference=MNI 
//nullstudy_80
//Subjects=20
48  34  30 
-46  4  46 
20  10  62 
20  20  -10 

//Reference=MNI 
//nullstudy_81
//Subjects=20
8  38  4 
16  60  14 
-50  -44  -34 
-26  -54  4 
-12  -86  44 
-52  -42  16 
-46  -8  2 
-28  -12  2 
30  10  44 

//Reference=MNI 
//nullstudy_82
//Subjects=19
-58  -48  40 
-38  -6  -10 
62  2  36 
-42  -10  30 
-44  -8  -10 
-58  -66  12 
-56  -62  -22 
-38  -66  -18 
-8  -6  2 
-2  -70  52 
-52  -78  6 
-30  -50  -16 
-28  -48  54 
10  38  46 
-62  -20  -4 
-14  2  -10 
-4  -10  12 
28  30  -20 
2  14  46 
28  64  22 
-20  -100  0 
-16  -36  -16 
-10  -74  8 
-4  4  -32 
-4  -66  62 
-28  -66  -48 
-32  -42  60 
-28  -8  -26 
-56  -28  -30 
-6  -30  -12 
-48  -74  -24 
-46  -56  26 
30  12  52 
-10  -68  52 
-60  -36  4 
-8  -54  -16 
-18  -36  -38 
-62  -46  40 
54  32  22 
-10  -20  68 
28  50  -8 

//Reference=MNI 
//nullstudy_83
//Subjects=21
-20  -4  -40 
-40  -2  36 

//Reference=MNI 
//nullstudy_84
//Subjects=19
-18  32  -24 
-26  -54  12 
54  6  30 

//Reference=MNI 
//nullstudy_85
//Subjects=20
-48  -44  -16 
-62  -28  26 
-32  -66  48 
-6  -18  -26 
12  26  -4 

//Reference=MNI 
//nullstudy_86
//Subjects=20
-2  -24  -20 
56  22  6 
-8  42  48 
-6  34  14 
0  10  -2 
-56  -6  -20 

//Reference=MNI 
//nullstudy_87
//Subjects=21
-8  18  -14 
-58  -34  -18 

//Reference=MNI 
//nullstudy_88
//Subjects=20
-8  -82  -38 
48  22  -6 
-12  -22  62 
-36  -48  42 
46  30  28 
-24  -74  20 
-32  -8  4 
-32  -54  -12 

//Reference=MNI 
//nullstudy_89
//Subjects=19
-12  32  18 
-28  -14  64 
-6  -30  80 

//Reference=MNI 
//nullstudy_90
//Subjects=19
-46  -52  48 
12  12  62 
-54  -46  46 
-36  -46  -56 
-58  -28  -12 
10  46  36 
-42  -32  -18 
-6  -8  0 
-22  -98  -16 
-58  -32  -18 
-62  -32  0 

//Reference=MNI 
//nullstudy_91
//Subjects=19
-38  48  16 
32  26  -4 
-2  -32  14 
0  44  46 

//Reference=MNI 
//nullstudy_92
//Subjects=19
-2  -86  0 
-20  -34  -40 
-54  22  -6 
-52  -32  42 
18  56  30 
-48  -46  56 
-2  -54  28 
6  48  12 
-28  -70  -2 
36  6  -16 
-20  -46  -8 
52  32  16 
-34  -32  56 

//Reference=MNI 
//nullstudy_93
//Subjects=20
-44  -74  44 
8  6  28 
-24  -34  64 
-4  -56  12 
-6  -18  78 

//Reference=MNI 
//nullstudy_94
//Subjects=20
-34  -60  64 
-48  -70  18 

//Reference=MNI 
//nullstudy_95
//Subjects=20
-28  42  34 
-28  0  -34 

//Reference=MNI 
//nullstudy_96
//Subjects=20
42  26  -6 
-36  -72  44 
-66  -44  -8 

//Reference=MNI 
//nullstudy_97
//Subjects=19
-58  -66  -12 
-4  66  14 

//Reference=MNI 
//nullstudy_98
//Subjects=21
42  16  24 
-54  -32  28 
-6  -70  30 
28  10  50 
-34  -72  14 
-22  -12  52 
18  16  -22 

//Reference=MNI 
//nullstudy_99
//Subjects=21
-66  -20  28 
-24  -34  10 
-36  36  0 
-34  34  22 
-36  48  -8 
-6  50  48 
-16  -2  64 
-18  -40  -18 
34  14  14 

//Reference=MNI 
//nullstudy_100
//Subjects=20
48  4  -4 
-6  16  38 
46  2  -14 
-12  -90  -40 

