//Reference=MNI 
//truestudy_1
//Subjects=20
48  -67  -7 
45  -67  -5 
47  -66  -7 
46  -68  -6 

//Reference=MNI 
//truestudy_2
//Subjects=19
45  -65  -7 
45  -66  -4 
46  -66  -6 
46  -65  -6 

//Reference=MNI 
//truestudy_3
//Subjects=22
44  -66  -5 
46  -68  -8 
46  -67  -5 
46  -67  -7 
46  -66  -4 
46  -68  -3 
45  -67  -5 
46  -66  -6 
47  -65  -6 
46  -67  -6 
47  -69  -5 
48  -66  -7 
46  -67  -6 
45  -65  -5 
45  -67  -6 
46  -64  -7 
46  -68  -4 
46  -65  -7 
48  -64  -9 
46  -65  -5 
46  -67  -8 

//Reference=MNI 
//nullstudy_1
//Subjects=20
-22  2  70 
-12  0  -34 
-2  14  58 
8  36  44 

//Reference=MNI 
//nullstudy_2
//Subjects=19
-42  -76  -12 
-2  -20  -26 
-28  62  8 
-14  -22  -6 

//Reference=MNI 
//nullstudy_3
//Subjects=22
-10  42  -28 
-50  -74  12 
0  20  20 
-2  46  14 
-62  -56  -2 
54  14  8 
-4  12  -14 
40  12  -2 
-24  -40  48 
38  6  30 
-38  -84  24 
0  4  72 
30  16  4 
32  18  -32 
-6  10  -28 
-36  -78  4 
58  24  2 
-56  12  16 
10  14  62 
-32  2  -14 
-2  22  34 

//Reference=MNI 
//nullstudy_4
//Subjects=22
-64  -48  20 
-20  -90  0 
-8  -18  60 
-4  -14  -36 
-8  -22  10 
-2  38  14 
18  8  -34 
-58  4  -18 
-58  12  24 
-34  -68  18 
-36  -52  -26 
-22  -66  64 
-34  54  -16 
-18  -26  6 
-10  28  30 
-2  -22  8 
14  46  32 
14  8  18 
-8  -86  -36 

//Reference=MNI 
//nullstudy_5
//Subjects=21
-38  38  40 
-38  -50  50 
-58  -60  40 
-22  -38  64 
-68  -32  -18 
-8  -14  60 
-8  -58  4 
-18  -64  -12 
-4  -18  -42 
-24  -64  44 
-32  32  -10 
58  28  2 
-2  -30  -28 
18  10  70 

//Reference=MNI 
//nullstudy_6
//Subjects=20
-70  -34  6 
26  60  16 

//Reference=MNI 
//nullstudy_7
//Subjects=19
-8  -10  54 
8  30  14 
50  22  -12 

//Reference=MNI 
//nullstudy_8
//Subjects=20
-22  -20  -34 
-14  40  52 
-48  32  -2 
4  28  -22 
40  22  -22 
-6  -80  -42 

//Reference=MNI 
//nullstudy_9
//Subjects=18
34  12  52 
26  22  -10 

//Reference=MNI 
//nullstudy_10
//Subjects=21
-34  -50  56 
-16  -60  64 
-32  -70  -38 
-52  10  24 
-12  -60  -32 
-4  -40  72 
-6  -48  62 
36  60  4 
-18  62  -10 
-16  -90  -32 
8  40  0 

//Reference=MNI 
//nullstudy_11
//Subjects=20
-50  -46  50 
-34  -80  -40 
-28  -50  -50 
-14  -44  -8 

//Reference=MNI 
//nullstudy_12
//Subjects=20
-54  -54  -42 
8  4  68 
-6  -16  50 
-14  -56  62 
-22  -72  14 

//Reference=MNI 
//nullstudy_13
//Subjects=21
-40  -72  42 
-24  -60  58 
-18  -22  76 
-8  -46  66 
-34  -54  20 
-4  -62  -54 
-54  16  -4 
-42  -68  2 
56  30  8 
-6  -40  -44 
-12  -40  -34 

//Reference=MNI 
//nullstudy_14
//Subjects=21
-20  -86  -8 
-42  -48  -46 
-8  28  26 
-20  -60  60 
38  46  -18 
-32  -84  -36 

//Reference=MNI 
//nullstudy_15
//Subjects=19
-40  -8  -2 
-6  -74  -22 
-28  -36  -52 

//Reference=MNI 
//nullstudy_16
//Subjects=20
-46  -70  -42 
-46  -4  -8 
-26  -72  -52 
-52  18  30 
32  12  -36 
-48  -22  44 

//Reference=MNI 
//nullstudy_17
//Subjects=19
-54  -14  40 
-44  4  -34 

//Reference=MNI 
//nullstudy_18
//Subjects=20
-46  28  0 
-6  18  42 
-36  -22  -24 
0  38  8 
16  64  24 

//Reference=MNI 
//nullstudy_19
//Subjects=20
-16  -76  -6 
-22  10  -4 
-26  -4  -36 
38  44  0 
44  10  52 

//Reference=MNI 
//nullstudy_20
//Subjects=21
-36  4  -16 
56  20  -6 
-32  22  54 
-38  -2  12 
-12  -92  -28 
-14  6  -40 
-10  -4  -14 
-34  54  2 
-28  -74  -58 

//Reference=MNI 
//nullstudy_21
//Subjects=22
-58  -2  -12 
-12  58  -22 
-4  -12  14 
12  34  -16 
-30  -62  -22 
-64  -48  34 
-42  -28  50 
-20  66  14 
-30  2  -50 
14  40  46 
-8  -54  44 
-18  36  42 
-2  -30  26 
-34  -4  66 
-44  16  18 
-6  48  -10 
38  4  -20 
-16  -18  -34 
-42  -2  50 
-58  -8  -26 
-34  -6  -4 
4  70  6 
-48  -64  48 
2  12  56 
34  6  -6 
-32  36  -16 
4  36  38 

//Reference=MNI 
//nullstudy_22
//Subjects=20
-54  -12  6 
-30  -72  -44 
-26  26  50 
-46  8  -16 
-16  14  -26 
-2  44  46 
10  2  8 

//Reference=MNI 
//nullstudy_23
//Subjects=20
-36  -86  -2 
-68  -26  -24 
12  40  6 
-20  -32  -36 

//Reference=MNI 
//nullstudy_24
//Subjects=22
-30  -16  52 
-10  58  -12 
-16  56  -22 
42  22  50 
-30  28  -20 
58  18  22 
-32  -74  42 
-22  -38  2 
-18  48  -22 
-6  -84  -42 
-24  -98  4 
-54  -26  -32 
-28  44  12 
-22  -50  64 
-54  12  26 
-54  -42  2 
-20  -34  2 

//Reference=MNI 
//nullstudy_25
//Subjects=19
4  14  22 
36  26  10 
36  40  24 
-52  20  -24 

//Reference=MNI 
//nullstudy_26
//Subjects=21
-54  -10  2 
-6  -44  -30 
-20  -80  46 
2  12  12 
-54  -2  28 
-48  4  6 
-32  26  22 
-38  -70  -22 
30  20  6 
-44  24  -8 
8  18  66 
-38  2  50 
30  4  -40 
42  32  26 
-6  -18  64 
8  66  18 
44  36  2 
-4  34  8 
-4  -78  52 
54  20  32 
-42  -30  44 
-44  50  0 
-14  -40  12 
0  30  -14 
16  64  0 
-22  -58  -34 
-4  -88  36 
-64  -4  12 
-8  4  56 
-24  -20  64 
-48  -64  -8 
-34  -76  40 
46  22  24 
-38  -78  0 
-22  -102  -8 
26  34  -22 
-30  0  -48 
-42  18  -26 
-30  -40  -14 

//Reference=MNI 
//nullstudy_27
//Subjects=20
-20  -62  14 
-4  -72  -44 
-50  -2  24 
40  56  14 
-8  2  -22 
-2  -78  -32 
-42  -78  -16 
-24  38  -18 
-32  -52  0 

//Reference=MNI 
//nullstudy_28
//Subjects=20
-2  -32  46 
-22  -34  74 
-42  -36  -22 
-14  -68  60 
0  2  48 
-2  -100  8 
54  14  -18 
-22  -94  22 
-52  -68  6 
-68  -32  30 
-14  -56  18 
24  46  -12 
-54  10  14 
-40  -64  -48 
-26  -40  -20 
-58  6  32 
12  30  32 
-18  56  -14 
4  58  10 
-48  20  10 

//Reference=MNI 
//nullstudy_29
//Subjects=22
-20  -16  -36 
-22  20  36 
-36  -20  10 
2  60  -18 
-50  -38  14 
-2  -74  4 
42  16  32 
-40  -70  -34 
-12  -20  -10 
-46  -46  -30 
34  52  4 
24  62  -16 
-26  58  16 
-50  -18  54 
-2  -52  62 
-20  36  30 
-10  -98  -2 
-12  2  10 
-6  -12  42 
-2  0  -14 
-26  -82  -46 
0  38  32 
40  28  34 
44  18  -36 
-40  -16  -28 
4  26  48 
-40  -14  -32 
-34  -52  -56 
-20  -10  52 
-10  -62  6 
-56  -48  -4 
-52  -42  32 
-12  12  34 
40  26  -2 
-28  -56  44 
10  14  4 
-60  -64  16 
-18  -70  2 
-32  -14  72 
-14  -94  -4 
-54  2  -40 
-42  -54  22 
26  24  -32 

//Reference=MNI 
//nullstudy_30
//Subjects=20
-14  20  -2 
8  36  -22 
-36  14  48 
-24  -82  -12 
8  56  30 
42  2  -44 
-34  -2  12 
-14  -32  -2 
-2  2  -6 

//Reference=MNI 
//nullstudy_31
//Subjects=19
-68  -28  -22 
-28  -60  -62 
-44  -58  0 
-38  28  0 

//Reference=MNI 
//nullstudy_32
//Subjects=19
-22  -32  -22 
-38  18  10 
-12  -6  -32 

//Reference=MNI 
//nullstudy_33
//Subjects=19
28  10  4 
-28  -12  46 

//Reference=MNI 
//nullstudy_34
//Subjects=19
-16  36  -24 
-4  -20  -46 
-20  -18  70 

//Reference=MNI 
//nullstudy_35
//Subjects=20
-52  -28  34 
-16  -62  16 
-44  -76  -36 

//Reference=MNI 
//nullstudy_36
//Subjects=20
-12  -92  -14 
-20  -32  -10 
-18  -16  -14 
-26  -84  -18 
-4  -20  4 
-8  4  -24 

//Reference=MNI 
//nullstudy_37
//Subjects=20
38  40  0 
48  24  4 
-22  -68  60 

//Reference=MNI 
//nullstudy_38
//Subjects=20
8  54  8 
-16  14  -14 
44  2  8 
30  22  -26 

//Reference=MNI 
//nullstudy_39
//Subjects=19
-26  -12  -36 
-18  30  -28 

//Reference=MNI 
//nullstudy_40
//Subjects=21
-36  -42  48 
-4  -74  18 
-50  -46  40 
-44  -32  -30 
-44  12  -4 
-10  -8  58 
-10  -6  -32 
-16  26  6 
-10  -64  -6 

//Reference=MNI 
//nullstudy_41
//Subjects=19
-36  -14  -4 
-28  24  4 
-30  12  -42 

//Reference=MNI 
//nullstudy_42
//Subjects=20
-32  22  52 
-26  -96  -6 
14  48  48 
-12  -62  -58 
-62  -14  44 
-50  10  -24 

//Reference=MNI 
//nullstudy_43
//Subjects=20
-50  14  -24 
-58  -38  6 
-20  -48  58 

//Reference=MNI 
//nullstudy_44
//Subjects=20
6  44  0 
-26  52  0 
8  26  -10 
-58  -46  -16 

//Reference=MNI 
//nullstudy_45
//Subjects=19
56  18  18 
-38  32  -18 
-16  -62  52 
20  20  62 

//Reference=MNI 
//nullstudy_46
//Subjects=20
30  56  -18 
-38  -62  -20 

//Reference=MNI 
//nullstudy_47
//Subjects=21
-38  -30  -20 
34  2  -2 
-46  -6  -20 
-48  -38  50 
-10  -90  26 
-6  -96  -12 
-30  52  8 
-62  0  -12 
-20  -28  52 
-24  12  52 
-30  58  10 
-52  -54  52 
44  14  -32 

//Reference=MNI 
//nullstudy_48
//Subjects=19
-24  -96  4 
-28  -6  -26 
-64  -36  -6 

//Reference=MNI 
//nullstudy_49
//Subjects=20
-44  48  2 
-24  -76  28 
-14  4  -28 
-34  -22  62 
-32  34  16 

//Reference=MNI 
//nullstudy_50
//Subjects=22
-44  20  28 
-18  6  50 
-24  -58  -10 
-22  -44  -30 
-28  -64  -28 
-8  -62  46 
-42  -66  30 
50  20  26 
-54  -16  12 
18  8  -34 
-24  -58  32 
-26  60  6 
-14  -78  -4 
-20  -12  68 
38  20  -12 
-62  -34  -16 
-12  -48  -14 
-12  -72  18 
-46  -40  52 
28  22  58 
-8  -40  -50 
-16  -68  -60 
-26  -78  -30 
0  48  8 
-4  -64  46 
-44  -10  8 
26  40  34 
6  36  38 
-34  -56  -58 
-28  42  -16 
-2  26  52 
32  56  0 
-10  56  26 
-42  34  38 
60  6  24 
-18  -82  2 
-20  -24  64 
-36  -34  -10 
-14  -6  22 
-50  28  4 
-60  -28  -12 
-6  4  22 
-16  -60  26 
-20  -28  -16 
24  52  -2 
-36  -58  10 
-52  -18  -30 
-50  -60  32 
-50  -12  28 
6  44  48 
-38  -42  -48 
-54  -8  26 
-26  -84  32 
-28  -90  -6 
-60  -54  40 
-52  -68  36 

//Reference=MNI 
//nullstudy_51
//Subjects=22
-12  28  48 
58  8  42 
8  28  58 
-26  -84  2 
-30  -76  28 
-44  -2  42 
12  40  22 
14  20  -6 
10  54  -12 
-52  -42  -8 
-4  34  6 
-60  -16  0 
-14  -16  -10 
-14  -98  20 
-50  -58  18 
-30  10  -2 
38  40  10 
-54  -50  44 
-10  -70  62 
28  32  28 
-8  -66  62 
-4  -56  8 
-46  -84  -14 
-4  -56  -34 
-52  38  16 
-18  -38  16 
-6  -2  42 
22  14  -30 
-50  -2  28 
-34  -40  -14 
-6  48  52 
-28  -8  10 
-30  28  26 
28  6  50 
-10  36  -22 
-44  6  56 
-22  -60  54 

//Reference=MNI 
//nullstudy_52
//Subjects=20
26  32  -20 
-40  -2  32 
-14  -70  32 
-12  48  50 

//Reference=MNI 
//nullstudy_53
//Subjects=20
-62  -6  -10 
-32  -62  -42 
28  4  -32 
-42  22  24 
-50  -6  54 
-52  -4  -22 
14  6  -8 
6  52  -2 
-66  -10  -6 

//Reference=MNI 
//nullstudy_54
//Subjects=21
-38  -82  -8 
-34  -28  -32 
10  48  -18 
-16  -42  -34 
-30  -22  -16 
-14  -14  -20 
-24  -44  -10 
-20  6  64 
-38  20  54 
-24  8  -22 

//Reference=MNI 
//nullstudy_55
//Subjects=19
-50  -64  -6 
-10  -20  40 

//Reference=MNI 
//nullstudy_56
//Subjects=20
-32  -56  64 
36  20  28 
-58  -50  -20 

//Reference=MNI 
//nullstudy_57
//Subjects=21
-46  48  -14 
-28  6  2 
38  2  -18 
36  58  14 
-42  -36  0 
-46  14  -12 
38  28  30 
-22  60  22 
0  24  58 
-30  2  -46 
40  38  18 
-48  8  6 
-8  40  42 
66  2  20 

//Reference=MNI 
//nullstudy_58
//Subjects=20
-40  -54  26 
-32  50  -12 
-2  62  32 
-36  -14  64 
-12  -54  -32 
-34  8  26 
-40  -74  -46 
-14  -48  30 
-10  62  0 
28  36  54 

//Reference=MNI 
//nullstudy_59
//Subjects=18
-12  -32  74 
-24  -36  10 

//Reference=MNI 
//nullstudy_60
//Subjects=20
16  22  -28 
-40  36  34 
2  50  -10 
24  52  28 
-22  -8  56 
-14  -62  66 
4  2  64 
-40  6  -4 
-24  2  72 
-30  10  30 

//Reference=MNI 
//nullstudy_61
//Subjects=18
36  24  -34 
-2  -66  56 

//Reference=MNI 
//nullstudy_62
//Subjects=18
-32  8  -2 
40  58  -6 

//Reference=MNI 
//nullstudy_63
//Subjects=21
28  16  -20 
-48  -44  -18 
-30  -56  64 
-18  6  -34 
22  34  58 
-30  -60  44 
-24  -12  56 
-8  -72  22 
8  20  44 
-2  -94  30 

//Reference=MNI 
//nullstudy_64
//Subjects=20
58  8  6 
-20  32  -10 
-52  -48  18 
-62  -30  42 
-6  -66  -28 

//Reference=MNI 
//nullstudy_65
//Subjects=19
-24  -66  -44 
16  46  42 

//Reference=MNI 
//nullstudy_66
//Subjects=19
-12  -94  4 
16  60  30 
-18  -34  -44 

//Reference=MNI 
//nullstudy_67
//Subjects=20
-62  -16  -10 
38  28  -20 
-36  -86  -18 
-8  -34  -10 
36  28  4 

//Reference=MNI 
//nullstudy_68
//Subjects=19
-14  -60  52 
60  2  16 

//Reference=MNI 
//nullstudy_69
//Subjects=19
-38  -24  14 
-4  -46  22 
-54  -32  28 

//Reference=MNI 
//nullstudy_70
//Subjects=20
30  56  30 
-34  20  48 
-28  -68  30 

//Reference=MNI 
//nullstudy_71
//Subjects=20
-56  -32  34 
44  14  2 
48  20  20 
-44  -62  -30 
-38  -58  20 

//Reference=MNI 
//nullstudy_72
//Subjects=21
10  52  46 
-14  -84  -18 
-54  20  32 
-20  -30  14 
-54  40  -6 
-50  -12  -40 
-58  8  8 
-22  -48  8 
-2  -46  -42 
-14  -22  -34 

//Reference=MNI 
//nullstudy_73
//Subjects=22
-58  -36  42 
2  50  -6 
-42  -44  -22 
-8  -50  -36 
-8  32  -22 
6  18  12 
52  6  -30 
-54  -22  12 
-54  -18  28 
8  66  4 
46  36  -6 
-8  8  44 
-56  4  2 
-46  -76  -24 
-20  62  -4 
-12  -52  64 
-24  24  -22 
46  46  4 
-2  -56  28 
-44  -80  26 
-48  -40  30 
-54  2  32 
-66  -48  22 
-2  -92  -16 
-60  -24  24 
-34  -68  34 

//Reference=MNI 
//nullstudy_74
//Subjects=19
20  4  -24 
-38  -76  40 
-42  -18  34 

//Reference=MNI 
//nullstudy_75
//Subjects=21
-50  -82  8 
-4  6  30 
-38  24  -8 
32  2  -18 
-48  -24  2 
30  40  22 
-56  -4  -14 
-32  -82  0 
-60  -52  40 
38  56  -6 
-34  -80  -38 
-4  -12  24 
14  20  52 
-32  -10  68 
-8  -26  16 
-10  -90  10 
12  6  -4 
-16  -70  -18 
4  28  -2 
-12  -54  -4 
-12  -72  20 
-2  -102  -4 
-38  48  -6 
-42  10  -20 
-16  0  -6 
-28  -70  -16 
-6  -14  48 
-2  34  20 
-38  -54  -6 
-18  -2  -10 
44  20  16 
-60  -64  -4 
-54  -68  -18 
-6  -40  -2 
-4  12  -6 
-36  16  20 
-50  -70  8 
-8  -80  54 
-44  -34  36 
-56  20  12 
-6  -80  -10 
-34  2  62 
2  22  38 
-34  -76  18 
-8  -82  -32 
2  26  -4 
-46  -8  -16 
-26  -26  72 
-6  -20  -22 
30  4  56 
-36  48  -18 
-52  -44  34 
-34  16  -28 
-16  62  -8 
-6  -84  -36 
60  4  16 

//Reference=MNI 
//nullstudy_76
//Subjects=20
14  18  -12 
0  64  12 
-32  6  44 
-14  -52  -28 
-32  -24  22 
2  42  44 
-40  8  -30 
-40  -24  10 

//Reference=MNI 
//nullstudy_77
//Subjects=20
0  40  58 
-6  -88  -16 
56  24  -4 
-14  -56  34 
-54  -56  40 
-32  -82  -18 

//Reference=MNI 
//nullstudy_78
//Subjects=20
-30  28  48 
-26  -98  18 
-32  -8  -8 
-56  10  6 

//Reference=MNI 
//nullstudy_79
//Subjects=18
-14  -22  -22 
36  28  -18 

//Reference=MNI 
//nullstudy_80
//Subjects=20
-56  -28  2 
-56  -48  -30 
-42  -68  50 
-60  -46  12 
14  40  -22 
58  16  -8 
30  26  -16 
-42  28  6 

//Reference=MNI 
//nullstudy_81
//Subjects=19
2  60  -14 
54  12  4 

//Reference=MNI 
//nullstudy_82
//Subjects=22
-26  16  -32 
-66  -22  -22 
-32  62  10 
36  12  40 
-30  -78  -22 
-20  -82  -46 
-60  -2  -20 
-62  -4  12 
-16  58  -12 
-2  -14  50 
-66  -52  12 
-20  -32  22 
28  2  52 
-66  -24  -2 
42  42  -20 
-18  30  48 
-20  -26  -30 
-20  50  2 
-6  12  -20 
60  12  16 
-20  42  52 
54  30  8 
-20  14  54 
48  42  6 

//Reference=MNI 
//nullstudy_83
//Subjects=20
32  26  0 
-28  2  -24 
-12  -50  30 
-4  -44  24 
0  18  28 
-48  46  16 

//Reference=MNI 
//nullstudy_84
//Subjects=21
36  18  52 
-12  24  -16 
22  64  -2 
-40  24  34 
-28  -76  -12 
-4  -70  10 
46  20  20 
-16  -74  -34 
30  40  24 
-22  -6  -20 
14  54  -2 
-36  -42  -38 
10  12  64 
50  22  30 
-10  18  70 
-42  -46  48 
32  20  -26 
-8  -62  4 
-48  -20  4 
-34  -2  -46 
-40  -2  -42 
-6  50  46 
-2  -40  -52 
-10  -80  14 

//Reference=MNI 
//nullstudy_85
//Subjects=18
-18  30  42 
-48  -46  28 

//Reference=MNI 
//nullstudy_86
//Subjects=22
8  32  -10 
-42  -30  40 
36  64  6 
-40  -44  40 
-26  24  42 
-12  -50  -32 
-26  32  -16 
-36  -40  -38 
-20  -82  -12 
-50  -10  16 
-36  14  -12 
32  24  -30 
-36  -90  -8 
2  10  30 

//Reference=MNI 
//nullstudy_87
//Subjects=19
24  16  46 
-48  -14  -12 
-8  -66  -52 

//Reference=MNI 
//nullstudy_88
//Subjects=19
-32  26  -4 
-66  -14  4 
-48  -68  -18 

//Reference=MNI 
//nullstudy_89
//Subjects=19
-6  -20  48 
28  54  -12 

//Reference=MNI 
//nullstudy_90
//Subjects=19
26  10  4 
-54  -58  -22 
-2  -58  -4 

//Reference=MNI 
//nullstudy_91
//Subjects=19
-32  2  -14 
2  34  8 

//Reference=MNI 
//nullstudy_92
//Subjects=19
-20  -18  -10 
-50  -8  -46 
-28  -20  -32 

//Reference=MNI 
//nullstudy_93
//Subjects=19
34  16  -6 
-14  -56  18 

//Reference=MNI 
//nullstudy_94
//Subjects=19
28  26  -26 
52  28  -2 
-36  62  -8 

//Reference=MNI 
//nullstudy_95
//Subjects=21
-18  6  6 
-14  -22  12 
-12  52  38 
42  32  36 
-26  -56  34 
-30  34  46 
38  10  -46 
8  36  8 

//Reference=MNI 
//nullstudy_96
//Subjects=20
-14  -26  44 
-2  -40  48 
-36  14  -42 
-10  28  50 
-68  -46  14 
-46  -22  48 

//Reference=MNI 
//nullstudy_97
//Subjects=20
38  6  28 
-14  -50  -58 
-2  -72  52 
-28  24  -22 
-50  14  2 
-28  46  34 
-34  42  12 

//Reference=MNI 
//nullstudy_98
//Subjects=21
-40  -10  20 
8  58  20 
44  18  40 
-16  -4  22 
8  42  6 
-8  -54  -48 
40  2  58 
2  32  14 
-22  -42  -26 
-10  48  46 

//Reference=MNI 
//nullstudy_99
//Subjects=18
-26  -6  4 
38  12  0 

//Reference=MNI 
//nullstudy_100
//Subjects=20
-34  -76  -6 
24  52  -4 
-4  18  -24 
-24  30  -22 
-32  62  2 

