//Reference=MNI 
//truestudy_1
//Subjects=30
46  -66  -5 
47  -68  -6 
46  -66  -5 
44  -67  -5 
46  -66  -5 
46  -66  -4 

//Reference=MNI 
//truestudy_2
//Subjects=30
47  -67  -8 
45  -68  -6 
46  -64  -7 
46  -65  -5 
47  -66  -6 

//Reference=MNI 
//truestudy_3
//Subjects=31
45  -66  -6 
46  -66  -6 
47  -65  -6 
45  -65  -8 
44  -68  -7 
46  -65  -6 
47  -66  -6 
44  -66  -8 
43  -67  -5 
46  -67  -4 

//Reference=MNI 
//nullstudy_1
//Subjects=30
-34  28  2 
10  44  54 
-46  -70  10 
12  42  -28 
-48  -54  -2 
-54  38  -6 

//Reference=MNI 
//nullstudy_2
//Subjects=30
-12  -34  60 
-14  -74  -10 
-70  -38  0 
-34  -90  4 
-34  34  26 

//Reference=MNI 
//nullstudy_3
//Subjects=31
-4  62  -18 
-32  34  36 
-48  -52  44 
-48  -44  -14 
-8  -64  -26 
-24  26  -2 
10  44  54 
-48  -42  -22 
-24  -90  -34 
-46  24  8 

//Reference=MNI 
//nullstudy_4
//Subjects=29
62  10  8 
-18  12  64 
-38  16  58 
-54  26  24 
-16  -50  -38 
-26  64  4 
-42  -10  16 
14  72  4 
-4  -22  44 
2  32  14 
-8  -66  -38 
-42  14  54 

//Reference=MNI 
//nullstudy_5
//Subjects=29
-36  -62  -60 
42  4  36 

//Reference=MNI 
//nullstudy_6
//Subjects=29
-30  -72  56 
12  62  -12 
56  6  -6 

//Reference=MNI 
//nullstudy_7
//Subjects=30
-58  -46  24 
-20  -50  0 

//Reference=MNI 
//nullstudy_8
//Subjects=31
2  16  62 
-48  -74  -4 
-32  54  -4 

//Reference=MNI 
//nullstudy_9
//Subjects=29
-28  -6  0 
-52  -48  50 
-20  4  46 
-40  -32  -14 
28  10  60 
-48  -64  20 
-66  -48  28 
-26  -60  38 
-40  12  -34 
-6  52  24 

//Reference=MNI 
//nullstudy_10
//Subjects=30
-10  -60  -58 
32  10  -40 
18  12  54 
-36  -52  -60 

//Reference=MNI 
//nullstudy_11
//Subjects=28
-40  -36  -26 
-12  -50  44 
-14  -40  -2 
-6  32  44 
-22  -68  14 

//Reference=MNI 
//nullstudy_12
//Subjects=29
-36  -26  58 
-20  -16  72 

//Reference=MNI 
//nullstudy_13
//Subjects=28
-8  66  -6 
24  28  48 

//Reference=MNI 
//nullstudy_14
//Subjects=29
-38  -18  62 
-20  -98  -12 

//Reference=MNI 
//nullstudy_15
//Subjects=31
46  26  -6 
-28  -82  34 
-14  -56  -2 

//Reference=MNI 
//nullstudy_16
//Subjects=31
-44  42  -16 
-32  -98  4 
42  6  -2 
-8  -26  50 
-18  -78  -32 
0  48  26 
-22  -8  -46 
-16  -42  2 
30  38  36 

//Reference=MNI 
//nullstudy_17
//Subjects=30
-30  -70  -22 
-6  6  30 
-2  14  0 
-4  20  64 
-40  -64  16 
-52  16  8 
-34  -80  46 
-26  -38  -34 
14  12  36 
-2  -88  -8 
-4  28  30 

//Reference=MNI 
//nullstudy_18
//Subjects=29
12  68  24 
-16  34  36 
-42  -48  -52 

//Reference=MNI 
//nullstudy_19
//Subjects=28
-32  -48  -52 
2  50  30 
-44  -58  -8 

//Reference=MNI 
//nullstudy_20
//Subjects=28
-20  -50  72 
-54  -34  16 

//Reference=MNI 
//nullstudy_21
//Subjects=32
-42  -72  24 
2  6  50 

//Reference=MNI 
//nullstudy_22
//Subjects=30
-16  18  4 
-24  18  -42 
-58  -58  26 
50  18  18 
-28  4  -12 
-16  70  -2 
-62  12  6 
-12  -48  62 
-48  -34  10 
-4  -60  28 
38  22  -24 
-56  28  22 
-22  -82  -34 
-60  -22  -10 
14  8  46 
-26  14  58 
-8  46  46 
48  18  6 
-40  -74  24 

//Reference=MNI 
//nullstudy_23
//Subjects=29
-30  8  -8 
-2  -24  26 
10  26  62 
-8  -20  28 

//Reference=MNI 
//nullstudy_24
//Subjects=30
-6  -22  -4 
-8  -54  -8 
-26  -36  -8 

//Reference=MNI 
//nullstudy_25
//Subjects=29
40  12  -38 
-44  -40  -44 
14  42  50 
22  56  22 
-58  -32  30 
-60  -50  -22 

//Reference=MNI 
//nullstudy_26
//Subjects=29
-6  36  2 
-28  40  -22 
-48  -14  60 

//Reference=MNI 
//nullstudy_27
//Subjects=30
6  24  -20 
-56  -22  -32 

//Reference=MNI 
//nullstudy_28
//Subjects=29
-32  -10  48 
-60  -62  14 
-58  12  16 
-64  -26  40 
-16  52  34 
-48  -20  54 

//Reference=MNI 
//nullstudy_29
//Subjects=29
-36  -72  8 
-46  -70  -36 
-28  10  14 

//Reference=MNI 
//nullstudy_30
//Subjects=32
-58  -68  4 
-30  -58  -46 

//Reference=MNI 
//nullstudy_31
//Subjects=30
4  66  2 
-52  -4  -36 
-4  -60  22 
-58  -26  46 
-32  -4  -22 
-14  -50  -22 
-32  -54  -22 
-20  -4  48 
-64  -30  -22 
-24  46  30 
-22  16  38 
-24  48  32 
-18  -72  36 
16  2  22 
-24  -86  -18 
-14  16  0 
-48  6  2 
-24  34  30 
-26  -50  42 
-14  12  -4 
-48  2  24 
-2  -16  32 
-46  -32  -24 
-12  -64  -20 
-40  -6  18 
-38  -72  -14 
-14  -18  -20 
-8  -80  54 
16  36  -16 
-24  -38  74 
32  20  -20 
32  16  10 
-50  -14  50 
-60  -16  -32 

//Reference=MNI 
//nullstudy_32
//Subjects=30
-62  -38  40 
-12  -106  0 
-32  -38  -48 
-2  26  -12 
-30  -10  48 
-36  30  26 

//Reference=MNI 
//nullstudy_33
//Subjects=30
-32  -10  50 
58  22  0 
42  34  28 
20  14  64 
-36  -10  6 
-40  -28  48 

//Reference=MNI 
//nullstudy_34
//Subjects=30
-36  -38  -8 
48  18  48 
-66  -40  -2 
-4  38  10 

//Reference=MNI 
//nullstudy_35
//Subjects=30
-8  -30  46 
-34  -80  -14 
8  8  74 
-26  16  -6 

//Reference=MNI 
//nullstudy_36
//Subjects=30
-58  14  6 
-12  10  -8 
40  24  48 
0  18  -8 
-60  -16  -24 
58  6  34 

//Reference=MNI 
//nullstudy_37
//Subjects=30
-16  -4  -4 
-20  8  60 

//Reference=MNI 
//nullstudy_38
//Subjects=30
-22  16  -32 
-30  -56  -10 
-14  -40  16 
-34  -68  -60 
-22  10  62 
-10  -16  20 
8  6  44 

//Reference=MNI 
//nullstudy_39
//Subjects=30
8  14  54 
-6  -16  46 
34  46  26 
-14  16  18 

//Reference=MNI 
//nullstudy_40
//Subjects=29
-6  40  10 
46  28  28 
-54  -40  10 
50  20  0 

//Reference=MNI 
//nullstudy_41
//Subjects=31
32  18  -2 
58  14  -20 
-22  -70  16 

//Reference=MNI 
//nullstudy_42
//Subjects=28
-48  14  16 
-16  -30  -22 
-18  -76  -6 
-68  -18  20 
-8  0  60 
-54  -22  46 
-32  -48  -54 
-16  32  -24 
-24  -52  36 
-54  -70  30 
-12  40  18 
-10  68  6 
42  36  32 
40  32  34 
-10  -22  -36 
-44  -8  4 

//Reference=MNI 
//nullstudy_43
//Subjects=30
-10  34  16 
-2  38  52 

//Reference=MNI 
//nullstudy_44
//Subjects=29
44  42  34 
-26  -16  62 
-18  66  -10 
36  30  10 
-68  -30  8 

//Reference=MNI 
//nullstudy_45
//Subjects=30
38  24  12 
-8  -24  -46 
-26  62  16 

//Reference=MNI 
//nullstudy_46
//Subjects=30
-46  -66  24 
-20  0  -10 
-24  -60  -34 
48  38  30 
-20  46  26 

//Reference=MNI 
//nullstudy_47
//Subjects=31
-56  -56  16 
52  8  -42 
30  58  -6 
-26  -42  -46 
-36  48  -4 
-58  -46  6 
-10  -12  -26 
-18  -76  10 
-16  -54  12 
54  36  14 

//Reference=MNI 
//nullstudy_48
//Subjects=31
36  4  -28 
-24  0  58 
-18  6  50 
-44  -60  20 
-38  -66  -54 
30  2  4 
-30  -28  60 
-22  -8  -6 
2  6  54 
-68  -36  4 
-20  -80  26 
-28  12  62 
-26  -44  -20 
-30  12  54 
6  20  54 
-2  38  -28 
-54  -2  -24 
-30  -50  -8 
-26  -78  -4 
-26  -2  68 
30  38  -16 
-48  28  28 
-44  -4  44 
-10  16  -24 
-34  -18  70 
-14  64  6 
-26  -6  8 
-14  10  16 
-20  44  -24 
-62  -46  8 
-16  -12  -24 
14  44  12 

//Reference=MNI 
//nullstudy_49
//Subjects=29
-30  4  62 
50  16  -10 
2  18  0 
-58  -58  -28 
-4  22  -8 
-22  16  -24 
14  22  14 
-48  -12  -20 
-30  -18  -8 
-10  50  42 
-60  -12  6 
-34  10  -18 

//Reference=MNI 
//nullstudy_50
//Subjects=30
-6  -8  -34 
38  52  8 
-26  -26  74 

//Reference=MNI 
//nullstudy_51
//Subjects=30
32  20  -18 
-52  -14  40 
-18  -52  70 
-22  -18  74 
-46  44  10 
-26  -32  52 
-30  -20  -4 
-8  -46  -36 
-26  54  20 
-12  34  52 
-24  -36  52 

//Reference=MNI 
//nullstudy_52
//Subjects=30
-60  -62  10 
-50  18  14 
-24  -22  52 
12  12  -24 

//Reference=MNI 
//nullstudy_53
//Subjects=29
-58  -24  24 
30  46  28 
-4  18  -20 
-34  -24  18 
-2  -66  48 
-44  -10  -30 
-34  -24  42 
-44  -70  8 

//Reference=MNI 
//nullstudy_54
//Subjects=28
-50  -40  4 
-26  -70  -36 
10  44  -24 
-32  -94  -14 

//Reference=MNI 
//nullstudy_55
//Subjects=30
-54  -64  38 
-28  30  8 

//Reference=MNI 
//nullstudy_56
//Subjects=32
-40  22  -30 
-56  -34  42 
-60  -8  -10 
18  16  64 
-46  24  42 
-48  20  8 
-18  -80  -42 

//Reference=MNI 
//nullstudy_57
//Subjects=30
-24  -84  38 
-42  -36  36 
-14  26  10 
-4  52  46 
-58  -40  -30 
-12  8  56 
30  54  -10 
-58  -28  -6 
-56  -64  18 
-6  28  -22 
-24  36  26 
-2  2  2 
-20  -48  14 
-48  -30  -4 
18  54  20 
-54  6  30 

//Reference=MNI 
//nullstudy_58
//Subjects=29
-34  -10  -20 
-34  -62  26 
-2  -38  64 
-14  -84  10 
-60  -58  -6 
-12  -78  -48 

//Reference=MNI 
//nullstudy_59
//Subjects=30
-14  -36  48 
-42  54  -14 

//Reference=MNI 
//nullstudy_60
//Subjects=28
-6  -56  10 
48  6  32 
-28  60  -2 
50  40  2 
-16  -82  -8 

//Reference=MNI 
//nullstudy_61
//Subjects=33
6  6  70 
-18  -26  72 

//Reference=MNI 
//nullstudy_62
//Subjects=31
14  48  44 
-8  22  68 
-2  -60  -8 
-20  -90  6 
-34  -50  -44 
-20  26  40 
-8  -12  18 
36  2  -46 
-42  22  24 
-54  -42  52 
-48  -74  28 
-28  -78  -48 
42  36  40 
-24  42  34 
20  10  -40 
-28  34  52 
38  42  30 
-2  14  48 
-10  30  52 
-20  54  38 
-26  -8  42 
-18  -2  -12 
8  30  -14 
-24  -50  -28 
-2  -88  8 
-62  -34  34 
-10  -28  54 
16  56  -18 
-4  48  30 
-20  4  4 
34  60  18 
-42  -4  -44 
28  2  -42 
14  60  -6 
-32  -64  -40 
10  22  -8 
8  60  38 
14  34  14 
-10  -100  6 
-64  -22  20 
-44  -52  22 

//Reference=MNI 
//nullstudy_63
//Subjects=31
-30  -86  -34 
-34  -50  -8 
-2  -20  46 
42  50  -10 
-24  -2  50 
-6  6  60 
-26  -66  -16 
54  16  24 
-50  28  16 
-22  8  -48 
26  44  46 
42  8  28 
-52  -46  -24 
-32  -74  -30 

//Reference=MNI 
//nullstudy_64
//Subjects=29
-46  12  -2 
-12  -56  10 
-30  8  48 
-42  -64  -52 
-52  0  -6 
22  28  48 
-8  16  50 
2  20  26 
-38  -40  -44 
-18  46  -22 
-36  -44  -28 
34  24  -34 
-20  40  32 
-4  -20  62 

//Reference=MNI 
//nullstudy_65
//Subjects=28
-40  -56  44 
-6  42  16 
-4  54  32 
8  42  38 

//Reference=MNI 
//nullstudy_66
//Subjects=29
-14  -98  -4 
-54  -10  -24 

//Reference=MNI 
//nullstudy_67
//Subjects=28
-4  48  -12 
-2  -30  72 
-34  -46  34 

//Reference=MNI 
//nullstudy_68
//Subjects=30
-18  -10  -20 
-34  -42  54 

//Reference=MNI 
//nullstudy_69
//Subjects=31
12  6  46 
30  14  -46 
-40  -40  58 
-20  40  -22 

//Reference=MNI 
//nullstudy_70
//Subjects=32
-4  -94  32 
-10  -94  -16 
-28  -64  54 
-68  -16  -8 
-26  -90  14 
-28  18  -26 

//Reference=MNI 
//nullstudy_71
//Subjects=29
-58  20  26 
-8  52  22 
-12  -64  16 
12  40  2 
-46  -22  58 
-24  4  68 
-4  -60  6 
-46  -54  52 
40  2  -16 
-14  14  58 
58  2  0 
-12  -56  52 
-50  8  -4 
2  8  40 
-4  -62  -46 
-12  -78  16 
26  22  -22 
-34  -38  -10 
-10  -70  48 

//Reference=MNI 
//nullstudy_72
//Subjects=29
4  46  -14 
24  26  50 
-32  30  26 

//Reference=MNI 
//nullstudy_73
//Subjects=31
-28  36  38 
-16  -44  -46 

//Reference=MNI 
//nullstudy_74
//Subjects=29
-58  -2  -14 
-48  -22  18 
-32  6  -12 
60  2  8 
-10  64  -16 
-16  0  -22 
-24  -2  -20 
-40  -40  36 
-34  -24  -24 
26  12  -28 
-46  10  42 
-2  -40  22 
-42  -86  4 
-56  -66  24 

//Reference=MNI 
//nullstudy_75
//Subjects=31
-16  4  -28 
-32  -48  6 

//Reference=MNI 
//nullstudy_76
//Subjects=31
46  8  38 
2  38  54 
-22  -76  16 
-32  -76  -38 
-8  -72  12 
32  34  50 
-16  -48  -14 
-12  50  34 
12  46  8 
-62  -20  10 
-2  -12  52 
18  52  16 

//Reference=MNI 
//nullstudy_77
//Subjects=30
-18  -78  16 
-30  -74  -10 
-10  -18  12 
-20  -50  -62 
-10  58  -2 
-20  -34  -48 
-10  -82  12 
-42  -28  -22 
-14  6  -16 

//Reference=MNI 
//nullstudy_78
//Subjects=29
-10  0  -18 
-2  -40  2 
4  32  38 
-8  -94  -8 
-54  -70  -2 
-60  -38  40 
-44  -28  46 
26  24  36 
-30  -78  -44 
-18  -62  -42 
-54  6  12 
58  12  -16 
-60  -50  20 
-6  -60  -14 
-38  -26  -10 
16  44  42 
-24  -48  -24 
48  30  12 
0  62  22 
-2  -80  16 
4  28  56 
-44  -38  6 
-46  -2  -20 
0  30  2 
-18  2  58 
-52  -36  18 
-28  0  -40 
-10  -90  -2 
-62  -28  -6 

//Reference=MNI 
//nullstudy_79
//Subjects=30
-8  -60  64 
46  12  -42 
-14  64  -12 
-24  -82  42 

//Reference=MNI 
//nullstudy_80
//Subjects=30
-46  -8  -26 
-14  64  30 
24  22  40 
12  12  20 
54  32  22 
-20  -64  48 
-14  -74  -18 
40  8  26 

//Reference=MNI 
//nullstudy_81
//Subjects=30
-56  30  18 
-36  -6  -50 
-10  -42  -58 

//Reference=MNI 
//nullstudy_82
//Subjects=31
-20  52  12 
14  46  38 
-38  52  6 
-28  52  0 

//Reference=MNI 
//nullstudy_83
//Subjects=31
42  14  -32 
-24  -16  60 
34  26  -6 
-8  -40  -38 

//Reference=MNI 
//nullstudy_84
//Subjects=32
-16  -44  -26 
24  10  -26 
32  46  -16 
-30  -28  62 

//Reference=MNI 
//nullstudy_85
//Subjects=30
-36  -16  16 
38  54  20 
22  48  -2 
-24  -56  -26 
4  42  -18 
-12  -78  18 
-2  38  46 
34  18  4 
-20  -96  16 
-6  -12  78 
-48  -76  -16 
-4  36  -30 
20  68  14 
16  16  -4 
48  20  14 
-6  -58  -46 
-34  -76  22 

//Reference=MNI 
//nullstudy_86
//Subjects=32
50  40  6 
-20  -54  52 
-64  -48  -10 
-62  2  -2 
-18  16  48 
-4  -12  -22 
34  10  8 
38  22  -18 

//Reference=MNI 
//nullstudy_87
//Subjects=30
-2  0  -16 
-18  -92  6 
-12  -50  10 
-12  -44  -38 
40  44  36 
-46  -14  46 
-20  -74  -56 
-10  -80  -50 
-40  -82  -36 
-52  28  22 
12  58  -4 
-40  4  28 
-50  -24  2 
-30  32  4 
-36  38  10 
-56  -22  -10 
-48  -12  -4 
6  14  6 
-44  -4  -16 
2  34  12 
-18  -58  12 

//Reference=MNI 
//nullstudy_88
//Subjects=31
-62  -8  0 
22  24  38 
-44  -86  2 
56  10  32 
-68  -30  -22 
-56  -8  6 
-2  -4  -14 

//Reference=MNI 
//nullstudy_89
//Subjects=29
-16  -36  18 
28  14  40 
-2  -68  20 
-42  24  -30 
-66  -26  -8 
-44  -16  64 
-6  52  44 
-50  14  38 
-54  26  8 
-40  -52  52 
-48  38  12 
-30  -44  -30 
-38  50  16 
-18  -16  -14 
-8  -64  26 
-36  -70  0 
-52  -72  -24 
-20  -14  -28 
-34  -94  8 
6  10  54 
-4  -84  36 
-28  -12  -4 
6  40  -8 
12  24  8 
-6  -6  54 
44  34  10 
50  18  8 

//Reference=MNI 
//nullstudy_90
//Subjects=29
-28  -8  -28 
-38  -70  4 
6  38  58 
-58  10  34 
-26  18  4 
-52  -60  36 
-24  32  -22 
-52  -12  -44 
6  8  -10 

//Reference=MNI 
//nullstudy_91
//Subjects=29
-24  -62  -58 
-26  -72  -60 
-18  -74  20 
-44  16  44 
-28  28  -8 
-12  -36  60 
-28  20  -8 
-48  -16  0 
-8  -42  50 
-8  -70  -30 
-30  -20  62 

//Reference=MNI 
//nullstudy_92
//Subjects=31
-62  -10  10 
-16  0  -10 

//Reference=MNI 
//nullstudy_93
//Subjects=30
-2  58  8 
0  6  58 
-2  -90  28 

//Reference=MNI 
//nullstudy_94
//Subjects=31
-6  -86  10 
-6  -14  54 
-12  -2  -18 
-22  2  46 

//Reference=MNI 
//nullstudy_95
//Subjects=32
-60  -22  46 
-52  6  4 
-22  54  20 
-12  -18  70 
-26  6  -48 
56  16  2 
-60  -24  48 
-28  22  42 
-58  -58  8 
-20  50  44 
-18  -70  6 
-12  -48  74 
-52  -18  20 
-32  -70  38 
-50  -40  46 
-40  -36  -24 
2  28  40 
64  2  4 
-36  -38  -32 
-16  -2  -22 
-4  -18  40 
-10  -70  -44 
-26  -52  66 
-22  -60  -54 
-36  40  18 
-26  -62  -38 
-10  -60  20 

//Reference=MNI 
//nullstudy_96
//Subjects=30
-56  -24  -16 
-46  0  -32 
-10  18  2 
-52  -58  -8 

//Reference=MNI 
//nullstudy_97
//Subjects=30
-54  -32  28 
34  4  36 
60  16  8 
0  38  58 
-4  -32  80 
-50  28  20 
-22  -42  -16 
-36  -12  2 
-2  -42  -24 
-48  -78  28 
-50  6  48 
-50  -16  10 
-46  -70  -38 
-38  -60  -8 
-2  32  44 

//Reference=MNI 
//nullstudy_98
//Subjects=31
44  42  -14 
-46  12  20 
-20  -68  56 
-8  -74  -42 
8  58  -12 
-58  12  4 
-14  -22  10 
-24  -52  8 
-62  -14  38 

//Reference=MNI 
//nullstudy_99
//Subjects=31
-38  -34  24 
-62  -62  -12 
-20  16  -22 
0  38  34 
2  12  -22 
-24  -82  -50 

//Reference=MNI 
//nullstudy_100
//Subjects=30
-18  -28  62 
-24  -46  -30 
-40  -50  -12 
-32  -66  -40 
-4  -64  -40 
-48  6  30 

