//Reference=MNI 
//truestudy_1
//Subjects=9
45  -67  -6 
46  -67  -7 
45  -65  -5 

//Reference=MNI 
//truestudy_2
//Subjects=11
45  -64  -5 
47  -67  -7 
47  -66  -5 
47  -66  -8 
47  -68  -7 
45  -65  -6 
47  -65  -7 
46  -67  -5 
45  -67  -8 

//Reference=MNI 
//truestudy_3
//Subjects=12
48  -67  -7 
47  -66  -7 
46  -65  -5 
47  -68  -7 
46  -66  -6 
47  -67  -6 
47  -67  -6 
45  -66  -6 
46  -65  -6 
47  -66  -6 
47  -66  -7 
46  -66  -5 
47  -65  -8 
46  -67  -6 
46  -66  -7 
46  -67  -6 
47  -66  -6 
46  -66  -7 
47  -67  -6 
46  -65  -7 
47  -64  -6 
45  -64  -7 
45  -68  -5 
45  -68  -5 
47  -65  -5 
45  -66  -6 
45  -65  -6 
48  -66  -6 
47  -67  -7 
45  -65  -5 

//Reference=MNI 
//nullstudy_1
//Subjects=9
38  14  -18 
-28  22  10 
-34  -74  -20 

//Reference=MNI 
//nullstudy_2
//Subjects=11
-6  -88  -12 
-6  -44  42 
-8  -62  40 
-32  50  36 
-30  -72  -60 
46  36  6 
-64  -12  28 
52  36  -14 
28  18  48 

//Reference=MNI 
//nullstudy_3
//Subjects=12
44  10  40 
-60  -50  34 
-10  -26  -6 
14  20  34 
-22  50  6 
-2  -56  58 
10  50  38 
-14  -74  -42 
-36  60  4 
-38  -54  50 
-4  58  22 
-66  -10  8 
-50  -4  34 
-6  -4  -8 
-2  -62  22 
38  14  -6 
24  48  30 
-38  -60  -62 
28  20  10 
-2  -18  2 
46  4  52 
54  38  -4 
-6  -32  30 
56  8  -22 
-20  -60  -42 
-22  -54  -32 
-4  -60  26 
10  38  -30 
-26  30  -12 
-2  -2  64 

//Reference=MNI 
//nullstudy_4
//Subjects=10
-46  -10  0 
36  48  18 
-16  30  54 
-30  62  -4 
-2  -36  62 
46  28  12 

//Reference=MNI 
//nullstudy_5
//Subjects=10
-22  -26  -18 
-12  -30  18 
-62  -34  -26 

//Reference=MNI 
//nullstudy_6
//Subjects=10
-4  64  12 
-42  -4  -4 
6  10  60 
-34  20  52 
-42  16  22 
-52  16  38 
8  30  48 
-56  -48  36 
-4  0  6 

//Reference=MNI 
//nullstudy_7
//Subjects=10
-24  -30  58 
32  52  22 
-4  -88  -34 
-44  18  -22 
16  44  8 
-44  2  26 

//Reference=MNI 
//nullstudy_8
//Subjects=10
-56  -48  -8 
-28  14  54 
-30  -68  46 
-18  32  -14 
-16  -44  2 
-24  -76  8 
-40  -64  -16 
-64  -40  18 

//Reference=MNI 
//nullstudy_9
//Subjects=10
-10  -44  -24 
16  4  -6 
-34  12  12 

//Reference=MNI 
//nullstudy_10
//Subjects=10
54  22  34 
-18  -60  -48 
-30  -52  8 

//Reference=MNI 
//nullstudy_11
//Subjects=10
-42  -14  40 
-34  -2  36 
-40  -18  62 
-46  48  0 
-44  -46  -54 

//Reference=MNI 
//nullstudy_12
//Subjects=12
-6  -58  -42 
-40  -12  10 
-44  32  -22 
-42  -32  26 
-28  2  8 
-14  -68  12 
0  34  44 
-6  50  -22 
-10  62  18 
-44  10  34 
-30  14  54 
50  2  54 
-24  28  38 
50  22  14 
-30  58  26 
-28  -74  -20 
32  50  36 
-20  -30  -32 
-42  -46  36 
-8  48  42 
-16  -38  -40 
30  24  12 
-30  -64  -40 
-12  38  50 

//Reference=MNI 
//nullstudy_13
//Subjects=9
-38  -48  42 
60  20  12 
-22  8  -38 

//Reference=MNI 
//nullstudy_14
//Subjects=11
-14  -46  -46 
-24  -96  -22 
-20  -92  -34 
-48  30  30 
-34  28  0 
52  38  16 
-40  26  32 
-16  -72  -20 
-30  16  48 
-58  -38  -12 
-6  -56  24 
-22  -80  -18 
8  62  26 
-32  20  -16 
-32  -6  -10 
-8  -10  52 
-30  -8  70 
-60  -4  26 

//Reference=MNI 
//nullstudy_15
//Subjects=10
-46  -62  -32 
-8  -28  -10 
-30  12  -14 
-8  50  -28 
-12  -102  -18 

//Reference=MNI 
//nullstudy_16
//Subjects=9
6  32  12 
-18  -4  24 
-2  -66  -44 

//Reference=MNI 
//nullstudy_17
//Subjects=9
-62  -20  26 
-30  -32  60 
-14  10  -16 

//Reference=MNI 
//nullstudy_18
//Subjects=11
-38  -66  28 
-52  -44  -32 
-26  -26  -30 
-22  8  -14 
20  12  -22 
-68  -46  8 
58  24  0 
-40  18  -24 
-8  30  -28 
34  40  -12 
-50  16  -18 
-20  8  4 
-40  -82  -6 
44  2  2 
32  32  -14 
30  46  -10 

//Reference=MNI 
//nullstudy_19
//Subjects=10
-34  0  64 
-68  -18  -12 
-18  46  44 
-52  -20  34 
-20  -44  -40 
-42  36  -18 

//Reference=MNI 
//nullstudy_20
//Subjects=11
10  34  24 
24  56  24 
-10  -14  18 
-14  -30  8 
-24  -8  -30 
-14  -76  -34 
-4  0  10 
-34  26  16 
36  42  -6 
-54  -72  28 
-12  56  2 
-2  -14  56 
-26  -64  58 
-14  -36  -14 
-48  -40  24 
10  46  24 
-22  46  -14 
-36  -38  20 
-10  24  26 
-24  -48  -52 
-48  16  34 
-40  14  26 
-50  12  -10 
36  38  -10 
-58  6  38 
-6  18  22 
2  14  12 
-30  -14  -10 
22  68  0 
-58  14  -10 
-38  46  12 
-12  -28  -22 
2  18  64 
-22  -88  -36 
-8  62  26 
-40  56  -12 
-18  -48  -30 
-20  36  38 
6  54  22 
-4  -28  78 
10  8  44 

//Reference=MNI 
//nullstudy_21
//Subjects=10
32  24  58 
-8  24  30 
-14  -58  10 
-46  48  -12 

//Reference=MNI 
//nullstudy_22
//Subjects=10
-36  -8  48 
-48  -54  -38 
-30  -40  -30 
34  2  64 

//Reference=MNI 
//nullstudy_23
//Subjects=11
-36  -16  0 
-38  -40  60 
-60  -14  -12 
-14  -48  34 
-50  14  14 
-8  -90  12 
14  12  0 
-30  -34  -12 

//Reference=MNI 
//nullstudy_24
//Subjects=9
-4  10  34 
6  18  38 

//Reference=MNI 
//nullstudy_25
//Subjects=11
-40  -8  -38 
-4  -64  -48 
8  26  -28 
4  14  22 
-26  -72  -46 
-12  -78  36 
-10  -70  30 
-18  -40  78 
-42  -66  36 
-8  -68  20 
-34  -2  -36 
-4  -70  -16 
-38  -86  18 
-30  34  24 

//Reference=MNI 
//nullstudy_26
//Subjects=10
18  14  50 
-34  12  4 
-2  -18  52 
-38  -50  -18 
-8  -42  -14 
2  8  42 
-8  -90  -38 

//Reference=MNI 
//nullstudy_27
//Subjects=11
-4  46  -12 
-24  -66  -10 
14  70  -4 
-46  -26  52 
32  36  20 
-40  -28  34 
22  52  12 
-2  44  50 
-12  66  -14 
-18  30  -28 
-10  -78  44 
-18  -14  70 
-38  -30  -16 
-6  54  42 

//Reference=MNI 
//nullstudy_28
//Subjects=11
52  42  10 
-10  -78  20 
-42  -8  -2 
56  6  -10 
28  20  0 
-14  -26  60 
-24  28  -14 
26  18  -32 
8  36  -10 

//Reference=MNI 
//nullstudy_29
//Subjects=10
-34  -76  -32 
-48  30  -14 
-32  -54  -40 
-40  -52  62 
-34  -62  -22 
-56  18  28 

//Reference=MNI 
//nullstudy_30
//Subjects=10
2  62  -10 
-44  -48  44 
-18  50  -20 
-6  34  -4 

//Reference=MNI 
//nullstudy_31
//Subjects=13
-10  46  52 
-26  20  60 
32  8  0 
-38  -8  42 
-42  20  48 
30  14  52 
-2  14  30 
36  26  56 
-12  -84  4 
-44  -14  -34 
34  58  12 
48  20  16 
-18  -36  -42 
-64  0  -18 
-26  -68  -6 
-6  -28  66 
-38  -60  -16 
-36  -24  68 
-40  -50  54 
-16  28  8 
-2  50  16 
-16  -14  70 
-62  -26  4 

//Reference=MNI 
//nullstudy_32
//Subjects=12
8  16  0 
-40  22  22 
-34  -80  16 
0  32  -30 
38  24  -12 
36  4  -44 
-36  -34  40 
-14  -20  10 
-10  -18  -34 
-4  -48  56 
54  16  -8 
-52  2  12 
-32  -28  44 
-34  40  42 
-10  -70  14 
-26  -38  -10 
-14  -58  36 
-56  -10  40 
-38  28  42 
-66  -6  28 
6  10  18 
-4  -28  30 
46  6  -12 
-30  -2  48 
62  4  -20 
-14  -66  -16 
6  42  32 
58  34  2 
-8  22  2 
-10  -2  36 
-40  16  -24 
-16  6  -10 
-8  -4  -18 
30  10  -28 
-18  0  18 
-18  -90  -36 
-8  24  56 
28  40  20 
-64  -44  -14 
-50  34  18 
-12  -32  74 
-20  -74  -10 

//Reference=MNI 
//nullstudy_33
//Subjects=10
-36  4  8 
-12  -54  -24 
-20  -50  -50 
-14  -80  -36 
42  2  26 

//Reference=MNI 
//nullstudy_34
//Subjects=9
-8  6  -32 
-54  2  -8 
42  58  -4 

//Reference=MNI 
//nullstudy_35
//Subjects=10
-16  26  52 
-2  -92  14 
-2  62  8 
26  4  -26 
12  44  -26 
34  16  -20 

//Reference=MNI 
//nullstudy_36
//Subjects=9
-60  -18  -14 
-44  26  22 

//Reference=MNI 
//nullstudy_37
//Subjects=10
-8  34  -18 
-70  -28  6 
-36  -4  44 
-24  -80  -8 
-34  -80  -4 
-40  24  44 
-14  -42  -2 
16  18  8 
-14  -74  -44 
-36  -6  58 
-28  -58  -14 

//Reference=MNI 
//nullstudy_38
//Subjects=12
-40  -88  22 
58  4  24 
32  6  62 
-48  -52  -54 
8  20  10 
8  60  -26 
-10  16  54 
8  30  -12 
-8  -54  2 
-64  -52  20 
-36  -16  -16 
60  28  12 
-2  -54  18 
30  32  4 
-14  42  36 
-64  -58  16 
-10  -42  -20 
-48  -28  36 
-48  -52  24 
46  16  -30 
-34  -18  70 
18  54  24 
48  42  4 
-6  8  -10 
-48  -74  2 
26  6  -24 
-2  0  -30 
54  30  14 
-36  6  34 
36  44  -2 
-22  -14  74 
-34  -52  48 
-54  -28  38 
-48  8  -16 
-34  6  34 

//Reference=MNI 
//nullstudy_39
//Subjects=8
14  2  -38 
-32  -82  44 

//Reference=MNI 
//nullstudy_40
//Subjects=10
-54  24  16 
-36  56  12 
-58  -54  22 
-14  16  10 
-44  -52  -36 

//Reference=MNI 
//nullstudy_41
//Subjects=11
-16  -76  -20 
-14  -48  -58 
-18  12  12 
-32  -20  58 
42  8  24 
54  2  -36 
24  56  32 
-24  -34  -4 
-28  -84  -42 
-56  -14  44 
28  6  -16 
34  12  0 
-28  -90  32 
28  30  48 
-14  -66  36 
-12  56  18 
50  30  10 
-44  26  -10 
-6  -78  -48 

//Reference=MNI 
//nullstudy_42
//Subjects=11
22  58  -10 
14  24  -24 
-50  4  2 
-28  48  -6 
8  18  -2 
-30  24  10 
-8  -62  -28 
-12  16  52 
-40  -22  -2 
-10  -60  56 
-42  18  0 

//Reference=MNI 
//nullstudy_43
//Subjects=10
-6  -52  70 
-44  -24  38 
40  24  30 
-56  -10  -2 
-4  -88  -24 
18  54  -14 
26  16  56 
-46  -52  16 

//Reference=MNI 
//nullstudy_44
//Subjects=9
-8  -12  -16 
-38  4  12 
-66  -40  36 
60  4  -28 

//Reference=MNI 
//nullstudy_45
//Subjects=11
38  32  -16 
-12  -46  46 
-46  -28  48 
58  20  22 
18  62  10 
-26  38  -14 
-10  28  36 
-6  30  38 
-64  -50  32 
-34  0  -10 
-14  -62  -44 
40  38  -6 
-6  -28  -4 
-8  -22  24 
-56  20  12 
18  26  -4 
18  16  12 
-14  -54  20 
50  6  16 
-22  -56  -18 
-50  -32  -28 
52  18  38 
-16  -66  -18 
-22  -44  -58 
-30  -38  58 
10  6  46 
-34  -16  -32 
-24  12  42 
28  2  0 
-24  -68  58 
-52  2  12 
-46  34  8 
-12  60  -12 
10  46  16 
-48  -60  -42 
-20  -56  -12 
-26  -28  54 
-8  -8  -18 
-4  -42  -64 
-2  28  52 
24  28  -10 
44  12  -8 
-48  -62  -12 
-20  -26  -18 
-30  -80  32 
-26  -70  8 
-12  -74  -42 
-4  -96  -12 
-46  -18  48 
-26  -12  -40 
-34  -70  -46 
52  18  14 

//Reference=MNI 
//nullstudy_46
//Subjects=9
-42  30  34 
-8  6  66 
-28  -54  -22 

//Reference=MNI 
//nullstudy_47
//Subjects=9
-16  10  68 
-40  -92  -10 
-8  24  32 

//Reference=MNI 
//nullstudy_48
//Subjects=10
36  6  -26 
-46  44  10 
22  38  -22 
6  50  4 
-24  -80  16 

//Reference=MNI 
//nullstudy_49
//Subjects=10
20  30  -20 
-22  48  34 
-30  -58  6 
28  20  0 
-28  -68  -42 

//Reference=MNI 
//nullstudy_50
//Subjects=10
-16  -46  46 
-12  60  -4 
-4  -36  26 
-34  -70  26 
-4  -100  -6 
-24  44  18 
50  18  22 
40  52  -8 
-48  -14  -16 
38  26  22 
-2  -24  54 
-58  22  12 
-54  18  -14 

//Reference=MNI 
//nullstudy_51
//Subjects=9
26  40  30 
-46  -70  30 

//Reference=MNI 
//nullstudy_52
//Subjects=8
6  34  -2 
34  14  62 
-60  -42  46 

//Reference=MNI 
//nullstudy_53
//Subjects=11
-32  44  14 
-8  -106  0 
44  10  36 
-48  -10  -46 
-46  -16  12 
-46  12  24 
-18  -80  26 
-60  -42  -6 
-36  16  -24 
52  20  10 
48  32  -12 
-14  58  26 
-28  -90  -4 
-22  -72  -2 
-44  -68  40 

//Reference=MNI 
//nullstudy_54
//Subjects=10
32  60  -4 
-14  -52  -40 
-46  -32  36 
30  10  -32 
-2  -20  -24 

//Reference=MNI 
//nullstudy_55
//Subjects=11
46  12  32 
-24  -36  -38 
-32  24  6 
-2  -16  34 
-48  -84  6 
-2  0  28 
-32  -90  2 
10  32  56 

//Reference=MNI 
//nullstudy_56
//Subjects=9
20  52  24 
-60  -12  40 

//Reference=MNI 
//nullstudy_57
//Subjects=11
24  6  2 
-28  -78  10 
-12  -82  -30 
-56  -62  -22 
-24  -86  0 
30  12  28 
-50  -56  36 
34  4  -18 

//Reference=MNI 
//nullstudy_58
//Subjects=10
4  60  -16 
-8  -50  4 
0  42  -8 
-14  -8  -26 

//Reference=MNI 
//nullstudy_59
//Subjects=9
6  28  -16 
30  58  16 

//Reference=MNI 
//nullstudy_60
//Subjects=8
-28  6  44 
-18  -98  -22 

//Reference=MNI 
//nullstudy_61
//Subjects=10
-28  -64  -58 
-10  20  14 
12  56  -24 
-50  -20  -4 
-2  -70  -36 
-44  -4  -28 

//Reference=MNI 
//nullstudy_62
//Subjects=11
-62  -40  6 
-50  -42  0 
-66  -32  16 
38  38  -16 
-2  -82  18 
42  14  -10 
2  46  52 
36  60  10 
22  6  -4 
-18  -68  18 

//Reference=MNI 
//nullstudy_63
//Subjects=11
48  2  10 
-20  -74  30 
50  10  -26 
0  66  -4 
20  24  8 
44  30  24 
-28  -26  -14 
-16  -40  38 
26  30  46 

//Reference=MNI 
//nullstudy_64
//Subjects=10
-50  -10  -40 
-24  -10  74 
-16  -90  40 
-28  10  -20 
-10  -86  -24 

//Reference=MNI 
//nullstudy_65
//Subjects=11
-42  10  22 
-4  8  56 
-16  -36  -8 
-24  -24  68 
20  38  28 
-58  -12  -38 
-4  -58  26 
-12  -72  4 
-36  -4  60 
-22  10  -30 
-6  30  -16 
30  44  38 
-54  -14  -30 
20  4  8 
-16  -76  -16 
-14  -40  2 
-42  -44  -28 
-20  -54  54 

//Reference=MNI 
//nullstudy_66
//Subjects=9
-8  -52  -62 
-32  -50  -30 

//Reference=MNI 
//nullstudy_67
//Subjects=10
-42  -60  -18 
-10  48  10 
-36  -2  66 
-36  58  20 
24  8  -40 
-14  46  -10 

//Reference=MNI 
//nullstudy_68
//Subjects=9
-30  0  -30 
-10  60  36 

//Reference=MNI 
//nullstudy_69
//Subjects=11
-32  30  18 
-16  -66  22 
-12  16  62 
-18  -82  24 
-58  -26  -18 
-48  2  -40 
46  34  -8 
8  18  0 
38  18  -12 
-24  -60  -40 
60  8  20 
-58  -18  -32 
-40  -64  28 

//Reference=MNI 
//nullstudy_70
//Subjects=9
-56  24  12 
-52  -44  -30 

//Reference=MNI 
//nullstudy_71
//Subjects=10
-20  60  -12 
-56  -28  -26 
14  38  54 
-34  -14  -16 
-26  -2  0 

//Reference=MNI 
//nullstudy_72
//Subjects=10
-32  -86  20 
6  16  -12 

//Reference=MNI 
//nullstudy_73
//Subjects=9
-40  -50  -44 
-6  0  0 

//Reference=MNI 
//nullstudy_74
//Subjects=11
-50  2  -34 
-8  -88  -12 
-66  -8  -24 
-28  22  38 
-42  -72  38 
-8  -84  28 
-18  -56  -20 
-18  -44  76 
38  14  -2 
-4  -24  -40 
-56  -28  10 
-62  -6  -32 
24  34  44 
-36  -34  -20 
10  6  6 
-10  -70  64 

//Reference=MNI 
//nullstudy_75
//Subjects=8
-56  -24  -4 
-44  -54  2 

//Reference=MNI 
//nullstudy_76
//Subjects=9
-26  8  10 
-12  22  10 
-38  2  -44 
-26  -90  20 

//Reference=MNI 
//nullstudy_77
//Subjects=9
8  26  -30 
-42  -60  -4 

//Reference=MNI 
//nullstudy_78
//Subjects=9
46  16  38 
-60  12  6 

//Reference=MNI 
//nullstudy_79
//Subjects=10
-34  20  -32 
-6  -48  24 
-16  48  30 

//Reference=MNI 
//nullstudy_80
//Subjects=10
-24  46  22 
36  10  -38 
10  32  -20 
-14  -84  -46 
32  20  62 

//Reference=MNI 
//nullstudy_81
//Subjects=10
-68  -32  10 
-18  -34  -42 
6  26  34 
-52  -54  -20 
-8  -32  -6 
-58  -4  14 
-2  10  -10 
48  48  -10 

//Reference=MNI 
//nullstudy_82
//Subjects=10
-6  -30  -38 
-2  42  -14 
-14  -82  40 
-36  -80  -40 
-32  34  46 
-26  -50  -4 
-22  -4  -24 
-28  -82  -38 

//Reference=MNI 
//nullstudy_83
//Subjects=10
-20  -70  62 
20  20  -6 
-2  40  -14 
38  8  54 
-6  -90  -12 
-2  42  28 
-2  -26  -42 
-34  -24  46 
-50  -6  46 
-6  20  4 
-48  -78  12 
-6  10  66 
-26  -42  -20 

//Reference=MNI 
//nullstudy_84
//Subjects=9
32  16  -30 
-16  -14  -32 

//Reference=MNI 
//nullstudy_85
//Subjects=10
-10  -26  24 
-8  -48  -48 
-18  42  30 
-30  -34  46 
-34  6  -22 

//Reference=MNI 
//nullstudy_86
//Subjects=9
-52  4  50 
-42  -44  -32 
-34  -60  24 

//Reference=MNI 
//nullstudy_87
//Subjects=9
-60  -2  -26 
-20  34  46 

//Reference=MNI 
//nullstudy_88
//Subjects=9
-2  -4  34 
-60  -4  -2 

//Reference=MNI 
//nullstudy_89
//Subjects=10
-36  -22  40 
-28  -12  74 
-62  -22  46 
-20  -66  -32 
48  34  38 
-36  -50  46 
-66  -2  12 

//Reference=MNI 
//nullstudy_90
//Subjects=12
-4  -58  12 
-28  -44  56 
-12  -90  6 
-50  -32  -22 
-38  14  6 
-4  -4  -10 
-52  -8  10 
4  18  52 
-12  -62  62 
-4  -50  -64 
-54  -60  -42 
0  10  48 
-24  -72  -58 
36  38  -16 
-8  52  36 
6  58  38 
-38  -20  6 
-10  52  4 
-28  -36  -50 
-26  12  56 
16  10  -12 
-62  -14  -34 
-4  -86  14 
-22  -74  -12 
30  20  -8 
38  28  -6 
-32  8  12 
-32  24  -28 
-20  -58  18 
42  8  -34 
-20  -46  54 
-40  -68  -34 
-20  -70  18 
-50  -64  -28 
12  44  -10 
-22  -42  -50 
-42  14  -28 
-24  34  28 
-64  -14  -20 
20  6  52 
20  44  34 
-46  10  10 
-56  10  -8 
-32  24  32 
-30  4  -12 
-32  -42  -10 
-40  8  54 
-46  24  -14 
0  32  58 
40  30  2 
-40  -56  24 
-42  -60  42 
-56  8  14 
48  2  6 
-60  -22  4 
-24  -88  38 

//Reference=MNI 
//nullstudy_91
//Subjects=11
-50  -74  22 
-6  -60  30 
-24  -48  12 
-38  -68  -50 
-48  -66  32 
-10  -46  -20 
-42  -46  56 
-32  50  26 
-50  -54  48 
-20  -4  50 

//Reference=MNI 
//nullstudy_92
//Subjects=10
-54  -42  56 
-6  -20  16 
30  44  20 
-32  -62  62 
-6  -62  -8 
-46  -48  -4 
-32  56  4 
-26  -58  -14 
-16  -22  -26 
-40  -24  -30 
-44  -6  -22 
-2  -30  80 
-46  40  -18 
-24  14  52 

//Reference=MNI 
//nullstudy_93
//Subjects=11
30  28  58 
-26  -46  74 
-60  -10  28 
-34  -22  60 
-40  -58  -46 
16  62  6 
-54  -32  10 
-40  -74  -44 
-28  30  -22 
-10  -6  -22 
-48  10  10 
-14  -90  -34 
-54  -10  42 

//Reference=MNI 
//nullstudy_94
//Subjects=10
34  16  -28 
-34  -32  50 
52  32  12 
-42  -66  -12 
-48  -22  44 
-54  10  -12 
-26  -30  -28 

//Reference=MNI 
//nullstudy_95
//Subjects=10
-44  -46  -38 
-30  -70  18 
-36  24  12 
-16  -12  60 

//Reference=MNI 
//nullstudy_96
//Subjects=9
-30  50  16 
-58  -18  10 
-18  26  -22 

//Reference=MNI 
//nullstudy_97
//Subjects=9
-4  -4  36 
-2  38  -10 

//Reference=MNI 
//nullstudy_98
//Subjects=9
60  8  22 
-64  -44  36 
-58  10  -20 

//Reference=MNI 
//nullstudy_99
//Subjects=9
-20  16  -38 
-64  -52  4 

//Reference=MNI 
//nullstudy_100
//Subjects=10
-22  62  24 
-58  -10  24 
2  20  52 
18  48  0 

