//Reference=MNI 
//truestudy_1
//Subjects=19
46  -66  -7 
46  -67  -7 
48  -67  -7 

//Reference=MNI 
//truestudy_2
//Subjects=20
47  -66  -6 
46  -66  -5 

//Reference=MNI 
//truestudy_3
//Subjects=20
48  -67  -3 
46  -64  -5 
48  -66  -5 
47  -69  -6 

//Reference=MNI 
//nullstudy_1
//Subjects=19
14  2  22 
-38  6  4 
-20  34  54 

//Reference=MNI 
//nullstudy_2
//Subjects=20
-54  -64  42 
-24  -4  6 

//Reference=MNI 
//nullstudy_3
//Subjects=20
-48  -40  46 
28  50  14 
-10  0  70 
10  14  50 

//Reference=MNI 
//nullstudy_4
//Subjects=21
-42  18  -10 
20  8  -26 
-50  24  14 
-56  -12  4 
-6  4  72 
-44  -68  -32 
-2  24  44 
-16  60  14 
16  58  -14 
-54  -18  46 
-44  -10  16 

//Reference=MNI 
//nullstudy_5
//Subjects=20
24  26  58 
-28  -6  -42 
6  14  -12 
42  8  50 
-6  28  52 
-20  4  -6 
44  2  -8 

//Reference=MNI 
//nullstudy_6
//Subjects=20
2  4  -2 
-48  -62  -24 
-64  -28  8 
34  26  -32 
-10  -70  20 
-50  -32  50 

//Reference=MNI 
//nullstudy_7
//Subjects=20
24  6  6 
36  10  -4 
40  32  48 
-36  -6  -30 
-38  12  -4 
-10  -78  6 

//Reference=MNI 
//nullstudy_8
//Subjects=20
-22  48  -6 
-12  -20  40 
-30  10  26 
-48  16  10 
-12  2  46 

//Reference=MNI 
//nullstudy_9
//Subjects=19
-58  -52  -18 
-64  -36  10 

//Reference=MNI 
//nullstudy_10
//Subjects=20
40  8  44 
-4  -18  -18 
-48  -48  -32 
16  60  -22 
-22  52  26 
-30  -88  -14 

//Reference=MNI 
//nullstudy_11
//Subjects=23
-32  48  -18 
12  32  -16 
-18  -44  -24 
-34  -2  10 
-48  -60  20 
-54  -70  -12 
-52  30  16 
-22  -86  26 
-26  -52  -54 
-54  -72  22 
-2  -88  0 
-14  46  -4 
-46  -62  28 
-62  -16  -26 
-34  -42  66 
28  2  -2 
-10  60  -22 
6  2  62 
-14  -30  -18 
-36  14  60 
-30  -48  70 
-52  -22  -20 
-24  -2  0 
-32  -4  -30 
20  8  -46 

//Reference=MNI 
//nullstudy_12
//Subjects=20
2  4  36 
-32  4  38 
30  26  54 
-50  34  -8 

//Reference=MNI 
//nullstudy_13
//Subjects=20
-12  -92  -2 
-68  -12  16 
-16  -22  4 
-52  32  -4 
-8  42  -20 

//Reference=MNI 
//nullstudy_14
//Subjects=20
46  12  8 
-28  -8  60 
-44  -52  30 
-16  54  -22 
-14  -106  0 
6  32  48 
-48  -72  -16 
-18  -82  -44 
-10  -96  -8 
-36  48  -6 
44  4  6 
-8  -90  6 

//Reference=MNI 
//nullstudy_15
//Subjects=18
-10  -40  -52 
34  40  38 

//Reference=MNI 
//nullstudy_16
//Subjects=19
-58  -58  -26 
-24  18  66 
8  68  18 

//Reference=MNI 
//nullstudy_17
//Subjects=20
34  30  -18 
-52  -16  32 
-40  18  40 
-50  28  6 
58  4  -32 

//Reference=MNI 
//nullstudy_18
//Subjects=22
-54  -10  4 
-30  -8  56 
-34  -88  -2 
-2  -6  46 
-52  18  20 
-56  8  38 
-16  -82  -14 
2  50  -2 
-42  -26  10 
-4  38  6 
56  4  28 
-4  34  -20 
34  30  -24 
-44  6  24 
-18  14  10 
-2  -34  48 
10  60  0 
-12  -80  -38 
-46  -10  -44 
-44  -24  24 
-62  2  24 
-10  14  56 
-28  -88  -18 
22  66  -14 
-6  -38  -28 
-2  10  -6 
-20  -60  2 
-14  12  10 
-66  -44  -10 
20  14  -26 
-24  -54  -38 
26  12  52 
48  4  -2 

//Reference=MNI 
//nullstudy_19
//Subjects=21
30  54  14 
-44  24  -26 
46  24  16 
0  2  74 
-8  -88  32 
36  18  -42 
42  16  -34 
-40  -6  -46 
-46  -84  6 
-10  -80  -6 
-40  -18  52 
-8  22  0 
2  62  -6 
-52  -6  -10 
0  10  42 
46  46  -6 
34  62  -10 
-52  10  0 
-30  8  -32 

//Reference=MNI 
//nullstudy_20
//Subjects=21
-2  -62  40 
-52  -8  30 
-28  -38  64 
-46  -26  -22 
-8  36  -18 
-64  -14  18 
-46  -72  -10 
-26  20  4 
-50  -52  -48 
-18  -36  -40 
30  16  4 
-38  34  38 
30  24  28 

//Reference=MNI 
//nullstudy_21
//Subjects=20
24  12  48 
4  44  -8 
-8  -74  8 
-46  16  -2 
-16  24  -2 
40  18  -16 
-8  12  56 
-52  20  2 
-6  12  38 

//Reference=MNI 
//nullstudy_22
//Subjects=21
-6  -76  -4 
-14  -84  -44 
-8  -82  50 
-48  8  44 
-8  -82  34 
-40  -64  2 
-14  -78  48 
34  50  12 
-46  -22  22 
18  28  -2 
-44  -12  -2 
-38  -62  -58 
2  4  62 
-2  66  2 
-8  -26  2 
-66  -10  -10 
-32  10  2 
-36  -16  40 
-58  -28  -4 
0  52  44 
-12  -6  -22 

//Reference=MNI 
//nullstudy_23
//Subjects=20
-14  -18  36 
32  10  34 
-2  -54  38 
-28  2  -12 
48  2  32 
-8  68  20 

//Reference=MNI 
//nullstudy_24
//Subjects=19
-58  -28  -16 
-44  0  -22 
6  52  -10 

//Reference=MNI 
//nullstudy_25
//Subjects=22
-32  36  -12 
10  42  52 
-44  18  -12 
-34  -44  -52 
-20  4  -12 
0  24  18 
-32  -10  -20 
10  24  4 
32  48  -18 
-12  -14  68 
-34  -30  52 
-32  -54  46 
-8  50  -10 
-54  -8  -6 
8  52  2 
-46  32  -16 
-14  -14  18 
-12  -40  70 

//Reference=MNI 
//nullstudy_26
//Subjects=20
14  68  -12 
42  12  -34 
-44  -20  24 
-44  16  4 
-38  26  -16 
-48  18  22 
-10  -52  -14 

//Reference=MNI 
//nullstudy_27
//Subjects=21
-16  38  48 
-28  62  4 
-48  -74  16 
-8  -48  42 
8  20  -6 
-22  -72  20 
-48  -10  -34 

//Reference=MNI 
//nullstudy_28
//Subjects=19
-20  -88  32 
-14  -48  32 

//Reference=MNI 
//nullstudy_29
//Subjects=21
-28  -90  12 
32  32  52 
-8  -88  34 
20  58  24 
-8  -80  -4 
-50  -32  6 
-12  66  26 
-2  62  -8 
-4  -46  72 
-8  -50  -18 
-58  6  12 

//Reference=MNI 
//nullstudy_30
//Subjects=20
-28  -44  -42 
-28  -66  -54 
60  10  20 
-24  -22  56 
2  18  0 
-8  -76  26 

//Reference=MNI 
//nullstudy_31
//Subjects=21
-60  -56  -22 
-48  32  10 
-30  -12  -20 
-12  62  12 
-38  -16  66 
-64  -58  -10 
-14  -22  6 
-12  46  40 
-18  6  -12 
-10  -4  36 
-14  48  32 
-18  -30  14 
32  56  -10 
-6  -32  2 
-38  -80  10 
-40  -62  50 
-46  -52  26 
-50  0  24 
48  16  34 
-50  -22  -14 
-32  -2  62 
-60  0  4 
-42  16  4 
-32  54  2 
-16  58  20 
-38  18  -2 
-36  14  0 

//Reference=MNI 
//nullstudy_32
//Subjects=21
-30  -96  14 
-22  44  44 
-30  16  -14 
6  58  42 
-6  -24  -16 
-26  -86  -2 
-54  32  -4 
-4  -4  72 
16  20  50 
-42  26  -24 
-18  -76  -28 
-6  -10  66 
0  10  32 

//Reference=MNI 
//nullstudy_33
//Subjects=20
-38  -6  42 
-2  -62  -28 
-48  -26  64 
30  46  32 
-16  14  -14 

//Reference=MNI 
//nullstudy_34
//Subjects=19
-8  -24  -16 
-20  46  22 
-12  40  48 
-18  44  -20 

//Reference=MNI 
//nullstudy_35
//Subjects=21
-26  54  28 
-6  -62  64 
22  50  -14 
-50  24  38 
-20  -74  14 
-2  -88  40 
-44  -54  -14 
-2  46  -10 
-10  -78  -32 
14  40  54 
30  10  -46 
40  34  44 

//Reference=MNI 
//nullstudy_36
//Subjects=20
-16  -84  16 
-64  -26  -30 
4  34  -8 
-10  -84  -6 
-4  -70  -4 

//Reference=MNI 
//nullstudy_37
//Subjects=22
-54  -26  -18 
-52  -26  12 
-56  28  20 
-12  -80  2 
-12  10  -22 
-34  46  12 
26  24  -14 
-28  -50  10 
-18  24  -20 
-14  -48  -52 
-56  -42  28 

//Reference=MNI 
//nullstudy_38
//Subjects=21
-4  -60  -18 
-60  -14  -12 
-10  -62  -32 
6  16  -28 
-32  -6  64 
-32  30  20 
-66  -38  2 
58  16  26 

//Reference=MNI 
//nullstudy_39
//Subjects=22
-16  -28  -38 
-18  -90  34 
-36  -12  -28 
24  38  36 
-36  -42  60 
12  16  -22 
-36  -52  34 
-46  -52  -30 
54  16  32 
12  22  48 
-34  -2  18 
-60  8  26 
-58  -6  -32 
-4  -38  -18 
0  32  8 
-50  -46  -14 
-20  -14  -36 
14  58  -18 
-52  -48  -12 
-26  -82  -2 
-54  -14  46 
-36  14  -16 
-4  -40  64 
-14  20  -20 
-14  -98  14 
-10  -14  6 
-44  6  -38 
-12  62  2 
-70  -30  6 
-2  66  18 
2  6  -22 
-4  -4  58 
-28  40  38 
4  22  -18 
36  42  6 
-26  -24  -16 
-2  -48  28 
20  44  -16 
-38  -64  20 
-42  -42  -50 
2  18  -6 
-44  -30  46 
-10  20  -2 
-36  -6  -28 
-56  -68  30 
-20  -64  -52 
-34  -42  -34 
-6  -90  24 
-40  -52  -54 
-54  -48  -22 
-16  -68  10 
-32  -34  -10 
-42  -86  -10 
12  22  52 
-4  -4  2 
-36  -24  14 
-4  -20  4 

//Reference=MNI 
//nullstudy_40
//Subjects=19
-52  -20  -6 
-32  18  -20 
2  50  38 

//Reference=MNI 
//nullstudy_41
//Subjects=21
-24  20  62 
-28  14  -12 
-16  -18  -36 
-24  -78  -6 
-58  2  0 
18  56  12 
-50  8  50 
-6  -24  60 
-30  22  60 
-18  -48  -4 
-40  -10  56 
-50  -66  -32 
48  26  14 

//Reference=MNI 
//nullstudy_42
//Subjects=20
0  52  28 
18  14  -20 
-68  -30  14 
-36  -88  -30 
-26  62  -14 
-14  -52  -18 

//Reference=MNI 
//nullstudy_43
//Subjects=21
-36  -30  -30 
-12  -14  4 
-18  -12  78 
38  10  -28 
-32  -96  -10 
-16  -78  -8 
-14  22  54 
-34  -20  -20 
20  22  -4 
-32  -52  58 

//Reference=MNI 
//nullstudy_44
//Subjects=19
-22  -46  2 
-12  44  24 

//Reference=MNI 
//nullstudy_45
//Subjects=22
-8  -30  46 
-34  -16  2 
-26  -22  58 
-56  0  12 
-14  20  14 
-58  6  -6 
-34  -72  -30 
-46  -52  -36 
-24  66  6 
-14  -14  -16 
-16  62  -2 
-12  -48  30 
-20  -48  -46 
-70  -30  -8 
34  10  -30 
-4  -18  -44 
-22  -82  -32 
-50  -44  18 
-44  -2  -28 

//Reference=MNI 
//nullstudy_46
//Subjects=20
-46  10  -24 
-14  -62  66 
-22  -54  4 
-18  -2  20 
-8  -68  64 
-58  -8  42 

//Reference=MNI 
//nullstudy_47
//Subjects=20
34  2  -10 
24  10  60 
-12  48  2 
-48  6  16 
-8  -24  66 
36  20  -26 
-34  -16  42 
-58  8  10 

//Reference=MNI 
//nullstudy_48
//Subjects=21
12  52  18 
-14  60  0 
-24  -54  -34 
-16  -34  -16 
-6  34  50 
42  30  -14 
14  4  -40 

//Reference=MNI 
//nullstudy_49
//Subjects=20
-6  -32  66 
-34  -66  28 
-22  -84  -38 
-52  -2  36 
-14  -6  -20 
26  64  -10 

//Reference=MNI 
//nullstudy_50
//Subjects=19
-30  -64  24 
6  54  -10 
-28  -50  -34 
50  12  -36 
26  8  -36 
26  12  -2 
-8  -26  -40 
-4  -48  -50 
-40  36  2 
-48  -4  -10 
-42  -24  52 
-66  -34  12 
-48  42  16 
-26  -14  -8 
16  48  50 
24  14  -40 
-24  -82  48 
-34  -68  -48 
20  64  24 
0  42  -32 
-20  -44  -16 
-20  -26  10 
8  30  20 
32  50  34 
-30  -94  12 
34  4  -22 
-54  2  -34 
-42  -82  30 
-46  -64  4 
-34  8  -10 
-60  -62  12 
38  24  44 
38  8  -10 
20  48  32 
-40  28  8 
-20  56  2 
10  20  48 
38  50  -12 
8  48  -12 
-12  54  40 
-14  -42  76 
10  20  -14 
40  14  8 
-18  -64  10 
-50  -2  28 
-6  8  34 
-46  18  28 
-44  -14  8 
-14  -22  -16 
-44  42  -20 
-18  -4  -10 
-62  -54  18 
-60  -22  -30 
-6  -48  -58 
60  24  14 
-32  -64  -6 
-10  -28  -14 
8  10  16 
-6  14  2 
-10  -46  68 
-18  -50  66 
-4  -92  4 
20  10  72 
54  4  -36 
-6  -44  -38 
-2  56  38 
-2  24  26 
-26  42  44 
0  12  34 

//Reference=MNI 
//nullstudy_51
//Subjects=20
-28  -76  50 
-36  -48  -58 
-46  -10  -28 
18  20  10 
-8  14  68 
-48  -46  -38 
-48  -56  30 
14  34  46 
-26  -88  34 
-2  42  -12 

//Reference=MNI 
//nullstudy_52
//Subjects=19
-16  -78  -38 
-52  -56  -16 

//Reference=MNI 
//nullstudy_53
//Subjects=20
-8  -16  22 
40  14  28 
-24  -52  12 
12  2  46 
-4  18  54 
-42  -26  -22 

//Reference=MNI 
//nullstudy_54
//Subjects=20
-18  40  -24 
4  38  -34 

//Reference=MNI 
//nullstudy_55
//Subjects=20
-12  -82  -18 
22  16  58 
-6  18  -8 
-26  -12  -6 
-36  -96  -2 
-42  6  42 

//Reference=MNI 
//nullstudy_56
//Subjects=22
-60  -32  8 
-20  6  2 
-36  6  60 
-4  66  16 

//Reference=MNI 
//nullstudy_57
//Subjects=19
-10  -84  -14 
-28  -36  -52 
-6  58  42 
-46  -74  -34 
-26  -58  58 

//Reference=MNI 
//nullstudy_58
//Subjects=19
-26  24  46 
-4  8  -10 
24  56  -8 
-32  -50  -30 
-16  -64  -4 
24  44  42 
-26  60  -14 
-24  8  8 
42  24  30 
-22  -12  62 
40  26  26 
-54  2  -10 
-44  -24  12 
8  38  32 
12  44  44 
32  20  30 
-40  30  -14 
-42  36  -4 
34  32  16 
-54  -72  -20 

//Reference=MNI 
//nullstudy_59
//Subjects=20
-62  -34  10 
-34  -24  72 
-24  -78  -8 
-30  -40  -22 

//Reference=MNI 
//nullstudy_60
//Subjects=21
-34  -54  -30 
-12  -26  80 

//Reference=MNI 
//nullstudy_61
//Subjects=20
-52  10  2 
-34  -64  40 
-38  -30  6 
-30  -32  60 
-42  -56  56 
52  12  36 

//Reference=MNI 
//nullstudy_62
//Subjects=20
-38  -56  50 
-10  -24  64 
-14  -74  50 
-16  -72  24 
-2  -62  -52 
-40  -52  -6 
-58  2  -6 
-30  -36  42 
-18  -58  42 
-32  -14  -6 
-24  -46  -50 
-14  58  18 
-50  -76  14 

//Reference=MNI 
//nullstudy_63
//Subjects=20
-16  -74  24 
-2  -6  10 
60  18  4 
56  12  -30 

//Reference=MNI 
//nullstudy_64
//Subjects=21
-6  -16  18 
10  72  12 
-6  -20  12 
-16  -42  -10 
-44  -58  -34 
-44  52  12 

//Reference=MNI 
//nullstudy_65
//Subjects=20
-32  -28  -16 
20  2  74 
-22  0  64 
-18  58  14 
-18  -58  -20 
-42  6  -24 
48  6  -4 

//Reference=MNI 
//nullstudy_66
//Subjects=20
-36  -70  -12 
8  16  -26 
42  30  -10 
-38  42  30 
-62  8  0 
-28  -92  2 
-58  8  -22 
-32  -48  -2 
38  8  38 

//Reference=MNI 
//nullstudy_67
//Subjects=20
-56  2  -12 
-32  32  -16 

//Reference=MNI 
//nullstudy_68
//Subjects=21
-6  -18  -40 
-46  8  12 
-24  -74  -34 
-18  -86  36 
-6  -74  -28 
-2  18  44 
-24  36  48 
50  16  0 
-42  8  54 
-18  -34  -36 
-40  6  10 
-10  -50  -52 
-22  -12  -44 
-36  -6  48 
-12  -76  -8 
-18  -42  -22 

//Reference=MNI 
//nullstudy_69
//Subjects=20
-38  -18  64 
-22  18  66 
-12  -24  48 
-50  -30  -8 
-16  58  -6 
28  54  4 

//Reference=MNI 
//nullstudy_70
//Subjects=21
-26  -54  56 
-10  -60  52 
-28  -38  52 
-26  -68  -10 
46  26  -6 
-20  -74  -44 
-44  40  26 
-28  -28  -32 
-26  16  0 
-16  -80  14 
-46  -52  -22 
-22  -58  54 
-52  2  -26 

//Reference=MNI 
//nullstudy_71
//Subjects=19
-4  -18  64 
-16  -50  66 
20  14  -34 
-58  6  14 
18  26  4 
-4  2  64 

//Reference=MNI 
//nullstudy_72
//Subjects=20
-66  -50  8 
60  2  -4 
-36  24  10 
24  4  6 
8  48  -24 
-42  40  16 
-42  -68  -24 
-32  18  -12 
58  6  44 
-18  18  46 
-6  -22  -22 
-52  -26  -28 
-34  -80  -22 
-30  -64  -20 

//Reference=MNI 
//nullstudy_73
//Subjects=22
-32  8  -4 
-12  6  -20 
56  24  -6 
-20  -90  14 

//Reference=MNI 
//nullstudy_74
//Subjects=21
-6  -86  -8 
-28  -40  58 
32  48  40 
-42  -48  50 
-40  -34  18 
-26  -52  -4 

//Reference=MNI 
//nullstudy_75
//Subjects=21
-32  -32  52 
-44  -50  30 
-38  34  30 
-32  -32  58 
46  20  -6 
-34  -78  -4 
-4  -28  36 
42  16  20 
46  50  12 
8  26  56 
40  56  20 
-2  -50  -66 
0  50  -6 
-38  -12  14 
-16  -38  -52 
-16  -30  26 
26  40  24 
-46  -20  56 
14  12  -22 
-30  18  -14 
-6  -12  -20 

//Reference=MNI 
//nullstudy_76
//Subjects=19
-52  4  -28 
22  58  -10 
-12  -28  -40 
20  50  24 
50  30  32 
-30  -12  -26 
-18  16  0 
56  34  -2 
-28  -88  0 
-54  16  -24 
34  20  -8 

//Reference=MNI 
//nullstudy_77
//Subjects=20
-68  -12  -10 
-20  -2  54 
-18  -90  -36 
-42  -14  32 
10  16  62 
-14  -82  -14 
-56  26  8 
-22  -42  -28 

//Reference=MNI 
//nullstudy_78
//Subjects=19
-18  58  -12 
6  32  -32 

//Reference=MNI 
//nullstudy_79
//Subjects=21
60  18  30 
-34  -84  6 
-44  26  -18 
-36  -66  2 
-4  -60  54 

//Reference=MNI 
//nullstudy_80
//Subjects=19
-48  -66  -36 
-62  -16  18 
42  2  -28 

//Reference=MNI 
//nullstudy_81
//Subjects=21
28  24  -28 
-28  -38  -38 
-14  -72  16 
-26  -44  62 
-16  -50  74 
-10  -2  72 
-36  44  -14 
-12  -70  2 
46  16  44 

//Reference=MNI 
//nullstudy_82
//Subjects=22
-10  -6  38 
-58  -54  -6 

//Reference=MNI 
//nullstudy_83
//Subjects=21
-6  60  -24 
-44  10  -18 
-2  -68  6 
-6  38  48 
-34  24  30 
-54  -50  -32 
-28  14  -16 
-8  -10  48 
-32  32  4 
-54  -24  -14 
-2  -66  -36 
22  14  50 
-4  -64  20 
-62  -34  28 
-66  -38  22 
-42  16  52 
-16  -48  40 
48  4  12 

//Reference=MNI 
//nullstudy_84
//Subjects=18
-58  -46  42 
-46  -50  38 
-4  -10  -8 
42  28  44 
46  34  34 
-56  -10  50 
-6  -44  -32 
16  42  -24 
-34  -28  44 
-10  -62  40 
-44  -26  -30 
-58  10  30 
-66  -40  36 
-34  62  2 
-16  -34  0 
-26  -66  -56 
-26  -40  -50 
-14  -2  -8 
-48  -48  -48 
-50  -48  54 
-48  -54  26 
22  48  42 
-10  -100  12 
-56  20  30 
58  2  28 
8  28  26 
22  20  -32 
30  32  52 

//Reference=MNI 
//nullstudy_85
//Subjects=19
6  6  -8 
-60  -42  26 
-58  22  18 
14  26  -4 
-14  -94  -4 
-52  24  -8 
-10  0  36 
0  26  26 
-44  -38  16 
18  24  58 
-26  -6  68 
0  16  66 
-10  -18  -22 
-50  -10  0 
-20  -90  36 
-12  46  -10 
-16  -20  -32 
54  24  18 
-6  -94  6 
-16  -70  -54 

//Reference=MNI 
//nullstudy_86
//Subjects=21
-42  0  -18 
-20  -20  60 

//Reference=MNI 
//nullstudy_87
//Subjects=19
-22  -82  -34 
58  18  2 
-62  4  14 
12  14  72 

//Reference=MNI 
//nullstudy_88
//Subjects=20
-42  -22  -30 
-46  34  -6 
-14  -54  -44 
-50  -68  -16 
-24  -68  24 
-16  -82  2 
2  52  46 
-10  -68  -28 
-54  8  16 
-30  -48  48 
-44  -48  12 
-46  -54  -26 
26  16  6 

//Reference=MNI 
//nullstudy_89
//Subjects=21
56  30  4 
-34  10  -14 

//Reference=MNI 
//nullstudy_90
//Subjects=21
-12  -54  -22 
-38  -86  -20 
-30  44  26 
-52  2  40 
-2  -34  -20 
-34  -56  50 
-44  -60  -18 

//Reference=MNI 
//nullstudy_91
//Subjects=20
-52  -58  4 
-30  8  -44 
8  48  48 
-16  -28  6 
-56  -10  -24 
-16  -92  -32 
-42  16  -18 
-4  -68  52 
62  6  18 
10  22  64 
-12  -60  -10 
-48  -8  40 
-2  -44  -50 

//Reference=MNI 
//nullstudy_92
//Subjects=21
-38  -50  -36 
-42  58  -2 
-54  -42  -10 
52  4  2 
-16  -26  -20 
-18  -76  38 
22  10  0 
-18  -46  -12 
-22  -98  6 
-18  -100  -16 
-54  2  42 
14  40  -28 
-14  -62  6 

//Reference=MNI 
//nullstudy_93
//Subjects=22
-8  -74  -46 
-14  -56  -44 
10  44  -18 
-42  36  28 

//Reference=MNI 
//nullstudy_94
//Subjects=21
-22  -42  -32 
-66  -28  14 
-16  -24  66 
8  12  66 
-26  -2  12 
-8  -24  8 
-14  -26  62 
-50  -58  28 
-14  20  10 
12  24  -8 
-12  -10  64 
-42  12  48 
-6  -48  50 
20  62  24 

//Reference=MNI 
//nullstudy_95
//Subjects=19
-42  -32  8 
-34  -32  -26 
-30  -28  -26 
-8  -68  -46 
-12  60  -20 
-18  -56  -22 
-12  24  64 
-14  34  50 
-40  -56  2 
62  8  2 
34  32  44 
-50  8  -12 

//Reference=MNI 
//nullstudy_96
//Subjects=20
-54  -12  10 
-22  -36  -44 
-12  24  -26 
32  24  42 
-20  -64  56 
-56  -68  10 
-34  10  6 
-12  42  -6 
-28  64  2 
-32  -92  10 
-4  -76  20 
-18  -82  -14 
-16  -80  -46 

//Reference=MNI 
//nullstudy_97
//Subjects=19
-54  -58  -22 
32  2  -50 
-44  -10  32 

//Reference=MNI 
//nullstudy_98
//Subjects=20
-20  66  18 
-60  -58  -22 
-30  -68  -42 
28  10  -36 
-4  20  -16 

//Reference=MNI 
//nullstudy_99
//Subjects=21
50  12  52 
8  46  54 
-48  24  16 

//Reference=MNI 
//nullstudy_100
//Subjects=20
-40  -20  18 
-14  18  4 
-42  24  28 
-22  10  -12 
-32  -2  12 

