//Reference=MNI 
//truestudy_1
//Subjects=11
46  -67  -5 
46  -65  -5 
47  -66  -5 
46  -66  -7 
45  -66  -5 
47  -66  -5 
45  -64  -5 
46  -66  -6 
46  -67  -6 
48  -65  -6 
47  -66  -8 
47  -67  -7 
47  -66  -7 

//Reference=MNI 
//truestudy_2
//Subjects=11
46  -66  -6 
46  -66  -5 
47  -67  -5 
47  -65  -6 
47  -64  -5 
45  -65  -7 
47  -69  -6 
46  -65  -6 
47  -64  -6 
46  -68  -5 
46  -66  -6 
46  -64  -5 
45  -66  -3 
45  -66  -6 
46  -66  -5 

//Reference=MNI 
//truestudy_3
//Subjects=10
46  -66  -5 
48  -65  -6 
47  -66  -6 
47  -66  -6 

//Reference=MNI 
//nullstudy_1
//Subjects=11
-10  -30  78 
-24  14  52 
-8  -40  -60 
-64  -50  28 
-22  -10  -16 
-48  -48  -10 
-28  -30  74 
30  54  -14 
-36  -66  -20 
34  22  46 
-6  14  -26 
-26  -60  10 
-8  -84  20 

//Reference=MNI 
//nullstudy_2
//Subjects=11
22  50  -12 
-12  26  6 
-4  22  42 
-56  -8  24 
-48  -40  22 
-8  -38  -4 
-6  -88  36 
40  8  -10 
-6  16  68 
-56  -40  20 
-66  -12  -8 
-16  0  -26 
16  28  -20 
-36  -38  -42 
-40  56  -4 

//Reference=MNI 
//nullstudy_3
//Subjects=10
44  44  22 
-8  24  50 
-32  -68  32 
-54  -34  36 

//Reference=MNI 
//nullstudy_4
//Subjects=10
-42  22  -16 
44  52  10 
32  6  -14 
-44  18  2 
48  28  14 

//Reference=MNI 
//nullstudy_5
//Subjects=8
-42  16  2 
-50  -16  40 

//Reference=MNI 
//nullstudy_6
//Subjects=8
-36  58  8 
-52  -4  20 

//Reference=MNI 
//nullstudy_7
//Subjects=10
16  54  26 
-40  16  -38 
-26  -46  54 
18  16  16 
-12  -48  -46 
-36  -72  34 
-32  -88  34 
-12  -46  28 

//Reference=MNI 
//nullstudy_8
//Subjects=12
-10  32  46 
-50  -4  32 
-34  -70  -28 
20  12  46 
-20  -96  26 
-24  -48  -52 
-20  50  34 
-28  -56  38 
-26  -34  72 
-12  -58  -58 
-42  4  -6 
-12  -26  16 
-18  -96  0 
-8  -68  40 
-8  40  2 
-38  -12  -48 
40  44  -6 
-10  -96  -24 
-18  -46  4 
-28  28  40 
-38  28  50 
-20  2  60 
42  32  24 
-24  -90  -12 
-50  -50  -46 
4  8  -4 
-22  -80  0 
-34  -80  28 
22  24  -20 

//Reference=MNI 
//nullstudy_9
//Subjects=9
-4  -24  68 
-6  34  62 
-50  -38  12 

//Reference=MNI 
//nullstudy_10
//Subjects=9
44  42  -18 
-52  -68  -4 

//Reference=MNI 
//nullstudy_11
//Subjects=10
-44  -60  16 
-52  2  10 
-36  -80  10 
-30  -60  -18 
30  64  12 

//Reference=MNI 
//nullstudy_12
//Subjects=10
22  52  42 
-22  66  12 
-20  22  -16 
42  20  -16 

//Reference=MNI 
//nullstudy_13
//Subjects=9
-6  14  52 
-38  16  -10 
58  12  0 

//Reference=MNI 
//nullstudy_14
//Subjects=10
-10  -92  32 
42  6  -26 
-54  2  -18 
-26  6  48 
8  28  26 
-42  -60  8 
-16  -56  62 
14  16  32 
-10  -4  26 
-4  -58  -58 
-4  38  28 
-36  -82  -38 
-2  28  -2 

//Reference=MNI 
//nullstudy_15
//Subjects=8
34  10  24 
-56  -48  -30 
-52  0  -18 

//Reference=MNI 
//nullstudy_16
//Subjects=10
38  32  30 
-16  -22  38 
-48  16  24 
-26  -36  2 

//Reference=MNI 
//nullstudy_17
//Subjects=9
-30  -34  40 
-38  -34  50 
-10  30  48 

//Reference=MNI 
//nullstudy_18
//Subjects=11
26  24  50 
42  10  -16 
30  8  -18 
16  12  -22 
-8  -48  30 
-36  10  64 
-18  -24  70 
-54  -66  34 
-46  2  50 
-26  -70  -8 
-12  20  14 
34  22  -8 
-14  50  -4 
-34  -74  -28 
20  30  -26 
-50  -60  -26 
-38  -8  -10 
22  34  38 
50  40  18 
4  6  -4 
-30  50  0 
-36  -14  66 
-8  52  0 
-46  4  -16 
-16  68  20 
-48  -64  -28 
-42  -6  -38 
-46  16  26 
-6  -76  22 
-26  -84  -6 
-16  22  -22 
30  20  -24 
-52  -80  10 
-10  -52  54 
-44  12  -30 
-46  28  24 
0  46  2 
-28  -34  72 
-20  -76  -46 
-10  -38  72 
-20  -86  24 
-52  12  16 

//Reference=MNI 
//nullstudy_19
//Subjects=9
-40  24  -22 
0  16  -4 

//Reference=MNI 
//nullstudy_20
//Subjects=9
-6  -38  48 
42  28  -14 
-2  64  0 

//Reference=MNI 
//nullstudy_21
//Subjects=10
38  22  32 
-4  46  36 
-8  16  -12 
-52  14  -26 
-8  -86  -4 
-18  -42  -42 
-10  -40  64 

//Reference=MNI 
//nullstudy_22
//Subjects=10
-52  40  10 
-36  8  60 
-36  -6  -34 
14  14  20 
50  18  6 
-4  -46  -8 
-6  -16  -40 
-22  -32  -14 
-14  18  62 
-18  -62  -34 
-42  36  34 
-48  -72  36 
34  48  18 
-48  -48  -8 
-18  -94  -8 

//Reference=MNI 
//nullstudy_23
//Subjects=12
-10  -72  -24 
-54  26  6 
-32  -28  12 
-58  -36  -14 
-30  -68  -28 
20  18  -36 
-42  -60  30 
6  58  -18 
-24  4  -2 
42  12  -40 
48  12  50 
46  34  22 

//Reference=MNI 
//nullstudy_24
//Subjects=10
40  8  22 
0  4  30 
-28  -28  -16 
-52  4  44 

//Reference=MNI 
//nullstudy_25
//Subjects=10
-50  -76  -16 
12  72  6 
-8  -10  -32 
-12  -38  -46 

//Reference=MNI 
//nullstudy_26
//Subjects=10
-28  -68  28 
-18  4  74 
32  16  -8 
-52  -14  38 
-40  -10  32 

//Reference=MNI 
//nullstudy_27
//Subjects=10
6  50  -16 
6  46  -30 
-8  58  -4 
-20  -36  -16 
-26  -36  50 

//Reference=MNI 
//nullstudy_28
//Subjects=10
-52  -34  46 
-14  -70  10 
-40  46  -16 
2  56  0 
-32  -92  -10 
-12  -52  54 

//Reference=MNI 
//nullstudy_29
//Subjects=10
-6  22  30 
18  8  52 
-46  -24  0 
-44  -86  -12 
6  64  28 
-38  10  -42 

//Reference=MNI 
//nullstudy_30
//Subjects=10
-4  -12  -4 
-46  -66  -46 
-68  -18  -20 
-22  -92  12 
8  48  -10 

//Reference=MNI 
//nullstudy_31
//Subjects=11
-2  -12  12 
-24  26  48 
-54  -18  -24 
-24  -46  0 
34  34  -10 
20  2  56 
-54  -4  48 
-20  -70  52 
60  18  4 
-32  -72  -16 
-22  -6  64 
4  14  72 
-40  -58  38 
-24  -84  30 
-24  -34  -6 

//Reference=MNI 
//nullstudy_32
//Subjects=10
-32  0  -26 
18  64  22 
-6  44  -22 
12  60  24 
-4  22  -20 
-56  -6  -28 

//Reference=MNI 
//nullstudy_33
//Subjects=11
-34  -54  0 
4  4  20 
22  20  -36 
-34  46  2 
-60  -56  -16 
36  8  -48 
32  34  50 
12  30  24 

//Reference=MNI 
//nullstudy_34
//Subjects=8
-52  4  48 
-10  -86  -40 

//Reference=MNI 
//nullstudy_35
//Subjects=9
14  44  -20 
32  22  -2 
-52  -30  6 
-50  6  -36 

//Reference=MNI 
//nullstudy_36
//Subjects=11
-20  -26  64 
-36  14  -8 
30  56  -10 
-4  20  20 
-50  16  -2 
-64  -54  30 
-8  -86  -28 
-28  -38  -52 
24  12  -38 
-16  -36  6 

//Reference=MNI 
//nullstudy_37
//Subjects=9
-16  -30  12 
-50  -52  46 
-52  -16  -20 

//Reference=MNI 
//nullstudy_38
//Subjects=10
-4  -32  8 
-52  -52  38 
-58  2  -12 
42  2  -10 
-48  -60  12 

//Reference=MNI 
//nullstudy_39
//Subjects=12
-6  -26  70 
16  10  72 
-22  26  44 
-16  -34  42 
-28  -22  72 
-46  18  32 
-8  -48  -2 
-18  -74  -54 
-22  -82  22 
-28  -28  -14 
-32  -68  -24 
10  54  24 
2  16  -26 
-36  8  36 
-22  -44  62 
-42  18  38 
-14  -72  14 
42  32  22 
48  8  -4 
-28  -60  34 
-38  -36  22 
-14  46  -10 
-18  24  -26 

//Reference=MNI 
//nullstudy_40
//Subjects=10
44  10  32 
-38  18  46 
54  8  32 
-8  -60  -24 
-16  -50  64 
-42  -30  60 
-36  -10  18 

//Reference=MNI 
//nullstudy_41
//Subjects=9
-18  -50  4 
-26  4  -18 
-48  6  50 

//Reference=MNI 
//nullstudy_42
//Subjects=11
-68  -48  -10 
-34  38  26 
4  46  52 
-32  14  -30 
20  26  4 
-18  -18  -32 
-20  4  48 
-14  -52  56 
-50  -68  26 
10  56  -4 
-22  56  -6 
-46  22  22 

//Reference=MNI 
//nullstudy_43
//Subjects=10
-18  68  14 
-46  14  46 
30  14  28 
-10  -6  -12 
-6  -62  10 
30  16  -14 
4  12  70 

//Reference=MNI 
//nullstudy_44
//Subjects=10
-16  36  34 
-56  -8  14 
-58  -32  4 
-36  -6  -42 
-68  -10  -18 

//Reference=MNI 
//nullstudy_45
//Subjects=11
2  32  -4 
16  46  46 
-14  -18  12 
-60  -32  34 
-42  -56  32 
12  14  14 
26  4  -32 
18  26  -20 
-54  0  48 
-40  -34  68 
-34  -14  44 

//Reference=MNI 
//nullstudy_46
//Subjects=11
-8  -16  -12 
-10  18  50 
-6  44  22 
-2  -58  -38 
-32  -28  66 
-40  -80  -30 
-10  -28  -26 
-54  -28  -16 
-46  32  -10 
30  26  -28 
-54  -32  8 

//Reference=MNI 
//nullstudy_47
//Subjects=10
-46  -8  2 
6  48  36 
-16  -44  44 
-24  34  56 
-26  -64  26 

//Reference=MNI 
//nullstudy_48
//Subjects=10
-62  -42  -18 
-38  -4  64 
-52  -8  4 
-18  -76  40 
12  16  34 
-20  -54  -6 
26  20  -40 
-28  -2  -8 
-64  -58  10 
20  14  -42 
-36  -26  20 
-4  48  8 
-8  16  40 

//Reference=MNI 
//nullstudy_49
//Subjects=10
-58  -14  10 
-20  -82  -42 
12  58  -8 

//Reference=MNI 
//nullstudy_50
//Subjects=11
-12  -86  -38 
-68  -36  24 
-26  -30  -14 
-30  -64  50 
12  8  -16 
-6  -56  -12 
-50  14  30 
30  20  -6 
-50  4  -36 
-12  -84  42 
0  10  40 
-62  -56  24 
12  42  -10 
-52  18  -8 
58  8  36 
32  36  -22 
-34  -56  62 
-28  -92  -24 
-10  -14  18 
-8  52  48 
2  50  8 
-6  -68  56 
-4  40  10 
42  6  50 

//Reference=MNI 
//nullstudy_51
//Subjects=11
-32  0  -38 
32  52  6 
-22  14  -20 
-64  -24  2 
64  10  4 
-34  -66  -10 
40  26  -26 
-2  -80  26 
-56  -56  -8 
-60  4  6 
-62  -42  -14 

//Reference=MNI 
//nullstudy_52
//Subjects=8
0  40  6 
-58  -50  34 

//Reference=MNI 
//nullstudy_53
//Subjects=10
-40  60  -4 
-64  -22  12 
-26  -80  16 
-58  4  -10 
50  34  16 

//Reference=MNI 
//nullstudy_54
//Subjects=11
18  54  4 
-30  22  54 
-44  -44  34 
-4  66  10 
-48  -18  18 
-38  50  20 
-6  -56  16 
-26  -26  -14 
48  34  4 
-54  -64  -2 
0  2  42 
-8  -84  -14 
-24  -14  62 
-58  -38  2 
-36  -62  46 

//Reference=MNI 
//nullstudy_55
//Subjects=10
-20  -54  18 
-50  2  28 

//Reference=MNI 
//nullstudy_56
//Subjects=10
6  24  52 
-44  16  44 
-14  -18  48 
6  42  18 
-24  4  -14 
-30  -24  -24 
-36  36  -6 

//Reference=MNI 
//nullstudy_57
//Subjects=10
-12  -48  32 
20  54  28 
-22  -32  68 
-36  -68  -42 
-34  -46  -10 
14  18  64 
-50  18  42 
-68  -20  12 

//Reference=MNI 
//nullstudy_58
//Subjects=10
34  28  38 
-56  -12  30 
-26  10  -28 
-2  -90  -18 
-2  -28  40 
-28  46  14 

//Reference=MNI 
//nullstudy_59
//Subjects=8
-2  -84  -4 
16  20  -4 
24  20  -38 

//Reference=MNI 
//nullstudy_60
//Subjects=10
-24  40  26 
28  42  46 

//Reference=MNI 
//nullstudy_61
//Subjects=9
-42  -26  2 
4  4  62 
34  12  62 
30  34  22 
-18  62  20 
50  28  18 

//Reference=MNI 
//nullstudy_62
//Subjects=9
-36  -4  52 
-26  -72  -56 
-32  -22  14 

//Reference=MNI 
//nullstudy_63
//Subjects=9
-4  36  -22 
32  6  -10 

//Reference=MNI 
//nullstudy_64
//Subjects=12
-60  -14  -10 
-32  -80  -24 

//Reference=MNI 
//nullstudy_65
//Subjects=9
-44  26  -10 
14  60  18 
-40  -48  64 
-62  -4  20 
26  14  6 
-46  -42  -4 
-6  -34  -56 
-10  -12  64 
8  68  18 
8  2  70 
-20  6  52 
-42  -62  -48 
-40  -2  56 
8  44  -20 
-46  40  20 
6  14  -6 
-16  -42  18 

//Reference=MNI 
//nullstudy_66
//Subjects=8
-32  -90  8 
52  46  8 
22  12  66 

//Reference=MNI 
//nullstudy_67
//Subjects=10
-48  -30  48 
-20  -60  0 

//Reference=MNI 
//nullstudy_68
//Subjects=11
-48  -72  -28 
-16  10  -2 
0  60  -4 
-30  10  6 
32  46  -20 

//Reference=MNI 
//nullstudy_69
//Subjects=10
-4  -66  28 
-32  -64  -10 
-48  -72  40 
28  26  6 
40  26  50 
-10  52  12 
-60  -14  20 

//Reference=MNI 
//nullstudy_70
//Subjects=9
-14  -84  -46 
-50  2  48 
-40  -82  -36 

//Reference=MNI 
//nullstudy_71
//Subjects=10
10  64  14 
-14  -40  36 
8  14  -4 

//Reference=MNI 
//nullstudy_72
//Subjects=10
-38  -52  -22 
-36  -92  6 
-22  -76  -16 
36  6  -32 
48  4  24 
50  40  22 
-8  -86  -10 

//Reference=MNI 
//nullstudy_73
//Subjects=7
-22  -90  -32 
52  42  16 
-14  -62  2 
-6  26  22 
8  44  30 

//Reference=MNI 
//nullstudy_74
//Subjects=9
-24  38  46 
-18  -62  -10 

//Reference=MNI 
//nullstudy_75
//Subjects=9
-42  42  30 
4  40  -14 

//Reference=MNI 
//nullstudy_76
//Subjects=10
-2  48  46 
-34  8  2 
-28  24  60 

//Reference=MNI 
//nullstudy_77
//Subjects=8
-36  -66  -46 
-44  -30  62 
-38  -62  12 
42  22  -26 
-46  -72  -2 
18  28  2 

//Reference=MNI 
//nullstudy_78
//Subjects=10
-12  -68  -8 
-26  -32  -24 

//Reference=MNI 
//nullstudy_79
//Subjects=10
-32  -80  22 
-4  60  32 
-50  -72  -40 
40  24  40 
12  30  60 
-10  -66  -8 
-36  -44  -42 

//Reference=MNI 
//nullstudy_80
//Subjects=12
-8  54  -2 
30  48  20 
-2  -28  -14 
-32  8  -28 

//Reference=MNI 
//nullstudy_81
//Subjects=8
-14  -6  -32 
-6  -48  -58 
14  64  6 
-16  -44  -6 
-10  -74  34 
-32  -60  54 
46  32  6 
-30  -4  66 
54  40  -8 
20  38  44 
-52  -34  40 
-30  42  -18 
-14  12  16 
-16  -92  -18 

//Reference=MNI 
//nullstudy_82
//Subjects=10
-28  -52  52 
-46  -24  38 
4  48  -6 

//Reference=MNI 
//nullstudy_83
//Subjects=9
-22  -2  2 
-26  -8  42 
-22  -94  20 
-20  18  42 
-14  -82  42 

//Reference=MNI 
//nullstudy_84
//Subjects=10
-20  -66  42 
-36  -6  -30 
-18  4  64 

//Reference=MNI 
//nullstudy_85
//Subjects=9
-36  18  34 
-8  38  -2 
-10  -32  14 

//Reference=MNI 
//nullstudy_86
//Subjects=10
-12  -74  2 
-2  68  -10 

//Reference=MNI 
//nullstudy_87
//Subjects=13
-4  -8  32 
-28  -62  -52 
-16  -66  30 
38  30  46 
0  26  -22 
16  60  -20 
10  52  20 

//Reference=MNI 
//nullstudy_88
//Subjects=10
-38  6  48 
-64  -4  6 
-6  36  52 
-50  6  -28 
52  16  6 
-8  -58  -48 
-30  -84  2 
-12  66  26 
56  40  4 
22  44  44 
-26  -60  -36 
-16  -50  50 
-48  -70  -22 
-24  -34  62 
-56  26  10 
-58  -42  26 
-28  10  4 
-44  20  52 
42  18  26 
-30  -54  -46 
-50  -30  -8 
-46  48  8 
30  20  -24 
58  6  -30 
-70  -34  -12 
-22  -38  -40 
-24  44  16 

//Reference=MNI 
//nullstudy_89
//Subjects=11
-22  -66  18 
-40  -50  14 
-20  6  -18 
-2  -70  50 
14  18  -22 
52  18  -32 
-32  -68  -10 
22  18  54 
-40  -2  -34 
0  34  -22 
-16  -60  -38 
-22  14  -10 
-24  -96  -24 
-44  -66  42 
42  10  -30 
2  10  58 
6  40  -6 
-10  -20  -10 
-2  -56  -16 
-42  -18  54 
-34  -84  -26 
22  14  48 
-24  46  -16 
-48  -46  -4 
-32  -86  30 
54  6  48 
-36  -56  -34 
-58  -62  -22 
-34  -40  -34 
-44  -24  -6 
22  32  30 
-40  -18  -4 

//Reference=MNI 
//nullstudy_90
//Subjects=10
-24  8  -22 
-58  -54  6 
-42  -42  18 
48  2  26 
-62  -28  44 
-12  14  54 
-34  -8  -48 
-22  44  -10 
-44  6  18 
8  62  20 

//Reference=MNI 
//nullstudy_91
//Subjects=10
-22  8  -34 
-32  -40  -50 
16  10  -8 
-2  -20  20 
-42  -2  12 
-28  16  14 
-4  -68  -36 
-50  -18  44 
10  16  56 
-16  4  -42 
-30  36  28 
-26  -68  -62 
-38  -78  42 
-36  -26  40 

//Reference=MNI 
//nullstudy_92
//Subjects=12
38  38  30 
-14  44  44 
-22  -88  -46 
-4  -84  22 
30  58  -10 
-4  -66  -30 
30  22  -10 
-44  36  -18 
-64  -22  -18 
-10  0  60 
-36  42  -12 
-44  6  -22 
30  28  48 
-4  -76  52 
40  38  22 
-32  26  50 
-46  -50  30 
-48  10  -18 
-18  -84  4 
-36  20  -6 

//Reference=MNI 
//nullstudy_93
//Subjects=11
16  44  16 
-36  -52  54 
-60  -40  -14 
-6  42  36 
-8  30  58 
-12  -62  6 
-26  -78  -2 
-28  -60  50 

//Reference=MNI 
//nullstudy_94
//Subjects=12
46  14  -36 
-52  -16  16 
24  48  16 
-6  -68  -36 
-40  -82  -12 
-10  -60  62 
-24  -36  68 
18  56  -22 
-6  -42  -60 
-14  6  -24 
-14  0  -36 
-56  28  22 
-24  36  36 
14  18  36 

//Reference=MNI 
//nullstudy_95
//Subjects=10
-12  14  64 
36  8  50 
-26  -62  26 
-8  -48  24 
58  22  6 
-60  -36  28 
-8  -34  34 

//Reference=MNI 
//nullstudy_96
//Subjects=12
42  54  16 
-24  -38  76 
-56  -58  -8 
-36  -26  56 
14  36  -28 
40  20  -4 
-50  -66  -32 
-28  -10  48 
-14  -46  38 
-30  -34  -38 
-16  44  36 
-36  44  36 
30  24  10 
-8  8  50 
-32  -2  44 

//Reference=MNI 
//nullstudy_97
//Subjects=10
-48  -42  48 
-8  6  -14 
-6  -68  -8 
-6  -104  -12 
-62  -42  38 
-32  -8  56 
2  36  -14 
-22  -92  18 

//Reference=MNI 
//nullstudy_98
//Subjects=11
40  34  -18 
-38  28  36 
-52  -6  52 
56  10  12 
-10  -28  -30 
-62  -10  14 
-24  40  -22 
-32  -10  -26 
-46  -12  34 
-52  -8  4 
6  44  -14 
-28  16  -44 
-10  -54  -44 
-60  -10  18 
28  66  -6 

//Reference=MNI 
//nullstudy_99
//Subjects=12
-30  6  8 
-32  -98  6 
-44  8  14 
-14  -18  -28 
36  18  36 
-38  -80  -34 
-36  -64  16 
-24  66  6 
-60  -38  50 

//Reference=MNI 
//nullstudy_100
//Subjects=10
-48  12  30 
-46  4  6 
-26  56  28 
-12  14  64 
-38  -90  -16 
-20  8  -44 
-30  -48  58 
-14  28  -22 
-16  -90  6 
-32  -50  -22 
-30  -34  -20 
-4  -72  60 
-34  -58  -60 
56  10  -26 
8  6  10 
44  46  -14 
-16  16  -22 
-54  -32  38 
-20  -62  -26 

