//Reference=MNI 
//truestudy_1
//Subjects=30
47  -69  -8 
47  -68  -5 
46  -67  -5 
47  -66  -7 
46  -65  -7 

//Reference=MNI 
//truestudy_2
//Subjects=32
47  -66  -6 
47  -67  -7 
46  -66  -5 
44  -65  -6 
47  -67  -5 
47  -67  -7 
47  -67  -6 
46  -66  -6 
45  -64  -6 
45  -67  -7 
47  -66  -4 
44  -65  -7 
46  -68  -7 
47  -64  -6 
47  -65  -8 
47  -67  -7 
45  -66  -7 
47  -66  -8 
48  -65  -7 
46  -68  -6 
48  -65  -5 
46  -66  -7 
44  -65  -5 
45  -65  -6 

//Reference=MNI 
//truestudy_3
//Subjects=30
46  -65  -5 
48  -65  -5 
48  -68  -5 
48  -67  -6 
48  -65  -7 
48  -64  -5 
45  -65  -7 

//Reference=MNI 
//nullstudy_1
//Subjects=30
-4  -28  72 
-20  -64  30 
32  26  -20 
32  22  32 
-46  10  18 

//Reference=MNI 
//nullstudy_2
//Subjects=32
-4  -30  36 
32  38  40 
-60  -18  8 
-10  -60  -50 
58  4  24 
-8  8  62 
-32  2  36 
-54  -36  12 
-4  4  -14 
-26  -74  -12 
-22  -44  56 
-28  -70  -54 
-30  42  14 
16  58  22 
-4  32  36 
46  6  44 
2  46  -12 
-48  -40  42 
42  14  58 
24  12  0 
-44  -26  54 
-20  -58  -52 
-44  14  -16 
-40  22  -26 

//Reference=MNI 
//nullstudy_3
//Subjects=30
50  26  -2 
-22  -8  46 
30  4  50 
-52  -20  48 
20  4  60 
-10  -34  52 
-38  -28  -12 

//Reference=MNI 
//nullstudy_4
//Subjects=30
-38  -48  -14 
24  46  12 
22  10  -14 
32  42  28 
-16  -72  0 
6  6  -28 
-38  4  -46 
48  24  8 

//Reference=MNI 
//nullstudy_5
//Subjects=30
-28  6  10 
-32  30  48 
-52  -24  -2 

//Reference=MNI 
//nullstudy_6
//Subjects=29
-6  62  12 
8  4  58 
-18  60  26 

//Reference=MNI 
//nullstudy_7
//Subjects=31
-36  22  -26 
-38  4  -10 
26  12  68 
-40  -46  -38 
-12  68  20 
-44  -44  26 
-36  -10  -26 
-26  18  -34 
-36  0  16 
-6  40  -2 
-44  34  22 
-16  -30  -14 
-40  -66  -26 
-26  8  -10 
-6  10  4 
-48  -10  46 
30  46  12 
-56  14  20 
-64  -18  12 
-50  -8  -46 

//Reference=MNI 
//nullstudy_8
//Subjects=29
-62  -44  16 
26  32  -8 

//Reference=MNI 
//nullstudy_9
//Subjects=29
-6  -12  -34 
-28  -6  -12 

//Reference=MNI 
//nullstudy_10
//Subjects=29
0  42  32 
-46  -72  4 
-40  -44  -32 
-42  -40  -28 

//Reference=MNI 
//nullstudy_11
//Subjects=30
28  46  38 
-30  -18  -36 
-52  -30  20 
-22  -94  -24 
-2  -32  8 
-28  -60  4 

//Reference=MNI 
//nullstudy_12
//Subjects=31
-54  14  38 
8  2  44 
12  2  18 
-2  -18  0 
-18  -64  -34 
58  4  32 
42  14  8 
-34  -84  -34 
6  22  40 
-48  -78  20 

//Reference=MNI 
//nullstudy_13
//Subjects=30
-36  6  60 
-52  -22  2 
-46  -56  -36 
-14  -28  76 
-42  -18  0 
-62  -12  20 

//Reference=MNI 
//nullstudy_14
//Subjects=31
-10  -58  22 
-40  54  -8 
-48  -10  2 
-2  44  20 
-16  -12  30 
26  16  -4 
-46  -60  -20 
-4  46  -16 
24  58  -4 

//Reference=MNI 
//nullstudy_15
//Subjects=30
36  50  -2 
-18  -60  28 
-68  -20  28 
-42  -6  -44 

//Reference=MNI 
//nullstudy_16
//Subjects=30
-56  -28  -28 
-18  26  -22 
20  16  6 
-44  -32  44 
-28  -64  -50 
6  64  4 
-36  -18  -16 
-10  -40  -44 

//Reference=MNI 
//nullstudy_17
//Subjects=32
-68  -34  32 
22  58  8 
-58  -22  20 
-4  -4  -28 
-54  22  4 
-42  -78  -12 
-40  -50  36 
-30  0  -32 
-24  4  62 
-42  4  0 
12  38  6 
8  40  44 
40  24  -26 
-10  2  12 
-6  -64  -20 
-18  -72  -24 
32  32  -14 
-20  12  -2 
-26  48  -8 
-50  -8  48 
12  6  40 
60  4  30 
-42  -4  -2 
-2  -50  36 
-20  -64  20 
-14  -38  62 
-6  -72  -20 
-54  -16  50 
-18  66  -2 
32  14  4 
-20  -92  -36 
-52  -46  8 
-36  32  30 

//Reference=MNI 
//nullstudy_18
//Subjects=29
-22  -94  -18 
-30  -70  44 

//Reference=MNI 
//nullstudy_19
//Subjects=31
-64  -24  -16 
22  8  48 
-4  -14  8 
-38  -10  20 
12  36  56 
-32  26  50 
-50  -44  -40 
-6  10  0 
-12  -48  72 
-40  6  50 
36  18  46 
-48  -80  -4 
-42  -26  -22 

//Reference=MNI 
//nullstudy_20
//Subjects=29
42  6  -20 
-30  -74  28 
14  58  38 
-42  -4  -46 

//Reference=MNI 
//nullstudy_21
//Subjects=29
-30  -48  44 
-66  -46  4 
34  30  36 

//Reference=MNI 
//nullstudy_22
//Subjects=30
-4  -98  12 
32  20  -10 
-12  12  36 
28  22  4 

//Reference=MNI 
//nullstudy_23
//Subjects=29
-12  22  -28 
-16  -36  -6 
-64  -4  -4 

//Reference=MNI 
//nullstudy_24
//Subjects=30
36  64  2 
-34  6  26 
-50  -66  -14 
-42  -44  -20 
-52  -8  -10 
6  4  32 
-2  -10  -4 
-14  -20  74 

//Reference=MNI 
//nullstudy_25
//Subjects=30
-32  -20  -2 
2  34  -20 
-46  -36  22 
28  46  -20 
36  54  -8 
-28  46  24 

//Reference=MNI 
//nullstudy_26
//Subjects=31
14  18  60 
4  44  4 
-8  -30  50 
-4  2  44 
14  70  0 
-10  -74  -38 
-34  -30  14 
48  4  -26 
-22  -30  72 
6  34  4 
-50  -22  -30 
38  22  40 
-34  16  26 
58  2  6 
-4  -72  -26 
22  22  -18 

//Reference=MNI 
//nullstudy_27
//Subjects=29
-18  48  28 
-36  -62  -52 
-8  68  12 

//Reference=MNI 
//nullstudy_28
//Subjects=29
18  20  14 
-4  64  30 

//Reference=MNI 
//nullstudy_29
//Subjects=30
-16  0  -10 
-8  64  26 
-6  2  76 
-6  48  22 
-44  6  40 

//Reference=MNI 
//nullstudy_30
//Subjects=30
-36  -2  -24 
-36  8  56 
-2  22  44 
-26  -6  -50 
-44  28  24 
18  58  38 

//Reference=MNI 
//nullstudy_31
//Subjects=31
-8  42  18 
-32  32  50 
-2  -40  -56 
-60  6  30 
-10  68  22 
-60  -24  6 
-26  2  -44 
-28  -4  -36 
-6  -46  -60 

//Reference=MNI 
//nullstudy_32
//Subjects=30
-58  -30  24 
-60  -34  22 
-44  -24  44 
-10  46  -8 

//Reference=MNI 
//nullstudy_33
//Subjects=29
-6  50  -6 
-42  -6  12 

//Reference=MNI 
//nullstudy_34
//Subjects=28
-36  -38  10 
30  14  -44 

//Reference=MNI 
//nullstudy_35
//Subjects=29
-28  58  28 
-30  -82  -36 
-12  38  -6 
-6  -48  68 

//Reference=MNI 
//nullstudy_36
//Subjects=30
2  46  -22 
-6  36  30 
-50  -36  50 
-6  -16  0 
-8  -88  -4 

//Reference=MNI 
//nullstudy_37
//Subjects=31
-22  -88  -32 
-2  -82  -4 
-12  -74  10 
-14  -84  30 
-24  -56  2 
-16  -14  -18 
-20  -28  -16 
-68  -30  24 
-26  -42  -4 
-6  -88  18 
-10  -32  -22 
-8  -90  -8 
-12  -34  48 
-14  -50  -36 
-66  -54  2 
-20  0  -44 

//Reference=MNI 
//nullstudy_38
//Subjects=31
-18  -78  -54 
-12  -34  -42 
-40  -24  2 
-44  46  0 
-10  -56  -38 
-24  -68  -42 
-10  -56  -6 
0  6  40 
-30  12  48 
-62  -18  -2 
-38  58  -10 

//Reference=MNI 
//nullstudy_39
//Subjects=30
8  34  -24 
-16  -54  -4 

//Reference=MNI 
//nullstudy_40
//Subjects=29
20  22  54 
-42  -70  0 
-28  38  22 

//Reference=MNI 
//nullstudy_41
//Subjects=30
-4  -84  -10 
-32  -74  -36 
-38  -18  22 
-40  30  -22 
-28  20  -22 

//Reference=MNI 
//nullstudy_42
//Subjects=30
-18  2  -8 
-36  -62  24 

//Reference=MNI 
//nullstudy_43
//Subjects=30
10  8  38 
-10  14  4 
-26  -56  38 
50  16  -6 
-6  -88  2 
-6  16  70 
-28  -36  -8 
-22  -20  60 
-46  -72  -6 
-42  -8  -2 
-56  -62  -12 

//Reference=MNI 
//nullstudy_44
//Subjects=29
-4  0  -18 
-54  32  -4 
-14  -24  -26 

//Reference=MNI 
//nullstudy_45
//Subjects=28
-38  34  30 
-34  -38  -12 

//Reference=MNI 
//nullstudy_46
//Subjects=29
-26  -42  68 
-14  24  48 

//Reference=MNI 
//nullstudy_47
//Subjects=31
-22  16  -18 
42  54  -8 
4  18  -22 
-8  -38  46 
22  6  46 
-8  -42  -6 
-44  -42  52 
-52  8  22 
-30  -52  10 
-56  -14  -14 
-22  -58  54 

//Reference=MNI 
//nullstudy_48
//Subjects=31
2  44  -28 
-28  -20  -22 
-60  -16  -14 
-66  -14  28 
-42  -42  -20 
-16  -24  74 
-10  10  -8 
12  46  50 
8  64  -8 
-10  -70  -44 
-2  -42  -38 

//Reference=MNI 
//nullstudy_49
//Subjects=32
-4  -42  -26 
22  34  36 
12  10  0 
-54  -58  38 
-12  -66  -36 
42  14  12 
46  50  -12 
-14  -30  -22 
28  54  28 
-12  -48  -62 
-12  -20  -24 
42  12  46 
-66  -10  -16 
-8  36  32 
-42  -70  42 
-12  22  14 
50  16  -2 
-34  24  54 
-32  -6  -6 
50  42  12 

//Reference=MNI 
//nullstudy_50
//Subjects=32
-8  -8  4 
-54  -64  34 
-28  2  -12 
-40  34  8 
-30  4  -44 
-6  -40  4 
-28  4  -26 
-30  -80  -16 
-8  -78  54 
0  2  -30 
-20  -80  6 
12  58  36 
22  52  -8 
-8  -18  8 
-6  28  30 

//Reference=MNI 
//nullstudy_51
//Subjects=30
-62  -50  14 
-52  -28  -8 
44  26  40 
-22  64  22 

//Reference=MNI 
//nullstudy_52
//Subjects=30
-6  -70  26 
-2  -56  4 
-4  38  -14 
-36  0  38 
-6  70  -2 
-68  -50  -2 
-60  -20  -18 

//Reference=MNI 
//nullstudy_53
//Subjects=31
-20  10  -12 
-44  -86  14 
-6  28  36 
10  30  40 
-38  -32  6 
-12  -100  -18 
-12  40  -18 
-42  -70  20 
10  44  16 
-52  -28  -12 
-16  -88  -42 
46  2  -18 
-8  44  44 
-22  -60  44 

//Reference=MNI 
//nullstudy_54
//Subjects=29
46  40  -6 
-64  -34  24 
-64  -12  10 
-60  -14  -26 

//Reference=MNI 
//nullstudy_55
//Subjects=32
20  42  46 
-48  -70  -30 
-4  30  52 
-24  62  -12 
-12  2  48 
-58  -24  12 
14  10  -34 
10  10  -12 
-56  -38  -6 
-36  -8  60 
-26  -74  -28 
-40  -34  16 
-4  20  -12 
-28  -64  50 
-10  -64  56 
-62  -12  -20 
-26  -70  2 
-52  -50  2 
-16  -4  76 
-10  2  -32 
-6  -46  -68 
22  22  46 
-14  0  -28 
-10  66  -12 
-10  -58  38 
2  64  10 
40  38  22 
-32  -70  -12 
-6  -76  38 
-58  -34  16 
62  14  8 
8  36  -4 
-10  -84  -22 
-62  -34  46 
-10  -20  78 
44  14  -8 
-12  36  -26 
-44  -76  10 
-30  26  58 
-2  -44  -8 
-38  -32  40 
-24  2  8 
-62  -2  -12 
-60  12  26 

//Reference=MNI 
//nullstudy_56
//Subjects=30
46  8  48 
6  4  70 
-20  -90  8 

//Reference=MNI 
//nullstudy_57
//Subjects=31
-54  -30  -22 
8  26  -18 
-4  -38  70 
-24  48  -8 
-50  22  -6 
-32  -4  60 
18  58  -14 
-18  -54  4 
-28  56  -10 
-38  24  -6 
-2  -46  6 
-6  40  10 
-20  48  16 
-4  40  36 
30  10  48 
-24  10  50 
-20  28  52 
-2  -24  56 
-66  -2  14 
-40  38  16 
-12  10  56 
-6  -28  -22 
22  10  66 
-18  48  -24 
-38  -26  48 
-14  -58  6 
-34  -2  -6 
-14  -80  6 
0  34  56 
-46  -68  18 
-40  -24  50 
-48  16  16 
6  60  18 

//Reference=MNI 
//nullstudy_58
//Subjects=30
12  52  -16 
10  54  -22 
-36  -64  -12 
26  10  -40 
-30  -6  -20 
-46  -68  -42 

//Reference=MNI 
//nullstudy_59
//Subjects=29
14  16  4 
-44  -2  30 

//Reference=MNI 
//nullstudy_60
//Subjects=30
-6  60  36 
-50  -6  -14 
6  38  46 
-30  10  -14 
-20  -70  20 
-14  -62  64 

//Reference=MNI 
//nullstudy_61
//Subjects=30
-12  -34  44 
-52  -30  60 
0  18  8 
-2  -60  50 
48  24  -24 
-32  -54  -36 

//Reference=MNI 
//nullstudy_62
//Subjects=30
46  4  54 
-6  -52  -18 
56  26  24 
-68  -40  10 

//Reference=MNI 
//nullstudy_63
//Subjects=32
-2  -86  12 
50  32  28 
32  4  30 
14  4  -40 
-2  -50  66 
-42  -72  26 
24  34  40 
-6  -36  4 
-18  -26  -12 
42  42  8 
-50  14  18 
-2  -52  62 
-44  40  -12 
-38  -22  -2 
-66  -24  4 
-58  -40  42 
-2  -88  4 
-8  14  4 
20  58  4 
-46  -28  54 
-30  -50  -50 
-44  -74  14 
-34  -74  -50 

//Reference=MNI 
//nullstudy_64
//Subjects=30
-64  -14  14 
-12  -4  46 
46  16  34 
56  18  -16 

//Reference=MNI 
//nullstudy_65
//Subjects=31
50  48  8 
42  26  -32 
8  12  10 
64  2  8 
48  24  -16 
-20  50  -16 
-6  -42  28 

//Reference=MNI 
//nullstudy_66
//Subjects=30
-12  -8  40 
-42  8  8 
28  48  16 
-28  44  28 
-30  -52  2 
-36  -64  58 

//Reference=MNI 
//nullstudy_67
//Subjects=30
20  6  -4 
-32  -64  -62 
-2  -66  4 
-46  0  6 
-34  42  28 
-10  -24  -22 
46  2  58 

//Reference=MNI 
//nullstudy_68
//Subjects=32
-24  -16  60 
-6  52  -10 
-42  -36  34 
-10  60  -8 
-22  -8  -36 
8  70  2 
-26  -76  -2 
-32  -60  64 
-18  24  42 
-20  -10  -34 
-44  14  12 

//Reference=MNI 
//nullstudy_69
//Subjects=30
-2  -44  52 
2  4  68 
-26  36  46 
-10  -60  2 

//Reference=MNI 
//nullstudy_70
//Subjects=30
-52  -20  20 
44  4  4 
-10  36  56 
-30  -40  -44 
8  54  -8 
-52  -50  40 

//Reference=MNI 
//nullstudy_71
//Subjects=30
10  60  2 
-42  30  -16 
46  36  -20 
-6  16  62 
-18  -44  4 
-20  12  -20 
-32  -10  6 

//Reference=MNI 
//nullstudy_72
//Subjects=30
-28  -54  -22 
-18  -36  48 
-22  -48  60 
-14  4  22 
-22  -102  4 

//Reference=MNI 
//nullstudy_73
//Subjects=32
32  32  -22 
-18  -28  58 
-18  -90  22 
-32  -10  -20 
-34  -28  60 
-6  58  36 
-38  -86  -14 
-24  42  48 
18  24  4 
-4  -16  -10 
-40  -12  54 
-10  -38  -58 
42  12  10 
-56  2  34 
52  24  12 
-16  -60  20 
-4  -98  -16 
-18  -62  18 
-4  -42  22 
10  46  2 
-20  -40  -36 
-30  -38  -38 
-6  -84  4 
-4  54  -16 
-52  -12  -4 
-26  -96  2 
36  32  46 
48  40  20 
-60  -46  26 
-10  12  4 
-46  -74  34 
28  36  50 
-20  -102  4 
-8  24  28 
-14  -10  18 
-6  -52  -60 
-24  -78  32 
-38  -44  -48 
2  22  36 
64  4  24 
2  32  8 
12  56  -4 

//Reference=MNI 
//nullstudy_74
//Subjects=31
-38  -52  -34 
-16  -62  -56 
-66  -22  -24 
-34  54  0 
-56  6  -32 
-4  52  18 
0  68  12 
0  24  -8 
-2  34  32 

//Reference=MNI 
//nullstudy_75
//Subjects=30
-44  -74  -42 
-16  4  -44 
-12  52  0 
-52  38  -2 
-32  -16  -14 
-58  10  0 

//Reference=MNI 
//nullstudy_76
//Subjects=28
-18  -24  -12 
40  20  -16 

//Reference=MNI 
//nullstudy_77
//Subjects=30
-44  6  -18 
6  24  -22 
-28  38  -6 
-34  -76  4 
-54  -62  30 

//Reference=MNI 
//nullstudy_78
//Subjects=30
52  36  20 
36  20  -40 
40  30  4 
-6  -94  12 

//Reference=MNI 
//nullstudy_79
//Subjects=29
-4  -64  4 
-48  -16  -32 
32  20  34 
10  52  -12 

//Reference=MNI 
//nullstudy_80
//Subjects=30
-38  50  -12 
48  10  36 
6  18  38 
-4  -74  0 
-58  -8  4 
-6  -52  18 

//Reference=MNI 
//nullstudy_81
//Subjects=31
26  56  -6 
-14  -46  0 
-18  -74  24 
-24  -46  18 
-32  10  -8 
-34  -38  -28 
32  38  12 
14  26  -2 
-30  -50  52 
54  4  10 
12  22  -20 
-44  14  -24 
-30  -38  50 
-36  -18  -40 
-38  -20  -24 
-16  -62  -34 
-38  -78  -28 
-8  -46  28 

//Reference=MNI 
//nullstudy_82
//Subjects=31
-14  -48  -62 
60  4  -32 
-26  8  -28 
-22  -68  -24 
-26  -60  6 
-30  22  -10 
-8  -84  -12 
42  4  50 
-14  -80  -34 

//Reference=MNI 
//nullstudy_83
//Subjects=31
-22  -64  -50 
-20  -68  54 
-38  4  -46 
4  38  -20 
-56  -10  0 
-32  -10  -2 
-52  -58  -10 

//Reference=MNI 
//nullstudy_84
//Subjects=30
4  30  32 
-46  10  54 
-30  -54  -36 

//Reference=MNI 
//nullstudy_85
//Subjects=31
-6  -58  0 
-14  -56  -64 
32  52  -14 
-28  -68  -36 
-36  -36  60 
-22  20  36 
-6  14  34 
-34  52  6 
-22  0  10 
-30  26  -10 
-32  -84  8 
-6  16  34 
-18  -56  54 
-64  -28  44 
-14  -24  42 
-64  -32  -28 
-16  12  58 
-32  -76  -32 
-8  -44  28 
22  34  28 
36  8  42 
2  30  -26 
20  68  -10 
-16  26  44 
-44  -44  8 
-60  -44  14 
38  26  -34 
-4  -72  38 
-26  -54  42 

//Reference=MNI 
//nullstudy_86
//Subjects=29
-20  26  -18 
-18  20  -20 
-6  -50  -38 

//Reference=MNI 
//nullstudy_87
//Subjects=31
12  16  52 
12  18  66 
40  16  -32 
12  6  -32 
-26  -44  -4 
42  30  -14 
-46  -44  44 
18  16  -34 
-68  -28  10 
54  40  -8 
-54  -64  -8 

//Reference=MNI 
//nullstudy_88
//Subjects=30
50  34  32 
-12  -64  -26 
-46  -48  -26 
-16  -44  68 
-6  -56  68 
-44  26  -2 

//Reference=MNI 
//nullstudy_89
//Subjects=29
-44  -22  64 
-50  -50  28 
-40  -76  -36 
-30  -38  -56 

//Reference=MNI 
//nullstudy_90
//Subjects=31
20  10  -10 
-40  6  54 
14  40  52 
-58  -2  -22 
-58  -8  30 
-34  -2  36 
20  18  -12 
-12  -8  64 
-6  -22  10 

//Reference=MNI 
//nullstudy_91
//Subjects=30
-36  -52  30 
-40  -26  56 
-54  -36  -28 
20  8  20 

//Reference=MNI 
//nullstudy_92
//Subjects=30
-4  -68  -46 
-34  4  -14 
-34  -76  -28 
26  16  56 
-30  20  -14 
-8  -94  0 

//Reference=MNI 
//nullstudy_93
//Subjects=29
-46  12  -38 
-24  4  72 

//Reference=MNI 
//nullstudy_94
//Subjects=29
-14  -24  20 
36  6  24 
-26  0  50 

//Reference=MNI 
//nullstudy_95
//Subjects=29
20  12  58 
-18  -66  -38 
38  24  54 
-30  -28  -30 

//Reference=MNI 
//nullstudy_96
//Subjects=32
-46  -52  -12 
32  56  4 
-48  -34  14 
-30  -84  32 
-30  50  10 
10  22  -28 
-28  -6  72 
14  48  -26 
-52  -6  -34 
-22  -62  2 
-46  16  -26 
-42  22  22 
64  14  14 
-48  28  38 

//Reference=MNI 
//nullstudy_97
//Subjects=31
-24  -84  -48 
-32  14  -28 
-56  -46  -6 
-4  -32  54 
-36  -26  4 
-38  -18  66 
-4  -52  -58 
-18  26  4 
-16  -36  -2 
10  16  38 
-28  38  40 
-30  -58  48 
-58  -66  4 

//Reference=MNI 
//nullstudy_98
//Subjects=29
-16  -62  54 
-58  -26  4 

//Reference=MNI 
//nullstudy_99
//Subjects=29
-52  -44  -36 
44  22  -18 
-10  -20  10 

//Reference=MNI 
//nullstudy_100
//Subjects=31
-60  -30  -20 
-24  -54  4 
-48  -60  4 
-68  -42  -2 
-20  -16  74 
-24  -60  54 
-18  -58  -36 
-16  -22  -20 
-24  10  -40 

