//Reference=MNI 
//truestudy_1
//Subjects=11
45  -67  -7 
49  -66  -4 
45  -67  -6 
45  -66  -6 
46  -64  -8 
46  -65  -7 
45  -66  -5 
44  -66  -5 

//Reference=MNI 
//truestudy_2
//Subjects=11
46  -66  -7 
47  -66  -6 
47  -68  -9 
45  -67  -6 
47  -66  -7 
47  -66  -6 
46  -66  -5 
46  -67  -7 
48  -67  -6 
46  -66  -8 
45  -68  -5 
46  -66  -7 
45  -65  -8 
47  -67  -4 
46  -66  -7 
45  -66  -5 
46  -67  -7 
46  -67  -3 
47  -67  -7 
46  -66  -7 
48  -66  -5 
47  -65  -7 
45  -68  -5 
45  -64  -6 
46  -65  -4 
44  -66  -6 
45  -66  -6 
46  -66  -6 
46  -66  -6 
47  -66  -5 
47  -64  -7 
45  -67  -5 
45  -64  -6 
45  -67  -7 
44  -67  -6 
45  -66  -4 
47  -65  -7 
46  -66  -7 
47  -66  -5 
45  -67  -4 
45  -65  -6 
45  -67  -7 

//Reference=MNI 
//truestudy_3
//Subjects=10
46  -67  -8 
47  -65  -4 
47  -66  -6 
46  -64  -5 
46  -64  -8 
46  -67  -6 
46  -68  -6 

//Reference=MNI 
//nullstudy_1
//Subjects=11
-22  -6  -32 
-20  -8  76 
10  2  -28 
36  24  -20 
-2  -32  -32 
46  28  12 
-56  -14  18 
-52  -60  -34 

//Reference=MNI 
//nullstudy_2
//Subjects=11
-38  48  20 
-14  -4  70 
-30  -86  38 
-36  -30  -18 
-36  -4  36 
46  6  52 
28  62  -2 
-28  56  30 
-14  -28  42 
2  52  28 
-52  -48  -44 
22  68  -10 
12  4  -34 
-16  -70  36 
34  50  -4 
-14  -22  -10 
-46  -18  -6 
-6  -88  28 
-16  10  52 
-22  56  14 
-60  -10  28 
2  28  56 
-62  -50  -16 
4  52  -16 
-22  -60  8 
32  12  -46 
-60  -52  -24 
-16  18  -4 
-2  38  8 
-2  -4  40 
-62  -36  40 
-30  -2  -32 
38  6  -14 
-24  34  -20 
-42  22  -32 
50  8  -14 
-52  6  46 
-26  64  -14 
18  48  38 
-32  -48  -42 
-12  -76  -38 
-26  -88  -22 

//Reference=MNI 
//nullstudy_3
//Subjects=10
-12  -80  -2 
-40  36  34 
-44  -28  26 
-38  48  4 
-6  -72  22 
-28  -72  -2 
-26  2  12 

//Reference=MNI 
//nullstudy_4
//Subjects=9
-14  -50  60 
56  18  34 

//Reference=MNI 
//nullstudy_5
//Subjects=10
-30  -92  -2 
-42  -2  58 
-54  -72  -8 
24  36  -18 
-6  70  -4 
-10  -62  64 

//Reference=MNI 
//nullstudy_6
//Subjects=10
-56  -66  -20 
6  50  -24 
-44  -10  46 
-50  34  -18 
-20  -20  -12 
12  44  -26 

//Reference=MNI 
//nullstudy_7
//Subjects=10
48  38  8 
-16  -78  4 
2  20  -4 
0  54  -20 
-56  -40  24 
-24  -64  20 

//Reference=MNI 
//nullstudy_8
//Subjects=9
-56  -10  44 
-10  -50  36 
-36  16  4 

//Reference=MNI 
//nullstudy_9
//Subjects=9
-8  -14  2 
0  20  44 
-6  10  0 

//Reference=MNI 
//nullstudy_10
//Subjects=11
-36  -54  -14 
-54  -48  30 
-18  -50  -4 
26  10  -20 
-48  -54  30 
-12  -78  30 
52  26  -10 
50  4  -20 
32  6  34 
-14  -32  16 
-6  -42  78 

//Reference=MNI 
//nullstudy_11
//Subjects=10
4  26  44 
-62  -46  4 
-10  -72  56 
-4  12  -22 
-10  -68  -52 
-32  -82  38 
-30  16  -22 

//Reference=MNI 
//nullstudy_12
//Subjects=9
-36  -44  40 
-10  -42  -16 

//Reference=MNI 
//nullstudy_13
//Subjects=11
54  42  -8 
-62  -34  48 
-48  12  0 
-32  -66  28 
-56  -74  2 
-62  -2  4 
24  50  38 
-40  14  6 
28  56  -14 
46  2  36 
-28  -68  -22 

//Reference=MNI 
//nullstudy_14
//Subjects=10
-58  -64  24 
46  26  10 
28  40  28 
-20  18  -16 

//Reference=MNI 
//nullstudy_15
//Subjects=11
-20  14  64 
26  18  64 
-4  -40  46 
-12  -68  -4 
-54  -74  14 
-56  -56  44 
-58  8  26 
44  30  30 
-34  -80  -20 
12  14  -28 

//Reference=MNI 
//nullstudy_16
//Subjects=11
10  44  -26 
22  22  40 
-16  -94  14 
-18  24  46 
54  34  16 
-2  34  20 
-60  -2  6 
6  66  -4 
42  26  -8 
-22  -62  28 

//Reference=MNI 
//nullstudy_17
//Subjects=11
-4  -36  -18 
-60  -40  -6 
40  34  34 
-28  20  -2 
24  8  -18 
50  12  -14 
-46  -46  38 
-20  -84  -20 
-24  -66  -52 
-60  -10  -26 

//Reference=MNI 
//nullstudy_18
//Subjects=8
-50  -30  -4 
50  38  8 

//Reference=MNI 
//nullstudy_19
//Subjects=11
38  40  26 
-52  0  44 
-12  -74  -32 
-36  -76  40 
30  60  -8 
-16  -60  -14 
46  38  8 
-22  -74  -20 

//Reference=MNI 
//nullstudy_20
//Subjects=9
-34  30  -18 
8  40  -22 
-24  -54  68 
6  60  16 

//Reference=MNI 
//nullstudy_21
//Subjects=9
-38  -58  -36 
-4  -16  60 

//Reference=MNI 
//nullstudy_22
//Subjects=9
48  6  14 
-26  -36  -2 
-30  -44  -22 

//Reference=MNI 
//nullstudy_23
//Subjects=10
-38  14  -14 
-10  -4  60 
-52  4  42 
-32  24  -32 
-52  -14  50 

//Reference=MNI 
//nullstudy_24
//Subjects=10
-32  -48  -36 
-26  -64  -48 
-14  -24  28 
-20  -6  72 

//Reference=MNI 
//nullstudy_25
//Subjects=11
46  46  22 
-40  -76  14 
-30  -34  50 
18  26  44 
-46  0  -28 
-8  -26  28 
46  46  8 
38  36  44 

//Reference=MNI 
//nullstudy_26
//Subjects=10
16  12  8 
-32  -68  28 
-10  36  32 
-42  0  -16 
-46  -60  -18 
-2  38  -10 
-6  12  -16 

//Reference=MNI 
//nullstudy_27
//Subjects=8
40  32  0 
-40  -10  48 

//Reference=MNI 
//nullstudy_28
//Subjects=10
-32  -4  48 
42  30  34 
-36  10  -30 
-42  56  -2 
-54  -70  18 
-28  22  14 

//Reference=MNI 
//nullstudy_29
//Subjects=10
-16  -24  -22 
-44  -40  -46 
28  18  -24 
-2  -34  26 
-30  -80  2 
-8  -28  18 
-58  -64  -8 
-58  -20  -30 

//Reference=MNI 
//nullstudy_30
//Subjects=10
38  46  -14 
-4  16  68 
-40  20  -18 
-2  -66  8 
-38  -34  66 
30  34  28 
28  4  4 

//Reference=MNI 
//nullstudy_31
//Subjects=10
-42  -46  60 
-28  -34  -4 
-2  -34  -6 
-44  28  18 
-20  -54  -50 

//Reference=MNI 
//nullstudy_32
//Subjects=10
50  18  -26 
58  28  24 
-26  -4  10 
-8  -94  -18 
-14  -86  -40 
-62  -12  0 
-56  -26  0 
-36  -74  26 

//Reference=MNI 
//nullstudy_33
//Subjects=10
-4  -12  -30 
-64  -20  -16 
-36  -52  20 
-18  -8  -10 
-30  -88  -30 
30  34  -24 
40  14  56 

//Reference=MNI 
//nullstudy_34
//Subjects=10
20  50  -14 
-12  -70  38 
-30  -42  70 
-60  -20  -30 
-8  -68  -32 
6  16  38 

//Reference=MNI 
//nullstudy_35
//Subjects=10
-2  -46  -36 
-48  -66  -16 
-24  10  -28 
-64  0  -2 
-52  -52  -12 
-10  -10  6 

//Reference=MNI 
//nullstudy_36
//Subjects=11
-50  18  30 
-8  -68  -24 
-2  -82  -36 
-36  -58  -58 
54  2  -32 
-4  14  4 
-44  -12  -8 
38  14  42 
-18  2  54 
-42  44  30 

//Reference=MNI 
//nullstudy_37
//Subjects=11
-54  -38  52 
14  10  6 
-10  -74  -44 
-14  44  -22 
-36  -22  -16 
-22  -82  -28 
-22  -12  -18 
-46  2  18 
-68  -50  0 
-24  -50  -10 
-4  -6  32 
42  42  18 
-14  -32  -8 
-6  26  24 
-22  -92  -32 
-42  -70  44 
-28  -74  -30 
-34  -64  14 
-36  -74  46 
-24  28  58 
-8  -72  -12 
20  20  6 
-36  -58  46 
20  30  -18 
-32  12  38 
-52  -40  0 
12  4  -34 
-46  16  10 
-62  -18  8 
-12  -20  78 
-24  -14  -26 
-24  -18  56 
-60  -26  12 
4  20  26 
-2  -72  30 
-4  -56  28 
-8  -102  -8 
-10  -72  22 
-8  -86  -2 
-34  -62  -42 
18  58  12 
-10  -42  -38 

//Reference=MNI 
//nullstudy_38
//Subjects=10
50  14  24 
-20  10  -40 
-36  -44  -38 
-42  -54  14 

//Reference=MNI 
//nullstudy_39
//Subjects=9
26  34  54 
6  48  2 
-8  -68  14 
-16  62  -6 
-30  -58  -62 
-8  -46  14 
-4  -64  -48 
-40  8  28 
-40  28  26 

//Reference=MNI 
//nullstudy_40
//Subjects=10
-58  -8  8 
-4  -58  -14 
48  12  34 

//Reference=MNI 
//nullstudy_41
//Subjects=10
-24  40  -18 
-30  46  12 
-24  -58  -42 
-38  10  48 

//Reference=MNI 
//nullstudy_42
//Subjects=9
-16  -8  -12 
60  2  4 
-40  -42  -14 
-32  36  -6 
-16  62  -10 
-12  58  -10 

//Reference=MNI 
//nullstudy_43
//Subjects=10
-16  -68  -58 
58  16  10 

//Reference=MNI 
//nullstudy_44
//Subjects=9
-14  -58  30 
-16  -68  -58 
44  34  42 
-28  -72  30 
-10  -40  -4 
-16  -64  6 
-12  56  28 
0  4  -8 
-60  -46  24 
-30  -2  -14 
-22  -94  12 

//Reference=MNI 
//nullstudy_45
//Subjects=10
-12  -48  -30 
-8  -52  -14 

//Reference=MNI 
//nullstudy_46
//Subjects=10
26  22  -24 
14  30  -24 
-12  24  26 
52  6  18 
-20  -66  -22 
-4  40  16 

//Reference=MNI 
//nullstudy_47
//Subjects=10
-34  -64  48 
-22  -12  -8 
-34  40  44 
-24  50  34 

//Reference=MNI 
//nullstudy_48
//Subjects=10
-28  -36  -30 
-22  44  16 
-20  6  -6 
-36  -42  52 
18  66  -2 
-40  -8  62 

//Reference=MNI 
//nullstudy_49
//Subjects=10
-58  -58  -30 
-46  -30  46 
10  30  -24 
-10  -12  36 

//Reference=MNI 
//nullstudy_50
//Subjects=10
-12  -24  76 
-64  -36  16 
22  42  30 
-36  -28  20 
-20  -12  -10 
48  32  36 

//Reference=MNI 
//nullstudy_51
//Subjects=9
42  46  16 
-18  -14  66 
-32  -74  42 
-2  -36  -56 
-26  -32  -2 
20  58  14 

//Reference=MNI 
//nullstudy_52
//Subjects=11
-4  -86  24 
-28  -62  -52 

//Reference=MNI 
//nullstudy_53
//Subjects=10
-56  -24  -6 
-26  -92  10 
32  10  16 
-10  -74  -44 
40  8  36 
-44  -2  48 
14  52  -2 
34  42  -10 
20  22  50 
22  28  60 
-2  -74  36 

//Reference=MNI 
//nullstudy_54
//Subjects=9
24  12  -26 
-12  -52  -16 
-48  -66  22 
-36  34  4 
-48  8  42 
10  66  30 
-48  -40  28 
-12  52  44 
-46  -66  -14 

//Reference=MNI 
//nullstudy_55
//Subjects=11
-16  58  8 
10  36  -16 
-8  -82  14 
-16  24  2 

//Reference=MNI 
//nullstudy_56
//Subjects=12
-26  46  10 
-4  -22  72 
-2  -60  12 
-8  -28  6 
-52  -38  4 
44  40  18 
-18  26  -24 
-34  -68  12 
18  22  48 
-40  -80  24 

//Reference=MNI 
//nullstudy_57
//Subjects=9
-44  50  2 
32  34  36 
6  60  -22 
-38  -6  44 
-44  -64  18 
-12  -56  -50 
-48  -52  54 
-32  -60  -22 
-6  -40  -8 
-2  -60  70 
30  28  -6 
-8  -92  32 
-38  -52  16 
-20  -52  -60 
-30  -8  -44 
6  46  28 
-66  -16  -16 
-56  -10  -18 
32  34  44 
4  42  42 
-18  12  54 
-2  -86  32 
50  6  -12 
-60  10  -8 
-22  -50  10 
-20  -76  30 
-30  -82  -14 
-18  -2  -16 
12  34  -12 
-22  -38  20 
-40  -24  48 
-50  18  24 
-56  -34  44 
-22  -88  6 
-30  10  2 
-22  -42  -48 
8  50  -14 
-8  -78  -48 
-22  -86  -16 
-14  -76  -16 
-26  36  -20 
-14  -68  -58 
56  26  -8 

//Reference=MNI 
//nullstudy_58
//Subjects=9
-40  -32  -20 
-52  -2  18 
-14  -64  26 

//Reference=MNI 
//nullstudy_59
//Subjects=10
-36  -16  -40 
-34  -4  -14 
38  24  -32 

//Reference=MNI 
//nullstudy_60
//Subjects=10
-2  2  70 
-12  -44  -56 
-4  -98  16 

//Reference=MNI 
//nullstudy_61
//Subjects=11
38  6  -42 
-36  -64  20 
-18  20  -24 
-44  -80  30 
46  26  8 
-58  -50  34 

//Reference=MNI 
//nullstudy_62
//Subjects=10
-22  -72  -2 
-68  -12  -16 
-4  58  32 
-6  -72  -22 
-36  16  -14 
-16  -16  12 
-48  -78  -18 
-30  2  -14 
-18  44  -22 
-50  -62  50 
-50  -14  58 
-22  -4  -46 

//Reference=MNI 
//nullstudy_63
//Subjects=11
-2  -2  46 
14  26  2 
-58  -20  26 
16  44  10 

//Reference=MNI 
//nullstudy_64
//Subjects=10
10  42  16 
-26  -46  -54 
-32  -58  -62 
-6  -62  52 
-4  -38  -12 
-46  -10  50 
-26  22  -32 
-8  -90  -16 
4  54  -14 
-10  -20  -6 
4  52  -18 

//Reference=MNI 
//nullstudy_65
//Subjects=11
-6  46  6 
4  52  24 
-8  6  -32 
-48  48  -8 
-22  -38  -46 

//Reference=MNI 
//nullstudy_66
//Subjects=11
34  38  -14 
-8  -44  -14 
-38  -22  -14 
-28  -30  52 
10  12  8 
-28  0  -38 
-34  -26  16 
-38  -18  14 
20  4  48 
-8  18  -12 
-52  30  -2 
-50  -34  -14 
-18  28  44 

//Reference=MNI 
//nullstudy_67
//Subjects=10
-38  -24  70 
50  10  -42 
-30  12  -28 
30  4  -22 
-16  -86  40 
-4  10  58 
-18  -70  -28 
-8  -60  -2 
6  30  -16 

//Reference=MNI 
//nullstudy_68
//Subjects=12
-8  36  -6 
-40  18  -6 
-62  -50  10 
-10  -14  58 
32  54  -14 

//Reference=MNI 
//nullstudy_69
//Subjects=11
-22  -54  -26 
-30  -16  -2 
-26  -48  52 
-14  -66  -54 
36  50  -6 
-44  -16  -36 
60  6  24 
16  44  4 
-62  -4  2 
-30  28  -10 
36  16  32 
-8  -54  62 
32  18  -12 
-48  -70  -20 
-56  8  32 
-52  32  24 
2  66  24 
-20  -26  22 
-8  -44  -12 

//Reference=MNI 
//nullstudy_70
//Subjects=10
0  68  -2 
-12  6  -34 
-26  -82  16 
-34  -78  -38 
-22  -34  54 
-18  -72  42 
-24  -52  14 
-42  2  -30 
-52  10  -14 
-22  36  -24 
-38  -20  8 

//Reference=MNI 
//nullstudy_71
//Subjects=10
-18  18  6 
0  12  54 
-8  46  8 
-30  -40  -2 
42  2  60 
-38  16  -22 
10  20  0 

//Reference=MNI 
//nullstudy_72
//Subjects=11
-12  -46  -46 
-8  -60  -26 
10  34  -8 
40  30  0 
-54  -42  24 
-26  -84  36 

//Reference=MNI 
//nullstudy_73
//Subjects=10
10  50  50 
-36  -38  -18 
-28  4  -34 
-22  -28  62 
-28  20  12 
38  8  -4 
-46  -50  60 
-46  -36  6 
-50  -64  0 
-46  -8  -42 
22  58  12 

//Reference=MNI 
//nullstudy_74
//Subjects=10
-38  -34  38 
-58  -8  36 
-4  -56  -58 
2  26  14 
-34  -88  30 
40  20  -16 
-4  22  24 

//Reference=MNI 
//nullstudy_75
//Subjects=11
-38  -90  -14 
-36  -84  -26 
26  14  -32 
-50  -66  34 

//Reference=MNI 
//nullstudy_76
//Subjects=11
-58  -52  -22 
-6  50  6 
2  40  0 
-22  16  -36 
-12  -10  64 
12  62  20 
-58  -6  -24 
-48  -50  -36 
-22  -80  -6 

//Reference=MNI 
//nullstudy_77
//Subjects=9
66  2  24 
4  56  -28 
-50  -28  -8 
-4  -26  38 
-62  -58  20 
-22  -34  54 
-30  6  38 
-16  14  56 
-38  -10  68 
-46  -4  -40 
-52  -72  -4 
-44  -44  -22 
16  8  14 
-36  -70  -36 
38  24  36 
-32  -50  66 
-64  0  6 
-40  -2  -42 
-60  -12  4 
-60  -36  48 
-38  -26  -18 
44  34  18 
0  10  66 
-50  -70  -24 
-6  -50  -52 
20  56  -16 
-26  -92  -24 
-14  8  -4 
-60  -38  -6 
-22  -88  -30 
-50  -80  -6 
-58  -64  -2 
-16  -66  -28 
-36  -62  -40 
-24  -80  0 
-26  -78  44 
-36  -74  8 
48  44  20 
-12  20  0 
-46  16  -30 
14  42  4 
-10  -26  -32 
-36  28  0 
-6  -22  -48 
-36  -74  50 
56  4  -4 
-40  -54  -8 
-34  -82  -26 
-32  -20  12 
36  38  4 

//Reference=MNI 
//nullstudy_78
//Subjects=11
-52  -52  26 
-24  30  42 
6  46  46 

//Reference=MNI 
//nullstudy_79
//Subjects=8
20  64  -2 
-18  4  -38 
-54  -52  -40 
-30  -42  -8 
44  32  6 
-18  -64  -50 
-6  -58  66 
-42  36  18 
-32  -62  -4 
-66  -18  -10 
12  24  34 
-6  12  -14 
-54  -64  26 

//Reference=MNI 
//nullstudy_80
//Subjects=10
-12  -70  -48 
-16  -40  76 

//Reference=MNI 
//nullstudy_81
//Subjects=10
-54  -62  -38 
-18  -82  -24 
36  38  32 
-62  -2  28 

//Reference=MNI 
//nullstudy_82
//Subjects=10
-14  -80  42 
-16  12  68 
-14  -22  78 
12  26  -22 
12  4  46 
-44  36  4 

//Reference=MNI 
//nullstudy_83
//Subjects=9
-30  -78  -4 
-30  -10  52 
-12  -46  -18 

//Reference=MNI 
//nullstudy_84
//Subjects=11
24  6  70 
-22  -70  -6 
-26  58  -8 

//Reference=MNI 
//nullstudy_85
//Subjects=8
-54  -12  -10 
-46  -54  26 
54  8  26 
-28  -68  -32 
-66  -30  6 
-8  -52  20 
-12  -74  -18 
-10  -44  -8 
-60  -28  -20 
-62  -40  42 
42  46  24 
-22  -66  -20 
-32  22  -34 
-54  -16  -4 
-20  -64  4 
50  30  6 
-50  18  -26 
-10  -66  -48 
-28  46  0 
-48  -72  2 
-2  -20  -22 
-10  34  -28 
-6  66  16 
-8  -46  8 
14  42  22 
-58  -40  26 
-2  68  0 

//Reference=MNI 
//nullstudy_86
//Subjects=10
-6  46  28 
28  24  -16 

//Reference=MNI 
//nullstudy_87
//Subjects=8
48  36  4 
-34  22  -32 
-16  62  20 
-18  -20  62 
-18  12  48 
-18  46  34 
28  58  -16 
-6  -38  54 

//Reference=MNI 
//nullstudy_88
//Subjects=10
-58  -42  2 
-28  -62  -16 

//Reference=MNI 
//nullstudy_89
//Subjects=10
-4  -28  78 
-20  -24  74 
-20  -76  14 

//Reference=MNI 
//nullstudy_90
//Subjects=10
58  10  32 
-28  -82  40 
2  48  18 
-22  6  -14 
-22  -86  32 
0  42  6 

//Reference=MNI 
//nullstudy_91
//Subjects=10
-12  -58  16 
-40  -22  -34 
-38  10  32 
-60  -54  -6 

//Reference=MNI 
//nullstudy_92
//Subjects=10
-6  -14  46 
4  12  4 
-64  -24  4 
-6  -66  -38 
-40  -70  34 
-26  6  48 

//Reference=MNI 
//nullstudy_93
//Subjects=10
-2  60  -12 
-16  -24  28 
-8  -48  -32 
-18  10  -6 

//Reference=MNI 
//nullstudy_94
//Subjects=9
-2  -96  -8 
-12  -58  2 
2  16  32 
-56  4  -32 
10  50  -24 
-34  36  22 

//Reference=MNI 
//nullstudy_95
//Subjects=10
-6  -64  66 
46  12  -24 
52  8  16 

//Reference=MNI 
//nullstudy_96
//Subjects=11
32  50  36 
8  48  2 
-22  -96  6 
40  2  16 
20  42  -16 
-28  58  -12 
-6  52  10 
12  2  18 
14  14  48 
-12  -50  38 
-40  4  44 
-46  6  -36 
-54  -44  0 
24  24  62 
-12  -24  -12 
-24  2  -28 
-28  14  -30 
36  14  -26 
-36  -52  -20 
-14  2  60 
-64  -52  6 
38  58  14 
-48  -4  46 
-60  -22  -14 

//Reference=MNI 
//nullstudy_97
//Subjects=10
36  18  40 
-50  -64  -26 
-36  -2  0 
-6  -76  54 
-10  48  -16 
-60  -2  22 
50  32  6 
-24  50  10 
-16  -46  -50 

//Reference=MNI 
//nullstudy_98
//Subjects=11
-10  -22  -12 
-4  -68  -50 
4  52  -26 
-42  36  -4 

//Reference=MNI 
//nullstudy_99
//Subjects=10
-26  42  34 
-2  -64  30 
-14  -86  -14 
-38  -88  26 
-20  -46  -26 
58  28  10 
-4  -28  -52 
-52  -44  -14 
-18  24  48 
6  54  -26 
-46  -60  -22 
-12  -38  -40 
24  22  -26 
-64  -2  22 
56  16  18 
-14  -100  4 
-20  -38  54 

//Reference=MNI 
//nullstudy_100
//Subjects=9
8  50  -4 
-28  -38  -28 
-58  -42  18 
-44  -8  2 
-46  -74  -38 

