//Reference=MNI 
//truestudy_1
//Subjects=21
45  -66  -6 
47  -67  -6 
46  -67  -6 
44  -66  -5 
47  -65  -6 
45  -65  -5 
45  -64  -7 
47  -65  -7 
47  -64  -6 
45  -66  -5 
47  -66  -6 
46  -65  -6 

//Reference=MNI 
//truestudy_2
//Subjects=22
47  -66  -7 
46  -64  -6 
45  -65  -5 
45  -65  -7 
47  -68  -6 
45  -66  -4 
46  -67  -5 
46  -67  -5 
46  -66  -6 
45  -67  -7 
45  -66  -5 
47  -66  -7 
45  -66  -6 
48  -65  -5 
45  -66  -7 
47  -66  -7 
48  -67  -6 
46  -67  -8 
44  -67  -6 
45  -66  -7 
46  -65  -8 
46  -68  -5 
47  -66  -6 
44  -64  -4 
45  -66  -5 
46  -64  -5 
46  -64  -6 
48  -68  -7 
46  -65  -7 
47  -67  -7 
47  -65  -5 
46  -66  -6 
46  -66  -6 
46  -66  -7 
46  -65  -7 
45  -65  -9 
47  -66  -6 
47  -67  -7 
46  -68  -6 
46  -66  -6 
46  -66  -6 

//Reference=MNI 
//truestudy_3
//Subjects=19
46  -66  -6 
46  -65  -6 

//Reference=MNI 
//nullstudy_1
//Subjects=21
-6  -60  -40 
-22  52  32 
46  44  10 
-10  -70  -32 
-10  32  42 
-18  -84  -40 
-2  -14  -22 
26  34  52 
-42  -80  16 
10  36  -20 
-2  10  66 
30  28  34 

//Reference=MNI 
//nullstudy_2
//Subjects=22
-4  -10  48 
-24  -74  -60 
-20  34  48 
52  42  6 
-36  -84  -24 
-38  -10  -16 
46  42  24 
-30  -54  -50 
-38  -76  -36 
8  32  10 
54  10  4 
34  20  -14 
14  6  -24 
-38  14  50 
-20  -76  -38 
-18  -56  52 
-50  -32  -10 
-22  40  36 
-12  -42  48 
-24  -98  6 
-12  -70  -52 
-24  -40  -20 
44  48  10 
28  14  42 
-42  -74  34 
-32  12  -16 
20  52  -22 
36  34  0 
-56  6  2 
-38  -24  58 
40  36  0 
32  4  42 
-14  -54  -64 
-48  -38  22 
-20  14  66 
-42  -42  16 
22  16  2 
20  20  10 
-4  -12  12 
-14  -80  -10 
-42  -52  26 

//Reference=MNI 
//nullstudy_3
//Subjects=19
-46  -14  -10 
40  60  10 

//Reference=MNI 
//nullstudy_4
//Subjects=20
38  20  -4 
-52  22  20 
6  2  -18 

//Reference=MNI 
//nullstudy_5
//Subjects=21
30  16  -28 
-2  32  -14 
36  4  4 
-50  -48  14 
-34  -36  56 
-20  -88  -14 
-12  -68  12 
-44  18  -2 
-44  4  44 

//Reference=MNI 
//nullstudy_6
//Subjects=20
-48  24  4 
0  38  2 
-16  34  54 
-6  -68  -8 

//Reference=MNI 
//nullstudy_7
//Subjects=20
-36  -6  12 
-20  -4  58 
-12  -22  72 
-20  36  54 

//Reference=MNI 
//nullstudy_8
//Subjects=20
-34  -68  22 
-6  -34  -48 
8  64  -8 
0  60  8 
-14  -50  -46 
-32  4  60 
-32  -58  -14 
-26  -76  34 
34  20  60 

//Reference=MNI 
//nullstudy_9
//Subjects=21
-44  -72  -24 
18  70  8 
-14  -68  60 
44  22  14 
-18  -4  24 
-30  0  -10 
-28  -86  -22 
-8  -14  -2 
2  18  -14 
-30  -12  4 
-8  8  14 
-2  -42  -52 

//Reference=MNI 
//nullstudy_10
//Subjects=20
-44  12  -30 
6  72  6 
-42  -50  44 
20  16  6 
32  36  42 
54  6  30 

//Reference=MNI 
//nullstudy_11
//Subjects=21
-12  -58  -30 
-46  -72  18 
18  6  62 
-48  -44  50 
-64  -10  14 
-60  -12  -8 
-20  -52  56 
24  58  -20 
-8  66  -10 
-44  -6  -32 
-50  -70  -6 
-26  30  48 
44  8  -16 
46  18  -36 
32  8  32 
-52  -18  18 
-58  -34  14 
-4  -102  6 
-46  -54  40 
-4  -72  -40 
-2  12  -24 
50  18  -6 
-2  -8  22 

//Reference=MNI 
//nullstudy_12
//Subjects=20
-62  -24  40 
-32  -70  -50 
60  4  42 
8  10  18 
-36  -54  26 
6  34  34 
-46  4  -6 
-48  -26  -8 
-14  -44  0 
8  6  0 
-38  -50  -46 
-8  50  38 

//Reference=MNI 
//nullstudy_13
//Subjects=19
16  40  38 
-38  46  34 
-2  -14  4 

//Reference=MNI 
//nullstudy_14
//Subjects=20
-50  -28  -14 
-18  44  28 
-52  -64  42 
-32  -16  14 
-44  10  20 
-36  -72  26 

//Reference=MNI 
//nullstudy_15
//Subjects=20
-12  34  16 
0  26  50 
-14  -66  -2 
-26  14  -10 

//Reference=MNI 
//nullstudy_16
//Subjects=19
16  16  4 
-34  -52  44 
-62  4  8 

//Reference=MNI 
//nullstudy_17
//Subjects=22
-12  -66  42 
-20  -76  26 
-12  -76  12 
-22  -42  -32 
-20  -68  -42 
-50  -56  40 
56  34  10 
-4  14  -18 
-32  2  32 
-12  -28  -22 
-50  -6  2 
-30  -14  -10 
-30  -48  -18 
-44  16  50 
-32  -72  40 
-8  34  -2 
-14  44  -12 
-8  -26  -20 
-38  -6  -10 
-26  -14  -6 
-58  -40  50 
30  2  -8 
-58  -8  22 
-42  -66  48 
36  20  -34 
-26  -44  -56 
-10  -70  -30 
-12  -78  -4 
-28  -10  -14 
2  68  -2 
-14  -4  -38 
56  18  38 
-30  -50  70 
-18  -40  -38 
-8  -34  -22 
-6  -16  68 
-54  -62  -20 
24  34  32 
-30  4  66 
-28  2  -8 
52  2  -6 
-14  54  6 
-50  -22  24 
-32  -94  -20 
-54  -16  44 
-44  -64  42 
-42  -58  22 
-52  -26  20 
-32  -10  56 
-14  -88  -18 
4  68  -10 
-14  -26  68 
-46  -6  -46 
-10  24  8 
16  20  14 
12  20  -6 
-34  18  -40 
-34  -84  34 
-58  0  -2 
-30  -20  -12 
-10  -50  10 
-28  -46  -54 

//Reference=MNI 
//nullstudy_18
//Subjects=20
22  58  24 
-40  12  26 
-10  6  8 
-34  22  8 

//Reference=MNI 
//nullstudy_19
//Subjects=21
-64  -20  38 
-60  -22  20 
-34  48  20 
-18  50  -22 
-14  8  74 
-34  -48  2 
-10  -68  -44 
-8  -44  52 
-42  46  -8 
-28  -6  42 
-6  -42  -52 
-24  4  -40 
-2  -30  72 
-2  40  -20 
-48  12  -38 
-6  64  6 
34  56  -16 
-14  -48  68 
-66  -24  4 
-44  -18  18 
-42  -76  40 
-2  -66  0 
-8  -90  -8 
-10  56  -14 

//Reference=MNI 
//nullstudy_20
//Subjects=20
-24  -32  -18 
40  14  34 
-36  26  -6 
-14  2  70 
-4  -8  66 

//Reference=MNI 
//nullstudy_21
//Subjects=21
48  36  -18 
-8  -68  -36 
-46  38  32 
-28  -56  -10 
-38  -38  -14 
18  4  -42 
-40  0  -26 
-12  6  6 
-26  -4  12 
32  8  58 

//Reference=MNI 
//nullstudy_22
//Subjects=20
-8  36  42 
-58  -54  14 

//Reference=MNI 
//nullstudy_23
//Subjects=21
18  28  50 
6  6  -26 
46  18  -12 
-48  -54  16 
-46  -46  -36 
-34  0  -38 
0  28  22 
-10  -62  -36 
-10  16  -22 
-6  -58  -8 
-8  -72  -56 
-22  -44  -28 

//Reference=MNI 
//nullstudy_24
//Subjects=20
44  8  38 
-4  -40  26 
10  20  34 
28  60  16 
-4  68  8 
-8  -34  38 
-50  -32  16 
-4  -66  26 
-44  44  -18 
-52  6  -18 
-38  28  -16 
24  36  -14 
-10  -56  -24 
-68  -32  32 

//Reference=MNI 
//nullstudy_25
//Subjects=21
-4  -86  20 
-48  -46  58 
-34  -72  -36 
-12  -4  44 
-28  -6  2 
-24  -10  10 
-38  -76  4 
50  6  -28 
-2  60  -20 
-32  -88  -6 
-50  -40  -20 
32  34  44 
14  64  10 
-8  -62  6 
2  12  -14 
-2  2  0 
24  40  38 
64  4  6 
-14  -56  -8 
-64  -24  34 
-54  -28  8 
-30  -38  58 
-2  8  -14 
-66  -6  -12 
-54  -24  38 
-16  -48  -34 
-8  -38  44 
-60  0  -6 
-48  -48  38 

//Reference=MNI 
//nullstudy_26
//Subjects=18
-48  26  10 
-14  -62  -60 

//Reference=MNI 
//nullstudy_27
//Subjects=22
-4  -2  30 
-20  -2  -14 
-50  -20  -18 
-34  -24  4 
26  60  22 
20  26  -24 
-48  -26  12 
24  66  -6 
60  16  22 
0  10  46 
-12  4  72 
-4  -26  -20 
-38  0  -40 
-2  -4  -6 
-30  -36  0 

//Reference=MNI 
//nullstudy_28
//Subjects=20
-56  14  20 
-24  -66  -18 
-4  34  36 
-2  -54  8 

//Reference=MNI 
//nullstudy_29
//Subjects=18
-2  60  20 
18  44  34 

//Reference=MNI 
//nullstudy_30
//Subjects=20
-6  -46  -32 
36  34  -12 
-4  -30  50 
20  32  36 
-18  -84  44 
-40  54  18 

//Reference=MNI 
//nullstudy_31
//Subjects=19
-30  64  12 
-30  -60  2 
4  48  8 

//Reference=MNI 
//nullstudy_32
//Subjects=20
-28  -84  -40 
-52  10  22 
30  14  34 

//Reference=MNI 
//nullstudy_33
//Subjects=21
-46  -30  0 
-22  -68  -2 
6  42  -14 
-14  -50  28 
-40  -46  -48 
-18  0  -36 
12  30  64 
-26  -52  -24 
-46  30  0 
44  40  24 

//Reference=MNI 
//nullstudy_34
//Subjects=21
-22  20  -14 
-30  -78  -30 
-18  -90  26 
-22  -90  -14 
-26  6  -14 
22  2  -40 
58  32  8 
10  22  -12 
-56  -30  -20 
-50  10  -10 

//Reference=MNI 
//nullstudy_35
//Subjects=20
-32  2  8 
-54  -56  16 
-12  -74  60 
20  62  8 
-38  -66  -44 

//Reference=MNI 
//nullstudy_36
//Subjects=19
-56  -44  -28 
-6  16  48 

//Reference=MNI 
//nullstudy_37
//Subjects=20
-52  20  4 
36  4  36 
42  56  12 
38  30  -4 
52  14  -8 

//Reference=MNI 
//nullstudy_38
//Subjects=20
-18  42  -24 
-16  -28  4 
-8  46  0 
32  12  6 
-24  -66  40 
-36  0  -48 
34  18  42 
-30  -66  48 
-52  -52  -18 

//Reference=MNI 
//nullstudy_39
//Subjects=19
26  40  18 
-2  -40  66 
-18  -64  -16 

//Reference=MNI 
//nullstudy_40
//Subjects=20
36  22  -42 
-6  36  -32 
-16  -56  64 
-34  32  12 
-36  -24  -26 
-8  -10  -32 
-22  -68  -14 
-14  50  14 
-4  -68  8 
-4  -62  42 
-10  40  42 
-54  -48  38 
-42  -44  34 

//Reference=MNI 
//nullstudy_41
//Subjects=20
-42  50  -12 
-56  -4  30 
-36  -12  -20 
-46  -16  -12 

//Reference=MNI 
//nullstudy_42
//Subjects=19
-38  -44  -40 
-14  -4  -36 
36  38  16 
22  66  -4 

//Reference=MNI 
//nullstudy_43
//Subjects=20
-20  -68  -28 
-10  -36  54 
46  10  30 
-26  -58  36 

//Reference=MNI 
//nullstudy_44
//Subjects=21
-32  -86  -14 
-8  -30  -14 
-64  -38  22 
60  14  10 
-40  12  -30 
46  34  26 
-56  -62  26 
-8  46  24 
-22  -64  -6 
-10  48  -28 
-10  14  68 
8  26  -14 
-12  -54  60 
-50  -32  8 
-16  28  2 
-28  42  12 
30  2  -14 
6  22  -10 

//Reference=MNI 
//nullstudy_45
//Subjects=20
-38  -60  26 
-54  -74  18 
8  40  -12 
-30  -60  -32 
-42  -2  62 

//Reference=MNI 
//nullstudy_46
//Subjects=20
-50  2  32 
-42  -26  48 
54  40  -10 
-6  -18  12 

//Reference=MNI 
//nullstudy_47
//Subjects=20
-56  -12  -14 
-38  -46  -28 
-36  -74  44 
-24  52  26 
-34  -42  58 

//Reference=MNI 
//nullstudy_48
//Subjects=20
14  38  -10 
-8  -36  80 
-54  -50  -28 
-10  14  18 

//Reference=MNI 
//nullstudy_49
//Subjects=20
-38  -74  -52 
52  2  16 
-36  6  16 
-14  -24  64 

//Reference=MNI 
//nullstudy_50
//Subjects=20
-28  18  -26 
10  30  20 
-32  -80  -26 
-40  0  60 
-14  -12  -28 
-42  -46  46 
-26  54  32 
-18  12  54 

//Reference=MNI 
//nullstudy_51
//Subjects=17
-36  0  46 
-38  -48  -58 

//Reference=MNI 
//nullstudy_52
//Subjects=18
-52  30  -14 
-30  -76  20 

//Reference=MNI 
//nullstudy_53
//Subjects=21
4  64  32 
-64  -24  -6 
26  46  -8 
36  8  -24 
36  12  -4 
52  4  32 
60  2  -10 
-12  2  -12 
24  16  50 

//Reference=MNI 
//nullstudy_54
//Subjects=19
32  14  14 
38  28  44 
-12  0  -6 

//Reference=MNI 
//nullstudy_55
//Subjects=21
-52  -24  -8 
-32  -4  -46 
-34  -52  -6 
38  48  18 
-4  -38  -26 
-46  -56  56 
-62  0  -14 
-16  20  0 
-14  -44  -8 
-8  -16  74 
24  32  -20 
56  24  14 

//Reference=MNI 
//nullstudy_56
//Subjects=20
-20  18  4 
-62  -10  34 
2  50  -20 
-8  28  -22 
30  14  -12 
0  16  -12 
46  14  -14 
-46  -50  2 
-58  -40  -4 
20  46  -20 

//Reference=MNI 
//nullstudy_57
//Subjects=18
-14  -84  34 
-28  6  6 

//Reference=MNI 
//nullstudy_58
//Subjects=19
-8  -50  -44 
12  24  58 
-2  6  46 
-20  -86  -6 

//Reference=MNI 
//nullstudy_59
//Subjects=21
-18  -20  60 
-50  -32  2 
-38  10  12 
-22  -36  18 
-28  -22  -16 
-8  -16  20 
-14  -50  -54 
20  64  12 
2  4  26 
50  10  -6 
-12  -72  -56 

//Reference=MNI 
//nullstudy_60
//Subjects=21
-60  -6  -18 
-26  -70  -2 
14  48  48 
-56  -58  -12 
-44  -8  30 
-48  -18  60 
-2  14  40 
-4  -76  -16 
32  38  12 
-38  -82  32 
-50  -2  -28 
-4  -78  38 
-48  -48  -32 
-12  -54  2 
-40  -54  -36 
-6  6  66 
-20  42  52 
22  70  8 
-10  -68  28 

//Reference=MNI 
//nullstudy_61
//Subjects=22
38  16  -38 
50  40  -14 
-48  6  -32 
-48  -82  -16 
14  22  -18 
-4  40  -12 
32  2  -2 
32  16  52 
-24  -2  -26 
-56  -6  -8 
-4  -64  -48 
36  40  18 

//Reference=MNI 
//nullstudy_62
//Subjects=22
2  14  -20 
-22  -24  -28 
-50  -62  -26 
50  38  -4 
56  8  44 
42  44  -18 
-36  60  2 
-24  -48  -8 
-18  -34  62 
-30  -46  70 
-48  34  8 
-46  4  50 
-18  52  -8 
-34  2  34 
-4  -40  -42 
-68  -28  -18 
-38  28  -22 
4  52  -12 
-50  -18  -40 
-14  8  8 
40  8  10 
-6  -24  66 
34  8  4 
-48  0  24 
-42  -12  48 
-22  -54  44 

//Reference=MNI 
//nullstudy_63
//Subjects=21
-38  -74  -10 
-58  4  -28 
12  60  10 
-18  56  28 
-12  2  16 
-52  30  -4 
20  66  14 
-6  60  30 
-4  -76  -34 
-4  -82  42 

//Reference=MNI 
//nullstudy_64
//Subjects=22
-10  52  8 
42  8  -34 
-36  -92  14 
-34  6  -42 
-54  -64  26 
-22  38  22 
48  32  26 
-58  22  18 
-44  18  22 
-54  -38  14 
10  2  -10 
10  16  -28 
-6  -62  -40 
-28  52  2 
-24  18  -34 
-32  -96  10 
-32  4  -44 

//Reference=MNI 
//nullstudy_65
//Subjects=20
38  24  6 
-4  -56  4 
-24  -70  30 
-34  44  36 
-4  -14  30 
14  14  12 
-20  -38  -36 
-34  44  -18 
-26  -38  -6 
48  38  -4 
56  12  2 
-28  26  48 
-42  50  22 
-26  -92  24 
20  30  60 

//Reference=MNI 
//nullstudy_66
//Subjects=22
-20  -66  0 
-34  16  36 
46  12  -22 
30  10  -4 
-26  26  44 
-42  -72  -48 
-30  22  48 
-28  52  -4 
-30  -4  -18 
24  54  26 
-26  -70  -2 
36  8  -28 
-34  -30  -16 
-62  -38  10 
44  16  18 
-44  4  30 
18  30  44 
-32  -42  -8 

//Reference=MNI 
//nullstudy_67
//Subjects=20
46  10  -14 
-62  -32  6 
-30  -40  2 
-26  -96  2 

//Reference=MNI 
//nullstudy_68
//Subjects=20
-50  -64  -10 
-10  -54  26 
-38  -56  16 
-14  4  -30 
-40  -60  20 
-8  -28  -22 

//Reference=MNI 
//nullstudy_69
//Subjects=21
24  18  56 
-2  -84  4 
-12  -28  -16 
34  18  2 
18  2  -4 
-8  -24  36 
-16  36  -16 
-16  -52  8 
50  4  -22 
-12  -80  -30 
12  6  8 

//Reference=MNI 
//nullstudy_70
//Subjects=21
-12  2  -34 
22  10  -18 
-6  -12  -18 
32  40  -8 
-38  -68  0 
-44  -70  -48 
-44  -44  -40 
-44  28  14 
-4  2  76 
46  50  6 
-52  -34  28 
-6  12  -10 
-20  -90  2 
-64  -34  -4 
-26  -70  -16 
-2  -92  -12 
58  2  -20 
-12  -40  32 
-20  -70  -50 
-10  -44  -64 
38  24  12 
8  44  28 
-8  -42  -60 

//Reference=MNI 
//nullstudy_71
//Subjects=20
60  2  -16 
6  44  -4 
30  2  -8 
62  8  24 
-36  38  24 
-10  42  -24 
-14  -36  -42 
-2  46  22 
-4  -66  -50 

//Reference=MNI 
//nullstudy_72
//Subjects=22
-46  20  -16 
-46  -50  8 
-70  -28  -14 
-50  -78  -14 
-46  -8  -20 
-32  30  18 
-14  -22  -14 
24  6  56 
22  6  52 
18  38  32 
-18  -62  52 

//Reference=MNI 
//nullstudy_73
//Subjects=20
34  54  28 
-62  4  14 
-34  46  -6 
-38  -56  -14 

//Reference=MNI 
//nullstudy_74
//Subjects=19
-18  -70  -50 
-14  20  2 
42  24  -32 
-58  -38  2 

//Reference=MNI 
//nullstudy_75
//Subjects=21
6  54  40 
-22  -50  -34 
-46  -40  48 
-30  62  0 
-14  -96  -22 
-10  -24  -10 
-42  -44  46 
-2  -56  -16 
-26  -66  -48 
16  24  -28 
20  30  58 
-16  -86  22 
-8  -58  -10 
-46  -66  -4 
-34  24  -18 

//Reference=MNI 
//nullstudy_76
//Subjects=22
-38  -94  -8 
-28  -50  54 
-6  -84  34 
8  8  46 
-52  18  38 
-8  64  10 
38  32  32 
-10  -60  -50 
-42  26  48 
-58  -58  2 
-10  28  48 
-36  -14  42 
30  20  -6 
10  30  56 
-40  -72  16 
-32  -74  -58 
-40  -30  56 
34  34  46 
-48  -76  -26 
-18  -32  14 
24  20  -26 
-58  0  28 
-12  -38  62 
-54  14  6 
-66  -28  -24 
40  20  28 
28  14  -14 
6  10  72 
-52  -6  12 
-16  -94  -2 
-4  56  -18 
50  10  48 
-4  48  46 
36  52  8 
-60  -56  0 
-8  28  -10 
24  12  -34 
-20  62  6 
-18  -24  58 
8  54  34 
-32  -58  -10 
-50  -44  -32 
-64  -8  20 
34  54  0 
-10  26  -30 
-36  14  -2 
14  36  18 
-56  -22  -22 
-64  -34  10 
-6  54  34 
-24  18  54 
-34  -94  -16 
-48  2  6 
18  34  -14 
-42  36  -16 
-4  24  -16 
-26  -64  30 
-64  -24  24 
18  54  -14 
-32  -68  44 
24  52  -10 
-38  -46  -18 
-24  -56  -52 
-2  -56  -52 
-32  -44  -28 

//Reference=MNI 
//nullstudy_77
//Subjects=19
20  24  -22 
34  14  52 
12  14  -2 
-54  -44  -14 

//Reference=MNI 
//nullstudy_78
//Subjects=21
10  24  28 
-30  42  18 
-8  -60  4 

//Reference=MNI 
//nullstudy_79
//Subjects=20
-22  -64  16 
-36  52  -10 
16  48  -22 
-8  -90  2 
-22  24  -12 
28  52  12 
-48  -78  22 
-20  -66  -32 
-4  -94  -22 
-26  -56  54 
-40  -74  -44 
44  22  22 
22  44  30 
-58  -44  -20 
26  20  -38 

//Reference=MNI 
//nullstudy_80
//Subjects=20
-44  -10  14 
24  52  24 
10  60  16 
-2  -58  28 
-38  -16  4 

//Reference=MNI 
//nullstudy_81
//Subjects=20
-12  -64  54 
-20  6  6 
-18  -20  60 
40  4  62 
-6  48  -6 
-48  -6  46 
10  12  58 
-30  22  44 

//Reference=MNI 
//nullstudy_82
//Subjects=20
-42  -2  -12 
-28  -2  -6 
-36  14  24 
-2  -20  -28 
8  26  28 
-30  -66  -54 
-4  40  -32 
-6  -22  6 
-8  42  54 
0  54  -16 
-52  -64  18 
8  40  -14 
-20  -78  -12 
-44  -56  26 
-52  -52  -2 

//Reference=MNI 
//nullstudy_83
//Subjects=20
-8  30  -12 
-4  -66  -26 
-18  -62  24 
-34  -64  -10 
-36  -82  -40 
12  28  24 

//Reference=MNI 
//nullstudy_84
//Subjects=19
-22  16  4 
-62  -20  10 
-6  -72  -50 
-52  34  -12 
-26  -22  -28 
-38  4  -30 
-26  -56  -26 
-24  -38  -14 

//Reference=MNI 
//nullstudy_85
//Subjects=18
-42  -56  34 
-34  48  -6 

//Reference=MNI 
//nullstudy_86
//Subjects=18
26  30  46 
4  12  52 

//Reference=MNI 
//nullstudy_87
//Subjects=20
-22  -38  -42 
-38  10  -6 

//Reference=MNI 
//nullstudy_88
//Subjects=18
-4  26  46 
-8  62  32 

//Reference=MNI 
//nullstudy_89
//Subjects=21
-40  28  40 
-40  18  -4 
0  52  0 
-6  44  -16 

//Reference=MNI 
//nullstudy_90
//Subjects=19
-2  46  -14 
-44  -42  -24 
34  6  -24 

//Reference=MNI 
//nullstudy_91
//Subjects=19
-2  -54  -4 
-16  10  -2 
50  10  34 
-10  -10  -20 
-40  -36  24 
-2  -24  -12 
-12  -78  -6 
24  4  -14 

//Reference=MNI 
//nullstudy_92
//Subjects=20
-32  50  -12 
-50  -66  -34 

//Reference=MNI 
//nullstudy_93
//Subjects=20
-40  16  18 
-16  -88  8 
0  28  10 
-44  -30  42 

//Reference=MNI 
//nullstudy_94
//Subjects=20
46  38  22 
-16  14  2 
-54  -28  -8 
-10  -58  18 

//Reference=MNI 
//nullstudy_95
//Subjects=19
32  52  6 
48  14  8 
-34  -12  2 
38  12  52 
-16  -78  52 
-12  -30  4 
-14  -34  10 
28  48  -4 
-6  -58  50 
48  12  4 
-6  -20  24 
-18  20  -2 
-8  22  56 
-2  62  -4 
16  54  -2 
34  8  36 
-54  -50  22 
6  54  10 
-46  -40  24 
-56  -64  -30 
-60  -36  36 
-22  -64  -22 
-38  -36  12 
-44  -32  6 
-2  -26  70 
-54  -72  -8 
-40  -58  14 

//Reference=MNI 
//nullstudy_96
//Subjects=20
-32  -86  -34 
40  24  -8 
-36  20  48 
-14  -32  -40 

//Reference=MNI 
//nullstudy_97
//Subjects=19
-24  -84  38 
-22  -78  -38 
4  38  0 

//Reference=MNI 
//nullstudy_98
//Subjects=20
-6  -80  -48 
-28  50  36 
-28  44  10 
50  46  -2 
-60  -64  20 
-28  48  32 
16  18  -24 
-12  -4  -32 

//Reference=MNI 
//nullstudy_99
//Subjects=20
-32  16  -16 
-44  -64  2 
-54  34  12 
-30  -74  -10 

//Reference=MNI 
//nullstudy_100
//Subjects=20
-18  -38  -28 
-4  -6  42 
-24  -46  -14 
-6  -56  48 
48  18  -22 

