//Reference=MNI 
//truestudy_1
//Subjects=9
45  -67  -5 
47  -66  -5 
47  -66  -5 

//Reference=MNI 
//truestudy_2
//Subjects=12
46  -66  -6 
45  -65  -6 
45  -65  -5 
46  -67  -3 
45  -66  -6 
46  -67  -6 
46  -66  -7 
46  -65  -6 
46  -66  -6 
46  -68  -7 
44  -66  -6 
46  -68  -6 
47  -67  -5 
47  -65  -4 
48  -66  -4 
47  -64  -6 
46  -67  -5 
47  -67  -5 
46  -66  -5 
47  -67  -6 
46  -67  -6 
46  -64  -8 
44  -66  -5 
45  -66  -4 
47  -67  -6 
48  -66  -4 

//Reference=MNI 
//truestudy_3
//Subjects=11
48  -66  -6 
46  -66  -5 
48  -65  -6 
46  -65  -8 
46  -64  -7 
47  -64  -7 
46  -66  -8 
47  -65  -7 
45  -65  -5 
47  -66  -6 
43  -66  -7 
47  -66  -7 
45  -66  -7 
46  -67  -4 
46  -66  -5 
48  -66  -5 
47  -66  -6 
48  -64  -7 
46  -66  -6 
46  -66  -6 
47  -67  -5 
45  -65  -6 
46  -66  -5 
43  -65  -6 
45  -67  -6 
47  -67  -7 
46  -68  -5 
47  -67  -6 
46  -66  -6 
47  -65  -7 
46  -66  -6 

//Reference=MNI 
//nullstudy_1
//Subjects=9
28  10  -36 
-42  -2  18 
46  12  46 

//Reference=MNI 
//nullstudy_2
//Subjects=12
-22  -64  -2 
-14  44  -26 
-38  -2  -22 
-48  -32  4 
-18  -80  -26 
18  70  -4 
0  46  0 
-18  -94  22 
-22  -36  62 
-40  34  4 
26  8  -46 
-6  -68  8 
14  46  32 
30  8  48 
-38  -32  60 
-6  48  38 
54  14  10 
34  8  64 
0  64  -10 
-14  -30  42 
-52  22  8 
-16  -74  -4 
-44  8  -32 
-42  20  -22 
-18  16  62 
34  14  50 

//Reference=MNI 
//nullstudy_3
//Subjects=11
-12  38  46 
-46  -46  28 
-20  -10  74 
-48  -4  -10 
14  8  16 
-38  -36  54 
-46  -34  18 
-54  -34  36 
10  36  -16 
-24  -50  70 
34  2  -50 
-20  -38  -40 
-6  40  24 
-68  -24  -20 
-58  -64  10 
-28  24  2 
16  18  52 
-32  -8  52 
-18  -52  64 
32  6  12 
-36  44  10 
-8  -48  28 
-14  -78  -46 
64  4  12 
-30  -6  -36 
-46  -82  -12 
-22  4  50 
-60  0  14 
-10  -2  52 
-36  42  24 
-18  44  44 

//Reference=MNI 
//nullstudy_4
//Subjects=9
-26  -62  -34 
-60  -18  36 
-6  66  -4 
-12  -10  74 

//Reference=MNI 
//nullstudy_5
//Subjects=11
-60  -40  -26 
26  14  64 
12  18  38 
-14  -62  14 
-6  30  44 
-54  -48  34 
-44  -42  8 
-16  -92  -34 
-52  16  12 
-48  0  16 
32  26  14 
-44  -86  20 
-8  64  -2 
2  8  -10 
-38  24  50 
64  6  28 
-12  -52  50 
-26  -54  -40 
38  16  -4 
-12  60  -6 
-10  -46  -60 
-2  48  26 
52  10  26 
-8  -22  8 
-14  -76  -14 
14  4  -12 
-14  -84  -30 
14  32  58 
-54  -52  -20 
-38  -74  -18 
-24  -10  52 
-10  28  50 
-38  48  4 
-20  -88  32 
44  8  24 
-58  -42  18 
-16  -60  30 
-4  -16  20 
-6  12  70 
-8  -32  46 
-66  -32  40 
-22  -68  38 
-18  -30  60 
14  20  16 
-12  6  70 
20  10  -14 
28  2  -4 
-28  60  -6 
-6  -52  -16 
36  8  50 
-16  -68  -28 
-36  30  28 

//Reference=MNI 
//nullstudy_6
//Subjects=11
-10  -20  -14 
-44  36  -6 
-32  10  38 

//Reference=MNI 
//nullstudy_7
//Subjects=11
12  24  -20 
-42  -32  6 
38  4  24 
-16  -88  26 
38  32  -6 
-48  10  -20 
-28  4  54 
-22  64  0 
-6  58  40 
-66  -6  -12 
-42  -18  22 
-10  -24  42 
-36  -14  40 
-34  -32  48 
-4  -60  -62 
-6  -12  -30 

//Reference=MNI 
//nullstudy_8
//Subjects=11
22  14  52 
-28  -54  -56 
-36  -80  -46 
-16  10  68 
2  26  60 
-8  -80  18 
-24  -36  20 
-6  44  4 
-22  -12  74 

//Reference=MNI 
//nullstudy_9
//Subjects=10
-58  -16  40 
-42  -46  16 
-24  40  -10 
-12  -100  -8 
-6  -48  -68 
-52  -40  16 
-30  -48  66 
-2  -72  -20 

//Reference=MNI 
//nullstudy_10
//Subjects=10
-62  -8  -12 
-32  -44  -38 
-8  -18  78 
-20  20  40 
-52  -40  -8 
-16  46  30 

//Reference=MNI 
//nullstudy_11
//Subjects=11
30  2  -48 
-50  28  14 
46  2  36 
-14  -88  34 
12  32  38 
-62  -30  36 

//Reference=MNI 
//nullstudy_12
//Subjects=10
12  2  42 
-28  -8  -44 
10  36  24 
-14  -102  -2 
-22  -50  72 
-20  18  -8 
-26  -28  -10 
-2  40  38 
-24  -58  -46 
8  20  58 
-4  -10  -36 
-40  -44  52 
-54  30  -8 
-18  22  62 
-68  -42  0 
-20  58  -14 
-44  -6  44 
-28  -74  54 
-40  -70  -38 
26  46  -20 
-28  20  44 

//Reference=MNI 
//nullstudy_13
//Subjects=10
-12  -40  -56 
-22  -84  -34 
-16  -72  -34 
38  42  -12 
-56  -60  -30 
-20  -18  -14 
-36  -24  -26 

//Reference=MNI 
//nullstudy_14
//Subjects=11
-26  -4  -12 
-44  -78  8 
-24  -4  -14 
-22  -34  -34 
-30  8  36 
-54  -18  50 

//Reference=MNI 
//nullstudy_15
//Subjects=9
-58  12  0 
-38  38  8 
-14  -8  -20 
-18  -42  -10 
-32  48  -2 
-46  -40  14 
-30  -80  36 
6  62  -22 
-14  70  -4 
-36  2  -34 
-56  -2  -24 
8  42  2 
-32  -22  -16 
-26  62  20 
50  26  30 
46  8  2 
-8  -24  44 
-14  -44  66 
30  2  0 
-10  -42  -24 

//Reference=MNI 
//nullstudy_16
//Subjects=9
-4  30  48 
-10  -94  -30 

//Reference=MNI 
//nullstudy_17
//Subjects=11
-36  -92  -2 
-18  -34  -42 
-10  -22  46 
-12  44  54 

//Reference=MNI 
//nullstudy_18
//Subjects=10
-26  20  48 
-20  8  46 
-4  -24  -18 
-46  -22  -36 
-38  -90  -18 
-12  -92  -16 
8  30  -14 
-22  -60  -60 
-38  -52  -36 
-38  20  50 
-22  -80  -18 

//Reference=MNI 
//nullstudy_19
//Subjects=9
4  40  56 
20  6  72 
-40  8  -32 
-30  -48  70 
10  24  26 
-2  -68  40 
-8  -32  -42 

//Reference=MNI 
//nullstudy_20
//Subjects=11
-16  -24  40 
24  6  -44 
-54  -30  48 

//Reference=MNI 
//nullstudy_21
//Subjects=10
-14  -20  46 
-60  -2  -8 
2  58  -10 
-16  0  -26 
-26  -74  -22 
12  40  10 
-22  -78  -46 
-14  -8  -28 
-30  -8  66 
-40  -74  -22 
40  38  -2 

//Reference=MNI 
//nullstudy_22
//Subjects=9
-6  62  -10 
-6  -70  60 
4  64  -20 
-46  -6  -10 

//Reference=MNI 
//nullstudy_23
//Subjects=9
2  14  -18 
-32  -56  -16 

//Reference=MNI 
//nullstudy_24
//Subjects=9
0  2  -14 
44  40  -6 

//Reference=MNI 
//nullstudy_25
//Subjects=9
6  18  2 
-6  32  8 

//Reference=MNI 
//nullstudy_26
//Subjects=11
-28  -68  -22 
-24  -92  4 
-44  -46  -38 
-12  -32  18 
14  8  -12 
-34  -44  -28 
-6  -28  -44 
-2  -36  78 
-28  58  8 

//Reference=MNI 
//nullstudy_27
//Subjects=9
-42  32  18 
-62  -42  -16 
-4  -46  48 

//Reference=MNI 
//nullstudy_28
//Subjects=12
-34  0  58 
-42  -82  10 

//Reference=MNI 
//nullstudy_29
//Subjects=11
14  32  62 
-4  -40  -56 
20  14  66 
-34  -60  -50 
-12  46  -28 
28  24  32 
-14  -54  -54 
-42  -42  36 

//Reference=MNI 
//nullstudy_30
//Subjects=10
-48  -12  -16 
-26  -16  -16 
32  8  52 

//Reference=MNI 
//nullstudy_31
//Subjects=9
14  42  -24 
-14  -60  -18 
-56  -6  18 
40  34  -20 
-32  -20  48 
-14  -96  -26 
2  46  4 
-46  24  16 
-6  24  50 
-6  -72  -24 
-8  -46  -8 
20  18  -28 
28  46  -8 
-6  -62  54 
6  6  10 
48  48  -12 
12  38  22 
-36  -62  -6 
-34  -42  64 
-4  -78  28 
-58  4  14 
-28  58  10 
-36  50  -6 
-38  -20  -16 
-28  58  18 
-68  -28  -20 
24  36  -8 
10  16  32 
-56  -64  22 

//Reference=MNI 
//nullstudy_32
//Subjects=10
-16  -8  -40 
-6  -14  28 
-24  2  0 
-40  -86  -24 
-8  18  -28 
-24  -12  -42 
2  42  -6 
-48  -6  26 
-4  -12  68 
48  40  -16 
10  58  -24 
-18  4  -26 

//Reference=MNI 
//nullstudy_33
//Subjects=10
36  54  6 
-40  -68  -56 
-52  -74  -22 
-2  -78  -20 

//Reference=MNI 
//nullstudy_34
//Subjects=9
-16  34  -24 
-18  20  -26 
-4  6  56 

//Reference=MNI 
//nullstudy_35
//Subjects=10
-40  -82  8 
-40  -36  46 
-32  34  24 
-24  -96  16 
4  50  40 
16  46  30 
12  34  -10 
58  16  22 

//Reference=MNI 
//nullstudy_36
//Subjects=11
-18  62  -12 
-12  -54  60 
-26  -60  -46 
2  48  -2 

//Reference=MNI 
//nullstudy_37
//Subjects=11
-4  -2  42 
-2  50  24 
8  50  32 

//Reference=MNI 
//nullstudy_38
//Subjects=11
10  14  30 
12  2  -22 
-52  -64  -6 
-42  -30  6 

//Reference=MNI 
//nullstudy_39
//Subjects=11
44  4  -8 
-18  14  54 
-30  -78  -18 
-50  -6  32 
-8  -38  -26 
-40  30  -14 
-52  -52  8 
-30  -24  12 
-64  -12  2 
10  28  -14 
-60  -38  -8 
-20  -80  -32 
-10  -62  -8 
0  30  -16 
-16  -38  -48 

//Reference=MNI 
//nullstudy_40
//Subjects=9
-44  -66  16 
-24  -48  4 
-30  62  12 
-36  -10  46 
14  32  44 
38  16  -14 
-4  -22  -42 
-26  -66  -2 
-28  -82  32 
-8  18  14 
-34  -32  54 
-12  -80  -44 
-38  24  -22 
-22  0  -12 
-48  4  44 

//Reference=MNI 
//nullstudy_41
//Subjects=10
10  64  24 
50  30  6 
-38  54  18 
-20  56  0 
-30  -60  -48 
-52  -64  36 
-42  -66  -4 
0  8  44 
-22  -18  -24 
-30  18  16 

//Reference=MNI 
//nullstudy_42
//Subjects=11
-38  -14  44 
4  26  44 
-46  -12  54 
-34  -82  -34 
10  26  2 
-4  12  2 
-34  -82  14 
38  46  -10 
-12  56  -22 

//Reference=MNI 
//nullstudy_43
//Subjects=10
-12  -46  -30 
14  52  20 

//Reference=MNI 
//nullstudy_44
//Subjects=9
-40  6  -18 
-10  -10  78 

//Reference=MNI 
//nullstudy_45
//Subjects=11
-14  26  4 
48  12  54 
-20  -50  -44 
62  4  38 
2  6  26 
-54  -6  -2 
-22  10  -40 
54  22  -10 
-2  22  -12 
-18  -8  -12 
-44  22  26 
-6  -82  12 
10  6  36 
-6  52  -14 
-8  -82  -24 
-44  44  6 
-22  -78  14 
10  28  38 
-4  28  14 
26  14  52 
-44  -46  6 
-50  -4  4 
24  10  -14 
-26  30  -12 
-52  -34  50 
-10  -40  34 
-44  12  -40 
2  16  10 
-40  -14  10 
14  52  14 
-32  -14  66 
-20  -22  -36 
30  42  -10 
-32  -44  -18 
-20  -80  0 
-48  4  -20 
-16  -98  -4 
-40  46  16 
52  30  14 
-12  36  24 
-12  46  46 
-24  -10  4 
-60  -14  24 
-58  -36  42 
-40  -64  -2 
-16  -60  6 
-38  -84  24 
2  14  52 
-46  0  -18 
20  32  58 
-38  54  22 
-38  18  34 
-30  -60  -54 
-30  -84  16 
-26  -90  -16 
-10  -70  20 
-46  -54  2 
-8  20  34 
-38  -26  66 
-18  -44  -44 
-38  30  46 
-16  16  16 
26  22  -4 
-2  60  0 
-10  -42  42 

//Reference=MNI 
//nullstudy_46
//Subjects=9
-44  -32  -6 
-28  52  18 
-40  -6  -48 
-20  -78  54 
-38  4  -48 
-52  -58  -16 

//Reference=MNI 
//nullstudy_47
//Subjects=8
-54  -50  0 
-4  -66  54 
-24  -58  36 
-2  -84  -28 
-68  -20  -14 
-12  58  16 
54  36  8 
-34  -20  54 
26  64  12 
-42  -78  20 

//Reference=MNI 
//nullstudy_48
//Subjects=10
-8  -92  14 
-58  -54  30 
-48  -14  30 

//Reference=MNI 
//nullstudy_49
//Subjects=8
-6  -4  76 
0  52  14 
-12  -66  -48 

//Reference=MNI 
//nullstudy_50
//Subjects=8
-18  -64  52 
-12  50  28 
-36  4  58 
6  54  32 
32  22  52 
-32  -32  58 
-26  44  20 
-44  -28  2 
-12  -54  52 
48  44  4 
-54  -64  -4 
-28  -4  -36 
26  14  -32 
18  12  8 
-48  30  -16 
4  36  -24 
-22  -74  10 
-14  -80  8 
-44  -64  -52 
-44  -38  -20 
-38  -88  4 
-42  -86  -8 
-34  -68  -56 
-12  -72  -12 
-54  16  -26 
-50  -68  -36 
-26  -6  -4 
-54  -18  4 
-28  4  -44 
4  28  22 
-50  -38  -28 
-26  -68  30 
-6  50  48 
-6  -56  -52 

//Reference=MNI 
//nullstudy_51
//Subjects=9
-56  -46  0 
42  10  2 
-44  4  26 
-24  50  -14 

//Reference=MNI 
//nullstudy_52
//Subjects=9
-10  -62  -52 
-46  20  26 

//Reference=MNI 
//nullstudy_53
//Subjects=10
-28  -28  58 
30  30  -8 
-2  -40  -26 
26  36  36 
-60  -28  40 
-16  -58  -60 

//Reference=MNI 
//nullstudy_54
//Subjects=11
-6  50  38 
-36  -82  12 

//Reference=MNI 
//nullstudy_55
//Subjects=10
32  16  64 
-32  -48  48 
-14  -22  76 

//Reference=MNI 
//nullstudy_56
//Subjects=9
30  14  -20 
-28  -92  22 
-2  22  64 

//Reference=MNI 
//nullstudy_57
//Subjects=9
-42  -24  14 
46  14  36 
-32  46  2 

//Reference=MNI 
//nullstudy_58
//Subjects=9
-12  -74  38 
-4  -54  -42 
-56  0  26 
-24  -10  -36 
-34  18  -24 
-12  -48  -14 
-44  -70  -12 
-2  -72  36 

//Reference=MNI 
//nullstudy_59
//Subjects=10
-26  -18  58 
-10  -80  24 
-18  -82  -42 
-52  -20  46 
-38  -40  50 
-36  -24  62 
44  16  16 
6  50  10 
-46  -78  14 
-4  0  56 

//Reference=MNI 
//nullstudy_60
//Subjects=9
-6  -12  -22 
-42  -18  -24 
-60  -4  26 
-10  -8  74 
-34  -80  40 
-10  28  28 

//Reference=MNI 
//nullstudy_61
//Subjects=11
-30  -32  -22 
52  40  -2 
-44  8  -26 

//Reference=MNI 
//nullstudy_62
//Subjects=11
-8  -48  52 
56  22  4 

//Reference=MNI 
//nullstudy_63
//Subjects=10
-8  -14  52 
-28  10  -22 

//Reference=MNI 
//nullstudy_64
//Subjects=11
44  4  -32 
-14  -44  -58 
-42  -18  6 
-50  -58  8 
46  26  20 

//Reference=MNI 
//nullstudy_65
//Subjects=11
-38  16  28 
-54  -46  4 
-4  -46  26 
-30  -24  72 

//Reference=MNI 
//nullstudy_66
//Subjects=10
-38  -68  -38 
-32  -4  42 
-42  -72  16 
-48  -18  54 
-58  -18  -16 
-18  60  -4 
-36  40  -6 
-14  -50  76 
-34  -82  6 

//Reference=MNI 
//nullstudy_67
//Subjects=10
6  26  -26 
-4  -74  14 
-6  -58  -26 
-52  12  -4 
-22  2  54 
-50  -52  -28 
-30  -60  -62 
-60  -32  -20 
-26  -32  -30 

//Reference=MNI 
//nullstudy_68
//Subjects=11
-10  -58  68 
-26  -60  -12 
42  40  -12 
-54  -42  -18 

//Reference=MNI 
//nullstudy_69
//Subjects=10
-14  -16  10 
32  38  40 
34  2  -36 

//Reference=MNI 
//nullstudy_70
//Subjects=7
-2  -60  10 
-36  -22  24 
-42  -70  44 
-4  -76  -16 
-8  56  24 
12  18  62 
-42  -54  -28 
-46  -74  8 
36  16  58 

//Reference=MNI 
//nullstudy_71
//Subjects=11
-8  -68  40 
-8  -22  20 
10  36  4 
34  30  38 
-32  -6  -26 
-4  32  -2 
-12  -88  -2 
-24  56  22 
-6  54  -12 
-22  -54  58 
-58  -46  12 
-14  -60  -58 
6  20  -18 
-10  -10  2 

//Reference=MNI 
//nullstudy_72
//Subjects=10
-22  -104  2 
-40  -60  -6 
-56  16  22 
-16  -86  -16 

//Reference=MNI 
//nullstudy_73
//Subjects=10
-32  -62  60 
-6  -40  -10 
-24  8  -22 
-10  -86  -20 
46  14  30 

//Reference=MNI 
//nullstudy_74
//Subjects=8
-36  -80  -18 
-12  38  10 
-66  -34  -6 
34  38  24 
-66  -40  -8 
-48  -52  -34 
-48  -58  40 
-22  26  48 
-54  -72  28 
-28  -74  -58 
-46  -20  12 
46  12  34 
28  50  -12 
-12  -32  80 
-32  -26  54 
-38  -58  46 
30  2  10 
2  40  -14 
-34  18  -8 

//Reference=MNI 
//nullstudy_75
//Subjects=9
-64  -42  -14 
-38  -68  -20 
-40  -14  50 
-34  28  -22 
-28  18  64 
-4  36  -8 

//Reference=MNI 
//nullstudy_76
//Subjects=8
-36  36  -16 
-8  12  72 

//Reference=MNI 
//nullstudy_77
//Subjects=9
-56  -62  20 
-4  -70  60 
-42  -12  36 
2  34  22 
-4  -38  -34 
-20  36  -20 
12  62  14 
-48  32  30 
28  42  22 

//Reference=MNI 
//nullstudy_78
//Subjects=12
-40  24  30 
-12  8  48 
-36  -58  52 
-60  -60  -8 
-30  -36  52 
14  4  -14 

//Reference=MNI 
//nullstudy_79
//Subjects=8
-26  -78  -4 
-10  -2  52 
-36  -58  20 
-2  10  26 
-6  10  46 
-40  42  -6 
8  16  52 

//Reference=MNI 
//nullstudy_80
//Subjects=12
-8  -2  14 
12  60  -16 

//Reference=MNI 
//nullstudy_81
//Subjects=12
-32  -56  -22 
10  12  4 

//Reference=MNI 
//nullstudy_82
//Subjects=10
-10  -84  -42 
14  42  38 

//Reference=MNI 
//nullstudy_83
//Subjects=10
-48  -64  14 
-8  62  18 
-16  -52  54 

//Reference=MNI 
//nullstudy_84
//Subjects=9
-18  -6  2 
-8  -48  -46 
-14  -70  -26 
-22  12  -6 
-6  -52  -8 
-6  -14  4 
-14  8  72 
-4  -26  74 
-46  -78  0 
-10  58  32 
-64  -40  8 

//Reference=MNI 
//nullstudy_85
//Subjects=10
-26  4  48 
-8  -4  -12 

//Reference=MNI 
//nullstudy_86
//Subjects=11
-66  -18  -20 
22  66  0 
-28  -54  44 
-30  -66  62 
-18  -18  -32 
-60  -2  34 
-2  -56  24 
48  12  -24 
-32  -14  -36 
4  50  12 
-64  -42  -12 
-54  26  28 
6  54  0 
-4  -62  -6 

//Reference=MNI 
//nullstudy_87
//Subjects=9
-42  8  -14 
-56  -12  36 
-10  -76  -26 
30  16  2 
18  64  14 
-10  -30  0 
-42  14  32 
-32  18  -12 
-4  -80  -40 
-38  2  40 
-38  -50  38 
-20  64  -2 
-8  4  -4 
-4  36  -24 
-56  14  -4 
-38  -88  18 
-46  30  20 
-58  -64  -20 
-8  -30  -2 
-24  -72  22 
-62  -8  -24 
32  8  10 
-20  -64  20 
-6  -50  -32 
0  54  12 
-46  14  38 
-18  -2  -38 
-14  -38  58 
-14  -60  10 
-22  -96  -2 
-12  -38  -52 
-16  -60  -60 
-46  -20  -10 
-4  2  44 
-10  -62  50 
-30  24  8 

//Reference=MNI 
//nullstudy_88
//Subjects=9
18  16  4 
-48  -48  -6 
-4  2  72 
34  10  60 
-22  12  50 

//Reference=MNI 
//nullstudy_89
//Subjects=9
-18  66  2 
-14  -54  48 
-12  6  16 
-42  -72  -14 
-44  2  -46 
-4  -22  66 

//Reference=MNI 
//nullstudy_90
//Subjects=9
-10  46  50 
-36  -38  40 

//Reference=MNI 
//nullstudy_91
//Subjects=10
28  30  36 
-6  38  52 
-54  8  -18 
4  54  18 
58  6  2 

//Reference=MNI 
//nullstudy_92
//Subjects=11
-44  8  22 
22  62  6 
-18  8  58 
42  8  -22 
-18  -34  -32 
-12  -52  50 
4  20  64 
-20  -12  58 
-12  -102  -14 
-26  2  -40 
-22  -20  -18 
50  8  48 

//Reference=MNI 
//nullstudy_93
//Subjects=10
-18  -24  14 
-26  54  8 
-56  -56  8 
-34  -2  14 

//Reference=MNI 
//nullstudy_94
//Subjects=10
10  20  -26 
-6  -42  22 
-42  -50  -6 

//Reference=MNI 
//nullstudy_95
//Subjects=12
-12  -44  -16 
-60  -52  -12 
-18  -14  -16 

//Reference=MNI 
//nullstudy_96
//Subjects=10
14  6  -30 
-6  32  40 
-50  6  12 

//Reference=MNI 
//nullstudy_97
//Subjects=8
40  4  -8 
-8  -16  76 
-26  -36  -12 
-64  -4  -18 
-46  24  -24 
-6  -70  52 

//Reference=MNI 
//nullstudy_98
//Subjects=11
-48  36  -14 
4  8  -22 
-20  0  -30 
-44  -80  -28 
-40  38  6 
24  56  20 
-28  2  -26 
34  2  -18 
-16  -26  -4 
-6  -38  58 
-48  -60  -16 
-6  -82  -16 
-8  -92  -18 
-32  -16  70 
-70  -30  2 
-4  42  34 
-50  6  8 
-22  -80  4 
12  70  10 
-26  -48  -44 

//Reference=MNI 
//nullstudy_99
//Subjects=10
-12  -42  -52 
-12  64  28 
-34  -42  -32 
20  24  62 
22  4  4 

//Reference=MNI 
//nullstudy_100
//Subjects=10
-4  40  -8 
-44  16  22 
-28  -80  -40 
10  4  38 
-22  -36  -44 
54  14  -8 
-22  -78  -24 
-2  -54  66 
-20  -98  -12 
-18  -60  24 

