//Reference=MNI 
//truestudy_1
//Subjects=20
47  -66  -6 
46  -66  -7 
47  -68  -6 
48  -65  -9 
46  -67  -6 
45  -66  -5 
46  -66  -6 
47  -66  -6 

//Reference=MNI 
//truestudy_2
//Subjects=22
48  -67  -4 
48  -66  -7 
45  -66  -6 
45  -68  -5 
45  -67  -6 
46  -67  -6 
47  -65  -7 
46  -65  -7 

//Reference=MNI 
//truestudy_3
//Subjects=21
46  -65  -5 
48  -66  -6 
47  -65  -7 
46  -67  -6 
46  -65  -7 
46  -67  -5 
46  -65  -6 
47  -68  -6 

//Reference=MNI 
//nullstudy_1
//Subjects=20
-60  -24  40 
12  52  -2 
-54  -32  38 
-6  6  40 
-8  28  60 
40  10  -22 
-24  -4  -20 
-40  20  8 

//Reference=MNI 
//nullstudy_2
//Subjects=22
-10  -38  74 
-60  -26  44 
-34  -46  -50 
-34  -8  -10 
-48  -46  -48 
-36  46  16 
-22  -64  54 
46  4  18 

//Reference=MNI 
//nullstudy_3
//Subjects=21
42  4  2 
6  50  42 
-40  -36  58 
-12  -16  8 
-54  -6  30 
22  4  2 
8  56  14 
-40  -28  56 

//Reference=MNI 
//nullstudy_4
//Subjects=21
-4  -52  30 
-4  -8  32 
-10  12  10 
-10  22  24 
-4  6  68 
28  4  52 
-28  -72  -8 
0  2  8 

//Reference=MNI 
//nullstudy_5
//Subjects=20
-50  24  20 
-22  -60  -48 
36  18  -16 
-8  -6  48 
-28  -82  -12 
-14  52  44 
-20  -40  14 
-42  -14  46 

//Reference=MNI 
//nullstudy_6
//Subjects=22
-36  -18  54 
-4  -8  60 
-40  42  34 
56  6  34 
-10  -20  12 
-60  12  20 
-10  -42  72 
-6  -64  44 

//Reference=MNI 
//nullstudy_7
//Subjects=22
32  20  -44 
-52  14  -32 
-14  -82  -8 
36  48  -12 
-6  -72  2 
-6  62  30 
38  22  36 
-2  -30  12 

//Reference=MNI 
//nullstudy_8
//Subjects=19
-16  -62  -56 
48  46  -2 
-46  -76  20 
-28  -38  44 
46  6  20 
-14  -38  78 
-42  -60  -20 
12  58  -10 

//Reference=MNI 
//nullstudy_9
//Subjects=21
22  40  38 
54  8  -2 
-32  58  18 
-26  -18  -26 
32  16  2 
-20  -96  24 
-24  14  -20 
-10  -48  26 

//Reference=MNI 
//nullstudy_10
//Subjects=21
30  6  50 
-58  -12  -30 
-60  -14  4 
36  56  -14 
-8  32  34 
-48  0  -16 
-12  64  18 
-8  -40  -10 

//Reference=MNI 
//nullstudy_11
//Subjects=21
-14  -52  6 
6  22  -16 
-10  -60  -42 
-60  -62  0 
-50  -44  48 
0  68  0 
-32  -20  66 
26  34  -18 

//Reference=MNI 
//nullstudy_12
//Subjects=22
44  58  0 
-6  -16  22 
-40  38  28 
-38  -44  60 
-28  -44  -16 
-50  -64  -2 
28  18  -28 
50  8  -26 

//Reference=MNI 
//nullstudy_13
//Subjects=20
-34  -28  50 
-24  -62  64 
42  6  6 
-32  -52  -58 
50  34  26 
-4  44  10 
66  2  22 
28  6  -20 

//Reference=MNI 
//nullstudy_14
//Subjects=21
-12  -84  -4 
0  2  38 
-16  -74  48 
-58  -12  -26 
-24  -36  -30 
26  18  62 
-2  -30  4 
-32  -10  -48 

//Reference=MNI 
//nullstudy_15
//Subjects=20
-44  -72  36 
-6  -76  -42 
-32  54  2 
-40  -28  12 
-8  62  30 
-30  -44  -38 
-2  16  68 
-56  -8  -36 

//Reference=MNI 
//nullstudy_16
//Subjects=20
36  4  38 
28  10  -42 
24  12  66 
-8  -36  -28 
-8  -48  26 
-36  0  12 
8  48  24 
-8  42  52 

//Reference=MNI 
//nullstudy_17
//Subjects=22
-14  0  -36 
-6  -50  30 
-40  -86  4 
-30  -30  48 
0  2  36 
12  72  10 
-22  -50  -24 
-42  40  -20 

//Reference=MNI 
//nullstudy_18
//Subjects=19
-40  2  58 
-34  10  24 
52  8  -34 
-46  22  36 
-58  14  32 
-40  34  14 
-28  46  -2 
-60  -48  -14 

//Reference=MNI 
//nullstudy_19
//Subjects=18
-26  -24  -14 
-24  -30  66 
-2  30  42 
-38  -56  20 
32  20  60 
-12  -72  0 
-22  -74  -52 
-4  -72  52 

//Reference=MNI 
//nullstudy_20
//Subjects=19
28  14  52 
-6  -48  22 
-30  -52  64 
-2  -78  42 
-14  18  64 
-22  -38  -10 
-8  -24  64 
-4  40  10 

//Reference=MNI 
//nullstudy_21
//Subjects=20
-64  -14  -30 
-46  -84  0 
-22  -82  -18 
-52  -10  28 
-30  -12  -40 
-28  4  54 
28  12  -12 
-12  22  -4 

//Reference=MNI 
//nullstudy_22
//Subjects=19
-4  54  -22 
40  28  30 
-48  18  -4 
14  22  -4 
64  2  0 
-4  44  38 
-64  -16  -22 
34  62  2 

//Reference=MNI 
//nullstudy_23
//Subjects=19
-22  -32  14 
-24  -2  54 
14  8  68 
-30  -14  0 
-20  50  4 
-20  -22  -32 
24  30  28 
34  18  24 

//Reference=MNI 
//nullstudy_24
//Subjects=21
-12  2  -20 
-32  0  -36 
-44  -6  40 
-30  40  42 
-42  36  -14 
-50  8  -12 
-46  -76  -32 
-38  -16  12 

//Reference=MNI 
//nullstudy_25
//Subjects=19
-68  -14  4 
-24  -4  52 
12  22  54 
-50  -2  -18 
-30  -4  10 
-36  -54  -50 
-22  22  34 
12  54  -26 

//Reference=MNI 
//nullstudy_26
//Subjects=20
12  28  38 
42  24  -18 
-44  -86  -18 
-4  -4  32 
-28  -92  4 
-48  14  38 
-36  -66  -30 
26  28  48 

//Reference=MNI 
//nullstudy_27
//Subjects=20
-50  -40  46 
4  28  10 
-22  44  22 
-34  48  2 
-52  -64  8 
-36  -74  -36 
-20  -78  -28 
36  44  -14 

//Reference=MNI 
//nullstudy_28
//Subjects=20
-26  -6  48 
38  6  -14 
-46  46  20 
-6  -4  46 
-48  26  40 
-36  62  4 
-8  -18  60 
10  22  -26 

//Reference=MNI 
//nullstudy_29
//Subjects=19
-6  -48  -54 
-2  -80  -14 
-60  -12  34 
-16  44  28 
-48  -62  -44 
-50  2  32 
-2  -68  14 
42  4  50 

//Reference=MNI 
//nullstudy_30
//Subjects=21
-50  -26  28 
-10  -44  -64 
-24  0  12 
-14  -50  -18 
18  54  -20 
-26  4  70 
-12  -96  10 
-34  -30  54 

//Reference=MNI 
//nullstudy_31
//Subjects=22
-40  22  42 
-42  26  48 
-28  -10  -18 
-12  22  -10 
-8  -32  36 
-6  50  -24 
14  6  70 
-48  -80  -10 

//Reference=MNI 
//nullstudy_32
//Subjects=22
48  30  18 
-22  36  -8 
-12  -70  30 
-16  42  -24 
-48  -62  -4 
6  70  14 
12  10  50 
14  44  38 

//Reference=MNI 
//nullstudy_33
//Subjects=20
-42  8  2 
-10  -92  -28 
-16  16  -26 
-50  -32  -16 
-46  -64  44 
-48  -66  -14 
-8  -94  28 
36  46  20 

//Reference=MNI 
//nullstudy_34
//Subjects=20
-20  -36  -32 
-38  -62  52 
-20  6  4 
-6  -58  -42 
-22  -78  -34 
-24  -52  62 
-42  -34  12 
-20  -72  -28 

//Reference=MNI 
//nullstudy_35
//Subjects=20
-26  -42  -16 
-46  14  24 
-18  -40  10 
-32  -78  -44 
-28  -8  56 
44  48  10 
34  62  18 
-26  -54  10 

//Reference=MNI 
//nullstudy_36
//Subjects=20
18  58  22 
22  18  -32 
-10  -12  74 
2  52  -20 
-44  28  -14 
24  66  12 
2  6  60 
38  60  4 

//Reference=MNI 
//nullstudy_37
//Subjects=18
42  16  10 
-6  -40  -44 
-12  28  -22 
-6  70  4 
-50  -20  36 
-18  -48  -56 
-28  -44  6 
-34  -52  32 

//Reference=MNI 
//nullstudy_38
//Subjects=19
2  26  66 
54  10  -24 
-22  -42  -26 
-36  -58  -42 
-36  -32  -6 
-16  -64  24 
-44  38  18 
48  22  14 

//Reference=MNI 
//nullstudy_39
//Subjects=22
-10  -86  -16 
-4  -20  38 
-58  -56  -12 
-18  46  -18 
-48  26  0 
-2  -24  14 
-68  -32  0 
-28  -76  -18 

//Reference=MNI 
//nullstudy_40
//Subjects=20
-40  -64  50 
16  66  26 
-62  -6  8 
-38  8  2 
-6  -28  -10 
-6  -20  28 
-24  -78  44 
46  14  -24 

//Reference=MNI 
//nullstudy_41
//Subjects=19
6  42  8 
-12  -92  -12 
-14  -72  14 
-14  20  2 
-48  -14  -42 
-14  -60  18 
-2  14  42 
34  44  40 

//Reference=MNI 
//nullstudy_42
//Subjects=18
-20  -98  -20 
-54  -70  12 
-28  -56  -20 
34  52  0 
-4  -4  12 
-52  8  24 
-52  -30  -14 
-28  30  52 

//Reference=MNI 
//nullstudy_43
//Subjects=21
-12  -92  20 
-14  -96  12 
-2  -26  40 
-32  38  20 
44  24  34 
-16  -32  -34 
-34  -76  -18 
-6  58  -20 

//Reference=MNI 
//nullstudy_44
//Subjects=21
-22  -70  -6 
-60  -24  -2 
-2  -56  0 
-48  -74  -18 
-42  -74  -44 
-4  4  50 
-2  56  4 
6  6  -28 

//Reference=MNI 
//nullstudy_45
//Subjects=20
-4  -10  28 
-48  32  -16 
-4  6  56 
-12  -20  70 
16  20  64 
-24  20  48 
54  4  14 
-32  -32  22 

//Reference=MNI 
//nullstudy_46
//Subjects=20
-46  22  -30 
-60  -44  -22 
-4  8  44 
-28  28  4 
-48  -24  28 
-30  -22  58 
-32  14  64 
40  40  18 

//Reference=MNI 
//nullstudy_47
//Subjects=21
-38  10  -20 
-24  -84  -6 
-40  -58  26 
-42  32  -6 
-26  -58  -50 
-18  -50  -52 
-4  66  2 
-40  -58  40 

//Reference=MNI 
//nullstudy_48
//Subjects=22
-2  30  2 
26  12  46 
-20  -76  -46 
28  46  34 
-6  -66  2 
-40  -28  12 
-28  -66  36 
34  18  -18 

//Reference=MNI 
//nullstudy_49
//Subjects=19
-50  26  14 
-22  18  58 
-14  -84  -42 
-32  -52  -14 
-46  -16  -6 
42  16  -16 
-64  -30  28 
18  4  60 

//Reference=MNI 
//nullstudy_50
//Subjects=21
36  16  2 
16  40  10 
-40  8  26 
-14  -28  8 
-16  -66  -8 
42  54  8 
50  22  26 
-2  -34  -60 

//Reference=MNI 
//nullstudy_51
//Subjects=20
-22  -74  24 
20  34  52 
-10  -30  -34 
-4  -78  42 
38  26  20 
6  32  54 
-14  -104  -8 
20  4  -42 

//Reference=MNI 
//nullstudy_52
//Subjects=22
66  2  20 
-28  -74  -46 
-30  -92  20 
-16  18  -8 
-34  -64  -18 
-12  10  4 
-26  -16  64 
-44  -44  -48 

//Reference=MNI 
//nullstudy_53
//Subjects=21
-10  48  18 
-44  -52  38 
-42  50  2 
-26  -82  -12 
36  24  -34 
-2  -58  38 
-58  -26  10 
-16  -24  -38 

//Reference=MNI 
//nullstudy_54
//Subjects=20
-12  -12  42 
24  16  -42 
-34  -12  70 
-30  -36  46 
14  32  -22 
-56  14  -6 
-6  12  62 
-26  -74  -40 

//Reference=MNI 
//nullstudy_55
//Subjects=20
-30  -36  -8 
-6  2  -20 
-30  2  -26 
-52  -52  46 
-48  -2  -6 
-62  -36  32 
-52  32  6 
-44  -68  -54 

//Reference=MNI 
//nullstudy_56
//Subjects=19
-16  -42  -38 
-24  -6  74 
-22  -96  14 
50  14  0 
50  46  -6 
28  2  54 
-24  8  -28 
22  6  50 

//Reference=MNI 
//nullstudy_57
//Subjects=21
-28  0  50 
-54  -24  30 
-12  -24  44 
-10  -68  -2 
-6  -82  34 
-44  -50  -20 
54  18  -18 
-20  -50  -54 

//Reference=MNI 
//nullstudy_58
//Subjects=19
-20  40  24 
-56  8  -30 
-2  -42  -14 
-14  -88  0 
28  14  -18 
36  36  -6 
-28  -22  -30 
-4  -68  -50 

//Reference=MNI 
//nullstudy_59
//Subjects=20
-12  -14  -16 
-58  -42  34 
-64  -34  -14 
-36  -50  46 
-38  -84  32 
-14  -106  -6 
-16  48  -20 
-28  -82  -18 

//Reference=MNI 
//nullstudy_60
//Subjects=20
-12  -32  64 
-36  32  -18 
-40  -92  0 
-56  -34  -20 
-52  -18  38 
-48  -70  44 
-22  18  -32 
8  4  8 

//Reference=MNI 
//nullstudy_61
//Subjects=21
-46  -34  58 
-50  -42  44 
-18  -78  28 
-10  -32  6 
-28  -84  -38 
-46  -64  24 
-26  -82  -22 
-56  -34  -28 

//Reference=MNI 
//nullstudy_62
//Subjects=17
18  60  22 
-16  68  14 
-38  -38  66 
-22  -64  -28 
-8  6  -20 
-34  -8  -22 
-46  20  16 
-12  -62  40 

//Reference=MNI 
//nullstudy_63
//Subjects=20
-38  14  44 
-16  64  -10 
58  10  36 
42  38  26 
-64  -32  28 
-16  -64  52 
-44  0  -42 
-12  -52  -44 

//Reference=MNI 
//nullstudy_64
//Subjects=21
-16  0  -36 
-8  14  72 
-48  -76  -34 
-16  -42  -8 
46  30  8 
-38  -64  -54 
-32  -60  40 
-2  -80  14 

//Reference=MNI 
//nullstudy_65
//Subjects=21
-26  -58  68 
-34  6  -30 
-16  -52  -60 
8  52  22 
-36  -10  60 
-38  24  24 
42  40  16 
-6  -20  -26 

//Reference=MNI 
//nullstudy_66
//Subjects=19
-62  -50  22 
-60  -46  2 
-34  -56  30 
-2  -28  50 
-46  -54  -46 
-10  -92  -18 
-22  -58  48 
4  52  -22 

//Reference=MNI 
//nullstudy_67
//Subjects=22
-52  -26  -20 
-34  -64  22 
-14  -18  -16 
50  42  14 
18  6  70 
-30  0  46 
-6  -82  -8 
-54  -12  -26 

//Reference=MNI 
//nullstudy_68
//Subjects=19
32  12  58 
-4  -70  -42 
40  12  -32 
-12  -70  -22 
-28  -28  66 
-44  44  -4 
-50  4  -40 
54  42  8 

//Reference=MNI 
//nullstudy_69
//Subjects=21
-54  -62  36 
-42  18  -22 
-54  0  38 
60  2  22 
-18  -28  -20 
-56  -16  2 
-66  -28  20 
-56  4  -10 

//Reference=MNI 
//nullstudy_70
//Subjects=19
-52  22  4 
28  38  42 
-52  22  22 
60  2  -32 
34  16  -30 
8  30  62 
-14  -64  36 
-4  -26  44 

//Reference=MNI 
//nullstudy_71
//Subjects=20
-2  -64  38 
-46  -38  54 
-22  50  -6 
-22  10  60 
-44  -20  -38 
-24  -4  60 
-42  -44  64 
-70  -38  -10 

//Reference=MNI 
//nullstudy_72
//Subjects=21
-48  -72  0 
-30  -70  -42 
26  54  22 
14  2  -2 
-54  -42  30 
-52  -54  0 
44  4  -8 
-2  -12  32 

//Reference=MNI 
//nullstudy_73
//Subjects=20
-56  -54  6 
-26  -74  -18 
-44  18  42 
-6  -80  24 
26  10  64 
-22  -48  -58 
-54  16  -24 
-46  26  8 

//Reference=MNI 
//nullstudy_74
//Subjects=20
-14  -56  -18 
-4  -16  6 
-62  -42  30 
-38  56  10 
-28  14  66 
-30  -56  -6 
-2  -18  32 
-48  42  -12 

//Reference=MNI 
//nullstudy_75
//Subjects=18
42  12  18 
-30  -28  22 
-54  -46  14 
-46  -82  -6 
48  30  -18 
-14  -86  16 
-10  -36  -2 
-38  38  10 

//Reference=MNI 
//nullstudy_76
//Subjects=20
14  58  -18 
-54  0  -6 
-20  6  48 
60  8  -18 
-46  -24  64 
-14  36  58 
-22  -30  -36 
-28  20  58 

//Reference=MNI 
//nullstudy_77
//Subjects=19
-46  10  -36 
54  14  -32 
-62  -8  30 
-14  -50  30 
6  44  48 
-12  -52  -54 
-2  16  -12 
50  46  -2 

//Reference=MNI 
//nullstudy_78
//Subjects=19
-32  50  36 
18  12  8 
-10  54  46 
-54  -8  50 
-38  10  24 
-60  -6  -2 
-66  -42  -20 
-62  -36  30 

//Reference=MNI 
//nullstudy_79
//Subjects=20
-8  -32  -18 
-14  -42  32 
50  44  12 
-30  -76  -8 
-66  -30  -6 
-52  -10  20 
-10  -2  12 
30  34  -4 

//Reference=MNI 
//nullstudy_80
//Subjects=21
-54  -34  42 
-48  -72  -20 
-12  -32  -2 
-4  38  -24 
40  16  32 
-6  -66  -24 
-44  -34  16 
-24  -42  54 

//Reference=MNI 
//nullstudy_81
//Subjects=19
-12  -64  12 
-30  -36  -30 
-8  28  -28 
-44  -52  -12 
44  22  -4 
-30  4  -34 
18  8  -40 
-22  -8  -34 

//Reference=MNI 
//nullstudy_82
//Subjects=21
-8  -40  34 
-10  10  68 
-16  -78  24 
-2  -70  58 
26  50  6 
-14  -44  -58 
-22  52  34 
-50  42  4 

//Reference=MNI 
//nullstudy_83
//Subjects=20
-24  -94  -10 
-46  -46  18 
-42  -20  22 
-50  -66  -14 
-2  6  50 
-34  -2  36 
-18  -102  -12 
-48  2  -44 

//Reference=MNI 
//nullstudy_84
//Subjects=19
62  10  0 
42  10  -4 
-20  -18  -24 
2  44  -26 
-6  -44  54 
48  12  46 
-46  14  52 
-60  -6  12 

//Reference=MNI 
//nullstudy_85
//Subjects=19
46  6  32 
38  14  -36 
0  6  4 
-2  20  0 
-34  -8  14 
-26  26  2 
-60  0  -18 
-14  -64  -16 

//Reference=MNI 
//nullstudy_86
//Subjects=20
-36  -8  -42 
-30  12  -24 
-42  -60  24 
10  42  -16 
-2  40  -32 
-54  -20  20 
-32  -62  36 
10  10  6 

//Reference=MNI 
//nullstudy_87
//Subjects=18
-48  4  30 
24  20  64 
4  20  18 
-18  28  42 
-42  -54  52 
-2  40  28 
46  8  -16 
44  46  -8 

//Reference=MNI 
//nullstudy_88
//Subjects=20
-34  -30  58 
26  36  38 
24  22  -20 
38  44  38 
-6  30  -8 
16  32  -22 
-28  -12  52 
48  22  -10 

//Reference=MNI 
//nullstudy_89
//Subjects=21
-4  20  50 
34  64  -8 
-4  -56  4 
-46  -18  -24 
-4  42  24 
-2  -62  44 
-32  -62  -12 
-12  -60  10 

//Reference=MNI 
//nullstudy_90
//Subjects=21
-24  -32  8 
-4  -52  -42 
30  48  10 
-10  -4  -10 
-56  -52  50 
-34  -62  32 
-46  -54  -40 
-10  -60  -30 

//Reference=MNI 
//nullstudy_91
//Subjects=19
-2  -32  -12 
32  34  -8 
32  18  -18 
-62  -42  46 
22  30  56 
-20  -10  64 
-6  -70  60 
-30  12  -4 

//Reference=MNI 
//nullstudy_92
//Subjects=22
22  22  64 
-16  -60  68 
-30  32  6 
-18  -6  66 
10  26  52 
-54  -18  28 
26  46  36 
-22  -82  -44 

//Reference=MNI 
//nullstudy_93
//Subjects=21
-62  -26  -14 
-50  -68  44 
-2  28  18 
-6  52  20 
4  64  -8 
-26  -84  30 
-62  -40  -18 
14  60  -10 

//Reference=MNI 
//nullstudy_94
//Subjects=19
30  10  36 
-20  28  58 
-20  -8  -32 
-12  -88  -14 
-26  -72  -54 
-10  -64  30 
22  20  -20 
-6  -54  36 

//Reference=MNI 
//nullstudy_95
//Subjects=22
-4  -28  52 
-34  -4  0 
-36  -80  0 
-46  -70  4 
-64  -42  26 
12  50  36 
20  18  56 
-20  -12  -16 

//Reference=MNI 
//nullstudy_96
//Subjects=20
-24  -98  2 
38  26  52 
-50  -44  20 
-16  -90  40 
-60  -58  36 
-46  -66  -38 
18  34  52 
-26  -6  -24 

//Reference=MNI 
//nullstudy_97
//Subjects=21
-2  -16  68 
-38  -74  20 
14  10  8 
-14  -68  -16 
-40  -14  -40 
-24  -18  -26 
14  22  64 
-8  -18  80 

//Reference=MNI 
//nullstudy_98
//Subjects=20
42  18  -10 
-2  54  16 
40  14  -38 
-58  -22  6 
12  48  50 
-12  -40  -44 
-14  36  50 
-32  16  -42 

//Reference=MNI 
//nullstudy_99
//Subjects=21
18  60  32 
12  2  -36 
-22  -52  40 
0  26  50 
10  26  -18 
-12  58  26 
-32  4  -18 
-40  -84  2 

//Reference=MNI 
//nullstudy_100
//Subjects=20
-42  -62  -52 
-6  -92  -2 
-50  36  -16 
-62  -36  -18 
-10  -28  22 
10  64  -2 
-56  -38  0 
-54  -6  38 

