//Reference=MNI 
//truestudy_1
//Subjects=21
45  -66  -7 
46  -66  -8 
47  -66  -5 
46  -66  -7 
47  -66  -6 
44  -66  -6 
45  -64  -6 
45  -67  -5 

//Reference=MNI 
//truestudy_2
//Subjects=20
46  -67  -5 
47  -66  -6 
45  -66  -6 
47  -67  -6 
46  -66  -6 
46  -66  -6 
46  -66  -6 
46  -66  -6 

//Reference=MNI 
//truestudy_3
//Subjects=21
46  -66  -7 
44  -65  -4 
48  -66  -5 
46  -69  -5 
46  -66  -2 
46  -66  -7 
46  -67  -5 
47  -67  -5 

//Reference=MNI 
//nullstudy_1
//Subjects=21
-40  -76  -28 
-4  -98  24 
-14  -54  50 
-32  -90  -12 
-2  -68  22 
-40  -8  -34 
-66  -28  -18 
8  64  -18 

//Reference=MNI 
//nullstudy_2
//Subjects=20
-6  70  6 
-10  24  50 
-50  6  -22 
-10  8  48 
-46  -66  0 
4  12  -10 
6  26  -6 
-32  0  2 

//Reference=MNI 
//nullstudy_3
//Subjects=21
-56  -58  8 
-24  -80  -52 
-52  14  0 
-56  -34  -32 
-36  -2  44 
-18  -64  16 
44  30  16 
-34  4  4 

//Reference=MNI 
//nullstudy_4
//Subjects=20
-30  -50  -36 
32  6  -36 
30  12  56 
6  6  40 
30  8  64 
6  56  10 
-2  -72  -26 
-36  -22  -30 

//Reference=MNI 
//nullstudy_5
//Subjects=19
4  46  -28 
-66  -48  -16 
-20  -74  -52 
-36  20  -36 
-40  -26  64 
16  52  -8 
36  28  40 
-12  -80  -54 

//Reference=MNI 
//nullstudy_6
//Subjects=20
-52  -70  -34 
-8  58  16 
4  54  44 
32  6  -48 
-44  -10  6 
-26  -84  8 
-18  -66  58 
6  4  40 

//Reference=MNI 
//nullstudy_7
//Subjects=21
36  60  4 
50  14  18 
42  24  -26 
-46  -82  -14 
-40  -38  -36 
32  4  6 
24  24  62 
-2  24  16 

//Reference=MNI 
//nullstudy_8
//Subjects=19
46  28  36 
-26  -4  8 
-6  -14  10 
64  10  18 
-40  -4  0 
-12  -82  24 
12  58  36 
40  22  38 

//Reference=MNI 
//nullstudy_9
//Subjects=21
-2  16  46 
-10  72  6 
-46  50  10 
-16  58  8 
-40  -70  26 
-28  -50  -22 
-12  50  -20 
-14  -90  16 

//Reference=MNI 
//nullstudy_10
//Subjects=20
-60  2  -18 
-8  -48  -46 
-20  32  -26 
-2  -38  -10 
0  30  10 
-8  -78  -10 
34  6  -12 
-48  12  8 

//Reference=MNI 
//nullstudy_11
//Subjects=20
-48  8  -28 
-36  30  6 
-12  -6  -22 
-36  -40  70 
-28  -4  10 
-26  -32  -10 
-70  -34  6 
46  8  16 

//Reference=MNI 
//nullstudy_12
//Subjects=21
40  10  20 
-18  -64  -22 
16  62  6 
-64  -6  10 
26  2  -20 
52  34  2 
38  6  0 
-34  4  14 

//Reference=MNI 
//nullstudy_13
//Subjects=22
-54  -64  -26 
-36  -46  44 
36  20  -18 
32  12  64 
-16  -74  -38 
-20  -62  4 
26  16  -6 
10  14  34 

//Reference=MNI 
//nullstudy_14
//Subjects=20
2  46  -4 
-50  38  -12 
-24  -60  -18 
-2  62  24 
-40  -68  -6 
-30  -12  60 
-50  -70  20 
0  10  4 

//Reference=MNI 
//nullstudy_15
//Subjects=20
-36  36  8 
-24  -38  4 
-8  18  -18 
8  12  -20 
-14  -100  2 
38  4  48 
-52  -70  28 
42  10  -28 

//Reference=MNI 
//nullstudy_16
//Subjects=18
16  58  12 
-12  48  -8 
-52  -44  -30 
-50  -22  18 
-24  -14  -32 
-14  4  74 
58  2  -18 
34  50  -4 

//Reference=MNI 
//nullstudy_17
//Subjects=20
-14  -28  6 
30  8  32 
16  50  -20 
-46  -68  -38 
-38  50  12 
-46  -54  -14 
-14  0  -34 
-18  -70  -10 

//Reference=MNI 
//nullstudy_18
//Subjects=19
-6  10  14 
-56  32  6 
-30  -6  58 
-50  -20  -18 
-38  -20  -40 
-8  24  32 
-70  -28  -8 
-54  -18  46 

//Reference=MNI 
//nullstudy_19
//Subjects=20
-22  -32  -28 
-30  -70  58 
-14  -52  -46 
-40  4  28 
18  62  -2 
-50  -66  -8 
-12  -42  -40 
-50  -50  44 

//Reference=MNI 
//nullstudy_20
//Subjects=19
12  60  -2 
-46  -16  4 
30  10  64 
12  36  -30 
-18  10  -28 
50  32  18 
-20  52  36 
16  20  66 

//Reference=MNI 
//nullstudy_21
//Subjects=19
-46  -12  36 
-32  16  30 
36  28  -22 
-16  -86  -2 
-16  -32  36 
-18  54  16 
-36  -86  -26 
-48  -72  6 

//Reference=MNI 
//nullstudy_22
//Subjects=19
-32  -58  -12 
-14  2  -36 
0  34  -18 
-46  6  -12 
10  14  -30 
-24  -42  20 
-40  -56  16 
-24  -8  74 

//Reference=MNI 
//nullstudy_23
//Subjects=22
-34  -52  -34 
-12  -24  50 
-62  -36  44 
6  54  18 
-38  22  48 
-46  -72  -14 
-36  -76  24 
0  28  52 

//Reference=MNI 
//nullstudy_24
//Subjects=19
-62  -28  -28 
-6  -6  52 
-4  -30  -16 
-34  26  -32 
-18  -62  -24 
40  16  24 
-32  -88  28 
-18  -94  10 

//Reference=MNI 
//nullstudy_25
//Subjects=22
-58  -36  2 
-12  30  50 
32  24  -16 
-44  -60  -58 
46  36  0 
-50  -54  46 
8  46  0 
-58  -56  16 

//Reference=MNI 
//nullstudy_26
//Subjects=20
-46  -6  -4 
-48  -20  22 
-2  -26  80 
-20  12  56 
26  6  4 
-14  -32  -34 
-50  -50  48 
-4  -40  -30 

//Reference=MNI 
//nullstudy_27
//Subjects=20
-14  -80  -54 
-24  -68  -44 
-48  -24  54 
12  40  20 
-26  -72  -34 
-12  60  34 
18  42  -26 
48  28  24 

//Reference=MNI 
//nullstudy_28
//Subjects=22
-42  -4  52 
-12  52  42 
-60  -24  -20 
-26  -88  22 
-4  -48  56 
-48  -54  0 
48  26  -22 
42  20  -18 

//Reference=MNI 
//nullstudy_29
//Subjects=20
0  40  10 
30  26  36 
-56  -26  52 
36  4  60 
-6  -40  -50 
50  8  -20 
-30  -54  32 
-36  -4  -8 

//Reference=MNI 
//nullstudy_30
//Subjects=21
-42  -38  24 
-44  -12  46 
-28  -44  -46 
-10  -68  56 
-2  -100  6 
-42  46  -12 
-4  -8  -6 
-2  -12  -36 

//Reference=MNI 
//nullstudy_31
//Subjects=20
-36  10  -6 
-4  -26  44 
12  48  -22 
-52  -10  56 
-10  18  62 
-50  -34  18 
-20  -44  -24 
-26  -50  -56 

//Reference=MNI 
//nullstudy_32
//Subjects=21
-2  -24  64 
-56  -10  26 
36  38  8 
12  50  -16 
-30  -42  62 
38  12  36 
-56  -16  -2 
-20  -42  54 

//Reference=MNI 
//nullstudy_33
//Subjects=21
-30  -14  58 
-28  56  8 
-4  28  26 
60  22  2 
-6  40  -26 
-40  -8  -50 
-8  -20  76 
-52  -22  24 

//Reference=MNI 
//nullstudy_34
//Subjects=20
-40  -68  48 
-26  -28  -18 
-28  18  40 
-56  -2  44 
-12  4  50 
-16  -66  -28 
-10  -30  16 
-52  -72  34 

//Reference=MNI 
//nullstudy_35
//Subjects=21
-8  -92  -26 
-56  -60  -28 
-62  -8  -6 
48  2  4 
-10  -26  68 
2  16  20 
-40  0  6 
-8  56  26 

//Reference=MNI 
//nullstudy_36
//Subjects=20
-20  -40  -16 
42  54  16 
28  16  -42 
-38  -70  -36 
-46  -50  52 
-6  -34  -50 
-34  -12  66 
-24  58  18 

//Reference=MNI 
//nullstudy_37
//Subjects=19
-44  14  -4 
-60  0  18 
-52  -54  14 
-28  46  -12 
-18  -50  -54 
18  46  -12 
8  36  16 
-36  30  -4 

//Reference=MNI 
//nullstudy_38
//Subjects=20
-6  -54  54 
-2  30  20 
38  42  6 
-34  8  50 
-14  -44  2 
-22  -34  22 
-6  -10  -20 
-16  -28  16 

//Reference=MNI 
//nullstudy_39
//Subjects=20
-14  -60  64 
40  34  10 
-42  -58  30 
8  18  46 
-14  -60  -12 
-50  -58  20 
-10  -96  -18 
20  56  -22 

//Reference=MNI 
//nullstudy_40
//Subjects=19
-34  46  38 
-18  52  34 
-4  -28  -26 
-56  -38  -26 
-10  -16  -28 
-48  18  -28 
-34  60  -12 
-38  -6  -12 

//Reference=MNI 
//nullstudy_41
//Subjects=19
-56  -8  4 
-2  -48  8 
18  10  12 
38  60  -4 
16  12  4 
-40  32  -10 
-38  34  20 
-42  -72  48 

//Reference=MNI 
//nullstudy_42
//Subjects=22
-24  30  50 
10  62  -24 
-6  -28  34 
-18  56  8 
2  18  10 
-26  -66  -32 
-12  -48  -52 
-50  -6  -28 

//Reference=MNI 
//nullstudy_43
//Subjects=20
10  24  26 
10  6  -26 
-42  16  -38 
0  12  48 
-56  -60  4 
58  14  10 
2  14  28 
-52  -64  -22 

//Reference=MNI 
//nullstudy_44
//Subjects=20
-4  4  28 
-36  -56  -32 
52  24  12 
-26  -14  54 
-28  -66  -28 
-6  12  6 
-18  64  -4 
-36  -40  -20 

//Reference=MNI 
//nullstudy_45
//Subjects=20
-18  -76  22 
-28  -62  -16 
-32  -14  56 
28  34  -18 
-56  -6  -30 
-28  -14  -20 
-46  -78  34 
4  44  34 

//Reference=MNI 
//nullstudy_46
//Subjects=20
-42  -84  -6 
-22  -80  -52 
-68  -22  28 
16  36  42 
-10  -86  38 
34  36  -6 
-20  50  20 
26  22  -14 

//Reference=MNI 
//nullstudy_47
//Subjects=18
6  20  48 
-6  -68  -30 
-42  -68  38 
52  28  36 
-38  -44  -48 
4  30  34 
-2  38  14 
-20  20  62 

//Reference=MNI 
//nullstudy_48
//Subjects=19
-58  -52  -26 
14  22  56 
-2  -30  26 
-32  -26  72 
-24  -56  0 
-28  -8  -34 
-56  -44  -18 
-10  36  -2 

//Reference=MNI 
//nullstudy_49
//Subjects=17
-26  -34  56 
-38  -18  52 
-38  -14  64 
-16  -16  -34 
-48  12  28 
-2  -56  10 
24  68  -6 
-46  -54  -48 

//Reference=MNI 
//nullstudy_50
//Subjects=21
-4  -16  -8 
38  16  28 
-20  20  54 
-6  -86  -40 
20  56  26 
52  18  8 
-22  0  48 
-34  -36  16 

//Reference=MNI 
//nullstudy_51
//Subjects=21
30  30  38 
34  14  44 
-26  12  -30 
-22  -52  50 
-38  14  36 
-32  -76  -40 
4  56  28 
-54  -66  -20 

//Reference=MNI 
//nullstudy_52
//Subjects=20
-20  -38  -20 
22  60  12 
54  30  14 
-28  -46  72 
48  18  4 
-18  0  52 
-26  40  50 
-26  -68  -10 

//Reference=MNI 
//nullstudy_53
//Subjects=20
-36  -82  -44 
-12  -36  -4 
-28  48  28 
-58  -2  -20 
-12  -32  6 
-36  -78  10 
12  20  -8 
-52  -40  -30 

//Reference=MNI 
//nullstudy_54
//Subjects=22
20  46  44 
-22  -44  50 
-12  4  66 
-6  -34  -36 
-20  -52  52 
-38  -48  36 
-40  -12  32 
-12  24  66 

//Reference=MNI 
//nullstudy_55
//Subjects=20
-22  2  68 
-40  -28  58 
-12  12  -18 
-14  30  50 
-10  -26  58 
-14  -88  14 
-6  -68  18 
-60  -38  -20 

//Reference=MNI 
//nullstudy_56
//Subjects=20
-50  -58  -42 
-22  8  46 
-10  -90  -10 
-28  -64  48 
-30  16  62 
-52  38  12 
-6  -86  -20 
-22  -42  62 

//Reference=MNI 
//nullstudy_57
//Subjects=22
-8  -38  50 
-22  8  -24 
-8  -92  -16 
28  18  -12 
32  24  46 
36  32  50 
-24  -92  26 
-14  -104  -4 

//Reference=MNI 
//nullstudy_58
//Subjects=20
26  38  18 
-12  -54  -32 
26  22  -26 
-2  -54  68 
-50  -48  10 
-16  -86  -4 
-36  -18  -18 
-28  -72  -56 

//Reference=MNI 
//nullstudy_59
//Subjects=20
-2  -98  -10 
8  32  -24 
-12  -54  32 
10  30  42 
-42  8  32 
-66  -42  -6 
-6  14  -12 
-18  -88  -42 

//Reference=MNI 
//nullstudy_60
//Subjects=20
28  48  32 
-28  -44  70 
-52  -52  20 
-50  -14  56 
-32  -54  -14 
10  52  12 
-32  -34  22 
-52  -64  -14 

//Reference=MNI 
//nullstudy_61
//Subjects=20
-22  -66  6 
-14  -34  -12 
40  6  10 
16  8  16 
-22  -46  16 
-12  -42  68 
-26  -22  64 
-2  -38  -64 

//Reference=MNI 
//nullstudy_62
//Subjects=20
16  12  -22 
-46  28  20 
-6  -102  18 
-28  -92  8 
-2  50  42 
14  10  -18 
-16  -46  -4 
-44  -38  40 

//Reference=MNI 
//nullstudy_63
//Subjects=19
-10  66  -2 
-18  0  68 
-28  -4  -20 
-22  54  24 
-50  -60  -22 
-12  -18  70 
54  24  -4 
-24  26  56 

//Reference=MNI 
//nullstudy_64
//Subjects=22
-6  -58  44 
40  46  -12 
-36  20  48 
-50  -6  50 
-8  12  18 
-46  -54  32 
-40  48  0 
-42  -70  -12 

//Reference=MNI 
//nullstudy_65
//Subjects=19
-2  -44  6 
-2  -58  -12 
-8  30  36 
-22  -80  22 
-26  -28  -10 
-8  -58  20 
-16  28  60 
-20  -26  -18 

//Reference=MNI 
//nullstudy_66
//Subjects=19
-14  -66  20 
-4  14  56 
2  12  -22 
-26  10  -26 
-60  -6  -10 
-50  20  22 
-36  -20  -24 
-52  -6  44 

//Reference=MNI 
//nullstudy_67
//Subjects=20
-38  -12  36 
-54  16  -24 
-58  -52  -10 
-10  -100  -10 
-44  -8  -10 
6  14  54 
42  8  56 
-40  10  -42 

//Reference=MNI 
//nullstudy_68
//Subjects=20
-36  -40  62 
18  4  16 
-24  -10  58 
46  20  50 
-18  -58  -52 
12  30  34 
-32  62  -12 
-12  -58  -58 

//Reference=MNI 
//nullstudy_69
//Subjects=20
-38  -16  58 
-10  -58  70 
-64  -34  20 
30  30  50 
-44  -48  -28 
-10  28  38 
-40  -72  -4 
-54  34  14 

//Reference=MNI 
//nullstudy_70
//Subjects=22
-34  -66  44 
48  18  -16 
-2  2  -28 
6  34  10 
30  14  48 
-28  -74  -40 
-2  16  4 
-12  -2  16 

//Reference=MNI 
//nullstudy_71
//Subjects=18
-36  52  16 
-22  -4  -8 
-24  -86  22 
-34  -40  62 
-26  -74  48 
-2  -50  -18 
-18  36  54 
-52  2  -22 

//Reference=MNI 
//nullstudy_72
//Subjects=20
-12  -70  -26 
-42  -58  -22 
-8  -88  -6 
-20  -20  -22 
-40  -54  36 
-30  -86  2 
-28  42  24 
-66  -32  -26 

//Reference=MNI 
//nullstudy_73
//Subjects=19
-34  -46  58 
-58  -14  50 
2  32  -16 
-8  -4  -8 
-8  -86  -4 
-50  -80  -2 
-22  2  46 
-24  10  -32 

//Reference=MNI 
//nullstudy_74
//Subjects=21
38  44  -20 
-38  -66  14 
-8  0  58 
-14  -40  32 
48  18  36 
-28  -82  -32 
-48  -48  -4 
38  50  -16 

//Reference=MNI 
//nullstudy_75
//Subjects=21
-40  -16  66 
-14  -42  56 
2  12  -4 
46  22  -4 
-40  -8  6 
-54  -56  8 
42  34  44 
-2  22  -8 

//Reference=MNI 
//nullstudy_76
//Subjects=19
-18  -50  -40 
-46  -78  30 
36  12  26 
-4  -40  70 
4  32  -22 
-26  14  60 
12  26  32 
-18  -60  -2 

//Reference=MNI 
//nullstudy_77
//Subjects=20
22  6  48 
-24  -84  -46 
-34  -38  -26 
-20  -70  12 
-28  12  58 
-22  -62  -4 
-56  18  26 
-12  -96  4 

//Reference=MNI 
//nullstudy_78
//Subjects=20
-20  -60  -26 
28  48  -2 
-44  18  -26 
-24  -42  -30 
-14  -60  64 
-30  40  34 
-36  -80  40 
18  42  -24 

//Reference=MNI 
//nullstudy_79
//Subjects=20
-2  66  4 
-8  -80  8 
-16  -88  -46 
12  4  46 
-52  -30  -24 
-48  20  -2 
-6  16  -24 
-20  48  12 

//Reference=MNI 
//nullstudy_80
//Subjects=21
-48  6  46 
8  60  -24 
-6  -6  56 
-18  -74  26 
-26  2  -34 
10  22  10 
40  10  -30 
26  44  10 

//Reference=MNI 
//nullstudy_81
//Subjects=19
-4  -76  32 
-62  -6  16 
-46  -44  4 
-44  28  30 
-4  60  -16 
-22  -76  -36 
22  10  62 
18  38  48 

//Reference=MNI 
//nullstudy_82
//Subjects=19
-6  10  46 
-16  0  -14 
-20  -10  68 
-34  28  -10 
2  30  42 
-8  -68  12 
-10  -60  4 
32  46  36 

//Reference=MNI 
//nullstudy_83
//Subjects=20
-6  -52  -8 
-8  -42  -52 
-18  -46  -2 
22  18  0 
-2  -30  74 
4  44  18 
-64  -26  0 
34  36  42 

//Reference=MNI 
//nullstudy_84
//Subjects=18
-30  -12  -8 
-46  14  42 
-4  -70  20 
-50  -8  48 
32  22  56 
-34  18  28 
-2  -26  36 
-36  60  -12 

//Reference=MNI 
//nullstudy_85
//Subjects=19
-24  2  -4 
-26  -56  12 
-28  -98  -18 
-18  -56  -8 
2  10  -14 
-14  18  4 
6  6  -20 
-48  -80  20 

//Reference=MNI 
//nullstudy_86
//Subjects=19
-52  -62  -38 
-22  -36  12 
-18  68  14 
-18  -10  -30 
30  14  -22 
-18  -32  -6 
-10  -68  -54 
-10  -48  62 

//Reference=MNI 
//nullstudy_87
//Subjects=21
-18  -30  -44 
-58  -26  24 
10  50  42 
-12  -86  -4 
-56  -34  -26 
-40  8  -38 
6  2  48 
-28  -62  -50 

//Reference=MNI 
//nullstudy_88
//Subjects=19
-26  -22  52 
-6  -96  -14 
-62  -28  -12 
-12  -32  60 
-6  -44  78 
28  64  -4 
-16  -36  20 
-20  -54  -50 

//Reference=MNI 
//nullstudy_89
//Subjects=19
-46  -56  8 
-58  -54  34 
-46  -64  4 
-42  -44  -38 
48  46  -6 
-2  56  -10 
8  22  20 
-18  -74  42 

//Reference=MNI 
//nullstudy_90
//Subjects=20
-32  48  34 
-10  -52  -40 
-28  -28  66 
-24  -64  58 
-6  6  -2 
-50  -18  28 
-24  -52  -36 
-24  8  -34 

//Reference=MNI 
//nullstudy_91
//Subjects=19
-6  36  20 
-28  -44  -42 
-20  -76  -14 
-40  22  -12 
30  58  14 
-24  0  -30 
-16  0  -8 
-12  -66  -40 

//Reference=MNI 
//nullstudy_92
//Subjects=18
-60  -16  34 
-12  -70  60 
-58  -46  36 
-54  -16  20 
-36  26  36 
22  6  -30 
42  2  -2 
-14  -64  28 

//Reference=MNI 
//nullstudy_93
//Subjects=20
-6  -40  -34 
-8  -64  40 
6  54  34 
38  24  -30 
-42  -40  24 
-22  -4  72 
-10  -40  -56 
48  28  22 

//Reference=MNI 
//nullstudy_94
//Subjects=20
-12  -28  60 
30  42  6 
-30  58  6 
4  2  -24 
-54  -36  30 
-30  20  -12 
-2  52  4 
18  36  48 

//Reference=MNI 
//nullstudy_95
//Subjects=22
-38  -70  -36 
-50  14  -8 
-24  42  -18 
-26  -44  -4 
58  20  -2 
-24  -12  6 
-40  -34  -18 
-66  -26  -22 

//Reference=MNI 
//nullstudy_96
//Subjects=21
-10  54  2 
-34  16  0 
-6  68  2 
-20  -40  14 
-32  -50  -8 
-46  -80  0 
-36  -40  60 
-12  -46  -10 

//Reference=MNI 
//nullstudy_97
//Subjects=18
54  14  0 
-54  -42  14 
42  36  -20 
-50  -50  0 
-28  -82  -16 
-34  -12  18 
2  50  50 
-34  -40  -38 

//Reference=MNI 
//nullstudy_98
//Subjects=20
-2  -34  -44 
-44  8  20 
40  12  -46 
46  12  18 
-16  -48  -42 
-12  -36  52 
-4  -34  2 
-22  -20  58 

//Reference=MNI 
//nullstudy_99
//Subjects=19
-42  12  -10 
-24  18  64 
-34  -46  68 
-56  -4  -10 
-10  38  8 
-46  20  4 
-30  -74  -46 
-24  -44  -20 

//Reference=MNI 
//nullstudy_100
//Subjects=21
12  38  -30 
-32  62  -6 
-16  -6  58 
-60  2  4 
40  16  30 
-44  -20  64 
-46  -78  -18 
32  4  38 

