//Reference=MNI 
//truestudy_1
//Subjects=10
46  -67  -6 
46  -66  -7 
46  -66  -6 
47  -65  -4 
46  -65  -5 
46  -65  -7 
46  -67  -6 
47  -65  -6 

//Reference=MNI 
//truestudy_2
//Subjects=10
46  -67  -6 
47  -66  -4 
48  -66  -7 
46  -65  -6 
46  -66  -5 
44  -67  -7 
46  -67  -6 
44  -66  -6 

//Reference=MNI 
//truestudy_3
//Subjects=9
46  -66  -6 
46  -65  -7 
45  -66  -7 
46  -68  -6 
47  -68  -6 
46  -67  -7 
44  -65  -5 
44  -66  -4 

//Reference=MNI 
//nullstudy_1
//Subjects=10
-54  -32  18 
-46  -18  -8 
-24  68  6 
-8  -28  76 
-36  -14  -8 
52  20  4 
-60  -2  10 
-54  -26  8 

//Reference=MNI 
//nullstudy_2
//Subjects=10
-12  -20  -22 
-6  26  38 
-30  -30  60 
-30  44  10 
-50  -26  42 
-24  -84  -42 
30  50  -4 
-30  -16  -26 

//Reference=MNI 
//nullstudy_3
//Subjects=9
18  68  10 
-36  0  12 
-48  -6  -16 
-2  6  20 
-12  -56  36 
-56  26  4 
-26  4  -22 
-16  -78  -30 

//Reference=MNI 
//nullstudy_4
//Subjects=10
-46  4  30 
-14  -76  2 
-42  42  8 
34  18  46 
-26  34  42 
34  28  -16 
52  12  -4 
-42  -34  -16 

//Reference=MNI 
//nullstudy_5
//Subjects=10
40  8  40 
-6  -92  0 
-16  -60  24 
-46  -44  2 
-16  2  -38 
-22  50  20 
-28  -78  34 
38  40  -14 

//Reference=MNI 
//nullstudy_6
//Subjects=13
48  10  -38 
8  42  -28 
-8  -30  38 
-62  -42  -12 
20  16  -20 
-6  -102  -4 
-40  -76  42 
-20  26  -16 

//Reference=MNI 
//nullstudy_7
//Subjects=11
-46  -54  -8 
-22  -70  58 
-52  -16  -16 
8  38  6 
-12  -16  -16 
-2  50  28 
-14  -56  -60 
22  60  6 

//Reference=MNI 
//nullstudy_8
//Subjects=11
-40  16  54 
-4  -26  -4 
-66  -42  -22 
-40  6  -24 
50  22  14 
-18  -42  -60 
16  52  -6 
-2  -82  18 

//Reference=MNI 
//nullstudy_9
//Subjects=9
-38  -72  20 
10  22  38 
2  24  36 
-58  10  6 
16  14  -12 
-40  28  2 
-8  -18  76 
-62  -40  16 

//Reference=MNI 
//nullstudy_10
//Subjects=10
-12  -80  50 
-62  -58  28 
56  2  2 
-16  -68  44 
-22  52  -6 
-20  -80  -6 
-36  34  30 
44  48  -4 

//Reference=MNI 
//nullstudy_11
//Subjects=9
0  14  -24 
-16  -2  72 
2  6  -12 
-38  24  44 
-36  -74  34 
-2  58  -20 
-2  -42  36 
-24  20  -26 

//Reference=MNI 
//nullstudy_12
//Subjects=8
2  42  -22 
-26  -42  -54 
-8  -52  -32 
-46  -54  14 
36  8  32 
-10  -36  78 
-44  8  -44 
-4  -6  60 

//Reference=MNI 
//nullstudy_13
//Subjects=11
32  30  52 
-42  -80  -26 
-54  -6  -12 
-14  -42  74 
-52  16  0 
12  56  20 
-32  -60  32 
48  16  -32 

//Reference=MNI 
//nullstudy_14
//Subjects=11
24  8  60 
-60  -48  0 
-30  -70  42 
54  20  10 
-64  -18  18 
-30  -50  66 
-6  -28  52 
42  32  26 

//Reference=MNI 
//nullstudy_15
//Subjects=10
-14  -50  44 
-32  48  12 
58  12  0 
-42  8  34 
-50  -76  20 
-24  -48  16 
18  64  8 
-30  -38  -32 

//Reference=MNI 
//nullstudy_16
//Subjects=9
-46  -10  6 
-52  -26  46 
-22  -54  40 
-50  8  8 
52  22  -2 
12  14  38 
-2  -22  26 
-10  -70  42 

//Reference=MNI 
//nullstudy_17
//Subjects=10
30  26  -18 
-54  -34  -32 
-42  -38  42 
-54  -18  -16 
-14  38  22 
18  42  36 
-44  -84  -2 
-40  14  56 

//Reference=MNI 
//nullstudy_18
//Subjects=10
-10  66  -10 
50  34  2 
-50  -18  -22 
-2  -52  64 
-40  -18  50 
-34  64  0 
6  70  18 
-12  -36  -40 

//Reference=MNI 
//nullstudy_19
//Subjects=10
-50  10  10 
-4  -32  40 
6  28  -26 
-48  -52  8 
26  40  16 
14  54  -24 
24  20  50 
-32  -90  -6 

//Reference=MNI 
//nullstudy_20
//Subjects=10
10  56  10 
-38  -70  38 
-22  -74  -8 
-6  -42  -58 
50  22  -18 
40  4  52 
-42  -58  8 
-18  62  -2 

//Reference=MNI 
//nullstudy_21
//Subjects=10
18  10  -4 
-34  -2  40 
-30  -72  -54 
-46  -30  48 
-44  -62  -22 
-10  -98  26 
-22  -52  54 
-34  -96  6 

//Reference=MNI 
//nullstudy_22
//Subjects=11
-54  -30  4 
-8  -70  12 
-70  -24  -16 
-28  10  60 
-56  -20  -2 
-10  54  -24 
-46  -12  48 
-58  -30  -24 

//Reference=MNI 
//nullstudy_23
//Subjects=10
32  8  -42 
-6  12  42 
-4  -54  2 
-34  -58  -18 
-12  46  0 
4  18  40 
-42  -88  2 
-8  -68  -14 

//Reference=MNI 
//nullstudy_24
//Subjects=10
-14  -36  72 
-6  -16  2 
-44  -26  22 
-44  -48  -46 
-34  34  12 
0  6  4 
14  56  6 
-22  -44  8 

//Reference=MNI 
//nullstudy_25
//Subjects=8
-32  20  -42 
-26  -52  52 
-62  -42  -16 
-2  48  34 
-18  32  36 
10  36  -4 
-58  -36  18 
-6  -40  78 

//Reference=MNI 
//nullstudy_26
//Subjects=10
-42  -24  -20 
6  56  40 
-52  -36  0 
-20  -48  -52 
-54  -32  8 
-12  -34  46 
60  22  20 
-30  10  -26 

//Reference=MNI 
//nullstudy_27
//Subjects=8
-32  -16  -34 
-24  -88  -32 
-26  20  -40 
-42  -36  0 
2  68  20 
-50  32  -2 
-32  -84  -20 
42  10  -30 

//Reference=MNI 
//nullstudy_28
//Subjects=9
-16  -84  -18 
24  42  38 
30  64  4 
-22  -24  56 
-14  -54  -44 
-18  -40  52 
8  10  72 
-44  -14  40 

//Reference=MNI 
//nullstudy_29
//Subjects=12
-12  -40  -54 
-40  28  -24 
-24  12  66 
-32  -40  -28 
-22  -16  -28 
-36  -22  50 
10  6  46 
-10  -30  -38 

//Reference=MNI 
//nullstudy_30
//Subjects=11
-28  -20  -26 
-36  -44  38 
-46  6  -22 
18  26  -18 
38  26  -12 
-64  -30  10 
16  48  44 
-22  -92  -36 

//Reference=MNI 
//nullstudy_31
//Subjects=11
-58  -32  18 
-16  -50  52 
-2  -68  -46 
54  22  36 
10  46  2 
-36  -60  -48 
-28  -54  -52 
32  20  52 

//Reference=MNI 
//nullstudy_32
//Subjects=10
-34  -58  22 
-12  -20  -14 
-32  28  -18 
18  40  54 
-46  36  -14 
56  28  30 
-38  -38  54 
-70  -32  -4 

//Reference=MNI 
//nullstudy_33
//Subjects=10
-26  -12  -38 
-36  -70  12 
-2  36  -26 
-34  28  -24 
-34  32  26 
-48  10  -14 
-12  -64  -46 
-12  -32  60 

//Reference=MNI 
//nullstudy_34
//Subjects=11
-34  -68  30 
42  2  -40 
-34  18  -26 
44  20  36 
-16  -30  -20 
-32  -70  40 
-32  -30  -4 
-18  20  12 

//Reference=MNI 
//nullstudy_35
//Subjects=10
-2  -16  52 
-64  -18  8 
-32  -62  -28 
28  40  -12 
-12  -4  22 
-58  -42  12 
-32  -28  -30 
-64  -10  -14 

//Reference=MNI 
//nullstudy_36
//Subjects=10
-24  -56  68 
-52  -62  36 
-32  14  -40 
32  4  -8 
-2  -12  60 
-44  -56  12 
50  16  -28 
-4  -2  62 

//Reference=MNI 
//nullstudy_37
//Subjects=10
-2  -66  0 
-62  -24  -8 
-4  -56  50 
22  24  50 
12  44  40 
-28  38  24 
-32  -62  44 
14  50  44 

//Reference=MNI 
//nullstudy_38
//Subjects=10
-36  -12  62 
16  4  14 
-8  -24  8 
-2  -48  54 
-42  42  2 
-34  28  8 
-4  -42  10 
-48  16  -26 

//Reference=MNI 
//nullstudy_39
//Subjects=9
46  42  -16 
-36  -86  -12 
-12  -36  -36 
-32  -94  -6 
2  64  10 
-16  -58  68 
-48  -8  -28 
-2  4  40 

//Reference=MNI 
//nullstudy_40
//Subjects=11
-10  36  10 
-16  -36  -34 
-40  -76  -32 
-16  18  58 
-54  -8  18 
-32  -10  64 
-20  -72  -56 
60  2  20 

//Reference=MNI 
//nullstudy_41
//Subjects=13
14  40  24 
-44  -66  -52 
-38  -20  12 
-14  14  20 
-6  -68  -40 
30  54  -8 
-36  -92  18 
-22  -40  -6 

//Reference=MNI 
//nullstudy_42
//Subjects=12
-4  -98  2 
-38  -64  -34 
36  22  24 
42  10  -36 
-40  -34  24 
-8  -82  30 
40  10  54 
-26  -70  -54 

//Reference=MNI 
//nullstudy_43
//Subjects=10
-60  -48  30 
-54  -72  18 
44  2  34 
-24  -30  58 
-26  -12  72 
-48  -58  6 
-38  -14  -36 
-34  -4  0 

//Reference=MNI 
//nullstudy_44
//Subjects=11
-40  -10  58 
-52  -52  -36 
44  48  -10 
10  6  6 
22  18  -36 
-16  -84  -22 
44  24  0 
38  30  38 

//Reference=MNI 
//nullstudy_45
//Subjects=11
-18  -78  12 
-6  -94  14 
24  16  2 
-26  58  -12 
-22  18  -30 
-48  -22  58 
-30  -68  -56 
0  8  -10 

//Reference=MNI 
//nullstudy_46
//Subjects=11
-40  -80  -4 
4  46  -18 
-14  -106  4 
-54  -30  26 
-30  -48  -56 
-48  8  -8 
-50  -2  10 
-16  20  -16 

//Reference=MNI 
//nullstudy_47
//Subjects=9
-4  38  44 
-18  4  -26 
-44  4  -12 
-8  -80  -28 
-22  50  42 
12  20  -6 
0  10  48 
-60  -40  6 

//Reference=MNI 
//nullstudy_48
//Subjects=11
-40  22  20 
-52  -46  48 
0  30  48 
-32  -74  44 
-14  -24  34 
-54  -64  22 
-50  -72  32 
-12  4  66 

//Reference=MNI 
//nullstudy_49
//Subjects=10
-6  -54  54 
-12  58  16 
30  14  -32 
-32  44  -10 
6  2  20 
-26  -10  52 
-14  -56  -64 
-18  -40  -14 

//Reference=MNI 
//nullstudy_50
//Subjects=9
-50  -22  50 
-36  -8  -12 
-26  4  -6 
-14  -98  8 
-32  -88  -4 
38  58  14 
30  20  60 
-10  -86  -2 

//Reference=MNI 
//nullstudy_51
//Subjects=10
12  18  66 
-22  -38  2 
-12  -28  -42 
-50  -42  -8 
40  50  26 
-10  48  12 
-16  -90  40 
26  2  -4 

//Reference=MNI 
//nullstudy_52
//Subjects=10
-16  4  20 
-24  -28  -32 
-26  6  -26 
-6  -6  14 
-10  -30  20 
52  28  -12 
-48  -58  50 
-30  14  12 

//Reference=MNI 
//nullstudy_53
//Subjects=9
-14  -76  -46 
50  14  -14 
-22  -42  -52 
-46  44  -8 
20  12  -26 
-44  -28  -26 
-24  64  -12 
-8  20  54 

//Reference=MNI 
//nullstudy_54
//Subjects=12
-54  36  12 
-18  -86  0 
-48  10  -26 
-54  -46  14 
-4  -40  30 
-24  18  40 
18  46  -18 
40  2  2 

//Reference=MNI 
//nullstudy_55
//Subjects=9
42  18  36 
48  6  -16 
-42  42  30 
8  6  -4 
48  48  16 
-34  2  32 
34  54  14 
-16  -80  30 

//Reference=MNI 
//nullstudy_56
//Subjects=8
-52  -2  50 
-22  -52  50 
-8  -16  50 
-36  -80  14 
-52  -30  -16 
-18  -94  2 
16  56  -10 
-52  -34  -30 

//Reference=MNI 
//nullstudy_57
//Subjects=10
-10  -70  -44 
-6  4  64 
-36  10  38 
-16  -14  30 
-14  44  10 
-22  8  66 
26  38  26 
-48  -2  -32 

//Reference=MNI 
//nullstudy_58
//Subjects=10
-58  -58  36 
-50  -30  40 
-10  20  62 
-6  10  62 
-32  -80  6 
-24  -42  -10 
-38  -16  20 
18  68  12 

//Reference=MNI 
//nullstudy_59
//Subjects=9
-34  -54  36 
-24  -50  42 
-28  -20  -32 
-36  -80  16 
-20  -82  -2 
48  22  16 
-6  -30  48 
-48  -14  -42 

//Reference=MNI 
//nullstudy_60
//Subjects=10
-46  -4  30 
34  22  -38 
38  30  48 
-10  4  -8 
-18  -76  26 
-30  -84  -40 
-8  -12  16 
-8  -42  -10 

//Reference=MNI 
//nullstudy_61
//Subjects=10
-24  -84  -44 
-24  10  -38 
-26  -70  -18 
-38  -78  -10 
-24  -48  68 
-12  50  14 
-20  -2  -30 
-60  -20  32 

//Reference=MNI 
//nullstudy_62
//Subjects=10
-48  -58  -36 
-20  -80  -42 
-6  38  46 
-16  -94  24 
-30  -68  30 
-10  4  -24 
34  18  14 
0  34  -20 

//Reference=MNI 
//nullstudy_63
//Subjects=10
-50  -18  48 
30  10  -28 
-34  16  -26 
-22  -36  16 
-2  28  32 
-14  -12  -34 
-28  -36  8 
-8  6  -14 

//Reference=MNI 
//nullstudy_64
//Subjects=11
4  50  -22 
-42  -72  -32 
-52  -56  -14 
-6  -62  -18 
12  2  72 
-46  20  40 
4  52  -16 
-22  26  38 

//Reference=MNI 
//nullstudy_65
//Subjects=10
-24  -54  36 
10  64  22 
-30  28  38 
-18  10  -32 
-18  -62  -60 
-6  32  -4 
16  2  26 
-6  52  42 

//Reference=MNI 
//nullstudy_66
//Subjects=10
-50  -36  58 
8  24  18 
-22  -80  52 
18  6  66 
-22  54  -20 
-58  -2  -34 
-10  -30  12 
12  46  8 

//Reference=MNI 
//nullstudy_67
//Subjects=12
-22  44  30 
-52  -64  26 
-28  -88  -12 
-18  24  2 
-32  -48  66 
22  2  -14 
-16  28  4 
-10  34  32 

//Reference=MNI 
//nullstudy_68
//Subjects=11
-18  -48  -22 
-38  30  -10 
26  24  54 
-44  -86  -6 
-2  40  30 
10  50  8 
-62  -56  30 
-20  -58  -56 

//Reference=MNI 
//nullstudy_69
//Subjects=9
-38  -14  18 
-8  32  48 
-62  -28  38 
-20  -16  -2 
-38  24  4 
16  58  30 
-12  -14  38 
-30  -76  -32 

//Reference=MNI 
//nullstudy_70
//Subjects=10
-62  -38  2 
-38  -74  -4 
-16  -82  14 
-42  4  58 
-56  -38  -28 
2  40  38 
-8  0  -30 
-6  -80  26 

//Reference=MNI 
//nullstudy_71
//Subjects=12
-6  20  32 
-14  -90  4 
-8  18  28 
-4  68  10 
-14  -30  76 
42  16  16 
-10  -8  46 
-4  -78  36 

//Reference=MNI 
//nullstudy_72
//Subjects=9
30  10  -30 
-24  -90  -2 
-30  26  42 
-2  26  48 
56  24  16 
-2  10  56 
10  6  38 
-4  -46  66 

//Reference=MNI 
//nullstudy_73
//Subjects=11
-42  -64  44 
32  8  -4 
-46  -76  -38 
-44  22  18 
16  24  0 
6  2  32 
-6  -26  -42 
-34  -80  -34 

//Reference=MNI 
//nullstudy_74
//Subjects=10
-36  -74  36 
-2  -74  12 
-44  -60  -2 
-48  -58  0 
-2  -66  -48 
-4  52  -22 
-8  8  -28 
-18  8  -40 

//Reference=MNI 
//nullstudy_75
//Subjects=12
-4  -90  34 
36  40  -14 
-28  -8  -40 
-22  -56  68 
-6  -76  10 
-34  -90  22 
-4  32  36 
50  22  44 

//Reference=MNI 
//nullstudy_76
//Subjects=11
52  42  -10 
4  2  64 
-24  30  44 
-36  60  -6 
46  22  -22 
-54  -44  0 
-44  -12  -12 
-22  -78  26 

//Reference=MNI 
//nullstudy_77
//Subjects=10
-10  -6  44 
-38  30  -8 
10  10  -4 
-20  -66  20 
54  12  -4 
-46  18  32 
-4  -28  4 
-26  -14  -12 

//Reference=MNI 
//nullstudy_78
//Subjects=8
-2  -28  76 
-56  -50  -16 
-38  -66  -12 
-30  36  20 
36  42  -12 
-24  -6  -32 
-62  2  -22 
6  12  -28 

//Reference=MNI 
//nullstudy_79
//Subjects=9
-24  -44  -50 
34  52  -8 
32  24  -20 
8  4  -24 
-62  -52  36 
-34  -82  -48 
30  38  30 
-50  -48  -44 

//Reference=MNI 
//nullstudy_80
//Subjects=8
-54  -14  54 
-22  6  -38 
44  10  -32 
-30  34  -14 
-2  18  -16 
-30  -64  42 
-44  -2  50 
-60  -22  2 

//Reference=MNI 
//nullstudy_81
//Subjects=10
-22  -12  -8 
-6  -26  -48 
-8  14  38 
40  60  12 
-28  -28  12 
0  42  -24 
-60  -10  -26 
-54  -70  -10 

//Reference=MNI 
//nullstudy_82
//Subjects=10
12  54  -16 
42  48  0 
50  34  16 
42  58  0 
-20  -62  8 
24  24  40 
-34  -22  18 
-38  20  32 

//Reference=MNI 
//nullstudy_83
//Subjects=9
-54  38  2 
6  24  -14 
-38  38  30 
62  6  24 
-28  -32  62 
-64  -48  14 
-50  -30  60 
-24  64  10 

//Reference=MNI 
//nullstudy_84
//Subjects=10
34  36  18 
30  16  12 
0  30  -28 
14  46  48 
-4  -66  -24 
-14  62  -8 
-22  -84  10 
-6  -42  -36 

//Reference=MNI 
//nullstudy_85
//Subjects=12
-34  -58  -34 
-32  -12  -36 
-6  -88  -30 
22  48  -18 
-26  -76  -4 
-32  -42  66 
-14  8  -36 
-54  -50  22 

//Reference=MNI 
//nullstudy_86
//Subjects=11
-22  -6  -48 
-22  -96  -22 
4  30  18 
-44  -56  52 
-48  -8  54 
-26  -70  -4 
42  40  8 
-2  -88  -8 

//Reference=MNI 
//nullstudy_87
//Subjects=11
-2  -34  -40 
-24  34  50 
6  2  50 
-8  -90  22 
-16  -58  32 
52  24  22 
20  42  -24 
-42  -8  60 

//Reference=MNI 
//nullstudy_88
//Subjects=9
-44  6  10 
-56  -28  28 
-2  -26  26 
6  22  66 
-22  -42  74 
-42  -44  36 
-48  10  -18 
-28  -78  10 

//Reference=MNI 
//nullstudy_89
//Subjects=11
-66  -40  28 
-40  -2  2 
40  38  36 
34  54  -4 
-52  -32  40 
10  30  24 
-42  12  -4 
-4  44  24 

//Reference=MNI 
//nullstudy_90
//Subjects=10
-50  -66  -4 
-4  -28  76 
-56  -20  16 
-38  -76  -4 
-22  -54  48 
-40  -28  42 
16  6  70 
-28  -48  -40 

//Reference=MNI 
//nullstudy_91
//Subjects=11
-56  -30  20 
12  22  30 
8  46  -10 
-34  32  34 
-34  -64  -34 
4  2  10 
-42  50  10 
-10  -36  -24 

//Reference=MNI 
//nullstudy_92
//Subjects=9
36  24  -8 
-32  26  42 
-40  -6  38 
-34  -50  -2 
-52  -18  24 
50  4  24 
-28  -42  -50 
-14  -62  32 

//Reference=MNI 
//nullstudy_93
//Subjects=10
-62  -26  14 
34  28  6 
-18  -86  -2 
-6  -76  -34 
6  44  -22 
36  22  48 
-44  -60  -40 
-12  -62  68 

//Reference=MNI 
//nullstudy_94
//Subjects=10
-48  18  -32 
-2  -24  42 
-24  -66  26 
42  34  -4 
-26  -48  62 
-54  -4  12 
-42  -38  44 
-48  12  48 

//Reference=MNI 
//nullstudy_95
//Subjects=10
0  22  -20 
-18  -50  -14 
-34  -74  -12 
0  4  20 
-30  -42  64 
-36  -52  -46 
-58  -14  -2 
-34  32  8 

//Reference=MNI 
//nullstudy_96
//Subjects=10
-16  -44  -2 
-44  -58  28 
46  2  16 
-8  46  -16 
-28  -90  -6 
-48  -56  44 
-2  54  30 
-16  -26  42 

//Reference=MNI 
//nullstudy_97
//Subjects=10
-10  -50  50 
-40  12  -34 
-26  18  -6 
18  26  52 
-38  -36  18 
10  24  28 
-26  -80  -6 
-42  -40  -36 

//Reference=MNI 
//nullstudy_98
//Subjects=11
-32  6  54 
-14  -76  -8 
-2  -94  -10 
-46  -58  -8 
-26  -26  -20 
34  20  2 
-8  -76  -50 
-2  12  46 

//Reference=MNI 
//nullstudy_99
//Subjects=9
-8  18  46 
6  24  60 
-64  -20  38 
62  10  16 
-26  54  26 
-2  -34  42 
50  16  28 
-50  -60  -8 

//Reference=MNI 
//nullstudy_100
//Subjects=9
8  30  16 
34  2  12 
12  42  52 
10  26  40 
58  16  26 
-42  -42  -46 
-12  -24  52 
-26  58  -14 

