//Reference=MNI 
//truestudy_1
//Subjects=20
46  -67  -7 
45  -65  -6 
46  -66  -6 
47  -65  -4 
45  -66  -6 
47  -64  -5 
45  -65  -6 
46  -65  -5 

//Reference=MNI 
//truestudy_2
//Subjects=21
47  -66  -6 
46  -66  -4 
45  -67  -8 
45  -67  -5 
46  -69  -5 
48  -67  -6 
47  -66  -6 
45  -66  -5 

//Reference=MNI 
//truestudy_3
//Subjects=20
46  -65  -4 
44  -64  -6 
47  -64  -6 
47  -67  -5 
46  -69  -7 
48  -67  -7 
45  -65  -4 
45  -67  -6 

//Reference=MNI 
//nullstudy_1
//Subjects=20
-4  -18  10 
-10  26  -28 
-54  -18  -4 
-6  -96  22 
-22  -76  -36 
-56  -64  36 
16  68  -14 
0  36  6 

//Reference=MNI 
//nullstudy_2
//Subjects=21
0  22  44 
10  12  8 
-48  22  -16 
-46  -74  -32 
12  42  12 
-18  6  62 
58  8  42 
0  18  -20 

//Reference=MNI 
//nullstudy_3
//Subjects=20
-12  4  -8 
-12  -60  -44 
-16  52  32 
-28  38  42 
-20  -36  4 
-4  50  48 
30  16  -26 
-24  2  -14 

//Reference=MNI 
//nullstudy_4
//Subjects=19
-32  14  64 
-24  -40  10 
-16  -46  40 
-36  6  -2 
-52  10  20 
-16  -32  -30 
-34  -48  52 
-10  -18  72 

//Reference=MNI 
//nullstudy_5
//Subjects=20
28  34  -10 
16  10  -4 
-30  44  4 
-34  14  0 
-22  -38  58 
-44  -54  50 
-54  20  16 
32  50  2 

//Reference=MNI 
//nullstudy_6
//Subjects=20
-22  -68  -24 
-36  -20  20 
16  20  60 
2  32  10 
-32  2  -48 
6  18  6 
0  38  -4 
-14  12  -4 

//Reference=MNI 
//nullstudy_7
//Subjects=20
-62  -12  -14 
-34  40  12 
-12  -90  -22 
-14  -48  -4 
-26  -10  50 
32  36  40 
38  58  -14 
-16  -46  -40 

//Reference=MNI 
//nullstudy_8
//Subjects=19
-30  -52  -10 
-54  -10  50 
-12  -40  -24 
-50  -60  4 
-2  -36  -2 
-30  -12  -42 
-34  18  -20 
-20  -70  54 

//Reference=MNI 
//nullstudy_9
//Subjects=20
-56  -44  26 
54  20  -6 
-46  -40  38 
-32  14  -26 
-4  -76  14 
-50  -22  22 
-58  -50  22 
42  6  -14 

//Reference=MNI 
//nullstudy_10
//Subjects=21
-8  -44  -34 
-16  -60  -24 
34  16  0 
-14  -74  -38 
-6  62  22 
-22  -20  74 
58  24  12 
-42  2  56 

//Reference=MNI 
//nullstudy_11
//Subjects=18
-6  -50  -2 
-2  -58  36 
-32  22  60 
-12  -32  -30 
40  24  18 
38  8  32 
-30  -2  -18 
-16  -68  4 

//Reference=MNI 
//nullstudy_12
//Subjects=22
-42  -72  -42 
48  38  0 
-30  8  60 
-60  -44  -6 
-40  38  36 
-34  34  34 
-16  -48  -40 
-22  -74  -40 

//Reference=MNI 
//nullstudy_13
//Subjects=18
-10  -2  16 
20  6  -4 
-10  -70  -54 
-22  32  50 
-30  -76  32 
-48  8  -6 
-18  -46  -46 
-44  -74  16 

//Reference=MNI 
//nullstudy_14
//Subjects=21
-48  -22  -34 
0  14  70 
16  24  4 
24  14  -22 
-20  -28  -28 
-14  -40  54 
-18  -80  52 
46  54  10 

//Reference=MNI 
//nullstudy_15
//Subjects=20
-2  26  18 
-26  -52  -46 
-46  6  40 
-64  -54  16 
-60  -50  34 
-44  -62  38 
-24  -62  -34 
-2  -44  38 

//Reference=MNI 
//nullstudy_16
//Subjects=22
-32  54  4 
-52  4  -28 
-44  10  4 
-40  18  26 
-26  6  -42 
-42  -16  2 
-10  -76  -44 
-16  -68  -14 

//Reference=MNI 
//nullstudy_17
//Subjects=21
-30  -12  56 
-42  42  2 
-10  -18  -38 
34  58  4 
-50  -38  24 
-14  -74  -16 
-26  -52  -8 
-6  -16  36 

//Reference=MNI 
//nullstudy_18
//Subjects=20
-8  32  -18 
-32  -56  50 
-54  22  -6 
-60  -36  42 
26  50  2 
24  26  58 
-18  18  60 
-38  -44  -14 

//Reference=MNI 
//nullstudy_19
//Subjects=19
-6  -78  52 
-54  -16  14 
-24  58  4 
-38  -66  0 
-42  -18  -32 
-30  -42  -34 
-32  -12  48 
16  4  70 

//Reference=MNI 
//nullstudy_20
//Subjects=18
-8  -60  -38 
-6  -16  36 
-24  -50  10 
32  40  -18 
-68  -44  10 
-48  -76  -6 
6  6  -22 
22  26  34 

//Reference=MNI 
//nullstudy_21
//Subjects=21
-36  40  -20 
-58  -52  20 
-4  24  -8 
-24  16  2 
16  6  -40 
-38  32  22 
-8  48  8 
20  30  60 

//Reference=MNI 
//nullstudy_22
//Subjects=21
-40  -56  28 
-22  48  10 
-68  -20  24 
-50  -28  18 
24  12  42 
-4  36  -22 
-40  -32  22 
20  10  6 

//Reference=MNI 
//nullstudy_23
//Subjects=19
-64  -54  20 
-38  12  -20 
-28  22  48 
-2  44  -28 
-14  -54  52 
-28  -82  4 
-4  -38  38 
-22  -66  36 

//Reference=MNI 
//nullstudy_24
//Subjects=19
-32  -44  -28 
40  20  2 
2  40  54 
-8  -48  -16 
-62  -50  -18 
-54  -24  4 
2  40  58 
-18  26  -18 

//Reference=MNI 
//nullstudy_25
//Subjects=19
-12  -14  40 
-50  -62  -50 
52  18  -10 
-48  -32  14 
-6  52  40 
-14  34  -18 
-22  -80  -52 
60  8  38 

//Reference=MNI 
//nullstudy_26
//Subjects=20
46  44  4 
-20  -38  64 
-2  -86  -40 
-2  -48  -24 
-8  66  20 
-44  -4  -32 
-60  4  -8 
-42  24  30 

//Reference=MNI 
//nullstudy_27
//Subjects=21
24  28  50 
-26  52  10 
-20  -40  68 
-40  -68  -42 
16  30  -4 
-16  -70  -40 
-40  42  12 
-44  -24  -2 

//Reference=MNI 
//nullstudy_28
//Subjects=21
50  10  36 
-24  -66  -10 
-10  -30  40 
36  28  24 
-66  -14  10 
46  46  24 
-2  -92  22 
40  30  -4 

//Reference=MNI 
//nullstudy_29
//Subjects=20
-12  -66  60 
32  30  36 
50  48  4 
-22  -72  18 
-18  -22  -22 
-62  -4  12 
24  58  28 
-44  -78  -38 

//Reference=MNI 
//nullstudy_30
//Subjects=19
-26  -90  18 
-12  -60  26 
-14  -32  34 
-36  16  -44 
-2  2  -14 
-54  -76  -6 
42  18  -24 
-32  46  36 

//Reference=MNI 
//nullstudy_31
//Subjects=20
-2  -24  18 
-28  -74  -42 
-12  0  -2 
-38  -28  -18 
-4  -32  -14 
40  50  12 
36  2  -50 
-6  4  30 

//Reference=MNI 
//nullstudy_32
//Subjects=21
-44  22  8 
-22  32  -18 
-40  14  -4 
-54  -60  -8 
-18  -2  -22 
-18  -34  -42 
-38  -36  20 
-6  70  -2 

//Reference=MNI 
//nullstudy_33
//Subjects=21
-6  -6  -14 
-40  48  18 
-14  -42  -26 
-4  -36  6 
34  2  30 
-6  30  42 
-60  -24  46 
-40  50  24 

//Reference=MNI 
//nullstudy_34
//Subjects=19
28  4  -18 
20  26  36 
-26  58  20 
-28  16  4 
-14  54  -2 
-28  30  0 
-46  16  10 
-56  -66  22 

//Reference=MNI 
//nullstudy_35
//Subjects=19
-40  -76  -14 
8  34  52 
-38  32  -20 
-4  -62  38 
42  18  56 
58  22  4 
-64  -46  8 
-28  20  8 

//Reference=MNI 
//nullstudy_36
//Subjects=20
-42  -50  -50 
-6  -58  -66 
-4  -38  -50 
-22  -48  -16 
-6  -30  -40 
-54  30  26 
-2  4  -12 
-12  -16  2 

//Reference=MNI 
//nullstudy_37
//Subjects=19
-12  12  68 
16  6  14 
-32  -24  8 
-2  32  14 
-18  -94  16 
-12  14  30 
-18  -74  50 
-62  -44  -8 

//Reference=MNI 
//nullstudy_38
//Subjects=21
-30  20  -38 
-10  -30  74 
-28  -78  -28 
-30  10  58 
-2  46  14 
-58  4  -24 
-16  -6  -8 
-14  -92  -12 

//Reference=MNI 
//nullstudy_39
//Subjects=19
-30  26  58 
-30  22  -4 
-42  -20  18 
34  42  16 
-36  -34  -30 
-18  -34  -10 
-2  -86  -28 
54  14  -28 

//Reference=MNI 
//nullstudy_40
//Subjects=20
-16  -66  2 
48  18  14 
2  12  -14 
-26  -58  -20 
14  44  40 
-30  -20  50 
-24  -80  -28 
-2  14  38 

//Reference=MNI 
//nullstudy_41
//Subjects=19
-48  30  32 
-10  48  26 
-40  -14  38 
-52  -34  0 
-52  34  0 
-8  46  -4 
-18  -28  72 
-18  -30  -24 

//Reference=MNI 
//nullstudy_42
//Subjects=21
14  52  -14 
-4  68  -4 
-52  -8  34 
54  6  8 
-58  -24  -28 
46  30  -20 
-36  -24  -28 
56  2  12 

//Reference=MNI 
//nullstudy_43
//Subjects=19
-40  -62  -36 
38  48  -14 
-44  -60  54 
-4  -66  -22 
-20  -48  -20 
-8  -70  -28 
-50  -36  6 
-48  -26  -22 

//Reference=MNI 
//nullstudy_44
//Subjects=20
-26  48  12 
-68  -36  -20 
-4  -52  66 
-16  -76  -32 
4  50  -24 
-42  8  12 
-52  26  28 
-4  -86  4 

//Reference=MNI 
//nullstudy_45
//Subjects=20
10  20  38 
-48  -38  4 
-52  -24  30 
-38  -70  -6 
-2  -22  -40 
-42  -72  14 
42  18  -28 
52  8  -34 

//Reference=MNI 
//nullstudy_46
//Subjects=20
-62  -24  6 
-40  -16  -30 
-8  -68  26 
-62  4  28 
-50  10  -32 
-46  -32  2 
-6  -90  -30 
-36  54  -18 

//Reference=MNI 
//nullstudy_47
//Subjects=21
-12  16  -20 
-14  -66  22 
-46  -60  -50 
-10  -76  14 
-24  -34  56 
-24  54  -8 
-34  -90  18 
-36  12  12 

//Reference=MNI 
//nullstudy_48
//Subjects=22
-18  -68  -18 
40  24  -6 
-22  -72  36 
-10  54  -22 
-50  -72  4 
38  20  32 
36  44  34 
-2  34  20 

//Reference=MNI 
//nullstudy_49
//Subjects=22
-18  -44  -32 
-2  -50  -36 
-22  -56  0 
-40  40  36 
-32  -32  -34 
-48  -36  -16 
-8  -92  12 
46  6  44 

//Reference=MNI 
//nullstudy_50
//Subjects=20
16  66  -8 
10  58  40 
30  14  2 
-30  -74  -58 
-2  -16  8 
-52  14  -22 
-24  -40  2 
-2  -30  62 

//Reference=MNI 
//nullstudy_51
//Subjects=20
-16  -42  10 
-10  -26  72 
-22  36  36 
-48  -2  -38 
-24  -82  34 
-6  58  -8 
-26  42  14 
-32  42  10 

//Reference=MNI 
//nullstudy_52
//Subjects=21
-30  -58  -10 
-62  -8  18 
-2  -14  72 
-2  -88  -10 
-44  -12  32 
-44  6  -38 
-38  -86  -32 
-24  -52  8 

//Reference=MNI 
//nullstudy_53
//Subjects=22
-10  -34  50 
-8  -36  -24 
-22  66  8 
-50  -36  52 
-62  -14  0 
-38  -48  34 
-52  -34  -18 
-48  48  8 

//Reference=MNI 
//nullstudy_54
//Subjects=18
-30  -72  -24 
-24  -68  -22 
-44  56  0 
24  2  -6 
-46  -16  16 
-16  58  10 
-20  -74  -24 
-2  -16  10 

//Reference=MNI 
//nullstudy_55
//Subjects=20
-8  -16  70 
2  40  54 
-34  -84  -16 
32  36  -14 
8  4  -14 
48  18  -12 
-18  62  18 
12  12  64 

//Reference=MNI 
//nullstudy_56
//Subjects=20
32  16  10 
-22  -18  -32 
-50  18  -12 
-66  -30  18 
-68  -16  -8 
6  6  70 
-12  -4  -32 
-4  2  -2 

//Reference=MNI 
//nullstudy_57
//Subjects=17
-10  50  12 
-18  -42  -42 
-44  2  54 
-40  -50  -26 
-54  -18  14 
-28  24  2 
-52  4  -28 
-12  -44  -6 

//Reference=MNI 
//nullstudy_58
//Subjects=21
42  12  24 
-26  -92  -26 
-34  -40  46 
-48  -70  6 
-8  -34  -20 
-34  8  44 
-2  44  18 
66  4  10 

//Reference=MNI 
//nullstudy_59
//Subjects=20
-26  -76  2 
-2  -16  52 
-26  -76  -10 
-10  -48  64 
-42  -70  48 
-24  -12  60 
38  10  -42 
-22  4  -6 

//Reference=MNI 
//nullstudy_60
//Subjects=18
40  20  10 
-30  48  34 
38  2  0 
-12  14  -2 
-10  36  40 
-68  -48  -6 
2  42  -12 
-14  -38  -50 

//Reference=MNI 
//nullstudy_61
//Subjects=19
-50  -54  -30 
-60  -58  18 
-6  -34  4 
46  28  36 
-30  62  -4 
42  16  26 
-38  2  8 
-38  -72  -36 

//Reference=MNI 
//nullstudy_62
//Subjects=19
-26  8  8 
-24  -68  -32 
-12  -28  44 
-18  -72  -60 
-12  -28  -10 
-8  -68  -52 
-36  18  12 
-8  20  12 

//Reference=MNI 
//nullstudy_63
//Subjects=20
-50  -70  24 
-36  -38  62 
52  26  20 
-26  -36  -28 
-30  18  56 
-44  30  6 
-16  2  16 
-14  -50  -10 

//Reference=MNI 
//nullstudy_64
//Subjects=19
32  12  -32 
-8  24  -24 
-18  -20  68 
8  50  26 
-8  66  -4 
-42  50  16 
40  30  22 
-40  -22  -2 

//Reference=MNI 
//nullstudy_65
//Subjects=21
8  66  22 
54  10  -2 
50  26  38 
-28  -8  60 
-10  -50  -4 
-44  2  52 
26  42  -22 
-12  -82  24 

//Reference=MNI 
//nullstudy_66
//Subjects=19
-42  -40  24 
-58  -12  34 
-44  -88  6 
12  26  6 
24  26  60 
0  40  -6 
40  22  30 
54  32  20 

//Reference=MNI 
//nullstudy_67
//Subjects=17
-12  -18  42 
-16  -78  -52 
-56  -54  14 
-58  6  32 
22  30  -26 
-34  -2  -18 
-6  -52  8 
-30  0  56 

//Reference=MNI 
//nullstudy_68
//Subjects=20
-16  -30  34 
-24  26  38 
-70  -20  -14 
-10  -54  34 
-34  -18  72 
-18  -56  -24 
-4  -90  4 
40  20  -26 

//Reference=MNI 
//nullstudy_69
//Subjects=20
-28  32  0 
-38  16  -36 
-20  -30  -10 
2  4  64 
32  30  28 
-24  14  -18 
-2  -50  -6 
-10  62  18 

//Reference=MNI 
//nullstudy_70
//Subjects=19
-38  0  32 
-12  -38  -16 
24  24  -16 
-30  -62  62 
-8  42  22 
26  66  8 
-4  52  -8 
-6  14  6 

//Reference=MNI 
//nullstudy_71
//Subjects=21
-16  -40  -12 
-32  -30  -12 
-40  -86  26 
-18  -2  54 
-6  -42  22 
-24  -86  10 
36  30  -12 
-44  -8  46 

//Reference=MNI 
//nullstudy_72
//Subjects=19
-2  40  22 
-50  10  -4 
40  52  18 
-38  -54  -50 
48  42  28 
40  4  -20 
-6  -50  26 
-40  36  -18 

//Reference=MNI 
//nullstudy_73
//Subjects=19
-22  -56  70 
-40  -56  2 
-12  -38  0 
-46  -66  -18 
-28  20  -20 
-30  42  14 
-48  26  4 
6  8  32 

//Reference=MNI 
//nullstudy_74
//Subjects=20
40  44  -18 
-48  4  46 
-46  -8  -48 
-46  -56  42 
28  4  -14 
16  10  6 
12  16  44 
6  10  18 

//Reference=MNI 
//nullstudy_75
//Subjects=21
-40  -12  -22 
6  50  32 
-16  -76  36 
-54  26  4 
-28  -62  -32 
-62  -64  4 
-38  -34  -14 
-6  50  32 

//Reference=MNI 
//nullstudy_76
//Subjects=19
28  20  -30 
-14  -60  46 
20  38  50 
-16  -68  -2 
-12  -2  -12 
0  30  8 
-46  6  42 
-28  -88  16 

//Reference=MNI 
//nullstudy_77
//Subjects=22
-2  18  32 
0  22  32 
38  22  40 
-2  -40  -42 
-52  12  4 
6  4  20 
64  2  8 
-34  -86  24 

//Reference=MNI 
//nullstudy_78
//Subjects=19
-46  -20  54 
46  50  18 
-8  58  6 
-14  -84  44 
28  8  64 
30  24  -12 
-40  -58  10 
-28  -8  64 

//Reference=MNI 
//nullstudy_79
//Subjects=21
-4  -86  -4 
12  66  4 
-8  -58  -40 
-40  -50  38 
28  48  24 
-56  22  2 
-52  2  -30 
-24  -62  44 

//Reference=MNI 
//nullstudy_80
//Subjects=20
-54  -28  20 
-50  -4  36 
-50  -62  30 
22  56  12 
-24  38  36 
-32  -22  60 
-54  -68  16 
-8  -24  12 

//Reference=MNI 
//nullstudy_81
//Subjects=21
-44  10  26 
-54  -2  -40 
-36  -62  -26 
-30  22  -26 
-2  -64  8 
50  44  -16 
-36  26  12 
-48  -6  -18 

//Reference=MNI 
//nullstudy_82
//Subjects=20
-48  -24  -30 
-52  -66  -2 
0  36  -30 
-44  -20  -22 
-48  -60  -6 
-50  -4  10 
-22  -36  -42 
-12  -94  26 

//Reference=MNI 
//nullstudy_83
//Subjects=18
46  20  30 
-58  -44  -20 
-2  -96  -12 
-28  -46  -12 
42  12  -8 
-26  -62  26 
-22  -42  -46 
24  2  6 

//Reference=MNI 
//nullstudy_84
//Subjects=21
-36  -64  -26 
-50  30  34 
-24  -60  -34 
-60  -26  28 
-34  -2  -42 
20  14  -38 
-6  4  54 
-6  -10  12 

//Reference=MNI 
//nullstudy_85
//Subjects=20
-2  -76  20 
-50  26  -10 
-2  -26  16 
-30  -18  54 
-2  20  -2 
-30  14  62 
-44  -52  10 
-30  14  52 

//Reference=MNI 
//nullstudy_86
//Subjects=19
-28  -64  -12 
-52  -24  -18 
-18  -54  -64 
-40  -64  28 
-50  -72  22 
56  6  -8 
-62  -36  -20 
-50  -26  56 

//Reference=MNI 
//nullstudy_87
//Subjects=19
-18  -34  2 
-14  -44  62 
-44  -50  34 
10  42  -8 
-22  -30  12 
-2  30  28 
-22  52  38 
-44  0  48 

//Reference=MNI 
//nullstudy_88
//Subjects=20
40  28  48 
-20  -64  -26 
42  38  12 
-52  -42  2 
-30  -60  -56 
-32  -22  -28 
-16  -62  -48 
-40  -84  -10 

//Reference=MNI 
//nullstudy_89
//Subjects=20
14  26  8 
-28  10  -8 
-12  38  14 
-34  52  30 
-30  -22  -30 
26  48  -6 
4  44  24 
-4  22  2 

//Reference=MNI 
//nullstudy_90
//Subjects=23
44  18  54 
-20  -74  56 
-40  -72  48 
-16  -52  -44 
-8  -44  34 
-10  -48  68 
-12  12  -28 
-2  -58  -8 

//Reference=MNI 
//nullstudy_91
//Subjects=19
-48  -30  12 
-4  -58  50 
-26  30  -6 
32  18  -22 
42  10  12 
2  34  4 
-46  -46  58 
-14  36  -20 

//Reference=MNI 
//nullstudy_92
//Subjects=21
-8  -24  -6 
-6  -6  56 
-12  -36  -40 
-14  -44  -62 
10  22  10 
-68  -16  22 
-30  -36  -8 
-34  8  -6 

//Reference=MNI 
//nullstudy_93
//Subjects=19
-22  -78  50 
10  16  68 
-30  -46  72 
-40  -44  -22 
0  42  -2 
-2  -38  2 
-58  -48  48 
-34  10  -34 

//Reference=MNI 
//nullstudy_94
//Subjects=19
-8  -42  42 
-22  -52  -14 
-18  -40  -34 
-42  -58  -38 
-20  -76  10 
-40  -74  -48 
64  10  18 
-8  -36  80 

//Reference=MNI 
//nullstudy_95
//Subjects=19
-4  64  16 
-32  -4  2 
-14  -44  0 
38  42  -18 
-12  -58  36 
-44  -56  -24 
-56  30  0 
10  36  22 

//Reference=MNI 
//nullstudy_96
//Subjects=19
-2  -16  42 
-2  -36  -48 
-22  -2  -42 
-18  22  52 
-32  -8  70 
-32  -78  34 
-42  10  -4 
-16  -74  -32 

//Reference=MNI 
//nullstudy_97
//Subjects=20
-54  -72  16 
8  38  40 
-2  28  18 
-12  48  48 
4  42  48 
10  72  10 
-34  -12  -48 
-6  -88  -12 

//Reference=MNI 
//nullstudy_98
//Subjects=20
-22  -8  68 
40  6  16 
-44  38  2 
-14  -96  30 
-10  -64  18 
-46  -64  2 
52  2  -24 
-4  -8  36 

//Reference=MNI 
//nullstudy_99
//Subjects=19
12  44  20 
10  32  -20 
-40  -60  -30 
-26  -76  46 
-8  40  46 
24  58  30 
-52  -58  24 
-28  -54  -18 

//Reference=MNI 
//nullstudy_100
//Subjects=20
-24  32  48 
-20  -76  30 
-4  66  -16 
-32  -2  -26 
-18  60  22 
32  60  -2 
-30  32  42 
30  24  42 

