//Reference=MNI 
//truestudy_1
//Subjects=10
46  -66  -5 
46  -66  -7 
47  -66  -6 
46  -65  -8 
48  -66  -6 
44  -64  -6 
46  -67  -5 
45  -67  -5 

//Reference=MNI 
//truestudy_2
//Subjects=10
45  -67  -7 
47  -67  -4 
48  -65  -5 
45  -66  -3 
46  -65  -5 
48  -66  -7 
45  -68  -6 
45  -66  -5 

//Reference=MNI 
//truestudy_3
//Subjects=9
47  -67  -5 
47  -65  -6 
47  -65  -7 
46  -67  -6 
47  -66  -7 
46  -66  -6 
46  -66  -6 
46  -66  -5 

//Reference=MNI 
//nullstudy_1
//Subjects=10
-26  -90  16 
-38  10  14 
-28  -32  68 
36  26  -16 
36  32  36 
-38  -54  -60 
12  40  12 
-4  -36  -52 

//Reference=MNI 
//nullstudy_2
//Subjects=10
-46  0  -18 
-14  12  60 
-10  -52  60 
38  6  -26 
2  56  -12 
-30  8  40 
-24  -64  -52 
-36  -60  -32 

//Reference=MNI 
//nullstudy_3
//Subjects=9
32  18  24 
-50  -74  34 
12  18  40 
-68  -14  -4 
-20  -68  50 
-18  -34  -4 
-22  -12  -16 
16  56  -2 

//Reference=MNI 
//nullstudy_4
//Subjects=11
-28  -58  36 
-22  -76  -34 
-44  -42  -42 
-32  6  54 
-24  -60  -6 
46  38  -10 
-8  -88  -42 
-42  -58  -48 

//Reference=MNI 
//nullstudy_5
//Subjects=13
26  16  38 
-40  -6  44 
60  12  8 
-2  -28  26 
-40  8  52 
-6  54  -2 
14  6  -30 
-50  -50  -14 

//Reference=MNI 
//nullstudy_6
//Subjects=8
38  14  20 
-4  14  0 
-52  -54  -48 
-14  -58  36 
-18  -60  -4 
36  6  -44 
54  18  -12 
-54  -20  0 

//Reference=MNI 
//nullstudy_7
//Subjects=10
-50  26  -4 
38  42  0 
-26  62  24 
-28  -72  -36 
-36  -60  14 
6  38  2 
-22  -8  -28 
-14  8  -4 

//Reference=MNI 
//nullstudy_8
//Subjects=10
-64  -40  -24 
-62  -38  -16 
-30  -88  -32 
-54  0  14 
18  54  38 
14  18  56 
-58  -24  -2 
-24  -52  -54 

//Reference=MNI 
//nullstudy_9
//Subjects=10
-8  -2  -28 
-58  -48  -8 
-18  -44  74 
-46  -68  -18 
-4  34  -16 
-18  -18  -32 
14  10  64 
-34  2  -12 

//Reference=MNI 
//nullstudy_10
//Subjects=10
-20  -22  -14 
-52  -44  14 
-28  -22  -14 
56  22  34 
52  12  -32 
26  26  44 
-20  12  -36 
-44  -6  34 

//Reference=MNI 
//nullstudy_11
//Subjects=9
-44  -52  18 
-10  20  10 
18  30  2 
36  34  -10 
-36  -42  36 
-34  -2  -46 
-8  32  56 
-52  -44  22 

//Reference=MNI 
//nullstudy_12
//Subjects=9
-2  64  30 
-60  -18  -2 
30  8  -30 
36  18  10 
-46  -28  50 
-56  -52  -34 
-28  -70  46 
32  10  8 

//Reference=MNI 
//nullstudy_13
//Subjects=10
-12  32  20 
-36  20  -34 
-44  -2  -20 
-14  -40  44 
-16  16  62 
-42  4  -46 
-22  -48  -26 
-12  54  -24 

//Reference=MNI 
//nullstudy_14
//Subjects=8
-20  -16  -18 
44  10  26 
-34  -36  -42 
-4  16  70 
-42  -66  -22 
0  16  6 
-38  -60  58 
-38  -60  -38 

//Reference=MNI 
//nullstudy_15
//Subjects=11
-4  -76  -24 
-58  -18  42 
-28  -12  -14 
-52  -48  -40 
-50  -44  -26 
-14  -24  40 
-54  32  20 
-64  -50  -2 

//Reference=MNI 
//nullstudy_16
//Subjects=9
-28  -34  -22 
-18  -48  -60 
34  4  32 
20  26  48 
40  26  12 
-30  -38  0 
44  16  48 
-40  -12  -6 

//Reference=MNI 
//nullstudy_17
//Subjects=11
-6  60  18 
-40  -44  -24 
22  46  14 
54  42  0 
28  26  2 
-28  -98  4 
-10  52  8 
-10  16  60 

//Reference=MNI 
//nullstudy_18
//Subjects=11
-42  32  38 
-34  -46  -38 
-58  20  18 
14  32  34 
-24  8  -4 
-22  58  -2 
-18  -60  -6 
-36  -76  -48 

//Reference=MNI 
//nullstudy_19
//Subjects=11
-22  -38  4 
-24  -46  -22 
-18  -22  4 
-28  50  6 
-44  -76  -30 
20  52  -4 
-18  -32  -4 
-6  -6  -32 

//Reference=MNI 
//nullstudy_20
//Subjects=10
30  10  -28 
-54  -2  44 
46  30  26 
14  46  22 
-36  -62  20 
12  54  12 
-28  32  -20 
-12  -66  -10 

//Reference=MNI 
//nullstudy_21
//Subjects=12
24  56  8 
-12  54  26 
-50  -66  -46 
6  6  68 
-40  -18  0 
-38  -64  -32 
-14  -38  56 
-44  28  44 

//Reference=MNI 
//nullstudy_22
//Subjects=11
-20  -60  62 
-42  20  -2 
-8  -46  30 
-22  12  42 
32  46  -2 
20  52  2 
-38  -50  -40 
36  20  -16 

//Reference=MNI 
//nullstudy_23
//Subjects=11
-12  20  26 
-30  6  -6 
-26  -72  -42 
42  54  18 
-4  44  38 
-40  -52  -32 
-14  -42  -14 
-48  -42  32 

//Reference=MNI 
//nullstudy_24
//Subjects=10
-38  -80  -8 
-2  -70  -38 
10  38  0 
-32  -14  70 
-16  12  0 
6  34  44 
-28  4  44 
-28  -52  44 

//Reference=MNI 
//nullstudy_25
//Subjects=9
0  10  70 
0  30  -30 
10  54  38 
-42  48  12 
18  26  -18 
-48  24  -22 
-18  -30  12 
28  32  4 

//Reference=MNI 
//nullstudy_26
//Subjects=10
-34  52  -14 
-54  -64  -38 
-2  60  24 
-4  -68  -52 
44  8  -36 
-12  48  38 
-24  -46  -44 
12  16  -24 

//Reference=MNI 
//nullstudy_27
//Subjects=11
-6  -22  -28 
0  42  14 
10  40  -26 
-36  -78  -38 
-26  -12  -24 
8  20  -2 
2  56  -18 
-50  -62  -36 

//Reference=MNI 
//nullstudy_28
//Subjects=11
-12  -58  18 
-8  -84  12 
-24  -76  26 
-44  -48  -46 
-30  -12  0 
-32  -60  -20 
10  50  10 
-28  -34  56 

//Reference=MNI 
//nullstudy_29
//Subjects=10
34  22  6 
-20  -60  -52 
48  4  40 
-64  0  16 
-50  -16  -40 
-16  22  -2 
-40  16  44 
-40  4  60 

//Reference=MNI 
//nullstudy_30
//Subjects=10
-22  -56  -50 
-28  12  -20 
-44  6  -8 
-30  -54  -16 
34  56  -2 
26  6  44 
-22  -28  68 
28  6  54 

//Reference=MNI 
//nullstudy_31
//Subjects=10
-6  10  54 
-40  -54  40 
-26  -70  -56 
4  64  -10 
42  14  36 
-26  -80  42 
-18  -48  -2 
-16  2  14 

//Reference=MNI 
//nullstudy_32
//Subjects=11
-14  -4  -36 
-40  0  -18 
-58  -44  34 
-44  -32  26 
34  26  42 
-30  24  -12 
-4  52  -20 
-12  -34  76 

//Reference=MNI 
//nullstudy_33
//Subjects=10
-12  -60  -48 
-44  -22  64 
24  50  42 
-32  -60  -28 
-32  -74  12 
60  6  -6 
28  26  10 
22  12  66 

//Reference=MNI 
//nullstudy_34
//Subjects=11
-2  -42  62 
46  2  20 
-50  46  -8 
48  34  38 
62  12  14 
4  32  16 
-10  -82  10 
-50  32  4 

//Reference=MNI 
//nullstudy_35
//Subjects=8
-48  -26  8 
-30  -54  -24 
-16  56  18 
60  6  -12 
-8  -74  -22 
52  40  0 
-46  -70  -18 
16  42  36 

//Reference=MNI 
//nullstudy_36
//Subjects=11
-4  56  28 
-14  -70  16 
-18  32  40 
16  68  4 
12  18  -24 
-48  -58  12 
4  34  56 
-54  0  2 

//Reference=MNI 
//nullstudy_37
//Subjects=10
26  24  -30 
-8  -18  68 
6  48  0 
-12  -60  30 
-4  12  60 
-26  28  -16 
6  14  44 
-8  26  66 

//Reference=MNI 
//nullstudy_38
//Subjects=11
-16  8  -14 
-18  38  -18 
-48  -36  26 
-52  -30  52 
-50  -34  -30 
-10  -90  -26 
-34  -22  52 
14  18  4 

//Reference=MNI 
//nullstudy_39
//Subjects=9
-8  -44  -36 
-50  22  -8 
-56  -18  -38 
2  62  0 
-66  -26  -10 
-48  -66  -28 
-18  -90  36 
6  8  50 

//Reference=MNI 
//nullstudy_40
//Subjects=9
16  4  -6 
-56  -6  0 
-4  18  48 
-26  30  44 
-18  6  16 
-28  -72  30 
62  2  -20 
-14  64  18 

//Reference=MNI 
//nullstudy_41
//Subjects=10
-38  -4  14 
-36  -36  -24 
-26  -58  -18 
-26  -44  -2 
-30  -48  -20 
34  6  30 
-44  14  46 
-34  -2  -42 

//Reference=MNI 
//nullstudy_42
//Subjects=10
28  4  4 
0  10  44 
-26  -34  74 
6  64  32 
-10  60  22 
-38  32  -12 
30  10  36 
-58  -14  -36 

//Reference=MNI 
//nullstudy_43
//Subjects=10
-2  36  -26 
10  62  -14 
-62  -44  2 
-6  -8  8 
-48  -26  24 
-26  -64  32 
-8  -30  18 
-18  -80  -52 

//Reference=MNI 
//nullstudy_44
//Subjects=10
-42  -84  -16 
-10  -42  -10 
-22  -4  6 
-14  54  -12 
8  14  70 
62  10  26 
24  62  28 
30  18  6 

//Reference=MNI 
//nullstudy_45
//Subjects=11
-54  20  2 
26  4  -28 
36  48  -12 
-64  -8  -20 
-18  -4  24 
-38  44  8 
-60  -22  2 
2  6  64 

//Reference=MNI 
//nullstudy_46
//Subjects=10
-10  34  24 
-4  -60  -14 
-20  68  6 
-52  -64  -38 
-24  4  -32 
-6  -80  -50 
-4  -40  -46 
50  4  -44 

//Reference=MNI 
//nullstudy_47
//Subjects=9
-28  -2  4 
-26  -70  -42 
46  24  -24 
12  18  -6 
-22  -80  34 
-36  30  30 
-52  8  -26 
-8  60  18 

//Reference=MNI 
//nullstudy_48
//Subjects=10
-32  18  6 
-52  -58  12 
-20  -4  -36 
-56  12  -4 
-50  -8  0 
38  18  6 
-50  -18  14 
-18  -84  -22 

//Reference=MNI 
//nullstudy_49
//Subjects=11
-38  -10  -14 
-32  10  2 
50  24  22 
-40  6  56 
-10  -40  -56 
-68  -16  16 
-34  10  -48 
-54  34  -2 

//Reference=MNI 
//nullstudy_50
//Subjects=10
30  34  -2 
-26  10  -42 
62  14  2 
-18  -72  -2 
54  32  -6 
-8  -66  -60 
-58  -26  32 
-30  -38  40 

//Reference=MNI 
//nullstudy_51
//Subjects=8
-24  -6  6 
-54  30  22 
-2  56  18 
-14  -76  48 
-14  -84  -26 
-32  -82  -24 
-12  8  14 
-38  16  -14 

//Reference=MNI 
//nullstudy_52
//Subjects=11
-30  -56  48 
-2  -2  34 
40  16  36 
-26  -48  44 
-36  -6  4 
-18  -56  -38 
12  22  36 
-38  -74  -50 

//Reference=MNI 
//nullstudy_53
//Subjects=9
54  2  48 
-32  -94  -12 
-8  8  -16 
-42  -84  26 
-20  -10  -32 
46  18  20 
4  42  44 
-10  -70  -10 

//Reference=MNI 
//nullstudy_54
//Subjects=10
-18  12  16 
-10  2  42 
-34  10  64 
-64  -26  -10 
-8  -44  72 
-4  0  76 
-28  28  28 
-44  -76  -8 

//Reference=MNI 
//nullstudy_55
//Subjects=12
-26  22  -4 
-26  -66  50 
-26  -30  -10 
-44  24  -26 
24  52  24 
-20  10  -28 
-28  -82  -2 
-22  -102  -12 

//Reference=MNI 
//nullstudy_56
//Subjects=11
-64  -42  30 
-26  -46  -34 
-10  -78  -28 
6  48  -18 
-42  14  36 
-30  -18  52 
-18  -56  -46 
-10  46  30 

//Reference=MNI 
//nullstudy_57
//Subjects=8
-36  -42  -48 
-10  -78  26 
-34  -80  18 
60  4  -8 
30  30  2 
-50  -48  24 
-42  -28  -4 
-26  8  52 

//Reference=MNI 
//nullstudy_58
//Subjects=10
-20  50  2 
-28  26  -10 
-52  -4  14 
-20  -10  -14 
-42  -60  -18 
-42  -64  32 
46  2  -32 
32  60  -12 

//Reference=MNI 
//nullstudy_59
//Subjects=12
-22  -64  30 
-36  -78  -14 
40  42  -18 
-46  -78  -6 
16  38  58 
-16  -66  -24 
-28  22  -14 
-52  -2  -28 

//Reference=MNI 
//nullstudy_60
//Subjects=10
-32  42  10 
-50  -78  0 
-44  6  28 
-6  -50  -40 
36  30  -14 
-44  -72  -50 
14  4  -36 
-52  -56  -46 

//Reference=MNI 
//nullstudy_61
//Subjects=8
-26  -58  -20 
22  8  -6 
-30  -38  38 
52  28  -4 
50  8  -42 
36  36  32 
-8  -10  68 
-10  -72  12 

//Reference=MNI 
//nullstudy_62
//Subjects=10
8  32  -22 
26  22  62 
-30  -34  42 
-32  12  0 
-22  -38  74 
-50  -52  -4 
-54  -14  -10 
-8  12  10 

//Reference=MNI 
//nullstudy_63
//Subjects=9
-30  -88  -12 
-28  -50  68 
-22  -8  -14 
-22  -44  -54 
-18  -8  70 
-46  -12  -14 
-6  2  2 
-64  -26  -32 

//Reference=MNI 
//nullstudy_64
//Subjects=9
-64  -48  -2 
-18  -70  -36 
40  2  62 
-2  -74  16 
-10  -52  -56 
22  56  -6 
-16  -100  0 
-4  -22  -18 

//Reference=MNI 
//nullstudy_65
//Subjects=12
-36  -60  -6 
-26  12  -32 
-12  56  24 
28  58  -6 
52  18  -2 
-60  -44  22 
34  6  0 
38  10  26 

//Reference=MNI 
//nullstudy_66
//Subjects=13
-4  -72  -32 
40  38  34 
-40  10  46 
-16  4  -14 
0  50  28 
-44  16  2 
-36  56  2 
4  54  -24 

//Reference=MNI 
//nullstudy_67
//Subjects=10
-8  -20  62 
14  70  16 
10  8  -10 
16  22  58 
-6  8  14 
-46  -68  -24 
12  2  -36 
-34  -20  14 

//Reference=MNI 
//nullstudy_68
//Subjects=10
58  30  16 
-16  60  2 
-22  -84  -28 
-6  -10  50 
12  4  -24 
-38  22  -38 
-30  -86  22 
0  8  40 

//Reference=MNI 
//nullstudy_69
//Subjects=10
30  20  32 
-30  -38  -30 
-10  42  -24 
-54  -34  -2 
-22  16  48 
-24  -50  40 
-40  -30  42 
-6  0  -16 

//Reference=MNI 
//nullstudy_70
//Subjects=9
46  32  14 
-54  14  40 
8  26  -16 
-16  8  -34 
-18  -100  -2 
-26  -10  56 
-32  -32  12 
-34  4  -42 

//Reference=MNI 
//nullstudy_71
//Subjects=8
14  36  18 
24  2  -34 
-4  -32  70 
-30  12  -40 
-58  -64  4 
-58  20  12 
-30  -16  56 
4  34  58 

//Reference=MNI 
//nullstudy_72
//Subjects=10
2  24  24 
-6  -32  46 
-70  -30  2 
-24  50  8 
26  48  38 
-56  -8  2 
-22  14  -14 
-36  -50  48 

//Reference=MNI 
//nullstudy_73
//Subjects=9
-54  30  -2 
-36  34  -10 
2  36  54 
0  10  56 
-50  -2  -38 
4  56  18 
-36  -70  -20 
22  18  -20 

//Reference=MNI 
//nullstudy_74
//Subjects=10
52  4  -22 
-44  -38  48 
-42  -12  0 
44  44  -16 
-36  34  -16 
-2  -84  -34 
0  20  0 
-28  56  32 

//Reference=MNI 
//nullstudy_75
//Subjects=10
-52  -6  -18 
-12  -66  34 
52  18  -24 
-40  0  16 
-6  -74  54 
10  42  52 
32  12  -14 
-34  58  -16 

//Reference=MNI 
//nullstudy_76
//Subjects=9
-66  -22  32 
-6  2  54 
-18  -34  78 
-4  -92  -20 
22  58  32 
-34  -6  42 
-16  -66  -58 
-36  56  10 

//Reference=MNI 
//nullstudy_77
//Subjects=9
-40  -58  22 
-16  -102  6 
28  30  28 
-8  -22  68 
20  40  48 
-18  -80  28 
-60  -8  38 
-14  22  -16 

//Reference=MNI 
//nullstudy_78
//Subjects=10
-10  -54  12 
-26  0  -34 
-40  20  -10 
-42  -60  8 
-70  -34  -10 
-36  -68  -30 
-2  -68  38 
-22  50  20 

//Reference=MNI 
//nullstudy_79
//Subjects=9
-60  8  -4 
-52  10  8 
-30  32  -10 
-34  -78  28 
-58  -14  -40 
-28  -84  2 
-32  -4  -26 
-40  22  28 

//Reference=MNI 
//nullstudy_80
//Subjects=9
-40  22  26 
-4  -16  44 
-54  -42  -18 
-22  -20  56 
-12  -64  42 
-24  -38  66 
-38  -24  -4 
-40  18  -26 

//Reference=MNI 
//nullstudy_81
//Subjects=10
-2  40  10 
24  30  52 
32  16  36 
-8  -74  -46 
-2  -76  -12 
-40  26  -20 
44  14  52 
-36  -66  10 

//Reference=MNI 
//nullstudy_82
//Subjects=10
-26  -4  72 
-36  -70  28 
-48  -8  54 
-2  64  -4 
8  20  20 
-6  -6  -8 
-44  -60  4 
20  26  -24 

//Reference=MNI 
//nullstudy_83
//Subjects=12
-12  -80  -48 
36  42  42 
-6  -38  26 
-22  26  40 
-50  -28  18 
-30  -2  -46 
-44  26  46 
-48  -4  56 

//Reference=MNI 
//nullstudy_84
//Subjects=11
-10  -66  -34 
-28  0  56 
-4  -58  -12 
40  28  18 
-48  -50  -46 
-22  0  64 
28  48  22 
-32  30  20 

//Reference=MNI 
//nullstudy_85
//Subjects=11
-20  54  10 
-32  -32  -26 
-36  -6  18 
40  6  42 
-6  54  -14 
-18  -78  32 
-50  -34  -18 
-52  -10  30 

//Reference=MNI 
//nullstudy_86
//Subjects=9
-16  -8  -28 
42  28  36 
18  4  -26 
-56  -18  12 
40  40  -14 
14  18  -18 
52  44  2 
18  42  48 

//Reference=MNI 
//nullstudy_87
//Subjects=11
14  42  -6 
-28  -78  -18 
-16  -90  -16 
-40  -82  -10 
-14  48  -22 
-4  -20  62 
4  12  66 
-14  -52  66 

//Reference=MNI 
//nullstudy_88
//Subjects=9
-42  -52  48 
-36  -10  58 
-50  -12  8 
-38  -22  54 
-62  -48  28 
-16  -38  12 
-22  -76  44 
60  14  -8 

//Reference=MNI 
//nullstudy_89
//Subjects=10
-26  -68  -60 
-22  28  52 
-30  -22  62 
-4  -76  50 
6  20  -8 
-8  30  -26 
-32  -70  30 
-22  42  46 

//Reference=MNI 
//nullstudy_90
//Subjects=11
-2  56  -22 
-60  -42  14 
-24  -20  72 
-18  70  6 
-2  -46  -58 
-48  -4  -14 
-28  -90  -8 
-34  -74  -52 

//Reference=MNI 
//nullstudy_91
//Subjects=10
-16  -74  -20 
38  28  38 
4  44  -26 
-4  -28  -44 
-40  -2  64 
-12  42  6 
-12  56  28 
-34  -8  6 

//Reference=MNI 
//nullstudy_92
//Subjects=11
-38  -50  46 
-24  8  66 
-44  40  26 
-40  -6  -36 
-12  24  -2 
-64  -22  22 
-50  -46  2 
-4  -56  38 

//Reference=MNI 
//nullstudy_93
//Subjects=11
22  24  38 
30  2  68 
8  32  48 
-28  -8  -16 
-40  -8  16 
-42  -72  -2 
-36  -14  58 
14  62  -18 

//Reference=MNI 
//nullstudy_94
//Subjects=11
-22  -24  64 
48  10  -4 
-4  -54  -6 
-6  24  66 
-30  -6  -8 
6  20  36 
-46  -44  -12 
54  32  6 

//Reference=MNI 
//nullstudy_95
//Subjects=8
-40  0  -20 
-68  -22  -22 
-56  -58  36 
30  8  -30 
-62  -64  0 
4  32  10 
-2  -30  -26 
-44  -32  44 

//Reference=MNI 
//nullstudy_96
//Subjects=10
-14  -90  40 
-18  70  2 
-60  -12  -20 
-2  -82  -26 
54  18  -22 
-50  20  4 
34  28  52 
-60  -44  -4 

//Reference=MNI 
//nullstudy_97
//Subjects=9
-24  -42  60 
-8  -30  60 
-16  -22  12 
42  56  -10 
-50  -40  -2 
-4  -96  14 
-4  8  -8 
-22  -70  16 

//Reference=MNI 
//nullstudy_98
//Subjects=10
-8  -78  -4 
-54  8  14 
-36  -92  18 
-38  -10  42 
2  68  -6 
44  38  -22 
42  58  10 
-12  8  44 

//Reference=MNI 
//nullstudy_99
//Subjects=9
-36  14  58 
-30  12  14 
-8  -70  -44 
-62  2  -22 
-46  -30  18 
-40  -48  58 
-40  56  -8 
-54  -46  50 

//Reference=MNI 
//nullstudy_100
//Subjects=11
-2  60  30 
-8  8  62 
-24  52  0 
42  22  40 
-36  -94  -4 
-10  -70  50 
4  68  -6 
-30  -68  26 

