//Reference=MNI 
//truestudy_1
//Subjects=9
46  -65  -8 
47  -66  -6 
44  -66  -5 
47  -66  -6 
47  -67  -6 
45  -65  -5 
47  -67  -6 
47  -68  -8 

//Reference=MNI 
//truestudy_2
//Subjects=9
46  -66  -6 
44  -65  -6 
46  -65  -5 
46  -67  -4 
46  -67  -5 
44  -65  -6 
47  -66  -7 
47  -65  -8 

//Reference=MNI 
//truestudy_3
//Subjects=11
46  -66  -7 
46  -67  -5 
46  -68  -5 
45  -65  -5 
45  -67  -6 
46  -65  -4 
47  -67  -5 
45  -68  -4 

//Reference=MNI 
//nullstudy_1
//Subjects=9
-20  -56  18 
-42  -80  34 
-22  -4  -32 
4  26  58 
54  14  32 
-12  -76  -34 
-54  0  24 
18  28  42 

//Reference=MNI 
//nullstudy_2
//Subjects=9
-60  -24  -28 
-26  -56  -28 
8  22  6 
36  42  14 
-58  -4  2 
-48  -64  -38 
-18  -24  26 
40  2  32 

//Reference=MNI 
//nullstudy_3
//Subjects=11
-32  18  -8 
12  66  26 
-26  -26  -10 
0  32  -14 
-12  -16  -32 
-2  16  4 
34  2  50 
-50  -48  -8 

//Reference=MNI 
//nullstudy_4
//Subjects=10
-48  -68  26 
-60  -24  38 
-12  24  32 
18  42  -20 
10  8  -24 
-48  -16  -10 
-4  -46  70 
-8  22  -22 

//Reference=MNI 
//nullstudy_5
//Subjects=9
42  34  0 
-10  -76  -30 
-30  -70  22 
0  54  16 
-28  -34  -26 
14  26  2 
-38  46  -10 
42  52  2 

//Reference=MNI 
//nullstudy_6
//Subjects=9
-50  6  24 
-14  -26  -20 
10  40  48 
-6  44  6 
-8  -72  38 
44  16  -16 
-30  -16  -40 
-4  44  -20 

//Reference=MNI 
//nullstudy_7
//Subjects=11
-50  -60  -50 
-36  -28  14 
-34  -50  -52 
12  30  64 
-38  -26  14 
-48  -20  32 
-40  -42  38 
-6  -90  8 

//Reference=MNI 
//nullstudy_8
//Subjects=10
12  36  -18 
-38  22  -18 
-16  -66  -2 
-2  14  64 
36  22  -34 
-36  24  32 
-12  60  32 
58  10  8 

//Reference=MNI 
//nullstudy_9
//Subjects=12
-16  -54  -48 
-24  -74  34 
-52  22  0 
-12  18  -28 
22  24  54 
-26  -10  -8 
-44  10  36 
32  40  48 

//Reference=MNI 
//nullstudy_10
//Subjects=10
6  12  -16 
-8  -64  -38 
-10  -36  80 
-46  -76  -30 
-8  -86  -12 
-20  2  70 
-2  30  -32 
58  6  -32 

//Reference=MNI 
//nullstudy_11
//Subjects=9
-34  10  -16 
-60  -48  -14 
-58  -38  -6 
12  52  -10 
-30  -80  -40 
8  8  10 
-58  -18  36 
-28  -34  -40 

//Reference=MNI 
//nullstudy_12
//Subjects=11
-32  -34  52 
-20  -44  -8 
-36  26  20 
-22  -2  -32 
-34  -6  4 
-12  -30  42 
32  60  22 
-18  -2  -14 

//Reference=MNI 
//nullstudy_13
//Subjects=9
-14  -88  36 
-52  8  -4 
-12  -16  -12 
-42  32  -10 
-4  -62  24 
-42  42  28 
-6  32  -32 
-32  -66  -48 

//Reference=MNI 
//nullstudy_14
//Subjects=11
-28  -40  66 
-36  46  -8 
-4  -16  4 
-38  40  32 
-34  -62  50 
20  68  20 
-62  -58  -2 
-50  -66  -34 

//Reference=MNI 
//nullstudy_15
//Subjects=10
-38  20  -18 
-48  -22  44 
-12  -68  -40 
-16  -58  -44 
-8  32  24 
-54  -2  -4 
-36  -12  -32 
-70  -26  -16 

//Reference=MNI 
//nullstudy_16
//Subjects=10
-34  -52  48 
-54  20  -4 
-8  -88  -18 
-2  -52  24 
-38  -58  20 
-10  16  -8 
-44  -78  12 
16  44  44 

//Reference=MNI 
//nullstudy_17
//Subjects=10
-16  -36  -12 
-10  -60  -20 
-58  -26  44 
-52  -38  58 
-34  -74  -4 
-30  -82  -40 
-56  34  -2 
-54  -44  42 

//Reference=MNI 
//nullstudy_18
//Subjects=10
-40  -14  14 
-24  -92  -32 
-36  -60  -10 
34  14  40 
20  10  68 
34  40  -10 
-18  -26  28 
-30  -68  20 

//Reference=MNI 
//nullstudy_19
//Subjects=10
-14  -102  10 
8  68  4 
-54  -42  32 
20  12  14 
-52  -30  18 
-48  -34  -24 
20  62  -14 
-32  -40  -22 

//Reference=MNI 
//nullstudy_20
//Subjects=11
-50  2  4 
-52  4  -2 
-38  6  38 
-46  -66  38 
-4  4  50 
36  34  20 
-36  26  -14 
-8  -24  -8 

//Reference=MNI 
//nullstudy_21
//Subjects=12
50  4  40 
-56  -42  -24 
6  48  40 
34  42  34 
-22  50  -16 
22  20  -38 
-44  -56  -42 
-48  18  0 

//Reference=MNI 
//nullstudy_22
//Subjects=11
-4  34  -24 
-20  -70  -32 
-48  -64  -22 
-10  -20  60 
-6  -48  -20 
-48  -82  -2 
-10  48  -26 
10  38  -20 

//Reference=MNI 
//nullstudy_23
//Subjects=10
-32  -64  -58 
-42  -26  58 
20  68  18 
-16  -6  -26 
-18  -56  0 
-40  -12  36 
-26  -38  58 
-6  -12  -2 

//Reference=MNI 
//nullstudy_24
//Subjects=10
-32  20  -34 
22  36  56 
30  44  4 
-34  -70  -18 
-26  2  -10 
-6  -34  56 
-58  4  20 
2  4  12 

//Reference=MNI 
//nullstudy_25
//Subjects=11
38  18  4 
-6  -72  -28 
26  16  52 
-48  -10  24 
14  16  -6 
-6  -58  22 
-8  -46  -18 
-58  -24  52 

//Reference=MNI 
//nullstudy_26
//Subjects=9
-34  -92  16 
-22  18  66 
-58  4  20 
-34  24  10 
-4  16  -10 
-12  50  30 
-26  -66  -10 
6  20  -16 

//Reference=MNI 
//nullstudy_27
//Subjects=10
24  4  -8 
0  46  50 
-38  -44  46 
-32  20  50 
34  24  -26 
-38  -12  42 
-12  16  62 
-12  2  10 

//Reference=MNI 
//nullstudy_28
//Subjects=10
-18  -42  22 
36  18  -14 
-34  -58  -30 
-18  54  14 
22  14  -6 
18  30  -4 
38  2  -46 
-6  48  16 

//Reference=MNI 
//nullstudy_29
//Subjects=10
8  66  30 
-46  14  -8 
-10  -78  2 
-42  42  12 
-24  -10  -34 
-28  -24  -16 
-30  -26  48 
20  36  44 

//Reference=MNI 
//nullstudy_30
//Subjects=10
-50  28  -16 
-34  48  30 
38  60  -8 
28  20  62 
16  14  60 
-26  -8  -18 
-18  -98  18 
-22  4  -30 

//Reference=MNI 
//nullstudy_31
//Subjects=11
-28  50  -12 
-42  -66  20 
-16  -34  -24 
-38  40  28 
-40  20  -40 
-26  -44  -46 
-14  22  4 
-40  -46  -58 

//Reference=MNI 
//nullstudy_32
//Subjects=11
-26  -6  72 
-42  -50  52 
2  64  2 
-36  -76  24 
-38  -38  -12 
-2  -16  50 
12  50  48 
-28  -52  -20 

//Reference=MNI 
//nullstudy_33
//Subjects=11
14  40  2 
-26  -78  -44 
-18  -38  38 
-42  44  -8 
-10  -82  10 
-42  -28  50 
-22  -52  0 
-4  -50  38 

//Reference=MNI 
//nullstudy_34
//Subjects=9
-36  -22  20 
-60  -52  -14 
-48  -32  -2 
38  60  4 
-12  0  22 
2  24  66 
-46  -68  -8 
-8  -70  48 

//Reference=MNI 
//nullstudy_35
//Subjects=11
-46  -68  44 
-30  28  -14 
8  34  14 
30  46  2 
48  44  16 
38  44  20 
42  20  -26 
-10  -86  10 

//Reference=MNI 
//nullstudy_36
//Subjects=9
-8  42  34 
-38  -70  22 
50  20  -26 
-18  -54  18 
-14  -14  22 
-50  -40  -10 
-16  -34  -42 
-40  -30  62 

//Reference=MNI 
//nullstudy_37
//Subjects=9
-28  -92  22 
-10  -94  -20 
16  6  -22 
56  20  -6 
-52  -40  22 
36  6  34 
-4  -28  8 
-54  -42  46 

//Reference=MNI 
//nullstudy_38
//Subjects=10
-2  20  -4 
-58  -4  10 
-20  34  44 
40  24  14 
-16  22  2 
-10  6  54 
-56  -16  -32 
-4  50  2 

//Reference=MNI 
//nullstudy_39
//Subjects=12
-40  -40  -20 
-40  -72  4 
-26  24  8 
24  32  32 
-24  -84  22 
-54  24  6 
-14  -96  -16 
-50  -16  30 

//Reference=MNI 
//nullstudy_40
//Subjects=10
-38  -14  -12 
8  30  24 
18  8  -38 
-38  46  20 
-28  -54  46 
32  8  56 
-56  14  -10 
-14  -26  -22 

//Reference=MNI 
//nullstudy_41
//Subjects=9
-8  -54  20 
-20  -60  -30 
12  58  32 
-18  0  18 
-40  -22  -26 
-66  -12  -20 
-56  -40  -24 
-2  -26  10 

//Reference=MNI 
//nullstudy_42
//Subjects=9
-42  48  2 
-46  4  26 
-28  -6  44 
-8  -4  68 
-46  20  16 
12  28  -20 
-4  -36  -52 
-32  -12  -30 

//Reference=MNI 
//nullstudy_43
//Subjects=9
22  40  44 
-10  -54  -20 
40  2  64 
-18  -84  -40 
-44  -68  -44 
-24  -54  56 
-2  -12  30 
-26  -42  -20 

//Reference=MNI 
//nullstudy_44
//Subjects=9
-6  -70  32 
-10  -56  4 
-14  -54  -14 
-44  22  -2 
-12  -14  -28 
-36  -34  64 
-18  -10  -12 
0  36  48 

//Reference=MNI 
//nullstudy_45
//Subjects=11
-12  -72  56 
26  28  -14 
-36  -50  -58 
52  4  -26 
-38  -30  -18 
16  46  4 
-46  -18  -36 
-4  -78  30 

//Reference=MNI 
//nullstudy_46
//Subjects=8
22  58  8 
-16  -22  6 
-54  -18  0 
34  46  -10 
52  42  -12 
-54  -56  40 
-4  10  28 
-10  -22  56 

//Reference=MNI 
//nullstudy_47
//Subjects=9
6  24  52 
-54  -8  -24 
-10  -28  -18 
-54  28  6 
-4  -4  14 
-36  -84  -12 
-48  -42  -22 
-38  -90  -2 

//Reference=MNI 
//nullstudy_48
//Subjects=10
-20  28  -14 
-56  -48  50 
44  42  4 
22  16  -32 
20  44  52 
-30  -62  48 
-10  -58  -52 
-40  -64  -56 

//Reference=MNI 
//nullstudy_49
//Subjects=10
-10  -82  28 
-6  -10  50 
-4  56  -18 
18  38  -22 
-2  24  32 
-4  54  -28 
-44  -18  -8 
52  30  20 

//Reference=MNI 
//nullstudy_50
//Subjects=9
-16  -62  6 
-32  -70  -54 
-22  -24  -10 
-32  -20  20 
-42  -22  56 
-58  -26  52 
-54  -60  8 
-40  -12  -38 

//Reference=MNI 
//nullstudy_51
//Subjects=10
44  46  -14 
-60  -54  8 
-6  -20  76 
-8  4  -16 
-6  -28  12 
-20  -66  -44 
-10  54  -10 
-14  -46  44 

//Reference=MNI 
//nullstudy_52
//Subjects=10
-14  -2  -14 
-36  -42  56 
16  40  54 
-10  -48  2 
-24  -54  -32 
-48  42  -4 
-36  -50  44 
-2  -42  -18 

//Reference=MNI 
//nullstudy_53
//Subjects=10
8  48  2 
-4  18  50 
46  48  14 
-26  -58  -62 
-58  2  32 
0  30  0 
-50  -24  22 
-66  -6  -2 

//Reference=MNI 
//nullstudy_54
//Subjects=10
16  58  8 
-12  40  2 
-12  -12  42 
-8  -90  -34 
-54  20  28 
-18  -38  4 
-28  -32  -28 
-48  6  20 

//Reference=MNI 
//nullstudy_55
//Subjects=11
6  68  14 
6  36  -2 
-14  -62  70 
-62  -50  22 
-22  62  6 
34  48  6 
38  14  56 
-28  -20  70 

//Reference=MNI 
//nullstudy_56
//Subjects=11
20  50  40 
-2  50  -10 
8  28  38 
-22  -64  64 
-2  52  -14 
-60  -12  38 
-38  -68  -44 
-22  -18  66 

//Reference=MNI 
//nullstudy_57
//Subjects=11
-58  8  6 
-34  -56  28 
-44  -62  -38 
-14  -78  10 
-42  -48  -24 
44  38  10 
-12  8  -26 
-32  8  10 

//Reference=MNI 
//nullstudy_58
//Subjects=10
-30  -4  -20 
52  18  -4 
-14  -6  -42 
-38  -66  -48 
-2  64  -14 
-32  -72  -14 
42  24  -2 
-54  -2  -40 

//Reference=MNI 
//nullstudy_59
//Subjects=11
-4  -14  -2 
14  34  46 
-22  6  -4 
42  16  32 
-50  -52  -8 
24  20  -16 
62  2  -24 
-10  46  -28 

//Reference=MNI 
//nullstudy_60
//Subjects=11
-56  -74  2 
-56  -50  50 
-6  34  42 
20  28  48 
36  32  10 
-16  -92  20 
-2  -54  30 
32  44  22 

//Reference=MNI 
//nullstudy_61
//Subjects=10
-24  -92  20 
40  6  -26 
-36  6  42 
-10  -8  -28 
-62  -48  -6 
2  10  64 
-8  -90  -16 
24  52  2 

//Reference=MNI 
//nullstudy_62
//Subjects=11
8  50  -6 
-36  -84  -38 
0  10  44 
-16  60  30 
-22  26  40 
8  22  54 
-2  24  18 
-62  -20  -14 

//Reference=MNI 
//nullstudy_63
//Subjects=9
16  38  22 
-36  24  26 
-26  -14  58 
-44  -70  14 
-62  -58  4 
-42  8  -2 
-58  -50  36 
-42  -88  6 

//Reference=MNI 
//nullstudy_64
//Subjects=11
18  26  -24 
-56  -34  -14 
-54  32  12 
0  54  38 
14  28  -4 
-16  -84  40 
26  30  36 
10  36  58 

//Reference=MNI 
//nullstudy_65
//Subjects=9
-8  16  -10 
-40  16  44 
-8  -22  -30 
-32  24  0 
-42  12  28 
-24  -64  -38 
-30  -4  56 
-54  -72  2 

//Reference=MNI 
//nullstudy_66
//Subjects=10
-40  -22  -26 
-46  -16  34 
22  12  -6 
-6  -14  -34 
14  12  38 
-50  -24  62 
0  18  6 
8  14  0 

//Reference=MNI 
//nullstudy_67
//Subjects=9
-28  -14  66 
-8  -54  46 
-6  -14  2 
-38  -44  56 
-12  -26  22 
-40  20  -20 
-10  -78  42 
46  10  -34 

//Reference=MNI 
//nullstudy_68
//Subjects=11
-38  30  10 
0  28  12 
-20  12  48 
-10  -82  4 
-30  2  8 
-8  -82  26 
18  4  -44 
-38  36  -4 

//Reference=MNI 
//nullstudy_69
//Subjects=9
28  10  -24 
-28  -28  -10 
-2  -54  -32 
-14  -96  16 
-46  -66  -20 
2  18  28 
-64  2  6 
-26  -84  -4 

//Reference=MNI 
//nullstudy_70
//Subjects=12
-40  58  -6 
-34  -70  10 
42  4  30 
-34  40  2 
-58  -26  22 
-16  -58  58 
-4  54  32 
-42  -66  10 

//Reference=MNI 
//nullstudy_71
//Subjects=10
-16  18  68 
-12  -66  54 
-18  52  -10 
-14  -40  70 
-8  -62  -20 
-44  -52  -56 
-30  2  54 
-20  -38  -38 

//Reference=MNI 
//nullstudy_72
//Subjects=11
-34  -78  16 
-52  30  10 
-40  -54  -28 
-40  -16  62 
-24  -68  -58 
-22  -54  -28 
-2  -48  62 
-62  8  8 

//Reference=MNI 
//nullstudy_73
//Subjects=10
8  58  22 
-12  -18  44 
-48  -58  -10 
-44  -50  28 
-16  -58  -6 
-24  52  -16 
24  2  -16 
0  58  -24 

//Reference=MNI 
//nullstudy_74
//Subjects=11
-32  -80  -32 
-42  -52  -26 
12  16  6 
32  40  -22 
-6  -58  -62 
-12  42  10 
10  10  -8 
-14  -38  -28 

//Reference=MNI 
//nullstudy_75
//Subjects=9
-48  -20  36 
2  20  -24 
28  8  -40 
-28  -8  10 
-8  -50  64 
-8  28  -12 
-40  8  -20 
-62  -26  -22 

//Reference=MNI 
//nullstudy_76
//Subjects=11
-52  30  28 
-22  48  -2 
-2  -78  12 
24  20  60 
6  6  36 
-64  -28  -4 
-14  -60  60 
46  18  -30 

//Reference=MNI 
//nullstudy_77
//Subjects=9
-28  -62  -60 
14  58  14 
-34  2  26 
-16  26  2 
-30  -12  -30 
42  28  46 
-6  -36  44 
48  8  -20 

//Reference=MNI 
//nullstudy_78
//Subjects=10
-28  34  26 
-46  -58  44 
52  42  0 
-48  -26  58 
-62  8  8 
52  8  42 
-32  62  16 
-22  -4  -24 

//Reference=MNI 
//nullstudy_79
//Subjects=9
-24  58  4 
-10  56  -4 
42  56  2 
-28  0  44 
-34  -70  -14 
-40  -82  -38 
-44  -12  18 
20  20  -24 

//Reference=MNI 
//nullstudy_80
//Subjects=10
-40  -52  26 
-64  -42  -16 
-48  32  10 
42  20  -2 
-50  4  -34 
-2  52  -4 
50  34  14 
22  40  26 

//Reference=MNI 
//nullstudy_81
//Subjects=11
42  18  -10 
-10  -54  -10 
-10  26  -28 
-8  -74  42 
-16  -52  -48 
-6  -2  42 
-34  24  40 
-4  -56  -10 

//Reference=MNI 
//nullstudy_82
//Subjects=10
-34  -14  62 
44  42  -18 
54  4  48 
-2  -44  30 
-20  -62  -42 
6  20  -4 
-4  -44  -26 
-38  -52  18 

//Reference=MNI 
//nullstudy_83
//Subjects=11
-32  2  44 
-30  20  -32 
-10  -52  64 
-20  58  -18 
-54  26  28 
-56  -38  20 
10  32  -22 
-26  -6  72 

//Reference=MNI 
//nullstudy_84
//Subjects=9
-44  12  4 
-64  -50  -6 
-34  -44  -26 
-2  32  10 
-50  -10  28 
-6  -66  -36 
-2  -8  28 
-16  4  -42 

//Reference=MNI 
//nullstudy_85
//Subjects=10
-60  -26  0 
-28  24  4 
-54  -42  2 
-28  14  -14 
-14  14  -20 
-8  46  8 
16  44  -8 
-4  62  -2 

//Reference=MNI 
//nullstudy_86
//Subjects=9
-24  -68  -4 
20  14  -24 
-32  -56  -22 
-8  6  22 
-28  -78  -40 
-30  46  12 
-4  -40  42 
12  6  36 

//Reference=MNI 
//nullstudy_87
//Subjects=10
-10  56  18 
-10  10  -24 
-70  -32  -6 
-46  34  26 
-48  -2  48 
-32  58  -8 
-6  -48  58 
-16  -2  -34 

//Reference=MNI 
//nullstudy_88
//Subjects=11
-36  -84  -28 
-22  -44  -60 
-6  0  68 
-6  -58  -6 
-12  14  18 
-44  -70  32 
-62  -24  26 
-22  -78  -6 

//Reference=MNI 
//nullstudy_89
//Subjects=11
38  34  40 
20  14  -20 
-32  -14  -26 
-54  -10  -6 
-28  38  22 
0  20  -24 
-28  -50  62 
-50  -26  -24 

//Reference=MNI 
//nullstudy_90
//Subjects=8
-44  -62  -16 
0  44  16 
-6  -90  18 
-8  36  34 
-12  -56  38 
-44  16  -22 
56  30  -4 
0  30  22 

//Reference=MNI 
//nullstudy_91
//Subjects=9
-50  -18  -2 
-28  -34  54 
-26  -44  -4 
24  16  58 
-34  -20  -16 
8  44  40 
46  34  34 
10  18  46 

//Reference=MNI 
//nullstudy_92
//Subjects=9
-62  -34  20 
8  48  46 
-12  -34  -22 
-18  -62  -10 
-48  30  -12 
58  4  -8 
-32  -32  -8 
14  2  14 

//Reference=MNI 
//nullstudy_93
//Subjects=10
-32  -74  18 
48  30  6 
2  52  46 
18  24  2 
-10  8  0 
-38  -34  22 
-12  -26  10 
-42  -60  30 

//Reference=MNI 
//nullstudy_94
//Subjects=9
-42  2  58 
-40  -20  2 
-22  46  38 
-24  -6  60 
24  2  -46 
-20  -12  76 
-24  -12  -20 
-12  -50  -60 

//Reference=MNI 
//nullstudy_95
//Subjects=10
-26  -38  56 
-36  -54  -44 
2  38  -30 
-12  8  24 
6  2  4 
-38  -64  14 
42  42  -16 
-4  -26  -14 

//Reference=MNI 
//nullstudy_96
//Subjects=9
-34  16  2 
26  16  -34 
-10  22  6 
-68  -44  -6 
-30  -80  -48 
-6  38  38 
-6  -40  4 
-40  -66  -12 

//Reference=MNI 
//nullstudy_97
//Subjects=9
-42  -30  4 
-10  -2  76 
-20  -44  -40 
-16  -42  -40 
34  32  22 
-56  -34  2 
-38  -46  50 
-20  62  -14 

//Reference=MNI 
//nullstudy_98
//Subjects=9
-38  -4  12 
-36  -20  -38 
-64  -32  42 
42  30  18 
-26  -76  0 
-24  -94  22 
-14  -56  14 
-10  -76  26 

//Reference=MNI 
//nullstudy_99
//Subjects=9
30  8  0 
-26  22  60 
-22  -48  56 
-44  -40  64 
-42  -16  30 
36  48  -18 
-54  30  4 
-2  -44  44 

//Reference=MNI 
//nullstudy_100
//Subjects=10
-12  -70  2 
28  24  44 
-22  -56  20 
6  10  28 
-24  -40  68 
-6  62  -16 
-66  -18  -2 
-64  -26  -24 

