//Reference=MNI 
//truestudy_1
//Subjects=8
47  -65  -5 
47  -66  -6 
46  -66  -5 
44  -67  -7 
47  -66  -6 
45  -67  -7 
45  -66  -5 
46  -67  -7 

//Reference=MNI 
//truestudy_2
//Subjects=9
45  -66  -8 
45  -64  -7 
46  -65  -5 
47  -66  -6 
47  -65  -7 
45  -67  -7 
46  -66  -7 
47  -66  -6 

//Reference=MNI 
//truestudy_3
//Subjects=9
45  -67  -6 
47  -67  -5 
47  -66  -6 
45  -66  -7 
46  -66  -8 
47  -68  -7 
45  -66  -6 
47  -66  -7 

//Reference=MNI 
//nullstudy_1
//Subjects=8
-12  -72  22 
-14  -64  56 
48  10  28 
0  42  -32 
-12  -28  80 
-22  60  14 
-14  52  34 
38  8  -2 

//Reference=MNI 
//nullstudy_2
//Subjects=9
-22  4  -26 
-28  6  -6 
-6  -38  78 
12  36  58 
-48  -76  26 
-12  -64  32 
22  8  64 
-24  -44  -58 

//Reference=MNI 
//nullstudy_3
//Subjects=9
0  26  -12 
4  58  24 
-4  16  38 
-20  -102  -16 
-4  -12  20 
-4  -6  70 
14  8  18 
-14  44  -14 

//Reference=MNI 
//nullstudy_4
//Subjects=9
-12  -36  -2 
52  2  -8 
2  44  54 
-40  -80  30 
-22  -74  -50 
-2  -26  56 
-38  6  40 
-62  12  20 

//Reference=MNI 
//nullstudy_5
//Subjects=11
-24  50  2 
-44  -28  12 
-4  -46  -36 
-12  44  8 
-26  16  60 
-52  -6  30 
28  42  12 
-8  46  -30 

//Reference=MNI 
//nullstudy_6
//Subjects=10
-26  30  6 
54  10  0 
-8  66  8 
-28  0  -4 
-10  -68  -32 
-4  32  -12 
0  22  -24 
-14  -60  -50 

//Reference=MNI 
//nullstudy_7
//Subjects=10
22  54  12 
-44  30  -20 
14  56  38 
-44  22  -6 
30  2  -14 
-48  28  40 
38  22  -4 
32  60  -14 

//Reference=MNI 
//nullstudy_8
//Subjects=9
-12  -46  72 
-8  36  42 
30  30  32 
-10  -90  38 
-18  38  30 
-28  14  -8 
42  58  4 
44  6  36 

//Reference=MNI 
//nullstudy_9
//Subjects=10
44  12  -36 
-34  26  4 
-8  -8  -36 
-4  -72  30 
-44  -44  42 
-42  -50  -34 
-14  -68  -8 
42  14  -28 

//Reference=MNI 
//nullstudy_10
//Subjects=10
-38  2  44 
-4  62  -8 
-44  -2  36 
-44  -38  0 
20  6  -12 
-6  26  -30 
-36  6  24 
-4  4  40 

//Reference=MNI 
//nullstudy_11
//Subjects=11
-10  -72  8 
-28  -26  -8 
2  62  -6 
-26  -98  -4 
-10  -14  10 
-38  46  -6 
30  62  2 
-32  -42  -52 

//Reference=MNI 
//nullstudy_12
//Subjects=11
-44  -14  8 
-24  -56  4 
24  26  46 
8  10  -12 
8  38  6 
-26  22  -12 
58  26  10 
-24  -100  -12 

//Reference=MNI 
//nullstudy_13
//Subjects=10
-12  6  42 
22  40  46 
20  24  50 
-8  44  -26 
-2  -26  36 
-46  -36  44 
-48  -26  46 
54  32  6 

//Reference=MNI 
//nullstudy_14
//Subjects=11
-50  -46  24 
-16  16  70 
-6  48  22 
40  2  -16 
-32  -80  -44 
-10  8  68 
-44  -38  46 
-38  -60  50 

//Reference=MNI 
//nullstudy_15
//Subjects=10
-16  -74  30 
46  54  2 
46  2  12 
-44  -70  -34 
-12  -14  52 
-62  -12  -2 
-46  -32  2 
0  36  -28 

//Reference=MNI 
//nullstudy_16
//Subjects=9
-30  0  -6 
42  42  -20 
-22  -52  44 
-28  -72  -10 
-12  14  -18 
-34  10  -6 
32  40  18 
6  62  -6 

//Reference=MNI 
//nullstudy_17
//Subjects=10
20  10  16 
10  16  -12 
-34  -54  -12 
6  58  -12 
-20  -74  0 
-8  -26  -12 
-10  -58  72 
-8  -38  42 

//Reference=MNI 
//nullstudy_18
//Subjects=10
48  2  44 
-16  -94  -4 
22  60  12 
-28  -76  24 
-8  56  0 
4  40  38 
30  44  32 
44  18  42 

//Reference=MNI 
//nullstudy_19
//Subjects=10
12  58  12 
-4  -96  4 
-20  12  70 
-36  36  20 
-24  14  -28 
-44  -62  10 
-36  -62  -56 
14  50  6 

//Reference=MNI 
//nullstudy_20
//Subjects=11
-16  -76  -58 
-24  -52  -30 
-24  -96  -14 
12  58  26 
-56  4  14 
-48  2  18 
-22  -46  48 
-14  -68  12 

//Reference=MNI 
//nullstudy_21
//Subjects=10
-48  -68  38 
-40  -12  -42 
-20  -88  38 
6  6  -6 
-18  -4  70 
-62  -2  4 
-38  -72  -46 
-6  34  -28 

//Reference=MNI 
//nullstudy_22
//Subjects=10
4  42  26 
-16  36  42 
-52  -56  50 
30  6  -28 
2  46  -2 
32  6  4 
-58  -42  28 
-26  10  -2 

//Reference=MNI 
//nullstudy_23
//Subjects=11
14  44  40 
-26  -6  -14 
-46  -46  -32 
32  48  26 
-60  -32  22 
-34  -60  -46 
-24  14  -8 
2  14  6 

//Reference=MNI 
//nullstudy_24
//Subjects=13
40  16  10 
-26  -26  58 
-54  -52  40 
-32  -46  44 
-34  -46  -42 
56  18  22 
36  38  36 
-32  44  20 

//Reference=MNI 
//nullstudy_25
//Subjects=11
-16  -82  -6 
-18  -40  54 
34  38  42 
-38  -70  46 
-6  -54  60 
6  52  14 
-22  -60  -54 
-6  -24  68 

//Reference=MNI 
//nullstudy_26
//Subjects=11
-38  -6  -8 
2  50  24 
-20  -92  24 
-30  36  24 
-20  -82  -24 
-32  36  -8 
-6  14  -8 
-16  -84  -10 

//Reference=MNI 
//nullstudy_27
//Subjects=10
60  4  20 
-38  -84  18 
-46  32  -12 
-56  -4  0 
-34  -74  50 
-14  34  46 
16  2  68 
-40  -68  40 

//Reference=MNI 
//nullstudy_28
//Subjects=9
-30  -44  -58 
-52  -30  -32 
0  26  44 
-28  -2  -40 
-14  40  54 
-52  -4  54 
-4  10  -14 
-4  -26  -34 

//Reference=MNI 
//nullstudy_29
//Subjects=11
-46  -8  34 
-40  -34  26 
-26  2  -30 
46  40  -10 
-40  -16  -8 
-48  40  -18 
-32  50  24 
20  52  -16 

//Reference=MNI 
//nullstudy_30
//Subjects=11
28  64  -2 
-28  -68  4 
-16  -32  12 
-10  48  46 
-16  -56  -22 
-46  -60  2 
-26  -76  50 
-26  46  -18 

//Reference=MNI 
//nullstudy_31
//Subjects=11
-52  2  -34 
10  46  52 
36  6  14 
34  14  26 
-22  0  -34 
0  18  32 
-40  -30  6 
-12  -16  28 

//Reference=MNI 
//nullstudy_32
//Subjects=11
-32  -64  56 
36  22  -22 
-12  56  6 
-44  -28  2 
-32  -30  60 
-10  20  44 
-34  4  -12 
-30  -48  -60 

//Reference=MNI 
//nullstudy_33
//Subjects=10
-20  26  62 
58  18  26 
48  32  14 
-46  10  -10 
2  22  28 
-14  -52  28 
36  46  6 
-16  50  42 

//Reference=MNI 
//nullstudy_34
//Subjects=9
-50  -34  26 
-18  -68  -6 
-56  -18  -6 
-30  8  -10 
-36  -58  46 
-8  -90  30 
-6  16  62 
-16  48  -22 

//Reference=MNI 
//nullstudy_35
//Subjects=11
-16  -38  0 
-4  64  28 
-22  -84  18 
-48  8  40 
44  58  -6 
2  20  -6 
18  18  12 
52  24  2 

//Reference=MNI 
//nullstudy_36
//Subjects=10
48  2  30 
-18  -66  30 
22  54  22 
44  12  12 
-48  -4  46 
0  34  36 
-48  -38  50 
32  30  -2 

//Reference=MNI 
//nullstudy_37
//Subjects=9
-34  -40  -2 
54  14  42 
-46  -56  -52 
-22  -32  -8 
-18  -92  28 
20  14  -18 
-16  -2  58 
-6  26  20 

//Reference=MNI 
//nullstudy_38
//Subjects=8
-10  -60  28 
-4  30  -22 
-12  12  -2 
34  4  -34 
-46  8  14 
-40  -78  12 
6  52  36 
-54  -54  40 

//Reference=MNI 
//nullstudy_39
//Subjects=10
-12  -48  42 
-38  -40  -50 
20  66  22 
-4  -4  64 
-56  14  34 
-28  -74  -40 
-6  0  0 
-14  -12  14 

//Reference=MNI 
//nullstudy_40
//Subjects=9
-14  -22  10 
-40  -36  24 
20  50  -10 
-28  26  6 
6  32  2 
16  22  16 
-46  14  46 
-20  -34  0 

//Reference=MNI 
//nullstudy_41
//Subjects=9
26  4  10 
36  44  28 
-52  30  12 
-8  -56  32 
-16  58  2 
-26  -6  48 
-18  -94  -10 
-52  -58  -30 

//Reference=MNI 
//nullstudy_42
//Subjects=10
-8  -100  0 
-22  -14  54 
-6  34  52 
-8  4  56 
-8  34  52 
48  48  8 
-10  -6  70 
-12  -42  74 

//Reference=MNI 
//nullstudy_43
//Subjects=9
14  64  10 
8  44  48 
44  36  -12 
-14  -48  -4 
-16  -72  -24 
36  6  46 
-28  -76  24 
-32  -46  36 

//Reference=MNI 
//nullstudy_44
//Subjects=10
-24  18  62 
0  16  66 
-54  -72  10 
-50  46  6 
-22  -60  50 
-60  2  30 
-6  -20  74 
34  24  -38 

//Reference=MNI 
//nullstudy_45
//Subjects=8
-40  -78  18 
-34  -56  -16 
-4  -38  34 
-26  -74  24 
6  22  38 
-56  28  22 
-28  -70  36 
-34  -76  18 

//Reference=MNI 
//nullstudy_46
//Subjects=8
-24  -62  20 
-16  -48  -8 
-40  -58  -4 
-40  -32  -24 
36  12  36 
26  62  -14 
-36  -52  -36 
-28  -90  6 

//Reference=MNI 
//nullstudy_47
//Subjects=10
-26  -38  -42 
-20  -86  -2 
4  44  28 
-14  -30  -38 
-62  -48  -16 
20  20  50 
-30  -20  -10 
-60  -38  0 

//Reference=MNI 
//nullstudy_48
//Subjects=10
-4  0  50 
66  4  24 
24  58  -8 
-38  34  -18 
-32  -10  -2 
52  46  -8 
-6  42  -14 
-46  -64  -14 

//Reference=MNI 
//nullstudy_49
//Subjects=10
36  16  62 
-16  -50  0 
-22  -32  -2 
-22  -58  -30 
-24  54  -4 
-54  -52  30 
-36  -16  46 
2  8  12 

//Reference=MNI 
//nullstudy_50
//Subjects=10
58  18  28 
-50  -64  -40 
-62  -36  18 
-34  40  18 
0  64  -12 
-28  -12  -24 
-8  -48  -62 
16  44  18 

//Reference=MNI 
//nullstudy_51
//Subjects=10
-62  4  18 
-24  -38  -42 
-28  12  -4 
-8  10  70 
-14  -56  -6 
-20  -44  -18 
-42  -64  20 
-16  -70  -6 

//Reference=MNI 
//nullstudy_52
//Subjects=10
22  36  -22 
-24  -30  -40 
-22  22  50 
42  10  20 
42  24  -10 
-8  44  24 
-14  -42  -42 
-36  46  -14 

//Reference=MNI 
//nullstudy_53
//Subjects=10
-38  -22  -14 
-8  -20  -30 
38  38  -10 
32  54  28 
-28  -28  -28 
-28  -72  -14 
36  10  46 
-12  -70  14 

//Reference=MNI 
//nullstudy_54
//Subjects=10
-6  -12  12 
-6  26  26 
40  22  34 
-20  -80  -24 
-60  -64  -6 
12  42  18 
48  34  16 
-20  -30  64 

//Reference=MNI 
//nullstudy_55
//Subjects=10
18  12  12 
30  50  0 
-12  -80  -22 
14  44  32 
-34  -24  22 
6  12  32 
-36  2  14 
-22  -76  -36 

//Reference=MNI 
//nullstudy_56
//Subjects=10
-40  26  -2 
-46  -32  2 
-34  -46  46 
-8  -84  -40 
-24  -72  -6 
24  34  -16 
-6  -2  74 
-52  0  -24 

//Reference=MNI 
//nullstudy_57
//Subjects=10
-8  -30  56 
-32  -24  22 
-34  2  -34 
-36  -88  22 
8  50  40 
-2  8  56 
-4  4  62 
40  52  24 

//Reference=MNI 
//nullstudy_58
//Subjects=10
-48  -10  -18 
-56  -62  -26 
-18  -42  -10 
-6  2  32 
-46  -14  18 
-10  -80  -48 
-12  32  30 
2  60  -18 

//Reference=MNI 
//nullstudy_59
//Subjects=8
-14  -46  -42 
-10  48  6 
-50  -8  2 
-8  -36  -52 
-6  0  74 
44  10  32 
-32  60  4 
-12  -78  34 

//Reference=MNI 
//nullstudy_60
//Subjects=9
-56  -16  40 
-26  -48  -58 
-36  -16  -20 
-10  -52  54 
2  22  28 
40  28  4 
-8  -58  -16 
-28  -56  48 

//Reference=MNI 
//nullstudy_61
//Subjects=10
-28  -14  -20 
14  6  52 
-24  8  -12 
-26  -10  -36 
-10  -46  38 
-54  -2  -24 
-2  34  38 
-20  54  -4 

//Reference=MNI 
//nullstudy_62
//Subjects=10
-24  -8  56 
-6  10  44 
-4  -30  68 
-20  0  -10 
8  30  48 
-20  -46  -2 
-12  -54  28 
-20  -34  -34 

//Reference=MNI 
//nullstudy_63
//Subjects=9
-30  38  42 
14  50  -6 
-32  -64  24 
-68  -16  2 
32  32  2 
-6  -42  -30 
-10  -82  2 
-10  -50  -44 

//Reference=MNI 
//nullstudy_64
//Subjects=10
-2  -90  20 
-10  -42  44 
48  12  4 
-2  -38  34 
-34  14  4 
-64  -56  20 
-36  -52  42 
-50  -60  -6 

//Reference=MNI 
//nullstudy_65
//Subjects=11
-66  -44  4 
-8  -78  -12 
4  50  -26 
-4  -56  14 
-14  34  -28 
52  8  22 
42  18  -6 
42  6  58 

//Reference=MNI 
//nullstudy_66
//Subjects=10
-26  -64  0 
46  18  38 
-26  -82  8 
-48  -72  -8 
-42  -62  -2 
-10  -58  4 
-16  70  8 
20  32  44 

//Reference=MNI 
//nullstudy_67
//Subjects=9
-32  -28  52 
-48  -4  56 
-30  24  -30 
-8  -12  50 
-58  -6  34 
-36  -48  46 
-4  -58  12 
-2  -86  10 

//Reference=MNI 
//nullstudy_68
//Subjects=10
-42  10  32 
52  28  34 
-30  -10  48 
-8  -12  2 
-18  -24  2 
-14  -62  34 
38  32  10 
44  36  16 

//Reference=MNI 
//nullstudy_69
//Subjects=11
36  8  34 
-64  -34  22 
-36  -78  24 
0  6  -24 
-54  -12  2 
-32  -56  -6 
-50  -12  56 
-40  12  58 

//Reference=MNI 
//nullstudy_70
//Subjects=10
-42  18  22 
16  20  60 
38  30  -18 
-18  10  -36 
2  46  -14 
24  44  22 
-24  -78  -40 
14  38  10 

//Reference=MNI 
//nullstudy_71
//Subjects=11
-32  -44  -36 
34  8  12 
20  56  14 
-42  -4  -2 
-38  -82  -22 
4  26  -14 
-10  68  12 
-40  16  -4 

//Reference=MNI 
//nullstudy_72
//Subjects=9
-32  -26  66 
-2  -42  14 
-22  -14  -38 
20  28  50 
-52  -72  6 
-30  -96  4 
44  50  -8 
4  26  -28 

//Reference=MNI 
//nullstudy_73
//Subjects=11
-16  -62  -52 
-32  22  56 
-52  6  -34 
-26  62  20 
-30  -88  -24 
-38  0  -48 
-12  -44  -46 
-18  -64  0 

//Reference=MNI 
//nullstudy_74
//Subjects=11
-30  -30  74 
-24  -78  22 
-40  -36  12 
-4  -86  -38 
-50  0  10 
-2  -68  -42 
-8  -48  40 
-20  -62  44 

//Reference=MNI 
//nullstudy_75
//Subjects=9
12  50  -24 
-28  -52  -36 
58  4  -2 
56  2  -8 
-8  -60  54 
-62  -36  -12 
-28  -34  52 
-38  40  38 

//Reference=MNI 
//nullstudy_76
//Subjects=10
-8  -86  -46 
-24  -82  -4 
48  14  -16 
-46  -48  2 
46  8  6 
-10  30  -12 
-62  -26  0 
-20  44  36 

//Reference=MNI 
//nullstudy_77
//Subjects=8
-50  -36  22 
-30  -58  -2 
12  16  16 
-34  -26  46 
-42  20  -26 
-52  -36  -26 
-22  46  38 
-10  28  22 

//Reference=MNI 
//nullstudy_78
//Subjects=10
30  28  6 
-2  -90  4 
46  12  30 
-26  -62  58 
-6  44  -6 
30  48  12 
-34  -2  48 
-16  -14  74 

//Reference=MNI 
//nullstudy_79
//Subjects=10
-4  -82  6 
26  6  -26 
-8  6  48 
-44  -72  -16 
-70  -30  2 
-18  40  42 
52  16  -28 
58  2  -8 

//Reference=MNI 
//nullstudy_80
//Subjects=11
-20  16  4 
-44  2  14 
46  26  24 
-14  -6  -30 
-28  0  48 
0  52  10 
-54  -38  6 
-44  -50  4 

//Reference=MNI 
//nullstudy_81
//Subjects=10
6  46  16 
-48  -60  -34 
-20  -32  12 
-50  20  22 
52  16  4 
-36  -48  -28 
12  60  -12 
-28  -96  -2 

//Reference=MNI 
//nullstudy_82
//Subjects=9
-4  -48  -70 
-14  -72  42 
-62  -6  2 
-54  -72  -22 
-50  -10  36 
-36  -56  -14 
-20  -34  64 
-22  66  10 

//Reference=MNI 
//nullstudy_83
//Subjects=9
-34  8  -44 
38  12  -12 
-50  -14  -44 
-62  -4  6 
34  28  40 
-22  -60  -10 
-68  -32  -6 
-16  -60  36 

//Reference=MNI 
//nullstudy_84
//Subjects=10
-8  44  -4 
-22  -74  -14 
-12  -14  54 
-56  -52  4 
-34  -16  52 
-30  -84  -4 
18  4  -14 
-6  -22  80 

//Reference=MNI 
//nullstudy_85
//Subjects=12
-18  -6  62 
46  40  10 
2  4  44 
12  42  16 
-68  -32  12 
-18  -80  -54 
-22  -84  24 
-54  -18  -16 

//Reference=MNI 
//nullstudy_86
//Subjects=12
-6  -26  -8 
6  6  -2 
-8  -30  -36 
-50  -4  0 
38  42  20 
14  2  -14 
12  30  56 
-56  6  -22 

//Reference=MNI 
//nullstudy_87
//Subjects=11
-22  16  -2 
-28  -100  8 
40  32  26 
-8  -62  -34 
-44  -86  4 
-4  -64  -28 
-2  -10  70 
-24  -46  70 

//Reference=MNI 
//nullstudy_88
//Subjects=10
-34  -22  -22 
-6  -18  70 
-38  -38  -36 
-10  -54  -32 
-34  2  4 
32  16  30 
-40  -40  14 
18  60  14 

//Reference=MNI 
//nullstudy_89
//Subjects=10
-66  -50  16 
-10  -16  72 
-48  42  4 
14  24  -26 
-8  -58  48 
-64  -16  26 
-44  22  0 
-30  26  -2 

//Reference=MNI 
//nullstudy_90
//Subjects=9
-62  -18  40 
-4  16  64 
-2  -56  16 
-40  -70  48 
-20  -58  10 
-10  -64  -44 
-32  -86  -34 
-20  -78  24 

//Reference=MNI 
//nullstudy_91
//Subjects=10
34  8  46 
-42  -44  10 
-4  58  30 
-48  -48  50 
-2  -60  70 
-12  -20  64 
50  14  -18 
-24  42  30 

//Reference=MNI 
//nullstudy_92
//Subjects=9
-54  -66  -14 
-30  24  34 
-4  -10  -12 
-34  -18  52 
-10  -78  -42 
-36  -94  2 
-24  -8  -50 
14  46  22 

//Reference=MNI 
//nullstudy_93
//Subjects=11
-58  -4  44 
-34  -12  -2 
-28  22  44 
-2  -54  -64 
8  26  -14 
-8  -44  -56 
-52  6  -32 
-68  -24  -2 

//Reference=MNI 
//nullstudy_94
//Subjects=9
-62  -2  2 
36  4  16 
48  12  -4 
-50  16  28 
-48  -34  40 
-6  46  -10 
-6  52  40 
-52  -4  -36 

//Reference=MNI 
//nullstudy_95
//Subjects=9
-66  -28  6 
-8  56  0 
14  20  -28 
-4  -62  62 
-10  14  -22 
-42  -10  -28 
-12  -34  40 
-16  -62  -52 

//Reference=MNI 
//nullstudy_96
//Subjects=9
-12  -50  -20 
14  24  -10 
36  30  0 
-40  -36  52 
-66  -12  18 
-62  -26  12 
-2  10  -6 
-14  64  10 

//Reference=MNI 
//nullstudy_97
//Subjects=10
-26  16  10 
-6  -70  44 
-14  -20  -22 
-64  -18  -22 
-12  -48  30 
-2  -34  4 
-44  -76  -14 
10  30  50 

//Reference=MNI 
//nullstudy_98
//Subjects=9
-22  66  -8 
-28  2  58 
-20  6  50 
34  52  26 
-38  -20  60 
-64  -40  -12 
-48  -34  10 
-44  -26  60 

//Reference=MNI 
//nullstudy_99
//Subjects=11
-10  -28  10 
-14  62  -16 
-2  -52  14 
-60  -52  14 
-18  -86  -28 
-14  -64  0 
-32  6  -36 
-40  -90  0 

//Reference=MNI 
//nullstudy_100
//Subjects=9
36  18  56 
-10  -76  38 
-6  54  4 
-68  -18  -12 
-36  14  -2 
-40  -16  34 
-34  -66  -28 
30  14  64 

