//Reference=MNI 
//truestudy_1
//Subjects=10
47  -64  -6 
44  -68  -7 
46  -66  -4 
44  -67  -5 
46  -66  -6 
46  -66  -6 
46  -66  -5 
45  -67  -7 

//Reference=MNI 
//truestudy_2
//Subjects=9
47  -65  -8 
46  -66  -6 
47  -67  -6 
45  -66  -6 
45  -65  -8 
45  -67  -8 
45  -67  -6 
46  -67  -7 

//Reference=MNI 
//truestudy_3
//Subjects=10
45  -68  -7 
46  -65  -6 
45  -67  -6 
47  -66  -7 
46  -65  -7 
45  -66  -5 
45  -66  -6 
46  -66  -6 

//Reference=MNI 
//nullstudy_1
//Subjects=10
-46  32  28 
-42  -44  -44 
46  4  -4 
-26  -36  -42 
-34  10  10 
-10  -22  48 
-44  -24  -4 
4  8  -18 

//Reference=MNI 
//nullstudy_2
//Subjects=9
-14  -6  20 
-2  -62  8 
-42  -4  36 
42  38  -8 
-64  -42  -24 
-18  40  -16 
-50  -72  -20 
-20  4  6 

//Reference=MNI 
//nullstudy_3
//Subjects=10
-2  -48  -10 
8  54  -12 
-26  56  -14 
-18  26  48 
-38  32  34 
-36  -72  -8 
34  10  -14 
-58  -58  4 

//Reference=MNI 
//nullstudy_4
//Subjects=12
6  10  10 
-10  -68  -8 
-46  -36  -2 
18  40  32 
-52  -36  20 
-40  -70  -56 
-58  -56  0 
-40  -54  6 

//Reference=MNI 
//nullstudy_5
//Subjects=10
-14  -26  26 
-40  -20  -22 
54  2  40 
-6  40  52 
-10  -84  16 
-10  -60  4 
-26  -64  52 
-4  -22  22 

//Reference=MNI 
//nullstudy_6
//Subjects=9
-58  -30  44 
-42  -34  14 
34  4  -14 
30  24  -28 
-60  -22  26 
-30  -44  -28 
0  20  68 
44  38  18 

//Reference=MNI 
//nullstudy_7
//Subjects=10
-26  -62  30 
-36  44  -20 
-8  -26  54 
24  12  -14 
-28  44  -14 
32  20  -24 
32  6  2 
-20  8  -16 

//Reference=MNI 
//nullstudy_8
//Subjects=9
-34  -44  48 
-40  14  22 
0  16  66 
-36  42  24 
28  36  52 
-30  6  -16 
-56  -54  8 
-38  -52  62 

//Reference=MNI 
//nullstudy_9
//Subjects=11
36  56  -14 
-10  -46  -54 
-18  -58  -4 
-12  18  -30 
-32  -66  -60 
24  10  58 
-4  32  2 
28  12  62 

//Reference=MNI 
//nullstudy_10
//Subjects=9
-30  -36  -22 
-18  -78  -52 
-30  16  42 
-40  -26  2 
20  66  22 
-44  0  50 
-60  -18  20 
-8  -78  18 

//Reference=MNI 
//nullstudy_11
//Subjects=11
-62  6  -2 
6  48  4 
-6  -66  62 
-16  -78  24 
-18  -78  -30 
-12  -52  -4 
-2  -24  -12 
-56  -64  -2 

//Reference=MNI 
//nullstudy_12
//Subjects=10
-64  -24  18 
14  12  66 
-20  60  10 
-46  -62  2 
26  46  34 
-58  -36  48 
-28  10  -36 
-14  -8  -24 

//Reference=MNI 
//nullstudy_13
//Subjects=10
-58  8  -8 
-52  -20  -36 
-32  -66  -32 
-10  -42  62 
-30  -68  50 
-18  -94  -18 
-52  -60  -28 
-38  -28  18 

//Reference=MNI 
//nullstudy_14
//Subjects=11
-6  26  66 
-58  6  -4 
-16  16  2 
-4  -78  -6 
-28  -2  70 
-66  -44  20 
-2  -66  16 
-56  4  34 

//Reference=MNI 
//nullstudy_15
//Subjects=8
8  34  8 
-68  -14  10 
-6  -38  4 
-8  -70  34 
-30  -40  2 
-14  -84  -12 
-20  -32  -38 
50  2  -42 

//Reference=MNI 
//nullstudy_16
//Subjects=11
-68  -30  -2 
30  34  -14 
-58  0  0 
-40  -54  -54 
-52  -24  54 
-34  -26  4 
-20  64  -14 
-50  -38  32 

//Reference=MNI 
//nullstudy_17
//Subjects=12
-40  -28  8 
40  58  0 
-50  24  32 
-40  -70  -34 
-64  -46  -2 
22  20  52 
36  28  -20 
-6  -68  18 

//Reference=MNI 
//nullstudy_18
//Subjects=11
42  42  14 
-2  18  54 
-50  -64  38 
-12  -50  -60 
-62  -46  28 
-28  -78  8 
-48  2  -20 
-4  -14  34 

//Reference=MNI 
//nullstudy_19
//Subjects=10
-42  -48  8 
-32  -28  -16 
-22  -100  -10 
28  50  36 
-22  48  -10 
-16  -62  12 
-12  -26  16 
-2  -74  28 

//Reference=MNI 
//nullstudy_20
//Subjects=9
-30  6  62 
-48  4  44 
-44  -6  -48 
-14  -78  10 
-48  -16  14 
2  64  18 
-40  -6  -14 
-18  -54  10 

//Reference=MNI 
//nullstudy_21
//Subjects=12
2  24  40 
-58  -64  22 
-56  -24  -14 
-10  66  20 
-18  -30  8 
10  58  -4 
14  4  48 
28  66  12 

//Reference=MNI 
//nullstudy_22
//Subjects=10
38  60  12 
-16  -6  26 
-12  12  -8 
-2  36  38 
-4  -50  42 
22  36  26 
-34  36  28 
-62  -36  -14 

//Reference=MNI 
//nullstudy_23
//Subjects=11
-22  54  -20 
-52  -72  22 
-62  -60  -2 
-34  54  -2 
-16  10  70 
26  16  -6 
-48  42  -14 
16  32  52 

//Reference=MNI 
//nullstudy_24
//Subjects=9
40  14  -20 
-30  64  -4 
-6  -66  40 
-4  -30  -46 
-52  -10  28 
-26  -88  32 
54  38  -6 
-54  -46  -4 

//Reference=MNI 
//nullstudy_25
//Subjects=8
28  2  4 
22  16  -26 
-60  -32  44 
-52  -40  2 
-22  -34  66 
-10  -60  -36 
8  32  -20 
-16  -22  -26 

//Reference=MNI 
//nullstudy_26
//Subjects=10
-46  10  24 
20  20  56 
-22  -64  -12 
-42  16  2 
-50  -58  16 
-14  48  40 
28  22  42 
-2  -32  -12 

//Reference=MNI 
//nullstudy_27
//Subjects=11
50  6  -6 
-6  -84  -30 
18  10  20 
-10  -32  80 
40  18  28 
10  56  34 
-42  -74  16 
54  6  26 

//Reference=MNI 
//nullstudy_28
//Subjects=11
-42  18  -32 
-56  6  36 
-2  -4  18 
-18  -86  -20 
-18  14  -10 
-58  18  4 
-10  -70  44 
-14  52  28 

//Reference=MNI 
//nullstudy_29
//Subjects=10
12  20  -20 
-42  12  -26 
42  46  20 
32  26  50 
18  20  66 
30  16  32 
-18  -46  -16 
-14  -18  72 

//Reference=MNI 
//nullstudy_30
//Subjects=10
-50  26  36 
-4  -54  50 
-4  -14  -10 
36  2  60 
-6  12  34 
-14  -52  -26 
-4  -28  80 
-10  -100  18 

//Reference=MNI 
//nullstudy_31
//Subjects=11
58  6  12 
-46  -34  62 
28  42  44 
-36  -2  34 
-4  -76  -32 
-58  -68  4 
40  22  -16 
-12  -34  56 

//Reference=MNI 
//nullstudy_32
//Subjects=7
-48  8  36 
-40  -86  -16 
-4  -82  -36 
-40  22  36 
-28  18  -38 
36  40  -8 
-10  -46  30 
-36  -50  -32 

//Reference=MNI 
//nullstudy_33
//Subjects=8
-28  -16  2 
-8  -84  -16 
-58  -44  38 
-28  -84  -20 
6  46  4 
30  6  62 
-68  -34  -14 
-12  20  6 

//Reference=MNI 
//nullstudy_34
//Subjects=9
4  34  38 
-54  -46  -30 
-34  -90  -26 
-58  -28  -22 
10  44  54 
-20  -8  -44 
-30  36  40 
-6  32  58 

//Reference=MNI 
//nullstudy_35
//Subjects=10
-60  -4  36 
-58  -50  4 
-24  -80  36 
-4  -16  -28 
-14  24  -24 
-26  -48  -8 
-4  -102  4 
-26  -46  -4 

//Reference=MNI 
//nullstudy_36
//Subjects=10
50  10  10 
-62  -14  -34 
-6  -60  -28 
-48  2  6 
-26  48  -8 
50  10  32 
-20  52  36 
-32  -48  58 

//Reference=MNI 
//nullstudy_37
//Subjects=10
48  42  -12 
-12  -8  -14 
-52  38  -8 
-22  -28  54 
-46  50  -6 
-62  -48  22 
58  6  -12 
-6  -12  8 

//Reference=MNI 
//nullstudy_38
//Subjects=11
10  8  40 
-2  -36  66 
-48  -20  -32 
-28  -56  -34 
-4  50  -6 
-62  -32  16 
-20  -66  -20 
34  32  -24 

//Reference=MNI 
//nullstudy_39
//Subjects=9
-52  -20  -18 
14  60  0 
-18  -92  -8 
-48  -18  -26 
-28  -70  36 
-52  -76  -16 
-16  -38  72 
-44  -56  10 

//Reference=MNI 
//nullstudy_40
//Subjects=10
-16  -6  -38 
-4  28  -14 
6  12  58 
-8  -90  2 
-16  64  28 
-30  -24  -16 
-30  -66  -32 
-4  6  40 

//Reference=MNI 
//nullstudy_41
//Subjects=9
-42  -22  38 
18  12  12 
-14  44  -24 
-22  -16  58 
-18  -60  -38 
28  40  -10 
-54  -34  -8 
-8  -96  -20 

//Reference=MNI 
//nullstudy_42
//Subjects=11
-32  -58  -12 
-48  -68  4 
-52  -32  32 
-38  -90  -2 
-4  10  50 
-36  -4  6 
-36  -68  -42 
-18  -12  -28 

//Reference=MNI 
//nullstudy_43
//Subjects=10
-66  -10  4 
10  16  62 
-54  -46  -20 
-18  58  28 
-2  -42  -46 
-48  -16  -12 
-6  -84  32 
-28  -100  -6 

//Reference=MNI 
//nullstudy_44
//Subjects=8
2  58  12 
-14  -24  -10 
-62  -48  -2 
-18  -78  32 
-40  -8  16 
-32  36  12 
28  52  26 
-6  -54  -56 

//Reference=MNI 
//nullstudy_45
//Subjects=12
50  24  -12 
14  54  -6 
-6  -68  24 
60  14  -8 
-42  -36  -28 
-28  20  -22 
-2  26  -12 
-4  -28  54 

//Reference=MNI 
//nullstudy_46
//Subjects=11
-12  -50  -28 
-48  -50  12 
-26  36  22 
60  4  -18 
42  28  -6 
-36  -68  38 
52  8  -22 
-50  -14  -32 

//Reference=MNI 
//nullstudy_47
//Subjects=8
-22  -48  60 
-6  -32  -6 
-52  -26  14 
-28  -6  68 
-46  20  20 
-22  -42  -10 
0  64  20 
22  58  10 

//Reference=MNI 
//nullstudy_48
//Subjects=8
-46  -60  30 
-48  -44  -44 
-6  46  28 
-28  -70  -52 
18  42  52 
-4  -54  68 
-6  -26  0 
-50  -8  -44 

//Reference=MNI 
//nullstudy_49
//Subjects=10
-62  -54  -10 
-4  -22  -20 
-16  -36  58 
-38  -80  -28 
-28  -82  26 
18  14  -10 
-62  -24  30 
-48  -64  4 

//Reference=MNI 
//nullstudy_50
//Subjects=10
-20  42  48 
48  2  -6 
12  6  8 
-10  -42  34 
-42  22  28 
-68  -50  4 
24  2  -46 
-6  -36  44 

//Reference=MNI 
//nullstudy_51
//Subjects=9
-2  -40  64 
16  46  16 
-52  -28  -20 
-22  -78  42 
30  22  60 
-56  0  6 
-10  58  2 
-8  -82  -10 

//Reference=MNI 
//nullstudy_52
//Subjects=11
0  52  26 
46  50  10 
-20  -46  16 
-30  -4  -30 
-14  52  0 
-56  14  2 
-36  -8  -16 
0  6  28 

//Reference=MNI 
//nullstudy_53
//Subjects=9
-46  -18  -12 
-6  -8  10 
2  18  34 
-60  -36  46 
-12  -12  60 
-62  -10  8 
-22  58  32 
-6  -36  30 

//Reference=MNI 
//nullstudy_54
//Subjects=10
-38  -36  48 
-54  -60  6 
-8  28  50 
6  6  56 
-54  -74  4 
-2  48  -2 
-6  -28  -26 
-28  -50  -56 

//Reference=MNI 
//nullstudy_55
//Subjects=10
-28  36  36 
46  56  -2 
-24  -10  58 
62  18  20 
-14  -34  -48 
-10  -50  -50 
-38  -54  -8 
-42  54  -12 

//Reference=MNI 
//nullstudy_56
//Subjects=10
-38  -36  40 
-2  -48  -14 
-18  10  70 
-16  -60  -20 
-20  -28  24 
-14  -16  44 
-16  -68  -52 
-36  -28  -10 

//Reference=MNI 
//nullstudy_57
//Subjects=8
-42  -84  10 
-36  -44  -6 
28  8  -30 
-42  26  42 
-36  16  38 
-28  2  -40 
-8  2  20 
-38  -38  20 

//Reference=MNI 
//nullstudy_58
//Subjects=8
26  16  -44 
-18  -30  6 
-30  -84  -2 
-40  -72  14 
6  54  4 
44  26  42 
-26  -38  -16 
-32  60  8 

//Reference=MNI 
//nullstudy_59
//Subjects=9
-32  -84  -18 
28  44  40 
-10  14  48 
28  44  30 
-34  -48  42 
-4  -34  -26 
-16  -48  32 
-8  -26  -18 

//Reference=MNI 
//nullstudy_60
//Subjects=10
-10  -92  -18 
-44  -80  -12 
32  26  -28 
2  40  -14 
-50  -62  16 
-36  2  2 
-2  8  -4 
-56  0  -14 

//Reference=MNI 
//nullstudy_61
//Subjects=9
36  48  -8 
-10  -86  30 
-44  10  10 
14  56  24 
12  26  -16 
30  14  -14 
-2  -44  50 
-18  -64  -6 

//Reference=MNI 
//nullstudy_62
//Subjects=10
-12  -76  52 
32  14  14 
-34  -62  -52 
-44  48  0 
-58  -42  28 
-38  56  -8 
-50  18  -6 
-10  46  34 

//Reference=MNI 
//nullstudy_63
//Subjects=10
40  24  48 
30  2  48 
8  16  16 
-46  -22  -30 
6  58  8 
-10  24  44 
-2  -38  -6 
-54  0  -2 

//Reference=MNI 
//nullstudy_64
//Subjects=10
38  50  8 
48  2  -40 
14  60  8 
-46  -14  38 
24  8  6 
-36  -82  -26 
-42  14  2 
-4  -56  -64 

//Reference=MNI 
//nullstudy_65
//Subjects=10
-52  -44  -4 
-18  -24  -28 
-30  -26  66 
8  48  -22 
16  70  -2 
-8  -10  76 
-38  -8  -38 
24  10  44 

//Reference=MNI 
//nullstudy_66
//Subjects=10
-60  -40  14 
2  48  52 
-48  -28  20 
-8  -76  22 
-14  -42  56 
-26  8  -10 
-18  -34  12 
-38  42  8 

//Reference=MNI 
//nullstudy_67
//Subjects=12
-50  -70  10 
-48  8  50 
-22  0  -38 
44  6  -14 
-8  16  6 
-28  -34  -6 
2  16  52 
-20  -46  10 

//Reference=MNI 
//nullstudy_68
//Subjects=11
-62  -6  16 
-34  56  8 
-8  26  38 
-18  50  36 
-30  -56  -14 
-24  -16  76 
-18  -88  -40 
-30  -38  -34 

//Reference=MNI 
//nullstudy_69
//Subjects=10
-54  -12  -2 
-18  56  -18 
46  14  -16 
-2  -42  64 
-32  -94  10 
-66  -18  20 
28  46  16 
-4  -20  14 

//Reference=MNI 
//nullstudy_70
//Subjects=9
-46  10  -30 
-38  -30  38 
-30  -10  -26 
-40  18  18 
-38  -12  64 
-44  12  52 
-32  4  60 
-14  -52  -28 

//Reference=MNI 
//nullstudy_71
//Subjects=10
-58  6  -16 
-18  -90  16 
-2  -56  -32 
-2  24  -30 
-50  40  -6 
-40  26  50 
-42  -48  -36 
-6  38  26 

//Reference=MNI 
//nullstudy_72
//Subjects=10
-18  -52  10 
12  4  -14 
22  38  40 
6  48  -16 
30  18  2 
-12  -66  -14 
32  4  42 
-50  14  10 

//Reference=MNI 
//nullstudy_73
//Subjects=11
-8  -14  4 
16  16  20 
-4  -52  20 
-54  -10  0 
-42  8  0 
-18  -92  -38 
-34  -70  -58 
-6  32  26 

//Reference=MNI 
//nullstudy_74
//Subjects=10
34  12  -12 
30  8  4 
-14  -12  10 
42  54  18 
-26  -76  -38 
-34  -26  64 
-30  -88  36 
-12  6  58 

//Reference=MNI 
//nullstudy_75
//Subjects=10
-50  -4  -26 
-16  54  -12 
-20  -90  -6 
-2  -22  -16 
-12  -44  -50 
-10  -12  -14 
-22  -42  -4 
-14  -68  52 

//Reference=MNI 
//nullstudy_76
//Subjects=11
-52  16  -30 
2  34  30 
-30  -44  -50 
-4  -40  -30 
4  54  -8 
-50  -18  8 
-18  -98  -2 
-28  40  -18 

//Reference=MNI 
//nullstudy_77
//Subjects=10
-6  26  46 
-18  -90  22 
-28  46  32 
14  2  62 
52  14  32 
-28  10  14 
40  34  -8 
-64  -30  -6 

//Reference=MNI 
//nullstudy_78
//Subjects=11
-4  -74  -10 
-46  2  40 
-8  36  8 
-14  -2  60 
4  40  50 
14  32  18 
-62  4  0 
-52  32  4 

//Reference=MNI 
//nullstudy_79
//Subjects=7
-26  -58  -36 
-18  -102  6 
-26  -54  10 
32  2  -16 
2  12  24 
24  32  -22 
-42  4  44 
-46  -14  -40 

//Reference=MNI 
//nullstudy_80
//Subjects=9
16  52  6 
-6  -52  -40 
-12  32  34 
48  36  -10 
16  18  64 
-26  -68  30 
-40  56  10 
42  30  30 

//Reference=MNI 
//nullstudy_81
//Subjects=11
-28  -38  -30 
40  8  4 
-16  22  52 
6  6  -2 
34  10  -32 
-30  -76  -48 
6  22  48 
-18  2  -44 

//Reference=MNI 
//nullstudy_82
//Subjects=11
-68  -16  0 
16  54  42 
-44  12  -10 
-28  -84  28 
-30  -42  -52 
-8  62  -16 
26  22  -34 
-28  -60  -32 

//Reference=MNI 
//nullstudy_83
//Subjects=10
-12  38  24 
42  32  34 
-62  -60  -6 
-30  -12  -12 
4  30  20 
12  18  4 
-40  36  32 
-24  62  12 

//Reference=MNI 
//nullstudy_84
//Subjects=9
-16  -42  58 
-6  -40  -58 
-36  -80  -10 
-26  -54  -26 
18  8  -14 
-26  -4  12 
-28  54  -14 
-8  -32  72 

//Reference=MNI 
//nullstudy_85
//Subjects=11
-30  50  10 
10  24  64 
32  44  6 
-18  18  -22 
-38  -8  6 
-62  -28  0 
-58  -22  52 
2  50  4 

//Reference=MNI 
//nullstudy_86
//Subjects=9
38  12  -14 
-8  52  0 
2  24  -8 
-46  -22  54 
-12  26  52 
52  2  -22 
-2  -98  -10 
-8  -60  36 

//Reference=MNI 
//nullstudy_87
//Subjects=10
-4  34  -22 
42  14  -14 
-6  -82  40 
-6  -46  48 
34  52  8 
-66  -42  2 
-6  -74  34 
-54  -18  44 

//Reference=MNI 
//nullstudy_88
//Subjects=9
-56  -56  -14 
-6  12  18 
-14  -84  -22 
-28  -80  -22 
20  52  14 
-42  30  -4 
-34  18  38 
-4  48  52 

//Reference=MNI 
//nullstudy_89
//Subjects=10
-18  4  -16 
-4  -24  -14 
-18  -90  -14 
-2  -8  50 
-38  -24  18 
-42  -52  58 
20  10  -32 
-58  0  2 

//Reference=MNI 
//nullstudy_90
//Subjects=10
-6  -50  68 
28  16  -42 
-22  58  -6 
-12  -34  -2 
-26  58  -14 
-32  -62  54 
-2  -82  20 
42  26  16 

//Reference=MNI 
//nullstudy_91
//Subjects=9
-40  -64  -36 
-60  -32  -28 
-52  -54  14 
28  42  -12 
-4  30  22 
-42  -6  -36 
-2  28  24 
-24  -2  54 

//Reference=MNI 
//nullstudy_92
//Subjects=11
4  4  74 
-22  -94  -14 
-8  -56  -2 
-10  -38  0 
-44  34  12 
-2  -14  26 
10  8  62 
-28  -66  -32 

//Reference=MNI 
//nullstudy_93
//Subjects=10
-48  -32  54 
-16  -52  -42 
-4  16  -26 
-38  20  36 
40  10  52 
40  46  10 
-12  -66  -18 
-56  -26  2 

//Reference=MNI 
//nullstudy_94
//Subjects=12
-22  -74  52 
-12  -82  42 
-8  -22  -28 
-18  56  -4 
48  18  -36 
-22  -50  -4 
-60  -8  -20 
-14  -26  12 

//Reference=MNI 
//nullstudy_95
//Subjects=10
-30  22  -18 
10  40  -10 
-12  58  36 
34  64  0 
42  60  -4 
-42  -40  -14 
-34  -16  4 
-26  22  -2 

//Reference=MNI 
//nullstudy_96
//Subjects=11
-46  -64  52 
-34  -72  32 
-36  -66  38 
-2  -48  20 
-50  -28  -12 
-18  -94  8 
-32  -72  -10 
16  10  58 

//Reference=MNI 
//nullstudy_97
//Subjects=10
-58  -26  -10 
-48  -6  58 
6  12  32 
-46  -50  54 
-48  -28  60 
-6  -6  2 
-10  -28  -42 
-24  -90  -20 

//Reference=MNI 
//nullstudy_98
//Subjects=10
-20  -62  -2 
-24  -52  -36 
-48  0  -6 
-32  -74  42 
-2  -84  -16 
-56  -36  4 
-6  -82  -32 
-46  34  28 

//Reference=MNI 
//nullstudy_99
//Subjects=8
-4  -44  -54 
-16  -92  0 
-10  -68  40 
-2  -38  -52 
22  12  66 
-44  -60  -32 
-28  -16  -34 
-10  16  58 

//Reference=MNI 
//nullstudy_100
//Subjects=9
0  54  2 
-24  -20  60 
-44  26  16 
-40  -6  -10 
-40  -52  48 
-6  -72  -30 
-4  -40  -36 
6  26  14 

