//Reference=MNI 
//truestudy_1
//Subjects=10
45  -66  -6 
46  -66  -7 
46  -65  -5 
44  -66  -7 
47  -65  -6 
46  -67  -7 
45  -66  -7 
48  -66  -6 

//Reference=MNI 
//truestudy_2
//Subjects=9
44  -66  -6 
46  -68  -6 
45  -66  -5 
47  -69  -7 
46  -65  -8 
46  -66  -6 
46  -66  -5 
47  -66  -6 

//Reference=MNI 
//truestudy_3
//Subjects=10
48  -65  -6 
46  -67  -7 
46  -64  -5 
48  -65  -5 
45  -65  -7 
47  -65  -6 
45  -65  -7 
47  -66  -7 

//Reference=MNI 
//nullstudy_1
//Subjects=10
-12  34  -8 
-22  62  -2 
-14  -68  62 
-2  -20  -30 
14  18  42 
-62  4  -2 
18  10  -10 
-12  -76  56 

//Reference=MNI 
//nullstudy_2
//Subjects=9
24  32  -16 
8  38  10 
-14  -22  -36 
-36  20  30 
-22  -74  16 
48  36  6 
14  16  4 
-30  -62  64 

//Reference=MNI 
//nullstudy_3
//Subjects=10
-20  -32  64 
-40  -68  -8 
26  66  6 
-48  -8  40 
-22  -68  -34 
-34  22  58 
-48  -12  -32 
-12  2  58 

//Reference=MNI 
//nullstudy_4
//Subjects=9
28  12  66 
-34  12  24 
-2  32  8 
-58  -64  -2 
52  34  2 
-10  -62  62 
-2  -36  64 
-14  44  -28 

//Reference=MNI 
//nullstudy_5
//Subjects=13
-30  -66  62 
-4  -32  58 
-38  -70  50 
50  24  -16 
-4  64  -18 
4  18  20 
26  6  70 
42  42  -16 

//Reference=MNI 
//nullstudy_6
//Subjects=10
18  42  -20 
22  24  34 
16  2  74 
-6  -16  16 
14  54  8 
-38  40  18 
-34  28  28 
-4  -92  12 

//Reference=MNI 
//nullstudy_7
//Subjects=10
50  22  -18 
-50  -44  58 
-8  54  30 
-56  -60  42 
-68  -24  -20 
-4  30  24 
-38  52  8 
-42  10  2 

//Reference=MNI 
//nullstudy_8
//Subjects=9
-28  -80  -12 
32  44  44 
-24  -66  18 
-50  -2  50 
-14  -34  44 
6  68  -12 
48  38  -16 
-32  -56  -62 

//Reference=MNI 
//nullstudy_9
//Subjects=9
-30  22  48 
-10  22  56 
-44  -10  44 
0  46  0 
-4  54  -2 
-22  10  54 
-34  -96  -14 
-30  2  -10 

//Reference=MNI 
//nullstudy_10
//Subjects=9
-30  46  -18 
-28  46  28 
36  18  34 
-56  -8  4 
16  4  20 
-24  50  26 
-36  -46  54 
-10  -62  -16 

//Reference=MNI 
//nullstudy_11
//Subjects=9
-10  -72  16 
-36  -54  36 
-8  -22  60 
12  58  10 
-54  -38  46 
-38  -66  -8 
-60  -30  6 
-14  -42  -16 

//Reference=MNI 
//nullstudy_12
//Subjects=10
34  22  34 
-48  -28  58 
-4  -44  -2 
12  30  64 
-46  -12  8 
-8  -80  10 
6  36  40 
-50  -64  -44 

//Reference=MNI 
//nullstudy_13
//Subjects=9
42  6  -16 
36  8  -28 
-4  50  -26 
-6  40  26 
14  16  34 
-26  -94  -14 
-22  -44  16 
-10  8  42 

//Reference=MNI 
//nullstudy_14
//Subjects=9
-26  -36  -16 
10  2  60 
64  8  22 
-8  -72  2 
-36  16  -12 
22  44  26 
-18  -68  46 
-22  -44  62 

//Reference=MNI 
//nullstudy_15
//Subjects=11
-34  -80  -36 
14  46  18 
-14  -38  -42 
-20  -40  20 
-42  -18  8 
-14  48  42 
-52  -50  -40 
16  2  -32 

//Reference=MNI 
//nullstudy_16
//Subjects=10
-44  -2  -14 
-26  -24  76 
-40  -46  -46 
-46  18  -14 
-44  -32  52 
-42  -66  -4 
-54  -2  -14 
52  12  24 

//Reference=MNI 
//nullstudy_17
//Subjects=11
-8  -68  14 
-44  -50  30 
-36  14  -28 
-36  30  22 
38  36  40 
-50  -44  54 
-32  -64  52 
-2  16  56 

//Reference=MNI 
//nullstudy_18
//Subjects=10
52  16  -18 
-30  -22  74 
-10  -4  24 
-48  -38  8 
-8  -44  40 
-6  36  -16 
-14  -88  -20 
-46  44  16 

//Reference=MNI 
//nullstudy_19
//Subjects=10
-26  -28  -32 
56  26  6 
-26  -96  14 
-32  24  -22 
-12  -92  -8 
-8  42  30 
-4  -88  42 
12  24  34 

//Reference=MNI 
//nullstudy_20
//Subjects=11
-34  20  20 
-24  -46  -48 
-40  -48  14 
-46  -50  42 
48  4  12 
-56  -6  -2 
-4  -84  4 
8  40  -28 

//Reference=MNI 
//nullstudy_21
//Subjects=10
-48  -62  -12 
10  72  12 
-44  -70  30 
-24  -46  2 
-12  -32  -10 
-38  -4  -32 
-56  16  -6 
-2  -72  20 

//Reference=MNI 
//nullstudy_22
//Subjects=9
-20  2  4 
-6  32  -6 
14  20  -24 
40  12  26 
-16  48  0 
6  32  -6 
-48  -36  -24 
-10  -50  -18 

//Reference=MNI 
//nullstudy_23
//Subjects=10
-22  22  -28 
-68  -44  -6 
-16  -34  48 
-10  -30  -40 
-26  -2  70 
-34  -6  -10 
50  22  34 
-24  -62  -48 

//Reference=MNI 
//nullstudy_24
//Subjects=11
-22  -68  42 
54  34  -12 
-24  -52  64 
48  36  -16 
-44  -56  -48 
-6  10  66 
-32  -78  -42 
16  44  -6 

//Reference=MNI 
//nullstudy_25
//Subjects=10
-12  -60  -50 
-4  -100  12 
-2  -70  16 
-20  -4  70 
-32  18  -16 
-4  -40  76 
20  22  66 
-42  20  22 

//Reference=MNI 
//nullstudy_26
//Subjects=10
-24  -4  -34 
-30  -32  -10 
-36  -76  -44 
58  8  8 
36  36  -18 
-32  -44  34 
-36  -18  14 
-50  28  2 

//Reference=MNI 
//nullstudy_27
//Subjects=12
16  22  50 
-20  26  38 
10  48  20 
0  8  28 
-4  56  42 
-32  18  8 
-56  -10  26 
-26  -58  60 

//Reference=MNI 
//nullstudy_28
//Subjects=8
4  54  4 
2  30  -8 
-20  14  -6 
-4  -58  50 
-26  12  52 
-50  2  -38 
-40  -44  -12 
42  22  -2 

//Reference=MNI 
//nullstudy_29
//Subjects=10
-8  -60  -40 
-6  -86  -18 
-58  -46  18 
-22  -52  -18 
-38  10  2 
-22  14  2 
-6  -42  64 
-54  -16  -2 

//Reference=MNI 
//nullstudy_30
//Subjects=12
-32  -16  -10 
-2  -96  16 
-58  -4  24 
-20  22  48 
-12  -42  -20 
38  12  -24 
-62  -2  8 
-68  -28  -22 

//Reference=MNI 
//nullstudy_31
//Subjects=10
16  62  -2 
-34  -4  16 
32  24  -10 
-2  12  -16 
-46  -62  -6 
-56  -4  34 
-58  -52  16 
-12  -32  -4 

//Reference=MNI 
//nullstudy_32
//Subjects=11
-4  40  38 
-40  -34  58 
-34  -64  32 
-34  16  -2 
-52  6  36 
-14  -48  62 
14  6  50 
48  38  -20 

//Reference=MNI 
//nullstudy_33
//Subjects=9
-34  -42  -32 
-20  56  -2 
-48  -34  26 
-16  -62  -60 
-30  62  -8 
-50  44  -6 
-12  -66  -10 
-10  -82  0 

//Reference=MNI 
//nullstudy_34
//Subjects=10
-22  -72  -4 
30  4  -30 
-14  -38  -26 
14  18  -18 
-12  -20  50 
-52  -70  -2 
-42  -84  18 
-16  -48  76 

//Reference=MNI 
//nullstudy_35
//Subjects=9
36  44  6 
-40  -62  4 
-54  -56  28 
-18  -66  34 
-16  -82  46 
-36  -66  -28 
-44  2  14 
-38  22  20 

//Reference=MNI 
//nullstudy_36
//Subjects=8
-62  -18  -8 
-44  -58  16 
-22  -62  -2 
-34  12  64 
58  28  16 
-38  -14  -30 
-2  -86  -42 
-28  0  -20 

//Reference=MNI 
//nullstudy_37
//Subjects=9
-6  -70  6 
-12  -70  4 
2  62  34 
-10  -42  40 
-10  -70  46 
-24  -76  0 
-12  -18  48 
-8  -20  -28 

//Reference=MNI 
//nullstudy_38
//Subjects=9
-28  -34  -14 
-38  40  26 
-38  -92  12 
20  54  -14 
-30  -68  -40 
4  16  40 
-28  -58  46 
22  10  46 

//Reference=MNI 
//nullstudy_39
//Subjects=9
18  14  -38 
-48  10  52 
-18  -64  36 
-8  -92  -8 
-28  -22  2 
-2  48  6 
-46  -34  58 
50  8  -8 

//Reference=MNI 
//nullstudy_40
//Subjects=9
-18  64  10 
-4  -54  70 
28  2  -20 
-48  36  8 
-52  -42  34 
-14  -42  -36 
2  26  60 
-60  -8  32 

//Reference=MNI 
//nullstudy_41
//Subjects=7
-34  -80  32 
-14  -6  22 
26  12  64 
-54  -28  -12 
-6  -56  6 
-8  30  50 
-8  -28  0 
-18  -78  10 

//Reference=MNI 
//nullstudy_42
//Subjects=10
-62  -42  12 
28  34  26 
0  4  -24 
-34  -26  42 
0  30  -4 
-44  -20  -38 
18  60  22 
-44  -48  20 

//Reference=MNI 
//nullstudy_43
//Subjects=10
-24  -46  52 
-8  58  4 
56  28  0 
-16  -104  0 
-4  -66  -24 
-24  -6  8 
-48  -50  -52 
-6  46  -6 

//Reference=MNI 
//nullstudy_44
//Subjects=10
-14  -26  8 
-18  -70  54 
-26  16  -24 
-8  -26  38 
-50  -30  24 
-8  -52  34 
-14  -74  22 
2  4  2 

//Reference=MNI 
//nullstudy_45
//Subjects=10
-14  -40  44 
-50  -30  -10 
-4  14  72 
-22  -88  38 
-16  32  38 
-22  50  28 
12  20  32 
-8  -50  30 

//Reference=MNI 
//nullstudy_46
//Subjects=9
-2  24  -22 
-8  -50  -32 
-18  -10  -24 
-38  -6  44 
20  34  -26 
-10  -102  -6 
-30  6  40 
-38  -40  16 

//Reference=MNI 
//nullstudy_47
//Subjects=10
-66  -12  16 
-42  -6  36 
-30  -44  -30 
4  20  62 
-8  -34  72 
-32  -32  44 
36  32  -4 
10  42  30 

//Reference=MNI 
//nullstudy_48
//Subjects=11
-8  60  -22 
20  50  36 
-2  -70  -2 
-48  -60  -44 
-30  -44  -54 
-4  22  46 
-42  -70  -22 
-40  18  -8 

//Reference=MNI 
//nullstudy_49
//Subjects=9
-16  -52  34 
30  48  -8 
-2  -80  -32 
-32  -46  36 
4  22  -6 
0  66  26 
-20  46  26 
12  18  36 

//Reference=MNI 
//nullstudy_50
//Subjects=10
-22  42  38 
10  18  -4 
-14  20  -10 
-34  -64  -48 
-10  -100  -4 
-64  -54  -8 
-64  -2  -16 
-38  -58  2 

//Reference=MNI 
//nullstudy_51
//Subjects=10
-10  -64  -4 
-24  -92  2 
60  4  -18 
-68  -46  18 
14  50  -26 
-24  22  44 
48  2  32 
-24  -56  62 

//Reference=MNI 
//nullstudy_52
//Subjects=9
-34  44  -12 
-40  -16  -32 
-54  -2  -18 
34  22  -30 
-54  -68  -4 
-34  12  -30 
36  38  4 
46  2  -48 

//Reference=MNI 
//nullstudy_53
//Subjects=10
-20  -58  -40 
40  32  38 
-56  -18  44 
32  12  -12 
12  46  28 
-2  -58  22 
-22  16  46 
-8  36  26 

//Reference=MNI 
//nullstudy_54
//Subjects=9
24  52  34 
-30  30  -10 
-20  2  70 
-4  44  38 
-10  -34  34 
14  12  36 
52  22  -18 
-42  -58  -12 

//Reference=MNI 
//nullstudy_55
//Subjects=12
24  22  -12 
28  4  -12 
-18  68  0 
0  32  -6 
-64  -34  28 
40  42  32 
-58  -46  34 
-24  0  -14 

//Reference=MNI 
//nullstudy_56
//Subjects=9
-8  18  4 
-4  -86  24 
0  48  -22 
-36  24  -28 
54  16  -2 
-34  44  -16 
-6  28  -26 
-28  4  44 

//Reference=MNI 
//nullstudy_57
//Subjects=11
12  26  36 
-38  54  -14 
-38  -28  -18 
-20  -50  -28 
36  24  -32 
0  40  26 
-8  -10  60 
-60  12  20 

//Reference=MNI 
//nullstudy_58
//Subjects=11
-6  -76  -38 
-40  -56  52 
-12  -56  0 
-58  -16  -24 
52  6  -24 
-32  -12  72 
-48  10  -26 
14  60  -2 

//Reference=MNI 
//nullstudy_59
//Subjects=10
-20  18  -4 
-16  -44  8 
-40  -40  60 
-28  2  -14 
-4  62  -4 
60  6  -28 
-62  -42  -26 
10  16  -12 

//Reference=MNI 
//nullstudy_60
//Subjects=11
-8  -82  -40 
-40  -28  66 
-48  30  2 
0  6  16 
-10  -28  -28 
-64  -50  -6 
46  22  -32 
18  16  66 

//Reference=MNI 
//nullstudy_61
//Subjects=10
-20  -34  16 
-8  10  14 
-40  40  -16 
-26  -52  -38 
-34  -24  -26 
-48  -54  -12 
2  62  4 
-36  -78  -22 

//Reference=MNI 
//nullstudy_62
//Subjects=9
-6  8  18 
-28  -54  62 
-4  -42  16 
6  22  36 
-44  42  18 
34  18  8 
50  8  -36 
18  30  2 

//Reference=MNI 
//nullstudy_63
//Subjects=11
0  10  8 
-8  -56  -64 
-28  -20  -34 
-4  14  64 
-40  2  -46 
20  60  0 
-8  -28  8 
22  52  -4 

//Reference=MNI 
//nullstudy_64
//Subjects=10
-8  -56  -26 
-48  24  -2 
6  24  44 
32  2  -36 
-12  28  -18 
38  44  6 
6  26  48 
-22  -86  -20 

//Reference=MNI 
//nullstudy_65
//Subjects=10
0  48  26 
-54  -66  -12 
-38  -50  -20 
24  6  -6 
-16  -74  -16 
-36  -28  8 
-8  -48  26 
50  16  38 

//Reference=MNI 
//nullstudy_66
//Subjects=9
-6  14  44 
-50  -10  2 
-16  -22  -32 
-14  -62  -2 
-30  -6  70 
-38  -64  10 
-40  -76  -8 
-6  -50  50 

//Reference=MNI 
//nullstudy_67
//Subjects=12
-10  -88  24 
2  30  54 
-10  48  24 
-2  16  36 
56  28  18 
-2  -58  6 
-36  -8  -2 
-12  -82  -6 

//Reference=MNI 
//nullstudy_68
//Subjects=9
-50  -58  52 
-24  -2  -14 
-12  -80  -42 
46  42  8 
-4  -70  -14 
-18  12  -2 
-24  6  -42 
-22  36  -14 

//Reference=MNI 
//nullstudy_69
//Subjects=11
-12  58  0 
-20  -22  -20 
48  46  16 
-8  40  54 
-60  -4  12 
-48  6  50 
-60  -10  -4 
-32  -60  64 

//Reference=MNI 
//nullstudy_70
//Subjects=10
-40  -16  18 
2  20  -10 
26  20  -14 
-16  -46  -44 
-10  -82  0 
-8  -84  48 
-30  -56  2 
-12  -4  66 

//Reference=MNI 
//nullstudy_71
//Subjects=9
18  64  -12 
-38  40  22 
-50  38  -10 
34  12  -20 
-68  -40  -2 
22  56  28 
-10  -104  2 
-12  -58  46 

//Reference=MNI 
//nullstudy_72
//Subjects=10
-2  -48  48 
-46  -44  -46 
6  62  24 
14  28  -26 
48  34  32 
-30  60  10 
22  34  36 
-2  -56  58 

//Reference=MNI 
//nullstudy_73
//Subjects=10
-36  -8  -2 
-28  -70  -32 
-16  -10  -34 
34  36  -8 
-10  36  0 
-6  -14  -34 
-18  -100  8 
-42  -72  -30 

//Reference=MNI 
//nullstudy_74
//Subjects=9
-14  34  -24 
-54  -66  14 
-58  -24  4 
-54  28  28 
10  2  72 
-2  -44  -56 
-18  -40  -20 
-16  -34  -10 

//Reference=MNI 
//nullstudy_75
//Subjects=10
-40  -58  8 
-24  -82  28 
12  28  2 
-28  18  -12 
-46  20  -10 
-46  -12  -10 
-52  6  38 
48  16  -18 

//Reference=MNI 
//nullstudy_76
//Subjects=11
26  18  -16 
-28  -84  18 
-2  66  -14 
-12  48  -14 
-64  -26  -4 
-62  -22  -28 
-50  18  -20 
-50  -52  8 

//Reference=MNI 
//nullstudy_77
//Subjects=9
32  44  32 
-42  -62  34 
-28  -10  -44 
-36  -48  -50 
-14  36  16 
-12  -16  36 
28  64  -14 
-34  -12  60 

//Reference=MNI 
//nullstudy_78
//Subjects=10
6  48  8 
-28  -30  64 
10  20  12 
-28  -66  -52 
16  28  64 
54  20  28 
-18  -56  -10 
-60  -60  6 

//Reference=MNI 
//nullstudy_79
//Subjects=8
-16  -72  -30 
6  48  34 
12  48  -26 
-40  2  4 
-46  -4  54 
-30  32  50 
-28  8  8 
-66  -8  2 

//Reference=MNI 
//nullstudy_80
//Subjects=10
-28  -84  -20 
-12  -20  10 
-12  -88  12 
-56  -66  10 
-32  -82  -46 
-58  -42  16 
14  12  12 
-8  -40  -16 

//Reference=MNI 
//nullstudy_81
//Subjects=10
-64  -44  -8 
-56  -46  -10 
-42  -50  34 
-8  -14  -18 
36  8  4 
-64  -50  30 
54  30  24 
2  64  6 

//Reference=MNI 
//nullstudy_82
//Subjects=9
-10  -90  2 
-54  -30  28 
36  20  -44 
58  22  2 
36  20  6 
-2  -6  30 
-34  -42  -18 
-28  -64  34 

//Reference=MNI 
//nullstudy_83
//Subjects=10
-14  -60  -6 
-12  14  54 
-24  0  2 
-48  26  30 
46  24  24 
-4  -64  50 
-6  -6  30 
64  2  12 

//Reference=MNI 
//nullstudy_84
//Subjects=11
-2  -46  18 
-30  -96  6 
-38  -78  20 
-14  -10  18 
-36  -22  64 
-4  -12  74 
-54  -2  10 
2  12  24 

//Reference=MNI 
//nullstudy_85
//Subjects=11
-28  -10  66 
-64  -52  2 
-16  -66  32 
0  28  56 
-20  -22  60 
34  52  26 
-4  40  42 
2  52  16 

//Reference=MNI 
//nullstudy_86
//Subjects=9
-38  -10  -10 
-14  36  50 
-54  -40  -14 
-28  -78  -12 
-28  -34  -6 
-52  -48  6 
-42  -4  -44 
-58  -48  14 

//Reference=MNI 
//nullstudy_87
//Subjects=10
34  24  24 
10  16  -12 
-48  0  10 
18  22  -22 
34  16  62 
-26  -36  68 
-34  2  -16 
20  12  -46 

//Reference=MNI 
//nullstudy_88
//Subjects=9
12  62  -20 
26  52  -20 
18  40  -20 
-6  40  -28 
28  52  20 
58  14  -2 
-6  -24  -20 
-38  -66  -28 

//Reference=MNI 
//nullstudy_89
//Subjects=9
-2  -88  -30 
-26  -86  -2 
-30  -88  -38 
6  56  38 
-2  -74  0 
-12  50  18 
-24  62  22 
-62  -8  -6 

//Reference=MNI 
//nullstudy_90
//Subjects=11
-32  -42  -22 
-14  -6  -38 
-12  -18  4 
-40  -24  0 
-26  34  52 
-14  -34  4 
8  36  -20 
-2  6  40 

//Reference=MNI 
//nullstudy_91
//Subjects=10
20  18  48 
-8  -68  -46 
-60  -56  30 
-28  22  42 
54  30  -2 
-50  -44  -28 
-36  -72  -18 
-4  -14  -24 

//Reference=MNI 
//nullstudy_92
//Subjects=9
-14  -38  68 
-52  -56  -16 
-40  -38  12 
-50  -34  44 
-6  -82  -34 
-34  -72  10 
-8  16  50 
-20  -72  -2 

//Reference=MNI 
//nullstudy_93
//Subjects=10
-26  20  56 
-52  -28  24 
-48  -6  30 
-32  -18  -30 
-6  -48  58 
-34  -2  -34 
-6  38  6 
-66  -20  20 

//Reference=MNI 
//nullstudy_94
//Subjects=8
-60  -4  -26 
-24  4  -36 
4  70  -2 
-20  -52  6 
-42  -56  -56 
-36  34  -16 
-8  54  36 
-30  -74  40 

//Reference=MNI 
//nullstudy_95
//Subjects=10
36  46  32 
12  58  8 
-32  4  -8 
-44  10  -10 
-8  4  -16 
-26  -76  -58 
-4  -70  -2 
2  16  34 

//Reference=MNI 
//nullstudy_96
//Subjects=10
10  44  0 
-4  -70  50 
-48  -74  22 
-54  -2  -10 
10  46  38 
32  36  -10 
-8  -90  32 
-2  -66  16 

//Reference=MNI 
//nullstudy_97
//Subjects=8
44  26  -8 
-56  -18  -32 
-30  -24  60 
-16  -86  14 
-38  0  -14 
-36  32  -10 
-12  -18  -34 
-24  -28  -10 

//Reference=MNI 
//nullstudy_98
//Subjects=10
34  48  34 
-6  -38  -36 
32  58  6 
-52  -48  -14 
-60  8  10 
-52  -10  -38 
48  34  26 
-44  -76  -32 

//Reference=MNI 
//nullstudy_99
//Subjects=11
-16  -2  -38 
-4  0  8 
4  38  -10 
-42  -16  58 
16  58  2 
0  46  6 
4  50  34 
-2  -88  22 

//Reference=MNI 
//nullstudy_100
//Subjects=11
-30  -94  20 
-68  -14  -8 
-16  -34  18 
-14  10  -30 
-60  -18  -8 
-62  -46  -20 
-40  22  4 
-20  -54  20 

