//Reference=MNI 
//truestudy_1
//Subjects=30
46  -66  -6 
45  -66  -5 
47  -66  -7 
45  -64  -7 
46  -67  -7 
47  -66  -5 
46  -66  -7 
46  -70  -6 

//Reference=MNI 
//truestudy_2
//Subjects=31
47  -66  -6 
45  -65  -6 
44  -65  -6 
45  -67  -6 
46  -65  -5 
45  -66  -7 
46  -65  -6 
46  -66  -5 

//Reference=MNI 
//truestudy_3
//Subjects=30
44  -65  -8 
46  -65  -4 
46  -68  -5 
46  -65  -6 
48  -67  -5 
46  -66  -6 
46  -67  -6 
45  -65  -5 

//Reference=MNI 
//nullstudy_1
//Subjects=30
-22  -74  -10 
-18  -44  -52 
-36  -70  44 
-24  -30  -8 
-34  42  -10 
56  30  24 
-66  -16  8 
-28  -40  0 

//Reference=MNI 
//nullstudy_2
//Subjects=31
0  16  26 
-50  -60  -42 
-18  -78  -56 
-50  -54  -26 
-38  -36  14 
-22  -44  -10 
-46  -38  8 
-26  50  -12 

//Reference=MNI 
//nullstudy_3
//Subjects=30
-18  28  -28 
-14  24  48 
-44  -28  -6 
-32  18  -6 
-44  12  50 
-42  -18  0 
-62  -32  28 
-14  -54  -16 

//Reference=MNI 
//nullstudy_4
//Subjects=30
4  30  -10 
-52  -24  6 
8  8  2 
10  14  66 
-28  -18  2 
40  8  -14 
-16  20  -20 
-46  -10  -28 

//Reference=MNI 
//nullstudy_5
//Subjects=31
-16  -80  -16 
-14  -16  24 
-6  -66  -42 
-54  -52  -16 
-8  -30  44 
20  6  4 
-4  -58  -40 
-56  -20  -28 

//Reference=MNI 
//nullstudy_6
//Subjects=28
-46  16  -28 
10  2  -24 
-16  -66  -58 
20  10  -38 
-44  -32  6 
-28  -52  -56 
-30  -74  34 
-32  -42  -14 

//Reference=MNI 
//nullstudy_7
//Subjects=30
-22  -56  -4 
-32  12  -14 
4  12  16 
-16  -52  56 
8  56  12 
-48  -10  32 
10  4  -34 
26  2  2 

//Reference=MNI 
//nullstudy_8
//Subjects=29
-54  -60  20 
-8  -16  -14 
14  26  36 
48  26  -12 
26  20  -40 
-2  -46  14 
38  16  54 
-26  -10  -30 

//Reference=MNI 
//nullstudy_9
//Subjects=30
-34  -64  42 
-16  -82  -26 
-38  -64  -36 
22  40  40 
-28  -82  -16 
-50  -4  -38 
8  48  32 
-14  -34  68 

//Reference=MNI 
//nullstudy_10
//Subjects=31
22  32  58 
-52  0  -14 
-6  -10  40 
-42  -38  -24 
8  44  22 
20  6  20 
30  54  30 
-22  -12  52 

//Reference=MNI 
//nullstudy_11
//Subjects=29
56  2  40 
-34  -52  -8 
-50  -26  36 
0  16  6 
10  32  60 
-50  -52  -34 
-48  -14  30 
-46  -70  2 

//Reference=MNI 
//nullstudy_12
//Subjects=30
30  8  62 
-42  -60  24 
-2  -12  64 
54  20  12 
-22  -56  40 
-50  26  -10 
-4  -36  -46 
-58  -54  44 

//Reference=MNI 
//nullstudy_13
//Subjects=29
-40  30  14 
18  2  60 
-2  -50  56 
-34  -76  36 
-14  -86  10 
-46  12  6 
40  4  14 
-56  32  10 

//Reference=MNI 
//nullstudy_14
//Subjects=30
-18  -26  -22 
-28  14  -8 
52  4  -30 
-16  -92  28 
48  48  -8 
16  20  64 
-4  -16  58 
2  14  6 

//Reference=MNI 
//nullstudy_15
//Subjects=30
-42  20  -26 
-2  54  16 
-8  46  8 
-14  -24  38 
4  50  -26 
20  20  -4 
-18  -56  66 
-18  -44  -16 

//Reference=MNI 
//nullstudy_16
//Subjects=28
-16  6  -38 
-34  2  -16 
50  4  24 
30  40  26 
8  16  -6 
38  46  0 
-8  -70  34 
-14  -26  44 

//Reference=MNI 
//nullstudy_17
//Subjects=31
-26  -52  16 
-16  -104  -10 
-32  12  32 
-10  -74  20 
36  62  -2 
-20  -48  64 
-60  4  26 
22  30  56 

//Reference=MNI 
//nullstudy_18
//Subjects=30
-20  4  -4 
-2  -70  52 
-42  -12  -34 
-10  30  34 
-54  0  44 
-8  16  48 
60  16  14 
46  20  14 

//Reference=MNI 
//nullstudy_19
//Subjects=30
-20  -38  72 
-38  18  50 
-62  -40  -12 
-22  -98  8 
60  10  -2 
-26  48  6 
-6  -16  -34 
-66  -38  -6 

//Reference=MNI 
//nullstudy_20
//Subjects=29
-26  56  24 
4  32  56 
12  8  44 
18  10  -14 
-58  -34  38 
-26  -42  -24 
-38  -16  -36 
-16  18  -16 

//Reference=MNI 
//nullstudy_21
//Subjects=30
-68  -38  -16 
34  16  38 
-16  -72  30 
-52  -40  -32 
40  4  -34 
-40  -10  -48 
22  14  58 
-6  -44  50 

//Reference=MNI 
//nullstudy_22
//Subjects=27
-40  -78  -46 
-22  -46  10 
-2  -68  50 
-20  -42  -38 
-4  12  -8 
-50  -58  10 
-56  -18  -2 
-46  -24  42 

//Reference=MNI 
//nullstudy_23
//Subjects=30
2  20  -2 
32  16  60 
-56  -44  26 
-12  -28  -12 
36  30  50 
-38  -24  -28 
-36  -26  -14 
-28  10  -2 

//Reference=MNI 
//nullstudy_24
//Subjects=30
34  4  -24 
-40  -4  -20 
10  54  -6 
-2  -22  18 
-14  -88  -10 
-54  -2  -28 
-6  -48  -40 
-22  -28  8 

//Reference=MNI 
//nullstudy_25
//Subjects=30
-16  -36  68 
-68  -38  -2 
2  42  -8 
34  40  -16 
-8  -94  -8 
-36  4  8 
24  48  -16 
-16  12  -14 

//Reference=MNI 
//nullstudy_26
//Subjects=29
-12  -24  18 
2  30  -30 
-54  -76  6 
-12  -70  -8 
28  60  22 
24  40  38 
-2  20  36 
-36  -78  18 

//Reference=MNI 
//nullstudy_27
//Subjects=31
-38  -64  34 
-28  -52  -46 
20  24  54 
-56  -56  -12 
-8  -48  8 
22  20  -30 
28  52  32 
12  50  0 

//Reference=MNI 
//nullstudy_28
//Subjects=31
-20  20  0 
20  36  52 
-2  56  10 
-42  -50  16 
-22  -4  -12 
20  16  -22 
-48  16  -26 
14  62  24 

//Reference=MNI 
//nullstudy_29
//Subjects=31
-2  42  34 
-8  -46  58 
-22  -44  -50 
-50  -34  6 
-2  -64  28 
34  14  14 
30  2  -28 
-58  -46  50 

//Reference=MNI 
//nullstudy_30
//Subjects=30
8  60  12 
66  4  8 
-38  -60  -26 
-32  -46  64 
-10  -30  18 
-32  -18  70 
8  54  32 
48  14  -34 

//Reference=MNI 
//nullstudy_31
//Subjects=30
-56  12  -10 
-38  -30  38 
-18  42  -16 
26  52  12 
0  28  -26 
-10  66  14 
-22  -34  -16 
-6  -24  18 

//Reference=MNI 
//nullstudy_32
//Subjects=29
18  64  -4 
36  28  40 
-60  -22  -34 
-44  28  38 
-22  4  -30 
-46  -76  -10 
-8  8  16 
-26  -50  -48 

//Reference=MNI 
//nullstudy_33
//Subjects=29
-8  -96  -4 
40  40  26 
-30  12  32 
-16  -60  8 
-40  -68  -6 
14  38  40 
-28  -66  42 
4  4  -24 

//Reference=MNI 
//nullstudy_34
//Subjects=30
-58  2  30 
40  14  -22 
-52  -20  -38 
-10  56  34 
-64  4  20 
-22  -60  4 
-30  42  -16 
10  34  10 

//Reference=MNI 
//nullstudy_35
//Subjects=30
2  54  28 
-8  -60  -6 
-42  -90  -6 
12  44  50 
-12  4  72 
2  50  -22 
-48  30  2 
52  18  -30 

//Reference=MNI 
//nullstudy_36
//Subjects=30
-32  -34  -30 
-56  -28  12 
38  30  48 
-54  14  -4 
-40  14  26 
-36  38  -12 
-42  -54  -4 
-48  6  -22 

//Reference=MNI 
//nullstudy_37
//Subjects=31
-12  -14  60 
-42  -16  20 
4  62  2 
-20  44  -16 
38  26  12 
-20  -12  58 
-12  -10  -38 
16  60  28 

//Reference=MNI 
//nullstudy_38
//Subjects=30
38  16  -24 
-14  -58  -4 
-38  -14  6 
-30  58  -14 
-52  -58  36 
-56  -34  32 
-36  -14  -38 
-60  -26  32 

//Reference=MNI 
//nullstudy_39
//Subjects=30
-4  -44  38 
34  48  4 
-28  -38  -48 
-48  40  -10 
-50  -26  60 
-32  20  14 
-12  20  -10 
4  2  10 

//Reference=MNI 
//nullstudy_40
//Subjects=31
52  38  8 
-50  8  -6 
-62  -10  4 
-30  -34  18 
-24  0  -48 
-40  44  12 
-6  -78  42 
8  26  42 

//Reference=MNI 
//nullstudy_41
//Subjects=30
-24  -72  -40 
-22  -70  -40 
-2  -12  -24 
38  4  34 
-36  -82  26 
-6  -20  -4 
-20  4  -28 
-12  -48  -24 

//Reference=MNI 
//nullstudy_42
//Subjects=30
-56  -36  52 
30  4  -28 
8  32  12 
-14  64  -4 
-24  -76  -52 
-44  -18  32 
-48  -46  -46 
-12  22  58 

//Reference=MNI 
//nullstudy_43
//Subjects=29
-8  30  -28 
34  14  -34 
-18  -20  -22 
-12  42  -22 
-14  12  12 
-10  -20  -34 
58  24  24 
-52  -18  28 

//Reference=MNI 
//nullstudy_44
//Subjects=29
-2  16  54 
-2  20  40 
-38  0  40 
-10  -68  -28 
48  4  50 
-46  12  -8 
-12  30  58 
-36  -86  -8 

//Reference=MNI 
//nullstudy_45
//Subjects=29
-10  -88  2 
-34  18  -2 
-24  10  10 
2  60  -12 
-6  30  -16 
48  16  44 
-26  -68  -38 
16  68  -2 

//Reference=MNI 
//nullstudy_46
//Subjects=30
-8  10  -8 
-36  -88  12 
-24  12  4 
-34  0  -34 
-36  -82  -4 
-32  20  24 
-28  -30  66 
-30  10  46 

//Reference=MNI 
//nullstudy_47
//Subjects=30
30  50  -6 
-34  -4  10 
-26  -56  -4 
-34  -6  42 
-52  -50  36 
58  10  26 
-42  30  34 
-12  -90  22 

//Reference=MNI 
//nullstudy_48
//Subjects=31
-6  -32  -4 
-24  -52  -26 
-22  -30  -18 
-60  -2  14 
40  16  42 
-46  -56  8 
-42  -12  0 
-4  40  -14 

//Reference=MNI 
//nullstudy_49
//Subjects=30
-46  -66  -18 
-42  -24  -16 
-16  -76  -42 
-60  -2  10 
-38  -18  -18 
-24  -38  68 
58  4  -22 
-44  -76  -4 

//Reference=MNI 
//nullstudy_50
//Subjects=30
-6  -36  72 
26  36  30 
-14  -70  30 
-34  8  54 
-16  -64  -50 
-22  40  38 
30  2  46 
-14  -26  44 

//Reference=MNI 
//nullstudy_51
//Subjects=31
-6  0  -34 
-28  -50  -30 
-28  -8  46 
-28  44  16 
-2  8  34 
32  22  12 
-32  -18  -8 
-16  16  56 

//Reference=MNI 
//nullstudy_52
//Subjects=31
-22  -78  -30 
-2  -12  2 
0  60  6 
-14  4  16 
-4  60  -4 
-54  -20  -32 
-46  26  12 
30  32  50 

//Reference=MNI 
//nullstudy_53
//Subjects=28
8  36  58 
-2  -52  60 
-10  -52  -64 
12  42  30 
-24  -10  -22 
-18  38  40 
-52  10  38 
-26  36  -22 

//Reference=MNI 
//nullstudy_54
//Subjects=30
-36  4  56 
-42  -32  -14 
-8  -88  -8 
54  22  -2 
-8  -50  14 
-14  -48  -22 
-10  54  26 
10  14  14 

//Reference=MNI 
//nullstudy_55
//Subjects=28
32  14  52 
38  42  32 
-42  10  -36 
14  30  48 
10  16  8 
-34  -84  18 
46  14  36 
-32  -14  -30 

//Reference=MNI 
//nullstudy_56
//Subjects=31
12  58  -6 
-26  4  -48 
-62  -54  30 
-30  50  32 
-34  8  -10 
-36  6  -24 
26  22  -4 
-6  36  -24 

//Reference=MNI 
//nullstudy_57
//Subjects=31
22  22  44 
-44  56  -2 
36  32  10 
38  44  8 
-30  -62  -50 
-10  40  42 
-52  -56  -38 
-6  56  36 

//Reference=MNI 
//nullstudy_58
//Subjects=32
32  50  26 
-28  22  -24 
38  22  -2 
-4  18  50 
-42  -44  50 
24  46  -20 
-22  -66  4 
-42  54  -12 

//Reference=MNI 
//nullstudy_59
//Subjects=30
36  26  18 
6  40  -26 
-36  -4  -36 
-4  -12  18 
48  14  -8 
4  20  -14 
-42  -46  56 
-18  -68  22 

//Reference=MNI 
//nullstudy_60
//Subjects=30
-10  -40  64 
-6  -52  44 
-32  -20  42 
36  14  -44 
-36  -18  -28 
-12  -4  -22 
-32  6  62 
-32  64  4 

//Reference=MNI 
//nullstudy_61
//Subjects=31
-24  -82  44 
-42  -34  -26 
-54  -68  34 
-48  16  2 
18  14  48 
-42  -60  0 
28  2  -36 
-2  -92  12 

//Reference=MNI 
//nullstudy_62
//Subjects=31
-36  -44  -28 
18  30  46 
-6  -6  32 
8  16  36 
-34  -66  -36 
-18  26  40 
24  12  46 
32  44  36 

//Reference=MNI 
//nullstudy_63
//Subjects=31
-32  -78  -10 
38  24  -4 
0  28  -12 
-2  8  -22 
-48  -48  44 
-14  -58  18 
-6  30  44 
22  32  -18 

//Reference=MNI 
//nullstudy_64
//Subjects=30
-38  -76  -30 
-18  -44  -56 
-22  -42  14 
-14  -18  -2 
-6  -4  50 
-42  20  38 
-10  -16  -18 
-66  -6  26 

//Reference=MNI 
//nullstudy_65
//Subjects=32
-12  -70  -58 
-48  -58  2 
22  4  2 
-12  50  -22 
-52  -68  18 
-2  -90  22 
20  44  44 
-38  60  -2 

//Reference=MNI 
//nullstudy_66
//Subjects=30
-20  2  64 
-24  38  -22 
-36  -52  -12 
50  16  48 
-48  46  4 
-18  -52  -8 
-10  56  34 
-36  -32  -18 

//Reference=MNI 
//nullstudy_67
//Subjects=29
0  42  14 
-18  -72  -24 
-32  14  64 
-10  -58  72 
48  2  26 
-44  2  50 
24  56  4 
-60  2  6 

//Reference=MNI 
//nullstudy_68
//Subjects=30
-38  -64  -54 
-44  32  38 
-10  -24  44 
-22  -56  4 
-24  -28  -4 
14  68  -10 
-70  -32  -2 
-36  -74  -30 

//Reference=MNI 
//nullstudy_69
//Subjects=31
-44  0  -6 
-4  -104  -8 
8  58  -22 
-54  -42  36 
-46  38  26 
-4  -20  -20 
-8  16  56 
-42  -82  -6 

//Reference=MNI 
//nullstudy_70
//Subjects=29
-42  52  -8 
-16  -8  58 
-4  -14  72 
-22  -54  -22 
-48  -34  38 
36  48  -12 
-6  -32  46 
-40  -56  28 

//Reference=MNI 
//nullstudy_71
//Subjects=29
-38  4  -48 
-8  70  14 
-56  24  26 
-56  -38  48 
-60  -28  50 
-20  8  -6 
-16  58  14 
-42  40  -20 

//Reference=MNI 
//nullstudy_72
//Subjects=30
4  24  52 
32  38  -10 
-12  16  46 
-28  -32  -26 
-22  -12  -18 
-58  -42  46 
-24  56  -16 
-8  -62  68 

//Reference=MNI 
//nullstudy_73
//Subjects=31
-30  -32  -18 
2  20  -24 
-10  -80  22 
52  8  6 
-56  -44  0 
-16  -34  -6 
-14  -10  -38 
-8  -84  -46 

//Reference=MNI 
//nullstudy_74
//Subjects=28
-38  -86  8 
46  12  40 
-56  -46  -20 
-32  16  -6 
-8  58  22 
-38  20  38 
-24  -82  28 
-56  -28  34 

//Reference=MNI 
//nullstudy_75
//Subjects=30
-10  -78  18 
-42  -36  50 
-18  -84  16 
-36  -10  -4 
-64  6  16 
-44  -58  -14 
52  12  30 
-56  -30  -24 

//Reference=MNI 
//nullstudy_76
//Subjects=31
-44  -48  -10 
-40  -54  -24 
-42  -58  22 
6  34  44 
-16  -76  32 
60  10  -10 
-20  -98  14 
-16  -92  0 

//Reference=MNI 
//nullstudy_77
//Subjects=28
-26  -88  16 
-20  -58  40 
-6  28  26 
28  32  2 
-2  52  -14 
-38  -10  14 
-28  -82  32 
-6  -78  -20 

//Reference=MNI 
//nullstudy_78
//Subjects=31
-46  -42  -26 
-8  40  2 
26  54  38 
-32  -42  -18 
-50  44  -12 
-38  -12  -4 
-12  64  -20 
-48  42  -10 

//Reference=MNI 
//nullstudy_79
//Subjects=31
-28  -14  -4 
-46  -58  -16 
64  4  32 
-38  6  -40 
-28  52  -2 
28  48  -6 
-6  -42  4 
-10  12  10 

//Reference=MNI 
//nullstudy_80
//Subjects=30
-30  54  22 
44  20  24 
-30  10  14 
-36  -62  -60 
-30  -4  58 
-58  -16  10 
-48  8  10 
2  48  -14 

//Reference=MNI 
//nullstudy_81
//Subjects=29
6  40  16 
6  4  -28 
-40  -58  -58 
-40  24  -20 
46  16  36 
-22  -86  -10 
-6  -6  -28 
4  40  -14 

//Reference=MNI 
//nullstudy_82
//Subjects=29
-26  -94  6 
-32  18  -44 
-54  -2  22 
-20  16  -38 
-4  -22  32 
-52  -32  0 
-16  -70  6 
32  6  -14 

//Reference=MNI 
//nullstudy_83
//Subjects=29
-30  -96  -4 
-34  -92  -20 
-6  -50  72 
-4  -74  -34 
-44  -70  18 
-36  -28  48 
-6  -72  26 
-20  -92  -34 

//Reference=MNI 
//nullstudy_84
//Subjects=30
-52  -10  -42 
-44  -60  6 
-48  -24  -12 
-18  -72  -40 
10  30  24 
-14  -54  70 
4  46  46 
-34  40  4 

//Reference=MNI 
//nullstudy_85
//Subjects=28
-8  -6  72 
2  32  24 
46  2  -14 
-34  16  -36 
-44  44  16 
28  2  44 
-8  -22  4 
-22  2  -14 

//Reference=MNI 
//nullstudy_86
//Subjects=29
-50  -40  -28 
24  6  -46 
-2  -36  -36 
-6  30  -14 
-24  -74  -42 
-10  -10  66 
14  44  -24 
40  6  -32 

//Reference=MNI 
//nullstudy_87
//Subjects=31
-34  -10  -6 
-16  -12  58 
-2  -30  44 
-42  -86  12 
34  10  2 
-24  0  70 
-48  0  18 
50  28  34 

//Reference=MNI 
//nullstudy_88
//Subjects=30
36  60  10 
-12  -6  78 
-24  -24  68 
-10  30  -22 
-20  60  8 
-50  -56  -20 
-26  -22  -16 
-10  -56  60 

//Reference=MNI 
//nullstudy_89
//Subjects=31
48  16  -16 
-32  -80  -14 
-46  -42  40 
-58  -58  -4 
-36  32  14 
-70  -24  4 
-6  -20  36 
-14  -10  60 

//Reference=MNI 
//nullstudy_90
//Subjects=29
-54  -20  -8 
-6  -78  -44 
44  8  14 
-4  -58  26 
-36  2  64 
-46  -46  46 
-10  -44  -52 
-10  12  18 

//Reference=MNI 
//nullstudy_91
//Subjects=30
32  56  18 
4  62  8 
-2  -64  -60 
-42  -76  -24 
-8  36  -10 
-44  44  22 
42  34  0 
-36  58  12 

//Reference=MNI 
//nullstudy_92
//Subjects=28
-6  50  -8 
-26  -50  -22 
-20  -80  -16 
-8  -2  54 
-70  -24  -16 
-26  -86  22 
-50  -70  -8 
-36  -92  18 

//Reference=MNI 
//nullstudy_93
//Subjects=29
-38  26  38 
-62  -52  -24 
-4  -68  -38 
-52  -34  -30 
-6  -74  34 
-62  12  18 
-24  -70  -52 
-46  20  -16 

//Reference=MNI 
//nullstudy_94
//Subjects=31
24  6  44 
-8  -8  -18 
-10  -14  56 
46  2  -40 
-14  -24  68 
-10  -20  52 
28  54  20 
-46  4  32 

//Reference=MNI 
//nullstudy_95
//Subjects=31
-8  -54  -4 
-38  -38  -40 
-36  14  -28 
-32  -44  44 
-42  26  38 
-40  44  30 
20  48  28 
8  38  32 

//Reference=MNI 
//nullstudy_96
//Subjects=29
-34  -86  28 
4  48  -10 
-36  8  26 
-36  -14  6 
-56  28  6 
-40  12  34 
-42  -72  -38 
30  22  -4 

//Reference=MNI 
//nullstudy_97
//Subjects=30
-12  44  -4 
-26  -72  42 
-36  -58  -18 
-52  32  24 
-62  -58  -16 
-40  -6  58 
-54  -44  26 
30  52  24 

//Reference=MNI 
//nullstudy_98
//Subjects=30
-2  34  42 
32  28  -14 
-58  -66  2 
20  32  38 
-48  -64  -18 
-32  22  26 
-10  18  14 
52  12  24 

//Reference=MNI 
//nullstudy_99
//Subjects=30
-48  26  28 
-22  -48  14 
-66  -30  20 
-38  -44  44 
-12  50  26 
12  40  36 
-24  38  46 
-46  -18  50 

//Reference=MNI 
//nullstudy_100
//Subjects=30
38  8  6 
-4  12  -20 
34  8  -16 
-24  -42  -54 
-18  -56  -52 
26  56  30 
-48  -24  8 
-48  -30  -10 

