//Reference=MNI 
//truestudy_1
//Subjects=31
45  -64  -6 
47  -66  -7 
45  -65  -6 
46  -66  -6 
46  -66  -5 
45  -66  -5 
46  -66  -5 
45  -65  -6 

//Reference=MNI 
//truestudy_2
//Subjects=31
45  -65  -5 
46  -65  -8 
43  -67  -6 
47  -66  -6 
45  -65  -5 
45  -66  -7 
45  -65  -5 
46  -66  -6 

//Reference=MNI 
//truestudy_3
//Subjects=31
46  -67  -5 
46  -66  -5 
46  -65  -6 
46  -67  -7 
46  -66  -6 
48  -64  -5 
46  -66  -6 
47  -66  -6 

//Reference=MNI 
//nullstudy_1
//Subjects=31
-28  -48  -16 
-24  48  16 
12  16  -20 
-50  10  -4 
20  66  6 
-6  36  -16 
2  20  2 
-10  -80  -32 

//Reference=MNI 
//nullstudy_2
//Subjects=31
-52  4  -28 
-6  48  -2 
-60  -46  -24 
-22  -36  24 
-14  -42  -30 
-20  -82  -16 
36  4  -44 
-50  16  0 

//Reference=MNI 
//nullstudy_3
//Subjects=31
-54  4  12 
-48  -46  38 
-14  -96  -4 
0  54  -8 
-38  8  30 
-20  -18  64 
-30  -86  6 
-26  32  26 

//Reference=MNI 
//nullstudy_4
//Subjects=31
-4  -66  22 
46  36  -12 
-26  56  26 
-28  -64  -16 
46  2  -30 
-52  -30  -26 
22  50  6 
14  54  -16 

//Reference=MNI 
//nullstudy_5
//Subjects=31
-2  -48  -68 
-40  -14  62 
-16  26  0 
4  46  4 
-32  60  -4 
-58  -50  46 
18  40  50 
-16  -62  32 

//Reference=MNI 
//nullstudy_6
//Subjects=31
20  10  70 
-26  10  62 
-34  -10  12 
-34  -14  -32 
34  54  24 
-18  -68  42 
-22  -80  22 
-24  -64  8 

//Reference=MNI 
//nullstudy_7
//Subjects=29
-6  -58  50 
-56  -52  12 
-2  -26  26 
8  54  12 
-18  -44  12 
-14  -92  -36 
-20  6  6 
-12  -54  64 

//Reference=MNI 
//nullstudy_8
//Subjects=28
-34  -78  -40 
-38  -40  66 
-14  4  -6 
-22  50  40 
-14  70  -6 
22  26  34 
-2  -66  28 
-56  -50  0 

//Reference=MNI 
//nullstudy_9
//Subjects=32
16  58  18 
-2  -42  34 
-34  -80  -50 
-30  -32  -28 
-12  2  -36 
58  34  0 
-38  16  -28 
-2  -6  28 

//Reference=MNI 
//nullstudy_10
//Subjects=29
-40  -60  22 
-6  -70  2 
-48  -36  52 
-14  66  26 
-42  32  0 
-18  -54  -56 
-6  -44  18 
-64  -44  -10 

//Reference=MNI 
//nullstudy_11
//Subjects=31
-4  64  8 
-28  -52  -20 
-2  -18  50 
12  6  50 
14  40  20 
-36  38  -18 
34  34  2 
-60  -48  -22 

//Reference=MNI 
//nullstudy_12
//Subjects=29
-60  0  -20 
54  32  18 
-36  -58  18 
-46  -26  -26 
-48  -46  56 
-20  38  -14 
-40  -56  -50 
-12  -38  68 

//Reference=MNI 
//nullstudy_13
//Subjects=31
-38  -70  -10 
4  26  34 
46  22  6 
-6  58  -2 
-2  -22  30 
-64  -50  4 
4  56  0 
18  34  60 

//Reference=MNI 
//nullstudy_14
//Subjects=31
-10  -30  -14 
-30  -84  -16 
46  10  18 
14  8  42 
-10  -28  72 
-10  -48  -24 
-32  -52  60 
-24  -14  -18 

//Reference=MNI 
//nullstudy_15
//Subjects=30
-44  -52  -54 
32  8  -36 
-38  54  -12 
-20  18  -8 
-36  -8  -36 
-6  -36  -56 
18  66  14 
-16  -42  78 

//Reference=MNI 
//nullstudy_16
//Subjects=30
-4  -46  74 
-26  46  24 
44  2  24 
0  14  -8 
-16  -2  70 
-50  -18  -2 
-48  -44  -48 
-14  36  58 

//Reference=MNI 
//nullstudy_17
//Subjects=29
-24  -84  -4 
-54  -52  4 
-32  -64  26 
-38  8  2 
-60  -50  22 
40  32  44 
-8  -2  10 
-44  -82  -22 

//Reference=MNI 
//nullstudy_18
//Subjects=28
-46  -34  18 
-20  -90  6 
4  24  24 
-38  -6  -34 
8  14  -18 
6  40  54 
-22  -80  20 
-44  4  42 

//Reference=MNI 
//nullstudy_19
//Subjects=31
-8  -94  -16 
-36  60  -12 
-8  -56  -6 
-2  -98  -16 
4  38  2 
-36  -32  -32 
20  6  -10 
-14  -70  -14 

//Reference=MNI 
//nullstudy_20
//Subjects=29
-38  -12  -2 
-22  -72  28 
-44  -70  -50 
-20  -78  -52 
0  34  54 
48  44  24 
-40  24  -6 
-8  44  34 

//Reference=MNI 
//nullstudy_21
//Subjects=31
-22  48  2 
-24  -4  -36 
-28  -24  -32 
28  64  0 
-18  -94  -22 
-14  -38  14 
-10  -8  -36 
-36  8  60 

//Reference=MNI 
//nullstudy_22
//Subjects=31
28  34  38 
-68  -32  10 
-64  -46  14 
-2  16  40 
-42  -52  -30 
-8  16  -24 
-62  -8  26 
8  40  34 

//Reference=MNI 
//nullstudy_23
//Subjects=30
-6  -52  54 
34  16  24 
-46  32  -16 
24  54  0 
18  4  66 
-8  -32  -36 
-22  -90  26 
-36  -66  14 

//Reference=MNI 
//nullstudy_24
//Subjects=30
-28  -18  -32 
-44  10  -44 
-42  -32  -14 
-34  -36  20 
42  4  60 
-60  -48  22 
6  42  24 
30  6  64 

//Reference=MNI 
//nullstudy_25
//Subjects=29
-34  -4  12 
-16  -62  12 
-50  14  -14 
-40  46  -6 
-40  8  -14 
-8  -34  52 
-22  -6  44 
-2  -32  0 

//Reference=MNI 
//nullstudy_26
//Subjects=31
-42  28  -2 
-16  -16  70 
-14  -52  60 
-14  -46  -36 
-66  -22  -4 
-52  20  -4 
-62  -42  20 
8  12  28 

//Reference=MNI 
//nullstudy_27
//Subjects=29
-10  0  22 
-42  12  2 
-44  20  36 
36  22  26 
-36  26  32 
-4  42  -26 
22  10  -28 
-50  -34  38 

//Reference=MNI 
//nullstudy_28
//Subjects=28
-10  68  4 
-12  46  8 
-24  -44  52 
-6  6  -2 
-54  -68  16 
-16  6  64 
-36  -30  16 
-62  -54  18 

//Reference=MNI 
//nullstudy_29
//Subjects=29
-26  -88  32 
4  4  -10 
-44  8  2 
-60  -56  10 
-46  -24  52 
-28  -56  -40 
2  2  -2 
-2  -28  -28 

//Reference=MNI 
//nullstudy_30
//Subjects=31
-56  -42  40 
-38  -48  -40 
16  56  36 
-58  -10  2 
32  38  44 
32  20  -20 
-10  14  38 
-38  34  36 

//Reference=MNI 
//nullstudy_31
//Subjects=31
-16  -82  0 
-22  60  -12 
-42  44  14 
-2  -88  4 
-10  58  36 
-2  -6  54 
-26  -2  54 
-16  -6  -20 

//Reference=MNI 
//nullstudy_32
//Subjects=30
-22  -64  -50 
-52  -50  18 
-8  -54  22 
36  32  2 
-46  -38  34 
-16  -96  -26 
-36  50  10 
-54  -44  -26 

//Reference=MNI 
//nullstudy_33
//Subjects=31
-58  -4  26 
-28  40  40 
-12  -28  0 
-8  38  18 
-12  -58  -12 
38  18  -22 
-38  -38  -28 
-2  0  22 

//Reference=MNI 
//nullstudy_34
//Subjects=30
-8  -72  24 
-62  -62  -2 
-52  -52  20 
-46  36  -6 
-26  -48  0 
-8  -16  74 
-24  24  -24 
-18  -64  58 

//Reference=MNI 
//nullstudy_35
//Subjects=31
-22  12  -16 
-52  -40  -2 
-60  6  -24 
-26  2  -46 
-38  -28  6 
-42  -52  22 
-38  0  -50 
-14  56  24 

//Reference=MNI 
//nullstudy_36
//Subjects=30
6  8  -16 
-20  -80  -34 
-6  -88  -36 
-66  -34  -20 
-14  -16  40 
-4  -8  -16 
-8  66  -6 
34  8  -6 

//Reference=MNI 
//nullstudy_37
//Subjects=32
30  10  -34 
0  54  0 
18  12  2 
-8  -2  18 
-6  -22  78 
-56  -36  -6 
-34  -52  -50 
-26  20  -8 

//Reference=MNI 
//nullstudy_38
//Subjects=30
-10  22  38 
-32  -42  -4 
-18  -66  48 
-34  -6  64 
-42  -62  12 
-52  -64  -28 
-34  -24  50 
-8  -36  -48 

//Reference=MNI 
//nullstudy_39
//Subjects=32
-18  10  -16 
-16  62  32 
-32  12  -42 
24  48  12 
-16  44  -22 
-42  -46  36 
-10  -70  -24 
-32  -28  -12 

//Reference=MNI 
//nullstudy_40
//Subjects=30
42  54  6 
-12  -14  64 
18  60  24 
6  38  58 
-46  -24  20 
-8  10  48 
10  54  28 
-26  18  52 

//Reference=MNI 
//nullstudy_41
//Subjects=30
-20  8  62 
16  20  -26 
-34  10  -46 
-32  -60  34 
-6  -46  -42 
-6  -26  -4 
0  44  2 
-42  36  -20 

//Reference=MNI 
//nullstudy_42
//Subjects=30
-38  -28  -12 
-52  -6  4 
-8  70  14 
-8  -18  42 
-44  -6  40 
14  44  -24 
-34  4  48 
-12  -102  10 

//Reference=MNI 
//nullstudy_43
//Subjects=31
18  4  -30 
-14  -74  -28 
4  24  -18 
-34  -6  8 
8  64  10 
-44  -2  -36 
18  46  -12 
-36  -78  12 

//Reference=MNI 
//nullstudy_44
//Subjects=31
-10  -86  24 
-12  -8  50 
-42  4  34 
22  8  -8 
20  58  36 
-26  -88  -26 
32  64  10 
-18  -34  -44 

//Reference=MNI 
//nullstudy_45
//Subjects=30
-34  -2  2 
-10  -60  -4 
-6  64  -20 
-44  -40  -22 
36  30  -2 
-8  -52  40 
-6  14  68 
28  34  50 

//Reference=MNI 
//nullstudy_46
//Subjects=29
-14  -72  -34 
44  4  28 
-44  -46  56 
-42  2  34 
-50  16  24 
-10  -80  16 
-36  -48  -8 
-32  -72  44 

//Reference=MNI 
//nullstudy_47
//Subjects=30
16  46  -8 
6  34  22 
-66  -38  26 
-20  30  -16 
36  16  48 
-26  -92  -16 
-56  22  2 
-6  68  20 

//Reference=MNI 
//nullstudy_48
//Subjects=29
-32  -70  40 
-18  -46  -52 
0  8  26 
-36  -84  22 
-14  -100  20 
-6  58  -10 
-22  -70  -12 
-48  -50  30 

//Reference=MNI 
//nullstudy_49
//Subjects=31
-50  -2  42 
-62  -32  -20 
-22  -60  62 
-2  -62  -32 
-58  0  8 
-34  -62  62 
-54  -12  -26 
-32  -50  -50 

//Reference=MNI 
//nullstudy_50
//Subjects=30
34  26  54 
-12  46  -10 
-54  -68  24 
14  8  42 
-42  -86  0 
-6  -64  10 
-32  -18  -12 
0  14  70 

//Reference=MNI 
//nullstudy_51
//Subjects=31
-20  -100  -18 
-12  -70  4 
-50  -18  -12 
-54  12  38 
-44  -54  50 
38  10  10 
-28  8  58 
-20  -44  -18 

//Reference=MNI 
//nullstudy_52
//Subjects=30
12  14  40 
-38  8  -28 
-6  6  20 
-10  -16  14 
24  46  38 
-30  44  8 
-40  -22  12 
-60  -6  12 

//Reference=MNI 
//nullstudy_53
//Subjects=29
-14  52  -4 
-14  -28  74 
-10  0  76 
24  24  64 
-50  6  42 
8  48  -30 
-24  14  52 
16  12  -32 

//Reference=MNI 
//nullstudy_54
//Subjects=30
-48  -4  36 
-28  46  26 
32  34  32 
-44  -58  -22 
-16  0  -26 
-20  2  -48 
-26  60  14 
4  64  -4 

//Reference=MNI 
//nullstudy_55
//Subjects=32
-6  -86  -22 
54  28  10 
-10  -50  -46 
-64  -18  24 
40  48  22 
-52  -12  -6 
-40  10  28 
-4  -24  38 

//Reference=MNI 
//nullstudy_56
//Subjects=29
-8  -60  64 
-4  -28  2 
-42  2  40 
8  44  30 
44  4  -10 
-32  48  -10 
-34  26  16 
4  48  -20 

//Reference=MNI 
//nullstudy_57
//Subjects=29
-6  34  58 
-58  -62  -8 
-62  -22  -12 
16  18  8 
-34  6  -12 
-26  14  -28 
-12  -28  -42 
-18  -18  -2 

//Reference=MNI 
//nullstudy_58
//Subjects=29
-2  -36  -18 
26  32  -14 
-2  -56  -36 
-18  8  4 
-48  -50  6 
-8  -2  68 
54  14  -22 
-30  -16  -8 

//Reference=MNI 
//nullstudy_59
//Subjects=30
24  66  18 
-18  42  48 
-26  -84  18 
48  8  -6 
-56  -6  -16 
-40  -26  46 
46  50  16 
-24  16  -2 

//Reference=MNI 
//nullstudy_60
//Subjects=30
-28  -6  72 
36  42  42 
64  6  0 
-36  44  16 
14  8  74 
-30  -74  36 
-10  26  62 
-4  54  16 

//Reference=MNI 
//nullstudy_61
//Subjects=31
-20  28  46 
26  44  38 
-38  14  -28 
-12  -6  64 
-18  24  -24 
-64  -40  24 
-38  -22  36 
-28  -28  12 

//Reference=MNI 
//nullstudy_62
//Subjects=31
2  44  2 
44  12  24 
-36  -30  36 
-60  -40  -6 
-10  48  42 
-42  -20  -4 
-42  -78  -44 
-52  -46  10 

//Reference=MNI 
//nullstudy_63
//Subjects=30
40  40  0 
-24  0  -20 
-12  -42  -38 
-34  28  48 
52  2  -30 
10  58  22 
6  44  14 
-12  -26  70 

//Reference=MNI 
//nullstudy_64
//Subjects=32
-42  -10  -26 
-42  16  -40 
-14  -76  26 
-4  -102  6 
-30  36  -22 
-8  26  58 
36  4  12 
-30  22  -26 

//Reference=MNI 
//nullstudy_65
//Subjects=30
-6  -30  72 
-40  32  32 
-4  38  36 
-52  -50  36 
-50  28  -10 
-32  -14  54 
42  8  26 
62  2  34 

//Reference=MNI 
//nullstudy_66
//Subjects=30
32  48  4 
-4  -18  80 
-20  -78  20 
-42  -50  -38 
-16  -56  -64 
-34  -44  54 
48  10  -34 
0  20  -14 

//Reference=MNI 
//nullstudy_67
//Subjects=31
50  4  -16 
-46  -82  -14 
-20  10  -26 
36  12  34 
-42  -72  -52 
-16  -16  -32 
-14  62  22 
-24  -46  44 

//Reference=MNI 
//nullstudy_68
//Subjects=31
-10  -80  -32 
40  38  -20 
48  30  -6 
-2  60  -8 
-50  -4  24 
26  16  48 
-42  -30  54 
-64  -8  -10 

//Reference=MNI 
//nullstudy_69
//Subjects=31
4  34  22 
-6  -86  44 
-50  -34  -12 
10  66  26 
-52  -78  4 
-24  -26  66 
-32  2  -50 
38  6  58 

//Reference=MNI 
//nullstudy_70
//Subjects=29
34  28  -14 
-66  -20  14 
-12  20  62 
-40  32  -2 
-40  -24  -32 
12  52  42 
-16  -14  20 
-26  -34  -22 

//Reference=MNI 
//nullstudy_71
//Subjects=31
40  58  12 
-66  -18  0 
44  4  6 
-8  -30  26 
6  16  10 
-46  -40  30 
-54  28  14 
-68  -28  -22 

//Reference=MNI 
//nullstudy_72
//Subjects=30
-48  40  -12 
-32  -8  -12 
-10  50  50 
-36  -30  -32 
-62  -48  -24 
-54  14  16 
-4  56  6 
-46  30  2 

//Reference=MNI 
//nullstudy_73
//Subjects=31
-46  -20  64 
-46  -58  -20 
-36  -38  -42 
-10  -34  74 
-2  -32  48 
48  10  34 
-28  -94  18 
-52  4  12 

//Reference=MNI 
//nullstudy_74
//Subjects=30
-4  -6  28 
-12  -92  -4 
40  4  62 
-16  -80  -18 
-6  -12  -20 
-6  24  20 
-30  -88  -4 
0  6  48 

//Reference=MNI 
//nullstudy_75
//Subjects=29
30  32  -16 
-44  -52  -34 
-34  -50  -12 
-30  -60  -40 
-48  -52  -4 
-52  -70  -32 
42  20  18 
42  36  32 

//Reference=MNI 
//nullstudy_76
//Subjects=30
-20  70  0 
-64  -18  34 
-62  -42  -24 
48  48  -8 
60  2  -32 
-10  28  50 
40  32  16 
56  2  -14 

//Reference=MNI 
//nullstudy_77
//Subjects=30
-36  -36  -24 
-46  -56  -52 
-42  48  -18 
-12  -26  16 
0  42  14 
-14  -92  16 
-18  -82  -18 
-2  -4  4 

//Reference=MNI 
//nullstudy_78
//Subjects=29
-12  38  26 
-28  -62  -62 
12  12  72 
14  42  -20 
-16  -14  -22 
-54  -10  40 
-18  -46  64 
-30  -34  -10 

//Reference=MNI 
//nullstudy_79
//Subjects=29
24  34  34 
36  48  34 
-58  -42  -12 
-42  14  -40 
-30  -82  -10 
-58  8  34 
-4  -28  -44 
-44  34  34 

//Reference=MNI 
//nullstudy_80
//Subjects=31
-34  20  -32 
-62  -10  30 
44  10  54 
20  16  62 
50  2  -12 
-12  58  -18 
-38  -84  30 
-54  2  48 

//Reference=MNI 
//nullstudy_81
//Subjects=30
-38  46  28 
-8  -68  -36 
-14  -62  -22 
2  6  42 
-40  24  -16 
-8  -52  -10 
-52  -54  8 
22  4  50 

//Reference=MNI 
//nullstudy_82
//Subjects=30
-56  6  40 
-18  56  0 
-52  -66  -22 
-12  -38  -48 
-30  14  10 
-8  -38  40 
56  6  -20 
-44  -58  32 

//Reference=MNI 
//nullstudy_83
//Subjects=31
-44  -62  -4 
-18  -78  30 
24  48  -20 
-48  40  20 
-42  8  46 
46  16  2 
-10  46  -10 
-24  18  -10 

//Reference=MNI 
//nullstudy_84
//Subjects=30
-58  -62  -8 
-6  34  26 
-32  40  40 
-20  -36  4 
-12  36  -24 
-56  -46  22 
-56  -70  -2 
-4  -4  10 

//Reference=MNI 
//nullstudy_85
//Subjects=30
-12  14  52 
-50  -66  10 
-6  -74  -34 
-46  -28  60 
-46  -4  -16 
-56  -12  30 
-18  46  38 
-22  -42  62 

//Reference=MNI 
//nullstudy_86
//Subjects=31
-4  -6  12 
-6  40  10 
32  32  24 
-52  -74  22 
-60  -24  18 
-38  28  50 
14  24  -2 
42  54  8 

//Reference=MNI 
//nullstudy_87
//Subjects=31
-34  -38  38 
-8  4  -12 
-16  50  40 
16  8  -30 
54  6  -30 
-36  20  14 
-46  -78  -20 
-44  -26  42 

//Reference=MNI 
//nullstudy_88
//Subjects=30
-32  -36  44 
36  6  -14 
54  8  2 
-46  0  -12 
-16  -92  34 
-14  -86  22 
-8  -18  52 
-58  -30  26 

//Reference=MNI 
//nullstudy_89
//Subjects=30
-26  -86  -24 
-22  -92  -36 
-58  -54  28 
-22  -16  76 
-32  -46  -36 
-24  -78  -44 
-18  26  48 
-42  -34  52 

//Reference=MNI 
//nullstudy_90
//Subjects=29
-10  -10  70 
-14  36  54 
22  18  0 
48  6  -8 
-8  -42  -52 
-48  -50  46 
-36  14  -46 
-52  -18  -8 

//Reference=MNI 
//nullstudy_91
//Subjects=32
46  4  48 
12  60  -20 
-16  18  -8 
-4  52  14 
-4  -32  -12 
-56  -34  46 
0  10  64 
-66  -40  18 

//Reference=MNI 
//nullstudy_92
//Subjects=30
22  12  -46 
42  42  8 
-2  -12  76 
-54  -38  18 
-6  18  34 
14  32  44 
-12  6  -30 
-36  8  -2 

//Reference=MNI 
//nullstudy_93
//Subjects=28
-16  -12  -22 
-40  4  36 
-16  24  66 
-48  -54  34 
-12  16  60 
10  46  50 
-16  -78  10 
-60  -46  14 

//Reference=MNI 
//nullstudy_94
//Subjects=32
-40  -24  68 
-34  -50  56 
-20  -90  20 
-48  14  46 
-4  -56  50 
-46  18  -12 
-6  -58  24 
-26  -28  -32 

//Reference=MNI 
//nullstudy_95
//Subjects=28
10  54  32 
44  52  12 
-32  6  -46 
52  44  -12 
-16  -82  -14 
18  50  20 
-46  -68  24 
-34  -56  -38 

//Reference=MNI 
//nullstudy_96
//Subjects=30
-8  -44  58 
-16  24  44 
-42  -32  36 
-12  -70  34 
-6  -62  54 
-12  -68  -36 
12  42  -2 
-36  -20  -34 

//Reference=MNI 
//nullstudy_97
//Subjects=31
6  24  -14 
-10  10  48 
-30  -68  -54 
-20  -82  -26 
-10  -54  0 
-4  -32  -22 
-38  54  -8 
38  32  -10 

//Reference=MNI 
//nullstudy_98
//Subjects=31
2  48  36 
50  14  18 
48  8  42 
-40  -18  50 
2  34  -24 
-42  -56  54 
-36  -40  38 
6  46  50 

//Reference=MNI 
//nullstudy_99
//Subjects=30
-44  30  -20 
-2  -44  64 
4  42  54 
-44  -70  34 
-52  -16  56 
-4  -16  48 
-10  -4  18 
-10  -66  -46 

//Reference=MNI 
//nullstudy_100
//Subjects=30
-48  -22  34 
-46  -78  16 
-54  12  42 
8  36  46 
54  14  -32 
20  4  6 
-6  -8  62 
10  56  20 

