//Reference=MNI 
//truestudy_1
//Subjects=19
46  -66  -7 
46  -68  -6 
47  -65  -5 
45  -64  -5 
48  -66  -8 
46  -67  -5 
47  -66  -5 
47  -66  -8 

//Reference=MNI 
//truestudy_2
//Subjects=19
47  -66  -6 
45  -67  -6 
44  -66  -5 
45  -66  -8 
45  -68  -7 
46  -65  -5 
45  -66  -6 
45  -66  -6 

//Reference=MNI 
//truestudy_3
//Subjects=20
47  -64  -6 
47  -68  -7 
48  -67  -6 
45  -66  -8 
45  -67  -7 
46  -65  -7 
46  -68  -7 
46  -66  -6 

//Reference=MNI 
//nullstudy_1
//Subjects=19
-38  34  10 
-60  -12  -16 
-40  6  36 
-28  -32  -34 
-4  -34  56 
-26  34  -10 
-12  38  46 
-36  -70  38 

//Reference=MNI 
//nullstudy_2
//Subjects=19
-6  -6  42 
-42  -8  -4 
-18  -32  -32 
20  38  -24 
14  36  -18 
38  28  -4 
56  4  -34 
-42  8  -36 

//Reference=MNI 
//nullstudy_3
//Subjects=20
-32  36  42 
42  24  38 
-24  -20  64 
-50  -74  -22 
-26  -30  -10 
-30  -74  14 
-38  50  -4 
-38  -66  10 

//Reference=MNI 
//nullstudy_4
//Subjects=20
-30  58  4 
-10  12  30 
-16  44  34 
-56  -18  32 
46  20  -30 
-18  -8  -14 
-56  0  -22 
-48  -18  2 

//Reference=MNI 
//nullstudy_5
//Subjects=19
-18  -62  38 
-46  -52  28 
-42  -68  30 
-50  -80  18 
-10  30  40 
8  6  -14 
6  38  44 
-44  0  30 

//Reference=MNI 
//nullstudy_6
//Subjects=19
-14  -46  68 
-8  -90  -42 
-54  18  2 
-52  -40  -32 
-32  -66  48 
-50  -62  -24 
-6  -22  -24 
-28  -34  -36 

//Reference=MNI 
//nullstudy_7
//Subjects=20
-28  24  -20 
-10  -64  62 
-14  -66  8 
-38  -22  56 
-66  -22  -24 
40  42  -6 
-36  16  46 
-28  -26  62 

//Reference=MNI 
//nullstudy_8
//Subjects=20
8  8  72 
26  66  6 
-36  8  0 
-38  -54  -38 
20  48  44 
24  68  4 
26  56  4 
-58  -48  8 

//Reference=MNI 
//nullstudy_9
//Subjects=19
-14  20  60 
-12  -96  2 
-44  -54  -58 
20  46  32 
-52  -66  26 
34  8  -10 
6  34  36 
-20  -2  -12 

//Reference=MNI 
//nullstudy_10
//Subjects=21
14  40  -2 
-30  -28  70 
-48  -8  26 
-42  10  20 
6  56  -20 
-16  -10  70 
-8  -74  24 
-50  -14  20 

//Reference=MNI 
//nullstudy_11
//Subjects=21
-64  -32  44 
-4  -62  24 
-50  -2  -8 
-32  26  28 
-56  8  12 
-38  -78  -10 
62  4  10 
16  58  34 

//Reference=MNI 
//nullstudy_12
//Subjects=21
6  52  -30 
-32  -84  12 
-56  26  4 
30  14  30 
-56  -6  -28 
-66  -30  34 
-54  -66  -26 
-42  -70  20 

//Reference=MNI 
//nullstudy_13
//Subjects=21
24  14  -28 
12  46  48 
36  22  -8 
-16  -32  12 
-8  -30  44 
56  20  34 
-68  -36  18 
-12  -22  2 

//Reference=MNI 
//nullstudy_14
//Subjects=19
-20  8  4 
2  52  34 
14  6  74 
4  8  -26 
-20  30  56 
24  4  58 
-52  -24  -28 
52  38  -10 

//Reference=MNI 
//nullstudy_15
//Subjects=21
-14  30  42 
36  2  44 
36  30  -18 
-22  -90  8 
-10  -48  -24 
44  24  46 
-10  -48  -36 
6  4  -16 

//Reference=MNI 
//nullstudy_16
//Subjects=20
46  2  42 
-16  26  42 
-30  -52  -6 
52  24  2 
-6  24  50 
50  24  36 
50  12  -36 
-54  -16  -32 

//Reference=MNI 
//nullstudy_17
//Subjects=21
52  20  -8 
26  22  48 
-36  -36  54 
-6  54  -2 
-12  16  38 
-32  -18  0 
48  36  20 
-24  -66  8 

//Reference=MNI 
//nullstudy_18
//Subjects=20
-28  22  -34 
-34  50  22 
-34  -86  2 
-58  -44  50 
-60  0  32 
-32  -16  -6 
4  40  -28 
-30  -58  60 

//Reference=MNI 
//nullstudy_19
//Subjects=21
-8  -42  30 
-2  52  36 
-66  -32  -16 
-30  -54  62 
-46  -14  -36 
-2  12  60 
44  2  -14 
-18  38  36 

//Reference=MNI 
//nullstudy_20
//Subjects=20
14  56  6 
-34  2  -46 
-38  -68  32 
28  40  26 
-20  -82  -42 
-30  -56  10 
56  32  18 
24  6  -30 

//Reference=MNI 
//nullstudy_21
//Subjects=19
-46  -30  32 
-12  -56  12 
-12  -4  64 
-42  20  22 
-20  24  58 
-10  36  12 
-34  16  -12 
4  6  -26 

//Reference=MNI 
//nullstudy_22
//Subjects=18
-20  -54  20 
-8  -18  66 
-16  -98  0 
-52  -74  28 
42  2  -32 
18  8  52 
18  68  16 
-30  -72  30 

//Reference=MNI 
//nullstudy_23
//Subjects=20
-8  -68  0 
-56  0  -10 
30  14  14 
-36  14  32 
28  4  -14 
12  60  14 
-66  -22  26 
-18  64  24 

//Reference=MNI 
//nullstudy_24
//Subjects=22
-16  -60  -54 
46  8  2 
-22  -24  -14 
-46  0  34 
30  6  -28 
-28  24  -24 
-52  -46  -14 
32  8  34 

//Reference=MNI 
//nullstudy_25
//Subjects=20
-12  40  12 
44  12  -16 
-62  -26  12 
34  12  -40 
-38  -40  14 
-30  -88  12 
-4  -2  76 
-12  -38  64 

//Reference=MNI 
//nullstudy_26
//Subjects=19
40  40  6 
8  10  26 
-62  -58  0 
-10  24  54 
-4  -42  10 
20  26  -28 
-22  46  26 
-58  -30  -28 

//Reference=MNI 
//nullstudy_27
//Subjects=21
-50  -54  54 
-14  -70  -32 
0  4  0 
-50  -54  -22 
18  62  -4 
-20  0  4 
36  6  58 
16  38  -26 

//Reference=MNI 
//nullstudy_28
//Subjects=20
-56  -16  -36 
-10  -72  26 
-18  -38  50 
-60  -42  6 
42  2  14 
-38  -24  64 
-26  -72  28 
-28  -58  -50 

//Reference=MNI 
//nullstudy_29
//Subjects=20
12  16  8 
-14  -62  -50 
-40  -70  10 
34  26  54 
32  28  30 
-2  56  38 
-22  -44  50 
-56  14  8 

//Reference=MNI 
//nullstudy_30
//Subjects=20
-50  -66  -34 
46  40  24 
10  38  24 
38  52  -14 
-42  -50  62 
-8  -16  -26 
-52  8  2 
-52  -10  38 

//Reference=MNI 
//nullstudy_31
//Subjects=21
-42  -2  -16 
-32  18  36 
-48  0  -38 
-6  -38  40 
-20  -46  -14 
50  20  4 
10  56  16 
-14  -30  -2 

//Reference=MNI 
//nullstudy_32
//Subjects=19
0  38  -28 
-18  -96  -20 
-30  -80  -26 
-10  -6  -38 
-6  -46  6 
20  6  2 
-38  -56  -28 
-18  -24  4 

//Reference=MNI 
//nullstudy_33
//Subjects=23
22  38  30 
-54  -26  -28 
-52  -38  -14 
-50  -60  46 
-26  -36  -38 
32  50  -16 
-58  -4  2 
4  12  4 

//Reference=MNI 
//nullstudy_34
//Subjects=19
-50  6  48 
-12  -56  18 
-16  14  -18 
-8  -46  76 
32  20  -24 
-40  -40  36 
-26  -36  -52 
-50  -2  20 

//Reference=MNI 
//nullstudy_35
//Subjects=18
-20  2  -26 
-42  -84  -14 
-10  22  62 
8  48  -18 
-22  6  68 
-48  -38  -26 
-28  44  -20 
-62  -2  -14 

//Reference=MNI 
//nullstudy_36
//Subjects=19
-26  -100  0 
-52  -38  -14 
-28  12  52 
-18  24  40 
-22  -62  20 
-6  -88  -26 
-32  -74  -54 
58  32  6 

//Reference=MNI 
//nullstudy_37
//Subjects=20
44  22  -22 
-24  -48  10 
-50  -56  34 
-2  12  26 
14  4  20 
-8  -62  68 
-10  -72  -52 
-8  4  2 

//Reference=MNI 
//nullstudy_38
//Subjects=19
-56  -8  44 
4  2  48 
-12  -24  -16 
-10  -2  -26 
-26  -86  -46 
-14  68  -10 
38  52  -14 
38  2  0 

//Reference=MNI 
//nullstudy_39
//Subjects=20
-4  -64  -60 
-42  56  -4 
-46  -12  -34 
16  52  -4 
-32  -24  62 
48  16  -30 
-2  -60  4 
12  62  -10 

//Reference=MNI 
//nullstudy_40
//Subjects=18
-38  -86  24 
-66  -42  34 
-36  -48  -24 
14  6  -14 
-10  -2  10 
-26  -88  -28 
-24  -84  44 
-30  2  4 

//Reference=MNI 
//nullstudy_41
//Subjects=19
-6  2  42 
-44  20  16 
32  18  44 
-38  -34  -12 
-8  48  4 
-26  -26  -30 
-60  -16  46 
-44  -60  44 

//Reference=MNI 
//nullstudy_42
//Subjects=19
-44  -80  30 
-50  -10  -8 
6  62  18 
28  22  -32 
-44  -62  8 
-42  30  6 
-46  28  36 
-52  4  16 

//Reference=MNI 
//nullstudy_43
//Subjects=21
-14  4  66 
-2  -80  34 
4  42  -28 
-32  -76  38 
52  6  50 
-22  -86  -10 
-26  -64  44 
18  62  6 

//Reference=MNI 
//nullstudy_44
//Subjects=19
-46  -78  -34 
6  58  24 
46  28  0 
-48  -40  -32 
-40  -46  -32 
-2  -60  6 
-10  -14  6 
-2  -36  70 

//Reference=MNI 
//nullstudy_45
//Subjects=21
34  32  2 
-6  54  42 
-30  28  50 
-2  58  36 
38  20  48 
62  16  20 
12  22  30 
-18  -50  58 

//Reference=MNI 
//nullstudy_46
//Subjects=20
22  6  2 
-8  -28  8 
-2  -32  72 
-12  -46  66 
-22  -62  10 
10  32  14 
-18  32  34 
-38  -6  14 

//Reference=MNI 
//nullstudy_47
//Subjects=21
-4  -8  -18 
-14  -12  -14 
-24  -50  -54 
-26  -46  -22 
-18  -66  -44 
-18  10  22 
-6  16  -12 
-36  54  -16 

//Reference=MNI 
//nullstudy_48
//Subjects=21
-22  -64  -4 
-52  -54  32 
-14  62  -14 
34  16  -34 
-4  60  -22 
48  24  8 
-44  -26  38 
-6  -22  12 

//Reference=MNI 
//nullstudy_49
//Subjects=21
20  22  64 
-46  34  24 
-14  -38  46 
26  2  -18 
-28  -56  52 
-24  -50  40 
-30  -6  44 
0  58  -22 

//Reference=MNI 
//nullstudy_50
//Subjects=21
-30  14  -18 
-56  18  4 
-14  -60  -62 
-40  26  10 
-40  -50  32 
-48  10  18 
-30  -66  -18 
-36  36  -16 

//Reference=MNI 
//nullstudy_51
//Subjects=20
-30  -12  58 
-6  -84  -38 
2  38  6 
-4  -14  -24 
-38  16  -14 
-2  -82  -30 
32  14  -10 
-10  -70  -58 

//Reference=MNI 
//nullstudy_52
//Subjects=20
18  22  64 
-36  -62  56 
-26  36  -12 
-12  68  20 
-38  10  -4 
-24  -44  8 
-46  -42  16 
-8  70  -4 

//Reference=MNI 
//nullstudy_53
//Subjects=20
22  56  32 
-26  -94  -20 
-22  40  34 
-36  46  -12 
-22  -52  56 
-42  -38  -14 
-10  -38  -20 
-34  -54  -34 

//Reference=MNI 
//nullstudy_54
//Subjects=21
-24  10  -8 
-26  -4  -12 
-36  -54  44 
-8  -58  58 
-24  -32  -12 
-26  -60  46 
-20  -24  -34 
-6  -18  -42 

//Reference=MNI 
//nullstudy_55
//Subjects=20
-52  16  42 
16  28  64 
-6  -40  -6 
10  12  36 
-56  -6  22 
2  54  40 
-42  -66  -4 
-14  -52  -48 

//Reference=MNI 
//nullstudy_56
//Subjects=20
-6  -22  72 
-2  46  16 
-44  -14  42 
-42  -32  62 
-60  -24  48 
-32  56  14 
2  16  30 
26  12  68 

//Reference=MNI 
//nullstudy_57
//Subjects=22
-10  32  -8 
-28  -16  58 
-26  -24  -30 
-32  -78  32 
-6  36  14 
40  16  30 
-28  -80  -38 
42  10  -32 

//Reference=MNI 
//nullstudy_58
//Subjects=20
42  6  62 
-22  -82  -36 
-10  -58  -18 
34  20  4 
-50  -58  -4 
-62  -30  -2 
-14  -56  -50 
-38  -16  -22 

//Reference=MNI 
//nullstudy_59
//Subjects=19
-20  -44  58 
-22  -38  -34 
-64  -12  -14 
-52  -66  16 
-4  -22  -36 
-22  -14  -26 
-8  32  18 
-40  0  42 

//Reference=MNI 
//nullstudy_60
//Subjects=19
-48  18  -28 
-28  -54  -18 
-18  -64  26 
-12  -44  -20 
-12  66  -2 
-46  -42  18 
16  42  2 
-24  -66  18 

//Reference=MNI 
//nullstudy_61
//Subjects=19
-16  20  50 
24  44  -18 
30  6  66 
-24  22  -24 
0  6  2 
-34  42  -14 
-10  54  10 
-44  -68  -52 

//Reference=MNI 
//nullstudy_62
//Subjects=19
-62  -14  -34 
-30  -16  48 
-6  22  -12 
-30  -42  64 
-18  -28  -40 
4  46  0 
-24  -80  -42 
0  48  28 

//Reference=MNI 
//nullstudy_63
//Subjects=22
0  26  -18 
40  20  -8 
-24  54  -20 
-20  -58  50 
-34  -42  -54 
24  40  -14 
-8  -18  54 
36  36  20 

//Reference=MNI 
//nullstudy_64
//Subjects=20
-48  10  40 
-20  -50  64 
-38  0  34 
-16  -106  2 
14  54  -24 
-36  56  -12 
44  2  46 
50  22  12 

//Reference=MNI 
//nullstudy_65
//Subjects=21
-36  16  -12 
-14  -8  64 
-46  -12  32 
-6  -48  -24 
-22  -102  12 
-44  -58  54 
-56  -34  44 
-6  22  44 

//Reference=MNI 
//nullstudy_66
//Subjects=21
-10  -74  58 
-54  8  -32 
-46  8  12 
-8  -20  30 
-4  -18  46 
62  6  -18 
-36  8  -38 
14  36  48 

//Reference=MNI 
//nullstudy_67
//Subjects=19
-4  -62  -44 
30  2  -12 
48  16  28 
26  48  12 
-12  -56  -12 
-44  0  -48 
-14  -14  2 
-12  32  54 

//Reference=MNI 
//nullstudy_68
//Subjects=19
20  8  4 
-36  -80  44 
-20  -96  24 
-50  -46  22 
-6  -50  -8 
-54  26  -2 
40  16  52 
-2  -104  4 

//Reference=MNI 
//nullstudy_69
//Subjects=19
-58  -42  26 
10  32  -12 
-40  -68  2 
-38  32  40 
48  6  -44 
-28  -90  6 
-6  -70  36 
-2  14  -20 

//Reference=MNI 
//nullstudy_70
//Subjects=21
32  38  -20 
-12  -60  -54 
-32  -96  4 
-8  10  -2 
-30  -58  -50 
-28  -84  2 
-44  4  38 
10  52  36 

//Reference=MNI 
//nullstudy_71
//Subjects=21
-66  -50  4 
-18  -72  -54 
-40  34  42 
-8  -80  18 
2  12  32 
-22  18  46 
-14  -64  -24 
-8  -52  34 

//Reference=MNI 
//nullstudy_72
//Subjects=20
6  52  -30 
-34  -66  -38 
-34  -2  -44 
-50  -72  -16 
-10  0  62 
-44  -40  46 
42  8  -16 
-6  -78  -18 

//Reference=MNI 
//nullstudy_73
//Subjects=23
-8  -30  62 
-18  -56  10 
-60  -42  48 
42  8  -34 
-28  34  24 
-42  -60  -36 
-28  66  4 
-2  22  -4 

//Reference=MNI 
//nullstudy_74
//Subjects=20
-8  -64  62 
28  58  4 
-48  28  -16 
-10  -94  2 
16  14  -36 
32  48  -6 
-22  -86  -48 
-42  8  28 

//Reference=MNI 
//nullstudy_75
//Subjects=20
-18  44  -22 
-20  -80  -22 
-42  -54  -28 
-46  8  12 
-48  -22  52 
-46  -76  34 
-2  -82  22 
-22  -54  54 

//Reference=MNI 
//nullstudy_76
//Subjects=19
-54  -74  4 
42  32  14 
-48  -22  12 
-30  12  54 
-26  -92  -8 
-18  6  -4 
-18  -4  58 
-18  -16  56 

//Reference=MNI 
//nullstudy_77
//Subjects=20
-10  -26  64 
6  44  20 
26  4  60 
38  20  -42 
42  8  -24 
-22  -74  -12 
-42  -56  14 
-40  -32  -22 

//Reference=MNI 
//nullstudy_78
//Subjects=20
60  8  28 
6  30  -28 
-12  -10  42 
-28  34  34 
46  32  38 
48  50  -8 
12  8  34 
-6  -60  42 

//Reference=MNI 
//nullstudy_79
//Subjects=20
-30  -70  -18 
-26  -92  -22 
-6  -18  -32 
-34  6  58 
-36  -40  68 
-56  -38  18 
-36  -64  46 
-18  -38  12 

//Reference=MNI 
//nullstudy_80
//Subjects=18
-24  -10  64 
16  2  68 
-6  -56  42 
36  12  58 
-18  -14  64 
-2  -42  18 
-4  38  30 
36  22  0 

//Reference=MNI 
//nullstudy_81
//Subjects=23
-12  -32  72 
-36  -36  66 
32  62  0 
-20  6  68 
-56  -36  -16 
-56  -32  -4 
-52  -10  52 
-18  -64  -24 

//Reference=MNI 
//nullstudy_82
//Subjects=20
-14  -48  -34 
-12  -90  4 
-10  -96  -16 
-54  6  -32 
-34  54  12 
36  56  -12 
-10  54  -4 
-42  -28  -24 

//Reference=MNI 
//nullstudy_83
//Subjects=19
-26  -10  2 
-14  -94  20 
20  46  30 
-6  36  -12 
-30  -58  -20 
-26  -36  74 
-2  -10  72 
-26  38  -10 

//Reference=MNI 
//nullstudy_84
//Subjects=19
-22  -64  30 
-22  -80  -36 
54  4  24 
-12  -84  -8 
54  16  22 
-34  12  62 
-12  6  54 
-18  -34  2 

//Reference=MNI 
//nullstudy_85
//Subjects=19
24  18  -14 
-2  -22  20 
-10  50  44 
-8  -90  8 
34  26  0 
14  40  -22 
-10  8  -10 
10  66  10 

//Reference=MNI 
//nullstudy_86
//Subjects=20
-44  -78  -24 
-38  20  -8 
-18  42  46 
-12  -56  -24 
-38  -14  -38 
-16  -2  -40 
58  14  36 
-20  -76  12 

//Reference=MNI 
//nullstudy_87
//Subjects=19
-32  -2  -38 
34  26  -20 
58  10  28 
-46  10  48 
44  18  -38 
-50  -68  22 
-52  -26  20 
-58  -48  38 

//Reference=MNI 
//nullstudy_88
//Subjects=20
36  20  4 
-12  -58  68 
-16  -64  -4 
8  36  20 
-46  34  16 
-22  -34  -16 
-42  -74  -30 
-20  46  18 

//Reference=MNI 
//nullstudy_89
//Subjects=20
-26  -68  -10 
14  44  44 
-64  -34  32 
38  54  -16 
60  2  -32 
-20  -66  -52 
-2  -92  -4 
-54  -6  -30 

//Reference=MNI 
//nullstudy_90
//Subjects=21
-16  -80  -6 
-16  -92  18 
-4  -26  2 
-14  66  2 
-44  28  2 
-30  -72  -58 
-30  -86  -24 
-2  -8  46 

//Reference=MNI 
//nullstudy_91
//Subjects=20
-10  -44  32 
-40  28  -12 
-8  -54  -42 
-38  28  -14 
-60  -16  -36 
-34  -88  -30 
-54  -64  36 
-38  -62  50 

//Reference=MNI 
//nullstudy_92
//Subjects=21
-12  -58  -48 
-14  -48  -26 
18  16  16 
46  14  4 
62  10  14 
-8  46  -8 
-66  -44  -4 
-26  -2  -42 

//Reference=MNI 
//nullstudy_93
//Subjects=20
-34  -42  70 
42  42  26 
-24  -14  58 
-16  36  46 
-34  50  28 
-64  -54  8 
-26  -50  34 
8  58  -18 

//Reference=MNI 
//nullstudy_94
//Subjects=21
-64  -22  -14 
-32  30  44 
-2  56  18 
2  34  54 
-40  -66  -36 
10  54  0 
-2  -84  -2 
-24  -52  2 

//Reference=MNI 
//nullstudy_95
//Subjects=21
12  2  40 
-6  -82  -24 
-42  -58  14 
14  26  54 
-38  22  26 
42  4  22 
-56  -50  24 
10  42  -24 

//Reference=MNI 
//nullstudy_96
//Subjects=20
-4  -52  -58 
-34  -82  -20 
-48  -46  -44 
-20  36  -16 
-22  -56  -10 
8  44  -26 
-2  -32  -56 
-22  64  22 

//Reference=MNI 
//nullstudy_97
//Subjects=19
-16  22  -2 
-64  -10  -12 
-56  -34  46 
-16  -10  68 
-18  -74  6 
38  40  -12 
10  14  62 
-48  -54  4 

//Reference=MNI 
//nullstudy_98
//Subjects=20
-30  28  -12 
-40  46  4 
-10  -62  -12 
32  30  28 
-46  6  12 
-62  -20  -2 
-32  -80  4 
-66  -36  -24 

//Reference=MNI 
//nullstudy_99
//Subjects=19
-42  -28  -28 
16  4  -26 
-40  -68  32 
-32  -4  44 
-36  40  34 
14  16  2 
-18  -56  22 
-26  -8  -30 

//Reference=MNI 
//nullstudy_100
//Subjects=20
42  6  -48 
-16  -18  -6 
10  56  -22 
-60  -8  14 
-50  -60  46 
-20  -4  -6 
-12  8  36 
-34  58  18 

