//Reference=MNI 
//truestudy_1
//Subjects=21
46  -65  -6 
45  -65  -5 
46  -64  -4 
47  -67  -5 
46  -67  -4 
47  -66  -6 
45  -65  -7 
45  -66  -7 

//Reference=MNI 
//truestudy_2
//Subjects=21
47  -65  -7 
48  -67  -7 
46  -66  -5 
46  -65  -7 
46  -67  -6 
45  -66  -6 
45  -66  -6 
47  -66  -6 

//Reference=MNI 
//truestudy_3
//Subjects=20
45  -67  -7 
45  -67  -6 
47  -65  -5 
46  -65  -7 
46  -66  -6 
46  -67  -6 
46  -67  -4 
46  -67  -5 

//Reference=MNI 
//nullstudy_1
//Subjects=21
-12  0  14 
-30  -88  -36 
12  50  8 
16  20  54 
-16  -44  -8 
-4  20  42 
-30  -82  -46 
-8  -52  -30 

//Reference=MNI 
//nullstudy_2
//Subjects=21
-36  -56  -62 
0  4  50 
-32  -70  42 
-30  -82  38 
58  18  -2 
-12  -18  4 
-52  -44  10 
-56  2  -6 

//Reference=MNI 
//nullstudy_3
//Subjects=20
-58  -12  -26 
-52  26  -6 
-46  0  20 
2  16  30 
-50  0  -8 
16  20  14 
-8  -38  -10 
48  20  8 

//Reference=MNI 
//nullstudy_4
//Subjects=21
-24  -88  2 
-32  58  -16 
-56  -48  -24 
8  54  12 
60  26  12 
28  34  -18 
-14  -80  -54 
-32  20  22 

//Reference=MNI 
//nullstudy_5
//Subjects=22
10  4  58 
-40  34  32 
-44  -38  -14 
-38  -68  -20 
-18  -42  62 
-28  4  6 
8  46  12 
-32  -38  -14 

//Reference=MNI 
//nullstudy_6
//Subjects=21
-52  -6  10 
18  18  56 
-4  22  -24 
-8  -40  42 
50  6  -22 
-50  -40  -6 
26  34  34 
-52  22  32 

//Reference=MNI 
//nullstudy_7
//Subjects=20
28  10  -26 
58  34  2 
40  4  -8 
50  24  26 
-34  -42  38 
-50  -82  -6 
-22  -94  -26 
44  22  46 

//Reference=MNI 
//nullstudy_8
//Subjects=22
-24  -86  24 
-10  50  -10 
4  8  42 
-24  -62  -40 
18  24  66 
-20  -80  -14 
18  8  -36 
-4  -76  48 

//Reference=MNI 
//nullstudy_9
//Subjects=21
-32  -48  -6 
-18  -76  -2 
24  8  44 
36  50  24 
42  30  24 
-38  6  48 
-30  -88  -38 
54  10  -20 

//Reference=MNI 
//nullstudy_10
//Subjects=20
-16  -76  18 
4  58  14 
-32  -56  66 
-4  -54  -12 
6  16  54 
-26  0  6 
32  16  14 
6  62  -20 

//Reference=MNI 
//nullstudy_11
//Subjects=20
54  28  10 
-28  -74  -46 
-30  38  42 
12  10  50 
-40  -48  -16 
-62  -40  -18 
-22  -52  -24 
-50  -14  -40 

//Reference=MNI 
//nullstudy_12
//Subjects=20
-50  -2  40 
-14  48  16 
12  32  22 
-18  8  48 
2  42  14 
-36  -90  6 
-12  -28  40 
10  72  6 

//Reference=MNI 
//nullstudy_13
//Subjects=21
-18  42  -18 
-42  -50  44 
40  2  60 
-58  0  -14 
-32  4  4 
-24  -52  -6 
-52  -58  -46 
-16  -74  -20 

//Reference=MNI 
//nullstudy_14
//Subjects=20
30  30  42 
16  50  2 
-2  68  14 
-14  -16  -20 
-32  -38  -16 
-44  0  36 
-4  -20  18 
60  2  -4 

//Reference=MNI 
//nullstudy_15
//Subjects=20
-18  16  -18 
-4  -84  -2 
-58  -58  -2 
-54  -60  18 
-52  -22  -28 
-4  -44  52 
-54  -12  42 
-10  -34  -22 

//Reference=MNI 
//nullstudy_16
//Subjects=20
-48  -72  -30 
-14  -62  -20 
-2  -32  -24 
-14  -8  74 
-10  -78  -38 
-42  -76  -12 
6  48  46 
-46  20  10 

//Reference=MNI 
//nullstudy_17
//Subjects=19
-34  -76  -32 
-42  -66  -46 
-30  26  44 
-4  -4  -6 
-30  -6  -30 
-48  -50  54 
-34  46  26 
-12  44  -10 

//Reference=MNI 
//nullstudy_18
//Subjects=20
-38  -6  36 
-10  38  18 
2  28  58 
30  18  -22 
-52  -36  26 
-28  0  62 
12  52  16 
30  14  58 

//Reference=MNI 
//nullstudy_19
//Subjects=20
-44  48  12 
-56  8  0 
-38  -2  -10 
-14  -20  -28 
-42  -44  -16 
-50  -58  16 
-20  -40  -26 
-42  -84  26 

//Reference=MNI 
//nullstudy_20
//Subjects=19
-6  -54  68 
-38  12  42 
32  26  -26 
-10  -30  80 
-26  -42  -8 
-58  -48  38 
-34  -44  -18 
26  16  58 

//Reference=MNI 
//nullstudy_21
//Subjects=19
-30  -70  58 
-54  18  12 
-20  -34  60 
-56  0  -28 
36  20  -38 
0  20  -10 
-40  -74  36 
-20  -42  62 

//Reference=MNI 
//nullstudy_22
//Subjects=21
-50  12  -36 
-40  -8  50 
-58  -14  -28 
18  10  -22 
-14  -90  -38 
-4  -22  54 
-30  -34  -40 
-44  50  -4 

//Reference=MNI 
//nullstudy_23
//Subjects=19
8  56  40 
26  44  16 
-64  -12  22 
-22  -76  -54 
-62  -28  18 
-48  0  -10 
-12  -14  6 
-14  -14  8 

//Reference=MNI 
//nullstudy_24
//Subjects=20
38  24  -36 
-10  -56  -40 
-20  -88  -34 
6  4  32 
-16  -100  6 
-38  -78  36 
36  8  10 
44  10  -34 

//Reference=MNI 
//nullstudy_25
//Subjects=20
-50  -6  -10 
-46  -86  -10 
-10  -20  4 
-28  -8  8 
-50  -82  -8 
-62  -26  -20 
-56  0  24 
42  8  14 

//Reference=MNI 
//nullstudy_26
//Subjects=18
-36  -56  -32 
-4  -82  -42 
-8  -10  -18 
12  68  16 
4  32  42 
6  26  52 
2  36  -26 
42  34  -8 

//Reference=MNI 
//nullstudy_27
//Subjects=20
-44  -30  58 
-28  -74  -38 
-58  -6  -18 
-50  32  -8 
-4  -14  -10 
-38  -8  -32 
-24  54  -16 
-22  22  50 

//Reference=MNI 
//nullstudy_28
//Subjects=19
-54  -4  28 
-36  -12  -34 
-30  36  28 
-28  -50  -10 
-54  36  -8 
60  16  0 
-60  -40  -20 
-62  -26  8 

//Reference=MNI 
//nullstudy_29
//Subjects=21
-20  -10  -46 
22  34  28 
36  16  -28 
-36  -12  -10 
50  20  -4 
-36  -54  66 
-22  56  8 
-28  6  56 

//Reference=MNI 
//nullstudy_30
//Subjects=21
-62  -14  38 
-20  -70  -36 
-26  -100  -14 
-18  -16  -14 
14  40  20 
-20  -90  -26 
-12  14  0 
-40  -76  -40 

//Reference=MNI 
//nullstudy_31
//Subjects=19
30  26  -22 
-48  38  18 
-64  -22  10 
-14  -60  44 
26  54  10 
4  6  -18 
-56  -30  -10 
-8  -26  -44 

//Reference=MNI 
//nullstudy_32
//Subjects=21
-28  -52  -50 
-30  -22  56 
4  62  -12 
-2  -36  -44 
34  4  58 
26  50  26 
-32  -38  48 
-42  54  2 

//Reference=MNI 
//nullstudy_33
//Subjects=20
-30  -22  -14 
-48  -8  32 
30  10  0 
12  22  60 
-34  -20  70 
-44  30  34 
-24  2  -48 
-14  -50  -16 

//Reference=MNI 
//nullstudy_34
//Subjects=20
-50  16  8 
-18  -56  -56 
-58  -16  10 
-6  62  -4 
-50  8  20 
-12  26  56 
-42  44  18 
-66  -50  -10 

//Reference=MNI 
//nullstudy_35
//Subjects=20
50  4  50 
52  6  12 
-18  -68  24 
14  40  18 
-16  52  28 
-24  -42  56 
-50  12  10 
-62  -64  6 

//Reference=MNI 
//nullstudy_36
//Subjects=21
44  4  14 
-34  -24  58 
-20  -76  10 
-24  -56  46 
-56  10  16 
-20  52  -4 
-6  -56  -50 
-16  -16  -30 

//Reference=MNI 
//nullstudy_37
//Subjects=18
-8  -62  -6 
-18  -68  56 
-36  -66  30 
-36  -40  -34 
24  38  -20 
-36  10  -2 
-54  -54  14 
34  28  42 

//Reference=MNI 
//nullstudy_38
//Subjects=20
-60  -22  -6 
-32  -30  18 
-16  -38  46 
-16  46  2 
-22  -66  58 
-2  22  44 
10  10  74 
0  18  -6 

//Reference=MNI 
//nullstudy_39
//Subjects=18
-6  -76  -2 
2  4  74 
-46  12  6 
-10  -30  -6 
-36  24  28 
12  14  0 
-24  -22  -18 
-40  2  42 

//Reference=MNI 
//nullstudy_40
//Subjects=20
-50  -10  -44 
-22  4  -4 
2  6  48 
-30  -74  44 
-48  -64  44 
-22  50  42 
-14  -68  46 
40  14  28 

//Reference=MNI 
//nullstudy_41
//Subjects=19
-38  -62  -32 
-26  -52  4 
10  6  40 
-42  -42  4 
4  2  56 
-18  20  -28 
-32  -56  42 
-46  -54  -42 

//Reference=MNI 
//nullstudy_42
//Subjects=20
-38  -78  26 
-62  -24  -16 
-6  56  26 
-32  -60  42 
-16  -52  -60 
-6  12  68 
-6  -38  -26 
-12  -70  34 

//Reference=MNI 
//nullstudy_43
//Subjects=20
-10  -74  -56 
18  46  32 
-4  -20  44 
-14  8  -8 
-34  -72  30 
-18  12  -14 
-6  -70  -40 
-34  -70  44 

//Reference=MNI 
//nullstudy_44
//Subjects=19
-46  -46  -38 
-56  -40  12 
-24  -40  58 
-26  -64  30 
-10  -90  16 
-46  -54  -2 
-12  -84  6 
-40  22  24 

//Reference=MNI 
//nullstudy_45
//Subjects=20
-36  -84  -20 
-18  -34  8 
-44  -36  64 
-64  -20  -2 
-50  -28  -30 
-32  -70  -6 
30  22  -4 
20  60  10 

//Reference=MNI 
//nullstudy_46
//Subjects=21
22  50  22 
-48  -8  -28 
-40  -60  48 
-8  60  38 
-30  -32  64 
-36  -8  44 
-8  60  -4 
-32  56  26 

//Reference=MNI 
//nullstudy_47
//Subjects=20
14  64  28 
-34  -48  -46 
42  42  36 
6  64  22 
-60  -4  -8 
-12  -70  10 
-36  34  8 
-14  -46  0 

//Reference=MNI 
//nullstudy_48
//Subjects=19
-36  46  -14 
18  24  -2 
-34  -2  42 
-52  6  -40 
-14  -2  62 
-2  56  -2 
-8  52  36 
-6  12  50 

//Reference=MNI 
//nullstudy_49
//Subjects=21
6  30  28 
-22  16  -12 
0  22  26 
-4  12  50 
-24  50  10 
-46  -52  30 
-26  -32  -20 
2  12  -10 

//Reference=MNI 
//nullstudy_50
//Subjects=21
-28  -84  -4 
-54  14  -22 
-68  -30  -8 
34  12  -14 
-18  -26  -28 
-16  -96  12 
-40  -16  58 
-28  -68  -24 

//Reference=MNI 
//nullstudy_51
//Subjects=21
-60  -6  8 
30  14  34 
-18  -72  50 
-50  16  44 
-16  20  -2 
38  40  10 
-36  26  -26 
-6  -56  -62 

//Reference=MNI 
//nullstudy_52
//Subjects=18
2  54  -14 
-12  -90  18 
-24  -58  6 
-46  -56  -6 
-8  0  68 
-42  10  24 
-50  -12  -46 
-44  -4  56 

//Reference=MNI 
//nullstudy_53
//Subjects=21
-30  -54  -56 
30  24  12 
-10  14  10 
-24  -86  22 
-58  -24  -28 
-36  -66  -18 
-44  -20  50 
-24  36  34 

//Reference=MNI 
//nullstudy_54
//Subjects=20
-48  -2  -44 
-52  -22  -22 
12  10  56 
-34  -92  -14 
-30  12  -24 
-8  -64  -24 
-16  -16  -22 
-2  -92  16 

//Reference=MNI 
//nullstudy_55
//Subjects=20
-4  -42  -66 
-8  -58  -40 
4  42  54 
-2  -36  74 
-32  44  6 
-50  -44  24 
12  12  -16 
-56  -20  -16 

//Reference=MNI 
//nullstudy_56
//Subjects=19
38  36  36 
-34  -38  14 
-38  38  18 
-24  -50  52 
6  4  70 
-4  -94  8 
-44  -32  18 
-44  -16  16 

//Reference=MNI 
//nullstudy_57
//Subjects=20
-56  -54  8 
-46  -20  40 
4  36  20 
-4  -54  -40 
-10  -88  -30 
-66  -32  -18 
-42  -6  14 
-40  -80  16 

//Reference=MNI 
//nullstudy_58
//Subjects=20
-40  20  -4 
16  2  -6 
-10  -56  -24 
10  70  -2 
-26  -42  -20 
-26  -40  64 
36  34  26 
-18  -44  14 

//Reference=MNI 
//nullstudy_59
//Subjects=21
24  6  44 
-34  -78  -18 
-20  -66  24 
-10  14  48 
-20  -54  -62 
54  12  34 
-8  -10  4 
-42  -34  -20 

//Reference=MNI 
//nullstudy_60
//Subjects=20
-42  32  38 
-12  -56  -64 
-10  -98  -8 
2  40  32 
-56  -44  0 
2  18  -24 
-64  -44  26 
-18  4  62 

//Reference=MNI 
//nullstudy_61
//Subjects=21
44  28  48 
-36  -46  68 
-10  -68  12 
50  10  -24 
-10  -10  -28 
-42  16  38 
-36  12  32 
-16  -20  64 

//Reference=MNI 
//nullstudy_62
//Subjects=21
-6  -58  12 
-40  -34  -22 
-32  -2  8 
-42  30  44 
-2  52  28 
-14  -22  8 
6  12  -16 
-26  -82  -4 

//Reference=MNI 
//nullstudy_63
//Subjects=19
-20  -26  -36 
-64  -26  30 
-2  -52  68 
44  18  12 
-6  -24  -30 
-12  16  -8 
-12  6  52 
54  4  38 

//Reference=MNI 
//nullstudy_64
//Subjects=19
6  56  20 
8  14  -4 
-36  54  -8 
-18  -90  34 
-4  24  68 
44  32  0 
-20  -58  -28 
-32  -20  12 

//Reference=MNI 
//nullstudy_65
//Subjects=20
-34  36  10 
-14  40  16 
-44  -36  24 
-22  -14  48 
-36  54  8 
26  12  62 
10  38  10 
-10  38  10 

//Reference=MNI 
//nullstudy_66
//Subjects=19
-20  -78  28 
-18  -18  -18 
-24  -6  -42 
-8  -88  -24 
-60  -40  4 
36  14  -34 
-46  0  -20 
-12  66  8 

//Reference=MNI 
//nullstudy_67
//Subjects=20
-42  42  32 
-50  -56  -16 
8  24  4 
8  20  -16 
4  8  -22 
-44  -64  16 
4  50  -18 
-24  -42  48 

//Reference=MNI 
//nullstudy_68
//Subjects=20
-30  -44  -26 
-4  -50  -48 
-48  -36  10 
-40  -14  58 
44  50  -10 
-40  -74  22 
-42  -8  -2 
40  56  12 

//Reference=MNI 
//nullstudy_69
//Subjects=19
8  58  -14 
32  50  2 
-36  -6  6 
20  32  42 
42  32  -22 
52  18  -10 
-46  -62  2 
-46  32  14 

//Reference=MNI 
//nullstudy_70
//Subjects=19
38  40  16 
-54  0  -28 
-20  -68  6 
2  40  38 
-34  -44  56 
36  60  -4 
-12  -84  -30 
-26  -16  -14 

//Reference=MNI 
//nullstudy_71
//Subjects=17
14  72  2 
-4  -18  28 
-22  24  58 
-46  0  -18 
-14  -62  -40 
-30  -38  -8 
28  42  22 
-12  -98  -10 

//Reference=MNI 
//nullstudy_72
//Subjects=21
-42  -76  -42 
-22  -10  -24 
-6  62  -6 
-4  50  32 
-38  -10  18 
-12  -28  78 
50  6  10 
-32  -82  -20 

//Reference=MNI 
//nullstudy_73
//Subjects=20
-38  -78  -24 
6  30  -24 
-22  46  24 
40  28  26 
-34  -28  12 
-26  -52  40 
-36  10  22 
-52  -20  -36 

//Reference=MNI 
//nullstudy_74
//Subjects=18
8  32  10 
6  20  -6 
40  4  -2 
-4  -8  -14 
-34  -16  14 
-44  -72  -48 
4  36  0 
-52  -6  18 

//Reference=MNI 
//nullstudy_75
//Subjects=21
-48  -6  -42 
-22  38  -8 
48  20  -10 
-8  -44  0 
-6  36  -14 
-4  22  64 
-38  -22  -22 
-26  42  48 

//Reference=MNI 
//nullstudy_76
//Subjects=20
-12  -68  34 
6  14  8 
-4  -74  34 
-40  16  20 
-38  -68  38 
-32  -18  72 
-66  -34  28 
-54  -54  50 

//Reference=MNI 
//nullstudy_77
//Subjects=20
-2  -68  2 
50  50  -4 
-48  -62  -6 
-44  12  -12 
-48  34  -12 
6  36  -18 
-12  -24  12 
-28  -60  46 

//Reference=MNI 
//nullstudy_78
//Subjects=20
62  12  20 
-42  52  12 
-14  6  14 
-20  -12  -34 
-44  -72  -36 
-50  -32  -10 
-30  -80  -36 
6  16  62 

//Reference=MNI 
//nullstudy_79
//Subjects=20
-34  -76  10 
-26  -80  42 
-6  -2  4 
-64  -28  4 
6  62  24 
0  2  20 
-36  52  -2 
-2  -58  52 

//Reference=MNI 
//nullstudy_80
//Subjects=19
-52  -36  -10 
-16  6  52 
40  44  32 
-22  -36  64 
-16  -58  2 
-42  -22  36 
-6  44  22 
-26  18  -10 

//Reference=MNI 
//nullstudy_81
//Subjects=20
-56  -44  14 
-22  -26  -24 
-50  -56  -32 
6  62  -4 
-52  12  28 
-18  -92  10 
36  20  -20 
-14  56  -22 

//Reference=MNI 
//nullstudy_82
//Subjects=20
-2  -14  38 
-22  -62  16 
-26  32  28 
-6  -64  -42 
-18  -70  44 
-12  -78  0 
-44  6  4 
-54  -12  -6 

//Reference=MNI 
//nullstudy_83
//Subjects=21
-34  -4  -32 
0  10  -8 
42  46  2 
-14  -96  4 
-40  30  40 
-2  -16  -16 
-14  -74  56 
2  32  -24 

//Reference=MNI 
//nullstudy_84
//Subjects=22
6  12  34 
56  24  6 
-2  -36  44 
-42  12  -42 
18  36  34 
-4  -96  16 
-8  -64  52 
-32  -88  -2 

//Reference=MNI 
//nullstudy_85
//Subjects=20
58  4  -10 
-4  6  -28 
48  2  -18 
38  20  46 
-20  -26  -24 
-14  36  42 
28  48  14 
-32  42  14 

//Reference=MNI 
//nullstudy_86
//Subjects=19
16  2  16 
-26  -34  -14 
-18  -66  58 
-62  -4  -2 
-54  -52  52 
-20  -90  0 
44  40  32 
-50  -58  28 

//Reference=MNI 
//nullstudy_87
//Subjects=20
-28  -86  -12 
-24  -34  -14 
-66  -28  -24 
-32  28  -6 
-52  6  24 
-2  -70  -32 
0  8  66 
26  42  12 

//Reference=MNI 
//nullstudy_88
//Subjects=21
48  2  -36 
-8  0  -22 
-48  8  32 
-46  52  4 
-16  -8  -40 
-42  10  20 
4  18  34 
-22  -66  24 

//Reference=MNI 
//nullstudy_89
//Subjects=20
-18  24  -26 
-24  -68  26 
-46  -74  -28 
-22  -52  42 
-10  -100  -6 
-46  -2  -6 
-50  30  28 
44  2  4 

//Reference=MNI 
//nullstudy_90
//Subjects=19
46  4  -40 
-12  -18  20 
16  4  -42 
-46  -22  38 
10  18  56 
-46  8  -30 
50  36  0 
0  14  56 

//Reference=MNI 
//nullstudy_91
//Subjects=20
14  48  20 
50  20  8 
-42  2  -42 
-52  -4  38 
-2  -60  -50 
-54  26  28 
26  6  48 
22  8  56 

//Reference=MNI 
//nullstudy_92
//Subjects=21
-66  -14  -18 
-34  22  46 
-52  -60  10 
-4  -64  54 
0  36  52 
-16  -88  38 
40  36  18 
-16  -36  -24 

//Reference=MNI 
//nullstudy_93
//Subjects=20
46  40  -14 
-42  -6  -8 
-16  -72  60 
-12  -90  -40 
-10  -44  -2 
-30  60  0 
-48  10  -18 
26  48  6 

//Reference=MNI 
//nullstudy_94
//Subjects=21
-42  -18  12 
-14  -8  72 
-56  -46  -20 
18  20  48 
-64  -28  28 
-28  16  -44 
-48  -50  -30 
-56  -18  -36 

//Reference=MNI 
//nullstudy_95
//Subjects=19
-6  -64  56 
6  60  24 
-40  28  18 
22  54  -2 
-4  -102  10 
-14  60  18 
-16  -2  18 
-66  -40  -4 

//Reference=MNI 
//nullstudy_96
//Subjects=20
-36  -56  44 
-32  -76  -44 
54  8  -30 
4  18  -20 
-40  8  -8 
-38  42  32 
-56  4  12 
-24  -62  38 

//Reference=MNI 
//nullstudy_97
//Subjects=18
24  32  30 
-46  26  20 
-40  -10  40 
32  34  -24 
-16  -90  -44 
-28  -26  70 
-56  -54  -12 
-32  -56  60 

//Reference=MNI 
//nullstudy_98
//Subjects=19
-4  6  -16 
-18  14  -18 
-34  44  0 
-46  -20  56 
-18  -92  -30 
10  56  38 
18  14  58 
-28  56  26 

//Reference=MNI 
//nullstudy_99
//Subjects=19
-6  -18  28 
-42  -76  -32 
-16  24  -18 
-18  8  54 
-16  -8  62 
24  52  20 
-36  -50  34 
-2  -24  60 

//Reference=MNI 
//nullstudy_100
//Subjects=21
-12  2  -16 
-8  26  28 
-32  -70  36 
6  56  -12 
14  14  -10 
-46  18  -12 
20  32  52 
-16  6  60 

