//Reference=MNI 
//truestudy_1
//Subjects=8
47  -67  -6 
45  -67  -6 
46  -64  -7 
46  -66  -5 
47  -66  -5 
46  -66  -5 
47  -65  -6 
47  -67  -6 

//Reference=MNI 
//truestudy_2
//Subjects=11
48  -67  -7 
46  -64  -6 
47  -67  -5 
46  -66  -8 
47  -66  -6 
46  -67  -5 
46  -66  -6 
46  -66  -6 

//Reference=MNI 
//truestudy_3
//Subjects=10
47  -64  -5 
46  -66  -7 
47  -66  -6 
45  -68  -7 
47  -67  -6 
47  -65  -6 
46  -66  -5 
46  -65  -5 

//Reference=MNI 
//nullstudy_1
//Subjects=8
-8  -56  56 
2  62  -20 
34  54  -18 
-50  30  20 
10  34  52 
-28  -8  2 
6  32  32 
2  46  50 

//Reference=MNI 
//nullstudy_2
//Subjects=11
-28  -44  68 
-30  2  -12 
-10  16  54 
-56  -32  12 
-52  -36  52 
-64  -44  18 
-48  -66  20 
-4  54  2 

//Reference=MNI 
//nullstudy_3
//Subjects=10
-14  -28  38 
62  8  -10 
36  10  48 
-2  -86  0 
-40  -34  52 
8  34  34 
-50  12  8 
-8  -68  18 

//Reference=MNI 
//nullstudy_4
//Subjects=10
-14  -62  -40 
-50  10  4 
-58  10  -2 
-48  -40  44 
-34  56  14 
18  34  34 
-32  34  48 
6  26  30 

//Reference=MNI 
//nullstudy_5
//Subjects=12
-38  -86  8 
-18  24  -20 
-40  -56  40 
40  8  -16 
-46  -34  42 
6  12  38 
-36  8  58 
-18  8  -34 

//Reference=MNI 
//nullstudy_6
//Subjects=12
-4  -22  -30 
-12  -2  -22 
-50  -74  6 
-38  -14  18 
-16  -28  -22 
-60  -8  32 
-32  -70  54 
0  36  -32 

//Reference=MNI 
//nullstudy_7
//Subjects=11
-22  30  52 
-2  -42  6 
-62  -32  8 
-36  -16  18 
-22  -22  -12 
-12  20  36 
-6  56  12 
10  46  48 

//Reference=MNI 
//nullstudy_8
//Subjects=11
-12  24  10 
8  44  -8 
-12  -70  40 
-14  66  20 
-12  22  14 
-60  -20  -22 
-48  8  30 
-2  -6  70 

//Reference=MNI 
//nullstudy_9
//Subjects=9
-14  -16  -24 
-12  -60  6 
-24  18  38 
-52  -74  -16 
-48  -44  52 
-10  -80  54 
-38  -74  42 
-28  66  12 

//Reference=MNI 
//nullstudy_10
//Subjects=9
-62  8  16 
-24  -90  -8 
-48  14  -6 
-44  22  -34 
-10  12  62 
36  30  44 
2  20  -10 
-26  -16  -16 

//Reference=MNI 
//nullstudy_11
//Subjects=11
58  24  6 
12  48  46 
36  2  -26 
-10  -48  -22 
-52  -48  -20 
-16  -46  -30 
-40  -4  -48 
-12  -16  4 

//Reference=MNI 
//nullstudy_12
//Subjects=12
-12  -22  42 
-20  -48  -58 
-12  4  72 
24  6  54 
-2  -18  -8 
44  56  -8 
-2  -6  -2 
-22  18  50 

//Reference=MNI 
//nullstudy_13
//Subjects=8
-36  -2  46 
46  40  -6 
-58  -50  30 
-42  2  48 
16  10  68 
-60  -30  28 
-10  48  34 
-52  -28  10 

//Reference=MNI 
//nullstudy_14
//Subjects=9
-58  -56  -22 
46  22  -26 
46  2  -4 
56  16  22 
-54  -52  46 
44  34  2 
-50  -4  -44 
-34  12  -6 

//Reference=MNI 
//nullstudy_15
//Subjects=10
-18  -92  -36 
-40  -18  36 
10  34  -24 
-14  -40  0 
-46  38  18 
-48  6  -22 
-28  16  8 
-10  -70  -18 

//Reference=MNI 
//nullstudy_16
//Subjects=8
-16  -16  -32 
-6  -62  -64 
-34  -74  14 
38  18  -18 
-64  -52  24 
-6  24  60 
-30  14  56 
-6  -58  -14 

//Reference=MNI 
//nullstudy_17
//Subjects=10
-52  -8  16 
-8  -22  72 
-54  -36  28 
40  28  12 
-34  -52  40 
10  52  18 
-4  38  8 
48  12  -32 

//Reference=MNI 
//nullstudy_18
//Subjects=12
50  8  -16 
-14  -46  30 
-2  -22  66 
-12  14  -22 
18  26  4 
-52  -42  30 
-14  -42  -28 
8  58  -2 

//Reference=MNI 
//nullstudy_19
//Subjects=10
-34  -34  44 
-20  52  28 
-40  12  52 
-4  -16  68 
-4  -80  -22 
20  30  36 
-46  -74  34 
-6  -84  -24 

//Reference=MNI 
//nullstudy_20
//Subjects=9
-10  -44  -4 
-60  -38  18 
-2  -4  68 
-20  -54  -58 
6  20  68 
-54  -38  -12 
-6  -78  14 
-34  -68  50 

//Reference=MNI 
//nullstudy_21
//Subjects=10
12  14  38 
-40  16  54 
24  38  50 
-22  -90  30 
-52  40  14 
-14  -94  -28 
-44  42  28 
-10  8  -10 

//Reference=MNI 
//nullstudy_22
//Subjects=10
-30  60  22 
-48  -70  32 
4  8  48 
-40  -28  -26 
-4  -10  -32 
-8  62  22 
-24  -52  -52 
-14  -34  -34 

//Reference=MNI 
//nullstudy_23
//Subjects=10
42  14  -36 
-48  4  -34 
-26  -58  -18 
18  12  62 
-18  30  38 
-36  22  36 
-34  14  6 
-34  44  -8 

//Reference=MNI 
//nullstudy_24
//Subjects=10
-60  -16  22 
-16  -28  42 
-24  60  4 
-32  58  12 
14  40  46 
-16  -102  12 
12  2  40 
-46  -50  -18 

//Reference=MNI 
//nullstudy_25
//Subjects=11
18  22  -28 
-50  -50  10 
-48  -60  14 
-22  10  64 
56  20  38 
14  36  -26 
-26  26  -2 
-66  -30  10 

//Reference=MNI 
//nullstudy_26
//Subjects=11
10  36  0 
-6  22  2 
12  26  32 
-10  -78  -28 
20  44  -12 
30  18  -34 
2  38  -26 
-42  -24  -26 

//Reference=MNI 
//nullstudy_27
//Subjects=10
10  18  66 
48  6  8 
-30  -90  28 
-8  -10  74 
52  12  -10 
-44  -24  58 
-16  70  6 
-46  -60  42 

//Reference=MNI 
//nullstudy_28
//Subjects=11
-36  -92  -12 
-54  -44  50 
32  50  6 
-16  56  -22 
-12  -74  -30 
-18  20  42 
20  36  28 
14  18  58 

//Reference=MNI 
//nullstudy_29
//Subjects=9
-28  -60  -44 
-34  -80  30 
-36  -10  16 
-40  46  12 
34  12  -6 
-46  -60  28 
-56  -52  16 
-10  -70  -58 

//Reference=MNI 
//nullstudy_30
//Subjects=9
-26  -62  4 
16  68  -6 
-10  -4  -34 
-32  22  -10 
-48  20  6 
-16  -62  40 
-46  -44  -20 
-12  -34  64 

//Reference=MNI 
//nullstudy_31
//Subjects=10
-60  -8  -36 
-58  -20  16 
-12  -34  0 
-40  -40  -28 
2  52  20 
0  24  28 
40  26  50 
-54  12  4 

//Reference=MNI 
//nullstudy_32
//Subjects=10
-44  -50  -6 
-42  -52  14 
26  60  -6 
32  12  34 
-56  16  12 
-22  -84  22 
-4  -36  30 
-4  -30  -34 

//Reference=MNI 
//nullstudy_33
//Subjects=8
-44  -52  -52 
-34  -52  44 
18  56  0 
44  2  22 
-44  36  -18 
-26  -72  46 
-50  -62  -32 
-30  -34  46 

//Reference=MNI 
//nullstudy_34
//Subjects=9
-26  -32  -28 
-18  -100  -4 
48  24  -26 
-26  -36  -42 
-22  -68  -42 
-34  -10  56 
-8  -80  12 
22  16  54 

//Reference=MNI 
//nullstudy_35
//Subjects=9
-40  -88  2 
-38  -76  4 
-50  -38  -16 
-12  -6  52 
-16  -70  18 
-26  -12  10 
-8  -16  -18 
6  38  26 

//Reference=MNI 
//nullstudy_36
//Subjects=11
-10  24  62 
-38  -80  20 
-52  14  2 
-60  -20  20 
2  28  28 
-48  -6  -4 
-18  -72  -6 
-42  32  -14 

//Reference=MNI 
//nullstudy_37
//Subjects=11
-32  -26  56 
-16  -48  6 
-18  6  -46 
-40  -78  -36 
-32  -48  36 
-10  40  16 
-58  10  22 
16  28  -26 

//Reference=MNI 
//nullstudy_38
//Subjects=10
-40  -72  32 
16  60  -4 
50  12  -2 
-48  -54  -48 
-2  -26  -32 
48  4  -8 
-24  -48  -34 
38  18  58 

//Reference=MNI 
//nullstudy_39
//Subjects=9
-32  -36  -48 
40  14  30 
-32  -50  -18 
-12  -64  -8 
-32  -94  10 
-28  -64  -10 
-2  -68  -22 
-10  18  -24 

//Reference=MNI 
//nullstudy_40
//Subjects=11
-32  -38  -46 
-46  32  18 
-36  -36  40 
-20  -66  26 
22  42  40 
-52  -18  0 
-2  40  30 
-46  -52  36 

//Reference=MNI 
//nullstudy_41
//Subjects=12
-18  0  56 
-16  -48  2 
-4  -54  22 
-12  -92  34 
-28  -64  -54 
-38  -70  16 
20  8  -18 
-58  -12  -26 

//Reference=MNI 
//nullstudy_42
//Subjects=10
-36  36  2 
-46  -34  38 
-2  -2  -16 
22  6  -22 
-4  60  0 
-44  -16  2 
-46  -58  52 
30  22  -38 

//Reference=MNI 
//nullstudy_43
//Subjects=10
14  34  20 
6  50  6 
-36  -82  -44 
42  44  10 
-2  -74  32 
6  12  -20 
-40  -66  -56 
-32  12  42 

//Reference=MNI 
//nullstudy_44
//Subjects=9
-36  28  -18 
-32  -76  36 
-34  -20  18 
-24  -48  -38 
14  56  4 
-14  -68  -12 
-12  -74  0 
-18  -38  72 

//Reference=MNI 
//nullstudy_45
//Subjects=10
28  14  -40 
-48  -44  -38 
-24  -62  -60 
-38  -76  10 
-30  -60  34 
-2  -64  22 
-26  64  20 
-62  -4  16 

//Reference=MNI 
//nullstudy_46
//Subjects=10
48  10  46 
4  66  -12 
4  40  -20 
-4  38  40 
8  26  36 
-6  -52  -18 
-6  34  62 
-62  -60  10 

//Reference=MNI 
//nullstudy_47
//Subjects=10
40  28  -20 
-12  -2  68 
-56  -16  16 
-22  20  40 
16  8  -22 
48  18  -18 
-34  -12  -26 
-24  -66  10 

//Reference=MNI 
//nullstudy_48
//Subjects=12
-30  -48  58 
-40  2  -32 
0  8  16 
22  50  38 
-34  20  -24 
-28  -88  -4 
-38  34  -10 
-26  -42  0 

//Reference=MNI 
//nullstudy_49
//Subjects=9
44  4  -26 
2  12  56 
-8  -64  38 
-14  -54  -46 
-24  -64  38 
-12  -62  -6 
-14  52  -2 
-10  68  2 

//Reference=MNI 
//nullstudy_50
//Subjects=10
-14  -40  64 
14  6  58 
50  22  -12 
-20  -26  -4 
10  56  34 
-16  -46  68 
-48  -46  4 
24  10  -40 

//Reference=MNI 
//nullstudy_51
//Subjects=12
-18  -72  10 
-2  -24  80 
36  10  38 
-4  -16  -2 
0  48  50 
-56  30  2 
-32  -24  52 
-56  -14  40 

//Reference=MNI 
//nullstudy_52
//Subjects=12
-60  -38  -2 
-26  -58  -54 
38  56  24 
-42  -56  8 
50  10  36 
10  10  -10 
-24  50  0 
-46  -44  -50 

//Reference=MNI 
//nullstudy_53
//Subjects=10
-46  8  0 
-16  -82  30 
-10  10  62 
-22  -92  -34 
12  24  -28 
4  34  -24 
-36  -88  2 
34  2  44 

//Reference=MNI 
//nullstudy_54
//Subjects=11
-42  -78  32 
-26  -100  -14 
30  10  0 
-56  14  36 
-46  38  20 
-50  -52  -40 
-14  -14  72 
-56  -34  -30 

//Reference=MNI 
//nullstudy_55
//Subjects=11
-12  40  -2 
28  52  10 
-54  -44  -26 
-40  -26  24 
-28  20  -2 
-38  40  28 
4  6  -22 
20  12  -28 

//Reference=MNI 
//nullstudy_56
//Subjects=8
-30  -32  72 
-32  16  2 
-40  34  32 
-8  -66  4 
-2  -104  -2 
-54  -32  2 
-40  -2  -24 
-40  -4  40 

//Reference=MNI 
//nullstudy_57
//Subjects=10
-50  -80  -12 
50  6  -38 
-30  -28  66 
-42  -86  24 
-4  -54  44 
-2  -88  18 
-16  54  -8 
-4  -88  -16 

//Reference=MNI 
//nullstudy_58
//Subjects=10
-8  -98  -22 
22  58  10 
44  10  -30 
22  46  32 
-4  60  -18 
-10  -60  -48 
-14  -60  52 
-6  40  26 

//Reference=MNI 
//nullstudy_59
//Subjects=10
0  8  36 
-24  -46  -28 
-8  -48  50 
-56  -16  12 
-26  -96  2 
-4  40  48 
-50  -80  6 
24  34  -16 

//Reference=MNI 
//nullstudy_60
//Subjects=10
-66  -4  16 
-62  -32  -24 
-52  -78  16 
-6  -56  -36 
-14  -78  36 
-10  14  52 
-38  16  28 
-12  -82  -44 

//Reference=MNI 
//nullstudy_61
//Subjects=9
-20  -70  -30 
16  12  62 
-50  -54  -32 
-10  -18  -12 
-56  -50  -38 
-22  -62  48 
-34  44  14 
-24  -60  10 

//Reference=MNI 
//nullstudy_62
//Subjects=11
-48  -40  26 
-4  -58  42 
44  14  8 
28  42  24 
-44  12  24 
-2  -72  12 
16  40  38 
-32  20  -8 

//Reference=MNI 
//nullstudy_63
//Subjects=9
-24  28  48 
-8  -14  46 
-52  -8  -12 
-4  -84  -16 
-8  50  14 
-18  20  -16 
-40  54  -14 
-4  36  -4 

//Reference=MNI 
//nullstudy_64
//Subjects=10
-64  -22  -32 
-6  -96  -18 
-16  -64  20 
-4  -56  -60 
-40  -32  34 
-40  6  -30 
28  52  -20 
4  36  -28 

//Reference=MNI 
//nullstudy_65
//Subjects=10
-6  -2  24 
-50  8  10 
-36  34  0 
-26  -48  -60 
-16  -44  -28 
-40  -54  24 
-2  -84  24 
-50  -64  46 

//Reference=MNI 
//nullstudy_66
//Subjects=10
-48  -22  32 
-40  2  44 
0  16  42 
-42  -34  2 
42  12  10 
-6  -58  48 
-18  -30  20 
-34  16  -18 

//Reference=MNI 
//nullstudy_67
//Subjects=10
34  8  -14 
26  12  -28 
-46  28  -6 
42  12  34 
50  8  0 
-28  40  14 
-10  -76  -34 
-8  -34  72 

//Reference=MNI 
//nullstudy_68
//Subjects=9
-32  34  22 
32  16  46 
-10  38  50 
-36  -60  16 
26  24  -2 
-4  -68  -22 
-32  20  52 
-14  -22  -22 

//Reference=MNI 
//nullstudy_69
//Subjects=9
-18  -6  68 
40  12  -2 
-30  -60  -6 
-46  -58  20 
-42  44  -20 
6  12  38 
-28  42  -14 
-12  -90  4 

//Reference=MNI 
//nullstudy_70
//Subjects=9
-4  52  34 
-24  -50  0 
-10  -22  12 
-12  -38  38 
-52  -48  -34 
12  36  0 
-10  10  68 
42  48  28 

//Reference=MNI 
//nullstudy_71
//Subjects=9
-50  -18  16 
-20  20  -4 
-56  -14  8 
2  14  -16 
-44  -6  60 
36  22  48 
-50  -46  32 
-2  -78  -36 

//Reference=MNI 
//nullstudy_72
//Subjects=11
-48  2  16 
-40  22  -38 
62  6  26 
44  36  -10 
-18  4  60 
-24  36  -8 
54  42  -2 
46  12  42 

//Reference=MNI 
//nullstudy_73
//Subjects=10
-44  -62  54 
-14  -88  16 
10  12  -26 
-6  -82  -44 
-16  -80  8 
-12  -76  -36 
-48  48  -6 
-44  0  -30 

//Reference=MNI 
//nullstudy_74
//Subjects=9
-46  26  4 
-38  -6  -40 
38  46  4 
0  8  72 
-14  -40  -12 
34  10  -40 
-24  -56  -12 
32  44  -18 

//Reference=MNI 
//nullstudy_75
//Subjects=12
40  56  18 
-18  20  0 
10  58  2 
54  24  -10 
-12  16  10 
48  38  32 
4  54  -26 
-30  12  -8 

//Reference=MNI 
//nullstudy_76
//Subjects=10
-24  -40  14 
-10  36  4 
-44  -76  -32 
-12  40  0 
-6  -80  14 
-16  -62  40 
-12  0  -26 
-44  -14  8 

//Reference=MNI 
//nullstudy_77
//Subjects=10
32  26  4 
-58  -20  -8 
-34  -2  -44 
4  8  26 
-10  40  -12 
28  10  44 
16  48  50 
-6  -4  68 

//Reference=MNI 
//nullstudy_78
//Subjects=9
14  48  14 
-54  -40  10 
-8  -96  -6 
-52  -44  52 
6  32  12 
-20  56  6 
-12  -62  20 
-34  -32  -24 

//Reference=MNI 
//nullstudy_79
//Subjects=9
-28  22  0 
-6  -78  42 
-38  -56  34 
-54  -36  52 
8  20  -20 
-44  -10  -18 
-20  66  6 
-2  -54  20 

//Reference=MNI 
//nullstudy_80
//Subjects=9
-46  -14  8 
-12  60  -2 
-16  -56  0 
-22  12  62 
-46  0  -6 
-32  -50  4 
-24  -8  -26 
-38  -58  30 

//Reference=MNI 
//nullstudy_81
//Subjects=11
46  24  44 
36  34  50 
-22  44  30 
-20  -72  54 
12  24  -28 
-22  6  46 
-48  -52  54 
-12  -22  68 

//Reference=MNI 
//nullstudy_82
//Subjects=11
-26  20  -40 
-50  26  8 
42  26  20 
-40  -8  -44 
8  38  48 
4  36  12 
-56  -24  0 
-56  -34  0 

//Reference=MNI 
//nullstudy_83
//Subjects=8
-60  12  14 
64  8  16 
-40  6  -22 
58  20  0 
-56  18  18 
-6  20  20 
-46  -76  -14 
-30  24  -4 

//Reference=MNI 
//nullstudy_84
//Subjects=11
-20  -48  16 
-30  -62  -6 
-42  -16  -38 
-28  36  46 
-10  -38  -10 
-58  -52  18 
-34  -42  -42 
-42  26  2 

//Reference=MNI 
//nullstudy_85
//Subjects=9
0  32  -26 
12  18  4 
-12  -82  38 
-14  -72  0 
36  42  18 
-4  -54  -30 
-42  -60  -48 
0  12  12 

//Reference=MNI 
//nullstudy_86
//Subjects=11
-52  28  20 
-38  0  -16 
-50  -64  -44 
-20  -66  -24 
28  6  -14 
-60  -48  -20 
-42  -18  54 
-56  -18  -12 

//Reference=MNI 
//nullstudy_87
//Subjects=9
-66  -44  6 
16  22  -22 
-6  -14  -2 
-50  -48  58 
-34  -82  42 
-46  -18  -4 
-46  -60  4 
8  48  40 

//Reference=MNI 
//nullstudy_88
//Subjects=10
-54  -50  -40 
-32  -82  42 
58  4  -12 
-24  -70  54 
-28  -82  24 
-20  -14  -18 
-16  30  6 
-58  26  14 

//Reference=MNI 
//nullstudy_89
//Subjects=10
54  10  -16 
44  22  -10 
-46  18  18 
10  46  52 
-48  -48  48 
8  28  -24 
-56  -20  20 
22  64  -10 

//Reference=MNI 
//nullstudy_90
//Subjects=12
40  30  4 
-62  -30  -28 
34  50  -16 
-32  4  56 
56  12  34 
-64  0  -6 
42  12  38 
-20  -70  28 

//Reference=MNI 
//nullstudy_91
//Subjects=9
0  24  38 
-58  22  4 
16  2  -24 
-22  -34  64 
-28  56  -16 
-48  18  14 
-50  -10  -26 
-44  -30  48 

//Reference=MNI 
//nullstudy_92
//Subjects=11
14  62  14 
34  30  38 
40  22  20 
-4  -56  -28 
-24  10  -28 
6  48  -30 
-40  -50  -54 
-60  -18  -16 

//Reference=MNI 
//nullstudy_93
//Subjects=10
-48  -42  48 
-34  20  28 
-40  -26  16 
-52  -22  -12 
22  54  14 
-36  32  8 
-38  -66  34 
-30  12  -18 

//Reference=MNI 
//nullstudy_94
//Subjects=10
-30  26  -20 
44  54  12 
46  34  40 
-4  -76  28 
-50  -24  32 
30  44  10 
-18  -16  -8 
-36  22  56 

//Reference=MNI 
//nullstudy_95
//Subjects=11
10  20  14 
-36  -60  -32 
-8  36  0 
-20  66  12 
46  54  -4 
-40  -78  42 
44  44  8 
-54  8  -34 

//Reference=MNI 
//nullstudy_96
//Subjects=11
-20  -104  4 
-4  -96  -12 
30  56  14 
-8  12  54 
-50  2  -28 
-50  -28  -32 
2  2  -10 
42  42  -18 

//Reference=MNI 
//nullstudy_97
//Subjects=10
-16  68  4 
-40  52  14 
-46  -64  -40 
-24  -50  -2 
-16  -56  -64 
-18  -66  40 
8  32  52 
44  40  34 

//Reference=MNI 
//nullstudy_98
//Subjects=11
24  56  -2 
-44  -36  46 
-28  2  -32 
-12  -18  28 
-40  -68  -28 
22  52  18 
54  14  -18 
-14  -76  30 

//Reference=MNI 
//nullstudy_99
//Subjects=11
-50  -30  -20 
48  26  0 
-2  -86  20 
-10  24  26 
-34  -32  16 
48  50  -10 
30  30  40 
2  12  64 

//Reference=MNI 
//nullstudy_100
//Subjects=11
52  22  30 
-20  -56  0 
-20  -92  -12 
-2  -16  22 
-24  22  40 
-34  4  -36 
-22  -2  56 
-2  -44  18 

