//Reference=MNI 
//truestudy_1
//Subjects=32
45  -66  -5 
45  -66  -7 
47  -67  -5 
46  -67  -6 
45  -66  -7 
46  -65  -8 
45  -65  -5 
45  -66  -6 

//Reference=MNI 
//truestudy_2
//Subjects=30
44  -66  -5 
45  -67  -6 
46  -65  -8 
47  -66  -6 
47  -66  -7 
45  -68  -8 
45  -66  -6 
46  -66  -5 

//Reference=MNI 
//truestudy_3
//Subjects=32
46  -66  -5 
46  -65  -6 
45  -65  -5 
48  -66  -6 
46  -65  -5 
47  -65  -7 
47  -65  -6 
46  -67  -6 

//Reference=MNI 
//nullstudy_1
//Subjects=32
-50  -12  -10 
-6  -56  -66 
-34  -78  -2 
-32  -68  -20 
20  4  52 
-22  -80  28 
-20  2  -18 
24  28  38 

//Reference=MNI 
//nullstudy_2
//Subjects=30
-30  -78  -52 
28  38  -12 
-28  12  4 
0  60  34 
24  26  46 
-30  -96  -14 
24  40  -18 
14  40  38 

//Reference=MNI 
//nullstudy_3
//Subjects=32
50  6  20 
-60  -62  -2 
-18  -28  -32 
-42  -68  50 
-48  -68  14 
-30  -16  62 
-12  26  28 
44  44  30 

//Reference=MNI 
//nullstudy_4
//Subjects=30
-18  28  -12 
38  28  -14 
-6  -34  78 
50  8  -26 
-26  34  34 
-32  0  14 
52  24  14 
-14  60  -18 

//Reference=MNI 
//nullstudy_5
//Subjects=28
16  36  56 
12  66  16 
-22  -4  48 
-46  -30  60 
-28  -28  -22 
-56  -56  4 
56  30  4 
-54  -28  4 

//Reference=MNI 
//nullstudy_6
//Subjects=31
-38  -20  44 
-26  38  -10 
-2  -46  26 
-16  -70  0 
0  68  0 
-34  2  -28 
-28  -44  10 
-12  -68  -50 

//Reference=MNI 
//nullstudy_7
//Subjects=33
-10  -4  -20 
50  12  -16 
0  44  -32 
-52  2  14 
-6  40  30 
-16  -14  62 
-24  -12  46 
-28  -24  58 

//Reference=MNI 
//nullstudy_8
//Subjects=29
14  2  76 
-56  10  32 
24  20  58 
-38  28  48 
-32  0  4 
-4  -44  32 
-30  -32  16 
-10  -80  -6 

//Reference=MNI 
//nullstudy_9
//Subjects=30
-34  12  12 
-34  32  0 
8  30  10 
-34  14  12 
-40  10  -6 
-16  -78  34 
-42  -72  -38 
-48  -20  62 

//Reference=MNI 
//nullstudy_10
//Subjects=31
36  8  52 
-12  -40  62 
-22  -64  -4 
-4  -58  -18 
-12  -62  40 
-6  -24  22 
-36  -72  -56 
40  6  -40 

//Reference=MNI 
//nullstudy_11
//Subjects=30
-46  6  -24 
-34  -48  46 
48  10  -38 
-16  -92  20 
38  28  -8 
-36  46  32 
-52  -58  -8 
-20  -80  -24 

//Reference=MNI 
//nullstudy_12
//Subjects=29
-12  -56  54 
-8  -48  64 
58  12  12 
-48  -60  20 
32  46  -16 
-42  42  30 
-24  8  48 
2  26  58 

//Reference=MNI 
//nullstudy_13
//Subjects=29
16  28  -18 
-50  -18  34 
16  58  18 
14  40  -28 
-28  12  -2 
2  60  -18 
-52  -4  12 
-12  -30  -32 

//Reference=MNI 
//nullstudy_14
//Subjects=28
12  2  18 
-34  -4  -24 
-38  14  44 
-2  -72  52 
14  2  40 
2  52  36 
-2  -50  66 
-50  -66  -36 

//Reference=MNI 
//nullstudy_15
//Subjects=29
-54  4  12 
64  6  -4 
-56  -70  22 
14  34  30 
50  24  30 
-66  -12  28 
-20  -44  72 
2  26  40 

//Reference=MNI 
//nullstudy_16
//Subjects=29
-26  -86  32 
-22  42  -14 
-40  -38  -44 
-68  -28  -22 
-2  -60  -48 
40  48  -2 
-56  18  34 
-20  -78  38 

//Reference=MNI 
//nullstudy_17
//Subjects=29
20  56  38 
-58  -58  -28 
-28  -98  0 
-24  -52  40 
-36  -74  0 
16  22  10 
-26  24  58 
-48  -36  -4 

//Reference=MNI 
//nullstudy_18
//Subjects=30
60  4  16 
-52  -58  48 
34  2  -6 
-64  -34  16 
-10  -28  36 
-32  -66  -54 
-40  -30  64 
-8  50  40 

//Reference=MNI 
//nullstudy_19
//Subjects=31
-52  -62  -46 
-46  -58  10 
-8  34  42 
-50  -68  4 
-18  54  12 
-60  -54  18 
-24  -94  18 
-4  -72  -40 

//Reference=MNI 
//nullstudy_20
//Subjects=30
-30  -60  2 
-34  12  -40 
-34  -2  16 
-22  -84  34 
38  10  54 
-42  6  20 
52  30  0 
-2  -42  14 

//Reference=MNI 
//nullstudy_21
//Subjects=31
-60  -60  6 
2  58  10 
24  8  -32 
-44  18  18 
30  16  -10 
-8  32  46 
44  22  -4 
-10  52  16 

//Reference=MNI 
//nullstudy_22
//Subjects=31
-50  -14  -38 
-12  -24  14 
44  16  10 
56  2  46 
16  54  22 
-18  -4  -20 
-36  2  56 
-2  -54  -40 

//Reference=MNI 
//nullstudy_23
//Subjects=29
-24  -10  -34 
-58  -28  -12 
-52  -8  -34 
-42  -82  24 
-42  -28  44 
-4  -102  -12 
-20  10  -32 
-44  20  16 

//Reference=MNI 
//nullstudy_24
//Subjects=29
-20  -86  -46 
-44  -72  10 
-20  -2  -46 
-48  -20  -24 
-14  -90  -16 
-18  -32  18 
-20  -84  -32 
-48  -6  -18 

//Reference=MNI 
//nullstudy_25
//Subjects=29
-20  0  50 
-4  -56  -18 
-10  -22  58 
-42  -30  64 
-14  -10  72 
-54  -40  28 
-22  -66  36 
-58  -44  20 

//Reference=MNI 
//nullstudy_26
//Subjects=29
2  24  66 
22  34  -14 
42  18  16 
6  48  26 
-46  42  -4 
-42  2  50 
2  38  -10 
-4  54  -18 

//Reference=MNI 
//nullstudy_27
//Subjects=30
-26  62  -4 
-26  -56  58 
-40  -4  -2 
-14  18  8 
8  4  56 
34  18  50 
-4  -42  -26 
-30  24  50 

//Reference=MNI 
//nullstudy_28
//Subjects=30
26  66  -12 
-44  2  54 
-8  -22  52 
-40  -48  48 
-58  -62  14 
-48  10  40 
-16  54  -14 
2  34  -22 

//Reference=MNI 
//nullstudy_29
//Subjects=30
-34  -28  44 
-4  -80  -24 
16  18  14 
2  32  26 
40  32  30 
-36  -66  -58 
-38  26  -16 
50  44  -10 

//Reference=MNI 
//nullstudy_30
//Subjects=30
-8  0  -12 
-42  -48  52 
6  30  24 
-30  48  26 
-8  -46  -6 
-24  -34  -40 
-34  36  14 
44  40  4 

//Reference=MNI 
//nullstudy_31
//Subjects=27
-2  -6  8 
-32  -86  28 
46  6  -40 
-16  8  -38 
-6  42  36 
-34  38  4 
-40  -58  2 
-58  6  26 

//Reference=MNI 
//nullstudy_32
//Subjects=29
-18  -58  12 
4  6  2 
-8  -70  30 
18  8  0 
-24  30  42 
-32  -78  -32 
-26  -36  -14 
4  42  18 

//Reference=MNI 
//nullstudy_33
//Subjects=29
-40  16  -42 
-52  -38  20 
-16  -96  -14 
-54  -60  16 
22  10  56 
-14  0  0 
-14  66  12 
-34  -44  62 

//Reference=MNI 
//nullstudy_34
//Subjects=29
-8  4  -20 
6  10  38 
10  64  2 
-36  -26  24 
24  2  -10 
-36  56  -10 
-4  -50  -20 
-2  -78  -44 

//Reference=MNI 
//nullstudy_35
//Subjects=29
-56  26  24 
26  16  -10 
-48  -76  -16 
-16  -70  24 
-12  46  -2 
-6  28  58 
-40  52  -14 
-28  -60  -58 

//Reference=MNI 
//nullstudy_36
//Subjects=29
-8  -30  56 
-8  -6  -22 
-58  -4  -16 
-42  -36  0 
-4  28  48 
-2  26  30 
0  56  8 
-32  -82  -40 

//Reference=MNI 
//nullstudy_37
//Subjects=30
-16  6  -18 
-42  -42  44 
-60  -4  30 
-28  -44  -22 
-14  22  -22 
-12  -40  52 
-36  48  18 
-44  -14  -10 

//Reference=MNI 
//nullstudy_38
//Subjects=31
-24  -2  -18 
30  2  -42 
2  48  -4 
-4  -12  50 
-34  -30  24 
-52  -48  50 
-20  62  -18 
-10  -2  66 

//Reference=MNI 
//nullstudy_39
//Subjects=30
30  16  52 
8  52  -28 
-54  -54  6 
-26  -54  54 
10  12  40 
-26  0  72 
44  42  -6 
-16  -28  20 

//Reference=MNI 
//nullstudy_40
//Subjects=31
-32  -38  -30 
-36  24  0 
28  50  16 
-48  -46  4 
-8  -20  2 
-22  8  -42 
-18  18  -16 
56  34  10 

//Reference=MNI 
//nullstudy_41
//Subjects=30
48  16  -18 
2  20  34 
-28  -32  58 
-20  52  -20 
-14  46  -16 
42  20  44 
10  26  64 
-42  30  18 

//Reference=MNI 
//nullstudy_42
//Subjects=29
-38  18  4 
-50  -14  -42 
-26  62  4 
0  18  -8 
54  16  28 
-62  -8  -22 
-2  -52  72 
-38  -90  6 

//Reference=MNI 
//nullstudy_43
//Subjects=30
-12  20  2 
-28  46  40 
-8  -32  36 
-28  -28  -32 
-26  -68  -62 
32  54  -16 
-12  14  20 
30  64  0 

//Reference=MNI 
//nullstudy_44
//Subjects=30
-4  2  -10 
-48  -20  16 
-8  -44  -54 
34  52  2 
-4  -64  36 
-14  -66  44 
32  2  -48 
-46  20  -34 

//Reference=MNI 
//nullstudy_45
//Subjects=31
44  32  -20 
10  64  12 
-40  -50  20 
-70  -38  6 
-48  -4  -16 
-24  -66  62 
-22  -64  42 
-22  -40  -14 

//Reference=MNI 
//nullstudy_46
//Subjects=30
-24  -4  54 
20  10  -44 
-12  38  -18 
20  4  0 
-4  -60  -22 
-50  -54  36 
34  50  0 
-32  44  18 

//Reference=MNI 
//nullstudy_47
//Subjects=29
-52  -12  -12 
0  56  10 
-42  -58  -30 
-18  36  -24 
-24  -82  36 
-6  -2  -14 
6  54  2 
-26  -88  28 

//Reference=MNI 
//nullstudy_48
//Subjects=29
-2  22  20 
-8  28  -10 
-6  -66  -58 
-14  -44  50 
-64  -2  0 
30  2  -38 
-32  -46  -26 
14  16  66 

//Reference=MNI 
//nullstudy_49
//Subjects=29
30  16  -18 
48  32  14 
-26  -52  -28 
-12  -86  30 
-38  -82  -22 
-48  -8  -34 
-14  -18  -26 
-22  -20  72 

//Reference=MNI 
//nullstudy_50
//Subjects=30
-60  -54  22 
-4  -44  26 
-10  -32  44 
-28  -94  12 
-26  56  22 
30  34  -22 
30  4  -22 
-46  -10  -34 

//Reference=MNI 
//nullstudy_51
//Subjects=29
-12  24  66 
-56  -2  28 
-64  -44  36 
-24  -102  0 
-56  28  14 
-38  -52  -34 
8  24  56 
-6  14  -14 

//Reference=MNI 
//nullstudy_52
//Subjects=29
-44  22  -4 
6  24  62 
32  22  6 
-38  -56  -14 
-10  -74  22 
40  22  42 
-48  -44  50 
18  42  34 

//Reference=MNI 
//nullstudy_53
//Subjects=29
2  44  30 
-12  -36  40 
-10  -66  -52 
-22  -20  76 
36  4  56 
2  34  18 
-6  40  -20 
58  10  32 

//Reference=MNI 
//nullstudy_54
//Subjects=31
-42  -86  -12 
14  60  12 
-32  -70  -44 
-44  50  12 
-20  -34  -44 
-18  -48  58 
-8  10  16 
-32  0  -42 

//Reference=MNI 
//nullstudy_55
//Subjects=30
38  2  10 
-58  -58  -18 
-58  -62  -10 
-58  -52  44 
-50  22  -16 
-2  4  -28 
12  54  14 
-18  -6  -32 

//Reference=MNI 
//nullstudy_56
//Subjects=31
-40  4  -20 
-36  -42  -44 
64  10  4 
52  8  44 
10  60  10 
0  44  -32 
-8  -42  -48 
-64  2  12 

//Reference=MNI 
//nullstudy_57
//Subjects=30
-12  -46  8 
-50  12  -8 
-24  -42  46 
-60  -32  8 
-32  -58  -4 
-28  -52  56 
-32  4  16 
-4  -28  -42 

//Reference=MNI 
//nullstudy_58
//Subjects=30
8  44  14 
-22  -96  -8 
-44  -6  10 
-20  -2  -8 
-56  -6  34 
-18  -68  -22 
-12  -20  62 
-4  -8  4 

//Reference=MNI 
//nullstudy_59
//Subjects=29
-68  -24  26 
6  56  32 
-32  -12  14 
40  22  -18 
-56  -2  32 
-66  -42  10 
-42  30  -22 
40  16  -38 

//Reference=MNI 
//nullstudy_60
//Subjects=29
-6  -72  -26 
-40  -56  20 
18  2  -10 
8  42  44 
10  62  -20 
-38  8  -38 
-54  -14  30 
-22  -54  -28 

//Reference=MNI 
//nullstudy_61
//Subjects=30
20  18  -24 
-10  -20  -16 
-8  14  30 
-40  4  10 
-64  -32  -14 
-18  52  -4 
-10  40  -4 
52  4  -24 

//Reference=MNI 
//nullstudy_62
//Subjects=30
36  14  -16 
-34  26  28 
-4  -56  24 
-30  30  -20 
-24  -62  -16 
10  24  -28 
40  16  8 
-32  22  4 

//Reference=MNI 
//nullstudy_63
//Subjects=31
44  8  44 
-34  -16  -14 
28  2  52 
-22  -56  -34 
-50  -18  40 
-20  -84  -6 
-40  -16  16 
-12  -50  -18 

//Reference=MNI 
//nullstudy_64
//Subjects=32
6  10  58 
-44  -76  18 
2  24  20 
22  12  48 
-14  -46  62 
56  8  22 
14  44  44 
-10  -48  52 

//Reference=MNI 
//nullstudy_65
//Subjects=29
-2  30  54 
14  44  22 
-60  -36  0 
-46  -28  26 
-22  -74  2 
-50  -12  -6 
-52  -80  2 
-50  22  36 

//Reference=MNI 
//nullstudy_66
//Subjects=30
-48  16  48 
-30  10  -4 
-42  16  26 
-44  12  48 
-40  -68  -46 
-50  4  -28 
-52  38  14 
-10  10  -26 

//Reference=MNI 
//nullstudy_67
//Subjects=30
50  8  -38 
-12  -72  14 
-30  -56  32 
-60  -40  -28 
24  42  -18 
-36  16  30 
-56  -32  34 
-10  -54  48 

//Reference=MNI 
//nullstudy_68
//Subjects=30
-38  -70  54 
-36  -82  -2 
38  14  20 
-30  24  -6 
-50  -38  22 
-46  -62  18 
-40  -10  -46 
-10  -54  -34 

//Reference=MNI 
//nullstudy_69
//Subjects=30
-34  -64  52 
-24  54  -2 
-32  10  24 
-56  -10  -30 
-34  -56  -12 
-26  12  58 
-26  -48  48 
-16  -34  64 

//Reference=MNI 
//nullstudy_70
//Subjects=29
6  42  52 
-36  10  22 
-58  -20  28 
-54  24  26 
-38  -50  62 
-38  0  8 
-16  -26  -10 
-2  66  -16 

//Reference=MNI 
//nullstudy_71
//Subjects=31
-24  22  -28 
-56  -8  18 
-8  -30  58 
-30  -80  36 
20  64  6 
38  24  48 
-42  -68  48 
-6  26  -26 

//Reference=MNI 
//nullstudy_72
//Subjects=29
26  20  48 
-10  68  -2 
-40  -88  14 
44  20  48 
-2  42  -4 
-6  -18  -30 
-10  8  36 
-20  -82  20 

//Reference=MNI 
//nullstudy_73
//Subjects=29
-34  -64  -52 
56  6  26 
38  22  10 
-36  -20  16 
-24  -6  60 
-18  -46  12 
-46  20  -32 
-30  -66  -22 

//Reference=MNI 
//nullstudy_74
//Subjects=29
28  58  18 
-30  14  -42 
-4  8  0 
-34  -8  -36 
14  24  14 
22  30  -22 
-6  -12  20 
-30  -70  36 

//Reference=MNI 
//nullstudy_75
//Subjects=29
-46  -50  52 
-22  -68  -58 
-34  12  56 
-8  -46  70 
-6  -46  -38 
-36  52  26 
-44  46  -4 
32  58  0 

//Reference=MNI 
//nullstudy_76
//Subjects=29
12  18  12 
48  50  6 
-36  30  -14 
44  32  32 
-62  -4  -22 
-46  8  2 
-10  -56  54 
-68  -14  0 

//Reference=MNI 
//nullstudy_77
//Subjects=31
-22  -32  0 
-28  -72  44 
-14  4  -38 
-26  52  10 
-38  58  10 
-32  -22  58 
-14  28  -20 
-26  -12  -8 

//Reference=MNI 
//nullstudy_78
//Subjects=30
-44  -68  44 
-36  -44  32 
-64  -54  -14 
-30  -32  14 
-34  -62  42 
-18  -74  -16 
-2  8  44 
-56  -6  10 

//Reference=MNI 
//nullstudy_79
//Subjects=30
56  12  -4 
-4  -10  58 
-40  -42  18 
-62  -46  10 
-36  -50  44 
-18  -48  -14 
-46  -8  -30 
-6  32  -12 

//Reference=MNI 
//nullstudy_80
//Subjects=31
-20  -72  -40 
-46  2  -36 
-8  -8  14 
-44  0  -8 
-2  26  66 
-60  -32  32 
-48  -68  2 
-26  -66  -14 

//Reference=MNI 
//nullstudy_81
//Subjects=29
-4  -54  72 
-36  -70  -50 
-54  -64  4 
-4  -40  58 
24  48  34 
-6  12  18 
-18  10  -30 
-8  -20  14 

//Reference=MNI 
//nullstudy_82
//Subjects=28
4  50  26 
-8  54  -28 
-28  -64  0 
-20  6  -16 
-42  50  20 
-12  34  16 
-14  -36  16 
30  24  -6 

//Reference=MNI 
//nullstudy_83
//Subjects=32
34  32  46 
32  22  10 
0  26  20 
-24  -28  -22 
-48  -16  36 
-10  -12  -24 
30  52  30 
-14  64  12 

//Reference=MNI 
//nullstudy_84
//Subjects=29
8  38  42 
16  52  38 
-4  6  38 
32  8  -38 
-12  26  22 
-32  14  56 
-14  -60  -8 
-14  10  72 

//Reference=MNI 
//nullstudy_85
//Subjects=30
-64  -34  28 
-8  26  66 
-32  -78  48 
42  42  16 
-10  16  -14 
24  56  28 
-20  -76  56 
-14  -26  -20 

//Reference=MNI 
//nullstudy_86
//Subjects=32
0  56  -4 
-8  -56  -6 
-4  -12  18 
-8  2  -6 
28  24  -6 
-56  -8  46 
-10  -36  62 
-18  -66  -40 

//Reference=MNI 
//nullstudy_87
//Subjects=30
-32  -30  -30 
-28  64  18 
-20  42  22 
-62  -40  4 
-42  -86  22 
30  18  -42 
-38  44  -12 
-10  12  72 

//Reference=MNI 
//nullstudy_88
//Subjects=31
-12  44  -26 
-38  -76  38 
-4  16  -20 
-4  58  32 
8  18  36 
-4  -50  62 
-4  -20  52 
-40  -58  -8 

//Reference=MNI 
//nullstudy_89
//Subjects=29
-20  -58  20 
-38  -82  -44 
-40  44  -2 
28  20  -18 
-52  -28  -12 
-36  -60  -40 
-2  36  -24 
-6  38  -22 

//Reference=MNI 
//nullstudy_90
//Subjects=30
-14  -96  6 
-8  -102  -4 
-10  34  60 
-58  -68  -8 
-28  -10  -22 
-22  40  38 
28  48  22 
-32  48  -16 

//Reference=MNI 
//nullstudy_91
//Subjects=31
40  50  18 
-32  58  8 
-50  6  0 
16  50  -2 
-30  -22  58 
-34  2  -50 
-8  -62  -62 
12  8  72 

//Reference=MNI 
//nullstudy_92
//Subjects=31
-44  6  10 
-56  -44  50 
-4  -80  4 
-38  -60  -32 
-46  -64  26 
-24  -72  42 
-42  -32  50 
28  22  -22 

//Reference=MNI 
//nullstudy_93
//Subjects=30
-68  -12  16 
24  16  -32 
32  64  0 
-26  -46  -54 
48  30  20 
4  54  34 
-40  12  -24 
40  56  -2 

//Reference=MNI 
//nullstudy_94
//Subjects=30
12  20  -30 
-66  -32  -10 
8  22  8 
-42  12  54 
-20  12  -20 
-30  -88  24 
-18  -16  -10 
-32  -28  -30 

//Reference=MNI 
//nullstudy_95
//Subjects=29
-36  -22  18 
-38  50  -2 
-56  -2  38 
-4  -82  28 
-46  28  -8 
-32  -56  -14 
0  24  46 
48  10  20 

//Reference=MNI 
//nullstudy_96
//Subjects=30
-66  -24  -28 
-54  -24  -4 
-16  -90  -6 
-52  -46  4 
-12  -44  54 
-36  -34  66 
-38  18  26 
28  16  -2 

//Reference=MNI 
//nullstudy_97
//Subjects=30
-22  -62  -22 
-4  -80  -46 
-58  -6  0 
-26  -38  60 
-8  16  -26 
-56  -38  16 
-8  18  -22 
30  28  -14 

//Reference=MNI 
//nullstudy_98
//Subjects=30
10  6  66 
-2  -56  66 
14  20  -24 
-32  -6  40 
-10  -16  -36 
-20  70  10 
-34  14  6 
-20  -60  22 

//Reference=MNI 
//nullstudy_99
//Subjects=31
26  14  -26 
-2  22  -28 
10  6  60 
44  8  32 
-16  -86  28 
-10  -66  -60 
14  2  -4 
-28  -48  -24 

//Reference=MNI 
//nullstudy_100
//Subjects=32
-46  -46  38 
48  22  4 
-48  30  18 
-20  30  -16 
-6  -6  -2 
-30  -48  -34 
-60  -42  2 
-16  -94  -26 

