//Reference=MNI 
//truestudy_1
//Subjects=30
46  -66  -7 
47  -66  -7 
46  -65  -6 
49  -66  -5 
46  -67  -7 
47  -67  -7 
47  -66  -6 
47  -66  -7 

//Reference=MNI 
//truestudy_2
//Subjects=31
47  -67  -7 
46  -68  -5 
47  -67  -7 
47  -65  -6 
47  -67  -6 
47  -66  -5 
46  -68  -6 
46  -66  -8 

//Reference=MNI 
//truestudy_3
//Subjects=31
46  -65  -6 
46  -66  -6 
46  -66  -6 
46  -66  -8 
45  -66  -5 
47  -66  -6 
44  -65  -6 
46  -65  -6 

//Reference=MNI 
//nullstudy_1
//Subjects=30
-16  -20  -10 
8  50  42 
-30  50  8 
26  8  70 
-30  -36  50 
-20  -70  62 
-6  32  48 
-58  -18  40 

//Reference=MNI 
//nullstudy_2
//Subjects=31
-12  -50  74 
2  40  -2 
-34  -66  26 
-42  -34  40 
-24  -62  62 
-30  46  20 
-24  -24  -12 
-8  50  -4 

//Reference=MNI 
//nullstudy_3
//Subjects=31
-50  -30  20 
-12  -28  4 
-64  6  12 
0  40  -4 
-46  -56  -2 
-20  -78  46 
-24  -72  -38 
-26  -84  -36 

//Reference=MNI 
//nullstudy_4
//Subjects=30
-54  -20  -6 
-30  -60  -40 
30  48  -6 
-50  -70  6 
0  6  40 
-26  -76  20 
-10  10  46 
-62  -48  -8 

//Reference=MNI 
//nullstudy_5
//Subjects=31
-10  0  40 
-16  12  62 
-6  -20  14 
4  36  22 
34  18  44 
-6  26  64 
-18  14  -22 
-26  34  -8 

//Reference=MNI 
//nullstudy_6
//Subjects=30
-28  -6  -50 
8  60  12 
6  8  0 
-4  -78  -24 
42  18  -18 
0  62  -18 
-18  -42  -52 
-12  -62  -2 

//Reference=MNI 
//nullstudy_7
//Subjects=30
20  26  62 
0  10  38 
44  14  56 
-46  18  22 
-18  -50  -40 
-30  60  22 
6  8  -30 
-28  50  -6 

//Reference=MNI 
//nullstudy_8
//Subjects=30
-14  -58  32 
-4  -58  -42 
-42  -16  4 
-40  -36  64 
-28  16  52 
-8  -64  4 
-4  14  48 
-28  38  -18 

//Reference=MNI 
//nullstudy_9
//Subjects=31
-12  -82  -42 
-6  -50  68 
20  16  -24 
-22  -4  70 
-38  -20  -26 
22  8  -30 
-42  2  -46 
-28  -70  -6 

//Reference=MNI 
//nullstudy_10
//Subjects=28
-2  56  8 
-62  -6  -22 
54  6  6 
42  20  4 
-52  -58  -4 
-56  -42  4 
-18  -54  56 
-42  -36  62 

//Reference=MNI 
//nullstudy_11
//Subjects=30
-32  60  14 
2  14  30 
-32  -88  16 
-12  -34  -42 
-10  -26  10 
-6  -36  -60 
-46  -48  -30 
0  58  32 

//Reference=MNI 
//nullstudy_12
//Subjects=31
-38  -16  62 
-4  -28  -4 
50  44  16 
-44  -38  -14 
22  24  64 
-20  -90  -22 
50  8  20 
32  54  -16 

//Reference=MNI 
//nullstudy_13
//Subjects=29
18  26  2 
36  50  10 
-40  -26  12 
-48  38  24 
-2  30  46 
-50  -34  54 
-26  -78  -20 
42  22  0 

//Reference=MNI 
//nullstudy_14
//Subjects=31
-6  -36  50 
-12  -38  46 
-18  -100  -20 
-44  32  38 
-18  -32  2 
-12  36  56 
22  18  -2 
-16  -58  -28 

//Reference=MNI 
//nullstudy_15
//Subjects=28
-8  -44  50 
-16  34  46 
-26  -16  74 
-52  -58  -4 
-34  -40  -36 
-32  -92  -20 
-30  -40  44 
-34  -80  14 

//Reference=MNI 
//nullstudy_16
//Subjects=30
-26  -68  -38 
0  8  60 
-14  -52  48 
-40  36  -4 
-12  -64  6 
-30  -82  28 
-4  -98  -12 
28  30  -16 

//Reference=MNI 
//nullstudy_17
//Subjects=30
-24  -72  -18 
6  44  -6 
-36  10  -18 
-28  -20  -14 
42  2  -48 
-18  6  58 
-34  -24  48 
-36  2  -20 

//Reference=MNI 
//nullstudy_18
//Subjects=29
-42  -52  -24 
-14  -100  22 
-32  22  -24 
-12  58  34 
-42  -42  8 
-2  -94  -10 
-16  -30  18 
-10  -16  6 

//Reference=MNI 
//nullstudy_19
//Subjects=30
36  42  -18 
-20  -28  -20 
-30  -68  -18 
28  16  44 
-32  -84  40 
-8  40  56 
-30  -38  -22 
-34  -2  42 

//Reference=MNI 
//nullstudy_20
//Subjects=31
-32  -34  -10 
-20  -2  -46 
-10  -76  32 
-36  8  10 
-26  -88  -42 
-50  -4  48 
-54  -54  -32 
-28  0  8 

//Reference=MNI 
//nullstudy_21
//Subjects=29
-48  -28  18 
-14  -50  -16 
-44  -6  46 
40  16  34 
-8  -40  2 
16  34  50 
28  20  48 
-44  -38  -18 

//Reference=MNI 
//nullstudy_22
//Subjects=31
42  52  14 
-34  -38  -38 
-30  -64  46 
-62  -52  -18 
0  8  8 
-24  -56  36 
-30  26  50 
-34  20  -14 

//Reference=MNI 
//nullstudy_23
//Subjects=30
-28  -8  -32 
-28  30  42 
-38  16  30 
-28  36  30 
-22  -58  -30 
-28  -70  -22 
-22  -34  -18 
-30  60  12 

//Reference=MNI 
//nullstudy_24
//Subjects=31
-30  -100  -4 
-14  -58  66 
-14  4  72 
-14  -74  -52 
-26  -12  -32 
-32  42  4 
-58  -70  6 
-28  58  -4 

//Reference=MNI 
//nullstudy_25
//Subjects=29
28  48  -8 
-40  -52  -4 
8  24  8 
58  10  6 
6  62  18 
-14  -46  -20 
-28  36  -12 
44  6  34 

//Reference=MNI 
//nullstudy_26
//Subjects=31
-6  -20  24 
-46  -50  -42 
-36  -50  -48 
-40  -10  36 
-16  -18  -14 
-24  -32  70 
-30  18  0 
-6  22  -12 

//Reference=MNI 
//nullstudy_27
//Subjects=29
-42  -60  44 
-62  -18  -2 
-22  54  12 
-2  14  34 
12  20  -26 
46  48  14 
-50  8  -36 
-48  -6  -24 

//Reference=MNI 
//nullstudy_28
//Subjects=29
-14  64  26 
32  36  -8 
-26  46  32 
-52  -54  22 
-20  -26  20 
-10  16  56 
-48  -36  24 
-2  -100  2 

//Reference=MNI 
//nullstudy_29
//Subjects=30
-16  -62  38 
-10  -74  34 
-14  -76  -24 
48  26  10 
-48  -56  -54 
-6  28  -20 
-10  -82  -22 
4  48  18 

//Reference=MNI 
//nullstudy_30
//Subjects=30
-10  -34  40 
-14  32  -28 
-54  -30  16 
-4  4  68 
-2  -62  14 
-54  12  2 
-50  -50  -34 
48  14  4 

//Reference=MNI 
//nullstudy_31
//Subjects=30
26  30  32 
-34  -54  -16 
-64  0  12 
-36  -18  6 
-36  -36  16 
-18  -96  -20 
-56  -50  40 
-16  -38  62 

//Reference=MNI 
//nullstudy_32
//Subjects=30
-26  -34  6 
-34  -76  4 
12  42  -6 
-30  -36  56 
-32  2  16 
-12  -14  78 
-50  -68  38 
-10  -48  26 

//Reference=MNI 
//nullstudy_33
//Subjects=30
-46  46  20 
34  2  50 
-20  -56  -14 
-6  -22  40 
-34  -68  -46 
50  22  10 
-28  6  10 
10  34  -10 

//Reference=MNI 
//nullstudy_34
//Subjects=30
-22  26  -18 
-8  -84  -38 
62  4  -12 
-14  28  0 
8  24  68 
-12  -52  -8 
-44  -42  -44 
-6  62  6 

//Reference=MNI 
//nullstudy_35
//Subjects=31
-6  -52  58 
28  44  32 
-34  4  -30 
40  10  -4 
-54  -50  -36 
16  28  48 
8  16  16 
48  8  52 

//Reference=MNI 
//nullstudy_36
//Subjects=31
44  36  22 
-14  -48  -34 
-48  -44  -48 
-14  -20  22 
-22  -46  -14 
-42  -30  34 
-16  -42  10 
6  20  50 

//Reference=MNI 
//nullstudy_37
//Subjects=32
-26  -84  -2 
-8  52  16 
-2  -40  -64 
44  2  14 
50  8  -38 
-2  48  0 
-34  -4  -50 
14  38  50 

//Reference=MNI 
//nullstudy_38
//Subjects=29
-54  -12  -42 
-32  -52  -46 
-34  -72  24 
-6  58  -12 
-22  -24  -28 
-36  -70  24 
-2  -16  48 
-46  28  8 

//Reference=MNI 
//nullstudy_39
//Subjects=29
-26  12  -38 
-38  -54  -20 
-6  32  6 
-14  -48  -52 
-66  -22  -24 
18  2  54 
-48  -42  56 
-12  22  0 

//Reference=MNI 
//nullstudy_40
//Subjects=30
-50  -30  32 
-58  -62  10 
-54  2  -34 
-28  -98  -16 
26  42  -20 
24  6  54 
-12  -62  56 
8  12  -16 

//Reference=MNI 
//nullstudy_41
//Subjects=30
-10  -10  54 
-22  -84  -4 
-62  -16  36 
-58  -12  42 
-40  -64  14 
-20  -66  -16 
-32  36  24 
22  32  -10 

//Reference=MNI 
//nullstudy_42
//Subjects=29
-58  -46  36 
-42  -34  50 
-64  -26  30 
-44  -32  54 
28  56  -16 
-30  -60  62 
-12  -28  4 
-32  -80  30 

//Reference=MNI 
//nullstudy_43
//Subjects=30
-6  62  -4 
12  48  -2 
-20  -6  66 
-18  -28  72 
-38  -24  62 
-12  -36  62 
-28  42  46 
-2  18  18 

//Reference=MNI 
//nullstudy_44
//Subjects=29
-44  14  16 
-8  56  26 
-12  -46  58 
-12  -32  42 
-50  8  6 
-36  46  24 
14  22  8 
56  18  38 

//Reference=MNI 
//nullstudy_45
//Subjects=30
-6  -54  18 
20  30  42 
-48  -12  -2 
-42  -8  0 
-30  2  12 
-30  30  52 
50  42  16 
-48  -20  2 

//Reference=MNI 
//nullstudy_46
//Subjects=31
-4  50  2 
18  46  0 
-54  -28  26 
-32  46  18 
-52  -20  24 
-34  -60  -34 
-46  -82  26 
-34  -16  68 

//Reference=MNI 
//nullstudy_47
//Subjects=28
40  16  30 
-42  -38  26 
-46  -72  38 
-54  -40  14 
-44  -30  -4 
-6  -10  60 
2  40  -30 
-44  -52  -18 

//Reference=MNI 
//nullstudy_48
//Subjects=30
-30  -36  38 
52  10  0 
-22  -84  -24 
-18  -52  -20 
-30  -30  68 
-16  -34  -20 
-40  -48  64 
2  6  42 

//Reference=MNI 
//nullstudy_49
//Subjects=30
-56  14  -18 
36  34  6 
-26  -78  -32 
-18  6  -8 
-2  -46  18 
34  60  10 
-14  -38  46 
-40  -58  -52 

//Reference=MNI 
//nullstudy_50
//Subjects=29
-36  -52  28 
-22  40  -20 
-36  20  4 
12  32  58 
-34  -28  -8 
8  46  -10 
-26  -2  -10 
-22  -78  52 

//Reference=MNI 
//nullstudy_51
//Subjects=30
-44  16  -38 
36  26  -20 
24  32  -26 
16  50  6 
-60  -24  12 
32  52  32 
18  50  28 
-62  -16  36 

//Reference=MNI 
//nullstudy_52
//Subjects=30
56  2  -28 
-32  -40  68 
-18  70  8 
-40  -64  0 
34  48  14 
4  10  34 
-16  -58  -2 
-26  -10  60 

//Reference=MNI 
//nullstudy_53
//Subjects=31
6  44  14 
38  54  -6 
-62  -50  -2 
-48  -62  28 
38  24  2 
-14  -60  -56 
-52  -32  40 
-6  54  -2 

//Reference=MNI 
//nullstudy_54
//Subjects=31
34  30  34 
0  58  -14 
46  2  46 
-22  -102  -14 
26  8  -24 
-26  -56  56 
4  70  10 
-36  -42  -42 

//Reference=MNI 
//nullstudy_55
//Subjects=28
10  38  -18 
-28  14  -14 
38  26  34 
36  18  32 
-30  -46  -58 
-40  -76  14 
-40  20  -4 
-50  -34  -24 

//Reference=MNI 
//nullstudy_56
//Subjects=30
-20  -40  -32 
58  8  -32 
-60  -40  -20 
-32  30  -4 
10  26  -18 
-40  -12  4 
-32  -56  -42 
-24  66  16 

//Reference=MNI 
//nullstudy_57
//Subjects=30
12  8  18 
-58  16  6 
-24  12  46 
-10  -46  36 
-34  -94  -2 
-40  20  14 
-12  22  60 
-28  -44  2 

//Reference=MNI 
//nullstudy_58
//Subjects=29
-64  -52  0 
-6  -16  62 
-6  68  20 
14  26  8 
20  12  -18 
-22  -6  54 
38  6  52 
14  28  28 

//Reference=MNI 
//nullstudy_59
//Subjects=30
-26  14  -32 
-48  -58  32 
-54  -32  -32 
-34  -44  36 
-40  -6  18 
-2  -18  30 
-46  -22  -30 
-38  26  -6 

//Reference=MNI 
//nullstudy_60
//Subjects=29
-6  -18  46 
-34  -24  18 
-30  -10  -44 
48  16  -16 
-28  -94  24 
-44  40  24 
20  54  30 
-32  -92  -14 

//Reference=MNI 
//nullstudy_61
//Subjects=28
-46  -74  6 
-38  50  16 
-32  -68  46 
-42  -58  58 
-36  -20  -6 
-40  -30  42 
-30  -10  6 
-30  0  42 

//Reference=MNI 
//nullstudy_62
//Subjects=29
14  62  0 
-24  -38  -12 
-48  -22  50 
-8  -8  -22 
-26  6  44 
-26  -62  -4 
-10  -60  -2 
-6  -38  66 

//Reference=MNI 
//nullstudy_63
//Subjects=31
-48  -76  12 
22  42  52 
-34  -84  -18 
-30  -52  -30 
-2  -20  -44 
-6  62  4 
46  16  -8 
-48  8  16 

//Reference=MNI 
//nullstudy_64
//Subjects=31
-8  -78  10 
8  58  34 
-38  -34  -20 
-10  -2  16 
0  8  50 
-22  -8  -22 
-58  -20  -24 
-18  -20  -36 

//Reference=MNI 
//nullstudy_65
//Subjects=31
-14  -4  68 
-2  -74  -4 
-16  -66  32 
-32  32  18 
-54  -10  24 
-28  -58  -36 
32  10  42 
30  26  10 

//Reference=MNI 
//nullstudy_66
//Subjects=29
-48  -78  -16 
-6  -62  -50 
-30  -44  -18 
-28  -38  10 
-12  -94  -26 
-6  -48  36 
2  18  2 
-36  -56  -8 

//Reference=MNI 
//nullstudy_67
//Subjects=29
36  50  14 
-26  -12  2 
-14  -74  36 
-2  2  42 
-8  -18  -40 
-22  -86  22 
-10  -84  -4 
-32  -20  6 

//Reference=MNI 
//nullstudy_68
//Subjects=30
-8  -58  -20 
-40  26  12 
-40  -68  -20 
-56  -46  28 
-16  -50  -26 
-50  4  -18 
-4  -102  -14 
-34  -64  -26 

//Reference=MNI 
//nullstudy_69
//Subjects=30
-12  -48  40 
-40  6  -12 
12  38  -12 
-30  -54  54 
-50  -8  6 
-8  -36  -32 
22  4  72 
28  6  -24 

//Reference=MNI 
//nullstudy_70
//Subjects=31
48  8  12 
46  30  34 
-22  -38  70 
-24  28  50 
38  6  10 
52  10  20 
-52  16  28 
24  20  -2 

//Reference=MNI 
//nullstudy_71
//Subjects=30
-52  8  -34 
36  12  -46 
2  14  2 
4  42  56 
-18  28  62 
-48  -8  -2 
-50  28  16 
-20  -58  66 

//Reference=MNI 
//nullstudy_72
//Subjects=32
-44  6  -34 
-34  -68  28 
-36  -90  18 
50  24  4 
-24  -60  44 
22  4  -40 
6  64  14 
-58  8  2 

//Reference=MNI 
//nullstudy_73
//Subjects=27
36  54  -10 
44  36  -22 
18  20  10 
-30  38  22 
-34  2  -6 
20  12  -46 
-34  -70  -12 
-24  0  8 

//Reference=MNI 
//nullstudy_74
//Subjects=31
-6  -8  50 
10  18  50 
6  24  20 
-10  -38  40 
12  34  50 
18  12  66 
16  16  64 
-10  2  -8 

//Reference=MNI 
//nullstudy_75
//Subjects=28
-10  -72  0 
0  8  -6 
30  16  -22 
-2  20  -6 
-50  -26  40 
-34  52  8 
8  22  36 
6  50  16 

//Reference=MNI 
//nullstudy_76
//Subjects=31
-34  -32  18 
-6  -28  -24 
-46  40  -6 
42  40  -14 
-64  -8  -2 
-26  -82  -28 
-24  18  52 
-18  26  2 

//Reference=MNI 
//nullstudy_77
//Subjects=30
-58  -50  4 
-38  -14  64 
-58  -46  -10 
-24  -78  -18 
-18  -68  -26 
-38  2  -48 
-16  -50  -62 
-62  -20  -34 

//Reference=MNI 
//nullstudy_78
//Subjects=31
44  26  -20 
-14  -26  -6 
-18  -44  62 
40  26  16 
-2  -52  14 
2  26  -24 
-28  -4  56 
-22  -68  36 

//Reference=MNI 
//nullstudy_79
//Subjects=29
-6  -70  -36 
-6  40  58 
-46  40  0 
-40  -52  12 
-44  -6  52 
-2  -56  18 
-4  -48  8 
-42  -62  2 

//Reference=MNI 
//nullstudy_80
//Subjects=31
56  36  -4 
-16  42  34 
-36  18  -4 
44  28  26 
22  16  0 
-36  -58  38 
36  56  -16 
26  48  30 

//Reference=MNI 
//nullstudy_81
//Subjects=30
30  48  -8 
22  10  -44 
-52  -12  -10 
-26  -44  54 
-20  -102  -16 
22  26  56 
-56  -18  28 
-26  -74  52 

//Reference=MNI 
//nullstudy_82
//Subjects=29
-4  -80  -4 
-58  4  12 
-44  -10  26 
-10  22  36 
-60  2  -22 
14  48  20 
-52  -58  -2 
-20  -64  -26 

//Reference=MNI 
//nullstudy_83
//Subjects=29
-8  26  30 
-46  -6  -48 
-2  38  46 
-34  -42  -42 
-54  -30  36 
-6  -32  -22 
-2  -42  68 
-18  -38  44 

//Reference=MNI 
//nullstudy_84
//Subjects=28
-24  18  -32 
-28  10  -48 
-46  14  14 
-42  -28  10 
-24  10  -8 
-4  -88  32 
-20  -38  0 
-24  40  -10 

//Reference=MNI 
//nullstudy_85
//Subjects=28
-12  -4  -8 
-6  -34  52 
-26  -14  54 
-12  -46  40 
-28  64  -10 
-6  -36  46 
-36  -20  16 
-24  50  -14 

//Reference=MNI 
//nullstudy_86
//Subjects=32
12  40  -12 
-60  -32  42 
-38  -58  14 
64  10  16 
-18  -30  -30 
18  28  -28 
-12  28  56 
-44  20  28 

//Reference=MNI 
//nullstudy_87
//Subjects=29
-46  38  -2 
-40  -16  -30 
6  50  50 
-16  -68  -52 
-56  -18  32 
42  16  -18 
-20  -34  -32 
-54  -30  38 

//Reference=MNI 
//nullstudy_88
//Subjects=32
-44  -12  -36 
-10  -52  14 
-18  -80  8 
-70  -36  2 
28  52  -8 
26  2  70 
-24  -68  50 
-24  50  40 

//Reference=MNI 
//nullstudy_89
//Subjects=32
-56  -2  -28 
-46  -66  -14 
4  42  10 
14  50  4 
52  6  10 
32  62  -10 
14  26  -2 
36  52  6 

//Reference=MNI 
//nullstudy_90
//Subjects=30
-46  -20  34 
-18  -40  -50 
36  62  12 
-52  4  6 
-50  -74  20 
-46  30  0 
-2  14  -24 
24  24  -24 

//Reference=MNI 
//nullstudy_91
//Subjects=29
-38  24  34 
-24  -80  26 
-48  22  -26 
-34  -36  70 
6  54  2 
-30  -74  -56 
-6  -86  -40 
-4  -8  66 

//Reference=MNI 
//nullstudy_92
//Subjects=30
-26  8  -38 
-68  -14  -12 
30  24  58 
-42  22  -20 
-28  -86  -20 
-48  -64  50 
-38  18  -8 
-28  -46  36 

//Reference=MNI 
//nullstudy_93
//Subjects=30
-16  -30  -26 
6  2  48 
-54  -52  0 
-6  28  38 
8  8  72 
-66  -42  14 
0  62  22 
-18  66  -14 

//Reference=MNI 
//nullstudy_94
//Subjects=31
-44  -66  -24 
-28  -68  -48 
-46  8  -36 
-52  14  -26 
-12  -42  54 
22  30  30 
40  14  34 
-10  -68  32 

//Reference=MNI 
//nullstudy_95
//Subjects=29
-44  -4  38 
4  8  46 
-38  -32  -28 
-48  -76  -6 
10  36  26 
-10  -16  -40 
-22  -48  -6 
8  56  8 

//Reference=MNI 
//nullstudy_96
//Subjects=29
6  22  -24 
-6  -72  -36 
-48  20  -10 
-8  -26  60 
-10  54  -22 
-48  -78  10 
22  44  -20 
-56  4  -4 

//Reference=MNI 
//nullstudy_97
//Subjects=32
-42  -64  28 
-30  -14  4 
-40  -28  34 
-2  26  54 
-50  4  -14 
-12  -14  76 
-12  -24  40 
-10  -16  4 

//Reference=MNI 
//nullstudy_98
//Subjects=29
58  14  -12 
34  24  50 
-30  20  10 
-32  24  10 
-48  -70  -26 
0  40  54 
-4  -26  36 
-30  60  -16 

//Reference=MNI 
//nullstudy_99
//Subjects=30
-40  6  58 
26  24  52 
-30  -20  -14 
-44  -50  -54 
42  2  -32 
-4  -42  -20 
-58  -44  46 
-26  -76  -36 

//Reference=MNI 
//nullstudy_100
//Subjects=30
24  58  14 
-44  -20  52 
44  16  38 
-62  -4  32 
56  18  -10 
44  2  40 
-12  -24  4 
-6  -66  42 

