//Reference=MNI 
//truestudy_1
//Subjects=30
46  -67  -6 
45  -67  -3 
45  -66  -7 
47  -65  -7 
45  -66  -4 
47  -66  -6 
46  -66  -6 
47  -67  -5 

//Reference=MNI 
//truestudy_2
//Subjects=31
46  -65  -6 
47  -66  -7 
44  -64  -8 
46  -67  -4 
46  -65  -5 
46  -67  -5 
45  -66  -5 
46  -66  -6 

//Reference=MNI 
//truestudy_3
//Subjects=30
44  -63  -6 
46  -66  -6 
47  -67  -5 
46  -67  -6 
47  -67  -6 
46  -66  -6 
45  -67  -8 
46  -65  -5 

//Reference=MNI 
//nullstudy_1
//Subjects=30
-10  60  6 
-10  50  -26 
-26  -52  -32 
36  32  40 
-28  38  -10 
-26  -64  54 
-66  -18  12 
-46  -40  36 

//Reference=MNI 
//nullstudy_2
//Subjects=31
-4  58  10 
-52  12  40 
-16  -56  -40 
6  16  58 
16  42  -6 
-28  38  38 
-14  20  16 
-42  -6  -20 

//Reference=MNI 
//nullstudy_3
//Subjects=30
-30  -56  -28 
-40  52  -14 
-60  6  24 
-28  -68  -10 
22  46  34 
12  4  10 
-48  30  -12 
-12  -78  42 

//Reference=MNI 
//nullstudy_4
//Subjects=29
-26  10  -24 
-32  -16  -8 
-40  -40  50 
-6  -48  34 
-50  34  22 
52  40  0 
-30  64  14 
22  24  34 

//Reference=MNI 
//nullstudy_5
//Subjects=31
30  28  -2 
-14  -26  66 
-62  -54  8 
-24  -32  -20 
32  32  -8 
-4  -22  -34 
22  10  4 
-54  -2  -16 

//Reference=MNI 
//nullstudy_6
//Subjects=30
-12  -52  16 
28  24  -16 
-40  16  28 
-50  8  -26 
-10  16  64 
-2  12  66 
-18  -74  -20 
-46  -4  -22 

//Reference=MNI 
//nullstudy_7
//Subjects=29
-4  -20  -20 
12  4  22 
-34  -10  -50 
42  18  36 
-34  14  0 
2  28  -14 
-16  -74  60 
-32  -10  10 

//Reference=MNI 
//nullstudy_8
//Subjects=30
-52  -34  6 
-16  4  60 
40  14  36 
8  50  22 
-32  -10  -34 
-52  -24  2 
-36  38  20 
22  64  10 

//Reference=MNI 
//nullstudy_9
//Subjects=29
-54  -72  -16 
-6  -16  -18 
-42  -40  2 
-32  -36  58 
-32  24  36 
52  8  -10 
-12  -8  28 
38  10  -46 

//Reference=MNI 
//nullstudy_10
//Subjects=30
-14  -16  26 
-60  10  -8 
-44  -54  -26 
-26  28  58 
0  6  44 
22  40  -16 
4  20  -10 
44  14  50 

//Reference=MNI 
//nullstudy_11
//Subjects=28
-12  -68  -58 
24  38  40 
14  54  2 
-60  -22  -24 
-48  -50  26 
-6  -78  -40 
4  6  28 
-34  40  12 

//Reference=MNI 
//nullstudy_12
//Subjects=30
-14  16  62 
-68  -34  24 
-48  -70  22 
-20  -82  -38 
-24  -10  60 
-6  16  46 
-28  -54  64 
46  22  44 

//Reference=MNI 
//nullstudy_13
//Subjects=29
-36  8  -36 
36  12  -22 
-44  -78  -34 
36  14  -34 
-18  -38  8 
-10  -84  2 
8  30  -6 
-22  -78  26 

//Reference=MNI 
//nullstudy_14
//Subjects=30
-6  58  -6 
-58  8  -18 
-26  -80  -42 
-6  -94  -10 
-2  -24  46 
-62  4  -18 
40  44  -6 
-2  34  18 

//Reference=MNI 
//nullstudy_15
//Subjects=32
-48  -24  -2 
-14  -40  -22 
-60  -10  20 
-28  -84  -14 
-30  42  -22 
-2  38  -32 
-44  52  -4 
-40  -66  -24 

//Reference=MNI 
//nullstudy_16
//Subjects=30
-16  42  48 
-26  0  -24 
-38  -70  0 
-32  -96  -14 
26  52  -6 
-24  22  -26 
-28  -44  -30 
32  42  -12 

//Reference=MNI 
//nullstudy_17
//Subjects=29
-44  0  -48 
-24  12  66 
-28  8  -22 
-14  68  18 
18  66  -4 
-46  -18  56 
-12  -66  -44 
-18  22  -2 

//Reference=MNI 
//nullstudy_18
//Subjects=29
-40  -22  38 
-34  -46  -16 
-4  -68  -56 
-8  -62  -24 
-8  64  18 
-62  -10  14 
54  22  12 
44  8  36 

//Reference=MNI 
//nullstudy_19
//Subjects=31
18  16  52 
-34  -4  4 
-16  -16  72 
2  46  36 
12  44  -2 
-60  -34  36 
-8  -68  -10 
-28  48  30 

//Reference=MNI 
//nullstudy_20
//Subjects=29
-16  -100  -8 
38  20  40 
-10  -16  -26 
-6  44  -6 
-32  12  10 
-16  44  38 
-36  -48  44 
-20  -42  66 

//Reference=MNI 
//nullstudy_21
//Subjects=31
-50  20  -28 
-4  -98  -20 
-46  12  -12 
-32  6  30 
-18  -40  52 
-58  -54  12 
34  4  42 
-64  -48  -4 

//Reference=MNI 
//nullstudy_22
//Subjects=31
-6  -80  10 
6  26  20 
8  66  -16 
-48  -58  -16 
-54  -52  24 
-60  -22  24 
-52  -8  -6 
-28  -66  -54 

//Reference=MNI 
//nullstudy_23
//Subjects=34
32  14  -12 
-8  -72  -10 
2  16  -14 
-26  18  0 
-4  -88  -38 
-2  -80  10 
-26  -42  -8 
-8  -60  -52 

//Reference=MNI 
//nullstudy_24
//Subjects=31
-52  -10  -22 
-60  -30  -16 
-2  -44  -54 
28  8  -24 
14  52  -8 
52  16  -32 
-20  14  46 
-44  -38  6 

//Reference=MNI 
//nullstudy_25
//Subjects=30
-64  -40  -26 
-16  28  54 
-8  -4  -8 
-10  56  -2 
8  42  40 
58  8  40 
20  22  42 
-62  -18  -24 

//Reference=MNI 
//nullstudy_26
//Subjects=32
-40  -10  -4 
-42  -2  28 
-24  -90  -24 
-4  -66  -8 
-30  -8  42 
-8  10  68 
18  44  50 
-64  2  16 

//Reference=MNI 
//nullstudy_27
//Subjects=31
36  50  10 
-68  -36  18 
-44  10  18 
-24  -58  -28 
-34  -58  58 
30  2  -34 
-60  14  20 
2  62  26 

//Reference=MNI 
//nullstudy_28
//Subjects=31
-40  -40  -24 
-10  -86  -6 
-2  8  -20 
-40  -74  34 
-28  -48  66 
-36  -40  -32 
16  10  -28 
-22  8  -48 

//Reference=MNI 
//nullstudy_29
//Subjects=30
64  4  22 
38  44  20 
-44  -32  -24 
-22  -24  -8 
-30  48  -18 
24  2  -2 
-14  46  18 
40  40  38 

//Reference=MNI 
//nullstudy_30
//Subjects=30
-26  58  18 
-38  -20  6 
-24  -24  -12 
20  54  -8 
-8  -18  -30 
28  20  -34 
-38  -10  -12 
-10  -74  -56 

//Reference=MNI 
//nullstudy_31
//Subjects=30
-38  -12  -42 
-34  -20  -12 
-48  38  14 
-38  -18  52 
24  12  64 
-8  -70  8 
-4  -40  -54 
-52  -42  44 

//Reference=MNI 
//nullstudy_32
//Subjects=30
-26  -66  -40 
-60  0  12 
-6  -46  2 
-36  -34  36 
50  14  38 
-16  14  62 
32  12  -40 
42  54  -2 

//Reference=MNI 
//nullstudy_33
//Subjects=30
-50  2  40 
-50  36  24 
-10  -24  62 
-28  6  44 
-14  -56  -6 
36  58  12 
62  6  22 
14  40  18 

//Reference=MNI 
//nullstudy_34
//Subjects=30
52  20  -24 
-40  -72  -32 
-48  -36  32 
-16  56  -14 
8  8  66 
22  6  -22 
-38  -38  -20 
-32  12  36 

//Reference=MNI 
//nullstudy_35
//Subjects=32
-18  6  16 
-62  -36  0 
-36  -42  -56 
-54  -50  -18 
-18  28  -20 
-46  -74  -40 
52  22  -14 
-10  44  -6 

//Reference=MNI 
//nullstudy_36
//Subjects=31
40  6  50 
-14  -98  10 
-16  26  -2 
4  52  0 
-62  -34  16 
44  14  12 
-64  -40  -8 
-22  12  -36 

//Reference=MNI 
//nullstudy_37
//Subjects=31
-2  -42  -46 
-24  -40  -28 
42  6  -30 
-8  -84  -42 
-42  20  42 
46  8  34 
-38  8  -30 
-22  -42  -26 

//Reference=MNI 
//nullstudy_38
//Subjects=29
-20  -40  -46 
-12  -98  -20 
-2  -12  32 
-44  -34  12 
-22  -64  6 
-6  56  6 
-42  -52  30 
-8  18  2 

//Reference=MNI 
//nullstudy_39
//Subjects=30
-56  -16  30 
-34  -80  20 
48  38  -16 
32  42  -16 
16  30  58 
-24  -66  6 
-4  -26  32 
-28  -18  56 

//Reference=MNI 
//nullstudy_40
//Subjects=33
32  10  6 
20  54  32 
-36  22  -16 
-46  -50  -4 
-46  -30  2 
-70  -28  -12 
0  24  30 
-44  -6  36 

//Reference=MNI 
//nullstudy_41
//Subjects=29
-8  -92  -26 
-36  -8  -44 
-8  -20  -38 
54  40  -6 
-12  -76  -50 
24  52  18 
-14  12  22 
-14  -82  14 

//Reference=MNI 
//nullstudy_42
//Subjects=30
42  34  -22 
-18  -42  -26 
-4  -16  -20 
-40  42  4 
-28  -62  48 
12  6  14 
-34  18  32 
-4  -74  -44 

//Reference=MNI 
//nullstudy_43
//Subjects=28
-10  -10  2 
-54  22  22 
8  30  -6 
-28  -54  -52 
-34  2  0 
60  2  -8 
34  32  -24 
40  52  10 

//Reference=MNI 
//nullstudy_44
//Subjects=30
-40  -56  2 
34  64  12 
-46  6  30 
-52  -16  20 
38  26  40 
-18  -102  4 
-66  -26  -2 
24  32  28 

//Reference=MNI 
//nullstudy_45
//Subjects=30
-4  24  26 
4  6  48 
-26  24  44 
-18  50  -20 
-12  20  -24 
16  14  4 
-64  -56  -4 
-8  -76  -12 

//Reference=MNI 
//nullstudy_46
//Subjects=30
-54  38  0 
-8  -82  -40 
-8  -64  -52 
-2  10  34 
-32  -10  14 
-16  56  -12 
-58  -2  -32 
-22  -4  -38 

//Reference=MNI 
//nullstudy_47
//Subjects=30
4  64  -14 
-22  -42  0 
-10  10  46 
-54  -54  -20 
-46  -56  10 
18  46  28 
-14  -36  18 
-42  -78  28 

//Reference=MNI 
//nullstudy_48
//Subjects=30
26  6  -4 
-2  -48  42 
-20  -70  -34 
2  16  8 
-28  -16  64 
-34  -40  -54 
38  14  -10 
-4  -50  38 

//Reference=MNI 
//nullstudy_49
//Subjects=30
2  56  -12 
-20  -70  -28 
6  46  52 
-28  -76  -14 
56  24  28 
-34  -50  -14 
-14  -34  68 
-42  -84  -16 

//Reference=MNI 
//nullstudy_50
//Subjects=30
34  46  30 
-50  -8  18 
2  46  32 
52  14  -34 
24  8  0 
-20  56  4 
0  56  20 
-32  4  4 

//Reference=MNI 
//nullstudy_51
//Subjects=30
-66  -22  -20 
40  56  10 
-12  -58  -34 
2  26  -26 
-30  -84  6 
-16  -74  50 
-38  -12  14 
-60  -46  -16 

//Reference=MNI 
//nullstudy_52
//Subjects=31
-38  30  26 
14  70  18 
-4  -28  40 
-14  -42  -46 
52  34  12 
-24  58  28 
-22  -44  -40 
-6  42  -16 

//Reference=MNI 
//nullstudy_53
//Subjects=29
-42  44  -8 
-32  -76  36 
-18  -68  42 
-10  -40  78 
-2  -20  -12 
4  60  -20 
-52  14  14 
-24  6  52 

//Reference=MNI 
//nullstudy_54
//Subjects=31
-40  -20  -18 
8  38  -22 
-16  -66  46 
18  6  24 
52  2  6 
-36  4  26 
18  20  -18 
-16  -4  -38 

//Reference=MNI 
//nullstudy_55
//Subjects=29
-52  -16  -4 
-18  38  -26 
-34  -68  28 
-36  24  44 
-12  -86  -46 
-58  -36  -8 
-48  -34  -14 
-30  14  -14 

//Reference=MNI 
//nullstudy_56
//Subjects=30
-28  6  48 
-28  -72  -14 
-38  -78  -12 
-42  -70  40 
4  8  -2 
-46  -6  -46 
-28  -94  14 
-34  -86  28 

//Reference=MNI 
//nullstudy_57
//Subjects=32
-22  -4  4 
12  68  22 
-28  12  -22 
-62  -38  6 
-24  28  58 
-34  -70  40 
-50  -58  2 
-8  -18  58 

//Reference=MNI 
//nullstudy_58
//Subjects=28
-26  12  -46 
-42  -38  -14 
-10  -4  54 
-2  -34  40 
-16  -34  -32 
-10  -32  -2 
-34  -74  -24 
2  50  40 

//Reference=MNI 
//nullstudy_59
//Subjects=30
-58  -38  -4 
-6  32  36 
20  22  2 
14  26  62 
-62  -24  44 
-4  -32  -22 
-24  28  52 
-42  -58  22 

//Reference=MNI 
//nullstudy_60
//Subjects=30
-70  -38  10 
-8  -70  -16 
-34  -44  58 
-18  -66  58 
-26  -66  52 
-26  -14  -42 
10  8  -32 
40  2  -48 

//Reference=MNI 
//nullstudy_61
//Subjects=28
-46  -78  4 
-44  -78  -36 
36  40  18 
-8  -82  18 
12  38  24 
-50  22  38 
-2  14  0 
42  10  -30 

//Reference=MNI 
//nullstudy_62
//Subjects=30
54  12  40 
-46  -68  42 
-10  -66  32 
-66  -12  28 
-34  22  -40 
-40  6  -2 
12  50  8 
-46  -86  4 

//Reference=MNI 
//nullstudy_63
//Subjects=30
-46  -42  60 
-20  -52  -58 
-8  -90  -32 
46  16  -22 
-60  -28  -6 
30  42  -10 
-8  6  14 
62  4  -18 

//Reference=MNI 
//nullstudy_64
//Subjects=29
-28  -56  -36 
-28  44  22 
-62  -4  -14 
-40  -44  -30 
-26  -86  -6 
-40  56  8 
-70  -24  -16 
-54  16  -2 

//Reference=MNI 
//nullstudy_65
//Subjects=28
-32  -24  -22 
-36  -24  62 
-10  -30  66 
-14  -48  60 
-48  -38  48 
-46  20  0 
-40  -36  -18 
26  20  -18 

//Reference=MNI 
//nullstudy_66
//Subjects=30
-14  14  68 
-2  10  -24 
-28  0  -50 
-22  -62  -32 
-62  -40  -4 
-46  -50  -38 
38  22  24 
-32  -10  -42 

//Reference=MNI 
//nullstudy_67
//Subjects=30
-50  -70  34 
-4  -58  -64 
36  18  42 
-22  -2  -34 
-50  -8  -42 
-50  26  32 
-44  22  -4 
-2  -72  26 

//Reference=MNI 
//nullstudy_68
//Subjects=30
-8  14  72 
-42  -62  22 
-10  64  8 
-38  8  34 
-34  -18  -12 
-12  4  76 
-20  -94  -28 
-56  12  36 

//Reference=MNI 
//nullstudy_69
//Subjects=29
-46  -30  -8 
12  72  10 
56  16  -2 
-40  6  52 
-52  -72  -8 
-6  -16  2 
-22  -36  70 
2  16  22 

//Reference=MNI 
//nullstudy_70
//Subjects=31
-56  16  -14 
-2  -88  34 
-36  -92  0 
-38  40  24 
-62  -14  36 
-28  8  4 
-12  26  -4 
-48  -52  -54 

//Reference=MNI 
//nullstudy_71
//Subjects=31
2  54  -4 
-6  48  8 
-40  -74  -32 
-26  -64  44 
50  26  42 
-20  -38  24 
24  48  2 
-30  -38  -38 

//Reference=MNI 
//nullstudy_72
//Subjects=31
-4  -66  60 
-18  -46  -18 
38  18  58 
-28  48  -10 
-38  42  -4 
-16  -52  -8 
-18  20  64 
28  30  30 

//Reference=MNI 
//nullstudy_73
//Subjects=32
-34  -52  34 
-54  -38  -28 
-44  20  8 
16  24  -26 
-8  -40  74 
-22  48  32 
24  50  14 
-64  -32  6 

//Reference=MNI 
//nullstudy_74
//Subjects=30
-16  -46  -14 
-42  44  -6 
-8  -42  -30 
-26  -40  6 
-8  -28  58 
-4  46  20 
-36  -30  -6 
28  50  20 

//Reference=MNI 
//nullstudy_75
//Subjects=31
-18  -54  -56 
-6  -64  50 
-8  42  12 
-12  6  40 
40  26  -16 
-28  -34  -4 
-48  -54  0 
-24  -40  70 

//Reference=MNI 
//nullstudy_76
//Subjects=31
-32  -52  2 
-38  24  30 
-14  34  60 
-12  -72  0 
-14  -4  -4 
4  12  -8 
-24  -60  22 
-28  64  18 

//Reference=MNI 
//nullstudy_77
//Subjects=31
-46  -34  8 
-52  0  46 
-10  -76  -56 
-6  -22  30 
-10  -56  40 
-50  -56  -14 
-18  -76  52 
-60  -12  -2 

//Reference=MNI 
//nullstudy_78
//Subjects=31
-52  -56  28 
-22  -76  4 
-30  10  -46 
-26  -40  -12 
-42  14  -22 
-26  14  2 
20  62  -4 
-36  -6  -36 

//Reference=MNI 
//nullstudy_79
//Subjects=29
-40  -70  -38 
0  26  -12 
-48  48  2 
-40  -66  -4 
-4  -10  62 
-18  -80  -2 
-14  -24  36 
-12  -58  -56 

//Reference=MNI 
//nullstudy_80
//Subjects=29
-40  -64  18 
-16  -22  20 
-14  -2  76 
-10  6  -4 
-48  8  12 
-46  -66  2 
-44  -68  26 
-30  -56  -4 

//Reference=MNI 
//nullstudy_81
//Subjects=31
34  36  -10 
38  16  2 
36  26  28 
-18  -48  -40 
-54  -46  -36 
-46  4  -10 
36  28  10 
-36  -64  6 

//Reference=MNI 
//nullstudy_82
//Subjects=31
12  32  30 
-26  -40  -26 
-36  -34  40 
-20  -76  -36 
-22  -90  -32 
56  26  26 
6  52  26 
30  28  -24 

//Reference=MNI 
//nullstudy_83
//Subjects=31
22  66  22 
-6  -42  4 
-34  8  60 
-36  -18  60 
-32  62  14 
-18  40  32 
0  68  8 
-42  12  -2 

//Reference=MNI 
//nullstudy_84
//Subjects=29
22  42  22 
4  2  54 
-6  -42  -22 
-56  -14  -38 
-70  -40  -8 
-36  24  -22 
22  2  -46 
-12  -86  -26 

//Reference=MNI 
//nullstudy_85
//Subjects=32
-30  -68  -46 
6  10  52 
24  34  36 
-32  -46  48 
-6  4  -12 
-32  -20  62 
36  58  10 
-4  -2  30 

//Reference=MNI 
//nullstudy_86
//Subjects=29
-2  50  22 
-44  -50  22 
-8  -42  78 
52  2  6 
-42  -84  -2 
-66  -22  16 
-8  -32  44 
-50  -40  -20 

//Reference=MNI 
//nullstudy_87
//Subjects=30
-2  -84  24 
-12  -80  6 
-44  -64  -12 
4  30  54 
-44  -70  20 
-42  -74  2 
32  42  -18 
4  18  30 

//Reference=MNI 
//nullstudy_88
//Subjects=29
-56  -6  28 
-28  10  50 
26  66  10 
8  2  42 
-16  32  -18 
-54  32  -4 
-8  56  26 
-20  20  -22 

//Reference=MNI 
//nullstudy_89
//Subjects=30
-32  -32  64 
-30  -6  -2 
-44  -2  -44 
-6  -78  -16 
16  22  -4 
-38  -80  -2 
-32  -68  26 
30  36  -22 

//Reference=MNI 
//nullstudy_90
//Subjects=30
-18  62  28 
-26  -40  -46 
30  50  18 
26  12  -4 
38  52  4 
18  4  24 
10  40  32 
-58  22  8 

//Reference=MNI 
//nullstudy_91
//Subjects=31
-22  -70  -16 
-2  12  50 
-46  14  48 
-24  2  -42 
-18  -10  24 
-10  30  22 
60  12  -14 
-8  -76  54 

//Reference=MNI 
//nullstudy_92
//Subjects=32
-40  -54  30 
-28  -34  -20 
46  16  -20 
-4  -54  -22 
-64  -10  28 
-50  18  -28 
-14  -26  42 
-48  -8  -32 

//Reference=MNI 
//nullstudy_93
//Subjects=29
-34  2  26 
-42  -58  -8 
-8  -36  -32 
-42  -16  10 
6  6  26 
-32  -88  30 
-48  16  -24 
-50  -68  -24 

//Reference=MNI 
//nullstudy_94
//Subjects=30
-20  8  4 
-6  -52  46 
-34  -78  14 
-4  -24  -2 
-40  -4  12 
-22  -58  -4 
36  56  -8 
32  24  14 

//Reference=MNI 
//nullstudy_95
//Subjects=30
-20  62  24 
-50  -58  -28 
-36  26  -26 
-24  26  36 
-18  -56  -14 
-48  -22  46 
-40  -88  6 
-36  -76  -10 

//Reference=MNI 
//nullstudy_96
//Subjects=28
-30  8  -18 
-50  -78  -16 
-28  64  10 
-28  38  -18 
-62  -30  -26 
-46  -72  12 
-24  -52  14 
-2  -62  14 

//Reference=MNI 
//nullstudy_97
//Subjects=30
6  20  12 
14  14  -26 
-6  2  68 
10  4  76 
-34  -6  -28 
-2  2  42 
-44  -16  -24 
-40  22  24 

//Reference=MNI 
//nullstudy_98
//Subjects=31
-28  -98  10 
-10  -14  -32 
-32  -92  -8 
-20  -58  -64 
-10  -102  8 
12  2  -26 
-12  0  -6 
-32  20  6 

//Reference=MNI 
//nullstudy_99
//Subjects=30
-20  24  58 
-38  -68  -20 
-10  -4  -22 
-48  -66  38 
-44  -46  22 
-36  2  -12 
-32  -28  -32 
32  14  26 

//Reference=MNI 
//nullstudy_100
//Subjects=30
-8  -44  -8 
-10  -14  -28 
18  10  -28 
-44  -48  52 
-14  -64  -2 
-10  -2  -38 
-8  -74  -24 
-24  -62  -4 

