//Reference=MNI 
//truestudy_1
//Subjects=11
45  -67  -6 
46  -66  -7 
47  -66  -9 
45  -67  -7 
47  -65  -7 
45  -67  -6 
46  -66  -6 
46  -66  -5 

//Reference=MNI 
//truestudy_2
//Subjects=10
45  -66  -6 
48  -67  -6 
45  -67  -5 
47  -66  -6 
47  -65  -7 
47  -66  -5 
46  -65  -5 
46  -69  -7 

//Reference=MNI 
//truestudy_3
//Subjects=9
47  -67  -7 
46  -67  -5 
45  -65  -6 
45  -67  -5 
47  -67  -5 
48  -66  -6 
46  -65  -8 
45  -65  -5 

//Reference=MNI 
//nullstudy_1
//Subjects=11
-8  -46  -58 
0  46  0 
-40  4  54 
40  8  -10 
-66  -34  30 
-42  -68  -16 
-22  -86  -24 
-52  -10  14 

//Reference=MNI 
//nullstudy_2
//Subjects=10
24  60  -10 
14  44  50 
-12  -10  -12 
-50  -6  40 
-12  -10  50 
-6  46  28 
38  56  -2 
-28  -92  4 

//Reference=MNI 
//nullstudy_3
//Subjects=9
12  20  56 
-58  -38  0 
-34  -26  -18 
2  46  -16 
-46  20  38 
52  10  46 
-16  -60  10 
-24  -44  -40 

//Reference=MNI 
//nullstudy_4
//Subjects=9
-6  -10  18 
-20  14  56 
-20  -48  68 
-48  -18  4 
-2  24  -24 
4  60  -22 
48  4  -46 
4  18  20 

//Reference=MNI 
//nullstudy_5
//Subjects=11
-18  -28  0 
-12  -56  6 
-20  -72  -54 
-46  -52  10 
-8  -12  64 
-32  -46  60 
32  38  -14 
44  52  -6 

//Reference=MNI 
//nullstudy_6
//Subjects=10
-50  6  36 
46  36  -10 
48  40  30 
20  40  38 
-22  2  -22 
-22  12  -14 
-48  -70  -38 
10  54  46 

//Reference=MNI 
//nullstudy_7
//Subjects=11
-48  12  44 
32  60  4 
22  4  62 
-34  -94  -2 
-58  -38  24 
-8  -34  -38 
-10  -4  -24 
42  18  -24 

//Reference=MNI 
//nullstudy_8
//Subjects=9
-32  54  -10 
-30  -78  -24 
-50  18  6 
-4  -18  -20 
-16  -36  78 
-8  -54  2 
-42  8  -30 
-10  -62  -46 

//Reference=MNI 
//nullstudy_9
//Subjects=13
-28  66  12 
30  52  36 
22  8  -14 
18  24  62 
-20  -2  -12 
-32  -42  -22 
-34  46  36 
-46  -48  -24 

//Reference=MNI 
//nullstudy_10
//Subjects=9
-22  -62  -28 
-64  -56  20 
-14  -32  -12 
-8  28  38 
38  20  34 
38  16  34 
-38  32  18 
-46  38  -16 

//Reference=MNI 
//nullstudy_11
//Subjects=9
-28  -60  -36 
22  42  42 
-48  -52  2 
-36  -40  -6 
40  10  62 
-18  18  14 
6  12  -4 
-46  -68  26 

//Reference=MNI 
//nullstudy_12
//Subjects=9
40  38  -18 
-32  -24  -32 
-14  38  56 
-10  34  -22 
-64  -46  6 
-36  4  -44 
-8  -2  22 
-20  -56  46 

//Reference=MNI 
//nullstudy_13
//Subjects=10
-30  -54  -6 
-24  14  0 
-32  36  46 
-16  -64  22 
-22  -14  54 
-34  -68  -42 
-36  4  -44 
30  12  38 

//Reference=MNI 
//nullstudy_14
//Subjects=9
20  6  -14 
-10  24  24 
42  38  8 
-16  -4  18 
-68  -36  -18 
-40  4  -36 
-2  44  54 
-60  -6  -22 

//Reference=MNI 
//nullstudy_15
//Subjects=10
-12  28  62 
-10  -94  -20 
-34  -70  -40 
-64  -22  40 
-44  -10  -48 
34  10  -6 
-14  26  -18 
-12  -88  40 

//Reference=MNI 
//nullstudy_16
//Subjects=10
-52  -54  -36 
8  54  6 
-6  -38  -30 
-10  -64  46 
-8  44  32 
-54  -20  46 
28  36  52 
-38  -2  -50 

//Reference=MNI 
//nullstudy_17
//Subjects=11
20  8  -24 
-50  2  8 
-34  26  -10 
-10  -28  -26 
-28  -94  18 
-32  -10  -12 
-12  -78  22 
-10  -94  -22 

//Reference=MNI 
//nullstudy_18
//Subjects=10
-58  -28  -10 
-18  -40  -30 
-46  -48  46 
-4  46  -6 
-14  -92  6 
-60  -6  -8 
18  44  32 
-8  20  4 

//Reference=MNI 
//nullstudy_19
//Subjects=8
-30  42  24 
-28  32  34 
-30  -82  -48 
-16  -74  58 
-8  -44  -20 
14  70  -4 
-42  -52  38 
-38  -36  -14 

//Reference=MNI 
//nullstudy_20
//Subjects=10
36  32  32 
-50  8  -2 
-28  -50  -24 
-46  -36  46 
-50  -24  -20 
-18  26  46 
-2  -32  -40 
-10  -36  -4 

//Reference=MNI 
//nullstudy_21
//Subjects=10
-52  -32  -26 
-42  4  -28 
-58  6  -4 
-6  -82  38 
-36  20  32 
24  12  58 
-8  -20  24 
26  28  -24 

//Reference=MNI 
//nullstudy_22
//Subjects=11
-12  -16  -10 
38  16  28 
-52  -62  24 
46  20  34 
-42  -58  -56 
-44  -60  18 
-50  -16  -42 
-58  -38  14 

//Reference=MNI 
//nullstudy_23
//Subjects=10
-44  -60  -44 
-8  4  0 
-4  -56  -62 
-14  68  -2 
-8  48  28 
-22  -96  0 
-56  -40  44 
-6  -58  14 

//Reference=MNI 
//nullstudy_24
//Subjects=10
4  56  2 
-16  -48  48 
-14  54  -4 
-32  -16  -28 
-22  -70  10 
-44  30  24 
8  6  -30 
-20  -86  -18 

//Reference=MNI 
//nullstudy_25
//Subjects=9
28  24  -10 
-56  -6  16 
-46  -18  -36 
-4  22  24 
-6  -46  -34 
-40  10  50 
-32  -38  -22 
-22  18  -2 

//Reference=MNI 
//nullstudy_26
//Subjects=8
-6  30  -30 
-10  -54  18 
-16  14  20 
-26  12  -20 
-40  -28  12 
18  54  40 
-46  4  56 
-18  14  -22 

//Reference=MNI 
//nullstudy_27
//Subjects=9
-4  -18  62 
-6  -30  12 
-34  2  4 
-4  -10  36 
-14  6  72 
50  28  4 
40  38  -4 
-56  -58  -34 

//Reference=MNI 
//nullstudy_28
//Subjects=10
-50  -66  26 
-54  -46  28 
-8  -36  60 
-28  -38  -14 
-24  12  60 
-54  -54  46 
-6  -22  72 
-54  -56  -4 

//Reference=MNI 
//nullstudy_29
//Subjects=10
-44  22  -32 
-18  46  26 
16  32  46 
-26  -64  -10 
14  14  -4 
30  42  48 
-14  68  12 
2  24  -8 

//Reference=MNI 
//nullstudy_30
//Subjects=10
-24  -72  -34 
-40  -38  14 
-10  2  -32 
-6  -6  2 
36  42  -4 
-10  -64  -46 
40  30  42 
-54  8  0 

//Reference=MNI 
//nullstudy_31
//Subjects=10
-64  -8  2 
-46  10  -38 
54  16  2 
-46  -58  26 
-22  -34  -22 
-40  -20  -26 
30  64  4 
-6  -70  16 

//Reference=MNI 
//nullstudy_32
//Subjects=9
-6  -58  0 
-16  -6  56 
-2  18  -16 
-28  -88  -38 
-32  -2  -6 
-24  58  20 
-36  -22  2 
-6  -76  -2 

//Reference=MNI 
//nullstudy_33
//Subjects=9
-8  14  -18 
-22  36  -24 
-12  26  38 
-28  -52  -42 
-48  -84  6 
-18  70  -4 
-58  -8  -16 
42  38  -10 

//Reference=MNI 
//nullstudy_34
//Subjects=8
-10  -76  -14 
-32  -74  -8 
-22  6  66 
-30  -72  50 
-2  -44  44 
-2  -44  46 
-56  -56  -16 
-26  56  0 

//Reference=MNI 
//nullstudy_35
//Subjects=8
10  46  8 
-54  4  36 
-30  -74  48 
-38  32  2 
-62  -16  -22 
-32  12  14 
-8  -20  12 
8  30  -18 

//Reference=MNI 
//nullstudy_36
//Subjects=10
-30  -84  -8 
18  68  -6 
-12  -62  32 
-34  -48  -16 
-8  -24  44 
-34  -64  20 
-30  -10  -4 
-16  -86  -34 

//Reference=MNI 
//nullstudy_37
//Subjects=8
-54  -14  -8 
42  4  36 
-22  40  -18 
-6  -76  -40 
40  10  -44 
12  46  -28 
-6  58  16 
4  18  10 

//Reference=MNI 
//nullstudy_38
//Subjects=11
-2  16  46 
-24  -70  -24 
-18  48  -22 
-8  -20  66 
38  16  -26 
42  24  -24 
-8  -50  22 
-6  52  42 

//Reference=MNI 
//nullstudy_39
//Subjects=10
-44  12  -16 
-6  34  16 
0  56  6 
-20  -52  46 
-50  -72  24 
-14  -24  -26 
6  54  32 
-2  -36  34 

//Reference=MNI 
//nullstudy_40
//Subjects=10
-14  -80  -24 
-10  30  20 
60  28  14 
-8  36  46 
-34  2  42 
22  62  10 
6  62  -8 
-40  -28  6 

//Reference=MNI 
//nullstudy_41
//Subjects=10
0  6  68 
-4  0  12 
-62  -20  16 
-24  -8  -34 
-4  24  52 
-8  -30  -40 
-28  -58  62 
-20  2  -42 

//Reference=MNI 
//nullstudy_42
//Subjects=9
-6  -18  20 
-44  26  34 
12  8  -34 
34  42  -20 
-38  -20  68 
-24  18  38 
44  36  -8 
-28  34  44 

//Reference=MNI 
//nullstudy_43
//Subjects=10
-34  -16  66 
-4  -30  -36 
-44  -42  52 
-26  16  -40 
-62  -36  16 
-12  -88  18 
-38  24  -18 
-22  12  -32 

//Reference=MNI 
//nullstudy_44
//Subjects=11
-22  -44  66 
-48  -66  20 
48  14  52 
-16  -56  22 
-6  -64  -12 
-28  -10  -28 
46  42  -16 
-18  -68  -20 

//Reference=MNI 
//nullstudy_45
//Subjects=9
20  38  40 
12  20  44 
-24  56  -6 
-2  44  -32 
-4  36  -18 
-24  -34  72 
-42  20  46 
62  8  8 

//Reference=MNI 
//nullstudy_46
//Subjects=9
-12  -24  12 
-20  -52  50 
-54  -56  2 
56  26  16 
-8  54  6 
-12  -88  -46 
2  36  -10 
-8  -68  -36 

//Reference=MNI 
//nullstudy_47
//Subjects=10
-28  -44  34 
0  18  50 
-40  12  46 
54  8  14 
-34  28  -2 
-10  -34  -10 
14  4  -32 
-2  -10  46 

//Reference=MNI 
//nullstudy_48
//Subjects=11
-60  -24  46 
-20  32  52 
-16  18  12 
-4  -90  30 
-18  -36  -2 
-52  -14  36 
-46  -60  26 
-28  -82  26 

//Reference=MNI 
//nullstudy_49
//Subjects=10
-38  -70  -44 
-38  -48  58 
-2  -2  -18 
-36  -4  -40 
-24  -80  2 
-56  -52  22 
36  16  62 
-54  -74  -6 

//Reference=MNI 
//nullstudy_50
//Subjects=9
-28  0  -30 
-44  -48  8 
4  24  64 
-34  -84  -32 
30  14  48 
-52  -12  34 
-34  -50  40 
-8  36  38 

//Reference=MNI 
//nullstudy_51
//Subjects=10
-32  -78  -14 
-34  -74  -36 
-46  -20  64 
-6  -4  50 
-2  10  -14 
-8  -76  42 
-66  -40  -10 
-2  -6  -8 

//Reference=MNI 
//nullstudy_52
//Subjects=10
4  34  18 
4  38  -20 
-8  -58  -52 
-8  -24  36 
-2  -38  -44 
-40  -32  64 
-18  -84  20 
16  2  66 

//Reference=MNI 
//nullstudy_53
//Subjects=11
-48  -14  56 
-4  -14  72 
26  54  -10 
-44  -56  -44 
16  58  -20 
-58  16  26 
16  30  46 
16  4  -18 

//Reference=MNI 
//nullstudy_54
//Subjects=11
12  64  4 
34  8  36 
-34  -68  40 
32  18  38 
-4  8  -2 
12  14  32 
-32  -6  62 
-20  -62  68 

//Reference=MNI 
//nullstudy_55
//Subjects=11
-24  2  6 
4  30  28 
-2  -36  -44 
-24  -88  28 
-24  10  -6 
10  4  76 
22  28  34 
-26  -62  -12 

//Reference=MNI 
//nullstudy_56
//Subjects=10
-12  24  60 
10  56  24 
-4  -20  -40 
46  46  -14 
-14  -34  -14 
-2  -16  -40 
-56  -36  -24 
-10  16  12 

//Reference=MNI 
//nullstudy_57
//Subjects=9
30  46  18 
-12  -74  -52 
-42  12  24 
44  6  40 
-38  -24  42 
-44  -16  -42 
-40  -60  42 
14  18  -28 

//Reference=MNI 
//nullstudy_58
//Subjects=11
-54  0  14 
-26  64  -4 
-46  -52  -22 
-8  38  -4 
-32  -84  -4 
-54  -60  -40 
30  38  38 
2  40  42 

//Reference=MNI 
//nullstudy_59
//Subjects=9
-6  -20  -36 
-10  -48  -10 
-36  -42  36 
-24  -70  -26 
-56  18  32 
-8  -36  10 
-46  -62  -46 
-28  16  -12 

//Reference=MNI 
//nullstudy_60
//Subjects=9
-36  20  40 
-44  -64  -42 
-54  32  -4 
28  44  -16 
36  6  60 
-8  -24  -22 
24  44  42 
-16  -106  -8 

//Reference=MNI 
//nullstudy_61
//Subjects=11
-28  -38  42 
-56  0  32 
-34  18  20 
-22  -68  36 
-14  -40  40 
-32  -80  -52 
-4  18  26 
-12  -24  -20 

//Reference=MNI 
//nullstudy_62
//Subjects=10
-10  -68  36 
-4  -80  42 
-60  -28  48 
-18  -88  8 
-52  -80  10 
40  56  14 
-2  -42  -16 
-48  -42  -2 

//Reference=MNI 
//nullstudy_63
//Subjects=10
-16  -88  12 
-30  4  -40 
-34  -58  26 
-4  36  -24 
-32  52  14 
38  40  26 
-50  -38  60 
-2  -50  58 

//Reference=MNI 
//nullstudy_64
//Subjects=9
-4  -54  6 
-10  -18  46 
-58  -44  -8 
42  36  -20 
-54  -50  -28 
-16  -40  44 
18  6  -10 
-2  -48  -52 

//Reference=MNI 
//nullstudy_65
//Subjects=11
26  18  -10 
-26  -44  36 
-4  -12  78 
-10  -34  -38 
-24  8  6 
0  30  -2 
-10  -2  -26 
-52  -42  48 

//Reference=MNI 
//nullstudy_66
//Subjects=10
-10  -76  40 
-54  -56  38 
-60  -12  30 
16  6  -26 
-30  -40  50 
-14  42  -28 
-54  -64  30 
28  50  -12 

//Reference=MNI 
//nullstudy_67
//Subjects=9
-10  -90  -8 
-10  22  26 
12  36  46 
-50  -70  34 
-40  -80  -24 
-30  40  34 
32  22  48 
-34  -52  0 

//Reference=MNI 
//nullstudy_68
//Subjects=11
-20  -62  14 
14  10  42 
-6  -60  -20 
-52  -10  34 
-14  -42  54 
-28  -32  58 
-8  -52  -66 
44  2  24 

//Reference=MNI 
//nullstudy_69
//Subjects=11
-32  32  32 
-38  -50  -54 
-16  62  -10 
-54  -42  -6 
-34  4  -10 
56  4  -10 
-46  22  46 
-22  -80  42 

//Reference=MNI 
//nullstudy_70
//Subjects=11
-28  52  26 
-40  -32  40 
-16  -98  -14 
-12  -58  58 
-10  -90  4 
-42  -68  -24 
-64  -42  -4 
30  16  -18 

//Reference=MNI 
//nullstudy_71
//Subjects=10
-16  16  -14 
-42  -4  60 
-36  -22  20 
-4  64  28 
-36  -60  48 
12  48  36 
2  2  12 
-52  -76  8 

//Reference=MNI 
//nullstudy_72
//Subjects=9
-14  -58  -24 
40  4  48 
-16  -66  -60 
-6  -84  -28 
-32  14  12 
-26  -58  -20 
-42  -56  56 
38  54  24 

//Reference=MNI 
//nullstudy_73
//Subjects=9
-46  -36  -14 
10  20  -14 
-8  -96  2 
16  56  12 
12  62  22 
8  46  4 
-22  -60  -44 
2  28  40 

//Reference=MNI 
//nullstudy_74
//Subjects=10
32  8  -8 
-34  -80  44 
2  16  36 
-2  -46  -4 
2  2  -12 
-30  -78  -50 
-30  -54  -26 
-52  -76  14 

//Reference=MNI 
//nullstudy_75
//Subjects=9
-4  -44  -62 
14  12  22 
4  44  -18 
36  30  14 
2  54  22 
2  10  30 
30  42  10 
16  36  -22 

//Reference=MNI 
//nullstudy_76
//Subjects=11
6  26  42 
-2  48  -24 
-62  -20  4 
-24  -34  -24 
4  30  64 
-10  -50  -36 
18  36  36 
-60  -48  14 

//Reference=MNI 
//nullstudy_77
//Subjects=9
-22  58  18 
-50  30  -14 
32  8  56 
-28  -18  -2 
42  4  -10 
-32  -14  -36 
-20  34  -22 
-42  24  4 

//Reference=MNI 
//nullstudy_78
//Subjects=11
-4  16  68 
12  42  -14 
-4  38  -22 
-40  -50  -46 
-40  -72  -30 
-4  -94  8 
-44  -36  60 
-6  -6  46 

//Reference=MNI 
//nullstudy_79
//Subjects=10
-6  -56  56 
-12  -56  -62 
-42  -86  -2 
-20  0  66 
-30  -76  -26 
-10  46  4 
-52  -4  10 
-14  -42  2 

//Reference=MNI 
//nullstudy_80
//Subjects=11
-48  20  -18 
-40  54  -6 
-2  -14  52 
-26  8  -6 
58  22  24 
-6  -66  -58 
32  30  6 
-56  6  42 

//Reference=MNI 
//nullstudy_81
//Subjects=9
-22  52  -18 
-30  28  52 
16  48  6 
32  46  14 
-60  -62  0 
-32  -82  14 
-20  0  -14 
-32  -64  50 

//Reference=MNI 
//nullstudy_82
//Subjects=8
-36  -88  4 
-16  -64  34 
62  14  0 
-12  20  -30 
-14  24  50 
-28  -62  -42 
-24  -40  72 
-32  -50  64 

//Reference=MNI 
//nullstudy_83
//Subjects=10
-32  -48  -22 
-32  2  30 
-6  -84  34 
-22  -12  -32 
10  60  28 
-14  54  24 
-44  -36  46 
-38  36  -10 

//Reference=MNI 
//nullstudy_84
//Subjects=11
40  24  -32 
-20  -28  74 
-46  -48  -52 
-22  -34  -8 
-8  -58  -14 
8  46  -4 
16  16  -14 
2  30  -10 

//Reference=MNI 
//nullstudy_85
//Subjects=9
46  30  34 
-34  -16  6 
-60  -58  28 
32  52  20 
-66  -14  4 
34  40  6 
-60  -26  50 
-36  46  24 

//Reference=MNI 
//nullstudy_86
//Subjects=10
38  26  6 
-32  -36  -6 
-36  46  20 
-8  -88  -28 
36  48  -8 
-22  -86  -44 
-58  -38  -2 
-22  -66  54 

//Reference=MNI 
//nullstudy_87
//Subjects=8
52  44  -6 
-42  4  0 
-12  42  28 
-2  -10  12 
-46  -16  16 
-56  -52  -6 
-14  -48  -50 
16  32  44 

//Reference=MNI 
//nullstudy_88
//Subjects=12
-36  -48  50 
-4  -48  4 
-36  -74  28 
-46  -38  54 
-10  36  12 
-10  62  16 
-6  20  -6 
-42  4  -46 

//Reference=MNI 
//nullstudy_89
//Subjects=8
-24  -80  -26 
-8  -76  -10 
-30  16  -40 
-10  40  -8 
-56  -62  0 
-2  -66  38 
-48  -56  -10 
-50  -24  -8 

//Reference=MNI 
//nullstudy_90
//Subjects=11
-26  -42  8 
-32  -50  -40 
-6  32  30 
-10  30  28 
-18  -74  -20 
-34  -68  -20 
-2  20  36 
-62  -44  0 

//Reference=MNI 
//nullstudy_91
//Subjects=11
2  14  -18 
6  18  40 
-28  -42  -46 
14  72  0 
22  36  28 
-4  -8  -12 
-4  -90  18 
-18  -64  28 

//Reference=MNI 
//nullstudy_92
//Subjects=10
-52  -2  -2 
0  30  -28 
-14  -48  -56 
-18  2  72 
62  22  14 
-44  48  22 
-6  50  22 
-36  -36  -38 

//Reference=MNI 
//nullstudy_93
//Subjects=10
30  50  36 
-64  -58  -4 
-50  -74  22 
42  56  -6 
-24  -48  42 
20  4  -30 
-40  -62  34 
64  4  -4 

//Reference=MNI 
//nullstudy_94
//Subjects=8
-20  -50  -26 
-2  -8  64 
-52  -44  48 
-2  -22  -10 
-14  -34  12 
-18  -52  -26 
-6  56  -4 
48  26  8 

//Reference=MNI 
//nullstudy_95
//Subjects=9
-14  42  46 
-4  60  0 
-46  -32  52 
-34  -50  -26 
-42  -62  -52 
-42  -56  4 
-20  -32  -26 
-34  -48  48 

//Reference=MNI 
//nullstudy_96
//Subjects=10
-12  -92  0 
-14  -60  32 
-30  16  -14 
-28  -48  66 
-38  -48  -52 
32  12  38 
-62  -46  -10 
-26  -8  42 

//Reference=MNI 
//nullstudy_97
//Subjects=10
-10  42  -12 
-18  -10  -28 
38  12  34 
24  36  46 
-10  -42  -62 
-4  60  24 
-38  -6  -42 
-42  -36  48 

//Reference=MNI 
//nullstudy_98
//Subjects=11
-2  18  -16 
-4  -80  34 
-62  -20  46 
50  18  -24 
-36  -84  20 
-24  -68  26 
-34  28  16 
-2  -86  -12 

//Reference=MNI 
//nullstudy_99
//Subjects=10
-12  10  54 
-48  -58  38 
-16  -36  -4 
-22  -66  2 
-18  2  72 
-2  -40  -30 
-26  -50  14 
-56  20  4 

//Reference=MNI 
//nullstudy_100
//Subjects=11
-6  -60  -52 
-52  -26  22 
32  30  24 
-24  -68  26 
-6  -38  -32 
-32  -82  -50 
-44  -10  44 
-34  -44  70 

