//Reference=MNI 
//truestudy_1
//Subjects=20
45  -67  -6 
45  -67  -7 
49  -66  -6 
46  -67  -5 
45  -67  -7 
47  -66  -4 
47  -66  -5 
45  -65  -6 

//Reference=MNI 
//truestudy_2
//Subjects=21
47  -67  -6 
46  -64  -5 
45  -65  -7 
46  -65  -6 
47  -67  -5 
46  -65  -6 
45  -66  -6 
45  -66  -5 

//Reference=MNI 
//truestudy_3
//Subjects=21
45  -65  -8 
45  -66  -7 
48  -66  -6 
47  -65  -6 
45  -66  -7 
46  -65  -6 
45  -65  -5 
42  -66  -6 

//Reference=MNI 
//nullstudy_1
//Subjects=20
-14  -56  -60 
48  16  -28 
26  16  -16 
-28  -28  64 
-10  -78  48 
-18  -82  -12 
-44  -38  28 
36  46  38 

//Reference=MNI 
//nullstudy_2
//Subjects=21
50  10  22 
-16  -34  16 
-68  -20  -10 
-6  -42  -30 
-16  32  48 
-24  -56  10 
-44  0  -6 
-16  -50  -40 

//Reference=MNI 
//nullstudy_3
//Subjects=21
-44  -26  -18 
0  54  -12 
-2  2  58 
-10  -52  48 
-10  -30  -16 
-26  -50  14 
-2  -94  -2 
-28  -44  -42 

//Reference=MNI 
//nullstudy_4
//Subjects=19
-54  -18  54 
-38  26  42 
-6  -56  -12 
-36  38  0 
20  12  -30 
-60  10  18 
30  22  12 
42  10  -30 

//Reference=MNI 
//nullstudy_5
//Subjects=19
52  18  -6 
-28  8  -30 
-14  -40  42 
-6  -30  -2 
-16  -4  18 
-50  14  0 
62  2  -20 
-30  -70  -52 

//Reference=MNI 
//nullstudy_6
//Subjects=19
44  50  18 
-42  -58  -50 
-64  -6  26 
26  12  46 
-2  -78  -46 
-14  -56  -48 
-18  -88  -18 
-22  -84  20 

//Reference=MNI 
//nullstudy_7
//Subjects=19
-38  2  -8 
-18  -48  -16 
32  24  4 
-46  -82  -12 
6  54  46 
54  36  2 
34  22  60 
-42  18  22 

//Reference=MNI 
//nullstudy_8
//Subjects=21
52  8  -36 
-36  -2  16 
-30  -78  -12 
-42  -52  28 
-18  -42  -56 
-58  -20  28 
20  16  -14 
-8  -74  50 

//Reference=MNI 
//nullstudy_9
//Subjects=20
-48  -8  22 
-34  -82  16 
-16  -84  48 
6  24  -28 
-30  -58  40 
-30  4  12 
-30  -20  -34 
-44  38  -2 

//Reference=MNI 
//nullstudy_10
//Subjects=19
-16  -42  -40 
-14  -72  -50 
-10  -48  -4 
-16  -22  0 
-14  48  44 
-22  -96  -4 
-28  8  12 
-2  -70  -42 

//Reference=MNI 
//nullstudy_11
//Subjects=21
18  32  -14 
-42  -66  -42 
46  24  28 
-32  -12  -12 
10  48  -8 
-38  46  4 
-24  -70  -54 
12  58  8 

//Reference=MNI 
//nullstudy_12
//Subjects=20
-14  -76  -48 
-26  26  52 
-14  -12  20 
-14  -66  60 
-48  -74  -6 
-8  -26  28 
-6  38  34 
2  8  32 

//Reference=MNI 
//nullstudy_13
//Subjects=20
-66  -36  16 
-42  -40  60 
-38  -76  -36 
-6  -70  -42 
-54  -40  -6 
-42  -82  30 
-10  -24  8 
12  4  62 

//Reference=MNI 
//nullstudy_14
//Subjects=20
-20  -46  -8 
-46  -38  -4 
12  44  -6 
-16  -104  -14 
-28  46  14 
48  2  -16 
-2  -86  42 
-42  -18  62 

//Reference=MNI 
//nullstudy_15
//Subjects=21
50  14  50 
-14  -84  -50 
-36  -68  6 
24  12  -8 
50  4  50 
-50  -24  32 
30  34  -12 
-20  14  54 

//Reference=MNI 
//nullstudy_16
//Subjects=20
-52  -52  44 
-16  -76  24 
42  16  26 
-20  -70  48 
-4  -84  -12 
-8  34  48 
-44  -68  -42 
12  58  -16 

//Reference=MNI 
//nullstudy_17
//Subjects=19
-12  -96  -24 
-2  -12  22 
-32  22  -26 
-42  16  -32 
-26  26  -8 
-24  4  -28 
-38  -74  -4 
-28  24  52 

//Reference=MNI 
//nullstudy_18
//Subjects=20
42  14  -36 
-6  -46  34 
-10  -92  20 
-30  -82  -34 
-52  -16  46 
-10  -80  42 
-34  -52  -6 
-40  -40  -18 

//Reference=MNI 
//nullstudy_19
//Subjects=21
-46  -52  -50 
-20  -44  -34 
-10  -80  48 
-24  -60  32 
-38  -76  -50 
-28  50  16 
-28  -12  -10 
-34  -50  0 

//Reference=MNI 
//nullstudy_20
//Subjects=20
32  14  -18 
-12  62  16 
-60  -34  -12 
-38  26  26 
-14  10  66 
4  52  -6 
-14  50  -14 
-48  -4  -14 

//Reference=MNI 
//nullstudy_21
//Subjects=18
-34  44  0 
42  28  18 
-32  52  -12 
-12  -84  -16 
-26  -38  -30 
-10  -92  34 
-16  -10  26 
-26  -4  10 

//Reference=MNI 
//nullstudy_22
//Subjects=21
-44  -34  40 
-2  48  20 
56  2  48 
2  16  -2 
-42  36  10 
-24  -34  -2 
-42  -14  -4 
-64  -38  14 

//Reference=MNI 
//nullstudy_23
//Subjects=22
-58  0  10 
-20  -30  64 
-6  22  28 
18  58  0 
-10  -60  -62 
-30  6  42 
-4  -54  62 
-34  28  42 

//Reference=MNI 
//nullstudy_24
//Subjects=21
-20  4  -6 
-20  -38  4 
-8  -70  14 
-30  -46  56 
-26  -54  -24 
-26  62  8 
-4  62  0 
-10  -56  68 

//Reference=MNI 
//nullstudy_25
//Subjects=19
-30  -34  -22 
-26  -42  4 
4  46  18 
60  20  16 
-12  -72  16 
-36  -14  36 
-22  -72  16 
-54  -6  -32 

//Reference=MNI 
//nullstudy_26
//Subjects=19
-38  -62  -42 
48  30  -18 
-12  -68  46 
-56  30  18 
48  10  -32 
42  4  14 
-40  16  10 
-20  -14  -14 

//Reference=MNI 
//nullstudy_27
//Subjects=20
-14  2  72 
-44  -48  30 
-38  -22  24 
20  28  52 
-2  -56  32 
-50  -70  -24 
-22  -64  28 
-42  -50  -20 

//Reference=MNI 
//nullstudy_28
//Subjects=21
4  40  44 
-26  -38  -4 
-18  -68  58 
-36  32  -6 
-36  -58  56 
-52  -60  0 
-62  -40  28 
-6  18  -12 

//Reference=MNI 
//nullstudy_29
//Subjects=21
28  40  40 
10  30  14 
-12  -76  58 
28  44  -16 
-38  -50  -12 
24  48  -18 
34  12  -36 
-12  -24  -20 

//Reference=MNI 
//nullstudy_30
//Subjects=20
-14  4  66 
-54  -54  30 
-14  -80  28 
-8  -76  -54 
-4  -22  56 
-52  32  -4 
-12  -6  -22 
-10  30  46 

//Reference=MNI 
//nullstudy_31
//Subjects=21
-44  -88  10 
-52  36  -10 
32  44  20 
-22  -70  44 
-6  -58  12 
-58  -54  -26 
-30  4  8 
-44  4  -30 

//Reference=MNI 
//nullstudy_32
//Subjects=20
32  56  2 
-54  -72  -10 
-36  -16  -38 
4  54  -6 
58  2  -24 
-48  -50  12 
-16  -84  14 
-8  -8  14 

//Reference=MNI 
//nullstudy_33
//Subjects=18
-8  -40  -12 
52  28  -12 
-18  -54  -56 
20  16  2 
-2  4  28 
-18  -70  54 
-42  8  28 
38  46  30 

//Reference=MNI 
//nullstudy_34
//Subjects=19
-4  6  26 
8  66  22 
-18  -34  -34 
14  20  58 
-26  -18  -10 
-50  16  36 
-16  -66  -50 
-56  14  -6 

//Reference=MNI 
//nullstudy_35
//Subjects=19
22  54  -6 
36  32  20 
-4  -14  68 
30  10  -30 
30  56  20 
-52  -28  -24 
-44  0  10 
50  20  -24 

//Reference=MNI 
//nullstudy_36
//Subjects=18
38  6  -6 
-6  -82  46 
14  58  36 
-48  -72  -8 
34  4  28 
-38  -62  8 
-52  22  2 
-60  -26  -34 

//Reference=MNI 
//nullstudy_37
//Subjects=19
-48  -8  -2 
10  20  -26 
14  4  -4 
-12  -28  22 
-8  -46  32 
-8  -80  8 
-20  -68  48 
20  40  28 

//Reference=MNI 
//nullstudy_38
//Subjects=21
-54  -58  -32 
-24  -40  -34 
38  22  -38 
-38  -64  -46 
-16  -52  64 
-6  14  10 
-32  -10  64 
-52  -66  -26 

//Reference=MNI 
//nullstudy_39
//Subjects=19
-42  -60  -20 
-32  -44  -38 
32  20  -44 
-6  24  56 
-28  22  54 
-18  16  46 
-24  -50  -58 
-18  36  34 

//Reference=MNI 
//nullstudy_40
//Subjects=21
-48  -66  8 
-42  -62  52 
-44  -28  -8 
-52  6  -8 
-24  -76  18 
-40  -26  50 
-38  -60  24 
-34  -8  -8 

//Reference=MNI 
//nullstudy_41
//Subjects=17
-62  -10  10 
16  6  60 
-36  -80  38 
-34  44  -2 
-16  8  -30 
-10  -92  -10 
-10  -32  -30 
-36  -22  18 

//Reference=MNI 
//nullstudy_42
//Subjects=20
-12  12  4 
-22  -102  -8 
-22  42  50 
-56  4  18 
-42  34  -18 
-18  12  10 
52  44  2 
-38  -60  36 

//Reference=MNI 
//nullstudy_43
//Subjects=21
-50  24  36 
4  8  30 
8  24  16 
-46  -38  54 
28  50  -2 
-20  -82  -18 
-34  16  -22 
40  54  24 

//Reference=MNI 
//nullstudy_44
//Subjects=19
-54  -18  32 
42  60  4 
-14  -72  32 
-8  -22  -32 
32  8  36 
-2  4  -28 
-56  -26  54 
-36  -38  -36 

//Reference=MNI 
//nullstudy_45
//Subjects=20
4  30  30 
-20  22  -26 
-38  -80  10 
-18  -38  10 
-36  0  -24 
-30  -40  70 
-12  20  16 
-2  -52  60 

//Reference=MNI 
//nullstudy_46
//Subjects=21
-12  -16  -30 
-24  -72  -24 
-22  -66  44 
36  16  -2 
-56  -2  -16 
-10  68  8 
42  22  12 
-46  -16  14 

//Reference=MNI 
//nullstudy_47
//Subjects=20
-50  -16  -10 
-54  18  -18 
22  70  6 
16  4  22 
-12  -12  -16 
-10  12  -30 
-24  -60  -32 
-36  -50  -6 

//Reference=MNI 
//nullstudy_48
//Subjects=19
-6  6  40 
-26  -52  -26 
-14  -24  4 
-56  -28  50 
18  70  10 
-24  -24  -32 
-34  -28  -16 
-38  -82  -44 

//Reference=MNI 
//nullstudy_49
//Subjects=21
-12  -36  -38 
-46  -82  22 
-50  -60  -48 
-54  -2  -10 
-22  -14  -26 
-8  42  48 
-28  26  -26 
-40  -30  6 

//Reference=MNI 
//nullstudy_50
//Subjects=20
-4  32  32 
38  42  16 
0  66  18 
52  20  14 
-46  -10  48 
-10  -86  -26 
-48  30  -16 
-48  -34  54 

//Reference=MNI 
//nullstudy_51
//Subjects=20
-38  -18  -34 
0  30  44 
-22  32  -26 
-42  -4  -30 
-28  -16  -12 
-58  6  -2 
-26  50  18 
-52  -58  22 

//Reference=MNI 
//nullstudy_52
//Subjects=20
-10  -56  46 
-28  -18  58 
-30  -22  -24 
28  4  -22 
-52  -54  14 
-4  -20  -2 
-48  -30  10 
-52  40  4 

//Reference=MNI 
//nullstudy_53
//Subjects=19
-6  -6  62 
46  6  40 
-14  -20  74 
-56  10  26 
-52  12  -2 
-34  30  2 
-26  -10  4 
-46  38  -14 

//Reference=MNI 
//nullstudy_54
//Subjects=20
-10  -20  -30 
-32  -12  -22 
-60  -48  30 
-2  42  22 
10  44  42 
-44  -80  -34 
-14  -58  54 
20  16  -34 

//Reference=MNI 
//nullstudy_55
//Subjects=19
-34  -76  -6 
-4  -10  48 
60  6  -22 
24  58  26 
-48  -60  -42 
-28  -60  -56 
-32  -14  -32 
58  10  10 

//Reference=MNI 
//nullstudy_56
//Subjects=20
-22  -84  -48 
28  8  -22 
-48  -12  -22 
-6  -32  52 
-12  -38  42 
-20  -64  -34 
-18  4  0 
-32  -38  -54 

//Reference=MNI 
//nullstudy_57
//Subjects=22
16  24  6 
-68  -28  -2 
-4  -26  16 
-8  -92  -34 
32  60  -2 
-54  -38  54 
-4  -88  -6 
-46  -10  48 

//Reference=MNI 
//nullstudy_58
//Subjects=19
58  20  -4 
-2  -26  -16 
-48  16  -16 
-50  -42  -10 
2  64  16 
-14  12  62 
-56  26  16 
-18  -56  -60 

//Reference=MNI 
//nullstudy_59
//Subjects=19
2  30  32 
24  6  50 
2  8  48 
-2  -74  42 
-36  26  14 
-36  48  -14 
-50  -66  -8 
-18  -48  -54 

//Reference=MNI 
//nullstudy_60
//Subjects=18
-46  -36  32 
-36  -50  62 
-42  -20  32 
2  24  38 
-30  12  -18 
38  14  -40 
-6  34  2 
-2  -64  -26 

//Reference=MNI 
//nullstudy_61
//Subjects=22
-34  36  6 
-30  -36  -4 
-22  16  -34 
-4  -18  -40 
-40  38  -8 
-40  -20  48 
-24  50  -10 
-10  -78  28 

//Reference=MNI 
//nullstudy_62
//Subjects=19
52  34  26 
-26  -56  -14 
-4  -74  -50 
0  38  8 
-62  -38  -16 
-2  -20  -44 
-16  -22  -34 
-62  -24  14 

//Reference=MNI 
//nullstudy_63
//Subjects=19
-30  -70  -16 
-46  -36  4 
40  12  26 
-24  -82  30 
-22  -52  -2 
-4  28  -24 
-32  4  -44 
44  22  48 

//Reference=MNI 
//nullstudy_64
//Subjects=19
34  10  48 
-14  -12  78 
12  52  20 
-18  -28  8 
-48  -38  -14 
-18  -4  22 
-2  -58  0 
-70  -28  12 

//Reference=MNI 
//nullstudy_65
//Subjects=20
-24  50  -14 
-8  -62  -26 
-46  -34  2 
-10  50  6 
-50  4  12 
-38  -14  54 
-2  -14  68 
-10  32  26 

//Reference=MNI 
//nullstudy_66
//Subjects=22
-6  60  -14 
-12  -60  58 
-24  2  -38 
4  4  62 
42  14  -26 
-26  -46  16 
-44  -36  -30 
-62  -8  6 

//Reference=MNI 
//nullstudy_67
//Subjects=19
-32  -12  70 
32  10  -34 
-6  -6  4 
-34  -62  -22 
-58  -42  -8 
50  10  52 
-36  -40  -46 
32  44  6 

//Reference=MNI 
//nullstudy_68
//Subjects=21
-64  -16  12 
-26  56  -18 
-2  -2  10 
-14  -100  4 
34  58  26 
-56  -22  34 
-6  4  -2 
-30  -30  48 

//Reference=MNI 
//nullstudy_69
//Subjects=18
-12  -56  -46 
38  32  34 
-28  -90  26 
-16  -48  -54 
0  54  -12 
-2  -62  -30 
-38  -48  58 
20  14  -30 

//Reference=MNI 
//nullstudy_70
//Subjects=20
-48  -48  44 
-42  4  32 
16  50  14 
-6  -56  -66 
-62  10  6 
-12  -70  16 
56  32  -6 
-24  8  -34 

//Reference=MNI 
//nullstudy_71
//Subjects=19
-46  -26  32 
-40  24  -14 
-16  42  52 
-26  4  56 
-24  44  -14 
-36  44  4 
-34  -60  20 
-16  -2  20 

//Reference=MNI 
//nullstudy_72
//Subjects=22
-12  8  46 
-10  6  -22 
-30  20  60 
-44  -36  6 
-38  -72  30 
50  36  8 
-34  18  50 
14  32  50 

//Reference=MNI 
//nullstudy_73
//Subjects=18
-44  -20  -32 
-14  -38  52 
-20  -56  62 
-36  -58  26 
-42  -52  -16 
36  62  -4 
-4  68  18 
-42  -72  -22 

//Reference=MNI 
//nullstudy_74
//Subjects=21
-46  -78  -34 
8  62  -10 
52  26  34 
6  12  10 
0  46  -16 
-14  -92  22 
-34  44  26 
-22  -76  -44 

//Reference=MNI 
//nullstudy_75
//Subjects=21
-24  -54  62 
-54  8  -16 
8  58  -12 
-30  -86  -42 
-28  -88  -30 
-40  0  -44 
-52  -4  -2 
2  14  28 

//Reference=MNI 
//nullstudy_76
//Subjects=21
-30  -10  64 
-6  56  -20 
-50  14  -26 
-44  6  -16 
-40  -72  -32 
-36  30  6 
36  32  24 
-28  -34  -28 

//Reference=MNI 
//nullstudy_77
//Subjects=21
-18  0  -36 
30  10  46 
-54  -22  6 
-18  -4  52 
-48  -78  28 
-50  -60  -20 
-48  -70  26 
-10  -70  58 

//Reference=MNI 
//nullstudy_78
//Subjects=19
-12  20  -12 
-14  -28  -32 
-26  -16  -26 
-36  -40  -34 
-28  14  48 
-42  -46  36 
-24  -74  10 
22  20  64 

//Reference=MNI 
//nullstudy_79
//Subjects=20
-36  -2  -34 
36  58  4 
28  10  -18 
8  12  44 
-14  -16  12 
-16  -38  42 
4  52  0 
-48  -50  34 

//Reference=MNI 
//nullstudy_80
//Subjects=18
6  70  2 
14  12  42 
-46  -32  52 
-38  38  -20 
-64  -14  0 
-8  -54  -34 
58  32  8 
38  34  0 

//Reference=MNI 
//nullstudy_81
//Subjects=20
-30  -46  -2 
4  46  -30 
-2  -50  0 
-12  -36  -38 
-46  14  -4 
50  26  24 
22  66  12 
-32  -82  -6 

//Reference=MNI 
//nullstudy_82
//Subjects=20
-22  -64  34 
8  4  0 
24  10  -48 
-44  -2  14 
-34  16  10 
40  26  44 
-34  18  6 
-26  26  2 

//Reference=MNI 
//nullstudy_83
//Subjects=20
-42  -28  18 
8  54  -24 
14  62  10 
-14  4  18 
-14  -34  12 
-6  6  -20 
56  10  16 
-14  -86  10 

//Reference=MNI 
//nullstudy_84
//Subjects=20
-4  -74  14 
-46  20  36 
-56  -50  12 
-38  12  -14 
52  44  2 
-30  -14  -24 
-8  36  34 
-16  -18  78 

//Reference=MNI 
//nullstudy_85
//Subjects=20
-32  -54  -12 
-18  26  40 
50  8  -30 
-30  -80  14 
38  28  22 
-8  -72  30 
-18  -16  -18 
4  40  -22 

//Reference=MNI 
//nullstudy_86
//Subjects=21
-6  -40  72 
6  50  -18 
-22  -78  -54 
-40  20  30 
-26  18  -38 
-16  -86  -30 
-18  54  -2 
-14  0  -34 

//Reference=MNI 
//nullstudy_87
//Subjects=20
-8  6  40 
-26  -64  -46 
-44  -54  -8 
-26  -60  12 
-8  -60  16 
-42  -62  48 
-48  -24  52 
-44  -34  -18 

//Reference=MNI 
//nullstudy_88
//Subjects=19
-32  -88  8 
4  26  -14 
-10  52  -20 
-10  30  18 
-30  -4  -2 
-10  -32  -10 
-24  -84  -50 
-22  -38  4 

//Reference=MNI 
//nullstudy_89
//Subjects=20
-18  2  18 
4  4  -2 
-28  -38  -50 
-14  32  -18 
-16  14  -8 
-2  30  50 
4  34  38 
2  44  24 

//Reference=MNI 
//nullstudy_90
//Subjects=20
-18  -28  -26 
6  38  -4 
-20  28  -22 
-26  -90  -12 
-52  16  20 
-14  -60  36 
-32  -90  26 
-34  -10  62 

//Reference=MNI 
//nullstudy_91
//Subjects=20
-18  28  -18 
48  28  26 
-12  -64  52 
-62  4  20 
-4  34  -8 
-38  -74  -20 
-48  -6  44 
-58  -60  12 

//Reference=MNI 
//nullstudy_92
//Subjects=20
-2  -34  28 
6  62  -10 
-30  -20  62 
-36  -96  2 
-62  -8  6 
-18  50  18 
-40  -72  26 
32  64  -10 

//Reference=MNI 
//nullstudy_93
//Subjects=21
-20  -32  -22 
-34  64  0 
-10  -42  58 
-22  0  -22 
-54  -24  30 
-30  -68  60 
-26  20  58 
10  28  -16 

//Reference=MNI 
//nullstudy_94
//Subjects=20
-56  -44  18 
38  14  12 
24  14  -42 
-10  -38  64 
-24  66  8 
-42  -10  -2 
-24  12  -22 
-20  32  34 

//Reference=MNI 
//nullstudy_95
//Subjects=22
-40  -20  12 
-52  4  -42 
-22  48  20 
-54  -34  26 
-36  -96  -8 
38  4  -6 
-10  -24  0 
22  36  34 

//Reference=MNI 
//nullstudy_96
//Subjects=19
-56  -66  -28 
-66  -34  16 
-22  -48  56 
-46  -52  -52 
-6  46  38 
-58  -48  30 
-48  -10  50 
-52  4  18 

//Reference=MNI 
//nullstudy_97
//Subjects=21
-18  -6  -28 
-34  -58  -28 
-2  -54  -16 
4  34  8 
-52  32  28 
-44  -48  20 
-26  -94  -8 
-32  0  -36 

//Reference=MNI 
//nullstudy_98
//Subjects=19
-12  -8  6 
-6  -16  8 
-6  -62  -14 
-42  22  -22 
-58  -14  36 
-56  -52  32 
-46  48  6 
10  54  8 

//Reference=MNI 
//nullstudy_99
//Subjects=19
6  38  46 
-14  -40  70 
10  18  6 
-14  28  44 
-38  -28  6 
8  20  -4 
-20  -88  -12 
-4  -58  66 

//Reference=MNI 
//nullstudy_100
//Subjects=19
-62  -10  36 
-22  -48  8 
-14  50  10 
32  16  40 
-22  -54  72 
-50  0  -14 
26  24  -2 
18  60  -6 

