//Reference=MNI 
//truestudy_1
//Subjects=28
46  -66  -6 
46  -68  -6 
47  -65  -8 
48  -65  -6 
45  -65  -5 
46  -68  -5 
46  -64  -5 
47  -65  -5 

//Reference=MNI 
//truestudy_2
//Subjects=30
45  -65  -6 
44  -65  -4 
47  -66  -6 
46  -66  -7 
47  -65  -6 
46  -65  -6 
46  -67  -5 
46  -67  -6 

//Reference=MNI 
//truestudy_3
//Subjects=31
47  -65  -6 
45  -64  -7 
45  -67  -5 
46  -68  -6 
47  -67  -6 
45  -68  -6 
47  -66  -6 
46  -66  -5 

//Reference=MNI 
//nullstudy_1
//Subjects=28
44  54  -4 
48  36  26 
-10  -66  28 
-6  12  64 
40  14  -16 
8  30  14 
-52  -14  16 
-32  -38  58 

//Reference=MNI 
//nullstudy_2
//Subjects=30
34  20  -26 
-32  -46  -58 
-36  4  36 
-56  -66  0 
-36  46  20 
40  16  2 
14  64  12 
56  36  -2 

//Reference=MNI 
//nullstudy_3
//Subjects=31
38  38  36 
-12  -8  -26 
42  30  -22 
-8  -12  6 
30  28  46 
-8  -74  -50 
42  18  28 
-16  18  -4 

//Reference=MNI 
//nullstudy_4
//Subjects=30
-6  -22  -24 
-48  16  -26 
-42  -10  56 
-28  -28  54 
-46  10  20 
-8  4  -12 
-60  -40  14 
-14  -48  6 

//Reference=MNI 
//nullstudy_5
//Subjects=29
-16  -14  -10 
-32  -48  -46 
14  64  0 
-4  -40  46 
30  16  64 
-56  -48  30 
-52  -24  -10 
-36  10  62 

//Reference=MNI 
//nullstudy_6
//Subjects=31
-40  32  18 
-48  -50  4 
-12  -36  -34 
26  40  38 
-28  22  -14 
-42  -16  4 
-20  -72  -40 
-18  44  26 

//Reference=MNI 
//nullstudy_7
//Subjects=31
-6  -28  -14 
-2  -86  30 
-60  -40  -4 
-40  -66  -12 
-18  -66  34 
-22  -94  18 
-58  -46  30 
-52  -52  -36 

//Reference=MNI 
//nullstudy_8
//Subjects=30
-32  36  40 
-36  -74  -36 
-44  -30  44 
-38  -70  -48 
-58  -8  40 
-64  -38  -14 
-30  54  -4 
-22  16  56 

//Reference=MNI 
//nullstudy_9
//Subjects=28
8  14  68 
18  28  4 
40  22  36 
-8  -72  4 
4  30  28 
-30  -70  44 
4  32  -32 
-52  -72  20 

//Reference=MNI 
//nullstudy_10
//Subjects=29
-14  66  -10 
2  28  12 
-64  -26  8 
-26  -16  -28 
-26  44  -20 
-58  -36  12 
34  6  -38 
-34  -80  46 

//Reference=MNI 
//nullstudy_11
//Subjects=31
-18  20  2 
32  62  8 
-38  -64  -50 
-32  -72  -24 
-42  -12  34 
-16  24  62 
-52  -40  48 
-18  -64  8 

//Reference=MNI 
//nullstudy_12
//Subjects=29
-22  -14  -42 
-30  -82  8 
-14  4  22 
4  34  62 
-58  -38  -26 
-28  -44  50 
-34  42  -18 
-28  2  -26 

//Reference=MNI 
//nullstudy_13
//Subjects=30
14  22  0 
-14  -50  -56 
-2  -78  16 
18  12  -38 
-34  64  2 
12  34  52 
-48  -38  36 
-12  4  -38 

//Reference=MNI 
//nullstudy_14
//Subjects=30
54  24  36 
42  28  8 
-32  -34  0 
-6  -98  -12 
-14  -36  46 
-6  -62  30 
-54  -60  -38 
-2  -70  52 

//Reference=MNI 
//nullstudy_15
//Subjects=29
-4  -66  4 
-34  -18  70 
-18  -102  12 
-6  -16  46 
-4  -38  -12 
-42  -10  -38 
-6  -2  -14 
-40  -2  0 

//Reference=MNI 
//nullstudy_16
//Subjects=31
-58  22  4 
-44  2  18 
24  68  -4 
-30  -28  66 
-14  32  56 
12  4  58 
-20  50  -16 
48  38  18 

//Reference=MNI 
//nullstudy_17
//Subjects=29
-30  -36  -46 
-36  -92  6 
-2  -96  18 
56  34  10 
16  4  64 
42  2  -8 
-12  52  20 
-58  -16  0 

//Reference=MNI 
//nullstudy_18
//Subjects=30
38  14  50 
-28  38  32 
-6  -68  -22 
-4  -82  -28 
-18  -52  8 
-4  -66  66 
-38  32  40 
44  22  -36 

//Reference=MNI 
//nullstudy_19
//Subjects=30
-44  -22  4 
-62  -14  -20 
-36  -54  -44 
-12  -60  70 
-12  8  44 
-2  48  18 
28  18  44 
16  22  62 

//Reference=MNI 
//nullstudy_20
//Subjects=29
0  60  -20 
24  44  18 
38  22  -24 
-2  28  -28 
-48  -26  -32 
-34  52  -10 
-18  0  22 
-26  -36  -2 

//Reference=MNI 
//nullstudy_21
//Subjects=28
-18  -34  -46 
-20  16  -12 
-8  -30  -44 
-26  0  0 
38  16  24 
-24  58  4 
-24  -14  62 
-40  -62  -6 

//Reference=MNI 
//nullstudy_22
//Subjects=30
-32  62  6 
-8  6  -12 
-32  -54  34 
-8  6  38 
-30  -36  -20 
-36  -54  20 
-6  10  60 
42  6  40 

//Reference=MNI 
//nullstudy_23
//Subjects=29
-24  -16  76 
0  34  48 
-4  -96  8 
-36  -62  -50 
-16  -46  -50 
-6  68  12 
-36  -60  -40 
-62  -4  8 

//Reference=MNI 
//nullstudy_24
//Subjects=30
-40  -38  -36 
-34  32  -12 
-46  -2  12 
-44  -60  -6 
44  22  -16 
-26  -50  -38 
-48  24  2 
20  12  -40 

//Reference=MNI 
//nullstudy_25
//Subjects=30
-36  -20  62 
-8  18  2 
-36  -70  -10 
-38  -8  16 
0  48  8 
-22  8  46 
20  40  40 
-52  -20  -18 

//Reference=MNI 
//nullstudy_26
//Subjects=31
-48  8  -30 
-54  -4  42 
54  6  6 
16  2  24 
-30  4  -34 
-6  -84  -22 
36  4  -18 
-38  -42  -34 

//Reference=MNI 
//nullstudy_27
//Subjects=29
-6  -18  68 
-10  18  10 
-14  -38  -4 
58  24  18 
22  22  -22 
26  6  -8 
46  18  -2 
-8  -72  26 

//Reference=MNI 
//nullstudy_28
//Subjects=31
-38  -76  -12 
-2  30  -28 
-2  -20  18 
8  46  46 
-30  42  34 
-58  18  28 
12  32  62 
-18  -90  16 

//Reference=MNI 
//nullstudy_29
//Subjects=30
-4  -62  34 
-26  -68  -36 
-10  62  -4 
32  20  -30 
-44  -36  10 
-32  -46  -40 
42  6  -16 
20  18  -20 

//Reference=MNI 
//nullstudy_30
//Subjects=30
-38  -16  -38 
-18  -78  16 
-38  12  42 
-66  -32  14 
-12  -50  -32 
-10  -56  66 
-30  0  68 
52  28  36 

//Reference=MNI 
//nullstudy_31
//Subjects=29
-56  -18  36 
-20  -16  -10 
-20  26  34 
-8  48  46 
-8  26  22 
-10  -42  78 
22  42  22 
-8  -24  -10 

//Reference=MNI 
//nullstudy_32
//Subjects=30
-38  -42  46 
-30  20  6 
36  20  4 
18  18  -10 
6  8  -2 
-28  -50  -48 
-34  -68  6 
-22  14  -2 

//Reference=MNI 
//nullstudy_33
//Subjects=29
-46  -50  -24 
-12  -94  -16 
-26  -62  32 
-44  8  -36 
-60  8  -12 
-62  -16  -10 
-26  44  32 
-36  -62  34 

//Reference=MNI 
//nullstudy_34
//Subjects=31
-12  14  44 
-50  -14  42 
-2  -72  20 
-14  -20  -8 
-44  -26  48 
6  4  58 
-24  -2  46 
-20  38  38 

//Reference=MNI 
//nullstudy_35
//Subjects=32
-46  30  -10 
-4  -12  20 
10  2  64 
20  8  50 
-46  -48  -22 
-26  -40  -24 
-28  -88  -40 
-14  0  64 

//Reference=MNI 
//nullstudy_36
//Subjects=29
34  48  8 
-2  -100  16 
22  18  54 
-26  -78  18 
-18  8  52 
-28  32  -4 
-42  -64  36 
-4  -76  -32 

//Reference=MNI 
//nullstudy_37
//Subjects=30
50  8  -14 
18  18  12 
-20  -52  6 
46  18  -38 
-20  -32  16 
30  2  -46 
16  34  -22 
-20  60  -2 

//Reference=MNI 
//nullstudy_38
//Subjects=30
-60  4  2 
12  50  28 
-32  -14  56 
-24  -82  36 
-34  -40  -50 
50  12  -26 
-48  -22  -30 
-28  -78  -8 

//Reference=MNI 
//nullstudy_39
//Subjects=31
-42  -14  -8 
-16  -80  -26 
-52  -56  34 
18  34  48 
-2  38  56 
-18  -52  -58 
-50  4  -34 
32  52  30 

//Reference=MNI 
//nullstudy_40
//Subjects=31
30  8  -2 
-14  -70  -14 
-10  -20  20 
18  24  46 
-2  -16  0 
-56  -50  46 
22  2  -8 
-16  14  -4 

//Reference=MNI 
//nullstudy_41
//Subjects=31
-12  -20  -24 
40  2  -14 
-12  -56  70 
-20  -8  -24 
10  6  40 
-4  42  2 
-54  -18  -12 
-6  -52  0 

//Reference=MNI 
//nullstudy_42
//Subjects=29
-4  24  16 
-14  36  48 
-68  -22  2 
-46  -12  26 
-30  -44  -52 
-64  -50  34 
22  18  -20 
48  2  52 

//Reference=MNI 
//nullstudy_43
//Subjects=31
10  24  62 
8  54  32 
58  10  28 
12  2  -18 
-52  -10  -40 
-40  -28  24 
8  60  -2 
-26  -50  -48 

//Reference=MNI 
//nullstudy_44
//Subjects=32
-40  34  -18 
38  4  62 
38  18  50 
-38  8  -14 
38  4  -26 
0  52  -14 
-2  26  -30 
-60  -36  -10 

//Reference=MNI 
//nullstudy_45
//Subjects=30
-34  -70  12 
-24  8  8 
-12  10  -16 
-26  -18  62 
-10  28  -14 
-30  10  62 
-48  -64  24 
-22  -56  -48 

//Reference=MNI 
//nullstudy_46
//Subjects=27
-22  50  34 
40  36  30 
32  12  34 
38  50  16 
-46  16  14 
36  4  44 
-26  -34  -6 
-10  58  -24 

//Reference=MNI 
//nullstudy_47
//Subjects=30
-16  14  -18 
-56  16  16 
-14  22  56 
-8  -20  16 
-28  -12  64 
-34  42  8 
-20  58  6 
-46  -44  16 

//Reference=MNI 
//nullstudy_48
//Subjects=29
36  22  -10 
-20  28  62 
-10  -44  -34 
22  60  32 
2  58  16 
52  44  -4 
28  24  -18 
-20  -30  -32 

//Reference=MNI 
//nullstudy_49
//Subjects=31
-2  -52  -52 
-24  -82  -8 
-22  -88  -10 
-18  18  -24 
10  18  -28 
-2  -78  -18 
-50  2  12 
-58  2  4 

//Reference=MNI 
//nullstudy_50
//Subjects=30
22  68  -4 
-52  -14  34 
-58  -54  16 
-46  32  34 
-20  42  -16 
2  4  14 
-28  28  -18 
-50  -14  2 

//Reference=MNI 
//nullstudy_51
//Subjects=30
-16  6  -26 
-60  -2  -20 
-34  -62  -16 
-50  -38  -10 
-32  -70  44 
-48  -12  -46 
-34  18  12 
16  42  20 

//Reference=MNI 
//nullstudy_52
//Subjects=30
22  50  36 
20  68  -4 
-42  -28  -28 
-12  64  0 
-64  -10  -6 
44  18  -20 
-16  -10  68 
-22  -46  -8 

//Reference=MNI 
//nullstudy_53
//Subjects=30
-10  -76  32 
10  44  10 
20  56  -2 
-8  32  50 
0  2  -8 
16  18  50 
46  4  44 
-20  -100  -20 

//Reference=MNI 
//nullstudy_54
//Subjects=30
16  42  -2 
2  36  18 
-12  -46  -50 
-54  36  -4 
48  36  20 
30  12  -46 
8  30  -8 
-44  -70  -8 

//Reference=MNI 
//nullstudy_55
//Subjects=31
-34  38  -10 
14  42  -12 
-6  18  62 
-6  -22  40 
-34  -6  62 
-6  32  52 
-44  32  14 
-12  -14  4 

//Reference=MNI 
//nullstudy_56
//Subjects=31
-52  -72  -16 
-2  8  62 
-30  18  48 
-26  -46  -8 
-14  -52  56 
10  6  50 
-30  -66  62 
-14  -30  62 

//Reference=MNI 
//nullstudy_57
//Subjects=31
-36  58  -10 
-32  -70  -58 
-24  -56  70 
-14  -44  -2 
-24  46  -20 
20  10  -36 
18  12  54 
-20  -24  2 

//Reference=MNI 
//nullstudy_58
//Subjects=30
-6  -58  66 
-8  -104  10 
-48  -60  -20 
-58  -22  38 
-42  2  38 
-48  -12  18 
-26  34  20 
26  32  -10 

//Reference=MNI 
//nullstudy_59
//Subjects=29
-20  6  -14 
4  66  -10 
-10  -82  -30 
-32  38  26 
60  10  -8 
-10  -70  -50 
-6  32  28 
32  8  -46 

//Reference=MNI 
//nullstudy_60
//Subjects=31
-2  22  68 
-18  -38  50 
-22  -60  -42 
-44  -16  16 
-4  -66  -52 
-6  -38  -50 
26  64  2 
-6  22  48 

//Reference=MNI 
//nullstudy_61
//Subjects=28
-22  -40  -26 
-10  54  4 
-50  -2  -40 
-30  -96  0 
-34  18  8 
-32  -68  52 
-14  36  -20 
-24  -90  12 

//Reference=MNI 
//nullstudy_62
//Subjects=30
-6  -96  -8 
-26  -28  -20 
-48  -62  18 
-38  42  -20 
-38  32  -20 
-26  58  10 
-10  -62  48 
-22  4  60 

//Reference=MNI 
//nullstudy_63
//Subjects=29
-16  -44  56 
-18  -36  -12 
-52  26  16 
-2  -18  -16 
-54  24  -4 
-6  -24  -16 
4  20  -28 
24  66  10 

//Reference=MNI 
//nullstudy_64
//Subjects=30
-22  58  -6 
-42  30  -12 
0  42  40 
-2  62  30 
-60  -24  50 
-12  -30  -44 
-70  -24  4 
-6  -16  52 

//Reference=MNI 
//nullstudy_65
//Subjects=29
-54  -66  10 
-20  -60  -30 
-14  -42  -14 
-66  -6  -12 
0  66  26 
-46  -54  22 
-2  36  24 
-64  -44  22 

//Reference=MNI 
//nullstudy_66
//Subjects=31
-6  -104  -6 
-34  -52  -20 
14  48  20 
-32  -64  24 
0  46  32 
-12  60  -14 
-60  -6  14 
-18  32  -24 

//Reference=MNI 
//nullstudy_67
//Subjects=30
-40  -14  8 
2  30  42 
-16  -44  44 
-54  14  -18 
-28  -92  -28 
-16  -64  -56 
-22  -6  -32 
24  62  0 

//Reference=MNI 
//nullstudy_68
//Subjects=28
16  62  -12 
-50  4  40 
-30  40  30 
-50  -32  32 
-26  0  -22 
-48  -50  22 
-16  -48  -20 
-22  -2  70 

//Reference=MNI 
//nullstudy_69
//Subjects=29
-36  -6  18 
-52  -16  -34 
-32  -66  58 
50  20  -26 
-6  -42  -30 
-42  -90  -4 
-34  4  10 
-22  -28  70 

//Reference=MNI 
//nullstudy_70
//Subjects=30
-44  46  4 
14  18  6 
-68  -34  -22 
36  20  52 
-46  18  24 
-30  -62  38 
-22  -64  -42 
-24  -74  56 

//Reference=MNI 
//nullstudy_71
//Subjects=30
-48  0  34 
-44  8  -36 
-54  -8  28 
14  66  -4 
-52  -24  -16 
12  4  64 
-14  -70  -20 
-50  -32  -18 

//Reference=MNI 
//nullstudy_72
//Subjects=32
-68  -18  22 
-56  10  -10 
22  8  0 
-18  6  -26 
-56  0  0 
-12  -34  40 
-38  8  -28 
-30  4  56 

//Reference=MNI 
//nullstudy_73
//Subjects=31
-48  -8  50 
-10  -92  -24 
-40  -44  -44 
-18  -68  0 
-2  -68  8 
-34  42  20 
-32  -80  42 
20  6  -24 

//Reference=MNI 
//nullstudy_74
//Subjects=30
-48  -22  -12 
-14  -40  -24 
12  50  46 
-36  48  18 
-40  12  -14 
-24  -90  -6 
-6  -50  -14 
-20  -52  68 

//Reference=MNI 
//nullstudy_75
//Subjects=31
-58  -24  -16 
44  26  14 
-10  36  -18 
-6  -78  -16 
42  8  -32 
-42  -40  8 
46  42  14 
-22  -38  52 

//Reference=MNI 
//nullstudy_76
//Subjects=31
-10  28  54 
-28  -52  -16 
-8  36  14 
34  38  22 
56  10  -20 
10  16  6 
22  4  -18 
-44  -38  2 

//Reference=MNI 
//nullstudy_77
//Subjects=29
-52  -22  -26 
-22  -52  -38 
-12  52  -8 
22  60  4 
42  14  -8 
4  44  44 
-26  -58  -24 
-24  -6  -28 

//Reference=MNI 
//nullstudy_78
//Subjects=31
-20  -76  -48 
24  18  -18 
-60  -8  26 
44  36  -2 
30  58  30 
-4  -40  50 
-32  44  6 
4  56  32 

//Reference=MNI 
//nullstudy_79
//Subjects=30
-8  -30  -4 
12  38  16 
-56  -6  4 
-12  12  -8 
52  12  14 
32  6  48 
-24  -14  -16 
-36  -68  40 

//Reference=MNI 
//nullstudy_80
//Subjects=30
-12  -28  68 
-10  -26  66 
-24  -72  -12 
-36  -16  58 
30  12  -42 
20  58  -10 
-18  12  -4 
-2  52  0 

//Reference=MNI 
//nullstudy_81
//Subjects=28
-10  30  60 
-38  -12  54 
12  40  46 
16  2  72 
-6  -88  -16 
-46  4  -24 
-46  -72  40 
6  42  -18 

//Reference=MNI 
//nullstudy_82
//Subjects=31
-16  -66  -14 
-48  -12  52 
-50  -26  42 
-50  -50  16 
48  12  -36 
28  32  38 
-6  -10  38 
-32  6  -26 

//Reference=MNI 
//nullstudy_83
//Subjects=29
-34  56  8 
-70  -34  2 
50  14  -32 
-18  26  2 
4  48  -6 
48  46  20 
-28  18  -26 
-24  -72  -46 

//Reference=MNI 
//nullstudy_84
//Subjects=30
-6  -4  64 
-60  -30  -24 
-40  -10  -48 
-8  -72  56 
-20  -74  -48 
26  20  -30 
-20  56  -16 
14  2  -6 

//Reference=MNI 
//nullstudy_85
//Subjects=29
-22  -22  -6 
-48  44  4 
-30  -32  -38 
-28  36  28 
-38  20  -26 
14  40  -6 
-60  -36  2 
-28  -84  12 

//Reference=MNI 
//nullstudy_86
//Subjects=30
-40  20  48 
-48  8  -24 
-12  -30  -14 
50  2  46 
-24  -12  8 
10  56  -6 
-12  4  -8 
-4  -12  56 

//Reference=MNI 
//nullstudy_87
//Subjects=31
-6  20  24 
-38  28  14 
2  54  10 
-66  -22  -16 
-40  -92  -2 
26  46  0 
28  32  -6 
24  6  -28 

//Reference=MNI 
//nullstudy_88
//Subjects=30
-18  -68  26 
-2  -42  74 
-40  -8  -42 
-24  -18  56 
-2  -34  -18 
50  22  -20 
-28  -56  -20 
40  8  -8 

//Reference=MNI 
//nullstudy_89
//Subjects=30
-10  -8  66 
-42  -80  12 
-42  0  52 
-52  -62  34 
-50  -24  48 
-62  -36  38 
-28  -88  -10 
-8  -88  -32 

//Reference=MNI 
//nullstudy_90
//Subjects=31
-14  -66  18 
8  4  32 
-4  38  10 
30  38  -10 
-38  -32  64 
14  28  48 
-8  -98  24 
-62  -38  -14 

//Reference=MNI 
//nullstudy_91
//Subjects=29
-36  -84  -36 
-8  -100  2 
40  40  -6 
-26  -74  50 
0  24  38 
6  66  10 
-52  10  18 
-34  -94  -16 

//Reference=MNI 
//nullstudy_92
//Subjects=30
-18  -92  -8 
48  2  56 
-46  -76  24 
-36  34  40 
-18  40  36 
18  6  -4 
-36  -46  -52 
-28  -64  -38 

//Reference=MNI 
//nullstudy_93
//Subjects=30
52  18  2 
-36  44  -16 
-48  -80  0 
6  66  -6 
36  28  -8 
-16  -74  -42 
8  46  6 
20  60  2 

//Reference=MNI 
//nullstudy_94
//Subjects=30
-36  -58  56 
-18  32  -12 
24  38  34 
-48  -50  -52 
-38  -64  10 
-56  -42  54 
-20  -88  -4 
-10  -60  32 

//Reference=MNI 
//nullstudy_95
//Subjects=31
-18  -56  24 
-36  -74  -48 
-4  -6  22 
36  42  -4 
-46  8  -6 
-28  -2  -24 
6  46  22 
-10  48  -4 

//Reference=MNI 
//nullstudy_96
//Subjects=29
-32  -22  50 
-54  -16  -36 
36  4  62 
0  24  -12 
-24  -54  -46 
-12  -22  8 
-4  -60  66 
48  40  -14 

//Reference=MNI 
//nullstudy_97
//Subjects=31
-48  -34  16 
-46  -24  50 
42  22  -32 
16  52  44 
-42  -66  0 
-68  -46  -12 
-60  -48  20 
-8  16  34 

//Reference=MNI 
//nullstudy_98
//Subjects=30
8  52  16 
50  6  -26 
-24  -82  -50 
-14  -52  -2 
-54  -40  6 
-32  14  12 
18  52  -22 
-14  -66  4 

//Reference=MNI 
//nullstudy_99
//Subjects=31
-50  24  20 
-6  -84  -32 
-12  -62  22 
28  18  -20 
32  32  26 
-20  -64  34 
-12  -74  -48 
-40  -8  -38 

//Reference=MNI 
//nullstudy_100
//Subjects=28
-16  -62  42 
-40  12  -2 
52  16  0 
18  32  -14 
-36  22  -18 
0  54  -2 
-42  -42  40 
-32  18  56 

