//Reference=MNI 
//truestudy_1
//Subjects=10
45  -66  -7 
46  -67  -6 
46  -67  -5 
46  -66  -5 
47  -65  -6 
47  -69  -5 
45  -66  -5 
45  -67  -7 

//Reference=MNI 
//truestudy_2
//Subjects=11
45  -66  -7 
45  -65  -6 
46  -65  -4 
45  -65  -6 
47  -68  -6 
47  -67  -6 
46  -65  -7 
46  -66  -5 

//Reference=MNI 
//truestudy_3
//Subjects=12
46  -66  -8 
45  -65  -7 
48  -66  -6 
47  -66  -7 
46  -63  -8 
46  -67  -7 
46  -65  -6 
47  -65  -6 

//Reference=MNI 
//nullstudy_1
//Subjects=10
-50  -42  -18 
-12  6  20 
-38  -12  4 
-36  46  20 
46  22  46 
-22  26  52 
-14  -90  -38 
-30  -14  -42 

//Reference=MNI 
//nullstudy_2
//Subjects=11
-50  2  -38 
-20  -68  -56 
-2  6  0 
40  12  -28 
42  18  26 
-62  -14  36 
-14  -58  6 
-32  24  -30 

//Reference=MNI 
//nullstudy_3
//Subjects=12
-20  -44  16 
-54  -20  -22 
52  10  50 
-44  -56  30 
20  2  -6 
-14  -92  30 
34  14  -8 
-10  40  30 

//Reference=MNI 
//nullstudy_4
//Subjects=8
-10  -28  -36 
-12  40  28 
-24  -74  -22 
22  38  -18 
-50  -52  -16 
-18  -58  6 
-22  -38  -40 
-38  -26  6 

//Reference=MNI 
//nullstudy_5
//Subjects=12
-24  -62  42 
-46  -38  -24 
14  50  32 
-4  60  -8 
-50  -58  -4 
-58  -54  -16 
-16  -24  4 
-46  -28  0 

//Reference=MNI 
//nullstudy_6
//Subjects=9
-8  -20  -28 
30  28  32 
20  30  58 
20  16  64 
-2  -16  -20 
-2  28  64 
-46  -8  44 
-40  20  -34 

//Reference=MNI 
//nullstudy_7
//Subjects=12
-30  24  2 
-30  -30  -20 
-20  -52  -24 
-24  -60  40 
-18  48  46 
-8  -42  22 
12  16  66 
-58  -38  -14 

//Reference=MNI 
//nullstudy_8
//Subjects=11
42  12  -4 
-20  4  -6 
56  8  16 
-48  -68  -30 
-10  -80  20 
-8  -78  8 
-10  -6  -36 
28  2  -20 

//Reference=MNI 
//nullstudy_9
//Subjects=10
-44  -62  30 
42  10  38 
-20  -48  60 
-2  2  38 
-10  60  34 
-46  28  16 
-48  -62  38 
-54  -8  -4 

//Reference=MNI 
//nullstudy_10
//Subjects=10
-4  -36  -32 
-6  56  -6 
28  26  52 
14  42  16 
-16  -34  42 
44  44  32 
-6  8  4 
-58  -30  -20 

//Reference=MNI 
//nullstudy_11
//Subjects=12
36  42  -20 
34  44  18 
34  42  38 
-66  -18  -12 
46  22  -28 
-60  6  20 
34  52  6 
-30  -98  6 

//Reference=MNI 
//nullstudy_12
//Subjects=9
-56  -44  40 
-30  -32  -34 
-46  46  14 
-4  -2  70 
-6  60  -22 
-52  0  -36 
-28  0  46 
-28  0  6 

//Reference=MNI 
//nullstudy_13
//Subjects=10
-48  -30  34 
-10  -82  -18 
-42  8  -32 
-52  38  0 
-30  -80  24 
-32  28  2 
-6  -2  -10 
-36  -20  42 

//Reference=MNI 
//nullstudy_14
//Subjects=11
-2  14  56 
40  8  -32 
-24  30  -12 
-22  -46  -42 
-42  -20  -32 
-8  44  30 
-46  -48  -28 
2  66  -4 

//Reference=MNI 
//nullstudy_15
//Subjects=9
-68  -18  12 
-36  -44  40 
-2  -24  14 
-10  -72  -42 
4  44  -10 
-60  -10  28 
-34  38  34 
-28  54  24 

//Reference=MNI 
//nullstudy_16
//Subjects=10
-50  -40  -20 
-60  0  8 
-62  -14  -22 
54  36  -8 
58  18  22 
-22  -40  60 
12  2  72 
52  10  -22 

//Reference=MNI 
//nullstudy_17
//Subjects=10
-38  -92  -8 
-46  -10  26 
44  14  -36 
52  38  8 
-38  4  62 
-36  62  0 
-34  -46  0 
-32  -34  -28 

//Reference=MNI 
//nullstudy_18
//Subjects=12
-10  -72  0 
12  34  16 
30  22  -42 
4  24  20 
14  54  6 
-16  -6  -22 
-22  -58  66 
-40  -46  50 

//Reference=MNI 
//nullstudy_19
//Subjects=10
-38  -76  36 
-42  -62  -32 
-56  -60  -26 
-20  -100  -14 
4  18  -14 
48  12  32 
8  4  28 
26  54  22 

//Reference=MNI 
//nullstudy_20
//Subjects=11
-50  -18  10 
-2  48  42 
-32  -58  -14 
-16  2  -38 
-10  36  24 
16  26  -22 
-36  -58  12 
-20  -28  4 

//Reference=MNI 
//nullstudy_21
//Subjects=10
-26  20  42 
-26  -82  18 
-48  -26  52 
8  40  52 
-8  -6  -18 
-26  -44  -52 
-14  46  30 
-38  -80  -34 

//Reference=MNI 
//nullstudy_22
//Subjects=10
-8  -24  0 
-16  -98  16 
-20  -88  6 
-50  -12  -36 
50  22  10 
-56  -36  -16 
60  8  -24 
-26  -70  28 

//Reference=MNI 
//nullstudy_23
//Subjects=10
12  18  64 
20  14  -22 
-6  -52  -30 
-26  -62  -12 
24  32  40 
-18  -44  -46 
-24  14  -34 
-46  -26  46 

//Reference=MNI 
//nullstudy_24
//Subjects=11
8  22  -20 
-30  -42  -48 
-38  -80  40 
-6  50  -4 
-30  -70  52 
-16  66  -12 
-24  -56  -50 
-38  -62  -34 

//Reference=MNI 
//nullstudy_25
//Subjects=10
-46  14  42 
-38  32  8 
28  10  -32 
-20  -34  -22 
32  28  56 
-22  40  24 
-12  -88  -18 
-2  60  10 

//Reference=MNI 
//nullstudy_26
//Subjects=11
-12  -74  60 
-62  -10  -8 
42  44  30 
54  4  14 
-28  -28  72 
-34  -60  -22 
8  22  54 
8  40  6 

//Reference=MNI 
//nullstudy_27
//Subjects=10
-6  -30  10 
-18  -2  -12 
-50  -66  -22 
-48  -52  4 
-34  18  -8 
-32  24  42 
-4  -60  50 
-28  18  40 

//Reference=MNI 
//nullstudy_28
//Subjects=10
46  24  0 
-10  -40  -34 
-32  2  2 
-34  -18  44 
2  24  -24 
-34  -18  -30 
-46  0  20 
-12  -22  22 

//Reference=MNI 
//nullstudy_29
//Subjects=9
-2  -80  -6 
-44  10  -38 
-46  -82  12 
38  56  4 
-26  -48  36 
-18  -94  -24 
-52  -26  2 
-34  -44  60 

//Reference=MNI 
//nullstudy_30
//Subjects=11
-12  -86  -20 
-40  -62  18 
-62  0  -6 
-36  -14  -22 
-56  -58  20 
-30  -90  -2 
-60  -8  -36 
-56  -8  18 

//Reference=MNI 
//nullstudy_31
//Subjects=11
-16  -92  -36 
4  42  44 
-28  24  -12 
-20  16  4 
-20  -26  -30 
-50  -48  -24 
-60  -28  24 
-44  -54  16 

//Reference=MNI 
//nullstudy_32
//Subjects=9
-34  -2  32 
14  52  -22 
-2  -24  68 
-8  2  44 
14  18  38 
-46  42  -20 
-28  28  -16 
-2  34  8 

//Reference=MNI 
//nullstudy_33
//Subjects=8
38  58  6 
-2  -88  -22 
-10  -12  78 
-20  -36  0 
-50  -68  -2 
-40  -48  56 
-50  -50  44 
-2  -48  -18 

//Reference=MNI 
//nullstudy_34
//Subjects=11
-4  42  18 
-4  -20  -38 
-8  -84  34 
12  12  52 
8  64  28 
-60  -42  14 
-20  58  32 
-12  -16  46 

//Reference=MNI 
//nullstudy_35
//Subjects=9
-54  -44  -2 
2  8  34 
-8  62  -6 
-20  -70  -30 
-34  -34  40 
-38  -62  -44 
-48  -4  -36 
-38  46  6 

//Reference=MNI 
//nullstudy_36
//Subjects=11
-6  18  -16 
-2  -76  44 
-36  -28  -10 
-64  -42  24 
-28  -94  12 
-42  14  -42 
42  12  42 
26  50  -10 

//Reference=MNI 
//nullstudy_37
//Subjects=11
-14  -58  16 
30  12  -16 
4  20  62 
-2  -32  78 
-20  -70  16 
6  40  -14 
30  12  -14 
-8  -94  2 

//Reference=MNI 
//nullstudy_38
//Subjects=10
18  48  -24 
-8  -74  -44 
2  14  -4 
24  2  -12 
-56  4  36 
-52  36  16 
-40  -84  -24 
-48  -2  56 

//Reference=MNI 
//nullstudy_39
//Subjects=11
-12  -70  40 
-14  -48  36 
18  8  -36 
-8  -28  46 
20  26  64 
-18  -72  22 
0  66  -2 
-10  2  42 

//Reference=MNI 
//nullstudy_40
//Subjects=9
-6  -52  30 
-10  60  22 
-8  2  -24 
-48  0  28 
-28  46  38 
-20  8  52 
-10  -88  -24 
-40  -82  20 

//Reference=MNI 
//nullstudy_41
//Subjects=10
18  54  -4 
-4  48  12 
-40  -68  18 
-4  -52  -58 
-22  -10  -28 
34  34  22 
-16  -68  0 
-44  -14  -8 

//Reference=MNI 
//nullstudy_42
//Subjects=9
-28  -52  -24 
-48  4  -6 
-32  26  -24 
-8  -82  -18 
-42  -18  14 
-8  8  34 
-2  -8  0 
-20  -52  -4 

//Reference=MNI 
//nullstudy_43
//Subjects=10
24  58  28 
-18  40  46 
-26  -4  -10 
-12  26  52 
10  8  36 
-22  -66  36 
22  50  14 
-14  -36  6 

//Reference=MNI 
//nullstudy_44
//Subjects=11
-16  -68  -4 
-18  -8  70 
-8  -10  56 
-48  -34  12 
-12  -82  -52 
-58  -34  -6 
-32  -58  -58 
8  8  2 

//Reference=MNI 
//nullstudy_45
//Subjects=10
-8  -60  -46 
-6  -84  -8 
-18  -92  4 
-42  -76  42 
-10  -14  20 
-32  22  14 
-52  -80  6 
32  24  -8 

//Reference=MNI 
//nullstudy_46
//Subjects=9
-34  -94  -10 
-14  70  12 
-6  -6  0 
-14  -2  20 
-30  -90  26 
-44  6  26 
6  4  30 
40  24  32 

//Reference=MNI 
//nullstudy_47
//Subjects=10
8  40  -24 
-28  -60  -4 
-30  -40  -20 
38  6  -20 
36  8  52 
60  10  -8 
4  26  34 
-18  32  42 

//Reference=MNI 
//nullstudy_48
//Subjects=11
-44  -34  -26 
-34  18  24 
0  22  24 
-14  -96  10 
-50  38  8 
40  24  22 
-18  -80  42 
-4  18  -18 

//Reference=MNI 
//nullstudy_49
//Subjects=10
-46  24  32 
-10  -10  -30 
-28  -74  -18 
-46  -50  -26 
0  16  -14 
-22  44  44 
-10  -94  -16 
-18  -98  12 

//Reference=MNI 
//nullstudy_50
//Subjects=10
-6  -30  -8 
-46  -52  -6 
-36  18  -18 
6  14  30 
-14  -80  16 
52  4  -2 
60  22  8 
42  22  46 

//Reference=MNI 
//nullstudy_51
//Subjects=10
-22  -44  54 
-8  64  -4 
-20  56  32 
-18  -90  22 
26  16  58 
-8  -18  6 
-42  -52  8 
-42  -68  10 

//Reference=MNI 
//nullstudy_52
//Subjects=12
-38  -32  46 
-10  -30  -46 
-34  20  -20 
-36  46  18 
-48  22  40 
-10  54  2 
-14  58  16 
-2  -34  -60 

//Reference=MNI 
//nullstudy_53
//Subjects=9
10  60  30 
6  52  28 
-6  -68  60 
-6  40  2 
56  30  -4 
-6  -38  -62 
-14  -28  38 
-6  -38  28 

//Reference=MNI 
//nullstudy_54
//Subjects=12
-38  -68  30 
-18  -42  10 
14  38  -10 
-30  36  38 
-42  50  14 
-24  -12  66 
-24  34  32 
-4  -22  8 

//Reference=MNI 
//nullstudy_55
//Subjects=10
26  4  -16 
44  36  -12 
36  6  -28 
14  42  16 
-32  36  46 
14  2  64 
-60  -52  8 
34  14  -14 

//Reference=MNI 
//nullstudy_56
//Subjects=11
-18  -20  -22 
-46  6  52 
-42  12  8 
-2  12  -14 
-24  -30  -8 
-28  18  -32 
-48  36  -4 
4  42  36 

//Reference=MNI 
//nullstudy_57
//Subjects=8
-46  -72  18 
-46  -58  4 
-54  -26  -18 
-38  -60  56 
38  4  -10 
-24  -68  42 
-38  28  40 
-24  -82  -50 

//Reference=MNI 
//nullstudy_58
//Subjects=10
-20  46  46 
-44  30  28 
-16  -42  -60 
-40  12  50 
8  14  -24 
-6  34  26 
-10  -8  72 
-16  -14  -26 

//Reference=MNI 
//nullstudy_59
//Subjects=10
-18  46  44 
-38  -90  -18 
22  50  42 
52  18  -12 
-10  -66  60 
0  38  32 
48  20  -26 
44  54  4 

//Reference=MNI 
//nullstudy_60
//Subjects=8
-6  -54  64 
-28  6  -42 
-8  30  -12 
-24  -68  30 
-12  -48  74 
-16  54  -18 
-34  26  -30 
6  22  66 

//Reference=MNI 
//nullstudy_61
//Subjects=9
20  16  -20 
-60  -22  10 
-10  -50  -52 
-4  -46  -60 
-4  -66  -20 
-32  30  50 
-12  12  -24 
-8  8  46 

//Reference=MNI 
//nullstudy_62
//Subjects=12
22  14  -14 
-26  -4  -24 
14  14  72 
-38  -2  54 
-46  -56  0 
-14  -68  -32 
28  14  -36 
-36  14  8 

//Reference=MNI 
//nullstudy_63
//Subjects=10
-52  2  42 
-48  -58  -38 
-14  -74  -6 
-38  42  36 
-52  -74  2 
-28  -30  60 
34  56  -2 
-8  -40  -46 

//Reference=MNI 
//nullstudy_64
//Subjects=9
-44  10  -36 
-24  -84  -48 
32  6  56 
-14  -18  42 
-38  -22  -22 
-28  -76  48 
-28  -4  48 
-4  -28  -14 

//Reference=MNI 
//nullstudy_65
//Subjects=12
-12  16  52 
-26  -6  -42 
48  30  8 
-18  64  14 
4  18  58 
-56  -30  20 
-6  -26  -48 
46  6  26 

//Reference=MNI 
//nullstudy_66
//Subjects=10
-16  -22  38 
-22  16  0 
-30  16  -30 
-48  -2  12 
-4  4  -24 
-34  50  -6 
-62  -58  12 
-22  -4  -36 

//Reference=MNI 
//nullstudy_67
//Subjects=9
-6  -12  54 
-46  -52  22 
-30  16  26 
-20  -70  8 
-46  -60  -2 
10  22  -24 
-32  30  54 
-52  -8  48 

//Reference=MNI 
//nullstudy_68
//Subjects=7
-52  -76  -4 
-10  -14  26 
-22  -40  54 
-12  -44  34 
-26  -56  -60 
-12  44  -26 
-6  -76  12 
-6  18  58 

//Reference=MNI 
//nullstudy_69
//Subjects=11
-50  -12  12 
34  4  -48 
-32  -62  44 
-24  44  16 
-28  -58  0 
-58  -32  -16 
-2  -46  2 
-32  -14  10 

//Reference=MNI 
//nullstudy_70
//Subjects=9
-24  64  -4 
-58  -64  14 
6  6  44 
38  6  12 
18  34  50 
-28  22  -24 
-28  2  66 
-6  -38  58 

//Reference=MNI 
//nullstudy_71
//Subjects=10
-16  -8  58 
-64  -24  -30 
-10  -92  -20 
-46  -56  40 
32  18  50 
-52  4  -28 
-24  -30  -26 
-60  -20  32 

//Reference=MNI 
//nullstudy_72
//Subjects=11
-12  -24  -40 
10  32  22 
-66  -16  24 
-16  -6  -4 
-26  -74  24 
-16  -62  -20 
-48  -62  36 
-6  -30  50 

//Reference=MNI 
//nullstudy_73
//Subjects=9
-14  -90  -28 
18  32  56 
-4  62  34 
-66  -4  12 
-48  -46  -8 
-22  -92  8 
-18  52  20 
56  26  28 

//Reference=MNI 
//nullstudy_74
//Subjects=11
62  18  12 
-54  -70  -2 
-46  -30  36 
-50  24  6 
36  32  40 
-6  -48  -52 
-6  -38  -18 
-4  58  0 

//Reference=MNI 
//nullstudy_75
//Subjects=11
-34  54  -8 
-42  42  24 
50  18  26 
2  34  18 
10  4  -12 
-62  -10  -8 
-2  -32  80 
24  18  -42 

//Reference=MNI 
//nullstudy_76
//Subjects=9
-38  -12  -26 
-6  -58  -30 
24  14  6 
-60  -8  10 
-12  -24  -36 
-46  16  -30 
-22  44  38 
-42  20  48 

//Reference=MNI 
//nullstudy_77
//Subjects=8
-32  50  16 
-10  -82  -30 
-50  -68  -32 
-28  -72  -42 
12  22  -10 
-24  -6  72 
-10  -42  -24 
-24  -26  -6 

//Reference=MNI 
//nullstudy_78
//Subjects=11
-4  -60  10 
40  12  -16 
-40  -24  56 
-8  -24  -10 
-6  -40  -48 
2  60  18 
-20  -40  8 
-40  0  -46 

//Reference=MNI 
//nullstudy_79
//Subjects=11
-44  -58  -50 
-20  36  42 
-54  -70  10 
-62  -38  28 
8  18  32 
6  10  28 
-12  -54  -24 
-28  0  -26 

//Reference=MNI 
//nullstudy_80
//Subjects=9
-30  -52  -6 
-38  -74  24 
-22  2  -42 
40  18  42 
-50  4  26 
-24  -74  36 
-24  -62  -64 
40  48  -8 

//Reference=MNI 
//nullstudy_81
//Subjects=10
32  60  0 
-8  -90  16 
-6  -58  -22 
-12  -4  42 
26  12  -22 
-50  -56  -38 
20  22  0 
-40  12  -4 

//Reference=MNI 
//nullstudy_82
//Subjects=10
46  16  54 
18  54  12 
-62  -46  44 
-28  -28  -14 
12  22  -14 
-64  -8  -2 
-10  -48  -58 
20  54  0 

//Reference=MNI 
//nullstudy_83
//Subjects=8
-2  18  -24 
-64  -34  -16 
52  8  -14 
58  10  30 
-32  18  12 
28  14  -8 
2  62  8 
-20  -12  50 

//Reference=MNI 
//nullstudy_84
//Subjects=12
-56  -6  -30 
-60  -28  44 
40  30  34 
-56  -62  6 
-40  -12  52 
12  14  14 
-36  -70  22 
-2  -14  42 

//Reference=MNI 
//nullstudy_85
//Subjects=11
-30  -62  52 
-52  14  -28 
-30  26  36 
-14  -80  24 
12  2  76 
2  22  40 
-26  20  46 
-46  -42  48 

//Reference=MNI 
//nullstudy_86
//Subjects=9
-14  -52  6 
-40  -6  8 
26  14  46 
-56  -24  8 
-38  10  32 
-42  -50  -28 
18  40  40 
42  8  42 

//Reference=MNI 
//nullstudy_87
//Subjects=9
-34  -50  -46 
-30  -92  -14 
-32  -28  70 
-48  -32  -24 
-8  8  50 
-6  -78  12 
-12  -46  -10 
-52  -72  10 

//Reference=MNI 
//nullstudy_88
//Subjects=10
-40  -14  60 
-22  16  -32 
-24  -48  -20 
-34  -10  -2 
-6  -58  -34 
-54  -34  38 
-30  -92  -12 
0  52  18 

//Reference=MNI 
//nullstudy_89
//Subjects=9
-58  -2  32 
-2  -22  72 
-16  -6  20 
-48  -66  -42 
-16  70  2 
-60  -10  -12 
38  14  44 
-24  -46  10 

//Reference=MNI 
//nullstudy_90
//Subjects=11
-40  -28  42 
-24  62  18 
-38  52  -8 
28  42  16 
-12  -6  28 
-64  -36  40 
-20  36  -24 
-10  64  2 

//Reference=MNI 
//nullstudy_91
//Subjects=9
-60  -24  36 
-30  14  2 
-32  -78  -54 
-44  -22  18 
-2  -60  -26 
-48  18  28 
56  10  2 
48  22  4 

//Reference=MNI 
//nullstudy_92
//Subjects=12
-50  -72  -20 
54  34  -8 
-28  -52  58 
26  26  -10 
-20  -32  24 
-36  -30  22 
-38  -20  8 
-52  -28  -30 

//Reference=MNI 
//nullstudy_93
//Subjects=9
32  58  26 
-38  14  36 
-18  -58  54 
-26  -52  68 
-56  -36  -26 
-10  -20  40 
-30  -36  62 
-64  -26  16 

//Reference=MNI 
//nullstudy_94
//Subjects=11
30  18  -44 
-44  -38  20 
-4  56  24 
-24  -24  60 
-58  -58  -18 
16  12  58 
46  46  6 
52  40  8 

//Reference=MNI 
//nullstudy_95
//Subjects=10
-22  34  -24 
-28  22  2 
-32  12  36 
-16  -40  -24 
44  20  6 
-36  38  4 
-10  -94  -24 
-10  -90  4 

//Reference=MNI 
//nullstudy_96
//Subjects=9
-14  -40  54 
-64  -6  -8 
-48  -82  4 
46  28  -14 
-26  -52  60 
-38  0  50 
-50  -56  22 
-8  -54  -64 

//Reference=MNI 
//nullstudy_97
//Subjects=10
-4  0  -18 
58  8  -20 
26  8  -2 
6  64  -2 
10  28  48 
32  34  36 
-14  -68  -12 
-44  -26  24 

//Reference=MNI 
//nullstudy_98
//Subjects=11
-36  -22  14 
-28  34  42 
54  8  14 
-14  -36  -8 
-6  30  42 
-22  -90  0 
-26  -44  50 
30  16  -22 

//Reference=MNI 
//nullstudy_99
//Subjects=9
-30  -66  -16 
-36  -46  -32 
-16  -24  -36 
-28  16  48 
-16  -44  -22 
22  18  2 
-2  2  62 
-12  -60  46 

//Reference=MNI 
//nullstudy_100
//Subjects=10
-44  10  32 
8  10  -30 
-36  22  -36 
-32  14  52 
-42  -70  -12 
-4  -44  60 
-36  42  -16 
-20  -12  -36 

