//Reference=MNI 
//truestudy_1
//Subjects=19
46  -65  -8 
47  -64  -6 
47  -66  -7 
47  -66  -7 
46  -66  -8 
47  -65  -7 
46  -66  -8 
46  -67  -5 

//Reference=MNI 
//truestudy_2
//Subjects=18
46  -68  -6 
46  -66  -4 
46  -65  -6 
47  -67  -5 
44  -64  -5 
44  -68  -5 
45  -66  -5 
44  -67  -7 

//Reference=MNI 
//truestudy_3
//Subjects=22
47  -66  -7 
45  -64  -7 
46  -65  -6 
47  -65  -7 
47  -65  -6 
47  -65  -8 
49  -67  -6 
47  -67  -7 

//Reference=MNI 
//nullstudy_1
//Subjects=19
20  22  -20 
26  4  62 
-16  -24  60 
48  4  26 
54  24  24 
-2  -56  38 
-48  42  2 
-6  -24  10 

//Reference=MNI 
//nullstudy_2
//Subjects=18
-24  46  12 
-52  -52  48 
-14  44  2 
-34  -20  46 
-26  18  -30 
-48  -20  -34 
-4  -30  -32 
-10  -8  -24 

//Reference=MNI 
//nullstudy_3
//Subjects=22
18  30  44 
-4  -90  -28 
4  68  0 
34  38  36 
6  60  30 
28  42  28 
14  38  58 
-50  -34  28 

//Reference=MNI 
//nullstudy_4
//Subjects=22
-14  -12  -14 
-44  -14  56 
-60  -46  30 
-28  24  30 
-32  -44  68 
58  26  18 
-34  6  16 
-54  24  10 

//Reference=MNI 
//nullstudy_5
//Subjects=18
-2  -76  4 
12  10  -14 
46  36  -2 
-10  -16  62 
-52  -52  4 
-52  -18  8 
12  28  2 
50  48  0 

//Reference=MNI 
//nullstudy_6
//Subjects=20
-56  -66  14 
-36  24  50 
-16  -48  60 
-8  6  58 
-46  -38  -14 
-18  -62  6 
-6  14  2 
36  52  14 

//Reference=MNI 
//nullstudy_7
//Subjects=20
-30  48  -8 
-10  40  -16 
-28  -14  -32 
8  68  20 
-50  32  12 
-38  10  14 
-32  -28  68 
-4  -54  64 

//Reference=MNI 
//nullstudy_8
//Subjects=21
-4  28  52 
-42  -4  -4 
-20  -12  -24 
-14  -104  2 
-54  -62  -34 
-26  -8  -50 
-44  -64  0 
-54  -10  14 

//Reference=MNI 
//nullstudy_9
//Subjects=20
-30  -30  60 
-8  -76  18 
-28  2  -48 
38  6  -32 
-14  -54  -64 
-2  12  50 
-8  -50  4 
-20  -64  -18 

//Reference=MNI 
//nullstudy_10
//Subjects=20
-46  8  44 
-52  -38  16 
-18  54  8 
-40  8  32 
-16  28  54 
60  8  16 
-10  22  64 
26  36  34 

//Reference=MNI 
//nullstudy_11
//Subjects=19
-54  22  12 
-2  -46  26 
-34  26  -24 
-6  -38  -16 
-8  -14  44 
-12  -14  50 
-54  -10  44 
48  4  34 

//Reference=MNI 
//nullstudy_12
//Subjects=20
26  14  -30 
-28  -2  -38 
-26  -60  -48 
-54  -58  14 
14  58  -22 
-10  -14  46 
-56  -32  26 
-26  -80  -54 

//Reference=MNI 
//nullstudy_13
//Subjects=19
-50  -42  14 
-20  -56  -38 
52  4  -16 
-16  -32  14 
-66  -22  6 
54  10  -8 
16  34  22 
-40  20  -26 

//Reference=MNI 
//nullstudy_14
//Subjects=21
-22  -10  -36 
2  18  54 
-20  56  -2 
-34  -28  -22 
-24  52  -6 
-40  4  -12 
-10  -80  -50 
-22  -40  -50 

//Reference=MNI 
//nullstudy_15
//Subjects=22
38  42  14 
-42  -52  54 
34  52  4 
-50  46  -6 
-6  -58  -14 
-44  -26  42 
-28  -26  52 
-18  18  12 

//Reference=MNI 
//nullstudy_16
//Subjects=19
-14  40  -18 
-32  28  -16 
-16  -46  -64 
-38  42  30 
-22  -10  -40 
-38  -68  -52 
-60  -66  2 
24  2  70 

//Reference=MNI 
//nullstudy_17
//Subjects=19
46  24  0 
-22  -44  -56 
-58  -4  -6 
-12  -64  8 
30  32  54 
-24  8  -6 
-26  -66  32 
-54  -30  0 

//Reference=MNI 
//nullstudy_18
//Subjects=22
-24  -82  -42 
-58  -10  -40 
-4  -104  -8 
-40  -32  52 
-2  -54  -56 
8  14  36 
-32  -8  42 
-50  -64  -36 

//Reference=MNI 
//nullstudy_19
//Subjects=19
32  38  24 
-14  -8  -42 
-12  -56  16 
-10  50  16 
-26  16  -22 
-30  -76  18 
-22  58  12 
-34  40  18 

//Reference=MNI 
//nullstudy_20
//Subjects=19
-16  -94  -24 
-8  -72  60 
-52  -46  6 
-2  22  -12 
-68  -46  -6 
-14  50  38 
-44  -68  6 
-36  -82  -32 

//Reference=MNI 
//nullstudy_21
//Subjects=19
-26  8  -44 
-28  -88  -20 
-34  -32  -20 
-44  4  14 
-70  -24  -4 
-4  -38  22 
-22  -2  54 
-10  -56  -46 

//Reference=MNI 
//nullstudy_22
//Subjects=21
38  12  46 
2  38  -16 
-52  -66  18 
-50  -44  24 
32  8  4 
-8  -16  62 
-64  -40  30 
-18  -58  20 

//Reference=MNI 
//nullstudy_23
//Subjects=19
52  26  18 
28  20  -18 
54  20  26 
-34  -48  -44 
-8  8  4 
-8  -98  6 
24  50  14 
-38  30  -8 

//Reference=MNI 
//nullstudy_24
//Subjects=20
-6  -2  76 
-66  -44  -14 
-38  2  42 
36  24  -38 
-8  -18  -26 
-66  -8  30 
20  50  34 
-24  -50  -12 

//Reference=MNI 
//nullstudy_25
//Subjects=21
-28  -6  48 
16  64  -14 
-32  -56  -48 
36  26  -26 
-10  -28  54 
46  18  14 
-36  -78  14 
18  40  52 

//Reference=MNI 
//nullstudy_26
//Subjects=21
-24  -82  16 
-30  -58  48 
36  50  -14 
-56  -38  -14 
-32  -34  38 
52  36  -14 
50  12  -28 
-24  10  56 

//Reference=MNI 
//nullstudy_27
//Subjects=20
-24  42  12 
42  16  34 
32  22  30 
28  16  64 
-12  68  14 
-44  -62  34 
-20  -26  56 
-38  -62  36 

//Reference=MNI 
//nullstudy_28
//Subjects=19
14  60  -20 
-16  28  -8 
-14  -36  64 
-48  48  -12 
-48  40  0 
24  32  -10 
-60  -50  38 
-54  -14  -16 

//Reference=MNI 
//nullstudy_29
//Subjects=20
-40  -62  -52 
4  48  42 
-16  -6  22 
42  36  -10 
-12  -36  -28 
-40  0  8 
-60  -6  40 
-48  -56  36 

//Reference=MNI 
//nullstudy_30
//Subjects=20
-50  38  14 
-24  -46  -42 
-20  20  -26 
-50  16  26 
0  20  -22 
-46  -14  20 
-24  34  -24 
-20  -26  74 

//Reference=MNI 
//nullstudy_31
//Subjects=19
26  52  -10 
-62  -16  24 
-14  -90  -12 
0  4  46 
42  38  -22 
-32  -54  -38 
10  6  -18 
-4  -72  42 

//Reference=MNI 
//nullstudy_32
//Subjects=17
-6  -36  62 
14  10  6 
-48  -10  50 
-38  54  2 
14  38  50 
-16  36  -24 
-32  56  -10 
46  28  32 

//Reference=MNI 
//nullstudy_33
//Subjects=21
-26  -20  74 
-8  -54  -10 
16  24  10 
-28  -86  -28 
16  42  40 
-16  2  -26 
26  56  30 
2  62  12 

//Reference=MNI 
//nullstudy_34
//Subjects=21
-8  56  36 
-2  -8  6 
-6  -30  -28 
-36  18  -28 
-60  -12  4 
-54  -34  42 
-4  -14  74 
-66  -6  22 

//Reference=MNI 
//nullstudy_35
//Subjects=21
-64  -18  30 
46  10  4 
-10  -32  58 
42  50  -10 
0  40  -6 
-42  26  28 
42  40  0 
-8  -78  -20 

//Reference=MNI 
//nullstudy_36
//Subjects=21
-50  -38  -30 
-36  54  -10 
-6  -68  60 
-4  -48  -46 
-36  -2  56 
-6  -32  -4 
64  4  4 
16  56  32 

//Reference=MNI 
//nullstudy_37
//Subjects=19
-10  -76  32 
8  32  62 
-38  -10  64 
-26  -26  64 
-42  -60  4 
-66  -34  -22 
-18  62  -6 
-20  -32  14 

//Reference=MNI 
//nullstudy_38
//Subjects=18
-48  -36  52 
-48  -16  -16 
-42  46  -4 
54  34  16 
-68  -14  8 
-28  10  -42 
58  10  -24 
-12  -26  10 

//Reference=MNI 
//nullstudy_39
//Subjects=20
48  34  36 
24  30  -10 
-52  -24  -28 
-26  34  30 
48  10  4 
-32  -10  8 
-40  -42  -30 
50  38  -18 

//Reference=MNI 
//nullstudy_40
//Subjects=22
-6  44  -24 
2  2  54 
-46  -14  44 
-42  24  -20 
-2  -56  30 
2  58  -12 
-40  -14  22 
18  4  -30 

//Reference=MNI 
//nullstudy_41
//Subjects=20
-8  -64  36 
-66  -8  30 
2  50  22 
-22  4  50 
-68  -14  -8 
32  42  -20 
2  26  62 
-36  -60  22 

//Reference=MNI 
//nullstudy_42
//Subjects=21
-46  -46  52 
6  70  -4 
-30  -76  -24 
-28  0  2 
-68  -14  16 
-50  -14  2 
8  48  -2 
-22  18  -34 

//Reference=MNI 
//nullstudy_43
//Subjects=20
-18  26  -28 
-42  18  -8 
-48  -14  18 
-58  -54  28 
6  20  60 
-56  -64  10 
-46  -44  26 
-6  -2  -14 

//Reference=MNI 
//nullstudy_44
//Subjects=19
-28  -46  -22 
-16  58  -20 
-12  -28  -30 
-22  -10  50 
-30  44  -20 
-40  30  16 
-38  -24  62 
-8  -4  62 

//Reference=MNI 
//nullstudy_45
//Subjects=19
62  8  20 
60  20  14 
34  56  -10 
-64  -2  -24 
-52  -60  -44 
-30  -78  12 
-48  -70  -16 
48  10  -26 

//Reference=MNI 
//nullstudy_46
//Subjects=19
0  4  -14 
-16  -36  0 
42  40  -18 
-8  -32  -44 
-46  -2  -36 
50  42  10 
-12  -28  -38 
-2  -16  6 

//Reference=MNI 
//nullstudy_47
//Subjects=21
-34  -36  -14 
22  36  42 
-54  -30  50 
-52  -78  16 
-30  -94  0 
-18  58  12 
-38  -54  -14 
-34  38  -8 

//Reference=MNI 
//nullstudy_48
//Subjects=21
-6  -66  52 
-50  -34  26 
-18  60  -14 
0  62  32 
-4  -76  40 
-60  -26  12 
-54  -18  -14 
-12  16  70 

//Reference=MNI 
//nullstudy_49
//Subjects=19
-40  -58  36 
-40  20  44 
-42  -8  56 
-22  30  48 
-6  20  -12 
-46  -22  -26 
52  20  -4 
-6  8  46 

//Reference=MNI 
//nullstudy_50
//Subjects=20
-44  -56  -48 
52  30  -2 
-50  -28  62 
-4  -72  30 
-52  -22  10 
-4  -32  -54 
0  24  56 
22  34  46 

//Reference=MNI 
//nullstudy_51
//Subjects=20
-8  6  -14 
-38  -20  66 
10  12  -6 
-60  -18  -18 
-30  -86  -34 
34  4  -46 
-2  -94  -18 
-32  46  14 

//Reference=MNI 
//nullstudy_52
//Subjects=21
-46  -82  24 
-18  -68  4 
-6  -86  -34 
-58  0  -24 
-6  -12  12 
-22  -92  -14 
40  10  28 
-24  -28  54 

//Reference=MNI 
//nullstudy_53
//Subjects=20
26  60  -4 
46  24  46 
40  62  0 
-22  -14  -14 
-38  -52  -46 
-24  -66  56 
30  48  -4 
-30  -16  4 

//Reference=MNI 
//nullstudy_54
//Subjects=21
-8  -48  -12 
-20  -10  -10 
-52  4  -32 
0  4  46 
-22  2  -28 
-56  -42  26 
-40  0  8 
28  20  10 

//Reference=MNI 
//nullstudy_55
//Subjects=21
12  46  -20 
-10  -48  -62 
-26  -56  36 
-20  -96  18 
8  66  18 
4  10  -20 
-18  -46  4 
4  36  32 

//Reference=MNI 
//nullstudy_56
//Subjects=19
-52  -52  24 
-10  -96  10 
-18  54  40 
-66  -48  -4 
-8  30  30 
-20  4  -16 
10  18  70 
-42  -28  18 

//Reference=MNI 
//nullstudy_57
//Subjects=20
-4  -2  42 
-26  6  -4 
26  4  68 
48  36  20 
-46  26  -14 
-4  -46  -36 
-46  -42  -10 
-26  -54  6 

//Reference=MNI 
//nullstudy_58
//Subjects=21
-54  -34  40 
-48  14  16 
62  16  18 
-48  12  18 
-36  22  -28 
18  4  -22 
-34  -66  -62 
-8  20  38 

//Reference=MNI 
//nullstudy_59
//Subjects=20
-40  -68  -26 
-8  -90  -20 
-38  -12  -32 
-44  16  2 
-26  -64  60 
-16  56  12 
-48  -40  38 
-16  -84  16 

//Reference=MNI 
//nullstudy_60
//Subjects=21
-10  -46  32 
8  52  -8 
-12  -54  28 
-2  -30  -4 
-38  42  6 
-8  -76  20 
-8  48  32 
-2  24  42 

//Reference=MNI 
//nullstudy_61
//Subjects=20
-62  -6  -26 
-14  -32  -20 
-8  -30  64 
-32  12  -4 
-24  56  -8 
-44  -36  18 
0  24  -28 
-2  0  -20 

//Reference=MNI 
//nullstudy_62
//Subjects=19
-38  -10  16 
-26  -8  -28 
-8  -58  72 
-10  38  48 
8  30  22 
-44  -52  40 
24  24  -24 
-44  -46  48 

//Reference=MNI 
//nullstudy_63
//Subjects=20
-38  -76  -18 
10  4  -26 
44  18  8 
-50  -48  30 
-8  -90  -10 
-36  -40  -34 
-54  -48  8 
-58  -30  30 

//Reference=MNI 
//nullstudy_64
//Subjects=19
-56  -40  -26 
4  4  38 
-38  -60  42 
54  12  18 
-54  -22  38 
-20  -92  -6 
40  4  16 
-50  -46  -14 

//Reference=MNI 
//nullstudy_65
//Subjects=21
-30  56  -10 
-54  -54  -44 
-14  50  -18 
-16  2  -20 
-18  -48  -10 
-52  -60  4 
-2  44  -28 
-40  -26  10 

//Reference=MNI 
//nullstudy_66
//Subjects=22
-10  -52  74 
-36  -24  -26 
-36  -24  22 
-24  -60  -28 
-6  -32  30 
-12  -54  -38 
-12  14  -20 
22  52  12 

//Reference=MNI 
//nullstudy_67
//Subjects=20
48  8  38 
48  6  -40 
-62  -32  -6 
-18  -78  4 
-8  8  -6 
-46  -14  50 
-64  -40  -8 
4  24  32 

//Reference=MNI 
//nullstudy_68
//Subjects=22
-50  -80  -2 
-16  -38  -40 
34  54  20 
-32  -60  -60 
40  12  6 
-22  -76  -2 
6  8  44 
-64  -54  -16 

//Reference=MNI 
//nullstudy_69
//Subjects=22
-24  4  44 
-6  -32  36 
12  50  26 
-12  -38  68 
18  6  74 
-16  14  -4 
-34  -50  -26 
-44  -86  16 

//Reference=MNI 
//nullstudy_70
//Subjects=20
-24  2  -42 
-50  28  28 
-22  4  -38 
-58  12  20 
-70  -36  4 
-2  60  32 
-42  36  32 
-42  -6  -20 

//Reference=MNI 
//nullstudy_71
//Subjects=20
-10  -70  -56 
4  16  40 
38  6  4 
-24  -82  -50 
-4  0  6 
-38  -16  40 
-52  -22  26 
-44  -10  46 

//Reference=MNI 
//nullstudy_72
//Subjects=21
-20  30  34 
16  12  -18 
0  26  20 
-18  36  56 
44  24  50 
-6  -80  -8 
-46  -78  28 
-2  -42  24 

//Reference=MNI 
//nullstudy_73
//Subjects=20
-42  -14  -6 
40  6  26 
-14  -42  68 
-64  -50  16 
-4  -28  12 
-60  -32  32 
58  12  4 
-16  -84  -30 

//Reference=MNI 
//nullstudy_74
//Subjects=19
-4  -40  36 
8  50  -16 
-42  -42  12 
4  24  42 
-4  58  -16 
-16  -92  -16 
34  6  2 
34  4  -16 

//Reference=MNI 
//nullstudy_75
//Subjects=19
-14  -14  -26 
-8  -46  -62 
-6  -70  -40 
-8  -50  -60 
-24  -60  36 
-32  0  68 
-8  -96  -16 
-26  -76  -12 

//Reference=MNI 
//nullstudy_76
//Subjects=19
-6  -26  50 
-4  -62  -62 
32  52  -6 
-44  -48  -10 
-52  -40  16 
-44  32  -8 
-36  -24  6 
-2  -70  24 

//Reference=MNI 
//nullstudy_77
//Subjects=20
-20  -34  76 
-4  -32  26 
-6  -36  -56 
4  36  50 
-28  -48  -18 
-40  8  22 
-10  -86  12 
-56  -60  -24 

//Reference=MNI 
//nullstudy_78
//Subjects=20
-18  -70  8 
-24  64  -2 
-54  -10  -38 
-8  -18  0 
-10  -80  28 
-42  -54  -52 
-6  28  12 
40  34  -8 

//Reference=MNI 
//nullstudy_79
//Subjects=20
40  46  -16 
-8  20  -4 
-4  -12  -14 
-50  -44  -20 
-48  -58  -38 
20  24  64 
-24  50  36 
-14  -42  70 

//Reference=MNI 
//nullstudy_80
//Subjects=20
-50  -20  -38 
-38  -50  54 
-46  -22  14 
-42  0  -20 
-36  12  34 
10  46  42 
-54  -62  -12 
-30  -20  66 

//Reference=MNI 
//nullstudy_81
//Subjects=21
-42  -64  -20 
-22  -48  52 
-8  -54  38 
38  2  -14 
-10  18  10 
-14  4  -20 
10  10  18 
-16  24  6 

//Reference=MNI 
//nullstudy_82
//Subjects=20
36  2  -26 
-20  -78  12 
-56  -14  38 
-38  -82  38 
-46  10  -4 
-58  10  -4 
-10  -60  -52 
12  20  14 

//Reference=MNI 
//nullstudy_83
//Subjects=21
28  66  0 
-58  -12  -24 
-48  -72  -42 
-42  -20  2 
-40  28  38 
34  44  -14 
38  52  28 
-44  -12  60 

//Reference=MNI 
//nullstudy_84
//Subjects=20
-62  -30  -2 
-16  -48  -58 
-40  -40  48 
-2  -36  34 
-36  -56  48 
12  22  -4 
48  30  4 
-20  -68  2 

//Reference=MNI 
//nullstudy_85
//Subjects=19
-58  -4  42 
-64  -2  26 
36  24  -38 
-42  -12  54 
-18  -46  -40 
-34  -56  18 
-52  -32  32 
-52  -18  0 

//Reference=MNI 
//nullstudy_86
//Subjects=20
26  34  38 
24  68  -4 
-32  -30  -12 
-18  -82  22 
-38  -44  -56 
-6  -98  -20 
-50  -52  46 
-20  66  -10 

//Reference=MNI 
//nullstudy_87
//Subjects=21
-22  -88  -30 
-8  -62  -22 
-40  -44  48 
-18  -82  38 
-14  -36  60 
-60  -20  22 
-4  -94  -24 
-26  -2  -48 

//Reference=MNI 
//nullstudy_88
//Subjects=19
-54  -8  -44 
8  2  -10 
-58  20  6 
54  10  -6 
-34  0  54 
38  26  54 
-44  -74  -30 
-42  -22  42 

//Reference=MNI 
//nullstudy_89
//Subjects=20
-48  42  18 
-26  48  42 
-10  -14  78 
-30  -24  -24 
-12  -102  -10 
-30  -66  56 
-24  14  60 
36  12  54 

//Reference=MNI 
//nullstudy_90
//Subjects=20
-42  48  -2 
46  10  26 
34  20  50 
-6  -82  -42 
34  8  56 
-30  -20  54 
-34  -18  56 
-24  14  -14 

//Reference=MNI 
//nullstudy_91
//Subjects=20
-14  -100  14 
-48  -34  6 
10  12  48 
-36  52  -6 
-20  -76  -10 
-52  -12  0 
-50  -76  -4 
-6  -58  -44 

//Reference=MNI 
//nullstudy_92
//Subjects=20
-28  -90  22 
-16  -50  -40 
-36  -12  42 
-32  -18  -14 
-42  44  18 
50  12  28 
10  14  -30 
-28  -82  -4 

//Reference=MNI 
//nullstudy_93
//Subjects=21
2  2  2 
12  52  32 
54  24  14 
2  22  -18 
2  18  24 
-22  4  -18 
-24  42  34 
34  8  -18 

//Reference=MNI 
//nullstudy_94
//Subjects=21
44  32  26 
-4  -74  56 
-40  -78  -46 
-46  4  36 
-40  -84  28 
-8  6  -28 
46  30  -8 
-46  -68  -26 

//Reference=MNI 
//nullstudy_95
//Subjects=19
-46  -30  40 
-30  -64  -6 
6  44  52 
40  8  -2 
-4  34  -14 
-48  10  14 
-16  -28  6 
4  10  44 

//Reference=MNI 
//nullstudy_96
//Subjects=20
-22  -94  -24 
-42  -10  -48 
-2  -10  38 
60  12  4 
-4  38  10 
-32  -16  -14 
-42  -14  -34 
-34  -54  -54 

//Reference=MNI 
//nullstudy_97
//Subjects=19
-6  62  10 
-48  -56  -38 
-8  10  -30 
-46  -8  -2 
-18  18  60 
-40  32  8 
-6  0  -28 
34  26  28 

//Reference=MNI 
//nullstudy_98
//Subjects=20
34  24  -22 
-54  -26  44 
-54  -64  38 
44  4  10 
-36  -28  -22 
-46  12  -32 
-16  68  6 
8  10  -26 

//Reference=MNI 
//nullstudy_99
//Subjects=21
-4  -98  0 
-52  8  46 
-66  -42  6 
-2  -88  28 
-46  -52  42 
-40  12  30 
-40  -44  56 
-22  -70  14 

//Reference=MNI 
//nullstudy_100
//Subjects=20
-10  -68  12 
-36  -2  -40 
-40  -60  -36 
14  8  -32 
-12  -4  -16 
-42  -6  -46 
-4  -46  2 
22  38  -22 

