//Reference=MNI 
//truestudy_1
//Subjects=19
46  -66  -6 
45  -65  -6 
45  -66  -8 
46  -66  -7 
46  -66  -5 
44  -67  -6 
45  -66  -6 
46  -65  -7 

//Reference=MNI 
//truestudy_2
//Subjects=22
46  -67  -7 
46  -66  -5 
46  -67  -6 
47  -65  -6 
47  -66  -5 
46  -68  -6 
45  -65  -6 
47  -66  -6 

//Reference=MNI 
//truestudy_3
//Subjects=20
47  -67  -4 
47  -67  -6 
47  -66  -7 
45  -65  -7 
46  -64  -5 
46  -66  -6 
46  -64  -6 
46  -68  -6 

//Reference=MNI 
//nullstudy_1
//Subjects=19
-10  -76  2 
-38  -78  -48 
-20  -44  -46 
-40  10  2 
-20  -64  -22 
-4  -38  -44 
-2  -46  -24 
-4  54  24 

//Reference=MNI 
//nullstudy_2
//Subjects=22
30  48  12 
-56  -30  -10 
-10  -18  22 
-40  -30  24 
-28  -14  46 
-8  -46  -8 
44  32  -16 
-6  38  40 

//Reference=MNI 
//nullstudy_3
//Subjects=20
-42  -52  56 
-10  -66  30 
-30  -86  28 
-8  -62  -48 
-26  64  6 
-8  -70  18 
-40  8  18 
-26  -38  -14 

//Reference=MNI 
//nullstudy_4
//Subjects=19
52  14  36 
-28  8  42 
48  14  -12 
8  44  10 
-44  34  20 
8  66  -6 
-2  18  60 
34  50  -2 

//Reference=MNI 
//nullstudy_5
//Subjects=20
-8  -78  2 
12  54  8 
-48  -22  -4 
-28  -92  -20 
-44  -76  -12 
-28  -36  58 
12  28  52 
44  10  30 

//Reference=MNI 
//nullstudy_6
//Subjects=19
-34  -18  58 
34  34  12 
-2  -48  -6 
24  56  36 
16  60  8 
44  22  44 
-30  2  60 
-56  -4  -32 

//Reference=MNI 
//nullstudy_7
//Subjects=20
-38  -72  22 
16  22  14 
34  32  6 
58  14  24 
4  32  6 
-42  -72  20 
-42  -66  26 
-4  -62  68 

//Reference=MNI 
//nullstudy_8
//Subjects=21
-40  -76  44 
-14  -18  24 
-16  40  -24 
-2  26  -10 
-64  -24  28 
20  2  -36 
-38  54  22 
60  2  0 

//Reference=MNI 
//nullstudy_9
//Subjects=21
0  8  40 
-30  -6  -48 
-10  -90  -20 
-48  -20  24 
-34  62  2 
44  20  36 
-26  -66  12 
14  8  -32 

//Reference=MNI 
//nullstudy_10
//Subjects=20
-30  -32  60 
-38  44  22 
-30  -82  44 
50  14  -6 
-36  56  18 
34  38  34 
-32  -60  52 
-2  34  12 

//Reference=MNI 
//nullstudy_11
//Subjects=18
0  16  -10 
-42  -10  64 
-30  60  -8 
52  4  6 
-6  36  52 
-20  2  -36 
-52  -52  -42 
-42  8  42 

//Reference=MNI 
//nullstudy_12
//Subjects=21
-52  0  -2 
-10  -52  -56 
-42  -20  20 
54  38  18 
-8  -80  50 
-48  -10  38 
-4  28  -20 
-34  -74  -8 

//Reference=MNI 
//nullstudy_13
//Subjects=18
-18  -44  50 
-24  -62  54 
0  48  0 
-44  -70  -36 
-36  -76  22 
-56  -34  2 
-16  -70  -40 
-30  -34  20 

//Reference=MNI 
//nullstudy_14
//Subjects=22
-26  -30  74 
46  6  56 
-44  -54  -28 
-46  24  20 
18  8  -38 
40  6  50 
-34  -80  -42 
-52  -24  54 

//Reference=MNI 
//nullstudy_15
//Subjects=19
-60  -20  20 
28  8  48 
-4  2  58 
-16  6  54 
8  20  30 
-42  -16  -32 
4  28  40 
-20  -20  60 

//Reference=MNI 
//nullstudy_16
//Subjects=20
-8  -76  -36 
-48  -24  42 
20  56  32 
-30  16  -8 
-6  -74  16 
44  8  20 
-38  -20  68 
-8  -18  14 

//Reference=MNI 
//nullstudy_17
//Subjects=19
26  10  -10 
-50  28  -2 
-46  -34  30 
-14  -68  -10 
-32  -6  -14 
-12  -2  -40 
-20  30  60 
-58  -34  18 

//Reference=MNI 
//nullstudy_18
//Subjects=21
-16  -16  78 
-24  58  12 
20  48  -22 
-28  12  -8 
-12  52  -12 
16  42  -20 
40  44  -16 
-2  -56  -62 

//Reference=MNI 
//nullstudy_19
//Subjects=20
-36  6  -24 
-2  -96  22 
-6  -58  -48 
-4  0  30 
52  6  -26 
-48  20  -28 
-52  -4  -14 
0  42  -12 

//Reference=MNI 
//nullstudy_20
//Subjects=19
-28  20  -12 
-64  -2  24 
48  18  22 
-18  -64  30 
-28  26  56 
-4  18  50 
-12  -54  42 
28  2  44 

//Reference=MNI 
//nullstudy_21
//Subjects=21
-18  -52  64 
16  50  34 
44  24  -2 
-44  -84  12 
8  2  30 
-28  -52  -32 
-24  14  -6 
-20  -98  -6 

//Reference=MNI 
//nullstudy_22
//Subjects=22
-18  28  62 
10  8  2 
-56  30  4 
-36  -16  18 
-36  -52  -30 
-20  -30  76 
42  22  14 
-60  -36  -12 

//Reference=MNI 
//nullstudy_23
//Subjects=19
22  52  14 
6  18  48 
-44  -88  -12 
-12  -92  -4 
-40  38  14 
-56  -32  32 
32  2  60 
-6  -26  36 

//Reference=MNI 
//nullstudy_24
//Subjects=18
22  10  -6 
4  70  14 
36  48  36 
-6  -72  2 
14  20  32 
24  18  -20 
8  12  0 
-52  -28  -16 

//Reference=MNI 
//nullstudy_25
//Subjects=21
10  42  16 
-6  32  60 
-20  64  26 
-22  -48  -62 
-36  -66  22 
-36  26  50 
-12  -104  12 
-42  -78  -28 

//Reference=MNI 
//nullstudy_26
//Subjects=21
44  54  8 
56  16  -24 
-2  10  -18 
-48  -6  2 
-42  2  44 
6  32  28 
0  48  12 
-68  -26  28 

//Reference=MNI 
//nullstudy_27
//Subjects=21
8  48  42 
-32  -10  4 
-8  16  10 
-36  18  -8 
-44  14  38 
-14  -60  -32 
-42  26  -20 
-2  24  30 

//Reference=MNI 
//nullstudy_28
//Subjects=20
38  20  2 
-64  -52  32 
-20  -92  -38 
40  26  10 
8  22  52 
-8  -16  44 
40  20  -34 
-58  -38  -28 

//Reference=MNI 
//nullstudy_29
//Subjects=21
-44  -64  -40 
14  38  -6 
-22  -74  22 
-44  26  -4 
48  40  -12 
-36  -2  60 
-18  -48  -30 
-4  -6  -4 

//Reference=MNI 
//nullstudy_30
//Subjects=21
-56  -22  20 
-22  -62  44 
12  12  68 
-42  -58  52 
-46  -68  46 
-32  -16  -22 
-12  12  0 
-16  -50  -32 

//Reference=MNI 
//nullstudy_31
//Subjects=19
-2  40  18 
-56  -18  42 
-34  -74  -40 
2  14  46 
22  50  -20 
-42  -56  -54 
0  22  -20 
-34  -2  -4 

//Reference=MNI 
//nullstudy_32
//Subjects=19
-26  -98  -16 
-28  54  -2 
-48  46  -4 
-32  -96  -10 
-42  10  28 
-4  -12  -20 
36  30  -10 
-14  32  42 

//Reference=MNI 
//nullstudy_33
//Subjects=21
-62  -14  -30 
-6  48  20 
-56  -30  34 
-36  20  20 
6  2  -20 
-32  -2  -34 
-42  -84  4 
28  4  -36 

//Reference=MNI 
//nullstudy_34
//Subjects=21
-2  -66  62 
30  16  -40 
-12  12  52 
22  44  28 
-4  0  64 
-50  28  -8 
-34  -28  62 
-42  -18  -8 

//Reference=MNI 
//nullstudy_35
//Subjects=19
-52  -40  -4 
-34  -10  -8 
-16  6  -12 
-50  -78  6 
-24  -4  62 
-60  -46  32 
-4  70  -6 
-56  -50  18 

//Reference=MNI 
//nullstudy_36
//Subjects=20
-14  -20  -10 
-44  -64  -34 
-16  -56  -26 
-18  -74  -56 
-46  -4  -6 
-2  0  -30 
50  30  18 
-4  -30  70 

//Reference=MNI 
//nullstudy_37
//Subjects=21
-4  42  24 
-44  -74  -26 
32  36  -14 
-52  16  0 
-22  -60  52 
-36  -82  -32 
18  56  -2 
-8  -16  -28 

//Reference=MNI 
//nullstudy_38
//Subjects=22
6  16  36 
-4  52  16 
-6  34  -28 
-12  -68  40 
12  4  -32 
-6  -34  -4 
48  20  44 
14  40  -18 

//Reference=MNI 
//nullstudy_39
//Subjects=21
-6  -52  -12 
12  44  54 
-22  -54  40 
-8  -10  -26 
-58  -62  -14 
-8  -10  -16 
-48  -60  14 
42  20  2 

//Reference=MNI 
//nullstudy_40
//Subjects=20
-42  -54  60 
-10  -90  -34 
-56  -54  34 
-10  -64  10 
-58  4  14 
-32  34  48 
42  6  58 
-4  4  -26 

//Reference=MNI 
//nullstudy_41
//Subjects=20
-44  -36  50 
-20  32  58 
-4  -40  -26 
-24  -68  -10 
-24  -80  12 
-56  -10  -4 
-42  36  -18 
-4  -42  -50 

//Reference=MNI 
//nullstudy_42
//Subjects=20
44  42  8 
-14  -86  6 
-16  -42  -44 
-36  -54  -24 
0  56  22 
14  70  0 
46  26  -26 
-26  4  48 

//Reference=MNI 
//nullstudy_43
//Subjects=21
34  32  2 
-36  20  -20 
-14  -10  10 
-36  -30  18 
-34  14  40 
-12  20  -8 
-4  38  8 
-24  -50  46 

//Reference=MNI 
//nullstudy_44
//Subjects=20
-28  -74  24 
-28  -6  -4 
-20  -90  0 
-22  -50  -12 
-16  -100  22 
-26  -72  50 
-56  -22  14 
-24  34  -10 

//Reference=MNI 
//nullstudy_45
//Subjects=20
8  36  18 
-10  14  -14 
-16  -40  -30 
18  18  52 
34  30  0 
-14  60  20 
56  30  14 
12  20  -6 

//Reference=MNI 
//nullstudy_46
//Subjects=21
-20  -28  62 
-16  -8  -34 
-26  -58  -24 
-6  -60  -24 
-46  8  6 
-50  -14  36 
-12  -86  14 
-14  -48  52 

//Reference=MNI 
//nullstudy_47
//Subjects=20
-10  32  -10 
-6  -94  -4 
-6  32  -18 
-64  -24  44 
-46  24  -24 
-8  -30  -40 
-48  -50  28 
28  10  -48 

//Reference=MNI 
//nullstudy_48
//Subjects=20
4  28  44 
-4  -8  28 
-50  46  -2 
-24  -82  -6 
-36  24  -10 
-26  50  30 
-40  -58  6 
12  28  -18 

//Reference=MNI 
//nullstudy_49
//Subjects=19
-14  -62  -12 
-18  62  -18 
-44  34  30 
54  2  24 
-12  -66  -6 
-42  -18  38 
-32  48  -16 
-10  -60  34 

//Reference=MNI 
//nullstudy_50
//Subjects=19
8  16  56 
-50  -50  -42 
32  28  -26 
8  60  24 
-16  -58  -10 
-56  -56  -34 
-34  54  6 
-40  -44  56 

//Reference=MNI 
//nullstudy_51
//Subjects=19
-22  38  54 
42  14  -20 
-8  -62  32 
-8  -6  2 
-2  -12  66 
-12  -70  22 
-58  -14  -32 
56  16  -20 

//Reference=MNI 
//nullstudy_52
//Subjects=18
-22  -54  -38 
20  8  56 
-42  -46  -20 
12  40  20 
-2  -16  2 
-56  16  26 
-4  -46  -20 
-32  4  -6 

//Reference=MNI 
//nullstudy_53
//Subjects=20
-24  -76  -54 
-14  -2  22 
26  4  -34 
18  6  -28 
-28  32  -16 
-4  -18  -28 
6  12  52 
-40  -76  -52 

//Reference=MNI 
//nullstudy_54
//Subjects=19
-8  -24  2 
-40  -56  -36 
-24  -58  46 
-38  -64  24 
-40  -18  2 
56  14  -28 
-48  -30  44 
44  16  28 

//Reference=MNI 
//nullstudy_55
//Subjects=22
-10  42  -16 
-16  -70  -26 
58  8  22 
-34  34  42 
-60  -42  22 
12  8  34 
-38  -78  44 
-54  -16  34 

//Reference=MNI 
//nullstudy_56
//Subjects=19
12  46  20 
-22  -70  56 
52  2  38 
-6  -48  72 
-26  54  6 
-58  -60  38 
8  36  -26 
-44  18  8 

//Reference=MNI 
//nullstudy_57
//Subjects=20
-64  -40  40 
-36  -10  -24 
4  18  -6 
4  38  12 
-6  20  -22 
-12  66  14 
-8  64  30 
6  42  18 

//Reference=MNI 
//nullstudy_58
//Subjects=19
10  32  44 
-50  -46  54 
-38  -34  66 
32  2  58 
-50  26  34 
-22  42  20 
-32  -46  -38 
-28  -92  -4 

//Reference=MNI 
//nullstudy_59
//Subjects=19
10  24  28 
-42  12  12 
12  64  10 
-52  -18  -4 
34  2  64 
34  26  -24 
-12  36  58 
-16  -68  32 

//Reference=MNI 
//nullstudy_60
//Subjects=19
-66  -20  -22 
-32  -22  16 
-36  -38  -42 
-28  -48  -18 
22  42  22 
-12  -50  -34 
-6  40  22 
-22  -90  12 

//Reference=MNI 
//nullstudy_61
//Subjects=20
-30  18  -28 
24  26  42 
12  18  56 
-4  -52  66 
-36  -94  -6 
-30  16  0 
-28  -76  16 
-40  44  -14 

//Reference=MNI 
//nullstudy_62
//Subjects=22
-6  -44  30 
-44  -86  14 
-12  -4  40 
-66  -8  4 
-32  -50  -34 
-64  -24  26 
50  24  -2 
12  34  60 

//Reference=MNI 
//nullstudy_63
//Subjects=18
-28  -32  -16 
-28  -36  -10 
-16  -20  -12 
-56  -66  -14 
-14  -72  50 
-38  -36  -32 
-30  22  -8 
-14  -82  -14 

//Reference=MNI 
//nullstudy_64
//Subjects=21
24  44  -16 
6  52  -10 
-8  -18  18 
-48  -78  4 
-18  -32  40 
-4  -28  48 
-34  -2  -14 
-22  -32  -28 

//Reference=MNI 
//nullstudy_65
//Subjects=22
18  2  54 
42  50  -14 
66  8  16 
0  62  -20 
-16  -50  -2 
-24  0  -44 
-34  -8  -42 
-48  -40  46 

//Reference=MNI 
//nullstudy_66
//Subjects=20
-44  -42  -34 
-14  -68  -20 
-48  -28  46 
-48  -12  58 
-22  -90  32 
-44  -20  46 
-10  -60  26 
-12  -44  -64 

//Reference=MNI 
//nullstudy_67
//Subjects=19
-10  -90  -10 
-64  -48  10 
-16  58  36 
52  10  46 
-26  48  40 
-64  -30  -12 
-12  -74  34 
-24  2  12 

//Reference=MNI 
//nullstudy_68
//Subjects=21
-20  -74  -28 
26  44  22 
-4  48  -8 
-46  -6  -4 
-40  20  36 
56  2  32 
-4  60  38 
-4  14  56 

//Reference=MNI 
//nullstudy_69
//Subjects=18
-42  8  -12 
-40  28  26 
-10  -66  62 
-60  -42  -22 
-20  44  18 
-4  -58  28 
-30  -52  58 
-30  -14  6 

//Reference=MNI 
//nullstudy_70
//Subjects=20
-34  -6  4 
-24  16  52 
-18  56  24 
28  24  36 
-50  -4  14 
-58  -16  -8 
34  32  2 
-22  -90  -36 

//Reference=MNI 
//nullstudy_71
//Subjects=19
32  48  14 
2  24  -30 
-2  62  -6 
-60  -30  -10 
-48  0  -6 
-38  -80  42 
-66  -44  12 
-44  4  24 

//Reference=MNI 
//nullstudy_72
//Subjects=22
2  32  16 
-20  -20  62 
30  50  -4 
-26  -92  -26 
-16  -86  -22 
-28  -42  0 
46  10  36 
36  20  -40 

//Reference=MNI 
//nullstudy_73
//Subjects=21
4  40  44 
-20  26  60 
22  68  -10 
-28  12  58 
-42  -82  30 
8  34  48 
-40  -32  44 
-38  -66  -20 

//Reference=MNI 
//nullstudy_74
//Subjects=19
-64  -18  -6 
50  10  4 
-14  -68  22 
-36  -8  -6 
-68  -32  16 
-10  64  -18 
-12  -46  6 
-8  56  -2 

//Reference=MNI 
//nullstudy_75
//Subjects=19
-68  -44  0 
-16  -4  58 
38  6  26 
-36  -24  -28 
-62  -42  20 
-68  -24  -22 
-26  -72  24 
42  2  -34 

//Reference=MNI 
//nullstudy_76
//Subjects=20
-22  -82  -44 
36  16  0 
-44  40  16 
-32  -12  -6 
10  26  38 
-6  54  36 
-44  -78  -42 
-58  -62  2 

//Reference=MNI 
//nullstudy_77
//Subjects=20
56  28  -2 
62  2  18 
-30  24  -26 
-4  -56  14 
-16  -26  60 
-54  -46  28 
-26  -18  -10 
-18  -20  64 

//Reference=MNI 
//nullstudy_78
//Subjects=20
30  10  10 
40  16  56 
34  8  -38 
-24  -62  32 
-60  -22  24 
-34  -16  16 
22  60  14 
-26  -34  50 

//Reference=MNI 
//nullstudy_79
//Subjects=20
16  2  -36 
-10  -76  34 
-44  -68  2 
-32  0  -40 
-58  -48  20 
-8  -52  -2 
-68  -42  16 
-18  -34  -20 

//Reference=MNI 
//nullstudy_80
//Subjects=19
-24  10  42 
-28  4  -28 
-6  -4  24 
-14  -52  -40 
-22  -80  24 
-10  -28  -44 
30  38  -14 
-40  -4  52 

//Reference=MNI 
//nullstudy_81
//Subjects=20
-12  -10  46 
-38  22  22 
-12  -6  14 
-62  -26  32 
-38  26  -18 
-12  -92  -26 
-6  -24  18 
-42  -60  -36 

//Reference=MNI 
//nullstudy_82
//Subjects=21
-24  54  20 
-40  -88  -8 
-14  12  -12 
2  58  -10 
-6  56  8 
-44  28  4 
-14  50  42 
38  16  28 

//Reference=MNI 
//nullstudy_83
//Subjects=21
-38  -66  -40 
-58  -50  22 
46  46  -14 
-4  -26  36 
6  6  0 
-10  20  62 
-6  2  -20 
-58  -2  -22 

//Reference=MNI 
//nullstudy_84
//Subjects=21
-32  -56  -30 
-42  -54  -32 
-40  -8  -12 
-44  -4  30 
-46  -68  -28 
-40  -68  -8 
50  22  4 
-14  -104  0 

//Reference=MNI 
//nullstudy_85
//Subjects=19
18  10  -2 
4  48  -4 
24  10  6 
-20  -14  -20 
-32  -76  36 
-18  -30  -6 
-38  -62  8 
-10  -56  8 

//Reference=MNI 
//nullstudy_86
//Subjects=18
-34  18  20 
-62  -50  -20 
-52  -10  8 
-60  -34  20 
-56  -52  -18 
32  16  -12 
-46  -28  42 
6  8  -4 

//Reference=MNI 
//nullstudy_87
//Subjects=21
-34  -16  -40 
-38  16  54 
32  60  10 
-46  -18  44 
-32  -62  54 
-8  42  -18 
-66  -24  38 
-32  -14  -14 

//Reference=MNI 
//nullstudy_88
//Subjects=20
28  2  62 
-2  -36  -12 
-18  -84  32 
36  18  56 
-48  8  -28 
-18  8  70 
-38  50  6 
-42  -6  0 

//Reference=MNI 
//nullstudy_89
//Subjects=20
-28  12  64 
-6  12  -18 
-40  -72  6 
-66  -46  18 
-60  -34  6 
-28  -92  28 
-40  56  0 
-30  18  8 

//Reference=MNI 
//nullstudy_90
//Subjects=21
-40  -76  26 
-12  -96  30 
-44  38  -14 
-22  28  -16 
-12  -96  -20 
-6  0  60 
-20  -74  48 
6  22  32 

//Reference=MNI 
//nullstudy_91
//Subjects=20
12  6  74 
-22  -86  0 
-44  -72  16 
-50  -34  -18 
-2  -10  76 
46  20  48 
-44  -2  52 
-34  -66  -56 

//Reference=MNI 
//nullstudy_92
//Subjects=19
-8  42  -4 
28  48  -16 
14  70  16 
-60  -54  -20 
-30  -56  -20 
36  38  -18 
64  4  14 
-10  -48  -60 

//Reference=MNI 
//nullstudy_93
//Subjects=20
-10  -26  -2 
-46  -54  42 
8  44  12 
-50  -8  4 
-40  46  18 
-24  24  40 
-34  0  -32 
48  16  44 

//Reference=MNI 
//nullstudy_94
//Subjects=20
-40  52  22 
-20  -48  -32 
-16  -16  78 
-10  -2  42 
-14  -42  60 
10  22  62 
26  10  44 
-14  -64  -16 

//Reference=MNI 
//nullstudy_95
//Subjects=19
-4  -28  66 
-2  -46  12 
-14  -74  -4 
32  20  -36 
46  8  8 
-2  -74  16 
-52  22  -4 
-44  -78  -18 

//Reference=MNI 
//nullstudy_96
//Subjects=22
-4  0  8 
0  22  -18 
-18  -82  36 
-38  -52  64 
-26  -16  -14 
-32  -86  10 
-44  -70  26 
-20  -64  0 

//Reference=MNI 
//nullstudy_97
//Subjects=19
26  24  -8 
18  36  58 
2  48  52 
-40  34  28 
-40  -12  14 
-4  24  36 
-50  -14  6 
46  38  -14 

//Reference=MNI 
//nullstudy_98
//Subjects=21
-6  -18  -2 
40  12  54 
18  12  -4 
-22  -76  40 
-30  24  38 
-20  -64  -6 
-18  -26  -16 
-56  10  36 

//Reference=MNI 
//nullstudy_99
//Subjects=20
-40  -12  -38 
60  2  38 
-40  -56  -2 
-36  32  -4 
6  62  -10 
40  8  62 
-10  -34  -32 
42  2  -26 

//Reference=MNI 
//nullstudy_100
//Subjects=21
0  52  12 
8  70  -2 
-56  -6  48 
24  36  46 
-42  -32  -26 
-30  -44  66 
-54  -44  30 
34  2  58 

