//Reference=MNI 
//truestudy_1
//Subjects=21
47  -66  -5 
47  -64  -5 
45  -65  -5 
48  -66  -7 
46  -65  -4 
46  -66  -6 
45  -66  -6 
44  -65  -5 

//Reference=MNI 
//truestudy_2
//Subjects=19
45  -65  -7 
46  -67  -4 
45  -68  -4 
46  -64  -7 
46  -65  -8 
47  -65  -5 
46  -67  -7 
46  -67  -7 

//Reference=MNI 
//truestudy_3
//Subjects=18
47  -68  -6 
46  -67  -7 
47  -64  -6 
45  -66  -7 
45  -66  -6 
45  -65  -3 
46  -65  -6 
45  -66  -6 

//Reference=MNI 
//nullstudy_1
//Subjects=21
20  44  40 
-18  -8  22 
-56  -66  -28 
-6  30  58 
22  46  26 
-30  52  -6 
-38  58  -8 
30  4  -36 

//Reference=MNI 
//nullstudy_2
//Subjects=19
-50  -18  -34 
-20  -40  -6 
34  4  -10 
-22  50  0 
-12  -44  8 
-24  -16  66 
60  18  0 
-52  -24  6 

//Reference=MNI 
//nullstudy_3
//Subjects=18
-60  -24  36 
-56  24  -2 
-10  24  34 
-16  -52  -64 
4  32  8 
-6  -82  -14 
14  6  -6 
-2  -38  -16 

//Reference=MNI 
//nullstudy_4
//Subjects=20
-34  -68  -16 
-46  -18  36 
-54  18  18 
-16  -62  44 
-42  0  50 
-4  -52  72 
-14  -38  40 
-12  -92  24 

//Reference=MNI 
//nullstudy_5
//Subjects=21
-52  -2  4 
-24  -48  -26 
2  50  10 
-34  -78  -54 
-56  -48  44 
-50  26  16 
-44  -40  58 
-40  -92  -10 

//Reference=MNI 
//nullstudy_6
//Subjects=20
0  50  20 
-42  -12  48 
2  8  44 
-16  -64  68 
-54  -10  42 
-10  -104  -4 
-38  -64  -40 
-12  -56  -4 

//Reference=MNI 
//nullstudy_7
//Subjects=20
-36  50  -8 
-24  62  8 
-30  56  28 
-10  -6  -34 
6  10  70 
-48  -70  32 
-52  -14  54 
-44  -42  -18 

//Reference=MNI 
//nullstudy_8
//Subjects=19
6  2  -24 
30  50  26 
-2  -30  34 
-42  -58  36 
-46  -60  -34 
-44  -74  -8 
-22  -52  -50 
4  42  44 

//Reference=MNI 
//nullstudy_9
//Subjects=20
-40  -60  -4 
-46  -16  20 
-2  -26  66 
38  4  38 
-8  -6  -14 
-32  -32  -4 
-8  12  34 
-22  -66  22 

//Reference=MNI 
//nullstudy_10
//Subjects=20
-30  22  -32 
6  38  -26 
-16  -18  2 
-58  22  8 
-32  -64  -32 
30  60  24 
-28  60  -2 
-28  36  30 

//Reference=MNI 
//nullstudy_11
//Subjects=20
-24  -82  34 
-62  -56  26 
28  10  -46 
22  8  -44 
-12  52  32 
-34  -28  -10 
-20  -90  -8 
-32  8  62 

//Reference=MNI 
//nullstudy_12
//Subjects=21
-24  26  -10 
-30  -50  6 
-22  -60  -24 
-34  -10  -10 
-34  -78  48 
14  44  -26 
-40  -58  44 
-38  -4  34 

//Reference=MNI 
//nullstudy_13
//Subjects=19
-46  36  8 
-12  -48  46 
-54  22  12 
6  64  -16 
-46  -40  56 
-2  -4  -14 
-8  4  16 
6  20  8 

//Reference=MNI 
//nullstudy_14
//Subjects=19
-40  -56  -24 
-32  -12  62 
-48  -58  -16 
-16  -60  14 
26  4  8 
6  4  36 
-8  -32  -12 
-12  -78  -14 

//Reference=MNI 
//nullstudy_15
//Subjects=20
-2  -46  -48 
8  66  22 
-8  -38  -38 
-6  50  -14 
-6  56  -2 
2  40  40 
-8  -22  74 
-34  32  -6 

//Reference=MNI 
//nullstudy_16
//Subjects=19
58  18  12 
-54  6  -16 
-50  -66  -40 
-34  -88  10 
-2  32  -4 
54  6  8 
-4  36  46 
-52  -72  8 

//Reference=MNI 
//nullstudy_17
//Subjects=20
-22  -66  -48 
-56  -18  10 
-26  -6  -34 
-44  -12  44 
-38  -86  14 
-38  54  18 
28  34  -16 
-26  -42  46 

//Reference=MNI 
//nullstudy_18
//Subjects=19
-54  18  22 
44  18  38 
28  46  44 
-6  36  24 
-44  38  -4 
-12  -74  38 
26  64  6 
-14  6  62 

//Reference=MNI 
//nullstudy_19
//Subjects=21
-18  -64  -14 
-20  -54  62 
-6  40  48 
-46  -18  -10 
-26  -96  22 
-2  16  14 
-12  -86  12 
4  42  -24 

//Reference=MNI 
//nullstudy_20
//Subjects=21
44  28  16 
-42  -38  50 
-28  20  -32 
-46  -16  22 
-28  58  -6 
38  14  -2 
-26  26  44 
-4  -44  -20 

//Reference=MNI 
//nullstudy_21
//Subjects=20
-46  -30  44 
-22  -28  70 
22  8  0 
-6  28  -16 
-4  -24  -22 
-56  -66  -22 
-38  50  8 
-16  50  -18 

//Reference=MNI 
//nullstudy_22
//Subjects=20
16  60  2 
-26  52  -8 
-18  -84  -26 
-44  2  -42 
-14  -44  -10 
-42  -58  -54 
44  10  36 
-16  -54  8 

//Reference=MNI 
//nullstudy_23
//Subjects=20
16  52  36 
-30  -54  38 
-30  24  -12 
-24  -64  -10 
-54  -70  -6 
24  32  -24 
40  30  -18 
-40  -4  -10 

//Reference=MNI 
//nullstudy_24
//Subjects=19
-4  -26  -16 
-30  0  -48 
42  26  24 
-48  -2  8 
-62  -56  4 
-4  36  -26 
-20  -66  44 
-30  26  44 

//Reference=MNI 
//nullstudy_25
//Subjects=22
-60  6  24 
-4  -40  42 
-10  16  38 
-22  -76  44 
-44  -44  8 
-34  0  -44 
40  22  0 
-28  -68  -54 

//Reference=MNI 
//nullstudy_26
//Subjects=22
-2  -58  14 
-6  -36  -40 
42  20  56 
2  32  54 
-30  46  20 
28  12  48 
-36  -70  -24 
-46  -10  -34 

//Reference=MNI 
//nullstudy_27
//Subjects=19
-6  62  36 
-20  -50  54 
-46  -38  8 
-6  -10  32 
-26  -86  18 
-8  -40  -38 
-32  4  28 
-62  -56  -10 

//Reference=MNI 
//nullstudy_28
//Subjects=20
-16  14  14 
4  68  -4 
2  20  -24 
10  14  60 
-14  20  -30 
-2  -90  18 
8  50  -18 
-48  8  20 

//Reference=MNI 
//nullstudy_29
//Subjects=20
-28  -26  74 
18  16  -10 
-32  -90  14 
34  10  48 
-46  -22  18 
2  52  -2 
-32  -56  -12 
14  6  -4 

//Reference=MNI 
//nullstudy_30
//Subjects=19
-66  -30  14 
-2  -56  -22 
-38  -54  -56 
-20  52  20 
-34  -58  24 
-38  14  52 
-4  26  -30 
-2  -44  -26 

//Reference=MNI 
//nullstudy_31
//Subjects=21
58  6  26 
-16  50  34 
42  4  -20 
18  38  -22 
-22  -26  -30 
18  4  22 
-34  -56  36 
32  24  32 

//Reference=MNI 
//nullstudy_32
//Subjects=21
-24  -56  -28 
26  46  -12 
20  32  -14 
-26  -48  70 
-24  0  -18 
40  4  -48 
16  50  36 
-56  -8  32 

//Reference=MNI 
//nullstudy_33
//Subjects=19
-28  36  -16 
58  6  -34 
-2  44  -26 
-20  14  56 
-34  -30  16 
-12  -92  -18 
48  4  -40 
-10  -70  50 

//Reference=MNI 
//nullstudy_34
//Subjects=19
-28  -94  -16 
-36  6  32 
12  66  2 
-8  -32  -50 
-44  -48  -14 
-38  40  18 
-48  -16  38 
-64  -56  -12 

//Reference=MNI 
//nullstudy_35
//Subjects=19
18  12  -10 
-46  14  18 
16  16  12 
16  12  70 
-10  2  70 
-36  62  4 
-18  12  -32 
44  10  48 

//Reference=MNI 
//nullstudy_36
//Subjects=20
-36  -66  -38 
-40  20  -10 
-50  -10  52 
-16  -42  -10 
10  46  24 
48  4  -2 
-10  -56  62 
-40  6  56 

//Reference=MNI 
//nullstudy_37
//Subjects=19
2  46  -22 
-2  -44  26 
-40  -4  60 
-34  -50  -8 
-38  -80  -16 
-22  -62  30 
-24  -64  -8 
-28  -60  38 

//Reference=MNI 
//nullstudy_38
//Subjects=19
-2  44  -20 
-32  30  6 
-16  40  36 
-26  -26  52 
58  18  10 
-28  42  -18 
-4  -22  -18 
-62  -32  44 

//Reference=MNI 
//nullstudy_39
//Subjects=19
14  44  42 
-52  -70  18 
-2  -66  58 
-8  30  -30 
-18  -82  46 
-28  -80  48 
-2  -42  -40 
-10  -32  48 

//Reference=MNI 
//nullstudy_40
//Subjects=20
34  26  0 
-24  -22  -30 
-52  6  0 
0  56  16 
-62  -48  6 
34  56  -18 
-28  -36  -30 
-22  -76  -26 

//Reference=MNI 
//nullstudy_41
//Subjects=20
-14  -64  2 
-2  -80  0 
-4  -32  78 
-2  66  10 
-14  -28  -34 
-26  -52  -18 
50  44  -8 
-42  8  42 

//Reference=MNI 
//nullstudy_42
//Subjects=20
-42  -44  6 
-26  -84  10 
-18  -48  -28 
-6  -38  -28 
-36  34  10 
-4  32  6 
-34  -32  -28 
-8  16  56 

//Reference=MNI 
//nullstudy_43
//Subjects=21
-58  -2  34 
-38  -78  44 
-14  -46  -8 
2  54  -20 
-38  -46  -36 
-2  -22  0 
-26  -56  -54 
-2  36  6 

//Reference=MNI 
//nullstudy_44
//Subjects=20
-40  -42  64 
-14  -92  -40 
-4  -38  -36 
26  30  32 
-32  38  -18 
-4  22  38 
-40  -10  -38 
-52  0  -2 

//Reference=MNI 
//nullstudy_45
//Subjects=20
-20  -70  -4 
38  46  28 
-64  -16  34 
-56  6  -12 
-36  0  62 
-18  48  34 
-2  -4  44 
-52  -24  28 

//Reference=MNI 
//nullstudy_46
//Subjects=21
-64  -42  -16 
-68  -42  -2 
-34  -28  -14 
-10  -44  76 
-36  -62  -46 
-46  -52  48 
-6  30  -24 
8  10  -12 

//Reference=MNI 
//nullstudy_47
//Subjects=20
-44  0  -30 
-34  12  -12 
6  16  38 
-24  -36  -40 
8  36  44 
-2  -46  50 
30  18  58 
-32  -20  16 

//Reference=MNI 
//nullstudy_48
//Subjects=18
-32  14  -28 
-20  -22  58 
-30  -82  -24 
-46  -66  -10 
-22  -68  -60 
-16  12  -38 
30  32  -24 
-28  -72  -60 

//Reference=MNI 
//nullstudy_49
//Subjects=19
-8  38  0 
-30  14  0 
50  18  4 
-6  -28  52 
-46  -18  -26 
-38  -12  38 
-34  -28  54 
-26  -74  -44 

//Reference=MNI 
//nullstudy_50
//Subjects=21
34  46  12 
-68  -44  18 
-10  -48  62 
6  36  6 
-10  -36  -50 
-22  0  -10 
-30  6  6 
-8  -6  2 

//Reference=MNI 
//nullstudy_51
//Subjects=21
22  54  0 
-60  -24  0 
-36  10  -44 
-28  -84  -48 
-6  -100  -8 
-20  -74  12 
-4  0  58 
-56  18  28 

//Reference=MNI 
//nullstudy_52
//Subjects=21
-50  -48  -34 
-4  -100  -18 
-38  -56  0 
-50  42  -6 
-22  -66  40 
22  10  62 
-22  4  -36 
-40  6  -38 

//Reference=MNI 
//nullstudy_53
//Subjects=20
-24  -42  -38 
-38  -6  -40 
30  44  32 
20  20  54 
-44  -40  18 
-32  18  -26 
-18  -64  22 
-6  -18  2 

//Reference=MNI 
//nullstudy_54
//Subjects=19
20  26  4 
-22  64  0 
-20  -26  2 
8  50  18 
8  24  8 
-4  0  44 
-16  -42  -36 
-6  4  12 

//Reference=MNI 
//nullstudy_55
//Subjects=20
-4  -26  -48 
-6  -88  -2 
-54  -18  2 
-14  -36  -36 
-32  40  20 
-12  -10  -14 
-8  -102  -12 
-66  -48  -6 

//Reference=MNI 
//nullstudy_56
//Subjects=19
4  62  34 
-38  40  38 
-64  -2  28 
-56  10  14 
-46  30  12 
-20  -102  0 
-60  -30  -2 
-36  -84  -14 

//Reference=MNI 
//nullstudy_57
//Subjects=20
-66  -8  6 
-22  -70  30 
-30  -74  -22 
-26  -32  -6 
-40  -68  52 
-50  -54  28 
-4  36  36 
-58  -28  14 

//Reference=MNI 
//nullstudy_58
//Subjects=21
-42  0  -22 
-16  -94  -4 
-36  -40  60 
-56  -16  -22 
-52  -20  20 
-32  -90  -14 
28  46  36 
-40  10  -8 

//Reference=MNI 
//nullstudy_59
//Subjects=19
8  14  56 
32  10  64 
-38  8  -24 
-28  -60  -52 
34  28  -2 
-22  -78  10 
-22  -76  -14 
-6  -4  -18 

//Reference=MNI 
//nullstudy_60
//Subjects=20
-34  -50  -2 
-36  24  -30 
-40  -70  -16 
-44  14  -36 
54  42  10 
-12  26  36 
-4  30  36 
28  48  -12 

//Reference=MNI 
//nullstudy_61
//Subjects=20
-18  6  58 
-58  -28  16 
-14  -34  56 
-38  -78  -14 
-36  -70  -32 
-2  -34  28 
-58  -22  4 
42  58  0 

//Reference=MNI 
//nullstudy_62
//Subjects=19
-22  36  52 
-34  -66  8 
46  24  12 
-10  -44  8 
14  36  26 
-26  28  2 
-2  -52  70 
-24  -68  40 

//Reference=MNI 
//nullstudy_63
//Subjects=21
-22  22  -16 
-26  -94  -18 
-14  -26  -22 
-12  -10  50 
-36  -28  -28 
-36  10  -30 
-14  -36  60 
-36  -6  58 

//Reference=MNI 
//nullstudy_64
//Subjects=21
0  2  56 
44  2  -32 
34  2  -40 
-46  -68  -18 
-52  -42  54 
-10  44  0 
-40  -18  0 
-38  -54  40 

//Reference=MNI 
//nullstudy_65
//Subjects=20
6  48  -6 
-54  -68  -8 
-26  -4  -2 
-44  8  -44 
-56  -70  -12 
-16  -6  20 
-18  -62  64 
-14  -24  40 

//Reference=MNI 
//nullstudy_66
//Subjects=20
-32  -18  -8 
4  54  -24 
-12  20  42 
28  36  46 
14  12  -18 
-2  20  4 
-20  20  46 
-48  42  -14 

//Reference=MNI 
//nullstudy_67
//Subjects=20
-20  -44  -40 
16  30  54 
-38  -52  14 
-8  -30  -32 
-42  -16  -42 
10  60  -20 
-32  10  24 
-10  -50  -58 

//Reference=MNI 
//nullstudy_68
//Subjects=21
-44  14  4 
-40  -80  -22 
-10  -40  68 
-34  32  -16 
4  14  0 
-4  -82  -24 
-38  -42  34 
34  30  24 

//Reference=MNI 
//nullstudy_69
//Subjects=21
-26  -62  -34 
-8  -56  -66 
-26  -6  -8 
-2  0  0 
-50  -18  60 
-42  -74  6 
-36  32  16 
-52  -34  -16 

//Reference=MNI 
//nullstudy_70
//Subjects=20
-32  20  2 
-36  36  34 
-2  6  -30 
52  24  28 
-42  -78  -46 
-4  -58  -62 
-2  -66  20 
-26  -80  -52 

//Reference=MNI 
//nullstudy_71
//Subjects=20
-26  56  4 
14  22  62 
-2  40  6 
-4  -68  22 
36  10  8 
-4  42  46 
-12  -68  48 
-28  -10  44 

//Reference=MNI 
//nullstudy_72
//Subjects=20
6  46  44 
-62  -12  8 
-46  6  -4 
-40  -26  8 
-4  -58  -40 
-14  -28  60 
22  50  24 
44  28  -20 

//Reference=MNI 
//nullstudy_73
//Subjects=20
12  40  -18 
-4  -20  -32 
-12  38  20 
-66  -30  -10 
22  6  -38 
-4  -40  20 
-18  34  52 
-46  -16  62 

//Reference=MNI 
//nullstudy_74
//Subjects=20
-38  12  40 
48  16  48 
-24  -40  -50 
28  26  4 
-30  -58  64 
-44  0  -2 
-26  18  -32 
-50  6  44 

//Reference=MNI 
//nullstudy_75
//Subjects=19
-54  -62  8 
36  48  22 
-28  -76  28 
-22  -48  -22 
-26  2  -12 
-10  26  46 
10  6  2 
-20  -52  64 

//Reference=MNI 
//nullstudy_76
//Subjects=20
-16  40  44 
38  4  -42 
-46  26  2 
-34  -90  -22 
2  66  -10 
-28  50  -2 
-20  60  16 
22  10  2 

//Reference=MNI 
//nullstudy_77
//Subjects=21
-66  -34  14 
-48  -20  -34 
-36  -74  14 
24  12  -14 
-62  0  18 
-58  -42  26 
-58  -28  -30 
-32  22  52 

//Reference=MNI 
//nullstudy_78
//Subjects=21
42  20  -28 
20  42  -22 
10  26  46 
-34  50  2 
-12  -24  44 
-44  10  -44 
6  20  22 
-36  52  6 

//Reference=MNI 
//nullstudy_79
//Subjects=18
-40  10  12 
-24  -68  -20 
-4  -82  -2 
8  12  6 
-50  -6  -36 
-18  -22  -16 
-34  -4  -2 
-60  -56  -28 

//Reference=MNI 
//nullstudy_80
//Subjects=20
-28  -54  52 
-2  6  50 
40  20  6 
-14  -48  -18 
-24  2  2 
-26  -32  66 
-16  34  36 
40  56  8 

//Reference=MNI 
//nullstudy_81
//Subjects=20
-56  0  4 
-56  -20  16 
-62  -46  -22 
-38  36  26 
-6  -72  -38 
-50  -38  24 
-36  -48  -28 
-14  10  60 

//Reference=MNI 
//nullstudy_82
//Subjects=20
6  48  -6 
-46  -58  -38 
-30  -6  -48 
-16  -30  68 
-64  -56  10 
-8  -50  -12 
-2  -84  -42 
-30  -74  28 

//Reference=MNI 
//nullstudy_83
//Subjects=22
-16  -74  -28 
-16  -52  12 
-2  26  14 
-10  -82  -20 
-34  -60  40 
-36  -82  -8 
20  18  42 
-2  -24  -12 

//Reference=MNI 
//nullstudy_84
//Subjects=20
-54  -60  -10 
-66  -50  24 
-6  -70  -42 
-56  -56  4 
46  26  -4 
24  16  60 
38  42  -18 
-2  -102  -12 

//Reference=MNI 
//nullstudy_85
//Subjects=19
-44  -78  4 
-58  -16  20 
52  18  -2 
-6  -58  70 
-44  16  46 
-14  -16  -14 
-6  68  12 
34  40  10 

//Reference=MNI 
//nullstudy_86
//Subjects=21
42  60  -6 
-48  -2  44 
-56  -38  36 
26  6  -4 
-56  -36  42 
38  44  14 
-36  26  6 
28  20  2 

//Reference=MNI 
//nullstudy_87
//Subjects=20
10  64  -8 
56  20  34 
-14  -58  36 
-48  -26  22 
-34  -12  14 
-34  40  20 
8  30  -26 
-18  -60  -48 

//Reference=MNI 
//nullstudy_88
//Subjects=19
26  48  -6 
-4  -80  -28 
-50  2  6 
-4  22  -10 
-50  10  22 
-22  -12  58 
-14  -84  20 
2  42  -22 

//Reference=MNI 
//nullstudy_89
//Subjects=19
-12  -46  -60 
12  38  -20 
-8  30  -14 
-48  16  50 
10  50  36 
20  34  -20 
-22  18  -34 
-4  -24  -32 

//Reference=MNI 
//nullstudy_90
//Subjects=20
8  30  56 
46  30  -20 
-4  54  -18 
-56  -66  20 
-20  -38  -20 
-36  -74  44 
-20  54  -18 
-8  -20  52 

//Reference=MNI 
//nullstudy_91
//Subjects=19
-14  -56  62 
-26  60  14 
-60  -56  28 
-14  -50  40 
16  26  64 
-12  -50  74 
8  2  -10 
-12  -74  -50 

//Reference=MNI 
//nullstudy_92
//Subjects=21
-48  -40  6 
-6  60  -4 
-44  8  -44 
-66  -18  0 
-18  38  -22 
-44  6  -28 
-10  -48  -28 
-8  -18  -30 

//Reference=MNI 
//nullstudy_93
//Subjects=20
-34  16  -10 
20  62  -16 
-46  -48  -26 
-48  -46  -32 
44  34  4 
-26  14  46 
-14  -76  -52 
-24  -8  46 

//Reference=MNI 
//nullstudy_94
//Subjects=19
-22  12  -4 
30  4  8 
-38  -20  -18 
20  26  58 
10  40  18 
-32  -40  -12 
-30  14  -42 
52  22  0 

//Reference=MNI 
//nullstudy_95
//Subjects=19
-28  -64  2 
-6  -72  12 
48  30  -16 
40  14  54 
14  12  -28 
-36  30  16 
-14  -56  60 
38  16  34 

//Reference=MNI 
//nullstudy_96
//Subjects=18
-44  -48  38 
-56  22  18 
-54  8  28 
-16  -90  10 
-52  -2  36 
-22  -96  18 
46  24  -12 
40  28  16 

//Reference=MNI 
//nullstudy_97
//Subjects=20
-42  24  4 
62  4  -20 
-16  -12  -16 
-34  34  -12 
-4  -66  -22 
-30  60  6 
-38  -12  42 
-34  32  50 

//Reference=MNI 
//nullstudy_98
//Subjects=21
-52  12  0 
-8  34  18 
-28  44  22 
-42  52  8 
-8  -44  -64 
-6  -74  20 
-38  -84  -6 
-22  44  -14 

//Reference=MNI 
//nullstudy_99
//Subjects=19
-34  48  36 
-32  -98  -6 
-4  0  -8 
-62  -44  -2 
-62  -32  24 
-22  14  56 
-42  -52  -42 
-38  -12  38 

//Reference=MNI 
//nullstudy_100
//Subjects=20
-4  48  44 
-50  -20  2 
-28  -78  -54 
-20  18  40 
36  8  -36 
-18  -94  4 
-64  -20  -16 
-22  -72  18 

