//Reference=MNI 
//truestudy_1
//Subjects=21
45  -66  -7 
46  -65  -5 
46  -67  -6 
47  -67  -6 
46  -65  -5 
47  -66  -5 
47  -66  -8 
47  -69  -7 

//Reference=MNI 
//truestudy_2
//Subjects=19
46  -66  -5 
47  -66  -7 
46  -67  -8 
45  -66  -6 
47  -67  -5 
46  -65  -6 
46  -65  -5 
45  -66  -8 

//Reference=MNI 
//truestudy_3
//Subjects=19
47  -64  -6 
47  -67  -6 
46  -65  -7 
46  -66  -6 
45  -67  -7 
47  -67  -6 
46  -66  -5 
44  -66  -7 

//Reference=MNI 
//nullstudy_1
//Subjects=21
-42  30  -14 
-54  -72  14 
28  26  2 
-54  -42  36 
0  20  30 
14  24  28 
20  8  48 
12  42  28 

//Reference=MNI 
//nullstudy_2
//Subjects=19
-2  -16  34 
-44  -18  40 
-18  -6  -10 
-8  -68  -56 
-48  -12  30 
-56  -70  -4 
-34  -14  6 
26  26  -12 

//Reference=MNI 
//nullstudy_3
//Subjects=19
-32  -56  54 
-48  -22  50 
-62  -4  4 
36  48  2 
-32  -80  -46 
-34  42  42 
-12  6  46 
-26  -78  -44 

//Reference=MNI 
//nullstudy_4
//Subjects=20
-16  10  56 
-4  -96  22 
-64  -42  2 
-26  62  18 
-12  -34  -2 
-34  46  0 
-6  -76  26 
-48  -22  42 

//Reference=MNI 
//nullstudy_5
//Subjects=19
-40  -38  -34 
-18  -100  12 
-14  -70  -60 
-10  -16  -24 
-12  -34  78 
-36  -86  -16 
-22  42  26 
-10  32  20 

//Reference=MNI 
//nullstudy_6
//Subjects=18
-22  -32  76 
-4  -70  -22 
-22  -76  -18 
-12  -2  38 
-12  -40  68 
46  28  46 
0  8  28 
-6  14  -26 

//Reference=MNI 
//nullstudy_7
//Subjects=20
-44  38  -10 
-38  -74  38 
-68  -44  4 
-18  -84  -14 
-38  -80  -22 
-6  32  0 
-4  8  20 
-36  -28  -8 

//Reference=MNI 
//nullstudy_8
//Subjects=21
-36  -76  32 
-68  -12  12 
40  6  6 
38  24  44 
-52  6  -14 
-14  -42  72 
-36  -78  -34 
-50  -42  10 

//Reference=MNI 
//nullstudy_9
//Subjects=20
-34  -40  -52 
-6  60  26 
-60  -22  14 
-12  62  20 
-42  -36  -16 
-6  -66  -44 
-32  -44  -26 
-46  34  4 

//Reference=MNI 
//nullstudy_10
//Subjects=19
-54  22  14 
-42  -72  -52 
-42  10  -32 
-18  -68  -12 
-32  12  64 
-48  -18  -6 
6  26  -20 
-32  -44  -48 

//Reference=MNI 
//nullstudy_11
//Subjects=19
-6  -36  -36 
-44  -64  20 
-16  34  -24 
-32  -52  34 
-34  20  42 
-10  46  -2 
28  2  -6 
-32  20  -6 

//Reference=MNI 
//nullstudy_12
//Subjects=21
-20  -90  -26 
-20  -64  -56 
-26  0  6 
40  22  12 
-26  -42  -10 
36  50  4 
-42  6  4 
62  4  0 

//Reference=MNI 
//nullstudy_13
//Subjects=21
-52  -72  10 
46  22  38 
-18  -68  24 
-48  20  30 
8  20  -12 
-16  -44  42 
-44  -64  -22 
-16  -50  -8 

//Reference=MNI 
//nullstudy_14
//Subjects=21
14  10  68 
-2  -60  32 
-4  -62  -26 
-44  -66  -16 
-38  2  -34 
-18  -60  56 
-56  -42  -12 
-12  18  6 

//Reference=MNI 
//nullstudy_15
//Subjects=21
18  64  -8 
-34  -74  -8 
-46  4  -12 
-42  -10  -34 
-54  40  0 
-24  -26  76 
-8  12  50 
-24  -2  -50 

//Reference=MNI 
//nullstudy_16
//Subjects=20
-50  -48  -22 
-30  -80  -42 
28  22  -20 
64  2  24 
46  4  2 
-26  -88  -12 
-8  34  -30 
-46  -28  38 

//Reference=MNI 
//nullstudy_17
//Subjects=18
-50  -26  14 
22  54  32 
52  20  12 
-32  48  4 
42  2  -24 
20  38  32 
-32  0  52 
-18  -52  -30 

//Reference=MNI 
//nullstudy_18
//Subjects=21
-12  -38  44 
-50  -42  52 
-54  -10  28 
8  38  8 
-8  -48  -64 
40  10  58 
-20  -104  8 
-38  4  -26 

//Reference=MNI 
//nullstudy_19
//Subjects=21
-32  56  -16 
-50  -16  14 
-24  -8  -40 
-30  -46  36 
-32  -74  -18 
-54  -56  -30 
32  34  28 
-48  32  32 

//Reference=MNI 
//nullstudy_20
//Subjects=23
4  56  -10 
20  66  -6 
-26  -60  -26 
-48  -70  -38 
-44  -58  52 
-40  -72  -36 
-36  32  32 
34  36  12 

//Reference=MNI 
//nullstudy_21
//Subjects=20
-4  -66  -54 
-38  22  50 
-30  42  22 
-50  -60  4 
18  48  42 
-28  30  -18 
-26  -68  24 
-34  -18  64 

//Reference=MNI 
//nullstudy_22
//Subjects=20
-16  -62  68 
-26  -80  -2 
44  42  26 
-4  -30  66 
-10  -82  -24 
-24  34  28 
-24  2  -44 
-38  -16  18 

//Reference=MNI 
//nullstudy_23
//Subjects=19
-14  -62  0 
-14  24  -8 
-6  -52  70 
46  10  38 
-28  -86  -8 
-34  24  20 
8  40  22 
0  6  -6 

//Reference=MNI 
//nullstudy_24
//Subjects=20
-32  -26  -10 
24  12  52 
-16  40  -28 
-34  52  -10 
-56  -38  -16 
-24  -28  54 
-6  -80  44 
26  36  -12 

//Reference=MNI 
//nullstudy_25
//Subjects=22
8  2  38 
-52  -30  50 
58  14  -20 
-50  -70  -22 
-2  -16  68 
-44  -12  -32 
0  66  -12 
-28  -18  -28 

//Reference=MNI 
//nullstudy_26
//Subjects=21
-10  52  4 
-38  -22  58 
58  18  6 
42  34  40 
-40  -72  -18 
-30  -38  50 
-38  -60  -2 
-58  18  14 

//Reference=MNI 
//nullstudy_27
//Subjects=20
-24  -8  74 
2  62  -4 
42  2  42 
-40  -44  -34 
-60  0  2 
-10  -20  -42 
-4  -10  -2 
-36  -4  64 

//Reference=MNI 
//nullstudy_28
//Subjects=21
-30  -52  -6 
-66  -14  4 
-20  -54  72 
-28  -80  34 
-18  -26  -4 
-66  -46  -2 
-26  -56  -44 
-24  54  -16 

//Reference=MNI 
//nullstudy_29
//Subjects=19
-62  -20  -20 
-48  -18  -32 
-6  6  52 
62  8  -16 
-48  -78  -18 
-42  -70  -28 
48  20  -12 
-12  -2  -12 

//Reference=MNI 
//nullstudy_30
//Subjects=20
-30  54  2 
-16  -24  8 
-4  -6  60 
-36  -80  26 
-20  60  -6 
4  20  44 
10  38  -14 
-36  38  30 

//Reference=MNI 
//nullstudy_31
//Subjects=19
-22  -90  12 
-32  -80  10 
-32  -10  -50 
-62  2  -24 
-20  -56  -24 
-32  -68  42 
50  22  36 
-12  -32  68 

//Reference=MNI 
//nullstudy_32
//Subjects=21
34  12  26 
-8  -48  -2 
-56  -40  16 
-32  -4  -12 
36  58  -14 
-38  16  10 
-48  8  16 
-26  -14  64 

//Reference=MNI 
//nullstudy_33
//Subjects=21
-16  12  58 
-38  -76  -32 
-6  -22  76 
-56  12  -12 
-56  -66  0 
0  46  -22 
-6  -24  -38 
56  6  6 

//Reference=MNI 
//nullstudy_34
//Subjects=20
56  24  12 
-58  0  30 
-16  -76  -16 
-44  -60  -50 
28  58  22 
-68  -28  -10 
-28  -84  32 
-24  -32  76 

//Reference=MNI 
//nullstudy_35
//Subjects=19
24  52  -6 
-4  -6  30 
-12  -94  18 
20  60  -12 
-12  -102  -6 
4  62  -4 
-30  -10  -16 
-32  30  -20 

//Reference=MNI 
//nullstudy_36
//Subjects=20
-4  -64  -44 
-8  -40  0 
44  12  -8 
42  46  28 
-6  -76  42 
-14  60  32 
-44  42  20 
-12  -4  -8 

//Reference=MNI 
//nullstudy_37
//Subjects=21
-18  -56  -10 
46  2  -30 
-42  -68  -32 
-12  -12  58 
20  56  36 
-66  -50  -12 
-14  -72  46 
-46  -66  -22 

//Reference=MNI 
//nullstudy_38
//Subjects=20
-2  56  4 
-2  50  16 
-32  -78  -42 
-10  -30  10 
-58  0  20 
24  58  -12 
-16  -14  -14 
-14  -52  -30 

//Reference=MNI 
//nullstudy_39
//Subjects=21
50  12  8 
-42  -76  -36 
44  14  -20 
-8  0  76 
28  54  -8 
-12  -34  68 
-38  16  -44 
-38  24  12 

//Reference=MNI 
//nullstudy_40
//Subjects=20
-40  -92  8 
-8  -22  42 
-18  26  50 
-56  -14  46 
4  36  -20 
-12  -48  8 
-10  -100  -2 
-48  -58  -36 

//Reference=MNI 
//nullstudy_41
//Subjects=21
-64  -6  -20 
-46  -22  -14 
-12  -22  64 
-18  -80  -40 
-26  60  14 
-38  -22  68 
-4  48  -24 
-44  -26  -30 

//Reference=MNI 
//nullstudy_42
//Subjects=20
-66  -26  30 
-26  16  44 
-24  30  -20 
48  34  2 
-64  -54  20 
-48  -48  4 
-34  -8  -40 
48  32  8 

//Reference=MNI 
//nullstudy_43
//Subjects=20
-26  -84  12 
-14  -30  78 
22  4  -24 
-4  24  20 
-46  -34  -4 
-18  -30  12 
-30  16  50 
-4  8  -24 

//Reference=MNI 
//nullstudy_44
//Subjects=20
-34  28  50 
-38  -60  36 
38  14  54 
24  32  28 
38  16  48 
-50  -54  -48 
-14  -12  8 
-32  58  20 

//Reference=MNI 
//nullstudy_45
//Subjects=21
-16  -88  -18 
-12  16  62 
6  56  38 
-48  16  36 
-8  -56  6 
-8  -14  60 
-52  -36  10 
-38  -70  32 

//Reference=MNI 
//nullstudy_46
//Subjects=20
-14  -14  -34 
-12  -70  -26 
-46  0  36 
-40  -16  6 
-18  -80  22 
-52  16  -22 
-54  4  28 
-62  -34  38 

//Reference=MNI 
//nullstudy_47
//Subjects=20
2  22  36 
-24  -78  -54 
-18  -56  20 
54  18  34 
46  2  -24 
36  16  -16 
-54  -6  10 
-26  -70  24 

//Reference=MNI 
//nullstudy_48
//Subjects=19
-20  58  -18 
-58  -62  22 
0  8  56 
-26  -42  40 
12  24  28 
-36  -60  10 
-28  54  22 
-2  -40  -28 

//Reference=MNI 
//nullstudy_49
//Subjects=19
-4  -50  18 
18  8  -38 
-4  -86  2 
-36  -72  12 
28  30  38 
-2  -34  -2 
-62  -58  2 
-18  -70  6 

//Reference=MNI 
//nullstudy_50
//Subjects=20
-6  -86  -44 
-26  -4  -20 
-4  -48  34 
40  14  8 
-6  16  52 
-18  56  34 
14  64  -14 
-18  -4  -14 

//Reference=MNI 
//nullstudy_51
//Subjects=20
0  8  18 
46  38  14 
-22  -88  -34 
-4  -84  44 
-16  68  18 
38  52  -18 
10  28  32 
-16  20  6 

//Reference=MNI 
//nullstudy_52
//Subjects=19
-12  -46  56 
12  54  4 
-6  -80  -6 
-64  -46  4 
-46  -26  50 
-50  -34  52 
-34  -84  22 
-10  20  -10 

//Reference=MNI 
//nullstudy_53
//Subjects=20
-6  26  -6 
-48  6  26 
-2  -48  -56 
-12  -20  -32 
10  40  -18 
-4  -94  18 
34  52  4 
-48  20  44 

//Reference=MNI 
//nullstudy_54
//Subjects=19
-6  -14  0 
-6  -36  60 
44  54  6 
-12  -52  -50 
-34  0  40 
8  8  4 
-8  -72  -24 
-38  -42  -44 

//Reference=MNI 
//nullstudy_55
//Subjects=18
-36  -36  38 
-34  -28  -30 
-12  54  30 
28  24  -20 
-30  26  12 
-44  40  4 
-56  -48  8 
-50  -40  56 

//Reference=MNI 
//nullstudy_56
//Subjects=20
0  22  -22 
-30  -66  28 
-6  -48  -22 
-32  -62  48 
52  28  18 
-46  -22  -6 
20  18  -24 
52  6  -36 

//Reference=MNI 
//nullstudy_57
//Subjects=20
-34  -94  -10 
-6  18  12 
16  20  -28 
-36  -68  50 
36  36  -12 
-48  -74  -26 
-50  -18  56 
-4  -84  42 

//Reference=MNI 
//nullstudy_58
//Subjects=21
16  60  0 
-40  -12  -46 
-6  -10  62 
-22  -68  -46 
-16  -2  -36 
-30  -66  -12 
-26  -28  -26 
-8  58  24 

//Reference=MNI 
//nullstudy_59
//Subjects=21
-28  -74  22 
-22  -80  -22 
-6  -80  54 
-62  -2  36 
52  22  -20 
-38  -88  0 
-62  -22  -30 
-12  54  38 

//Reference=MNI 
//nullstudy_60
//Subjects=19
-32  54  8 
-4  -16  60 
-14  -76  -26 
44  26  -20 
-4  -30  -34 
-18  54  -2 
-26  50  -12 
-12  44  40 

//Reference=MNI 
//nullstudy_61
//Subjects=21
-40  46  4 
-14  -26  -28 
-8  14  42 
-52  -38  16 
-40  18  14 
-2  24  -6 
-54  -4  10 
18  38  52 

//Reference=MNI 
//nullstudy_62
//Subjects=20
-28  -42  -10 
-6  54  46 
-22  -36  66 
-42  -74  18 
12  50  14 
-42  -66  42 
-56  -60  -16 
-48  -48  44 

//Reference=MNI 
//nullstudy_63
//Subjects=22
-24  -4  64 
-2  60  12 
14  26  -16 
-46  34  28 
-18  -70  22 
-48  -28  -30 
-38  0  18 
-36  -70  -32 

//Reference=MNI 
//nullstudy_64
//Subjects=19
-48  24  34 
-30  -84  14 
40  36  18 
-36  18  -34 
-20  28  58 
-38  -74  36 
-46  -20  6 
54  6  30 

//Reference=MNI 
//nullstudy_65
//Subjects=21
0  40  -2 
-18  -80  12 
18  36  -18 
-16  -12  22 
-4  26  52 
24  62  -8 
-10  -96  -22 
-14  6  58 

//Reference=MNI 
//nullstudy_66
//Subjects=20
16  40  16 
-48  -22  -28 
-12  -36  -12 
38  16  -38 
-6  4  20 
-32  4  48 
60  2  -34 
-10  -74  -6 

//Reference=MNI 
//nullstudy_67
//Subjects=21
60  2  12 
-52  -36  24 
-54  -70  4 
28  18  -14 
-12  12  36 
-22  -72  14 
0  2  2 
-16  -52  12 

//Reference=MNI 
//nullstudy_68
//Subjects=20
-20  54  -2 
10  14  46 
-4  -42  12 
-20  -34  -24 
12  58  18 
-54  8  -4 
4  50  36 
-8  -44  58 

//Reference=MNI 
//nullstudy_69
//Subjects=20
2  4  4 
4  22  -6 
-22  -58  -30 
10  10  16 
-32  -32  50 
-40  -2  12 
-46  -16  -30 
-52  -68  -10 

//Reference=MNI 
//nullstudy_70
//Subjects=20
-60  16  6 
-8  -36  40 
-2  22  -22 
-2  6  -26 
-18  54  28 
-60  -32  20 
26  2  4 
-10  48  2 

//Reference=MNI 
//nullstudy_71
//Subjects=21
-18  20  56 
24  50  16 
-28  -86  -44 
-8  16  -22 
-16  14  14 
4  40  50 
-6  -82  18 
-30  -70  30 

//Reference=MNI 
//nullstudy_72
//Subjects=20
-2  -32  -4 
-54  -52  -44 
-46  -58  38 
-6  34  8 
0  66  0 
-8  0  -6 
-12  -88  -42 
56  26  -4 

//Reference=MNI 
//nullstudy_73
//Subjects=20
-10  0  -36 
50  18  2 
-56  -42  32 
-30  -8  -20 
20  60  32 
-34  38  -22 
-10  -72  -10 
-16  -76  40 

//Reference=MNI 
//nullstudy_74
//Subjects=20
-46  40  -8 
-38  10  -32 
-8  58  -12 
-2  -46  30 
-10  -50  -64 
38  18  54 
22  54  2 
-12  -22  -2 

//Reference=MNI 
//nullstudy_75
//Subjects=21
-16  22  -10 
-12  -106  2 
-42  -24  62 
-12  -52  -10 
-38  -28  -12 
-8  56  26 
-28  -70  -36 
-38  -20  62 

//Reference=MNI 
//nullstudy_76
//Subjects=19
-24  26  -4 
-34  10  -20 
-44  -2  48 
38  42  36 
-20  -80  -50 
-20  -82  4 
-10  32  58 
-44  -6  32 

//Reference=MNI 
//nullstudy_77
//Subjects=21
-28  12  -26 
-2  -96  20 
-26  38  50 
-52  -74  -22 
-54  12  -4 
-56  -68  -22 
16  60  2 
-40  2  44 

//Reference=MNI 
//nullstudy_78
//Subjects=20
30  26  40 
-10  -46  -28 
-16  -60  -4 
-48  34  30 
-40  16  6 
46  8  -22 
-22  0  -4 
28  24  34 

//Reference=MNI 
//nullstudy_79
//Subjects=20
-46  18  32 
-40  -2  -46 
28  22  -6 
10  62  -6 
-40  -60  -2 
-12  -82  40 
-24  4  0 
-28  -16  -30 

//Reference=MNI 
//nullstudy_80
//Subjects=21
-6  -6  32 
-32  -50  -6 
-36  2  30 
-60  -58  8 
26  34  -18 
-40  -74  42 
-34  -38  -46 
-10  -34  48 

//Reference=MNI 
//nullstudy_81
//Subjects=20
-10  70  6 
-34  -18  -28 
-36  -60  22 
22  14  -46 
-26  -86  14 
-66  -54  6 
-20  -62  14 
34  28  -6 

//Reference=MNI 
//nullstudy_82
//Subjects=20
-66  -4  12 
-58  -66  -2 
-10  -56  58 
-22  -66  -60 
30  2  -4 
-26  -2  44 
-2  -54  0 
-52  -52  38 

//Reference=MNI 
//nullstudy_83
//Subjects=21
-20  -96  -4 
-36  28  20 
-34  -4  -32 
-30  -66  -20 
-6  -82  -34 
-24  -38  4 
-32  -66  -38 
-36  -80  -32 

//Reference=MNI 
//nullstudy_84
//Subjects=20
-14  -26  24 
-22  20  40 
-30  -24  -18 
-56  -40  36 
-40  -52  54 
38  14  52 
-12  50  6 
-36  -64  32 

//Reference=MNI 
//nullstudy_85
//Subjects=20
42  20  -36 
-4  -38  52 
-18  46  32 
-30  -66  26 
-48  -44  -38 
46  22  -18 
8  38  -22 
38  12  58 

//Reference=MNI 
//nullstudy_86
//Subjects=19
-24  -56  -24 
-44  -48  58 
-34  -20  2 
-2  -68  -52 
-2  -38  -54 
-14  -62  66 
-54  18  16 
4  54  -20 

//Reference=MNI 
//nullstudy_87
//Subjects=22
-44  52  14 
-30  38  42 
-4  56  34 
-10  42  -12 
24  58  30 
-44  -12  32 
-20  -74  -40 
-8  -86  12 

//Reference=MNI 
//nullstudy_88
//Subjects=20
-16  20  -28 
-10  14  -6 
-8  -24  -46 
-58  12  6 
40  2  2 
-2  -60  16 
12  10  8 
-58  0  -26 

//Reference=MNI 
//nullstudy_89
//Subjects=19
-8  32  28 
-8  -40  -28 
10  24  -24 
-22  -14  -30 
26  36  -20 
-26  -72  -22 
64  2  0 
-22  22  -18 

//Reference=MNI 
//nullstudy_90
//Subjects=18
-16  -30  26 
-56  -40  18 
-32  -46  0 
-12  -24  -18 
-34  -76  -6 
-18  -58  18 
-38  -76  -6 
-4  62  2 

//Reference=MNI 
//nullstudy_91
//Subjects=20
20  38  -20 
-10  68  -10 
-10  -38  38 
14  2  18 
0  30  -6 
-38  -90  8 
-4  -72  32 
-2  -52  -4 

//Reference=MNI 
//nullstudy_92
//Subjects=19
-22  26  38 
-4  -82  -38 
-50  36  -10 
26  16  58 
-40  -2  -12 
-42  14  44 
-6  -50  14 
-44  -26  66 

//Reference=MNI 
//nullstudy_93
//Subjects=21
-64  -46  14 
8  26  66 
-36  -22  -2 
-44  42  -18 
40  16  -26 
-40  -12  -22 
-10  60  -12 
-26  62  12 

//Reference=MNI 
//nullstudy_94
//Subjects=21
-20  -46  76 
-22  -20  56 
-2  -58  -18 
-46  -44  62 
34  30  -14 
4  52  4 
-38  -72  4 
-2  -34  76 

//Reference=MNI 
//nullstudy_95
//Subjects=19
-4  24  -18 
6  26  26 
-4  -68  52 
-8  -4  -26 
-46  -80  20 
-10  8  -2 
38  10  -36 
-22  -38  76 

//Reference=MNI 
//nullstudy_96
//Subjects=21
36  12  2 
-44  4  48 
-34  -88  -6 
50  14  -38 
10  44  -10 
-30  -52  52 
-36  -26  54 
8  20  -24 

//Reference=MNI 
//nullstudy_97
//Subjects=20
-54  -14  -26 
-38  -84  -8 
34  34  50 
-4  50  -26 
-18  -36  -16 
-66  -24  14 
-32  -4  66 
0  32  10 

//Reference=MNI 
//nullstudy_98
//Subjects=19
22  44  40 
-2  -80  -30 
-34  -78  18 
-4  -20  -24 
-24  -46  -54 
-4  68  -2 
10  44  30 
-2  60  -18 

//Reference=MNI 
//nullstudy_99
//Subjects=21
24  6  -44 
-38  -52  26 
40  30  24 
44  48  -16 
40  24  -28 
-2  -86  -24 
-2  0  68 
-38  2  -10 

//Reference=MNI 
//nullstudy_100
//Subjects=19
30  24  0 
42  40  16 
-32  -82  -2 
-6  -76  12 
-56  2  -18 
-48  -48  -52 
56  10  32 
-42  -24  56 

