//Reference=MNI 
//truestudy_1
//Subjects=11
45  -66  -7 
47  -67  -5 
47  -68  -6 
45  -66  -8 
46  -67  -7 
45  -66  -8 
46  -65  -7 
47  -66  -4 

//Reference=MNI 
//truestudy_2
//Subjects=9
46  -65  -5 
47  -66  -6 
46  -66  -5 
47  -67  -5 
46  -66  -6 
45  -65  -5 
45  -67  -7 
45  -66  -6 

//Reference=MNI 
//truestudy_3
//Subjects=11
47  -67  -4 
46  -66  -8 
47  -67  -5 
47  -68  -7 
46  -64  -6 
46  -64  -5 
48  -66  -5 
47  -66  -8 

//Reference=MNI 
//nullstudy_1
//Subjects=11
-12  -92  -24 
62  4  36 
-32  -14  62 
-36  10  -18 
-18  -34  42 
-64  -22  -20 
36  36  10 
-12  24  32 

//Reference=MNI 
//nullstudy_2
//Subjects=9
-6  32  4 
26  58  18 
-46  22  -16 
0  4  36 
-42  -56  4 
-4  -38  -18 
2  52  -16 
46  4  -42 

//Reference=MNI 
//nullstudy_3
//Subjects=11
-32  -82  30 
-28  -56  12 
-58  -22  42 
34  12  62 
-2  18  44 
-34  22  10 
-4  -14  38 
-24  2  64 

//Reference=MNI 
//nullstudy_4
//Subjects=10
-20  64  -12 
-34  20  22 
-36  2  0 
-54  -34  24 
-12  -56  -38 
-34  -72  50 
-42  -54  22 
36  18  42 

//Reference=MNI 
//nullstudy_5
//Subjects=8
42  50  -10 
-10  -54  30 
-16  -80  12 
-4  44  20 
-24  4  12 
-20  -62  2 
-12  -64  -58 
-44  -56  44 

//Reference=MNI 
//nullstudy_6
//Subjects=10
-50  2  -40 
-8  -54  14 
-12  -48  64 
-64  -30  -10 
-56  -46  -32 
-44  40  0 
-24  -74  56 
-18  0  -12 

//Reference=MNI 
//nullstudy_7
//Subjects=9
52  12  -24 
-6  -60  60 
-52  -20  12 
-66  -10  28 
-36  -66  -14 
28  60  10 
-2  -50  -52 
-26  -60  -64 

//Reference=MNI 
//nullstudy_8
//Subjects=9
-46  -20  50 
-58  -40  24 
-22  -104  -4 
-46  -54  -40 
-60  -6  -18 
58  2  24 
-20  -76  2 
-8  -4  44 

//Reference=MNI 
//nullstudy_9
//Subjects=10
-32  -16  60 
-38  -14  32 
-42  0  62 
-30  46  -16 
-30  -54  -12 
-60  14  2 
-52  -30  34 
12  34  48 

//Reference=MNI 
//nullstudy_10
//Subjects=13
-58  -8  8 
-6  -24  72 
-8  10  -12 
-58  -26  14 
46  24  -18 
-60  -50  -22 
-38  18  -12 
-16  -46  -48 

//Reference=MNI 
//nullstudy_11
//Subjects=12
28  18  54 
-10  -10  6 
0  24  -6 
44  54  -2 
48  16  40 
50  20  18 
-12  -64  42 
42  2  44 

//Reference=MNI 
//nullstudy_12
//Subjects=9
-46  40  -12 
46  28  -18 
-60  14  26 
36  6  44 
-48  16  26 
-4  -24  56 
-50  -2  30 
-42  26  -4 

//Reference=MNI 
//nullstudy_13
//Subjects=8
-52  -60  42 
-20  -68  -52 
-48  26  34 
2  60  -16 
-42  -60  32 
8  10  40 
-30  34  -20 
-30  -6  -26 

//Reference=MNI 
//nullstudy_14
//Subjects=11
-24  38  24 
-8  -60  62 
-64  -14  -24 
34  4  50 
-26  -2  68 
-24  -72  -16 
-18  -86  30 
-16  2  54 

//Reference=MNI 
//nullstudy_15
//Subjects=8
12  50  -18 
-20  20  40 
62  18  16 
-40  -14  -2 
-2  62  -16 
-48  -42  44 
-18  -58  -12 
-38  6  56 

//Reference=MNI 
//nullstudy_16
//Subjects=9
-54  -36  10 
-26  -34  70 
-38  48  22 
-14  -60  -12 
-38  -22  4 
-34  -56  60 
-2  66  -16 
-18  6  24 

//Reference=MNI 
//nullstudy_17
//Subjects=10
12  48  14 
40  38  32 
-14  -34  58 
-50  -80  4 
-34  -48  48 
-32  -42  52 
-16  28  -24 
-20  -62  64 

//Reference=MNI 
//nullstudy_18
//Subjects=10
26  2  44 
-16  -8  56 
-56  0  12 
-14  26  -24 
-12  -78  4 
-10  -48  56 
-36  46  10 
-20  -8  50 

//Reference=MNI 
//nullstudy_19
//Subjects=9
-32  -62  56 
30  28  36 
-6  54  -8 
-4  0  38 
12  10  -30 
4  32  16 
54  26  32 
-28  -58  -50 

//Reference=MNI 
//nullstudy_20
//Subjects=11
-10  -48  26 
-22  -62  -10 
-36  -6  -4 
-56  -54  4 
48  6  54 
-24  -10  -46 
20  68  8 
-46  -76  -6 

//Reference=MNI 
//nullstudy_21
//Subjects=9
-30  34  30 
-54  -34  8 
46  4  40 
56  4  -30 
-22  -50  6 
28  4  46 
6  20  -14 
-2  42  28 

//Reference=MNI 
//nullstudy_22
//Subjects=10
-28  2  -6 
-50  -26  18 
12  28  62 
-46  -58  -24 
-46  38  16 
-34  62  -4 
-4  -86  16 
16  40  46 

//Reference=MNI 
//nullstudy_23
//Subjects=10
-34  -12  44 
-10  42  52 
-44  -6  62 
-16  48  48 
-34  -58  -62 
-4  -4  42 
-18  -60  -28 
-34  -8  -12 

//Reference=MNI 
//nullstudy_24
//Subjects=9
6  30  8 
-18  -62  30 
-60  8  6 
-62  -20  -30 
-34  20  28 
10  40  54 
-2  -2  14 
-20  16  -26 

//Reference=MNI 
//nullstudy_25
//Subjects=11
-46  -56  -56 
12  44  54 
-4  -24  -32 
-24  -8  60 
-40  -68  -18 
-2  -44  -44 
-54  -38  12 
-50  46  -2 

//Reference=MNI 
//nullstudy_26
//Subjects=11
-12  44  6 
-50  -48  -8 
-4  24  58 
-22  -62  -20 
-16  -46  -58 
-70  -28  4 
-36  -4  -8 
-40  -38  66 

//Reference=MNI 
//nullstudy_27
//Subjects=9
-16  -2  -2 
-50  -10  -18 
-4  -34  28 
-32  44  -8 
-18  -36  -22 
-38  22  48 
-12  62  30 
52  14  44 

//Reference=MNI 
//nullstudy_28
//Subjects=9
-12  -32  -2 
-50  -20  28 
-20  24  42 
42  2  -6 
-4  -100  -6 
-4  40  42 
-16  -26  12 
-6  -36  -6 

//Reference=MNI 
//nullstudy_29
//Subjects=10
-14  64  -10 
12  6  54 
-64  -26  38 
-14  -34  -42 
-64  -26  44 
-40  -12  -38 
36  22  2 
24  44  -22 

//Reference=MNI 
//nullstudy_30
//Subjects=10
-46  48  -4 
14  24  54 
-14  -82  36 
-4  38  -28 
-26  -52  6 
-40  -24  40 
-34  -4  12 
8  24  26 

//Reference=MNI 
//nullstudy_31
//Subjects=11
-8  -12  56 
-2  -30  52 
-8  -30  2 
12  60  24 
24  6  -34 
-30  22  -36 
-26  28  -6 
50  28  38 

//Reference=MNI 
//nullstudy_32
//Subjects=8
28  68  0 
-40  -70  -22 
36  22  20 
-36  -4  52 
-62  -20  20 
-6  -72  -10 
-42  -60  -30 
4  36  -24 

//Reference=MNI 
//nullstudy_33
//Subjects=11
-44  -40  28 
-8  -82  -48 
-68  -26  6 
-12  -34  -4 
-8  -36  50 
28  14  -22 
-30  32  -18 
-62  -18  -30 

//Reference=MNI 
//nullstudy_34
//Subjects=10
-18  -74  -34 
2  20  6 
-28  10  -6 
-34  42  32 
-48  -40  44 
-32  42  32 
22  64  -16 
-38  32  38 

//Reference=MNI 
//nullstudy_35
//Subjects=10
-60  14  16 
52  6  -14 
-6  8  2 
40  36  24 
-22  -48  48 
32  28  -6 
-4  -16  30 
-50  -50  36 

//Reference=MNI 
//nullstudy_36
//Subjects=10
-16  -98  6 
-60  -22  -8 
-28  -60  -4 
-42  20  8 
2  56  18 
-26  28  -10 
-48  46  -10 
-40  -14  56 

//Reference=MNI 
//nullstudy_37
//Subjects=10
-40  -78  -34 
-38  -26  10 
-20  -42  -18 
-40  -54  14 
-48  16  -16 
-2  62  -18 
-20  -64  -34 
24  10  -14 

//Reference=MNI 
//nullstudy_38
//Subjects=11
-28  -42  -32 
-70  -30  -8 
-38  -84  16 
58  8  14 
12  36  6 
-34  -22  64 
-2  40  12 
-28  -16  -40 

//Reference=MNI 
//nullstudy_39
//Subjects=8
-32  38  18 
-24  -44  -46 
-6  36  -32 
4  46  4 
-14  -58  8 
-56  -36  2 
-12  -44  36 
4  40  30 

//Reference=MNI 
//nullstudy_40
//Subjects=11
32  32  18 
26  50  -12 
-40  -14  0 
-18  -64  44 
-34  -72  -20 
-18  -66  -14 
26  64  -12 
-16  -26  -34 

//Reference=MNI 
//nullstudy_41
//Subjects=11
-50  20  -22 
18  32  46 
-6  -96  -18 
-30  -78  -24 
-66  -18  -24 
14  20  2 
22  64  2 
-12  -62  58 

//Reference=MNI 
//nullstudy_42
//Subjects=11
-20  -98  -12 
-50  16  36 
-46  -34  36 
-32  -42  48 
-28  30  52 
-24  -66  20 
12  68  4 
-28  -72  -40 

//Reference=MNI 
//nullstudy_43
//Subjects=10
26  6  8 
-38  -34  -18 
12  22  0 
-52  -70  24 
54  24  2 
-40  4  4 
6  52  -22 
-26  66  12 

//Reference=MNI 
//nullstudy_44
//Subjects=12
-62  -36  -4 
2  24  22 
-52  -6  -38 
-44  -38  -32 
-26  -22  58 
-10  62  -20 
-44  -76  14 
-32  46  8 

//Reference=MNI 
//nullstudy_45
//Subjects=10
-24  0  0 
-10  32  18 
-44  -58  34 
62  4  -20 
-18  -42  -58 
-8  -26  10 
-40  -88  4 
-38  -56  -60 

//Reference=MNI 
//nullstudy_46
//Subjects=10
-10  16  -30 
-8  -98  14 
-26  -2  -10 
-28  -66  36 
-24  -66  40 
-34  34  40 
-26  -38  48 
-8  -14  50 

//Reference=MNI 
//nullstudy_47
//Subjects=10
-54  -68  -20 
-10  58  40 
16  12  -36 
-22  -82  -44 
-44  -80  32 
-44  -74  -48 
-54  14  0 
-2  56  4 

//Reference=MNI 
//nullstudy_48
//Subjects=9
22  66  -14 
-36  -8  -42 
-68  -22  24 
-12  -92  -14 
-46  14  42 
-14  -4  -10 
-60  8  20 
-26  -2  44 

//Reference=MNI 
//nullstudy_49
//Subjects=10
-30  -44  -52 
18  18  -30 
-30  22  2 
-28  8  62 
-8  -2  36 
-14  -60  -38 
-18  10  -4 
-18  -46  -6 

//Reference=MNI 
//nullstudy_50
//Subjects=9
-4  -40  8 
-36  -28  -16 
0  28  30 
-2  -6  60 
-6  54  22 
-40  -44  58 
-48  30  -6 
26  2  -26 

//Reference=MNI 
//nullstudy_51
//Subjects=8
20  4  18 
-18  -100  8 
-30  58  18 
-60  -46  40 
-52  -18  14 
-34  62  12 
46  22  -8 
-4  -28  -32 

//Reference=MNI 
//nullstudy_52
//Subjects=10
42  36  22 
-26  0  -40 
-6  -34  -52 
-30  20  -24 
-32  -72  24 
-64  -4  2 
-14  -8  58 
8  44  -18 

//Reference=MNI 
//nullstudy_53
//Subjects=11
-6  -22  -40 
-16  -52  -32 
-68  -42  -2 
-8  -10  2 
36  40  -6 
-12  -54  14 
-16  14  14 
-18  0  60 

//Reference=MNI 
//nullstudy_54
//Subjects=10
-16  -20  -34 
-10  36  24 
-20  -46  -28 
-16  -88  18 
-10  -24  20 
-54  12  -20 
-44  34  34 
18  66  4 

//Reference=MNI 
//nullstudy_55
//Subjects=9
-16  58  -2 
-22  -62  28 
-4  28  12 
50  20  -4 
-4  -54  -42 
36  28  52 
-8  -100  -4 
42  18  4 

//Reference=MNI 
//nullstudy_56
//Subjects=9
-14  -64  -6 
-10  -38  -22 
-28  -66  -48 
-20  -56  48 
28  56  -14 
-12  10  -10 
-28  6  -8 
-46  -72  28 

//Reference=MNI 
//nullstudy_57
//Subjects=9
-6  -16  68 
-42  -80  -42 
-2  -92  8 
-8  -60  -26 
-6  -36  28 
-4  -72  -34 
-18  -58  8 
-28  34  26 

//Reference=MNI 
//nullstudy_58
//Subjects=9
-22  12  -22 
-30  -68  38 
-6  12  -14 
-36  -42  52 
26  26  0 
22  52  -14 
12  56  10 
-36  -52  -44 

//Reference=MNI 
//nullstudy_59
//Subjects=10
-48  -8  28 
-48  -42  -10 
24  4  72 
-2  -32  -16 
-26  -82  -52 
-60  -12  -12 
-22  -92  -24 
4  58  28 

//Reference=MNI 
//nullstudy_60
//Subjects=10
-12  -102  -12 
-12  -76  -24 
50  50  0 
-26  40  28 
-2  -12  34 
-40  -24  -18 
-64  -46  -16 
-24  -6  68 

//Reference=MNI 
//nullstudy_61
//Subjects=9
38  12  34 
-42  -60  -54 
-16  -74  -44 
-10  54  -2 
12  12  -30 
-52  8  -34 
-32  -56  2 
-32  -46  -14 

//Reference=MNI 
//nullstudy_62
//Subjects=9
-20  -26  2 
-46  -56  -22 
-32  -80  40 
-64  -28  28 
20  38  -20 
18  32  -16 
-2  30  32 
-4  58  36 

//Reference=MNI 
//nullstudy_63
//Subjects=11
-48  -76  -10 
-14  -92  -10 
-48  34  -4 
-36  18  -14 
-40  -30  66 
-24  -66  -56 
-38  2  -40 
-28  -46  -28 

//Reference=MNI 
//nullstudy_64
//Subjects=10
-32  -56  4 
-32  -6  50 
-20  62  14 
-50  -48  28 
-38  -60  -24 
-14  -78  26 
-24  38  -14 
-44  -36  -16 

//Reference=MNI 
//nullstudy_65
//Subjects=9
-4  -74  16 
-32  -82  -38 
-6  -42  42 
-10  -100  6 
-40  -46  -14 
-10  -68  4 
-26  -8  -38 
34  2  -14 

//Reference=MNI 
//nullstudy_66
//Subjects=11
-22  -58  40 
40  16  50 
36  28  26 
54  10  -22 
-2  30  24 
-34  -82  6 
-18  -32  -10 
42  26  -28 

//Reference=MNI 
//nullstudy_67
//Subjects=10
-16  -68  -42 
-56  -38  12 
-12  -12  46 
4  26  40 
-6  12  30 
-20  -30  54 
-32  12  34 
-52  -40  34 

//Reference=MNI 
//nullstudy_68
//Subjects=11
-18  10  -44 
-2  -26  58 
-8  62  -12 
-20  -76  -38 
-38  -74  24 
-54  -2  22 
52  36  -10 
-10  -58  18 

//Reference=MNI 
//nullstudy_69
//Subjects=8
-26  6  64 
-8  -48  32 
32  30  30 
-32  -70  -36 
-28  -58  4 
-28  -80  4 
-44  28  22 
-62  -44  -14 

//Reference=MNI 
//nullstudy_70
//Subjects=10
-10  -56  42 
32  18  8 
10  18  -16 
-48  -14  -40 
-10  -44  -24 
-6  20  -12 
-46  52  4 
-50  -14  48 

//Reference=MNI 
//nullstudy_71
//Subjects=10
6  6  74 
-8  -34  -38 
-46  -78  10 
30  14  -36 
-24  -90  -12 
14  40  42 
-32  -66  -6 
-6  -62  -48 

//Reference=MNI 
//nullstudy_72
//Subjects=11
-2  -8  48 
-22  4  -38 
-34  -66  54 
-66  -10  14 
-54  10  -24 
-48  26  -4 
-46  -6  -16 
-32  -4  -38 

//Reference=MNI 
//nullstudy_73
//Subjects=11
-54  -6  22 
56  26  6 
32  12  -30 
-10  -86  -40 
-4  16  38 
-12  -32  -38 
6  28  58 
-6  26  -28 

//Reference=MNI 
//nullstudy_74
//Subjects=12
-46  18  -14 
-34  -68  18 
56  4  -30 
-58  -64  -26 
-40  -26  40 
28  64  12 
48  12  10 
-60  -18  8 

//Reference=MNI 
//nullstudy_75
//Subjects=11
-8  -86  8 
-26  -38  44 
-38  46  34 
-24  -92  -22 
-44  -52  24 
0  62  16 
-2  -46  -20 
46  38  -8 

//Reference=MNI 
//nullstudy_76
//Subjects=9
-68  -10  -14 
-22  18  46 
0  54  6 
-54  -42  -18 
-22  -70  -8 
-2  -26  -4 
-42  20  16 
-50  18  -16 

//Reference=MNI 
//nullstudy_77
//Subjects=10
-16  -20  -18 
-14  -16  10 
-4  -66  16 
-26  -42  -24 
-50  -54  -20 
26  16  50 
-36  50  -18 
46  32  -20 

//Reference=MNI 
//nullstudy_78
//Subjects=9
-36  10  42 
-24  24  -4 
-22  20  -22 
-40  -52  -40 
34  22  58 
2  22  32 
-20  38  52 
-54  -22  42 

//Reference=MNI 
//nullstudy_79
//Subjects=10
-48  16  18 
-38  -4  16 
-26  50  -16 
-8  -38  56 
-22  6  50 
-50  16  10 
-60  -26  32 
-50  40  6 

//Reference=MNI 
//nullstudy_80
//Subjects=11
-34  24  56 
-52  -2  -44 
-42  54  -2 
58  4  18 
-12  -100  -16 
30  16  -26 
22  30  42 
-24  -36  56 

//Reference=MNI 
//nullstudy_81
//Subjects=9
-28  20  62 
-12  -66  40 
48  2  -44 
-16  -92  -18 
-18  -36  -38 
-6  -4  62 
2  34  50 
-2  -28  50 

//Reference=MNI 
//nullstudy_82
//Subjects=10
22  48  32 
-2  -48  -24 
-4  38  -6 
50  14  -12 
-20  -74  -58 
-18  -88  6 
-54  -40  -18 
-36  -82  -10 

//Reference=MNI 
//nullstudy_83
//Subjects=8
38  38  12 
-12  -52  28 
-52  -34  58 
-30  -88  -16 
-36  -94  8 
-22  -54  12 
-38  20  52 
8  42  -26 

//Reference=MNI 
//nullstudy_84
//Subjects=9
-2  -50  30 
-54  -66  -24 
-8  46  24 
-20  -2  48 
-20  14  48 
-22  -32  -42 
32  8  32 
-38  -38  52 

//Reference=MNI 
//nullstudy_85
//Subjects=12
-2  24  28 
-16  -18  -8 
-54  -42  8 
-54  -8  6 
-64  -22  12 
-28  -26  12 
-12  -62  12 
-40  -58  18 

//Reference=MNI 
//nullstudy_86
//Subjects=8
-64  -54  -16 
-20  2  -12 
32  12  30 
24  4  2 
52  12  8 
-30  -24  64 
40  8  54 
18  12  -38 

//Reference=MNI 
//nullstudy_87
//Subjects=12
-2  24  -20 
38  32  28 
-22  -78  18 
-56  0  -18 
-30  -34  66 
-22  18  -28 
0  48  14 
32  12  32 

//Reference=MNI 
//nullstudy_88
//Subjects=11
-28  -6  -42 
-48  -18  22 
-2  -6  -4 
-22  -68  -28 
-22  -26  -18 
2  14  70 
-46  -58  8 
-20  16  -12 

//Reference=MNI 
//nullstudy_89
//Subjects=11
-26  6  -36 
50  16  38 
-30  -40  48 
-14  -28  50 
-56  6  16 
-62  -28  40 
-22  -50  -18 
36  18  -18 

//Reference=MNI 
//nullstudy_90
//Subjects=9
-14  -52  -2 
-32  -50  40 
-56  -54  20 
-26  -88  6 
-16  -78  -54 
44  54  2 
-18  58  -10 
-18  -44  -44 

//Reference=MNI 
//nullstudy_91
//Subjects=10
-50  14  -12 
30  54  2 
-2  -2  70 
-6  -10  8 
44  30  28 
-20  48  16 
-52  32  -6 
14  36  12 

//Reference=MNI 
//nullstudy_92
//Subjects=9
22  26  42 
-18  10  54 
-64  -8  32 
-40  6  52 
-18  -8  -40 
46  34  4 
46  42  18 
-34  -80  -20 

//Reference=MNI 
//nullstudy_93
//Subjects=11
36  22  54 
-34  30  16 
-24  40  -22 
-54  -32  34 
22  2  8 
-20  56  8 
-16  -34  -34 
-20  40  -18 

//Reference=MNI 
//nullstudy_94
//Subjects=10
-62  -26  8 
-48  -24  20 
-38  -56  52 
-22  -50  8 
-2  -48  -28 
-38  -58  -16 
2  64  -14 
-12  -72  0 

//Reference=MNI 
//nullstudy_95
//Subjects=11
-8  -86  36 
-44  -42  46 
-38  -74  0 
-12  -20  18 
-26  -58  -48 
-30  24  26 
-2  32  -16 
-10  16  36 

//Reference=MNI 
//nullstudy_96
//Subjects=12
-26  0  -22 
-36  -62  -46 
64  8  0 
-6  -10  78 
-56  -2  -32 
-52  22  6 
-6  -18  32 
-30  -22  62 

//Reference=MNI 
//nullstudy_97
//Subjects=11
-32  -16  56 
32  8  -30 
46  8  20 
-62  -12  6 
44  16  48 
-24  4  -18 
-66  -10  -8 
-2  -66  -46 

//Reference=MNI 
//nullstudy_98
//Subjects=10
-44  0  26 
-8  -54  4 
-32  44  4 
32  38  -10 
6  38  0 
24  56  18 
-60  -10  22 
-2  -38  -18 

//Reference=MNI 
//nullstudy_99
//Subjects=8
-12  -52  58 
-18  50  -22 
-8  -56  -14 
0  44  30 
2  24  -22 
44  8  -8 
-20  64  8 
10  40  8 

//Reference=MNI 
//nullstudy_100
//Subjects=11
-6  66  20 
-62  -26  26 
-4  8  66 
-20  -68  56 
-48  -6  -28 
-40  -52  40 
18  14  68 
-28  60  22 

