//Reference=MNI 
//truestudy_1
//Subjects=19
45  -67  -6 
46  -67  -5 
46  -65  -7 
45  -67  -4 
45  -67  -7 
46  -67  -6 
47  -64  -6 
46  -65  -8 

//Reference=MNI 
//truestudy_2
//Subjects=20
45  -67  -5 
47  -64  -7 
46  -67  -6 
47  -64  -7 
46  -67  -7 
44  -65  -6 
45  -67  -6 
45  -67  -6 

//Reference=MNI 
//truestudy_3
//Subjects=20
45  -67  -4 
47  -66  -6 
45  -65  -5 
45  -67  -6 
47  -66  -6 
46  -66  -6 
45  -68  -6 
45  -64  -6 

//Reference=MNI 
//nullstudy_1
//Subjects=19
-48  -16  -18 
-56  -44  -10 
-28  20  12 
-42  6  -18 
-2  60  -18 
-40  -90  -6 
-2  -46  46 
-26  6  -8 

//Reference=MNI 
//nullstudy_2
//Subjects=20
-18  62  -12 
-68  -20  28 
14  46  16 
-44  -48  18 
-2  -54  4 
-24  -50  -62 
42  24  -24 
-34  -38  -8 

//Reference=MNI 
//nullstudy_3
//Subjects=20
-30  -48  -18 
-56  -58  44 
18  34  -18 
-18  -84  -36 
-14  -84  32 
-42  -8  14 
-48  16  -18 
-30  16  -10 

//Reference=MNI 
//nullstudy_4
//Subjects=20
36  56  -10 
-2  -96  -6 
-12  58  0 
-48  -74  12 
14  62  -10 
-8  8  8 
-40  -60  -28 
-36  -36  60 

//Reference=MNI 
//nullstudy_5
//Subjects=20
-66  -28  0 
-26  -22  50 
-66  -26  -28 
32  8  -12 
-50  4  2 
-6  -58  -44 
-12  52  -12 
0  48  0 

//Reference=MNI 
//nullstudy_6
//Subjects=20
18  20  58 
18  26  44 
-8  -60  20 
-30  6  -44 
50  14  -16 
6  46  14 
-38  -64  -22 
-14  -82  -36 

//Reference=MNI 
//nullstudy_7
//Subjects=20
12  8  56 
26  44  24 
-44  14  -10 
-22  -54  46 
-4  58  16 
-50  14  34 
-34  -72  44 
52  12  26 

//Reference=MNI 
//nullstudy_8
//Subjects=20
-64  -16  30 
-22  -60  -50 
30  16  -42 
2  40  -24 
-52  6  -14 
-40  10  56 
-14  44  20 
-24  -68  56 

//Reference=MNI 
//nullstudy_9
//Subjects=19
-24  -90  2 
-16  10  10 
-2  -36  -52 
-26  20  -10 
34  4  6 
22  30  60 
-18  36  48 
62  6  -18 

//Reference=MNI 
//nullstudy_10
//Subjects=20
-42  24  44 
46  34  8 
-34  20  42 
-26  0  46 
-24  -50  14 
48  30  -4 
26  26  38 
-42  28  40 

//Reference=MNI 
//nullstudy_11
//Subjects=20
-16  -46  -44 
-44  -52  -14 
-28  -76  -54 
-38  -32  -18 
-36  -64  36 
-28  -34  -26 
-28  4  44 
-6  28  46 

//Reference=MNI 
//nullstudy_12
//Subjects=22
-66  -20  -8 
10  40  -16 
-48  10  -14 
18  48  4 
32  10  54 
-12  -28  8 
22  58  26 
-22  -16  50 

//Reference=MNI 
//nullstudy_13
//Subjects=21
-4  -60  -20 
-30  14  10 
52  10  48 
-68  -26  14 
-8  -56  -64 
-8  -74  -18 
0  68  16 
-26  -72  58 

//Reference=MNI 
//nullstudy_14
//Subjects=20
-20  -64  -22 
-28  -74  38 
-30  -12  68 
-20  10  70 
44  20  -20 
66  2  24 
-14  -52  -22 
-2  -30  50 

//Reference=MNI 
//nullstudy_15
//Subjects=19
-14  -54  -38 
-2  -8  64 
38  18  38 
-56  -12  42 
-12  4  -2 
-22  -24  74 
-42  26  32 
-46  -4  -40 

//Reference=MNI 
//nullstudy_16
//Subjects=21
-46  -28  52 
56  12  2 
-20  44  -12 
-2  -16  -16 
-34  -58  56 
-12  34  56 
36  54  28 
-10  -88  -12 

//Reference=MNI 
//nullstudy_17
//Subjects=21
-30  -66  -14 
26  12  48 
38  10  36 
-36  26  -6 
-2  -14  14 
-42  -58  18 
-18  16  -4 
-68  -20  0 

//Reference=MNI 
//nullstudy_18
//Subjects=20
12  18  4 
-46  -74  36 
-22  -70  36 
32  8  -10 
54  8  -4 
-2  20  4 
-18  -36  -26 
40  36  -16 

//Reference=MNI 
//nullstudy_19
//Subjects=20
14  40  18 
-24  -30  -40 
16  8  66 
-26  58  18 
-4  -12  46 
-4  -52  4 
38  36  -22 
-16  8  -42 

//Reference=MNI 
//nullstudy_20
//Subjects=19
40  46  -10 
-24  38  30 
-4  -50  60 
-28  20  0 
-36  -80  -36 
0  10  72 
-16  -68  -4 
-34  -60  -60 

//Reference=MNI 
//nullstudy_21
//Subjects=21
6  62  -2 
-4  34  54 
-12  -68  12 
30  42  16 
22  2  72 
-50  -50  18 
10  56  0 
-22  54  20 

//Reference=MNI 
//nullstudy_22
//Subjects=20
-26  40  22 
-2  26  -20 
-16  42  54 
-6  -94  -2 
-14  -20  -4 
-16  -16  64 
26  48  34 
-22  -28  76 

//Reference=MNI 
//nullstudy_23
//Subjects=21
12  38  -16 
40  18  -42 
54  26  20 
-40  42  -2 
-20  -48  -6 
-48  -8  40 
-66  -36  -22 
-30  -16  58 

//Reference=MNI 
//nullstudy_24
//Subjects=20
-42  -4  62 
-42  -90  -8 
-8  -68  -8 
-66  -14  -26 
18  66  20 
-40  -28  14 
-40  -12  2 
-32  34  12 

//Reference=MNI 
//nullstudy_25
//Subjects=19
-16  -54  -16 
-42  8  58 
42  8  2 
14  62  -2 
-22  -76  34 
-60  -28  16 
-28  -54  -8 
-46  -46  28 

//Reference=MNI 
//nullstudy_26
//Subjects=18
-40  -10  -28 
-4  -56  26 
6  64  20 
-48  -4  4 
-68  -38  0 
42  34  34 
-24  -70  -38 
-30  -36  72 

//Reference=MNI 
//nullstudy_27
//Subjects=20
-20  -90  -30 
-16  -88  -28 
-44  -22  10 
-20  30  46 
0  32  -8 
42  30  32 
-36  -38  -28 
22  16  -44 

//Reference=MNI 
//nullstudy_28
//Subjects=20
-40  8  6 
-56  -2  16 
58  26  26 
-14  -52  -20 
-2  8  -6 
22  42  24 
-32  6  10 
38  32  26 

//Reference=MNI 
//nullstudy_29
//Subjects=20
-2  -86  26 
-16  -66  -56 
-12  40  -16 
-16  -32  40 
-20  -42  -24 
-30  -6  -40 
-2  -40  -48 
-52  -56  42 

//Reference=MNI 
//nullstudy_30
//Subjects=20
8  52  20 
34  48  28 
-48  4  -2 
-12  -32  -42 
0  20  -4 
0  16  4 
-22  28  -16 
-30  -4  66 

//Reference=MNI 
//nullstudy_31
//Subjects=19
-16  22  -26 
-8  -54  66 
-12  16  16 
-2  -12  -24 
-52  6  -2 
-8  62  -4 
-40  -68  26 
-28  -2  -16 

//Reference=MNI 
//nullstudy_32
//Subjects=20
-46  -78  24 
-34  -40  40 
-30  -12  58 
-34  58  -4 
-14  -90  -24 
-56  -40  34 
-14  -90  -18 
4  34  22 

//Reference=MNI 
//nullstudy_33
//Subjects=20
62  4  -6 
18  2  64 
-54  -54  44 
-18  34  34 
0  38  40 
-8  28  -26 
-8  -68  32 
-26  -50  4 

//Reference=MNI 
//nullstudy_34
//Subjects=21
-8  -90  -22 
2  36  18 
-10  -28  66 
-36  20  -18 
-36  6  42 
-10  -84  -6 
-6  26  20 
16  66  24 

//Reference=MNI 
//nullstudy_35
//Subjects=19
-36  -86  -26 
-26  -10  -8 
-2  -62  62 
20  24  -26 
-50  -56  40 
42  4  -42 
-6  64  -14 
-6  -60  -30 

//Reference=MNI 
//nullstudy_36
//Subjects=20
44  2  56 
-14  -82  -14 
-2  -72  38 
-38  28  14 
34  36  48 
0  4  0 
-38  8  46 
-2  -46  38 

//Reference=MNI 
//nullstudy_37
//Subjects=21
-28  -86  -32 
36  60  -10 
48  24  44 
-36  14  -16 
62  6  4 
-38  -36  62 
-24  -68  60 
-16  2  58 

//Reference=MNI 
//nullstudy_38
//Subjects=20
34  30  4 
26  16  -42 
36  20  6 
-44  48  20 
-18  16  -30 
-28  -22  -20 
-12  -28  40 
-24  64  10 

//Reference=MNI 
//nullstudy_39
//Subjects=19
-4  6  34 
-38  -42  -54 
-16  -4  -26 
-24  -72  10 
-10  18  52 
-60  -18  10 
-4  -68  -26 
-2  -34  -50 

//Reference=MNI 
//nullstudy_40
//Subjects=20
-26  -42  -28 
-8  -70  -28 
-28  -78  -20 
-58  -30  40 
26  28  34 
-36  52  24 
-32  -52  54 
-38  -76  -32 

//Reference=MNI 
//nullstudy_41
//Subjects=19
-18  4  -32 
-2  -56  -58 
-44  -42  6 
-38  -66  -24 
58  6  38 
-22  -60  -20 
20  48  20 
-16  -8  -20 

//Reference=MNI 
//nullstudy_42
//Subjects=20
52  20  -6 
-60  -40  20 
-54  -44  6 
-54  -46  4 
-28  -16  -8 
-34  -76  -22 
16  8  -2 
-20  -42  -44 

//Reference=MNI 
//nullstudy_43
//Subjects=19
40  28  22 
-10  62  22 
4  32  -12 
-40  14  54 
-4  -16  68 
46  2  0 
-30  -4  62 
34  52  30 

//Reference=MNI 
//nullstudy_44
//Subjects=20
-62  -54  12 
-12  -86  -28 
4  4  68 
-26  28  46 
-38  -56  0 
14  18  32 
-10  -16  78 
-42  -16  2 

//Reference=MNI 
//nullstudy_45
//Subjects=19
-38  -8  42 
-60  -56  -10 
-26  -60  -46 
-20  -62  2 
4  36  48 
-62  -56  18 
28  64  -14 
-62  -50  40 

//Reference=MNI 
//nullstudy_46
//Subjects=20
-58  -70  4 
20  66  20 
-12  -50  52 
-22  -78  6 
-10  -14  -2 
-38  -64  -20 
-24  -50  -18 
40  16  42 

//Reference=MNI 
//nullstudy_47
//Subjects=20
-44  6  56 
-38  -48  50 
20  44  24 
-2  -100  2 
-44  -56  26 
-56  -2  14 
-58  -12  4 
-62  -54  8 

//Reference=MNI 
//nullstudy_48
//Subjects=19
38  10  4 
-42  -88  12 
34  6  44 
-28  -70  24 
-4  -18  48 
-30  44  16 
-32  62  10 
-14  -48  -6 

//Reference=MNI 
//nullstudy_49
//Subjects=21
-26  50  40 
-32  -72  28 
-34  -92  -22 
-54  0  -10 
22  52  -14 
38  54  0 
-26  -78  -26 
-26  6  52 

//Reference=MNI 
//nullstudy_50
//Subjects=21
40  14  -44 
48  36  -8 
-4  -52  -22 
-2  -64  -16 
-20  64  18 
44  28  26 
-30  -38  -10 
-12  -16  28 

//Reference=MNI 
//nullstudy_51
//Subjects=21
-12  -38  46 
46  18  14 
-8  -38  -36 
-16  20  58 
-10  -80  30 
-56  0  -36 
-54  -42  -10 
-24  -34  -40 

//Reference=MNI 
//nullstudy_52
//Subjects=20
-24  38  38 
-42  -42  -28 
20  56  -4 
-14  4  -38 
-12  -92  0 
24  70  8 
14  26  -22 
-68  -24  0 

//Reference=MNI 
//nullstudy_53
//Subjects=20
-4  36  -16 
-40  38  26 
-34  -92  -8 
6  20  58 
-58  -18  30 
-6  -12  -22 
-12  -88  -28 
-26  8  42 

//Reference=MNI 
//nullstudy_54
//Subjects=18
-44  -40  22 
-60  -40  50 
-22  62  -12 
-34  0  6 
-34  -36  -32 
-16  -56  -56 
-50  8  -6 
6  64  26 

//Reference=MNI 
//nullstudy_55
//Subjects=20
-28  -2  -10 
-50  -26  46 
-46  0  30 
4  50  -16 
-22  -50  12 
-18  -80  -42 
-28  30  48 
34  32  26 

//Reference=MNI 
//nullstudy_56
//Subjects=20
-56  -64  6 
-24  -30  -22 
20  32  -16 
24  34  56 
30  10  -48 
-14  -82  30 
-62  -58  24 
-46  -64  -18 

//Reference=MNI 
//nullstudy_57
//Subjects=20
-54  -36  28 
-44  38  6 
-18  -70  40 
-32  12  52 
-52  -24  -20 
-8  10  14 
12  66  24 
-4  28  -20 

//Reference=MNI 
//nullstudy_58
//Subjects=22
-54  -56  30 
-6  20  50 
-24  -88  -16 
-26  -56  -58 
-20  -20  -28 
-48  30  4 
12  34  48 
14  4  10 

//Reference=MNI 
//nullstudy_59
//Subjects=20
-18  10  64 
8  10  74 
-34  -92  16 
-32  38  -22 
-10  -56  -54 
-48  38  6 
-66  -26  -6 
-46  -20  -26 

//Reference=MNI 
//nullstudy_60
//Subjects=19
-32  40  8 
-22  -38  58 
44  12  -28 
-24  4  -8 
-42  -70  -12 
-30  -82  -32 
-32  -54  -14 
-4  54  22 

//Reference=MNI 
//nullstudy_61
//Subjects=20
-24  -88  24 
-16  -32  -12 
54  8  48 
-46  14  2 
-8  24  26 
16  58  10 
14  46  -24 
-12  2  72 

//Reference=MNI 
//nullstudy_62
//Subjects=22
-28  -66  -18 
-16  -86  -26 
-30  14  -12 
-2  -44  -54 
-6  -40  -16 
-22  -78  -2 
-28  4  -50 
-6  2  54 

//Reference=MNI 
//nullstudy_63
//Subjects=20
-8  20  0 
-10  -92  -26 
-8  -42  28 
12  18  54 
-8  -78  -14 
-32  -44  -30 
-20  42  48 
44  24  -4 

//Reference=MNI 
//nullstudy_64
//Subjects=22
30  24  44 
-32  40  34 
-56  20  -2 
40  34  4 
4  20  -22 
-8  34  26 
-58  -2  22 
42  6  -14 

//Reference=MNI 
//nullstudy_65
//Subjects=21
-58  0  -2 
10  42  -6 
44  10  -14 
-42  -46  64 
16  20  8 
-20  -84  38 
-2  -8  48 
-28  -84  -12 

//Reference=MNI 
//nullstudy_66
//Subjects=18
-46  -74  -14 
-32  -48  48 
-38  -90  -20 
-42  -44  16 
-16  2  -8 
14  52  -16 
-2  -2  50 
-32  -72  34 

//Reference=MNI 
//nullstudy_67
//Subjects=20
-68  -18  -14 
-8  -26  -38 
-46  -56  -56 
-50  -76  -12 
34  50  16 
4  42  -32 
38  22  -2 
-16  -28  -6 

//Reference=MNI 
//nullstudy_68
//Subjects=20
-38  2  -22 
-8  -50  40 
-48  -26  64 
-42  -4  8 
-4  -74  -30 
-36  -36  60 
-36  -6  -36 
-44  28  -10 

//Reference=MNI 
//nullstudy_69
//Subjects=22
-54  -38  16 
-12  -2  -26 
-40  -46  46 
-64  -56  4 
50  32  0 
-24  -58  36 
12  66  0 
-16  -102  -2 

//Reference=MNI 
//nullstudy_70
//Subjects=19
-6  -72  28 
-18  -30  -20 
30  14  -28 
-54  -36  -22 
6  68  -4 
-12  -24  34 
-42  30  18 
48  12  -24 

//Reference=MNI 
//nullstudy_71
//Subjects=19
-38  -22  -28 
-56  -36  14 
-22  -98  -8 
-50  -66  12 
-12  -86  6 
-4  38  38 
-16  60  -8 
-2  18  -8 

//Reference=MNI 
//nullstudy_72
//Subjects=20
-34  -84  -4 
42  16  -30 
38  14  -42 
-4  0  64 
-6  26  22 
34  4  66 
-6  -8  60 
-32  -28  -16 

//Reference=MNI 
//nullstudy_73
//Subjects=21
-12  10  6 
-30  -80  -46 
44  34  -2 
-22  -48  -58 
-36  24  12 
-40  32  -18 
50  4  4 
22  24  34 

//Reference=MNI 
//nullstudy_74
//Subjects=21
-10  -30  -36 
-32  -30  -10 
-46  -46  -16 
42  18  44 
-34  -2  56 
-4  -72  -28 
-42  -62  -6 
-52  -14  42 

//Reference=MNI 
//nullstudy_75
//Subjects=19
-30  32  -18 
-42  -70  0 
-44  -64  10 
2  40  42 
-20  46  34 
-22  8  44 
54  16  24 
40  48  -12 

//Reference=MNI 
//nullstudy_76
//Subjects=21
-58  -52  32 
-6  -52  16 
-42  -36  14 
-20  -4  -12 
-38  -72  48 
-42  -76  22 
40  2  -32 
28  14  62 

//Reference=MNI 
//nullstudy_77
//Subjects=20
-10  -36  64 
-50  26  0 
22  20  50 
-44  -8  -4 
-2  -56  -20 
22  8  50 
2  6  18 
-24  -10  52 

//Reference=MNI 
//nullstudy_78
//Subjects=18
-24  -56  -30 
-10  -14  78 
-36  -76  -26 
-30  -84  2 
-44  -32  -26 
22  24  36 
4  34  -26 
32  4  -46 

//Reference=MNI 
//nullstudy_79
//Subjects=21
-18  2  -18 
12  14  -4 
10  22  60 
-16  -20  18 
-54  -2  34 
-52  34  22 
34  8  32 
-20  58  -6 

//Reference=MNI 
//nullstudy_80
//Subjects=18
-36  -10  -48 
56  14  10 
-28  48  4 
-28  -10  -4 
-30  6  -26 
34  18  28 
-42  -36  24 
10  50  4 

//Reference=MNI 
//nullstudy_81
//Subjects=18
-36  32  30 
16  56  32 
-36  -78  6 
22  34  50 
-8  -82  -48 
-46  -12  48 
26  30  46 
-16  -70  -36 

//Reference=MNI 
//nullstudy_82
//Subjects=19
-42  -38  66 
-12  -24  -30 
14  46  10 
-10  30  28 
-52  -30  -26 
62  4  -20 
-14  -106  -6 
48  44  18 

//Reference=MNI 
//nullstudy_83
//Subjects=18
18  40  56 
-42  46  -16 
16  58  28 
-10  -58  40 
-24  -48  12 
-8  20  58 
-10  22  36 
-12  -82  -10 

//Reference=MNI 
//nullstudy_84
//Subjects=22
-30  -54  -52 
54  4  -10 
-10  -68  18 
-58  -34  2 
-32  -14  -30 
-40  40  4 
-44  2  38 
30  20  -44 

//Reference=MNI 
//nullstudy_85
//Subjects=20
-54  4  -24 
0  58  6 
-50  -64  -30 
22  8  60 
22  44  28 
-50  8  26 
32  6  -30 
-50  -60  -30 

//Reference=MNI 
//nullstudy_86
//Subjects=19
4  10  58 
-28  6  2 
-42  -58  48 
-24  -16  -22 
-52  -24  -30 
6  42  14 
34  20  58 
-6  52  32 

//Reference=MNI 
//nullstudy_87
//Subjects=20
-32  18  4 
-36  -16  -40 
-2  -40  48 
-22  14  4 
-58  12  10 
4  48  44 
-26  50  -12 
-44  -6  58 

//Reference=MNI 
//nullstudy_88
//Subjects=20
36  44  12 
-42  -32  -20 
-26  -74  -6 
-26  18  -36 
2  50  46 
-6  70  16 
32  44  -20 
-52  -64  18 

//Reference=MNI 
//nullstudy_89
//Subjects=19
-6  10  18 
-14  68  -4 
-34  -64  42 
-12  -12  -14 
-64  -22  32 
-24  6  64 
-44  -62  52 
-22  -80  -8 

//Reference=MNI 
//nullstudy_90
//Subjects=20
-6  -30  64 
-20  -34  -8 
-50  22  24 
-24  -60  6 
-58  -54  30 
10  46  18 
-42  -26  -30 
-44  -30  -20 

//Reference=MNI 
//nullstudy_91
//Subjects=19
40  12  -40 
22  16  -26 
-36  26  -32 
52  18  24 
-20  50  8 
10  6  64 
50  20  -6 
-68  -42  22 

//Reference=MNI 
//nullstudy_92
//Subjects=20
-52  -30  16 
-34  50  -14 
-34  -12  -22 
14  8  -16 
-26  22  62 
-6  -46  66 
-46  -54  6 
-16  -22  22 

//Reference=MNI 
//nullstudy_93
//Subjects=20
-36  -32  -8 
-8  16  10 
-42  24  40 
-32  -42  -8 
-12  -56  14 
4  50  -4 
-32  -90  4 
-64  -34  0 

//Reference=MNI 
//nullstudy_94
//Subjects=21
-18  -4  -6 
32  34  34 
12  14  40 
-8  66  18 
-18  -68  10 
-38  -72  14 
18  66  6 
-46  40  -20 

//Reference=MNI 
//nullstudy_95
//Subjects=20
-30  -16  0 
-28  -60  -20 
-6  -4  2 
-6  26  -18 
-58  10  -12 
-6  -46  66 
-10  8  -2 
-66  -46  12 

//Reference=MNI 
//nullstudy_96
//Subjects=21
52  36  10 
4  14  -22 
-8  -32  54 
34  4  -24 
-18  -50  70 
22  52  14 
24  8  58 
-26  -52  -56 

//Reference=MNI 
//nullstudy_97
//Subjects=18
-26  -34  72 
-30  2  68 
-2  -88  -18 
-46  -54  -52 
-46  -48  58 
-20  -68  6 
-10  -20  -8 
26  18  -42 

//Reference=MNI 
//nullstudy_98
//Subjects=22
-6  -2  54 
-40  2  4 
-48  -44  -48 
-60  0  -22 
-14  -88  -28 
-36  -84  12 
8  20  70 
30  12  -36 

//Reference=MNI 
//nullstudy_99
//Subjects=19
-8  12  16 
0  8  28 
-4  -40  -30 
-34  -54  48 
-68  -28  10 
-48  16  38 
4  54  28 
-18  -50  -4 

//Reference=MNI 
//nullstudy_100
//Subjects=20
-38  -46  -12 
6  38  46 
-2  -42  -12 
-34  22  -32 
-26  -50  -58 
18  20  68 
-22  -74  -56 
38  46  -20 

