//Reference=MNI 
//truestudy_1
//Subjects=10
45  -65  -6 
45  -65  -6 
48  -65  -7 
45  -66  -5 
46  -63  -7 
47  -65  -7 
46  -66  -5 
49  -67  -6 

//Reference=MNI 
//truestudy_2
//Subjects=8
47  -66  -6 
47  -68  -7 
46  -67  -6 
48  -64  -5 
46  -67  -5 
48  -67  -7 
46  -64  -5 
46  -66  -6 

//Reference=MNI 
//truestudy_3
//Subjects=10
46  -67  -8 
46  -66  -4 
47  -67  -6 
46  -67  -5 
46  -64  -5 
47  -67  -6 
46  -67  -5 
46  -67  -7 

//Reference=MNI 
//nullstudy_1
//Subjects=10
-22  -64  -44 
24  2  -12 
-42  -24  42 
-2  -62  -22 
-10  58  -6 
-10  -72  42 
-32  26  30 
-34  10  64 

//Reference=MNI 
//nullstudy_2
//Subjects=8
-12  -92  24 
-10  -10  52 
30  56  24 
-30  -22  52 
-8  66  10 
-2  -50  32 
-8  -16  16 
40  38  -6 

//Reference=MNI 
//nullstudy_3
//Subjects=10
-54  -4  16 
-48  -2  28 
-16  46  34 
-46  20  -16 
-4  20  4 
-38  -34  62 
-2  2  -14 
-56  -16  -16 

//Reference=MNI 
//nullstudy_4
//Subjects=9
-60  -50  -14 
-8  36  4 
-36  18  -6 
42  36  18 
42  28  34 
52  30  4 
6  6  0 
6  20  30 

//Reference=MNI 
//nullstudy_5
//Subjects=10
14  22  -16 
-18  -4  -28 
-22  -24  -4 
-58  -36  46 
-18  6  -46 
-36  -32  -26 
-22  -76  -6 
56  16  16 

//Reference=MNI 
//nullstudy_6
//Subjects=9
4  42  -22 
-44  -22  -20 
-62  -8  -2 
-62  -2  20 
4  14  22 
-6  20  44 
-12  24  -20 
16  52  0 

//Reference=MNI 
//nullstudy_7
//Subjects=9
40  44  26 
-24  -84  -20 
-4  52  -6 
-46  28  6 
-16  18  4 
-26  -76  -48 
-52  -32  12 
-10  -66  24 

//Reference=MNI 
//nullstudy_8
//Subjects=10
-40  38  -16 
-4  -36  -52 
-26  0  -26 
-36  -66  56 
40  32  32 
-42  -58  16 
38  44  14 
-42  -42  50 

//Reference=MNI 
//nullstudy_9
//Subjects=8
-4  -36  72 
-6  52  30 
-2  -90  10 
-16  -26  -20 
-38  -64  40 
24  46  18 
-32  22  56 
-32  60  2 

//Reference=MNI 
//nullstudy_10
//Subjects=9
-2  -28  36 
20  8  -8 
-34  -62  -16 
-50  22  36 
-20  -10  -38 
16  68  -4 
30  10  0 
-2  -58  46 

//Reference=MNI 
//nullstudy_11
//Subjects=12
-52  8  26 
-60  -38  -12 
-26  -74  -36 
-58  -26  42 
-26  -64  -6 
-2  -40  -46 
6  2  -2 
22  16  4 

//Reference=MNI 
//nullstudy_12
//Subjects=12
-46  -26  50 
-8  -22  -4 
-38  -30  62 
44  14  -14 
6  40  18 
-20  40  36 
0  22  36 
-6  -84  -40 

//Reference=MNI 
//nullstudy_13
//Subjects=11
-14  -78  16 
20  8  2 
-60  12  8 
-16  -22  24 
-52  -50  20 
-44  -24  44 
32  14  64 
-46  -84  -10 

//Reference=MNI 
//nullstudy_14
//Subjects=9
-36  -66  6 
-16  -48  -60 
-36  -32  12 
12  10  -26 
14  48  38 
-6  -80  40 
-14  62  24 
-2  -26  26 

//Reference=MNI 
//nullstudy_15
//Subjects=9
-56  -38  52 
0  16  68 
-4  -96  24 
42  32  36 
6  60  -2 
-6  -20  -26 
-62  -48  0 
-28  32  32 

//Reference=MNI 
//nullstudy_16
//Subjects=10
-28  2  -14 
-4  -12  4 
-30  -44  -28 
-16  -22  26 
-30  -80  -40 
-42  42  26 
36  24  -12 
48  44  -12 

//Reference=MNI 
//nullstudy_17
//Subjects=11
20  30  44 
-16  -26  16 
-50  -34  -6 
-68  -48  8 
30  10  30 
38  4  -16 
-26  -64  -12 
-26  -54  14 

//Reference=MNI 
//nullstudy_18
//Subjects=10
-12  -56  -62 
-50  10  42 
0  34  10 
-62  -42  -20 
34  20  36 
-16  2  26 
44  6  24 
12  56  28 

//Reference=MNI 
//nullstudy_19
//Subjects=10
-36  -22  66 
-24  14  62 
-48  -46  -12 
58  4  -6 
18  66  2 
-26  -40  6 
-14  -40  68 
-4  0  66 

//Reference=MNI 
//nullstudy_20
//Subjects=10
-2  -4  48 
-58  -8  -20 
-34  -42  54 
-22  18  -38 
-36  8  -46 
0  2  4 
-44  -58  -44 
-2  40  14 

//Reference=MNI 
//nullstudy_21
//Subjects=13
-28  -52  70 
-12  44  28 
-8  -72  10 
-4  38  6 
4  26  44 
-40  -12  46 
-4  20  -26 
10  46  4 

//Reference=MNI 
//nullstudy_22
//Subjects=10
-6  34  44 
-40  -48  14 
10  38  36 
-8  2  20 
-4  30  40 
-48  -32  48 
-50  -10  46 
-38  -8  44 

//Reference=MNI 
//nullstudy_23
//Subjects=10
-22  -36  -44 
-28  8  66 
-52  -16  -14 
-2  18  0 
56  24  26 
-10  -48  72 
-54  10  2 
-4  -74  16 

//Reference=MNI 
//nullstudy_24
//Subjects=9
4  54  12 
-22  -80  52 
-46  16  -14 
-8  20  48 
34  30  16 
-34  -38  42 
-8  -34  38 
8  2  72 

//Reference=MNI 
//nullstudy_25
//Subjects=10
-2  38  2 
-14  -18  4 
-2  2  -14 
-10  70  -4 
38  38  28 
4  36  8 
-26  56  16 
56  12  -30 

//Reference=MNI 
//nullstudy_26
//Subjects=10
-32  28  42 
-56  -10  8 
52  2  -28 
-34  -68  32 
-28  -44  58 
-30  -62  58 
56  4  44 
30  2  -4 

//Reference=MNI 
//nullstudy_27
//Subjects=10
-42  -28  60 
46  48  -6 
-62  -36  14 
-20  -74  12 
10  8  0 
6  46  28 
54  42  2 
54  2  22 

//Reference=MNI 
//nullstudy_28
//Subjects=12
-34  -86  24 
18  18  16 
18  4  -32 
-44  -54  6 
26  26  40 
-24  -78  -26 
-6  22  0 
-30  20  8 

//Reference=MNI 
//nullstudy_29
//Subjects=10
12  16  6 
-6  -16  -28 
-50  -70  -18 
-56  -54  -14 
-38  -60  -58 
-18  60  -8 
-38  10  -14 
-44  26  40 

//Reference=MNI 
//nullstudy_30
//Subjects=9
-10  -92  24 
-12  -28  6 
-10  -54  -8 
-24  -22  70 
-16  -56  -34 
-38  10  -2 
-52  -54  16 
-14  -10  64 

//Reference=MNI 
//nullstudy_31
//Subjects=10
-40  -8  -46 
-24  -66  -16 
-20  -50  -22 
-20  54  28 
38  26  -24 
-38  8  60 
-24  -92  -34 
-12  30  30 

//Reference=MNI 
//nullstudy_32
//Subjects=9
0  12  4 
-46  -36  -24 
12  58  8 
-8  -70  10 
24  14  68 
-38  -10  42 
-14  -68  -4 
-2  -60  64 

//Reference=MNI 
//nullstudy_33
//Subjects=10
-4  -26  66 
-26  34  36 
-42  16  44 
-36  0  -32 
34  44  14 
-54  14  -14 
-40  -38  -28 
12  20  -26 

//Reference=MNI 
//nullstudy_34
//Subjects=9
-22  -68  22 
-36  -8  -36 
42  42  10 
8  48  44 
-54  -66  -30 
-24  -38  68 
-54  -10  -22 
10  4  74 

//Reference=MNI 
//nullstudy_35
//Subjects=12
6  48  28 
-6  -62  -34 
8  28  26 
-16  -56  -58 
20  50  16 
-22  0  4 
26  68  4 
-32  -56  -12 

//Reference=MNI 
//nullstudy_36
//Subjects=11
-52  -46  -14 
-44  -8  -2 
-50  -60  -46 
-42  26  18 
-46  -22  32 
26  54  34 
6  44  36 
38  6  4 

//Reference=MNI 
//nullstudy_37
//Subjects=11
-46  -6  12 
-62  -34  0 
-20  -14  -18 
-14  -20  64 
-2  -42  -34 
42  14  20 
-20  56  16 
-10  14  38 

//Reference=MNI 
//nullstudy_38
//Subjects=10
8  64  -16 
-30  -46  58 
-28  8  -42 
-24  20  62 
-4  26  58 
36  6  -40 
-8  -72  -22 
52  42  2 

//Reference=MNI 
//nullstudy_39
//Subjects=9
-62  -20  -12 
-2  -28  -6 
18  40  -16 
-6  24  52 
-20  30  -20 
44  12  -4 
-44  -16  32 
-52  0  -6 

//Reference=MNI 
//nullstudy_40
//Subjects=12
26  46  20 
-60  -52  2 
-20  36  26 
50  16  -6 
30  54  28 
-70  -22  0 
36  14  -12 
-38  -28  20 

//Reference=MNI 
//nullstudy_41
//Subjects=10
-30  64  8 
24  20  62 
-44  -72  32 
-64  -50  14 
22  60  26 
-40  44  32 
-16  -20  2 
32  58  -8 

//Reference=MNI 
//nullstudy_42
//Subjects=10
-2  -18  36 
-34  -6  -4 
-4  -16  -36 
28  26  56 
-6  -36  -30 
-44  -62  -6 
24  18  64 
30  4  0 

//Reference=MNI 
//nullstudy_43
//Subjects=9
-28  -26  72 
36  16  62 
-4  -8  8 
-56  18  30 
-38  4  0 
-56  -54  10 
-52  -32  34 
-40  26  4 

//Reference=MNI 
//nullstudy_44
//Subjects=10
-38  52  8 
-14  -26  -16 
48  14  26 
-6  -102  18 
-40  0  10 
-30  -86  -44 
6  42  -4 
-24  -20  -22 

//Reference=MNI 
//nullstudy_45
//Subjects=9
-4  -70  -26 
-4  -58  20 
28  38  -18 
-6  68  14 
-50  12  -30 
-34  -38  52 
-42  6  10 
-54  6  -18 

//Reference=MNI 
//nullstudy_46
//Subjects=11
-56  24  20 
-44  -36  48 
-54  4  46 
-16  -74  -24 
-34  -20  -24 
36  14  36 
38  20  -30 
-12  -96  0 

//Reference=MNI 
//nullstudy_47
//Subjects=9
-18  -68  8 
-46  -66  12 
-30  -78  -24 
-42  44  -8 
-22  -78  -18 
-34  14  -22 
-30  -58  48 
-28  -82  -52 

//Reference=MNI 
//nullstudy_48
//Subjects=11
-2  20  66 
-4  20  0 
-58  -42  42 
-20  -42  4 
0  30  -14 
-62  0  2 
-26  -100  0 
-34  -4  46 

//Reference=MNI 
//nullstudy_49
//Subjects=9
-20  6  -32 
-46  14  46 
4  24  44 
-24  6  8 
-62  -32  -18 
-6  38  14 
-6  60  -10 
-40  42  22 

//Reference=MNI 
//nullstudy_50
//Subjects=10
-20  14  -40 
-40  -88  -18 
-54  -60  -34 
0  28  10 
-22  -64  60 
-38  -40  60 
-22  40  50 
-54  24  10 

//Reference=MNI 
//nullstudy_51
//Subjects=9
-46  -6  10 
32  26  -16 
2  6  64 
-48  2  -38 
-36  20  20 
-8  -68  -14 
-40  -72  -12 
22  40  22 

//Reference=MNI 
//nullstudy_52
//Subjects=10
-28  32  -2 
0  26  -20 
56  2  34 
-6  -14  18 
10  10  74 
-16  6  -44 
-48  36  2 
56  2  18 

//Reference=MNI 
//nullstudy_53
//Subjects=11
-34  -56  -46 
24  54  -8 
46  18  16 
40  24  32 
-46  -24  26 
-56  -16  -10 
-4  -66  14 
-12  16  -20 

//Reference=MNI 
//nullstudy_54
//Subjects=10
16  40  50 
-22  34  -16 
-4  -98  16 
-56  -22  30 
30  20  -8 
-8  -20  68 
-10  42  12 
-50  -10  26 

//Reference=MNI 
//nullstudy_55
//Subjects=10
-4  -40  68 
-8  -24  -36 
-2  4  -30 
-16  -28  64 
-46  -28  38 
-32  -6  -30 
8  30  28 
-60  -26  48 

//Reference=MNI 
//nullstudy_56
//Subjects=10
-36  20  46 
-20  -70  0 
20  66  -2 
12  36  -4 
-36  -80  -26 
-24  18  46 
-34  22  -32 
-58  -56  30 

//Reference=MNI 
//nullstudy_57
//Subjects=11
-40  -18  48 
-8  -68  42 
-48  -16  52 
-4  4  62 
-28  -72  50 
-56  0  -32 
-12  10  34 
-44  32  36 

//Reference=MNI 
//nullstudy_58
//Subjects=11
44  2  24 
-16  -64  -8 
-54  14  30 
-4  -62  -32 
-6  -8  58 
-8  48  -16 
-22  62  -18 
-32  -90  14 

//Reference=MNI 
//nullstudy_59
//Subjects=12
-32  26  -6 
-26  -38  -42 
-26  44  10 
-58  -38  -2 
4  48  42 
18  4  -10 
-32  -50  -44 
24  54  16 

//Reference=MNI 
//nullstudy_60
//Subjects=7
16  28  58 
38  2  -8 
44  38  30 
-22  -74  48 
-34  -50  -16 
-24  42  18 
-14  -64  2 
-62  -36  0 

//Reference=MNI 
//nullstudy_61
//Subjects=10
-26  -88  34 
22  54  -10 
-12  -54  -26 
-22  -30  8 
-66  -44  -2 
36  28  16 
50  38  24 
-12  -98  6 

//Reference=MNI 
//nullstudy_62
//Subjects=11
2  14  52 
-12  -66  -36 
-12  -84  -26 
12  68  22 
-20  -58  -50 
-38  -62  -2 
-50  -46  -48 
22  4  70 

//Reference=MNI 
//nullstudy_63
//Subjects=10
-26  -68  -2 
-20  6  -6 
-30  38  12 
-6  -80  46 
-16  46  36 
-26  60  26 
-18  2  24 
-18  -46  -36 

//Reference=MNI 
//nullstudy_64
//Subjects=10
0  8  48 
-20  -100  -8 
-22  38  50 
-12  26  -20 
-60  -60  12 
54  24  38 
-46  32  16 
-4  26  32 

//Reference=MNI 
//nullstudy_65
//Subjects=10
-34  -26  -12 
-16  -62  18 
-12  18  0 
-36  40  36 
-32  -18  56 
12  2  70 
-32  26  -26 
46  38  18 

//Reference=MNI 
//nullstudy_66
//Subjects=9
0  24  34 
-48  8  -22 
-48  -34  4 
-2  -102  -10 
-18  -50  66 
-10  -62  68 
-24  20  60 
-20  -24  58 

//Reference=MNI 
//nullstudy_67
//Subjects=10
-24  -8  -50 
-62  -24  46 
20  56  -12 
22  10  -44 
42  18  -18 
22  56  8 
-20  -42  74 
20  34  34 

//Reference=MNI 
//nullstudy_68
//Subjects=9
-36  8  14 
-62  -48  24 
12  56  36 
-10  -62  20 
18  56  26 
32  2  60 
-12  -80  52 
20  56  28 

//Reference=MNI 
//nullstudy_69
//Subjects=11
-32  -48  4 
4  52  -18 
-16  -52  38 
-64  -50  -2 
-34  -82  -48 
-48  -26  30 
-58  -44  16 
-46  -52  20 

//Reference=MNI 
//nullstudy_70
//Subjects=10
-2  -84  32 
-26  -36  54 
-4  2  -4 
-4  -20  50 
-14  -66  -22 
-22  10  70 
-28  -46  58 
32  58  14 

//Reference=MNI 
//nullstudy_71
//Subjects=10
-24  -16  70 
-40  -50  30 
22  68  -8 
-26  -86  22 
-46  22  -4 
-22  -32  -42 
-14  40  8 
34  44  18 

//Reference=MNI 
//nullstudy_72
//Subjects=9
-12  46  -12 
-24  -48  62 
-20  -90  -22 
36  24  58 
4  18  -14 
-8  66  -18 
12  34  -22 
-6  -24  18 

//Reference=MNI 
//nullstudy_73
//Subjects=11
16  14  60 
-40  -30  6 
-42  -14  4 
-26  48  -20 
-48  -38  62 
50  10  14 
-32  24  -14 
-28  -58  -26 

//Reference=MNI 
//nullstudy_74
//Subjects=12
-26  -62  10 
-8  -92  -26 
-18  24  52 
-8  -64  -38 
-22  4  -4 
34  12  -34 
-14  -98  12 
-50  28  26 

//Reference=MNI 
//nullstudy_75
//Subjects=10
-50  -10  -40 
-40  2  6 
-16  -58  -18 
-2  -54  36 
-68  -40  2 
-2  38  -6 
16  14  0 
-8  -50  -54 

//Reference=MNI 
//nullstudy_76
//Subjects=8
-6  -86  2 
-8  -4  70 
-40  -44  -22 
-26  30  -10 
52  22  -8 
-30  -82  -18 
-46  -58  -38 
-46  2  0 

//Reference=MNI 
//nullstudy_77
//Subjects=9
30  40  12 
-2  -26  0 
-42  -48  8 
-48  6  -26 
-42  10  58 
-36  -36  52 
-20  -6  76 
-32  -10  -32 

//Reference=MNI 
//nullstudy_78
//Subjects=10
-24  -70  12 
-12  -84  46 
52  10  -6 
26  24  -28 
-30  -14  70 
-56  20  16 
10  54  -2 
-50  -46  -36 

//Reference=MNI 
//nullstudy_79
//Subjects=11
-2  -66  -36 
-28  8  10 
22  14  48 
-4  -22  62 
28  42  48 
-2  -8  18 
-16  -60  -36 
10  46  16 

//Reference=MNI 
//nullstudy_80
//Subjects=10
42  30  6 
-32  36  -20 
-14  -54  -6 
-60  4  4 
-54  -6  -40 
32  14  60 
20  70  -6 
-6  -44  68 

//Reference=MNI 
//nullstudy_81
//Subjects=8
10  4  -20 
32  4  44 
-44  -58  54 
44  28  -20 
-38  -60  16 
-40  -22  10 
-16  8  18 
-48  -52  48 

//Reference=MNI 
//nullstudy_82
//Subjects=9
-36  18  -18 
44  52  4 
-20  -88  -40 
-52  -50  14 
-38  -60  -10 
8  58  -6 
-48  -38  38 
-16  40  34 

//Reference=MNI 
//nullstudy_83
//Subjects=11
-10  -22  4 
-12  -66  -38 
-42  -10  38 
-48  -44  -48 
-20  0  -36 
-18  -50  -40 
-10  -40  4 
2  62  16 

//Reference=MNI 
//nullstudy_84
//Subjects=9
-18  -6  -46 
-10  -36  -52 
-24  -36  72 
48  14  52 
48  2  32 
-24  -78  14 
56  10  -14 
-26  -6  4 

//Reference=MNI 
//nullstudy_85
//Subjects=9
-4  -74  -36 
30  6  68 
-40  60  2 
-4  -52  18 
-2  -96  -14 
-62  4  -8 
26  48  30 
26  16  -46 

//Reference=MNI 
//nullstudy_86
//Subjects=9
10  30  14 
-56  -48  48 
-46  42  -18 
-24  -46  -6 
46  4  36 
-52  -48  28 
-48  -34  52 
-4  4  44 

//Reference=MNI 
//nullstudy_87
//Subjects=10
36  32  -12 
-22  66  18 
26  10  -30 
-58  -24  6 
-44  -60  -24 
-22  50  16 
30  52  34 
-8  -60  24 

//Reference=MNI 
//nullstudy_88
//Subjects=11
-40  -2  10 
-20  -4  54 
-32  6  -48 
-60  -16  -8 
-12  24  -16 
-34  -50  -34 
-36  4  62 
-14  8  -18 

//Reference=MNI 
//nullstudy_89
//Subjects=11
-38  -12  16 
36  62  -4 
-62  -58  -10 
-34  -66  58 
48  30  8 
-10  52  -22 
50  24  30 
40  4  -30 

//Reference=MNI 
//nullstudy_90
//Subjects=10
-8  -10  14 
-42  -66  -26 
-34  22  24 
-28  -28  74 
-18  -86  12 
-6  -40  4 
-26  22  4 
-38  0  -20 

//Reference=MNI 
//nullstudy_91
//Subjects=9
-12  -40  -14 
-50  -2  -30 
-6  -90  -18 
-22  -6  54 
-14  -62  -34 
4  14  -10 
-14  -14  26 
-10  50  -16 

//Reference=MNI 
//nullstudy_92
//Subjects=8
-38  -6  20 
40  2  -16 
-32  52  28 
-54  -58  42 
44  10  40 
-28  -54  -58 
-40  12  12 
-50  16  22 

//Reference=MNI 
//nullstudy_93
//Subjects=9
-46  -64  -32 
-10  -42  -60 
30  34  36 
20  6  20 
2  6  26 
16  42  -22 
-10  -86  -16 
-12  -76  -14 

//Reference=MNI 
//nullstudy_94
//Subjects=10
-64  -18  34 
-58  -8  44 
8  52  30 
-8  12  46 
-16  -30  6 
18  8  -10 
-38  -40  18 
-6  54  -28 

//Reference=MNI 
//nullstudy_95
//Subjects=11
38  8  6 
26  28  30 
-62  -6  10 
-12  56  -4 
-16  -56  26 
-20  -68  42 
-40  46  -10 
40  18  -14 

//Reference=MNI 
//nullstudy_96
//Subjects=9
-8  -102  -12 
-8  -60  -2 
-26  -66  -28 
50  32  -2 
-12  2  -32 
16  2  -2 
-22  -100  -10 
-14  -100  -10 

//Reference=MNI 
//nullstudy_97
//Subjects=10
54  4  -6 
-12  -42  2 
0  20  50 
-28  14  44 
-46  -34  14 
-48  -30  16 
-4  -44  -4 
-58  -64  4 

//Reference=MNI 
//nullstudy_98
//Subjects=11
14  54  24 
42  10  -42 
36  38  30 
-48  44  -10 
-26  -52  4 
-52  -68  -32 
42  46  12 
8  12  -14 

//Reference=MNI 
//nullstudy_99
//Subjects=10
-34  4  34 
-52  20  -6 
-8  -86  -16 
-20  -4  -6 
22  16  44 
52  12  -10 
-62  -54  -18 
-22  -70  -30 

//Reference=MNI 
//nullstudy_100
//Subjects=9
34  28  0 
8  38  14 
-52  -8  -24 
-34  6  34 
-30  -60  -14 
-18  -80  6 
-54  -54  -8 
-12  -32  76 

