//Reference=MNI 
//truestudy_1
//Subjects=21
46  -65  -7 
46  -65  -7 
45  -65  -9 
46  -65  -7 
46  -65  -6 
45  -66  -6 
45  -65  -6 
46  -64  -6 

//Reference=MNI 
//truestudy_2
//Subjects=21
45  -65  -7 
48  -67  -6 
47  -65  -6 
48  -68  -4 
45  -65  -4 
47  -66  -7 
46  -66  -5 
47  -67  -7 

//Reference=MNI 
//truestudy_3
//Subjects=20
46  -68  -6 
45  -67  -6 
46  -67  -6 
45  -65  -7 
46  -66  -5 
46  -67  -6 
45  -65  -6 
47  -66  -5 

//Reference=MNI 
//nullstudy_1
//Subjects=21
-12  16  14 
30  66  -8 
-24  60  -8 
-22  -32  -6 
50  38  6 
-36  -10  -50 
-52  8  -16 
-4  -82  0 

//Reference=MNI 
//nullstudy_2
//Subjects=21
46  4  -36 
10  24  68 
-6  -66  66 
-24  -2  52 
-26  10  -42 
-40  14  44 
14  38  16 
-8  -78  44 

//Reference=MNI 
//nullstudy_3
//Subjects=20
-20  -8  -10 
12  10  -30 
-2  -54  -64 
-10  38  46 
-62  6  2 
-50  -48  -18 
-12  -34  -4 
8  50  -6 

//Reference=MNI 
//nullstudy_4
//Subjects=20
-14  50  14 
-30  18  62 
18  58  8 
-30  -50  -42 
-44  -44  40 
-48  -58  22 
-56  -66  -26 
-62  4  20 

//Reference=MNI 
//nullstudy_5
//Subjects=21
-34  -54  64 
-16  -36  -16 
-4  -50  -12 
-6  64  26 
-40  12  12 
-34  -74  52 
-44  -6  44 
-18  -20  66 

//Reference=MNI 
//nullstudy_6
//Subjects=22
-40  -58  -6 
-40  -20  52 
-52  26  8 
22  28  46 
-48  -24  40 
-58  -44  8 
-2  -64  30 
-42  -14  40 

//Reference=MNI 
//nullstudy_7
//Subjects=19
0  56  10 
-30  -10  46 
-46  -14  12 
-58  -68  -12 
-12  -80  -8 
-34  -42  -30 
-2  -48  30 
-36  -60  54 

//Reference=MNI 
//nullstudy_8
//Subjects=19
-64  -40  -12 
-30  -42  -48 
-34  -88  -30 
-8  20  12 
-28  44  34 
16  28  6 
-22  -64  -36 
-50  -8  -6 

//Reference=MNI 
//nullstudy_9
//Subjects=20
-22  -12  -22 
-54  -70  -6 
-10  -90  32 
38  4  -16 
-56  -52  42 
-30  62  -10 
46  6  4 
-14  -14  46 

//Reference=MNI 
//nullstudy_10
//Subjects=19
-50  -2  48 
2  38  16 
30  66  4 
10  8  4 
-36  -60  -8 
-12  -18  10 
-22  -60  -64 
-46  -52  32 

//Reference=MNI 
//nullstudy_11
//Subjects=19
24  52  8 
-22  -22  -22 
-46  -66  -20 
-34  -48  -28 
14  2  44 
-6  -54  -40 
50  16  -14 
-8  -10  -32 

//Reference=MNI 
//nullstudy_12
//Subjects=21
-64  -6  12 
-8  62  8 
46  12  6 
-14  50  14 
-48  16  10 
-46  -52  -24 
-30  62  -8 
-46  -24  42 

//Reference=MNI 
//nullstudy_13
//Subjects=21
-44  42  -2 
-28  -28  -22 
-16  -54  -16 
-56  4  22 
42  26  38 
-12  62  10 
8  6  44 
-20  -74  42 

//Reference=MNI 
//nullstudy_14
//Subjects=20
-2  -66  -56 
-38  -64  -28 
-38  -60  -20 
14  2  60 
8  46  32 
8  38  2 
-6  -38  -54 
8  44  24 

//Reference=MNI 
//nullstudy_15
//Subjects=20
22  58  18 
-6  58  4 
-36  -16  12 
-30  -12  -38 
-12  -6  58 
-38  24  16 
-56  8  -6 
-24  20  -32 

//Reference=MNI 
//nullstudy_16
//Subjects=20
-30  -2  -38 
-40  26  -12 
10  14  -2 
12  50  18 
50  30  -14 
-28  -62  6 
-2  -44  48 
-4  -68  46 

//Reference=MNI 
//nullstudy_17
//Subjects=21
-6  36  -28 
26  4  -6 
-10  28  58 
-42  -64  36 
12  12  -6 
-26  12  -22 
-48  -58  24 
-2  22  22 

//Reference=MNI 
//nullstudy_18
//Subjects=21
-36  -90  4 
-18  54  -14 
-30  -50  40 
-40  -58  -4 
-10  18  42 
-18  10  -18 
-46  -34  10 
14  24  60 

//Reference=MNI 
//nullstudy_19
//Subjects=21
-2  -102  2 
-2  -66  -38 
-10  -36  -4 
-26  -94  8 
8  6  30 
-30  -80  -42 
-22  -42  -2 
-12  -46  42 

//Reference=MNI 
//nullstudy_20
//Subjects=20
-30  12  -38 
14  26  34 
-62  -24  26 
-38  -2  -20 
-52  36  22 
-22  -72  58 
-34  -90  -18 
-20  -74  -16 

//Reference=MNI 
//nullstudy_21
//Subjects=20
-50  -64  28 
-12  -92  -18 
-34  -66  32 
12  12  58 
-30  -4  50 
-38  -8  20 
14  32  50 
-12  54  -22 

//Reference=MNI 
//nullstudy_22
//Subjects=22
-28  -62  28 
-20  -66  12 
-32  -34  -24 
42  20  54 
-14  -82  22 
-10  -78  -20 
32  38  50 
-8  -24  56 

//Reference=MNI 
//nullstudy_23
//Subjects=20
50  4  -30 
-26  36  -12 
38  36  -10 
-32  36  -6 
-28  -78  14 
-58  -22  -2 
-14  -68  20 
-12  -26  24 

//Reference=MNI 
//nullstudy_24
//Subjects=18
-2  -16  -6 
-30  60  20 
-54  -50  -4 
-24  -82  -30 
-8  2  36 
-26  -14  58 
36  20  -14 
-32  4  -18 

//Reference=MNI 
//nullstudy_25
//Subjects=20
14  68  18 
-28  44  -20 
-20  -2  -20 
-10  -14  -26 
-40  -54  -56 
-6  -40  -18 
-42  -82  -6 
-10  72  8 

//Reference=MNI 
//nullstudy_26
//Subjects=19
-22  48  -22 
22  12  -28 
-12  38  -4 
-30  54  -4 
14  18  -14 
0  26  56 
-6  -80  -26 
-48  44  -14 

//Reference=MNI 
//nullstudy_27
//Subjects=20
-36  -24  46 
-48  -60  52 
-8  -16  -2 
-4  66  24 
-56  -30  -6 
38  54  -4 
-8  -22  44 
-26  -46  42 

//Reference=MNI 
//nullstudy_28
//Subjects=21
-12  -50  -34 
-20  60  -16 
-12  38  -4 
-56  -6  -32 
30  30  -20 
52  8  4 
-52  -62  -12 
-50  -28  54 

//Reference=MNI 
//nullstudy_29
//Subjects=20
-26  -50  -50 
-30  4  40 
-42  -54  -4 
-48  -54  24 
-44  -76  -16 
32  22  14 
-2  56  12 
28  56  12 

//Reference=MNI 
//nullstudy_30
//Subjects=19
-34  -88  32 
-50  -8  16 
26  40  -8 
-12  -98  26 
-38  50  2 
-34  -44  36 
-40  -68  -22 
-58  -2  36 

//Reference=MNI 
//nullstudy_31
//Subjects=21
26  14  -38 
-40  -16  52 
46  6  52 
48  12  28 
-28  -6  -38 
16  46  38 
-48  40  2 
-30  -50  40 

//Reference=MNI 
//nullstudy_32
//Subjects=20
-34  -32  -24 
-2  58  36 
-24  -48  16 
-42  -12  6 
6  64  -2 
-60  -2  -24 
62  18  18 
-48  26  32 

//Reference=MNI 
//nullstudy_33
//Subjects=20
-34  -12  4 
-46  -36  -14 
-14  -4  -40 
-18  -52  4 
-4  -12  42 
14  12  4 
8  16  4 
12  58  -8 

//Reference=MNI 
//nullstudy_34
//Subjects=21
-62  -58  30 
-4  -52  -50 
-34  -58  24 
-42  58  0 
-10  -62  66 
-30  -42  -4 
-30  -64  -50 
56  14  32 

//Reference=MNI 
//nullstudy_35
//Subjects=22
-44  -48  58 
-26  -36  50 
-14  -10  28 
-12  -92  -4 
-30  -64  60 
-22  -86  40 
-12  6  -34 
-28  -74  52 

//Reference=MNI 
//nullstudy_36
//Subjects=21
-8  -44  -52 
-24  16  60 
44  6  -24 
-58  -16  24 
4  8  30 
12  30  -28 
-30  6  34 
-18  -24  72 

//Reference=MNI 
//nullstudy_37
//Subjects=20
-32  14  48 
-44  -60  -42 
-6  -22  -22 
-46  2  58 
-36  38  8 
-10  -56  -38 
-30  -56  -54 
-66  -34  18 

//Reference=MNI 
//nullstudy_38
//Subjects=21
-40  2  48 
-14  36  24 
-30  -52  -46 
-64  -44  4 
-56  8  36 
2  2  68 
-52  -38  -12 
-42  2  10 

//Reference=MNI 
//nullstudy_39
//Subjects=20
18  6  -36 
-56  22  4 
-4  -6  18 
-6  -22  14 
-10  -40  -56 
-28  20  -2 
46  14  50 
-46  -6  44 

//Reference=MNI 
//nullstudy_40
//Subjects=19
-26  -48  36 
-16  -44  2 
32  4  -4 
10  30  -24 
-40  26  -10 
-14  28  -4 
-36  -58  44 
-28  -84  -26 

//Reference=MNI 
//nullstudy_41
//Subjects=21
-12  -8  70 
24  8  -46 
-50  -22  22 
-22  -90  32 
-50  -28  -2 
-64  -12  0 
-46  -64  -18 
16  52  -10 

//Reference=MNI 
//nullstudy_42
//Subjects=22
-20  -84  -40 
-60  -10  24 
-26  -10  -6 
30  48  -16 
-54  -68  24 
-62  -42  0 
12  30  32 
-40  -34  48 

//Reference=MNI 
//nullstudy_43
//Subjects=21
-38  56  -8 
-4  36  24 
-56  2  -6 
-38  -10  -40 
20  44  -20 
-36  -8  -48 
-38  -2  52 
-2  50  30 

//Reference=MNI 
//nullstudy_44
//Subjects=21
-14  -64  4 
-58  -52  -10 
-52  -66  42 
20  60  12 
18  8  12 
-24  40  46 
-46  -10  36 
0  38  32 

//Reference=MNI 
//nullstudy_45
//Subjects=20
-8  12  42 
-34  30  22 
-46  -24  -4 
32  6  4 
40  10  -12 
-42  -8  8 
12  22  30 
-28  44  8 

//Reference=MNI 
//nullstudy_46
//Subjects=20
-8  -62  52 
-10  -60  22 
66  2  26 
-28  -74  -20 
-52  -62  20 
-38  40  30 
40  6  62 
-30  -60  -16 

//Reference=MNI 
//nullstudy_47
//Subjects=20
-2  -20  14 
-54  -58  44 
-16  -40  -14 
-52  -10  18 
-20  18  4 
28  46  -16 
-18  -24  22 
-54  -34  54 

//Reference=MNI 
//nullstudy_48
//Subjects=20
-2  14  48 
6  18  52 
-34  36  0 
6  34  -6 
30  18  -38 
-30  8  -34 
34  14  -22 
-28  -50  -46 

//Reference=MNI 
//nullstudy_49
//Subjects=21
-4  22  -8 
-4  -76  -28 
-16  4  -20 
-26  -18  -12 
-36  -76  -32 
-64  -52  22 
2  8  -18 
-52  28  22 

//Reference=MNI 
//nullstudy_50
//Subjects=19
32  20  -42 
-50  -20  -38 
18  28  8 
58  2  -28 
-18  -60  10 
-36  -24  -10 
36  30  52 
0  44  -18 

//Reference=MNI 
//nullstudy_51
//Subjects=21
-50  -58  -22 
0  20  32 
-30  -58  62 
-14  -38  18 
-62  -30  -28 
-10  -86  24 
-44  6  0 
-54  -20  14 

//Reference=MNI 
//nullstudy_52
//Subjects=19
-10  48  -16 
-10  -66  6 
-24  -96  -8 
22  54  18 
-44  -50  -36 
-60  -2  2 
-30  -64  2 
-16  8  -42 

//Reference=MNI 
//nullstudy_53
//Subjects=20
-50  -32  -22 
-24  54  4 
-10  -4  -8 
-6  8  -24 
-24  -22  -32 
-36  -38  10 
-12  -90  22 
-36  -30  46 

//Reference=MNI 
//nullstudy_54
//Subjects=20
-64  -46  -20 
-38  34  26 
-14  -14  76 
-46  12  32 
12  54  20 
42  18  46 
8  38  42 
-22  -36  24 

//Reference=MNI 
//nullstudy_55
//Subjects=19
-26  -46  12 
-4  -20  -22 
48  26  22 
-36  -2  38 
-30  8  2 
-54  -72  8 
-54  -2  8 
-46  -62  52 

//Reference=MNI 
//nullstudy_56
//Subjects=20
-50  -22  -14 
-32  -80  -32 
42  32  -18 
8  50  30 
-48  34  -6 
-38  -42  -40 
-26  -42  -24 
-38  -30  36 

//Reference=MNI 
//nullstudy_57
//Subjects=21
36  56  16 
-6  -82  -38 
-40  -58  26 
-44  -84  24 
24  10  50 
58  2  14 
-16  22  58 
-26  0  52 

//Reference=MNI 
//nullstudy_58
//Subjects=21
-18  2  -30 
-58  -40  6 
20  16  -40 
-26  -82  38 
-28  -38  60 
-32  -88  -6 
-8  -46  -36 
-2  48  42 

//Reference=MNI 
//nullstudy_59
//Subjects=19
2  52  -28 
-24  -42  52 
48  8  16 
-14  -6  20 
40  28  16 
-48  -74  -2 
-6  42  12 
-22  -38  0 

//Reference=MNI 
//nullstudy_60
//Subjects=20
-34  -24  6 
-30  -14  -8 
-48  -62  14 
-64  -34  18 
-14  -18  -34 
-10  -6  48 
-4  -48  68 
-20  -76  -34 

//Reference=MNI 
//nullstudy_61
//Subjects=20
-10  -18  46 
-66  -40  22 
-68  -42  -14 
-38  -62  40 
-60  2  14 
-6  -96  16 
-28  -40  50 
20  30  -16 

//Reference=MNI 
//nullstudy_62
//Subjects=21
-38  -64  -46 
-18  -60  16 
-48  -28  -4 
42  46  6 
-22  62  -18 
-8  60  24 
-52  -38  -14 
-10  52  42 

//Reference=MNI 
//nullstudy_63
//Subjects=21
10  2  12 
-42  -10  28 
-4  24  16 
12  2  -4 
4  64  26 
-54  -2  6 
-32  -16  -44 
54  2  -32 

//Reference=MNI 
//nullstudy_64
//Subjects=18
-52  26  26 
26  20  48 
-46  -58  24 
-32  -78  -44 
-8  -10  -2 
-10  -80  38 
-10  -42  -10 
20  12  -42 

//Reference=MNI 
//nullstudy_65
//Subjects=20
-34  30  22 
8  14  4 
-28  -68  40 
60  8  -14 
-40  46  -14 
-10  -58  46 
-48  -22  10 
-26  -78  24 

//Reference=MNI 
//nullstudy_66
//Subjects=20
46  52  12 
-30  50  -18 
-2  -26  -28 
-52  38  -10 
-52  -48  -42 
-24  24  -6 
-32  14  50 
-2  -88  24 

//Reference=MNI 
//nullstudy_67
//Subjects=19
-4  -86  -16 
50  12  -2 
50  4  22 
-4  -94  26 
52  32  0 
-18  14  16 
-50  8  -40 
42  4  -14 

//Reference=MNI 
//nullstudy_68
//Subjects=22
-38  -42  -42 
24  2  -6 
-48  -66  14 
-4  -64  10 
-28  32  -14 
16  10  54 
-8  -36  48 
-12  62  30 

//Reference=MNI 
//nullstudy_69
//Subjects=19
-64  -8  -8 
-18  -60  70 
10  58  38 
58  32  4 
30  10  -48 
-8  -28  46 
-44  6  -12 
22  34  40 

//Reference=MNI 
//nullstudy_70
//Subjects=21
44  26  22 
-12  20  -4 
-8  -46  64 
-10  -96  -24 
2  24  -20 
-32  36  12 
-4  -28  62 
-42  -4  50 

//Reference=MNI 
//nullstudy_71
//Subjects=20
10  4  56 
-8  -44  58 
-26  6  52 
16  34  40 
-54  -30  -2 
-36  -86  18 
4  62  24 
-52  -60  -48 

//Reference=MNI 
//nullstudy_72
//Subjects=21
-14  -60  2 
-4  32  60 
-28  2  -26 
-12  50  -20 
-10  -66  40 
-36  -66  14 
-22  -10  -20 
-58  -64  -24 

//Reference=MNI 
//nullstudy_73
//Subjects=19
-22  -66  36 
-24  -88  -18 
-22  -44  -58 
-16  60  -8 
4  14  -6 
-8  -28  -40 
-8  -40  -28 
-28  -58  -22 

//Reference=MNI 
//nullstudy_74
//Subjects=20
-36  -48  54 
-36  -62  -58 
-56  -8  -22 
-4  -64  14 
32  32  38 
-50  10  -20 
-16  -40  -22 
-52  18  4 

//Reference=MNI 
//nullstudy_75
//Subjects=19
10  66  -8 
-4  -68  -14 
-50  -34  -20 
-52  -40  30 
-30  -58  30 
-26  -40  -24 
-40  -68  30 
40  50  -8 

//Reference=MNI 
//nullstudy_76
//Subjects=22
42  14  34 
-14  -54  44 
-14  -24  -28 
-10  -22  50 
-30  -70  48 
-18  -68  -2 
-18  -20  62 
-12  -2  60 

//Reference=MNI 
//nullstudy_77
//Subjects=20
50  8  -4 
-28  28  -24 
32  52  8 
-16  -52  62 
-50  -32  44 
-6  -92  -34 
-52  36  20 
-6  -10  -36 

//Reference=MNI 
//nullstudy_78
//Subjects=19
-10  -46  -28 
-4  -8  42 
-14  60  12 
-8  -76  14 
-30  -70  42 
30  14  -32 
-10  -30  -44 
50  8  -12 

//Reference=MNI 
//nullstudy_79
//Subjects=20
-14  -74  -22 
36  14  -14 
-32  -42  60 
-54  -2  4 
-36  -62  22 
-42  -66  10 
-28  -68  6 
-22  62  -16 

//Reference=MNI 
//nullstudy_80
//Subjects=19
-38  -82  36 
-48  -78  12 
42  4  28 
-56  -48  14 
-28  -46  -54 
-18  -98  -10 
-4  -30  -2 
-12  -74  42 

//Reference=MNI 
//nullstudy_81
//Subjects=22
50  24  4 
-46  2  34 
-30  62  12 
-10  -94  -28 
28  20  40 
-24  26  58 
-44  40  32 
-56  10  18 

//Reference=MNI 
//nullstudy_82
//Subjects=20
-44  -42  10 
-28  -66  -14 
-50  20  -8 
-48  -12  26 
10  52  30 
-22  6  -40 
-20  58  -2 
-38  -60  -60 

//Reference=MNI 
//nullstudy_83
//Subjects=20
-30  2  66 
-8  -52  -34 
-6  -18  -42 
-16  -94  4 
24  4  -50 
10  42  -2 
-32  -20  18 
-44  -32  10 

//Reference=MNI 
//nullstudy_84
//Subjects=21
-62  -44  34 
-22  -76  -20 
-6  -40  42 
-10  -34  -38 
-6  -60  -22 
-44  48  12 
-12  62  -2 
-42  -4  62 

//Reference=MNI 
//nullstudy_85
//Subjects=20
-24  26  54 
36  44  26 
4  46  -4 
-30  -82  46 
-34  24  22 
-60  6  28 
-42  44  28 
-18  52  -20 

//Reference=MNI 
//nullstudy_86
//Subjects=18
46  28  -16 
42  16  44 
38  48  10 
-40  -42  -36 
-18  -66  22 
-60  -58  12 
10  30  -30 
-56  12  8 

//Reference=MNI 
//nullstudy_87
//Subjects=20
-4  -86  -40 
-18  -78  -30 
52  46  -2 
0  6  12 
-6  -54  -16 
-50  -44  20 
12  16  38 
-50  -32  26 

//Reference=MNI 
//nullstudy_88
//Subjects=20
-8  22  32 
-20  -66  50 
-56  -58  22 
-22  10  4 
38  22  4 
-12  -62  -50 
10  64  0 
-26  4  0 

//Reference=MNI 
//nullstudy_89
//Subjects=18
-32  -58  -18 
-20  -66  -14 
-22  -58  -32 
-32  -2  44 
-28  -40  48 
32  8  -24 
-8  -44  62 
10  18  16 

//Reference=MNI 
//nullstudy_90
//Subjects=21
-26  60  6 
-12  54  -14 
-18  -38  -16 
-6  26  26 
-44  4  8 
-30  -18  -38 
-10  -54  40 
-36  -52  -26 

//Reference=MNI 
//nullstudy_91
//Subjects=20
-14  50  14 
34  22  -32 
2  30  18 
30  56  -12 
10  48  -12 
-6  -18  66 
-56  -34  12 
8  6  68 

//Reference=MNI 
//nullstudy_92
//Subjects=19
-26  -68  -48 
-20  -80  -10 
18  48  -22 
-14  -70  26 
-24  18  -24 
28  30  6 
-16  -92  0 
-48  32  16 

//Reference=MNI 
//nullstudy_93
//Subjects=19
-4  22  44 
28  2  68 
-4  -76  -6 
54  20  6 
-56  2  -8 
48  10  6 
-42  2  58 
-62  8  22 

//Reference=MNI 
//nullstudy_94
//Subjects=22
-36  -14  -40 
-8  46  -30 
14  32  22 
-14  -54  -60 
-16  -86  2 
-36  -62  18 
-48  -24  26 
-4  54  8 

//Reference=MNI 
//nullstudy_95
//Subjects=21
-18  -40  -16 
-24  -46  58 
-14  28  48 
-54  -48  -38 
-28  -90  32 
-8  -22  30 
16  52  -14 
-50  -12  -28 

//Reference=MNI 
//nullstudy_96
//Subjects=22
40  46  22 
-32  42  18 
-56  -40  46 
-32  -6  68 
-10  10  -22 
-46  -70  44 
-30  -72  42 
-20  -88  26 

//Reference=MNI 
//nullstudy_97
//Subjects=20
-66  -42  4 
-30  10  -30 
-2  -34  8 
-8  -14  -16 
-4  6  60 
22  18  -20 
52  28  -8 
40  24  -2 

//Reference=MNI 
//nullstudy_98
//Subjects=20
-50  -54  22 
14  46  32 
-4  -64  -16 
-12  -48  -6 
-10  14  44 
8  62  36 
8  4  64 
58  4  -10 

//Reference=MNI 
//nullstudy_99
//Subjects=20
-30  14  2 
-14  -94  -8 
-44  2  2 
52  24  24 
-24  50  40 
-32  26  -20 
-32  -22  64 
54  4  4 

//Reference=MNI 
//nullstudy_100
//Subjects=20
44  42  -2 
12  58  -4 
-38  -62  -14 
-32  -12  -34 
-32  -14  -20 
14  2  58 
-50  -20  46 
-38  -66  -8 

