//Reference=MNI 
//truestudy_1
//Subjects=21
46  -66  -6 
45  -66  -6 
45  -66  -6 
45  -67  -8 
46  -65  -5 
45  -65  -7 
46  -65  -5 
45  -65  -7 

//Reference=MNI 
//truestudy_2
//Subjects=21
44  -65  -5 
45  -66  -6 
46  -65  -7 
46  -65  -6 
46  -67  -7 
47  -67  -6 
46  -67  -7 
46  -63  -5 

//Reference=MNI 
//truestudy_3
//Subjects=20
46  -67  -6 
46  -67  -8 
47  -66  -7 
46  -66  -6 
48  -65  -6 
47  -66  -7 
44  -65  -6 
47  -66  -8 

//Reference=MNI 
//nullstudy_1
//Subjects=21
-50  -8  32 
-8  -78  -24 
-20  -42  -50 
-54  -50  -34 
18  20  14 
-20  -62  -60 
-20  24  -26 
16  40  6 

//Reference=MNI 
//nullstudy_2
//Subjects=21
-16  -62  -36 
16  14  -18 
-14  68  -10 
20  10  2 
42  26  12 
-14  2  20 
-40  42  20 
0  52  0 

//Reference=MNI 
//nullstudy_3
//Subjects=20
-20  -28  24 
-42  26  -12 
-6  -32  68 
42  32  -4 
-6  16  38 
30  34  40 
-10  -48  -36 
-6  32  28 

//Reference=MNI 
//nullstudy_4
//Subjects=21
-6  -56  14 
-32  4  -22 
-48  0  34 
52  12  2 
-48  -2  6 
-46  -54  8 
-6  -76  40 
60  2  28 

//Reference=MNI 
//nullstudy_5
//Subjects=20
-32  30  30 
-46  -38  -30 
-24  -16  56 
38  34  36 
-44  -48  6 
-46  -2  52 
-6  46  -10 
26  58  -14 

//Reference=MNI 
//nullstudy_6
//Subjects=19
6  42  -32 
32  32  46 
-52  22  34 
-70  -36  10 
-24  -82  -20 
-4  -64  -26 
-10  -66  58 
-2  38  -26 

//Reference=MNI 
//nullstudy_7
//Subjects=20
-18  -2  22 
-18  -92  26 
28  52  32 
-40  -34  -30 
-12  -78  -2 
24  30  -12 
-6  -94  24 
-12  -40  -50 

//Reference=MNI 
//nullstudy_8
//Subjects=20
-66  -14  -16 
-42  -8  -10 
24  16  -16 
-32  -52  34 
14  2  -32 
-40  -42  -44 
10  36  26 
-2  -76  48 

//Reference=MNI 
//nullstudy_9
//Subjects=19
-22  -52  -22 
-26  66  16 
-26  24  -8 
-16  -96  4 
-44  -72  -44 
-12  -28  -40 
-12  -2  -16 
-54  -18  42 

//Reference=MNI 
//nullstudy_10
//Subjects=20
-28  -2  -22 
-54  20  18 
-22  -60  -22 
-44  4  54 
-16  64  0 
-38  -6  44 
-20  -16  -30 
-30  -80  14 

//Reference=MNI 
//nullstudy_11
//Subjects=20
-28  16  -26 
-46  0  4 
40  6  14 
-10  -62  32 
-12  -34  -18 
-24  -84  32 
4  58  0 
-46  -14  22 

//Reference=MNI 
//nullstudy_12
//Subjects=20
56  14  36 
-10  6  74 
22  6  10 
-48  12  -12 
-66  -42  32 
-30  26  28 
-12  -50  -56 
-46  -60  4 

//Reference=MNI 
//nullstudy_13
//Subjects=18
-18  -44  66 
-52  -4  34 
-32  40  26 
20  60  2 
2  26  36 
-12  16  10 
-18  -12  -34 
-56  6  -6 

//Reference=MNI 
//nullstudy_14
//Subjects=21
-20  -68  -48 
-58  -2  -28 
-12  -48  40 
-60  -44  -10 
20  56  4 
48  42  22 
66  2  6 
-24  -66  4 

//Reference=MNI 
//nullstudy_15
//Subjects=20
8  62  -20 
28  4  -26 
-50  -30  12 
-50  -14  56 
12  36  18 
-42  -8  -36 
0  58  32 
60  10  32 

//Reference=MNI 
//nullstudy_16
//Subjects=20
-36  -60  2 
-20  8  66 
-14  -24  64 
-44  -2  -12 
-8  68  22 
-40  56  2 
-24  -22  -30 
-10  -60  -58 

//Reference=MNI 
//nullstudy_17
//Subjects=19
20  48  32 
-14  52  -8 
-28  -62  -12 
10  24  10 
-60  18  18 
20  66  2 
16  14  2 
36  22  58 

//Reference=MNI 
//nullstudy_18
//Subjects=19
-22  10  50 
-44  14  30 
2  64  24 
-38  -18  -18 
-40  -74  -40 
-32  -10  -30 
-38  24  -22 
-14  -64  52 

//Reference=MNI 
//nullstudy_19
//Subjects=20
-38  -42  62 
-16  12  22 
-42  -26  42 
32  56  2 
-8  38  12 
-6  4  -28 
-22  30  30 
-60  -28  32 

//Reference=MNI 
//nullstudy_20
//Subjects=20
-42  -64  8 
-56  8  -28 
-16  -32  -38 
-52  -18  2 
-6  18  -26 
-12  18  38 
-42  -20  -2 
-44  24  12 

//Reference=MNI 
//nullstudy_21
//Subjects=20
-32  10  -28 
-6  -56  -8 
-6  -72  14 
-28  6  -20 
12  24  24 
-28  -86  38 
-4  -12  -30 
12  60  26 

//Reference=MNI 
//nullstudy_22
//Subjects=21
14  6  58 
-16  -84  4 
-4  -50  -26 
52  30  -10 
30  10  54 
38  2  -14 
-4  -64  34 
-16  -28  62 

//Reference=MNI 
//nullstudy_23
//Subjects=19
32  16  32 
-50  -80  -2 
-34  10  -12 
-46  -30  40 
50  2  32 
20  52  14 
-18  -22  28 
-42  -66  16 

//Reference=MNI 
//nullstudy_24
//Subjects=21
-12  44  54 
-12  28  -18 
-48  -42  -14 
-10  20  34 
-60  -40  -14 
-34  -78  10 
-16  -56  66 
-20  54  2 

//Reference=MNI 
//nullstudy_25
//Subjects=19
28  54  -8 
-16  66  14 
2  60  -24 
-32  4  66 
40  30  2 
-48  -14  -36 
-50  -10  2 
-12  10  46 

//Reference=MNI 
//nullstudy_26
//Subjects=19
-4  14  64 
42  52  -16 
-14  -58  -20 
-22  14  64 
4  46  -22 
-14  68  14 
-18  -40  -34 
-12  -20  -32 

//Reference=MNI 
//nullstudy_27
//Subjects=21
-22  16  -16 
-20  46  48 
-28  -30  74 
40  26  4 
-32  42  16 
12  50  42 
-36  22  -18 
-36  -74  -56 

//Reference=MNI 
//nullstudy_28
//Subjects=21
-6  36  22 
4  6  72 
-6  44  -10 
-12  64  -4 
-2  -2  10 
28  58  4 
18  16  -26 
-24  48  26 

//Reference=MNI 
//nullstudy_29
//Subjects=20
38  28  38 
-38  -70  -46 
-34  -42  -46 
14  20  -22 
-40  -62  18 
20  30  48 
14  14  -22 
64  8  12 

//Reference=MNI 
//nullstudy_30
//Subjects=19
2  62  20 
36  14  8 
-4  -50  46 
40  36  -20 
-44  -62  -10 
-16  -56  50 
-44  -78  -14 
-6  20  56 

//Reference=MNI 
//nullstudy_31
//Subjects=20
-28  -68  -4 
-28  56  2 
-6  -20  -44 
14  44  -18 
-56  -68  0 
-14  -70  40 
-34  18  -14 
34  14  8 

//Reference=MNI 
//nullstudy_32
//Subjects=19
-2  -56  2 
12  2  70 
-26  -50  40 
28  44  16 
-52  2  18 
-46  -18  -8 
-30  8  -14 
-24  6  50 

//Reference=MNI 
//nullstudy_33
//Subjects=20
-20  -6  -30 
-20  -8  74 
52  8  -16 
-4  -50  0 
-28  -8  -34 
-8  -106  -4 
-28  -32  64 
2  32  50 

//Reference=MNI 
//nullstudy_34
//Subjects=21
20  66  -16 
14  2  48 
-2  -42  -38 
38  18  58 
-8  -12  12 
-10  -56  42 
-4  -18  36 
20  6  -28 

//Reference=MNI 
//nullstudy_35
//Subjects=20
-18  30  34 
-16  24  54 
32  50  -2 
0  14  -24 
-10  -88  12 
14  60  22 
44  12  2 
-38  -46  -20 

//Reference=MNI 
//nullstudy_36
//Subjects=20
-10  -92  4 
-18  -92  2 
-24  -64  32 
-8  -56  6 
14  58  4 
-30  -34  -14 
-8  20  -28 
-12  -62  -54 

//Reference=MNI 
//nullstudy_37
//Subjects=19
-46  -80  12 
-34  -64  28 
-52  4  4 
-18  -68  50 
-70  -24  -12 
54  32  -6 
-8  -86  -44 
-56  26  2 

//Reference=MNI 
//nullstudy_38
//Subjects=19
-44  -14  -36 
-4  34  -32 
-16  -92  -10 
-58  -54  42 
38  48  -18 
-46  14  32 
-38  12  -12 
-64  -32  36 

//Reference=MNI 
//nullstudy_39
//Subjects=19
-36  -10  16 
-46  -66  44 
-16  14  70 
-4  30  -22 
-20  18  -22 
-16  -58  22 
6  50  32 
26  14  -24 

//Reference=MNI 
//nullstudy_40
//Subjects=18
-6  -42  40 
-22  48  -16 
-52  34  22 
28  44  22 
-18  -38  -18 
-40  58  -4 
54  8  12 
-38  12  14 

//Reference=MNI 
//nullstudy_41
//Subjects=19
-20  -58  -12 
-6  58  -10 
-14  -50  -10 
-8  28  -14 
12  68  10 
0  16  34 
18  70  8 
-32  -24  4 

//Reference=MNI 
//nullstudy_42
//Subjects=20
-28  -30  -24 
-2  -86  -28 
16  68  -4 
-28  -44  -56 
14  18  -22 
4  32  48 
-46  10  16 
-38  -60  -52 

//Reference=MNI 
//nullstudy_43
//Subjects=19
-6  -72  -6 
-40  -70  -20 
52  30  -14 
-8  6  10 
-10  6  68 
-32  -38  -38 
-4  68  -6 
-6  -50  -48 

//Reference=MNI 
//nullstudy_44
//Subjects=20
-32  -44  -6 
-6  -24  56 
14  44  -10 
-6  -74  -26 
-6  8  8 
-2  40  -6 
-10  -66  -20 
56  30  0 

//Reference=MNI 
//nullstudy_45
//Subjects=21
-66  -30  -14 
-34  -74  38 
-10  -82  10 
-46  48  -4 
-8  -32  62 
46  46  20 
-44  6  14 
-22  -48  -42 

//Reference=MNI 
//nullstudy_46
//Subjects=20
-24  -68  -26 
-38  -26  -22 
-22  4  -24 
24  60  -10 
-12  52  10 
-38  20  52 
-6  46  26 
2  36  14 

//Reference=MNI 
//nullstudy_47
//Subjects=19
10  18  -30 
-42  -40  22 
10  18  12 
6  68  6 
-34  -40  -6 
-26  12  54 
-50  -8  16 
-36  -6  -28 

//Reference=MNI 
//nullstudy_48
//Subjects=20
-4  26  26 
-42  -70  4 
-20  -34  24 
40  16  40 
24  46  26 
-6  42  -20 
-12  -34  60 
6  2  2 

//Reference=MNI 
//nullstudy_49
//Subjects=21
-30  -84  -12 
-58  -62  -12 
-10  -32  12 
48  24  46 
-38  -46  44 
-56  -26  2 
6  58  42 
-6  -70  -30 

//Reference=MNI 
//nullstudy_50
//Subjects=22
-40  2  38 
-48  -80  14 
-22  -2  -36 
-36  -16  -24 
-28  22  -26 
-6  20  20 
-10  -52  24 
-60  -28  28 

//Reference=MNI 
//nullstudy_51
//Subjects=19
-54  16  -8 
20  24  0 
-26  24  36 
22  56  26 
-28  38  38 
-36  -52  -36 
-58  8  20 
-64  -30  40 

//Reference=MNI 
//nullstudy_52
//Subjects=20
-28  -28  48 
-64  -12  4 
-10  -68  -30 
20  32  -16 
-32  0  10 
-62  2  -20 
-48  -70  -42 
-4  -30  12 

//Reference=MNI 
//nullstudy_53
//Subjects=21
-12  -8  20 
-18  20  -2 
-22  -68  20 
-26  -4  46 
30  20  14 
-6  -94  -26 
-36  14  22 
-12  50  18 

//Reference=MNI 
//nullstudy_54
//Subjects=21
-4  -50  -28 
2  58  -22 
-34  42  34 
-50  28  36 
24  60  12 
10  28  -20 
-40  40  32 
-58  12  18 

//Reference=MNI 
//nullstudy_55
//Subjects=20
-16  -12  -22 
14  6  50 
-44  -56  -56 
-42  -52  -16 
-26  -42  38 
-58  -52  -14 
-8  46  -4 
-34  -44  40 

//Reference=MNI 
//nullstudy_56
//Subjects=20
-66  -18  20 
-62  -34  10 
-38  -16  34 
-58  -16  34 
-34  -18  -2 
-22  -42  -16 
-36  -52  52 
-48  18  -10 

//Reference=MNI 
//nullstudy_57
//Subjects=19
46  8  -24 
14  2  -4 
-46  6  50 
18  4  -18 
44  32  -22 
42  8  -26 
-30  -22  2 
-8  -66  62 

//Reference=MNI 
//nullstudy_58
//Subjects=22
-2  24  54 
-48  24  22 
46  16  -30 
-46  -34  2 
-60  -44  -16 
-2  -10  -16 
-8  14  8 
-38  -12  50 

//Reference=MNI 
//nullstudy_59
//Subjects=19
48  6  -4 
-28  -26  -10 
-6  -42  4 
-26  -12  66 
-8  -10  58 
32  18  -20 
44  42  -12 
-10  -18  -38 

//Reference=MNI 
//nullstudy_60
//Subjects=19
-4  -52  -26 
2  46  44 
-16  10  54 
-18  40  34 
-10  -28  -22 
-52  8  22 
54  4  4 
-10  64  -8 

//Reference=MNI 
//nullstudy_61
//Subjects=20
56  6  -32 
-30  -62  -40 
-50  16  -20 
-10  40  42 
-58  -22  -24 
22  52  -18 
-46  -74  -6 
-42  -70  46 

//Reference=MNI 
//nullstudy_62
//Subjects=21
-24  4  68 
2  52  40 
-26  -100  0 
-32  2  16 
-14  14  0 
-10  -38  36 
-26  58  0 
-58  16  26 

//Reference=MNI 
//nullstudy_63
//Subjects=19
-20  54  40 
0  2  -10 
-8  2  -12 
10  58  -24 
22  56  10 
36  14  -22 
-44  -34  60 
2  16  58 

//Reference=MNI 
//nullstudy_64
//Subjects=19
-10  -10  52 
-54  2  -6 
6  22  34 
-2  -30  26 
-12  -60  -10 
-2  -62  -44 
-46  24  10 
-32  -50  2 

//Reference=MNI 
//nullstudy_65
//Subjects=19
-40  14  -16 
-56  -4  -22 
-50  14  -8 
-16  -32  -10 
28  12  -48 
-48  -18  54 
28  22  -24 
-62  2  -16 

//Reference=MNI 
//nullstudy_66
//Subjects=19
-42  26  -8 
-4  48  38 
-10  -14  14 
-2  62  32 
58  28  24 
46  34  14 
-48  32  -16 
-6  -52  -54 

//Reference=MNI 
//nullstudy_67
//Subjects=20
-30  -44  -46 
-12  -24  -24 
-46  -76  2 
-24  50  32 
-4  -40  -44 
-50  -58  30 
32  36  12 
-24  -78  -4 

//Reference=MNI 
//nullstudy_68
//Subjects=20
22  36  48 
-24  -12  -46 
-6  -28  -14 
32  30  22 
-16  -46  -48 
8  2  14 
-36  10  -6 
-12  16  54 

//Reference=MNI 
//nullstudy_69
//Subjects=19
-4  -62  20 
-4  -72  -22 
-2  -54  20 
-4  -4  14 
-38  -62  -34 
-42  -18  60 
-18  -28  -16 
-44  2  44 

//Reference=MNI 
//nullstudy_70
//Subjects=19
0  48  46 
-26  56  2 
-18  -46  -16 
8  14  42 
-62  -14  -28 
-52  2  16 
-50  -48  -18 
-26  -72  -4 

//Reference=MNI 
//nullstudy_71
//Subjects=21
0  24  -2 
52  36  18 
-40  -40  -48 
48  28  -14 
-42  -28  4 
-8  24  64 
-4  -92  -12 
16  6  -22 

//Reference=MNI 
//nullstudy_72
//Subjects=20
-28  64  6 
4  6  60 
44  26  20 
6  30  -10 
-18  -56  -46 
-52  -72  -14 
2  52  34 
2  34  42 

//Reference=MNI 
//nullstudy_73
//Subjects=19
-20  -14  70 
-40  -66  56 
-16  -50  -48 
-18  62  -2 
-2  -78  -12 
-8  -6  58 
10  10  34 
-10  -54  26 

//Reference=MNI 
//nullstudy_74
//Subjects=21
-16  -34  -18 
-32  -86  32 
-24  -66  -10 
-50  0  14 
58  6  -26 
-38  16  -40 
28  42  -18 
36  50  10 

//Reference=MNI 
//nullstudy_75
//Subjects=19
2  2  -6 
-6  18  14 
-18  -44  -26 
-2  -50  34 
30  44  14 
40  18  40 
-50  34  24 
-18  -36  60 

//Reference=MNI 
//nullstudy_76
//Subjects=21
24  70  8 
-20  62  -4 
20  12  70 
-14  -70  28 
4  10  -12 
-10  -68  52 
-50  -28  -8 
-4  42  52 

//Reference=MNI 
//nullstudy_77
//Subjects=21
-44  54  4 
-18  54  -10 
-46  20  20 
-32  36  18 
4  38  10 
-24  44  24 
-34  -32  54 
0  18  0 

//Reference=MNI 
//nullstudy_78
//Subjects=20
-40  -44  -40 
-54  -48  6 
-8  -58  -66 
-4  -54  46 
-20  -36  64 
-10  -44  -44 
2  54  8 
-8  24  50 

//Reference=MNI 
//nullstudy_79
//Subjects=21
-4  -26  42 
-10  56  -14 
-62  -18  -24 
-50  10  16 
12  62  10 
6  28  52 
-48  -40  22 
-32  -64  52 

//Reference=MNI 
//nullstudy_80
//Subjects=21
-62  -20  24 
-36  -78  36 
-4  -96  -12 
-8  -72  48 
-22  -2  -10 
-24  2  68 
-48  -74  16 
30  54  -12 

//Reference=MNI 
//nullstudy_81
//Subjects=19
12  64  -12 
22  2  74 
-22  -76  -22 
-8  40  38 
-40  -20  12 
42  54  -6 
26  16  60 
36  34  48 

//Reference=MNI 
//nullstudy_82
//Subjects=19
-32  -88  -30 
34  22  38 
-50  -56  10 
-36  -8  2 
-24  -42  -18 
-46  -62  22 
-6  -74  -38 
26  46  38 

//Reference=MNI 
//nullstudy_83
//Subjects=22
56  12  36 
-50  -38  18 
-8  -6  8 
-42  -66  10 
24  60  24 
-18  -34  74 
-26  -98  14 
20  26  38 

//Reference=MNI 
//nullstudy_84
//Subjects=22
48  44  -2 
-26  -26  -10 
-60  -46  -6 
-30  30  44 
38  26  12 
60  6  4 
-18  -26  58 
-18  60  2 

//Reference=MNI 
//nullstudy_85
//Subjects=20
-28  -56  -16 
-28  -6  -48 
46  28  0 
-10  -104  -6 
-34  32  50 
-54  -38  -26 
-34  -50  66 
-46  32  14 

//Reference=MNI 
//nullstudy_86
//Subjects=20
32  16  8 
-4  -42  40 
-30  56  -14 
-54  22  -6 
32  22  -4 
-52  -62  38 
-18  -84  -46 
-60  -22  48 

//Reference=MNI 
//nullstudy_87
//Subjects=22
0  30  36 
-6  56  -4 
-8  14  -30 
-8  16  48 
12  14  -16 
-52  -18  -26 
-4  -66  2 
-22  -58  54 

//Reference=MNI 
//nullstudy_88
//Subjects=20
50  2  50 
-42  28  24 
-54  -68  16 
-40  -60  30 
-22  6  50 
-16  48  44 
2  42  -10 
-58  -44  30 

//Reference=MNI 
//nullstudy_89
//Subjects=19
4  6  -18 
-60  -38  -18 
-2  -54  60 
-56  -38  40 
-42  -42  -32 
-4  -32  -52 
42  16  22 
18  18  -10 

//Reference=MNI 
//nullstudy_90
//Subjects=19
-56  -32  10 
-6  -70  -46 
-40  22  -12 
-28  14  -16 
46  40  2 
-28  -66  -26 
-20  -76  -6 
-28  -88  34 

//Reference=MNI 
//nullstudy_91
//Subjects=20
-2  -46  2 
18  2  -46 
-12  16  -16 
46  14  -20 
-34  -46  -28 
-44  -34  28 
-56  -62  -30 
-26  48  -14 

//Reference=MNI 
//nullstudy_92
//Subjects=21
-28  0  52 
-14  -48  4 
-6  -10  8 
-22  22  -14 
-30  -66  52 
-2  -70  32 
-40  -72  -42 
-2  -82  -36 

//Reference=MNI 
//nullstudy_93
//Subjects=20
-36  -58  64 
-10  22  58 
-4  6  62 
-8  -48  -14 
52  8  46 
18  58  -4 
12  46  50 
-8  -30  44 

//Reference=MNI 
//nullstudy_94
//Subjects=20
-8  2  -18 
-28  26  30 
22  38  44 
-44  -64  18 
-48  -22  -2 
10  12  16 
0  46  -16 
20  38  32 

//Reference=MNI 
//nullstudy_95
//Subjects=21
-10  -76  8 
-20  38  40 
50  24  -6 
0  18  -26 
-58  -12  -20 
-6  -78  4 
-28  24  -6 
-48  -50  -4 

//Reference=MNI 
//nullstudy_96
//Subjects=19
-58  -6  44 
-22  50  -10 
36  2  -12 
-20  -46  2 
-44  -44  0 
-14  -54  -24 
-44  -60  16 
-6  -24  -46 

//Reference=MNI 
//nullstudy_97
//Subjects=18
4  28  48 
-16  32  60 
-54  4  12 
6  32  -30 
-28  -84  -28 
34  40  8 
-8  -10  42 
-40  -46  -54 

//Reference=MNI 
//nullstudy_98
//Subjects=20
18  50  42 
-14  54  -16 
-62  10  16 
-44  -42  -2 
-10  38  42 
-46  -28  6 
-16  42  -28 
-26  26  -8 

//Reference=MNI 
//nullstudy_99
//Subjects=20
-14  -50  -42 
-12  26  -24 
-20  -88  -24 
28  30  50 
-14  38  20 
14  54  40 
36  18  -6 
-34  -48  -32 

//Reference=MNI 
//nullstudy_100
//Subjects=19
-18  -22  12 
-58  -28  22 
-18  -28  -16 
-2  -50  -64 
-24  34  -18 
-26  -60  28 
18  18  58 
-58  -8  44 

