//Reference=MNI 
//truestudy_1
//Subjects=11
47  -65  -8 
46  -65  -7 
44  -67  -6 
47  -65  -5 
46  -66  -8 
47  -67  -6 
46  -67  -6 
45  -66  -5 

//Reference=MNI 
//truestudy_2
//Subjects=11
46  -68  -6 
46  -65  -7 
46  -65  -6 
46  -67  -6 
46  -66  -4 
46  -67  -6 
46  -65  -6 
44  -65  -5 

//Reference=MNI 
//truestudy_3
//Subjects=11
46  -67  -8 
46  -67  -7 
45  -66  -9 
46  -66  -5 
46  -67  -6 
46  -66  -6 
43  -66  -6 
47  -66  -6 

//Reference=MNI 
//nullstudy_1
//Subjects=11
38  22  46 
-52  12  26 
0  44  -24 
-32  34  48 
-34  -2  -26 
-46  -6  46 
-4  -8  16 
-46  -66  -52 

//Reference=MNI 
//nullstudy_2
//Subjects=11
-48  -26  -4 
-8  40  10 
-32  46  -10 
-58  -2  20 
54  34  10 
10  34  62 
-2  -10  28 
-14  -88  14 

//Reference=MNI 
//nullstudy_3
//Subjects=11
-10  48  24 
-2  16  -22 
-32  -18  -36 
38  14  6 
-54  16  4 
-42  12  2 
-14  -50  -62 
28  22  -38 

//Reference=MNI 
//nullstudy_4
//Subjects=9
-12  -76  40 
12  54  -16 
58  14  6 
6  16  48 
12  66  26 
-14  -24  -40 
-2  64  4 
-28  22  0 

//Reference=MNI 
//nullstudy_5
//Subjects=9
-16  -96  28 
-46  -68  -14 
-2  -62  -20 
-42  -72  22 
-20  -62  50 
10  50  0 
-36  -34  62 
34  36  28 

//Reference=MNI 
//nullstudy_6
//Subjects=7
-4  -8  50 
-20  -54  64 
46  30  6 
-34  -52  -22 
-24  -62  -64 
44  22  14 
-54  36  -2 
-32  -70  54 

//Reference=MNI 
//nullstudy_7
//Subjects=11
-36  44  38 
20  12  -36 
-10  22  58 
-26  -42  54 
46  6  16 
52  24  30 
-36  -4  -50 
-4  -44  54 

//Reference=MNI 
//nullstudy_8
//Subjects=12
4  16  2 
-18  -10  22 
12  52  34 
2  62  -4 
-18  -36  38 
-8  -22  14 
54  8  14 
-28  -90  -32 

//Reference=MNI 
//nullstudy_9
//Subjects=9
-44  -40  42 
-44  -44  42 
-44  14  -18 
-6  -22  -40 
-50  -64  -26 
30  36  -8 
-44  18  20 
-10  -42  -62 

//Reference=MNI 
//nullstudy_10
//Subjects=10
-44  38  -20 
4  40  58 
-16  36  54 
10  46  20 
-38  -40  -24 
14  36  56 
-20  -60  14 
-4  24  -22 

//Reference=MNI 
//nullstudy_11
//Subjects=10
-38  12  10 
-22  -86  34 
-22  68  -4 
-12  -88  36 
-26  10  0 
40  56  2 
-38  6  0 
-22  -84  28 

//Reference=MNI 
//nullstudy_12
//Subjects=9
-12  42  2 
-54  -56  -36 
-54  -4  -6 
-10  -70  -24 
-24  -76  -36 
-42  -90  -12 
-4  -20  -32 
-16  -50  -52 

//Reference=MNI 
//nullstudy_13
//Subjects=11
-44  -32  34 
-20  0  56 
-14  -98  -6 
-30  0  0 
-26  -40  12 
-42  -76  -14 
34  56  6 
-42  12  38 

//Reference=MNI 
//nullstudy_14
//Subjects=8
-24  -8  48 
-32  -32  42 
-4  -52  18 
-4  40  -10 
6  38  58 
48  14  8 
-54  -56  30 
-2  -32  68 

//Reference=MNI 
//nullstudy_15
//Subjects=9
-50  -28  12 
20  64  16 
-30  -86  -22 
-50  20  -10 
-14  56  36 
-4  -58  -28 
-2  12  -26 
36  40  -10 

//Reference=MNI 
//nullstudy_16
//Subjects=10
-6  -26  78 
52  32  20 
-68  -34  -4 
-10  2  18 
-36  58  2 
-60  -30  -28 
-40  24  24 
-4  -70  -36 

//Reference=MNI 
//nullstudy_17
//Subjects=11
22  36  44 
22  2  -28 
4  50  46 
42  8  34 
-38  -8  -48 
-52  -34  -24 
38  24  34 
-10  -78  4 

//Reference=MNI 
//nullstudy_18
//Subjects=11
-56  -34  46 
-18  -28  -34 
-34  -72  -10 
-54  -32  38 
-4  -44  18 
-14  2  -36 
-46  -70  4 
26  58  -12 

//Reference=MNI 
//nullstudy_19
//Subjects=9
-16  56  32 
-2  -12  -14 
-32  -72  22 
46  10  46 
-26  26  34 
54  10  -14 
-10  -92  2 
6  4  74 

//Reference=MNI 
//nullstudy_20
//Subjects=10
-30  -82  8 
-30  38  -12 
-20  -38  6 
64  6  0 
-20  -102  2 
-14  -72  30 
-30  -84  -4 
-42  -18  -34 

//Reference=MNI 
//nullstudy_21
//Subjects=11
-34  -48  58 
-16  -80  4 
-24  -6  -24 
-40  38  12 
-38  -26  0 
-8  66  -8 
-38  38  6 
-62  -6  -30 

//Reference=MNI 
//nullstudy_22
//Subjects=9
-14  -28  -38 
-12  -54  66 
42  20  -14 
-46  -22  -30 
-16  -36  4 
34  10  44 
6  22  46 
44  30  26 

//Reference=MNI 
//nullstudy_23
//Subjects=11
-42  -74  -44 
-8  44  -26 
-8  -38  32 
-40  8  58 
-32  -12  50 
-14  -30  48 
34  44  32 
-22  -82  10 

//Reference=MNI 
//nullstudy_24
//Subjects=10
-12  -64  -32 
-10  0  -10 
28  10  0 
-44  -26  16 
-64  2  4 
-12  -2  44 
8  12  44 
-2  40  54 

//Reference=MNI 
//nullstudy_25
//Subjects=9
-48  -46  48 
-28  -58  12 
-66  -22  -18 
10  30  40 
-64  -40  -4 
-14  10  20 
-18  60  34 
14  54  -24 

//Reference=MNI 
//nullstudy_26
//Subjects=10
-48  26  12 
-20  -50  -30 
-66  -12  26 
-28  -88  34 
-12  26  56 
-34  -46  44 
22  26  56 
-24  -90  -8 

//Reference=MNI 
//nullstudy_27
//Subjects=11
-28  -44  -46 
24  56  -10 
-24  34  56 
-14  48  8 
10  26  28 
-40  14  58 
-50  44  -8 
16  36  22 

//Reference=MNI 
//nullstudy_28
//Subjects=11
-4  4  44 
-60  -48  -8 
-28  -58  -36 
0  44  46 
-18  -68  -18 
-38  -8  -16 
-18  68  4 
-66  -12  -12 

//Reference=MNI 
//nullstudy_29
//Subjects=10
26  28  -2 
-48  26  -2 
-14  16  -18 
-34  4  38 
-16  -90  36 
16  56  40 
42  8  48 
58  6  24 

//Reference=MNI 
//nullstudy_30
//Subjects=10
-26  -52  -54 
-32  16  50 
-52  10  34 
-42  -56  52 
-60  -56  16 
2  58  36 
-34  -68  -52 
-56  -20  -18 

//Reference=MNI 
//nullstudy_31
//Subjects=13
-28  -98  -12 
-40  -88  -10 
-38  -54  64 
22  60  6 
-4  -22  70 
-34  6  54 
-52  -6  2 
-14  -58  -22 

//Reference=MNI 
//nullstudy_32
//Subjects=10
34  4  -36 
26  2  72 
-42  -64  40 
-44  14  -6 
-32  -20  -16 
6  24  16 
-36  38  16 
-42  36  6 

//Reference=MNI 
//nullstudy_33
//Subjects=9
-44  2  6 
-54  -8  22 
14  26  62 
4  18  -8 
36  46  34 
-24  2  2 
-54  -52  52 
-28  -60  52 

//Reference=MNI 
//nullstudy_34
//Subjects=10
30  34  30 
16  20  14 
-12  -56  -54 
14  4  22 
-34  -64  -4 
34  34  -18 
-10  0  64 
-24  -60  -20 

//Reference=MNI 
//nullstudy_35
//Subjects=12
-32  -48  38 
-22  -60  -12 
-4  -72  10 
-52  -20  -36 
-32  -56  -28 
-16  -76  -18 
-24  50  20 
-36  -42  -46 

//Reference=MNI 
//nullstudy_36
//Subjects=9
36  16  52 
-8  26  32 
56  14  38 
-12  -48  26 
-22  -32  16 
6  30  54 
-48  -6  32 
-64  -4  2 

//Reference=MNI 
//nullstudy_37
//Subjects=11
-4  -94  -4 
-16  46  -24 
-64  0  -18 
50  4  -4 
-20  4  74 
52  18  18 
-62  -20  -2 
-6  -54  2 

//Reference=MNI 
//nullstudy_38
//Subjects=8
-24  56  22 
-28  6  54 
16  2  -30 
-16  -50  4 
-34  62  12 
-6  -46  4 
28  62  6 
54  28  34 

//Reference=MNI 
//nullstudy_39
//Subjects=9
-26  46  6 
-8  -46  -26 
-58  -40  46 
-50  -66  -42 
-30  -80  14 
-2  -8  4 
-36  -66  -22 
-20  -66  -14 

//Reference=MNI 
//nullstudy_40
//Subjects=10
52  40  -2 
-64  -8  -16 
-24  -8  -10 
-64  -30  -22 
-2  12  66 
-70  -24  -10 
-42  0  -10 
-50  -66  -42 

//Reference=MNI 
//nullstudy_41
//Subjects=11
6  32  26 
34  26  -6 
-38  46  -8 
26  54  -16 
-4  30  -18 
0  32  40 
2  28  52 
-52  14  6 

//Reference=MNI 
//nullstudy_42
//Subjects=9
-2  -26  -34 
-54  -60  4 
-14  -28  -24 
-42  24  38 
-14  -72  -16 
-48  22  -16 
28  20  54 
10  26  6 

//Reference=MNI 
//nullstudy_43
//Subjects=9
-32  40  -12 
-22  -66  -34 
16  16  58 
-26  -84  -28 
-6  4  60 
-16  -96  10 
-36  10  -8 
0  56  6 

//Reference=MNI 
//nullstudy_44
//Subjects=11
30  18  -2 
-22  -100  -2 
-56  -22  -30 
-40  12  0 
-6  -40  60 
-10  -6  8 
-12  0  -6 
-18  -72  36 

//Reference=MNI 
//nullstudy_45
//Subjects=9
-30  -22  56 
0  12  -12 
-14  -30  50 
-18  18  -22 
-40  -4  64 
-28  20  -38 
-32  -6  -34 
4  14  22 

//Reference=MNI 
//nullstudy_46
//Subjects=9
8  46  50 
-10  -106  -6 
-2  -50  54 
-20  -60  -50 
-32  -16  20 
2  24  28 
-18  48  24 
-18  -66  12 

//Reference=MNI 
//nullstudy_47
//Subjects=11
-32  -10  -6 
-2  -44  -50 
-58  -40  28 
-18  -42  -4 
-16  -26  -14 
-22  -70  16 
-6  -20  -44 
36  2  34 

//Reference=MNI 
//nullstudy_48
//Subjects=9
10  68  24 
-46  -54  -22 
-52  -40  16 
-18  20  -6 
40  4  58 
-14  -6  72 
-38  -56  16 
-14  -32  8 

//Reference=MNI 
//nullstudy_49
//Subjects=8
-22  -34  -2 
-10  -104  14 
-4  -88  -36 
-10  -58  -56 
-14  -58  -34 
-6  -64  14 
-48  -6  -36 
-26  -74  -56 

//Reference=MNI 
//nullstudy_50
//Subjects=11
-4  54  0 
42  12  -36 
-60  -14  -38 
-14  38  22 
-24  60  0 
2  36  -28 
48  16  -16 
-48  34  24 

//Reference=MNI 
//nullstudy_51
//Subjects=11
-30  -98  12 
0  14  60 
6  34  58 
-18  44  24 
-20  24  38 
-10  -92  -2 
-62  -18  -32 
-52  -6  -26 

//Reference=MNI 
//nullstudy_52
//Subjects=9
-26  -86  -8 
-24  66  -2 
-60  -20  -14 
-20  -76  -34 
-6  -50  38 
-24  38  -22 
-14  -58  -36 
50  2  56 

//Reference=MNI 
//nullstudy_53
//Subjects=11
38  28  18 
-56  -4  16 
38  30  20 
-38  -26  2 
-2  28  -14 
-34  -4  2 
-42  -2  -24 
56  14  40 

//Reference=MNI 
//nullstudy_54
//Subjects=9
6  14  -12 
-32  -14  66 
-6  -88  42 
-8  60  -20 
-58  -50  -22 
-46  -58  -22 
40  34  20 
-6  68  8 

//Reference=MNI 
//nullstudy_55
//Subjects=10
-32  -34  56 
-6  -26  -40 
-34  -2  46 
-44  -16  8 
-38  -8  14 
-10  -32  36 
-14  42  -22 
-56  -58  4 

//Reference=MNI 
//nullstudy_56
//Subjects=10
-2  -22  -40 
-36  -34  -36 
-30  -48  -18 
38  42  38 
-14  40  42 
-12  28  58 
-10  -26  -2 
-8  -60  50 

//Reference=MNI 
//nullstudy_57
//Subjects=9
-40  36  18 
-10  -30  40 
-2  -40  -8 
-62  6  -4 
-10  -82  -24 
-32  -58  -48 
-30  -54  -22 
-58  -24  42 

//Reference=MNI 
//nullstudy_58
//Subjects=10
-6  -58  54 
18  36  48 
10  54  -18 
-54  -68  20 
-30  -38  -4 
-36  34  12 
-20  0  58 
-40  -34  38 

//Reference=MNI 
//nullstudy_59
//Subjects=11
-24  -52  -38 
-24  28  -26 
-8  -64  42 
10  46  10 
-36  44  20 
4  24  -6 
-30  52  20 
-48  -8  -22 

//Reference=MNI 
//nullstudy_60
//Subjects=9
-50  -56  -14 
38  58  8 
-14  38  -28 
-26  -52  -22 
-18  -82  -32 
-12  -86  32 
-26  52  4 
36  20  -4 

//Reference=MNI 
//nullstudy_61
//Subjects=10
38  46  28 
44  34  -18 
-54  -12  -34 
-64  -28  16 
50  16  -34 
40  20  -6 
-6  -40  60 
-38  28  -18 

//Reference=MNI 
//nullstudy_62
//Subjects=10
-28  -2  10 
-14  4  66 
-12  -8  78 
-48  40  -18 
-8  -38  66 
36  30  34 
12  60  -8 
-2  26  18 

//Reference=MNI 
//nullstudy_63
//Subjects=10
14  44  -2 
-8  -92  30 
-12  42  -12 
-10  -38  -56 
-42  -60  -42 
-48  48  -8 
-28  8  -4 
-56  -14  -6 

//Reference=MNI 
//nullstudy_64
//Subjects=12
-4  -52  -16 
-56  -44  -14 
-46  -40  8 
-14  -20  -18 
-50  -14  -32 
-50  -42  48 
0  46  8 
40  34  38 

//Reference=MNI 
//nullstudy_65
//Subjects=11
24  28  -22 
44  24  24 
-16  -42  6 
-32  6  34 
-40  -2  -8 
34  62  6 
12  22  -4 
2  16  -22 

//Reference=MNI 
//nullstudy_66
//Subjects=10
-40  -8  18 
-54  -2  22 
-48  -58  -34 
-12  -30  14 
-38  -50  -8 
-10  14  -10 
-28  -12  -20 
2  58  38 

//Reference=MNI 
//nullstudy_67
//Subjects=11
-24  40  22 
-6  -12  6 
-14  -104  -12 
2  60  30 
-46  8  34 
-28  66  2 
-8  4  -16 
-24  -72  -10 

//Reference=MNI 
//nullstudy_68
//Subjects=11
56  14  -24 
0  14  -8 
-10  -10  74 
-48  0  48 
-8  -10  24 
-34  -58  26 
-46  4  -46 
-20  -86  20 

//Reference=MNI 
//nullstudy_69
//Subjects=10
-28  -32  52 
-28  -24  -26 
40  14  -4 
-26  -20  76 
-18  -4  66 
-36  -76  34 
28  30  4 
-26  -34  -16 

//Reference=MNI 
//nullstudy_70
//Subjects=9
-44  6  -30 
-16  -40  18 
22  58  36 
-36  38  -20 
-8  -14  72 
26  56  -16 
-34  -44  -54 
-30  -42  -6 

//Reference=MNI 
//nullstudy_71
//Subjects=12
-6  -50  -10 
-10  -68  46 
-12  20  2 
-50  30  32 
20  26  -20 
-24  -58  48 
-44  -52  -40 
-18  -4  20 

//Reference=MNI 
//nullstudy_72
//Subjects=10
-14  -16  12 
-20  -4  60 
10  12  36 
12  62  2 
-24  -64  66 
-40  -76  8 
-16  -60  -4 
28  50  12 

//Reference=MNI 
//nullstudy_73
//Subjects=9
32  26  -16 
-26  -38  -12 
44  54  -12 
-32  32  26 
-2  0  56 
0  40  -8 
-60  -48  -4 
62  14  4 

//Reference=MNI 
//nullstudy_74
//Subjects=9
-42  24  -34 
30  24  54 
-6  -104  8 
-24  -4  -8 
20  62  -10 
12  42  52 
-54  -6  -32 
-10  -84  28 

//Reference=MNI 
//nullstudy_75
//Subjects=9
-34  -78  -6 
6  26  -8 
32  32  -8 
-38  14  -6 
-40  50  -14 
-2  -56  -30 
-60  -4  14 
-42  -12  12 

//Reference=MNI 
//nullstudy_76
//Subjects=10
54  30  20 
28  22  0 
-12  36  16 
-22  -50  52 
8  48  50 
-4  60  20 
-38  4  40 
-60  -58  34 

//Reference=MNI 
//nullstudy_77
//Subjects=10
-16  -82  36 
-24  -72  -10 
-4  -22  -14 
-2  24  32 
-22  -62  46 
-10  42  48 
-28  34  24 
12  46  -20 

//Reference=MNI 
//nullstudy_78
//Subjects=10
-10  -42  -2 
-24  -64  22 
8  24  -10 
-16  -88  -40 
-6  -42  74 
36  36  48 
6  34  8 
-16  -62  -46 

//Reference=MNI 
//nullstudy_79
//Subjects=9
10  28  22 
-22  56  -16 
-28  -76  26 
-10  -82  30 
-10  -18  -32 
30  54  12 
-8  0  -26 
-22  -96  -22 

//Reference=MNI 
//nullstudy_80
//Subjects=10
12  32  18 
34  10  0 
16  54  42 
-26  -84  -32 
-16  -12  -12 
-22  -70  -52 
16  56  -12 
-44  24  -26 

//Reference=MNI 
//nullstudy_81
//Subjects=10
-50  10  48 
10  36  -18 
12  54  26 
-56  -52  44 
-26  -22  -24 
-26  38  -14 
-50  -58  -16 
-36  16  36 

//Reference=MNI 
//nullstudy_82
//Subjects=10
-2  -2  6 
-28  -76  38 
-40  -56  -28 
-42  16  -42 
50  12  -2 
-4  22  54 
-8  0  22 
-6  -4  22 

//Reference=MNI 
//nullstudy_83
//Subjects=8
-42  -64  42 
-8  40  38 
-12  56  20 
-40  -6  -34 
-60  -22  2 
-26  52  -18 
-40  -64  4 
-56  8  0 

//Reference=MNI 
//nullstudy_84
//Subjects=9
-2  -60  38 
-2  6  38 
-50  16  36 
-22  4  -8 
-12  -48  72 
-6  -28  26 
-50  -66  -12 
-22  -44  -54 

//Reference=MNI 
//nullstudy_85
//Subjects=10
-42  -8  48 
-12  -64  -38 
-16  -58  -54 
-32  -70  -8 
46  6  26 
-32  0  62 
-36  20  -24 
-4  30  -2 

//Reference=MNI 
//nullstudy_86
//Subjects=10
34  38  34 
-26  -54  -32 
-12  -86  24 
-48  18  18 
-22  -56  -42 
-8  -62  -42 
-30  -24  50 
-36  54  22 

//Reference=MNI 
//nullstudy_87
//Subjects=11
-16  58  -20 
-52  -62  -2 
-42  4  46 
-4  -28  46 
-64  -46  -14 
-38  -72  -30 
-22  -44  -34 
-32  24  10 

//Reference=MNI 
//nullstudy_88
//Subjects=9
26  38  -16 
-64  -16  -4 
-30  28  -22 
16  62  -10 
-24  52  6 
-28  44  14 
-8  -60  56 
-56  4  20 

//Reference=MNI 
//nullstudy_89
//Subjects=9
-24  22  -20 
-4  -46  -30 
-28  -100  8 
-34  -32  72 
-32  -12  -2 
-26  -6  -4 
-6  -10  14 
-54  28  -8 

//Reference=MNI 
//nullstudy_90
//Subjects=10
-32  24  28 
-2  18  52 
-2  -68  -54 
-34  -54  -16 
36  46  38 
-2  -48  58 
-46  -50  -10 
-40  -12  -6 

//Reference=MNI 
//nullstudy_91
//Subjects=11
16  56  -22 
-52  32  10 
-28  -14  56 
-34  -80  -42 
-58  0  -22 
-26  14  -34 
-8  -48  36 
-38  -12  -44 

//Reference=MNI 
//nullstudy_92
//Subjects=9
-32  44  12 
-34  -74  26 
-18  -50  -40 
6  56  26 
-26  -50  -44 
-6  -14  70 
-28  34  46 
-22  -16  64 

//Reference=MNI 
//nullstudy_93
//Subjects=11
-8  -74  28 
-30  12  6 
16  58  -14 
32  44  -20 
30  6  34 
-10  -20  20 
46  6  58 
-2  -16  48 

//Reference=MNI 
//nullstudy_94
//Subjects=10
-48  8  -40 
-28  -38  -22 
-2  66  18 
-34  -38  66 
-42  30  40 
34  8  0 
-6  -52  8 
-28  30  40 

//Reference=MNI 
//nullstudy_95
//Subjects=10
54  16  40 
-30  56  -8 
-16  18  52 
28  58  22 
-48  -10  -44 
-34  -74  22 
-46  -50  46 
34  48  2 

//Reference=MNI 
//nullstudy_96
//Subjects=10
-64  -46  -6 
-26  -8  -22 
-68  -22  -6 
-52  -12  44 
-26  68  6 
-68  -34  -16 
-54  28  8 
-60  -46  28 

//Reference=MNI 
//nullstudy_97
//Subjects=12
-28  4  48 
26  6  -18 
-6  -60  -50 
-24  -16  -26 
42  54  -14 
-4  16  36 
-52  16  6 
-38  -78  -16 

//Reference=MNI 
//nullstudy_98
//Subjects=10
30  40  22 
6  60  -14 
-48  4  54 
-16  -52  30 
-34  -62  -10 
40  18  52 
12  18  -22 
-42  -74  -14 

//Reference=MNI 
//nullstudy_99
//Subjects=10
-2  -72  -12 
-42  6  18 
-30  -34  46 
-22  0  -36 
-10  -54  -54 
-26  -6  -28 
-58  -40  38 
-24  -74  -54 

//Reference=MNI 
//nullstudy_100
//Subjects=10
-26  -90  28 
-22  10  68 
-8  -26  78 
-38  56  -2 
32  52  -12 
-14  -36  6 
-12  54  -10 
32  24  -24 

