//Reference=MNI 
//truestudy_1
//Subjects=8
45  -66  -6 
46  -65  -7 
45  -64  -6 
47  -66  -6 
46  -67  -7 
45  -65  -8 
44  -68  -7 
46  -67  -5 

//Reference=MNI 
//truestudy_2
//Subjects=10
46  -68  -7 
47  -66  -8 
45  -68  -5 
47  -67  -6 
46  -67  -6 
46  -67  -4 
45  -67  -4 
47  -66  -6 

//Reference=MNI 
//truestudy_3
//Subjects=10
47  -67  -6 
46  -67  -4 
46  -66  -7 
44  -66  -6 
49  -66  -6 
47  -66  -7 
46  -67  -5 
47  -64  -8 

//Reference=MNI 
//nullstudy_1
//Subjects=8
-30  12  -36 
52  30  16 
-2  -66  -48 
2  60  20 
-68  -34  2 
-16  -104  -14 
28  4  -40 
-10  -50  14 

//Reference=MNI 
//nullstudy_2
//Subjects=10
-48  -22  18 
2  14  70 
22  4  -16 
-28  -46  60 
-52  20  -4 
-10  -70  4 
-2  -84  -38 
-34  0  46 

//Reference=MNI 
//nullstudy_3
//Subjects=10
-16  24  58 
10  20  36 
16  64  -6 
-44  -66  -54 
18  12  52 
6  36  30 
-64  -14  24 
32  44  36 

//Reference=MNI 
//nullstudy_4
//Subjects=8
-16  -40  4 
-32  14  -20 
-54  18  0 
-58  10  26 
-46  -64  34 
40  2  34 
-44  -72  30 
-8  -22  -16 

//Reference=MNI 
//nullstudy_5
//Subjects=10
-4  -94  30 
-8  -98  -4 
14  6  -18 
-4  32  -32 
26  4  0 
-30  -38  -56 
-10  52  18 
-6  -46  -12 

//Reference=MNI 
//nullstudy_6
//Subjects=10
-28  20  46 
-8  -54  -58 
-20  40  40 
-52  -26  -30 
-40  10  52 
-4  22  58 
-6  -18  -42 
-32  -12  -12 

//Reference=MNI 
//nullstudy_7
//Subjects=9
26  12  -18 
22  52  22 
10  36  -16 
-56  -64  -24 
-10  -66  -58 
14  50  48 
-36  -38  44 
-36  58  10 

//Reference=MNI 
//nullstudy_8
//Subjects=10
-30  -38  -54 
-8  -58  -8 
-28  -90  32 
32  22  -2 
-14  40  -24 
-10  -14  -36 
-4  -54  -40 
52  46  -8 

//Reference=MNI 
//nullstudy_9
//Subjects=10
-46  -42  -4 
-38  -2  30 
-18  -76  -4 
-6  -50  -68 
-12  -78  44 
-32  2  6 
4  66  0 
-20  -22  22 

//Reference=MNI 
//nullstudy_10
//Subjects=11
-28  -14  70 
-14  -8  66 
-48  -12  60 
-6  -12  50 
-50  -14  36 
-48  22  -4 
22  46  16 
42  8  44 

//Reference=MNI 
//nullstudy_11
//Subjects=8
40  16  -38 
-22  -38  -36 
-38  -16  4 
-4  -8  68 
-12  -38  -44 
54  28  6 
-24  32  46 
40  12  42 

//Reference=MNI 
//nullstudy_12
//Subjects=10
-4  -44  -46 
-34  -56  22 
-6  0  4 
38  2  14 
-14  40  44 
-40  -16  -34 
-2  44  -18 
30  44  -10 

//Reference=MNI 
//nullstudy_13
//Subjects=10
-2  10  16 
-58  4  14 
-38  -88  10 
24  12  -40 
-26  -100  6 
-22  32  32 
0  48  50 
12  2  -32 

//Reference=MNI 
//nullstudy_14
//Subjects=11
50  4  34 
10  18  32 
-62  -36  26 
-36  -64  50 
46  14  -18 
-54  28  -6 
0  50  20 
-14  -54  -4 

//Reference=MNI 
//nullstudy_15
//Subjects=10
-8  58  30 
-70  -24  -14 
-30  -60  -20 
46  46  26 
44  44  16 
8  10  -22 
-16  -4  58 
-56  -60  24 

//Reference=MNI 
//nullstudy_16
//Subjects=8
-12  10  62 
-20  44  40 
36  2  56 
0  4  62 
-44  54  10 
46  48  -14 
54  36  -6 
54  28  34 

//Reference=MNI 
//nullstudy_17
//Subjects=8
-4  -42  76 
-50  -68  30 
-32  -38  -2 
-6  -72  10 
-28  24  -14 
-46  -62  -8 
-40  -62  48 
-12  -52  -62 

//Reference=MNI 
//nullstudy_18
//Subjects=9
4  64  -18 
-28  -62  4 
-18  -24  -16 
-20  -60  -14 
16  64  -18 
-32  -44  38 
48  36  32 
-40  50  26 

//Reference=MNI 
//nullstudy_19
//Subjects=10
-12  12  -2 
-14  -56  -30 
-2  -58  10 
-10  34  48 
34  56  22 
-20  -54  -14 
-52  -8  -32 
-14  -74  -44 

//Reference=MNI 
//nullstudy_20
//Subjects=10
-36  -56  -20 
34  28  6 
-8  -54  -38 
52  12  34 
-44  -18  -30 
-4  -54  18 
-12  58  32 
-50  -6  -2 

//Reference=MNI 
//nullstudy_21
//Subjects=9
14  22  60 
-38  -52  -50 
-46  -70  -38 
-54  24  18 
-12  32  -24 
50  32  4 
-64  -42  -16 
14  40  42 

//Reference=MNI 
//nullstudy_22
//Subjects=9
10  38  -8 
-24  -70  -52 
-44  50  -4 
-18  46  -12 
14  38  -28 
40  6  58 
-22  54  -6 
-18  -50  -46 

//Reference=MNI 
//nullstudy_23
//Subjects=11
0  6  72 
34  26  -2 
28  4  -8 
-36  16  26 
-44  -14  32 
-40  -66  4 
-8  34  14 
-40  -28  12 

//Reference=MNI 
//nullstudy_24
//Subjects=10
-36  14  58 
42  18  18 
-52  -14  -28 
44  18  4 
-6  -4  72 
-66  -24  20 
48  42  -10 
-10  26  -14 

//Reference=MNI 
//nullstudy_25
//Subjects=11
48  46  -8 
2  56  30 
-42  2  32 
-24  -92  8 
6  18  56 
-18  -76  2 
8  8  66 
-30  24  -8 

//Reference=MNI 
//nullstudy_26
//Subjects=11
-48  -34  -24 
-16  -10  70 
2  42  28 
-4  40  30 
-12  30  50 
-8  38  54 
22  62  -14 
-30  -64  54 

//Reference=MNI 
//nullstudy_27
//Subjects=10
22  56  8 
-42  -52  -8 
28  2  -46 
10  60  20 
50  8  22 
30  2  -36 
-42  -6  -38 
-56  26  -4 

//Reference=MNI 
//nullstudy_28
//Subjects=9
-22  -76  -28 
-30  48  -2 
36  4  0 
50  4  -14 
-22  -68  -12 
-34  -22  44 
-40  52  14 
50  20  36 

//Reference=MNI 
//nullstudy_29
//Subjects=11
12  60  10 
-8  -40  -42 
-44  0  -30 
-12  -52  -4 
44  34  20 
-26  -18  -12 
-24  -82  -28 
-24  52  0 

//Reference=MNI 
//nullstudy_30
//Subjects=9
-46  6  -2 
-54  24  32 
-44  6  14 
26  18  -18 
2  4  -6 
-32  0  -24 
-16  -82  16 
-50  -10  18 

//Reference=MNI 
//nullstudy_31
//Subjects=10
16  44  16 
-56  -54  -38 
-22  -22  58 
-58  12  32 
-6  -16  14 
-6  26  -14 
-2  64  -18 
-8  22  50 

//Reference=MNI 
//nullstudy_32
//Subjects=10
-48  -56  -10 
-56  -44  22 
-52  -18  24 
-34  54  0 
-42  -56  -44 
-50  -62  38 
-12  -74  48 
-62  -10  -32 

//Reference=MNI 
//nullstudy_33
//Subjects=10
-48  -26  48 
6  32  28 
-4  -4  -18 
14  6  24 
-10  16  10 
-30  60  20 
-12  46  -8 
34  2  6 

//Reference=MNI 
//nullstudy_34
//Subjects=10
32  18  -6 
-40  -8  -6 
-60  -62  -6 
-46  -76  -24 
-56  -60  24 
50  16  -22 
-38  54  6 
-2  -50  8 

//Reference=MNI 
//nullstudy_35
//Subjects=11
-50  -22  -28 
-2  54  -28 
44  34  28 
-52  -16  6 
14  48  2 
-8  -2  -30 
-66  -10  -4 
-4  -68  58 

//Reference=MNI 
//nullstudy_36
//Subjects=12
-66  -16  -26 
-54  -58  -42 
-4  -80  34 
34  62  -6 
-22  -90  -16 
-46  -64  -6 
48  6  -4 
18  60  4 

//Reference=MNI 
//nullstudy_37
//Subjects=9
-48  30  10 
-36  -54  -60 
-20  -48  74 
-24  -72  28 
-8  -58  -2 
-22  64  0 
-10  -30  14 
-54  -42  -30 

//Reference=MNI 
//nullstudy_38
//Subjects=10
10  18  30 
-38  12  40 
-20  32  -12 
-50  22  34 
-14  64  -10 
2  62  -6 
-14  -12  20 
-20  6  -4 

//Reference=MNI 
//nullstudy_39
//Subjects=10
-16  -76  26 
-4  40  36 
-36  18  -30 
34  24  40 
-54  12  8 
-26  -46  54 
-10  -80  30 
18  12  -6 

//Reference=MNI 
//nullstudy_40
//Subjects=12
-44  -2  16 
-10  24  36 
-28  -98  14 
-24  -70  -4 
-22  -58  0 
62  4  18 
44  20  32 
0  20  64 

//Reference=MNI 
//nullstudy_41
//Subjects=11
24  50  36 
-2  18  18 
-28  -32  72 
44  42  -18 
-34  -30  -32 
-38  -44  -18 
22  60  24 
-60  14  22 

//Reference=MNI 
//nullstudy_42
//Subjects=10
-30  -64  30 
-64  -12  24 
-2  -60  -12 
8  60  8 
-6  -34  2 
-52  -16  26 
-40  10  24 
-20  -10  -34 

//Reference=MNI 
//nullstudy_43
//Subjects=10
-38  -62  26 
0  2  18 
-20  2  -30 
-46  8  -18 
-22  16  46 
-8  62  -12 
-42  -62  -16 
-66  -18  2 

//Reference=MNI 
//nullstudy_44
//Subjects=8
38  8  28 
42  28  14 
-52  -52  40 
34  44  30 
-56  -44  26 
-36  -22  38 
-30  24  30 
-58  -40  0 

//Reference=MNI 
//nullstudy_45
//Subjects=9
30  40  24 
-4  58  12 
-36  -38  20 
-42  -40  14 
-46  -56  0 
38  16  10 
-20  48  14 
-34  -60  40 

//Reference=MNI 
//nullstudy_46
//Subjects=9
10  32  62 
-16  12  70 
-18  64  -14 
-18  -48  -16 
-58  -24  -30 
-24  -80  -42 
-16  -10  62 
-40  2  -2 

//Reference=MNI 
//nullstudy_47
//Subjects=10
-38  -88  20 
-2  -36  -38 
52  26  6 
-18  -54  6 
32  48  32 
52  30  36 
36  16  -20 
-48  0  56 

//Reference=MNI 
//nullstudy_48
//Subjects=10
-52  -80  2 
16  2  -26 
-50  8  40 
-54  -24  -8 
-32  -56  -40 
14  58  -20 
-32  -80  -32 
42  52  -10 

//Reference=MNI 
//nullstudy_49
//Subjects=11
-10  -64  58 
38  56  10 
-66  -10  -14 
-16  4  -22 
-38  -82  14 
4  26  20 
-26  -40  -22 
-8  -24  46 

//Reference=MNI 
//nullstudy_50
//Subjects=10
-62  -32  12 
-40  -52  -52 
-38  -60  20 
28  62  -12 
46  4  -22 
-12  -26  62 
-30  -10  -30 
-42  6  -40 

//Reference=MNI 
//nullstudy_51
//Subjects=11
-30  -80  -46 
-2  56  34 
-22  8  10 
-56  -74  2 
-54  -22  -36 
-50  -36  24 
16  46  14 
-54  -20  28 

//Reference=MNI 
//nullstudy_52
//Subjects=10
4  10  66 
-20  -70  58 
-38  16  20 
-50  -4  6 
-2  44  22 
-16  -48  -56 
-38  8  56 
40  8  40 

//Reference=MNI 
//nullstudy_53
//Subjects=10
-6  -46  -58 
-16  -56  -56 
-14  -96  24 
-10  -68  2 
-36  -84  -6 
-64  -30  34 
-4  2  20 
-34  14  -26 

//Reference=MNI 
//nullstudy_54
//Subjects=8
-2  -92  -22 
52  20  -18 
-18  -60  40 
-10  -78  16 
-34  8  40 
-18  -82  -8 
-44  -72  -18 
-20  4  -18 

//Reference=MNI 
//nullstudy_55
//Subjects=11
-16  -30  78 
-34  -72  28 
-16  -12  72 
-50  20  12 
-6  4  12 
-32  -66  60 
-2  -4  36 
-4  -90  -26 

//Reference=MNI 
//nullstudy_56
//Subjects=10
-58  -8  16 
-20  -68  -4 
-26  -78  -14 
-14  -46  52 
0  6  54 
-26  -54  4 
-18  24  0 
-38  12  28 

//Reference=MNI 
//nullstudy_57
//Subjects=10
6  18  -24 
-38  34  -22 
-44  2  36 
-8  -88  -34 
0  24  -28 
-10  64  -12 
10  8  6 
6  64  -8 

//Reference=MNI 
//nullstudy_58
//Subjects=9
-20  -100  14 
-42  -12  -44 
-12  26  -22 
-10  12  6 
40  44  2 
-28  -52  -52 
-64  -56  18 
56  6  6 

//Reference=MNI 
//nullstudy_59
//Subjects=10
-54  -12  24 
40  38  36 
-30  36  -16 
-60  -24  34 
-14  -54  10 
30  58  6 
-56  -66  -14 
-32  0  -16 

//Reference=MNI 
//nullstudy_60
//Subjects=11
-22  -84  12 
8  2  72 
-38  -52  42 
-4  -102  -6 
-50  -12  34 
-42  -80  26 
10  50  18 
-28  48  8 

//Reference=MNI 
//nullstudy_61
//Subjects=9
-30  -82  40 
-4  24  32 
-2  -24  -46 
-28  -10  -38 
-22  -8  64 
54  10  30 
-12  -76  -2 
-56  -14  -12 

//Reference=MNI 
//nullstudy_62
//Subjects=8
-38  -40  46 
-6  -30  26 
22  38  38 
2  2  0 
-34  -64  26 
48  2  -44 
-10  -90  38 
-50  -76  14 

//Reference=MNI 
//nullstudy_63
//Subjects=11
10  14  40 
-8  16  -6 
58  6  -28 
6  54  38 
16  4  14 
-50  -66  12 
-4  -82  -16 
18  46  -18 

//Reference=MNI 
//nullstudy_64
//Subjects=12
10  16  56 
-38  -56  -26 
22  8  -48 
-32  -4  52 
52  6  -18 
-30  18  36 
18  16  -16 
-60  -14  14 

//Reference=MNI 
//nullstudy_65
//Subjects=9
-30  -32  56 
-22  12  -10 
18  32  46 
-22  -32  20 
-36  -10  -26 
38  6  10 
-8  18  -8 
-4  -66  -38 

//Reference=MNI 
//nullstudy_66
//Subjects=10
-8  28  -30 
-50  16  -32 
62  4  -26 
-36  -74  -36 
50  20  -20 
-14  -88  -30 
-4  -2  2 
-44  -14  40 

//Reference=MNI 
//nullstudy_67
//Subjects=11
-2  -48  54 
-14  -50  -12 
-42  -24  20 
6  12  2 
-4  12  -2 
-10  42  4 
6  18  70 
20  12  -12 

//Reference=MNI 
//nullstudy_68
//Subjects=11
-54  -66  -32 
-10  -76  30 
-6  64  -14 
52  2  46 
28  18  62 
-28  54  10 
-6  -14  42 
-28  -42  -54 

//Reference=MNI 
//nullstudy_69
//Subjects=10
-22  10  50 
-52  -54  32 
-38  -8  8 
-30  -38  2 
-16  -86  42 
36  18  -42 
-26  -60  -8 
56  12  -20 

//Reference=MNI 
//nullstudy_70
//Subjects=11
36  36  16 
16  14  12 
-4  -72  -2 
-44  -66  34 
-48  -10  18 
-18  48  42 
-16  -82  34 
-44  0  -20 

//Reference=MNI 
//nullstudy_71
//Subjects=8
-24  -40  -2 
-2  -48  44 
-14  52  -14 
-32  -82  -10 
-6  -34  -18 
-14  -72  -52 
-38  -68  44 
-10  -48  28 

//Reference=MNI 
//nullstudy_72
//Subjects=10
-32  2  54 
-28  -8  -30 
2  42  54 
4  4  26 
-34  20  -28 
-44  -40  44 
-14  -58  16 
-4  2  2 

//Reference=MNI 
//nullstudy_73
//Subjects=8
-16  10  -26 
-30  -24  -26 
-44  -40  -28 
-14  -58  -24 
-2  42  -12 
-16  68  4 
-8  -6  66 
-52  -32  -14 

//Reference=MNI 
//nullstudy_74
//Subjects=9
-14  -78  32 
4  24  -16 
32  6  -32 
-22  -70  56 
-6  -24  2 
20  16  -38 
-16  46  2 
-24  -34  -12 

//Reference=MNI 
//nullstudy_75
//Subjects=10
-22  -56  -8 
-16  -34  76 
-60  20  10 
-38  -56  -22 
-54  -74  -12 
-58  -54  -24 
-16  -58  20 
-2  -90  28 

//Reference=MNI 
//nullstudy_76
//Subjects=11
-46  -32  62 
-28  -14  -6 
30  56  -14 
-6  -62  40 
-26  12  0 
-2  10  46 
-18  8  -10 
46  34  0 

//Reference=MNI 
//nullstudy_77
//Subjects=10
38  24  4 
8  44  -30 
2  12  48 
-34  -74  -32 
24  18  -42 
-30  50  34 
-58  -8  -36 
52  38  20 

//Reference=MNI 
//nullstudy_78
//Subjects=10
8  68  -12 
-64  -14  40 
-18  -98  12 
-34  44  -14 
4  4  0 
18  68  10 
-8  -42  2 
-38  -10  18 

//Reference=MNI 
//nullstudy_79
//Subjects=11
30  12  -10 
-24  38  -24 
-8  -52  -30 
-2  -78  -36 
-32  -64  56 
-8  -74  -26 
-56  -38  -18 
-8  -8  -32 

//Reference=MNI 
//nullstudy_80
//Subjects=12
-34  -8  -28 
62  10  2 
-54  -24  34 
-46  -4  -24 
-4  56  -2 
-26  -36  -10 
-8  -36  -18 
-42  -64  24 

//Reference=MNI 
//nullstudy_81
//Subjects=11
-64  -48  -16 
0  66  -6 
-42  6  24 
-10  -8  58 
-62  -46  4 
18  46  36 
-18  -68  26 
-26  -2  8 

//Reference=MNI 
//nullstudy_82
//Subjects=12
40  20  -24 
10  50  -16 
-16  -30  14 
-10  -92  14 
-52  -6  20 
-10  6  10 
-46  -46  0 
-2  -54  -58 

//Reference=MNI 
//nullstudy_83
//Subjects=10
-32  -66  -42 
12  12  44 
-2  -62  44 
66  2  16 
-46  -44  -28 
-30  -6  -32 
-4  20  18 
4  2  -12 

//Reference=MNI 
//nullstudy_84
//Subjects=11
-32  -56  56 
34  2  64 
6  66  24 
-14  -10  76 
-28  -72  -60 
-42  20  -34 
-56  -62  14 
-26  26  40 

//Reference=MNI 
//nullstudy_85
//Subjects=12
-30  -74  30 
-8  -46  32 
-52  28  22 
-18  14  -12 
-58  20  14 
-24  -90  -2 
-16  20  4 
-12  -12  6 

//Reference=MNI 
//nullstudy_86
//Subjects=9
-48  28  -10 
40  14  -20 
-12  8  36 
-44  10  -2 
10  18  -22 
-36  -82  -46 
-50  -56  22 
-52  -36  -14 

//Reference=MNI 
//nullstudy_87
//Subjects=11
-54  -48  -20 
-20  -62  26 
-6  54  38 
-38  -6  -42 
-46  -54  -38 
-2  -54  -2 
-18  -68  50 
-6  36  -18 

//Reference=MNI 
//nullstudy_88
//Subjects=10
10  58  0 
-54  -2  12 
-42  -48  44 
8  10  44 
-46  -2  -30 
-46  -22  -20 
-36  36  12 
18  10  66 

//Reference=MNI 
//nullstudy_89
//Subjects=9
-42  -64  -50 
-12  54  4 
-2  -22  -42 
-56  4  20 
-34  14  56 
36  6  58 
-38  -46  -18 
-18  -38  -28 

//Reference=MNI 
//nullstudy_90
//Subjects=10
40  46  18 
-14  24  -22 
-62  -14  -24 
-52  -36  40 
-28  -6  -30 
14  62  -8 
26  38  28 
-12  -18  -16 

//Reference=MNI 
//nullstudy_91
//Subjects=10
58  2  6 
-60  -38  -4 
-18  -66  -30 
-62  -36  30 
-12  -18  72 
-20  20  52 
-14  -14  18 
4  68  8 

//Reference=MNI 
//nullstudy_92
//Subjects=11
-22  0  -34 
30  2  64 
-26  -2  -12 
-26  -50  -22 
2  12  -10 
-56  -58  -8 
-46  6  -40 
-26  -60  -46 

//Reference=MNI 
//nullstudy_93
//Subjects=9
36  2  18 
-42  -86  16 
-6  -88  40 
-34  6  -38 
50  2  0 
-54  -48  54 
-18  -60  -22 
-26  -84  24 

//Reference=MNI 
//nullstudy_94
//Subjects=11
44  48  -2 
4  2  30 
-44  -52  34 
14  42  54 
8  8  -20 
-26  64  0 
-38  42  -20 
-30  -30  52 

//Reference=MNI 
//nullstudy_95
//Subjects=10
-8  -36  0 
24  12  -38 
-48  8  44 
-48  40  -12 
-58  -30  46 
26  20  -42 
-28  0  -8 
-4  -26  -16 

//Reference=MNI 
//nullstudy_96
//Subjects=11
20  58  20 
-38  -38  36 
-28  40  24 
-44  -26  -8 
14  20  58 
-32  -52  34 
-8  -96  6 
-12  12  32 

//Reference=MNI 
//nullstudy_97
//Subjects=13
-28  -86  -24 
-38  -72  28 
50  4  44 
0  14  14 
10  24  10 
54  26  0 
-16  -22  62 
8  36  24 

//Reference=MNI 
//nullstudy_98
//Subjects=8
-26  -88  -36 
44  14  -2 
6  8  42 
-40  -62  -14 
-28  6  4 
-26  -70  -46 
-34  12  8 
-4  -48  68 

//Reference=MNI 
//nullstudy_99
//Subjects=9
-32  18  14 
-14  -22  34 
-12  -72  4 
-40  46  6 
-30  22  -16 
28  54  -10 
-18  -76  -56 
-20  -62  50 

//Reference=MNI 
//nullstudy_100
//Subjects=11
-52  -64  -6 
60  2  32 
-26  32  50 
-56  -36  -18 
-20  -84  28 
-4  -70  -20 
-42  -44  -54 
12  24  -26 

