//Reference=MNI 
//truestudy_1
//Subjects=10
46  -65  -6 
45  -66  -5 
46  -63  -7 
45  -65  -5 
45  -66  -6 
48  -68  -5 
47  -67  -7 
47  -66  -3 

//Reference=MNI 
//truestudy_2
//Subjects=9
46  -65  -4 
45  -66  -5 
46  -66  -6 
47  -64  -7 
46  -66  -4 
49  -66  -6 
47  -67  -5 
45  -66  -6 

//Reference=MNI 
//truestudy_3
//Subjects=8
46  -66  -7 
48  -65  -6 
47  -65  -6 
46  -66  -5 
46  -67  -7 
47  -66  -4 
47  -67  -6 
46  -64  -6 

//Reference=MNI 
//nullstudy_1
//Subjects=10
-36  34  24 
-8  -18  80 
-26  -46  -22 
26  46  -12 
-20  -82  30 
-6  -80  -34 
-8  -40  -16 
-4  -18  52 

//Reference=MNI 
//nullstudy_2
//Subjects=9
-14  -72  0 
-14  -30  -12 
-8  10  10 
-42  -18  58 
-4  62  30 
-6  -10  60 
54  4  28 
-48  -36  -20 

//Reference=MNI 
//nullstudy_3
//Subjects=8
-36  36  -14 
-14  -38  46 
-8  0  68 
-14  -46  -4 
2  58  16 
28  34  44 
-14  8  14 
54  12  -14 

//Reference=MNI 
//nullstudy_4
//Subjects=9
-34  12  50 
-8  16  42 
-24  -72  -6 
36  48  -6 
-6  -50  38 
-36  -36  36 
8  42  54 
-50  8  -24 

//Reference=MNI 
//nullstudy_5
//Subjects=10
18  30  -18 
18  10  62 
48  6  18 
20  6  -30 
-22  -4  -22 
-56  4  38 
-54  -48  -8 
-20  -98  2 

//Reference=MNI 
//nullstudy_6
//Subjects=11
-28  50  6 
-24  -60  -34 
10  26  -28 
-26  16  -38 
-50  -48  28 
-8  -66  52 
-34  -46  -12 
-26  -62  62 

//Reference=MNI 
//nullstudy_7
//Subjects=10
-12  -12  4 
-32  -96  -16 
-16  -54  74 
-12  -24  -16 
-48  -40  -18 
-6  -70  42 
-8  56  16 
-50  -72  -38 

//Reference=MNI 
//nullstudy_8
//Subjects=10
-52  6  -32 
-4  -50  -22 
-48  -18  20 
48  50  4 
-12  -56  -46 
-52  28  -10 
30  24  38 
-42  -42  52 

//Reference=MNI 
//nullstudy_9
//Subjects=10
-16  -32  -44 
-26  -46  -26 
-30  -64  -44 
8  32  32 
44  32  30 
-2  -16  12 
6  42  54 
-52  -70  -28 

//Reference=MNI 
//nullstudy_10
//Subjects=9
52  36  28 
24  62  2 
-24  4  -48 
-12  -20  -28 
14  26  24 
30  24  0 
-52  -14  14 
40  22  26 

//Reference=MNI 
//nullstudy_11
//Subjects=10
0  10  48 
-12  8  70 
-34  -54  30 
-26  -52  50 
-26  0  6 
-26  14  -46 
16  64  10 
40  12  24 

//Reference=MNI 
//nullstudy_12
//Subjects=11
-6  -14  -24 
30  22  -30 
-30  -42  -22 
10  10  48 
-46  -48  -48 
-36  32  4 
50  34  0 
-20  -4  58 

//Reference=MNI 
//nullstudy_13
//Subjects=11
-36  -32  42 
-54  30  12 
10  22  64 
-32  -44  -10 
52  18  -26 
-16  -28  -10 
-26  10  58 
-18  -28  8 

//Reference=MNI 
//nullstudy_14
//Subjects=12
-4  42  -14 
-46  2  16 
2  4  56 
-2  -16  -26 
18  38  42 
36  36  -10 
-20  20  46 
-56  -42  22 

//Reference=MNI 
//nullstudy_15
//Subjects=11
-26  -22  -20 
-16  -50  70 
-34  -52  -42 
12  52  32 
-20  -50  -4 
34  2  -8 
-56  16  34 
6  12  4 

//Reference=MNI 
//nullstudy_16
//Subjects=11
-4  -38  -10 
-34  -28  -28 
-40  -60  -10 
24  70  6 
26  4  -6 
-60  -26  0 
-22  -60  -64 
-34  -76  48 

//Reference=MNI 
//nullstudy_17
//Subjects=10
-54  2  -14 
-54  -10  38 
-8  24  -26 
-38  40  12 
22  4  -2 
10  40  24 
-46  -68  14 
6  36  0 

//Reference=MNI 
//nullstudy_18
//Subjects=10
42  6  -26 
-38  -14  -30 
-32  44  28 
-40  24  -8 
-56  -54  -34 
-36  -66  0 
48  20  6 
-6  -48  -66 

//Reference=MNI 
//nullstudy_19
//Subjects=11
-48  8  30 
-56  -62  34 
20  60  -2 
-20  -4  -12 
-12  -10  22 
-6  36  20 
6  42  34 
-2  -58  -42 

//Reference=MNI 
//nullstudy_20
//Subjects=11
-66  -4  12 
-44  -4  -42 
-60  -56  -26 
-56  14  36 
-32  28  4 
-28  16  -8 
12  20  62 
-50  -24  -26 

//Reference=MNI 
//nullstudy_21
//Subjects=10
-6  -36  42 
-34  22  52 
-28  -54  64 
-32  14  8 
-20  -74  56 
-2  -64  30 
-56  20  14 
-38  -32  70 

//Reference=MNI 
//nullstudy_22
//Subjects=10
-50  -18  40 
18  62  18 
-24  -14  -28 
-26  22  50 
-64  -32  -28 
-24  -62  46 
-44  -68  -26 
-4  -58  40 

//Reference=MNI 
//nullstudy_23
//Subjects=11
-40  -74  2 
-40  -44  -18 
-8  -88  22 
-12  10  2 
0  48  38 
-34  40  34 
10  46  12 
-26  6  -12 

//Reference=MNI 
//nullstudy_24
//Subjects=10
-8  -66  -60 
-54  0  10 
-8  -4  -18 
20  22  -14 
-34  -44  -48 
-32  -4  -34 
-14  -86  -24 
-36  -12  -26 

//Reference=MNI 
//nullstudy_25
//Subjects=8
-28  -20  -12 
-18  26  -14 
-4  40  8 
-20  30  42 
-30  6  40 
-40  2  -38 
-10  16  60 
-60  18  20 

//Reference=MNI 
//nullstudy_26
//Subjects=9
-12  46  6 
-42  -26  40 
-22  -4  -34 
40  26  4 
20  26  -28 
54  14  -6 
2  12  28 
-22  60  -12 

//Reference=MNI 
//nullstudy_27
//Subjects=10
30  6  -2 
-38  -16  -24 
-42  -26  42 
-34  -90  -10 
-12  -84  2 
-52  -18  -18 
30  38  -8 
-34  -82  -22 

//Reference=MNI 
//nullstudy_28
//Subjects=10
42  24  -14 
-30  14  60 
6  4  36 
-42  10  26 
-36  -12  -20 
-62  -18  36 
50  10  -30 
-18  -58  48 

//Reference=MNI 
//nullstudy_29
//Subjects=10
-36  -72  46 
-2  -2  -12 
-8  -86  -34 
-6  -22  40 
-2  -52  50 
-32  -58  -22 
-12  42  -26 
32  50  12 

//Reference=MNI 
//nullstudy_30
//Subjects=10
28  40  -10 
-6  -40  -54 
-50  -62  -38 
32  46  22 
66  2  26 
-44  -32  -24 
50  16  -32 
-10  -70  64 

//Reference=MNI 
//nullstudy_31
//Subjects=8
-42  -90  10 
24  20  -6 
-18  -24  -4 
-2  -22  68 
-30  -4  -22 
38  26  -10 
-26  2  66 
-64  -52  12 

//Reference=MNI 
//nullstudy_32
//Subjects=10
-40  -64  -52 
-30  -18  60 
-38  -12  -28 
0  8  6 
40  34  8 
-22  -44  10 
-28  -74  36 
-54  -46  4 

//Reference=MNI 
//nullstudy_33
//Subjects=11
-10  -48  46 
-18  -52  -4 
-32  -88  20 
-48  -56  -48 
-52  2  -42 
-40  -30  58 
-28  0  64 
-6  -20  16 

//Reference=MNI 
//nullstudy_34
//Subjects=8
-52  -64  6 
24  36  34 
38  58  -12 
-4  -88  -18 
-22  -42  62 
10  64  8 
-4  -52  2 
24  32  32 

//Reference=MNI 
//nullstudy_35
//Subjects=10
-8  -80  -48 
-2  -68  6 
22  62  16 
-42  -62  -8 
-54  -24  -32 
40  16  -36 
-34  -62  58 
-18  -36  4 

//Reference=MNI 
//nullstudy_36
//Subjects=9
-40  -70  -12 
48  6  -20 
-52  -42  42 
-8  -40  -54 
-4  22  36 
-32  4  56 
-8  -86  44 
-28  -64  -2 

//Reference=MNI 
//nullstudy_37
//Subjects=9
-16  -76  -42 
-56  -10  12 
-66  -16  -10 
12  62  -20 
-48  0  16 
-8  56  -6 
46  50  4 
-48  -76  -18 

//Reference=MNI 
//nullstudy_38
//Subjects=11
-20  -76  50 
-28  52  10 
-10  -60  40 
16  68  12 
28  4  62 
14  6  20 
34  26  30 
28  34  30 

//Reference=MNI 
//nullstudy_39
//Subjects=9
-8  0  -10 
-4  -88  20 
-36  -62  -48 
-32  -40  -44 
-60  -8  34 
-46  22  -12 
-62  -10  42 
36  6  -42 

//Reference=MNI 
//nullstudy_40
//Subjects=9
-38  -2  -24 
36  26  -32 
-26  56  24 
52  46  4 
-42  -52  54 
-32  -70  -28 
-44  -42  30 
-40  -52  -50 

//Reference=MNI 
//nullstudy_41
//Subjects=11
-64  -30  -8 
-20  -84  -42 
-48  -4  54 
-22  -66  -20 
-22  -98  18 
-24  32  -12 
-54  -46  -6 
-50  -38  34 

//Reference=MNI 
//nullstudy_42
//Subjects=10
-38  -52  42 
40  18  -32 
-28  -26  -22 
-2  18  20 
38  52  24 
-18  -62  -6 
-30  -48  -52 
-28  -48  -46 

//Reference=MNI 
//nullstudy_43
//Subjects=10
16  58  -16 
-6  34  26 
-4  -44  -2 
-34  -50  38 
50  36  8 
-64  -22  -22 
-40  -80  28 
-38  -82  0 

//Reference=MNI 
//nullstudy_44
//Subjects=10
-4  18  60 
-22  32  46 
-24  4  2 
30  26  12 
-20  -12  54 
6  56  30 
-36  -74  -24 
-34  -68  12 

//Reference=MNI 
//nullstudy_45
//Subjects=11
-4  -56  -26 
-34  14  -34 
-10  -64  -28 
-16  -90  -42 
-22  -90  28 
6  52  24 
16  22  6 
46  30  24 

//Reference=MNI 
//nullstudy_46
//Subjects=10
-28  -84  40 
-36  -32  60 
-16  -68  -10 
-26  -86  -10 
-18  12  -36 
-60  14  24 
-22  -56  10 
26  30  34 

//Reference=MNI 
//nullstudy_47
//Subjects=8
8  24  48 
-4  60  36 
-20  -22  70 
4  2  -24 
46  54  -8 
-68  -32  -16 
-32  58  4 
-56  24  20 

//Reference=MNI 
//nullstudy_48
//Subjects=12
-12  -46  28 
-6  -42  64 
-54  -32  -28 
40  12  -44 
28  8  -14 
-2  -10  -16 
16  22  58 
-4  -68  -28 

//Reference=MNI 
//nullstudy_49
//Subjects=12
-48  -54  38 
-12  -22  8 
-28  -12  10 
-6  -30  76 
52  20  18 
-52  12  2 
-34  -60  -48 
2  58  -20 

//Reference=MNI 
//nullstudy_50
//Subjects=10
-20  -70  2 
4  22  -30 
-48  -26  28 
-30  20  -42 
-10  -50  62 
-4  -82  50 
-52  2  22 
-24  52  14 

//Reference=MNI 
//nullstudy_51
//Subjects=10
48  22  2 
-26  -2  64 
10  18  -18 
56  24  28 
4  30  62 
-16  -12  76 
-36  -84  20 
-52  -44  -20 

//Reference=MNI 
//nullstudy_52
//Subjects=11
-40  40  -18 
-34  42  28 
26  10  42 
-4  -56  30 
-4  -36  -14 
8  62  26 
42  34  36 
-12  -2  24 

//Reference=MNI 
//nullstudy_53
//Subjects=9
14  38  40 
30  12  -18 
16  4  16 
44  24  -34 
54  8  12 
-52  -50  -6 
10  8  60 
-44  -22  64 

//Reference=MNI 
//nullstudy_54
//Subjects=9
32  38  14 
-38  10  4 
52  28  16 
-46  -26  18 
34  56  22 
-58  4  6 
-8  64  14 
-56  -18  -38 

//Reference=MNI 
//nullstudy_55
//Subjects=9
-24  -64  44 
-32  -80  -30 
40  8  -36 
-44  -56  32 
-14  -8  -10 
-10  -86  -38 
-26  -92  10 
10  52  20 

//Reference=MNI 
//nullstudy_56
//Subjects=10
-28  -40  -4 
-60  -14  14 
-30  -84  -2 
-40  -48  22 
-36  -68  14 
-22  -62  -2 
10  50  -8 
-26  -64  -46 

//Reference=MNI 
//nullstudy_57
//Subjects=11
-14  -90  10 
-16  -6  18 
2  48  20 
-38  -12  2 
-8  48  -22 
-2  -92  2 
-62  -42  -4 
-32  14  -16 

//Reference=MNI 
//nullstudy_58
//Subjects=10
46  26  36 
36  36  -14 
-20  -62  12 
-56  14  28 
-8  22  62 
-22  -28  -28 
-4  4  70 
-22  20  -4 

//Reference=MNI 
//nullstudy_59
//Subjects=11
46  14  -20 
-24  8  68 
-8  -62  -58 
12  42  10 
12  30  18 
-30  -96  -12 
-22  -74  36 
-54  -52  -30 

//Reference=MNI 
//nullstudy_60
//Subjects=11
-40  34  40 
-44  26  -10 
8  50  24 
54  6  4 
-40  20  14 
-50  20  30 
-2  -80  -6 
-12  -40  60 

//Reference=MNI 
//nullstudy_61
//Subjects=10
-40  -24  -20 
-10  -104  -4 
26  60  12 
6  22  68 
-52  -32  36 
20  18  46 
10  54  6 
8  36  60 

//Reference=MNI 
//nullstudy_62
//Subjects=10
-30  20  -38 
-50  -62  26 
-68  -42  -12 
-60  -4  20 
-8  30  -6 
-54  -64  40 
-32  6  52 
44  26  -14 

//Reference=MNI 
//nullstudy_63
//Subjects=9
-6  -22  -20 
-64  -36  40 
-40  -52  -54 
-14  -6  -22 
54  14  42 
-44  16  -10 
-42  -56  4 
-22  -8  66 

//Reference=MNI 
//nullstudy_64
//Subjects=10
-62  -42  14 
14  10  -20 
-26  -64  -52 
-36  -8  62 
-46  -14  16 
-2  -64  66 
14  56  32 
-54  -64  8 

//Reference=MNI 
//nullstudy_65
//Subjects=10
40  42  14 
50  12  28 
36  52  14 
-60  -16  -4 
-38  28  32 
-38  -16  -10 
-62  -20  -8 
48  18  -10 

//Reference=MNI 
//nullstudy_66
//Subjects=9
-52  -10  2 
-16  64  8 
-2  -6  50 
-48  4  -10 
-60  -26  28 
-48  -74  10 
-18  2  26 
-62  -46  30 

//Reference=MNI 
//nullstudy_67
//Subjects=9
-2  -70  62 
-2  58  14 
-18  -42  -44 
-26  -84  34 
-6  46  22 
-26  -50  50 
26  4  -42 
-18  -62  68 

//Reference=MNI 
//nullstudy_68
//Subjects=8
-36  8  60 
18  18  0 
-22  -36  -48 
-26  42  34 
58  8  -20 
-20  22  60 
-28  6  -8 
-2  -86  -20 

//Reference=MNI 
//nullstudy_69
//Subjects=10
-16  -16  -32 
-56  2  -4 
-16  -54  -44 
58  12  10 
-24  52  34 
-6  38  -20 
-24  18  -28 
-62  -54  24 

//Reference=MNI 
//nullstudy_70
//Subjects=11
-42  22  18 
62  6  14 
-38  20  -32 
22  58  -6 
-2  -38  0 
-46  -66  2 
-14  46  -8 
-14  -62  32 

//Reference=MNI 
//nullstudy_71
//Subjects=9
-28  12  -40 
-50  -14  -4 
-4  -82  12 
-56  32  -2 
52  14  28 
-20  -16  -10 
-14  -4  -28 
40  30  -12 

//Reference=MNI 
//nullstudy_72
//Subjects=8
-26  0  0 
-56  -38  6 
-22  -34  -28 
-26  -4  -2 
-42  -56  36 
-34  -64  -62 
-14  28  -4 
-18  -18  -6 

//Reference=MNI 
//nullstudy_73
//Subjects=10
-26  18  12 
-26  50  34 
-62  -6  8 
-50  -82  -2 
-30  52  30 
10  30  38 
-2  -54  -64 
-2  -22  -42 

//Reference=MNI 
//nullstudy_74
//Subjects=11
-12  -18  -22 
-40  14  -2 
-22  -14  -20 
-46  -42  42 
-22  -62  -20 
-24  -70  -10 
-6  10  -30 
-52  -60  -18 

//Reference=MNI 
//nullstudy_75
//Subjects=10
-4  -66  64 
32  42  18 
-36  -6  -32 
-16  -52  40 
-4  64  10 
-20  -80  -54 
-8  -32  34 
-12  2  74 

//Reference=MNI 
//nullstudy_76
//Subjects=11
-34  -28  -12 
32  16  -8 
-52  36  -10 
-58  -26  -20 
-48  -2  -8 
-38  -26  -26 
50  38  26 
-54  -48  28 

//Reference=MNI 
//nullstudy_77
//Subjects=9
-22  -72  -2 
-8  -92  -16 
22  18  -36 
40  44  4 
-24  -64  -20 
-20  56  -20 
28  20  -14 
-4  18  -22 

//Reference=MNI 
//nullstudy_78
//Subjects=11
-58  -48  26 
-20  -80  -42 
-50  -36  20 
-64  -42  -4 
28  48  -8 
-56  -46  32 
-50  -24  44 
-50  -4  48 

//Reference=MNI 
//nullstudy_79
//Subjects=11
-20  0  -16 
-12  42  16 
2  68  0 
-30  -28  -32 
32  20  26 
-28  -44  50 
-40  -16  60 
58  10  40 

//Reference=MNI 
//nullstudy_80
//Subjects=9
-32  -54  -26 
-10  32  -18 
-38  22  -2 
-18  44  42 
-44  -46  22 
-66  -14  -24 
4  28  48 
-10  46  22 

//Reference=MNI 
//nullstudy_81
//Subjects=9
36  50  18 
28  62  -14 
12  56  24 
-18  32  -16 
-22  -88  32 
-18  -32  -34 
44  18  -8 
-28  -84  -42 

//Reference=MNI 
//nullstudy_82
//Subjects=10
2  30  18 
4  6  20 
-30  -82  0 
-54  -22  52 
-40  -62  -52 
-34  -4  42 
-32  -44  54 
-26  -64  -54 

//Reference=MNI 
//nullstudy_83
//Subjects=10
-4  32  20 
-20  -58  -32 
-36  -34  60 
14  62  -8 
-8  -60  58 
-50  -22  26 
-36  -6  -20 
10  14  14 

//Reference=MNI 
//nullstudy_84
//Subjects=10
30  44  6 
-36  -74  38 
-10  -30  36 
20  52  -20 
2  52  -8 
-16  0  24 
-28  -54  0 
-38  -54  24 

//Reference=MNI 
//nullstudy_85
//Subjects=11
-42  -50  -12 
-50  40  -6 
-38  -70  -50 
-42  20  -8 
0  26  24 
-4  -30  46 
-4  28  14 
48  32  -18 

//Reference=MNI 
//nullstudy_86
//Subjects=10
-20  -78  32 
-16  -46  -4 
-22  -56  -56 
6  50  -20 
-66  -22  8 
-26  -38  -10 
36  4  16 
-22  -36  -24 

//Reference=MNI 
//nullstudy_87
//Subjects=12
16  42  38 
18  24  -24 
26  34  46 
-14  -52  -50 
-26  66  8 
54  6  -18 
12  38  8 
-50  4  20 

//Reference=MNI 
//nullstudy_88
//Subjects=11
52  36  -6 
-28  -2  2 
-26  46  32 
-44  24  40 
-4  -4  18 
-46  -42  32 
-46  -42  8 
-8  -82  -24 

//Reference=MNI 
//nullstudy_89
//Subjects=8
-52  -34  36 
18  66  -16 
-28  -50  8 
20  4  74 
8  42  14 
44  6  -32 
-12  -30  8 
24  8  60 

//Reference=MNI 
//nullstudy_90
//Subjects=10
-38  -62  32 
-40  38  2 
-32  -46  -10 
-10  -84  -34 
-32  -26  60 
-2  -12  -8 
-38  -8  58 
-32  12  52 

//Reference=MNI 
//nullstudy_91
//Subjects=10
2  62  -4 
32  6  -22 
-48  -8  -38 
6  56  38 
-48  30  18 
-2  0  22 
54  10  -18 
-34  58  0 

//Reference=MNI 
//nullstudy_92
//Subjects=11
-30  -12  52 
-34  -52  58 
-6  -52  -12 
-34  -64  30 
-6  -2  76 
36  52  12 
-24  -56  10 
-14  12  14 

//Reference=MNI 
//nullstudy_93
//Subjects=12
-16  14  6 
-52  -8  -20 
-42  50  18 
4  38  6 
2  54  -26 
-60  -30  -2 
-32  -94  -14 
-26  -86  34 

//Reference=MNI 
//nullstudy_94
//Subjects=7
-58  -54  34 
58  6  4 
-14  58  14 
38  40  -18 
-40  -56  -2 
-40  -42  -24 
-20  -56  52 
-16  -80  -8 

//Reference=MNI 
//nullstudy_95
//Subjects=9
-30  -88  -40 
-22  -88  -16 
-22  -84  10 
-34  -78  -40 
60  26  4 
-26  10  -14 
-18  -54  52 
0  52  4 

//Reference=MNI 
//nullstudy_96
//Subjects=10
-62  -28  -16 
-20  40  22 
-34  40  8 
-10  -60  18 
44  52  8 
14  38  -26 
-12  62  26 
-62  10  8 

//Reference=MNI 
//nullstudy_97
//Subjects=10
2  18  48 
-20  -90  4 
-50  -8  26 
-48  -8  -10 
-38  -92  -4 
-36  -50  -16 
-4  58  16 
12  36  58 

//Reference=MNI 
//nullstudy_98
//Subjects=9
-38  -12  -6 
62  14  24 
-20  -70  52 
-30  -26  -32 
-38  -40  -46 
-34  26  -2 
-6  20  66 
62  22  12 

//Reference=MNI 
//nullstudy_99
//Subjects=11
4  18  -22 
-54  -74  -10 
-2  4  34 
-4  -46  46 
-32  -4  -50 
22  54  -6 
-4  -30  -12 
-12  0  -8 

//Reference=MNI 
//nullstudy_100
//Subjects=11
-36  -18  -14 
-6  -92  -26 
-30  64  -8 
14  6  74 
-8  66  -2 
-8  -12  42 
-54  -14  38 
14  16  18 

