//Reference=MNI 
//truestudy_1
//Subjects=21
45  -66  -4 
45  -66  -4 
45  -67  -5 
47  -66  -6 
45  -66  -5 
47  -66  -6 
47  -65  -4 
45  -65  -5 

//Reference=MNI 
//truestudy_2
//Subjects=18
46  -67  -6 
48  -66  -6 
47  -66  -6 
45  -66  -6 
46  -65  -5 
46  -66  -6 
45  -65  -8 
46  -69  -7 

//Reference=MNI 
//truestudy_3
//Subjects=20
44  -66  -7 
46  -65  -7 
45  -66  -7 
46  -64  -7 
46  -66  -7 
46  -65  -6 
47  -66  -7 
45  -65  -6 

//Reference=MNI 
//nullstudy_1
//Subjects=21
34  16  -4 
8  24  -12 
16  10  -12 
-10  14  30 
-42  44  -20 
34  50  22 
-56  -8  34 
-26  -14  -16 

//Reference=MNI 
//nullstudy_2
//Subjects=18
-20  -50  8 
-16  -26  60 
-12  -44  42 
-10  48  -24 
-60  -56  -2 
-58  -64  -6 
-46  20  -26 
-18  68  2 

//Reference=MNI 
//nullstudy_3
//Subjects=20
-32  -78  -44 
-2  -26  -2 
-52  -58  -20 
-20  -26  2 
6  20  -10 
16  54  36 
-6  44  30 
-34  -76  -4 

//Reference=MNI 
//nullstudy_4
//Subjects=21
-20  -46  64 
-6  -70  -36 
-6  26  62 
-22  -12  58 
26  28  -22 
-54  -20  -12 
60  6  -18 
-30  36  16 

//Reference=MNI 
//nullstudy_5
//Subjects=20
-40  26  -28 
-6  -48  -52 
-18  2  -44 
-46  12  -14 
-30  -42  -54 
-28  6  44 
22  34  38 
-12  -52  -30 

//Reference=MNI 
//nullstudy_6
//Subjects=21
4  10  36 
-30  -78  -8 
-4  66  20 
-12  -100  4 
-32  -90  12 
-60  -26  -2 
-44  0  46 
8  16  62 

//Reference=MNI 
//nullstudy_7
//Subjects=24
-22  -2  54 
30  24  50 
-56  -8  -42 
-52  -32  -8 
-10  38  -24 
-30  -90  -28 
8  20  48 
14  10  38 

//Reference=MNI 
//nullstudy_8
//Subjects=20
-40  40  4 
-48  -68  -38 
52  8  48 
-30  -18  -40 
-6  10  40 
-20  -54  -6 
-34  28  0 
58  8  22 

//Reference=MNI 
//nullstudy_9
//Subjects=20
-14  -2  74 
-36  8  8 
6  22  -26 
-6  48  44 
-36  -16  22 
-6  -86  -44 
6  18  -20 
-14  16  20 

//Reference=MNI 
//nullstudy_10
//Subjects=20
-40  -68  -38 
-2  -60  26 
40  6  2 
-12  -50  68 
-30  18  12 
4  34  28 
-12  0  60 
42  12  -8 

//Reference=MNI 
//nullstudy_11
//Subjects=20
-44  10  -38 
30  22  14 
-6  46  -28 
-28  -48  58 
-38  -40  60 
-18  -86  -28 
-32  10  42 
-68  -36  2 

//Reference=MNI 
//nullstudy_12
//Subjects=20
-58  14  14 
-32  -54  -56 
36  30  6 
-64  -18  2 
-2  62  -20 
-24  -72  20 
-8  -58  14 
52  4  8 

//Reference=MNI 
//nullstudy_13
//Subjects=21
-28  8  -40 
-38  14  26 
-4  -78  36 
-6  10  48 
4  60  16 
-66  -34  36 
-28  42  12 
-16  -22  -6 

//Reference=MNI 
//nullstudy_14
//Subjects=20
-24  58  28 
46  38  24 
-40  -46  18 
-46  12  34 
64  12  6 
-26  30  46 
-36  -40  -8 
-26  -32  -2 

//Reference=MNI 
//nullstudy_15
//Subjects=20
26  2  -42 
58  20  18 
-26  -86  38 
-52  -14  22 
-12  -54  70 
-34  -54  -24 
-26  -6  50 
-36  -36  -38 

//Reference=MNI 
//nullstudy_16
//Subjects=21
-26  68  6 
-40  -82  -18 
34  36  34 
-52  -6  46 
-50  -12  34 
-26  -74  42 
32  22  0 
-10  10  -28 

//Reference=MNI 
//nullstudy_17
//Subjects=18
38  20  54 
-48  -38  40 
-30  -40  -38 
-10  42  12 
-4  -38  -50 
-32  -72  -28 
-46  -28  -10 
-22  16  64 

//Reference=MNI 
//nullstudy_18
//Subjects=21
-56  -52  -32 
-4  -54  28 
6  70  4 
-54  -42  12 
-22  -76  -32 
44  36  -10 
-22  52  -18 
32  48  16 

//Reference=MNI 
//nullstudy_19
//Subjects=21
-10  -50  72 
34  24  -22 
-16  -8  -38 
32  60  20 
-8  66  28 
-38  12  30 
-4  -44  -60 
52  42  -6 

//Reference=MNI 
//nullstudy_20
//Subjects=20
-34  8  32 
46  24  42 
-8  -56  24 
40  38  -18 
-28  44  20 
-20  48  -18 
-32  46  -18 
-26  -70  24 

//Reference=MNI 
//nullstudy_21
//Subjects=20
-50  -16  34 
-8  -48  -18 
4  24  44 
-48  -50  -46 
12  2  -36 
-12  -64  24 
-20  -46  12 
38  30  4 

//Reference=MNI 
//nullstudy_22
//Subjects=18
0  36  56 
-54  26  26 
-4  -34  -28 
-8  -10  -14 
6  40  0 
-16  -88  18 
-46  36  -8 
-32  -62  -22 

//Reference=MNI 
//nullstudy_23
//Subjects=20
-32  -16  2 
-42  -54  -2 
42  32  46 
-2  -6  34 
30  44  -8 
-46  10  -12 
60  6  6 
-10  46  -12 

//Reference=MNI 
//nullstudy_24
//Subjects=22
-56  -30  42 
30  24  -32 
-32  -64  26 
-68  -10  20 
4  12  -26 
-34  -28  68 
-40  -56  50 
-20  48  34 

//Reference=MNI 
//nullstudy_25
//Subjects=19
8  26  18 
-14  -40  0 
-8  -74  -6 
-36  -52  -22 
-6  -2  -14 
-32  -58  64 
-58  -64  -26 
30  12  -18 

//Reference=MNI 
//nullstudy_26
//Subjects=21
-50  -56  -48 
-2  64  0 
-28  46  24 
-8  -66  -18 
26  20  64 
-48  -52  -16 
-50  4  -12 
-40  -42  -20 

//Reference=MNI 
//nullstudy_27
//Subjects=21
-36  -54  -24 
-14  -100  6 
-24  0  72 
-54  14  -2 
-34  20  58 
-14  30  60 
52  6  18 
-14  52  -12 

//Reference=MNI 
//nullstudy_28
//Subjects=22
-28  -42  38 
-26  -42  42 
-30  -68  -32 
-60  -34  -16 
-2  12  24 
-18  -2  -46 
-26  -56  12 
32  14  -34 

//Reference=MNI 
//nullstudy_29
//Subjects=20
6  64  32 
-16  2  -30 
-16  -90  40 
36  30  14 
44  4  -14 
16  30  -28 
-10  36  -18 
-22  4  -46 

//Reference=MNI 
//nullstudy_30
//Subjects=19
14  26  -10 
38  34  26 
-10  -66  -20 
54  6  -26 
-50  -32  38 
-4  -70  -26 
-18  -28  6 
-68  -20  -16 

//Reference=MNI 
//nullstudy_31
//Subjects=20
-14  10  24 
-28  -70  52 
50  2  12 
-56  -54  -34 
-56  -40  -2 
-42  -56  -30 
30  26  30 
-8  -72  -38 

//Reference=MNI 
//nullstudy_32
//Subjects=19
32  46  22 
-16  -32  16 
-48  -20  -30 
-4  -80  -6 
-30  -96  16 
16  22  14 
-4  -66  42 
36  48  -14 

//Reference=MNI 
//nullstudy_33
//Subjects=22
-46  -36  60 
14  16  -14 
-18  -40  -10 
-14  -78  -6 
8  22  -20 
12  24  -16 
32  44  2 
-40  -56  28 

//Reference=MNI 
//nullstudy_34
//Subjects=20
8  42  -10 
-60  -36  40 
32  20  -36 
-10  -50  -6 
-8  10  64 
-64  -40  20 
12  42  28 
-24  48  40 

//Reference=MNI 
//nullstudy_35
//Subjects=22
-12  -58  14 
28  24  62 
-10  -42  76 
-24  -26  66 
-44  28  24 
-38  24  -36 
-32  -4  42 
-32  8  -10 

//Reference=MNI 
//nullstudy_36
//Subjects=20
-58  2  34 
-14  -10  18 
18  28  42 
-50  2  16 
-62  -44  -16 
-10  -44  -38 
-34  56  -14 
-42  -32  14 

//Reference=MNI 
//nullstudy_37
//Subjects=20
-28  -48  72 
-20  -62  26 
10  66  -18 
60  2  -20 
-2  -80  -42 
-32  38  22 
40  26  -32 
26  2  -10 

//Reference=MNI 
//nullstudy_38
//Subjects=20
-42  -78  28 
-30  20  -4 
-26  58  0 
-46  -78  -22 
-24  -78  -42 
30  24  46 
-50  -58  10 
-12  -8  50 

//Reference=MNI 
//nullstudy_39
//Subjects=21
-8  -56  -40 
44  44  16 
8  2  62 
14  68  14 
-44  2  16 
2  10  -20 
-10  -20  72 
-60  -34  46 

//Reference=MNI 
//nullstudy_40
//Subjects=18
-46  10  -34 
34  24  -32 
-2  -20  -38 
-38  -28  46 
-22  -68  -34 
26  68  12 
-48  -54  -14 
64  2  -2 

//Reference=MNI 
//nullstudy_41
//Subjects=21
-52  -14  -2 
-12  -66  60 
32  10  -8 
-24  4  -40 
-66  -46  -12 
26  8  -22 
-18  62  22 
-20  40  30 

//Reference=MNI 
//nullstudy_42
//Subjects=20
50  22  -24 
6  36  -20 
-16  -48  -28 
-18  -68  -56 
-36  46  -2 
22  52  26 
-36  -6  -32 
-8  -76  -14 

//Reference=MNI 
//nullstudy_43
//Subjects=21
-24  -26  60 
48  36  10 
36  46  24 
-18  64  -6 
-8  0  10 
-30  -40  66 
-12  -34  4 
-8  -38  -32 

//Reference=MNI 
//nullstudy_44
//Subjects=21
-10  -102  2 
-26  -36  -12 
-36  14  -30 
-38  -12  50 
-62  -32  -28 
-12  -90  -2 
16  18  54 
-20  -72  46 

//Reference=MNI 
//nullstudy_45
//Subjects=18
-42  -84  -26 
44  26  28 
-20  -92  -2 
-44  0  52 
-16  -44  -44 
-4  -58  -16 
30  18  40 
-18  -58  0 

//Reference=MNI 
//nullstudy_46
//Subjects=20
-2  -62  -62 
32  24  -16 
-20  42  44 
-6  -26  10 
4  6  68 
-20  24  -22 
16  10  -6 
-50  -58  4 

//Reference=MNI 
//nullstudy_47
//Subjects=21
34  12  -2 
-18  -40  60 
-52  -46  40 
-46  10  40 
-64  -20  -16 
-8  -86  -10 
14  40  8 
-48  -54  0 

//Reference=MNI 
//nullstudy_48
//Subjects=20
-26  -48  -48 
44  26  -22 
-28  -20  -22 
12  64  6 
64  6  18 
-2  -94  -24 
2  2  16 
-16  -4  -10 

//Reference=MNI 
//nullstudy_49
//Subjects=22
-52  -32  -10 
-50  -22  -16 
-66  -24  14 
10  6  50 
48  30  38 
-50  -56  26 
-14  14  -16 
-60  -4  38 

//Reference=MNI 
//nullstudy_50
//Subjects=20
-54  -44  48 
-4  -82  44 
-30  -62  8 
-56  -12  2 
-30  -10  -16 
26  8  70 
-30  -12  -18 
-14  60  0 

//Reference=MNI 
//nullstudy_51
//Subjects=19
-16  -64  30 
-52  26  12 
-36  48  32 
-26  60  12 
-4  46  -2 
-38  -62  32 
-32  -74  -50 
-28  -64  38 

//Reference=MNI 
//nullstudy_52
//Subjects=19
-10  46  6 
-6  -20  64 
-48  -50  28 
-16  -36  -50 
34  52  4 
28  54  -2 
16  56  36 
-28  -46  -24 

//Reference=MNI 
//nullstudy_53
//Subjects=19
62  20  10 
2  58  40 
8  30  -18 
-16  -68  48 
-32  -48  34 
62  20  12 
-62  -58  10 
-44  24  4 

//Reference=MNI 
//nullstudy_54
//Subjects=20
-42  -16  0 
22  16  -6 
-24  -68  -32 
-12  -30  -26 
48  22  38 
-2  -98  20 
-6  26  42 
-2  2  70 

//Reference=MNI 
//nullstudy_55
//Subjects=18
-54  -48  -22 
30  56  26 
-22  -26  -22 
-10  10  -4 
6  50  18 
-10  44  0 
42  14  56 
-54  -34  2 

//Reference=MNI 
//nullstudy_56
//Subjects=19
-22  -84  -24 
-2  62  16 
-16  -82  44 
-2  -32  36 
-18  48  22 
-64  -10  -8 
-14  -44  36 
-20  16  -34 

//Reference=MNI 
//nullstudy_57
//Subjects=20
-28  -8  56 
-6  8  6 
-8  60  -22 
46  46  4 
-34  -96  -12 
2  44  -30 
28  20  40 
-34  6  -22 

//Reference=MNI 
//nullstudy_58
//Subjects=19
-66  -18  -26 
6  38  -4 
-26  28  42 
58  26  28 
-46  -64  16 
-4  -52  -62 
32  32  50 
-10  -14  -30 

//Reference=MNI 
//nullstudy_59
//Subjects=20
-24  42  36 
-16  -16  -12 
-52  -28  -14 
-44  -72  -14 
-20  -82  8 
-34  -14  64 
-48  8  8 
-42  -20  10 

//Reference=MNI 
//nullstudy_60
//Subjects=21
-26  6  66 
-48  -50  36 
40  4  32 
-28  -52  70 
-8  -78  40 
-20  56  14 
-66  -40  20 
-26  -58  -64 

//Reference=MNI 
//nullstudy_61
//Subjects=21
-38  -56  -32 
56  6  2 
-36  -76  -48 
-58  -30  -24 
-54  -22  20 
-4  -70  30 
28  24  32 
34  12  62 

//Reference=MNI 
//nullstudy_62
//Subjects=20
-32  -62  38 
-4  -68  42 
-32  8  -44 
-44  -80  8 
-10  -2  64 
-30  -70  -14 
-40  22  54 
24  6  10 

//Reference=MNI 
//nullstudy_63
//Subjects=19
2  58  24 
-12  -74  -30 
-56  -24  32 
-4  -58  -60 
-32  -4  -32 
-10  -26  60 
-34  -18  -24 
-34  10  -24 

//Reference=MNI 
//nullstudy_64
//Subjects=20
-28  -6  -10 
-44  -36  18 
-26  30  -12 
-16  -76  -26 
-46  -26  50 
-58  -34  -4 
-30  20  46 
-10  -60  46 

//Reference=MNI 
//nullstudy_65
//Subjects=19
-20  -14  -14 
10  60  28 
24  34  30 
-2  -74  38 
-58  2  28 
18  28  4 
-40  -56  12 
-38  42  28 

//Reference=MNI 
//nullstudy_66
//Subjects=20
-46  -44  40 
-46  20  40 
32  58  -2 
-34  4  -48 
30  22  -34 
-58  6  4 
-28  -52  -34 
38  10  34 

//Reference=MNI 
//nullstudy_67
//Subjects=19
-38  -66  -16 
-4  -42  8 
-6  14  -16 
-2  12  72 
-12  -44  -10 
-2  -66  54 
-20  12  -24 
44  8  46 

//Reference=MNI 
//nullstudy_68
//Subjects=22
-40  -24  -16 
-20  40  34 
-16  -20  16 
-4  -28  2 
60  2  10 
-2  -64  64 
-34  -66  44 
-2  18  8 

//Reference=MNI 
//nullstudy_69
//Subjects=23
-36  20  -2 
42  58  -4 
-54  -24  48 
-40  2  -2 
-22  -76  -38 
-42  6  -2 
-20  -94  4 
-48  -44  20 

//Reference=MNI 
//nullstudy_70
//Subjects=20
-44  34  36 
-12  38  -18 
4  44  54 
-48  -76  18 
-12  -14  -38 
-14  30  50 
-46  12  -24 
-24  -84  28 

//Reference=MNI 
//nullstudy_71
//Subjects=20
-18  14  -34 
-12  -50  10 
-16  -22  -26 
-44  -62  4 
-18  -50  -38 
40  20  -4 
-14  42  42 
-36  -86  34 

//Reference=MNI 
//nullstudy_72
//Subjects=19
-42  -44  60 
8  26  60 
50  24  -12 
-56  -14  -40 
-32  30  48 
-2  -6  6 
-18  -18  70 
58  26  4 

//Reference=MNI 
//nullstudy_73
//Subjects=21
-40  -32  68 
-28  26  -24 
-40  36  4 
-48  -18  -6 
-4  36  36 
-8  -56  -34 
-40  -10  60 
62  2  36 

//Reference=MNI 
//nullstudy_74
//Subjects=19
50  28  0 
-10  -36  -8 
-8  0  42 
-38  6  58 
-12  62  -18 
22  14  -8 
-54  4  -6 
36  34  30 

//Reference=MNI 
//nullstudy_75
//Subjects=19
-18  30  -26 
36  22  10 
40  24  -20 
-50  -32  0 
-46  50  -6 
-28  -28  -24 
-2  14  68 
-20  -54  -56 

//Reference=MNI 
//nullstudy_76
//Subjects=18
-4  -76  54 
50  20  -6 
-4  -72  44 
-62  -24  10 
12  60  38 
-28  -68  36 
34  56  -16 
-36  -58  -24 

//Reference=MNI 
//nullstudy_77
//Subjects=21
-54  6  10 
0  26  26 
-34  -20  58 
-10  -86  -44 
-46  -46  30 
-8  48  -2 
-2  -24  24 
-12  -74  -48 

//Reference=MNI 
//nullstudy_78
//Subjects=19
24  40  24 
2  2  44 
-38  2  -20 
-36  0  30 
0  40  34 
46  24  14 
-14  -64  36 
-46  16  -20 

//Reference=MNI 
//nullstudy_79
//Subjects=20
-4  -34  -2 
-54  -28  44 
-24  -72  0 
-24  -60  68 
20  8  -6 
0  52  -4 
-26  -100  -12 
-2  -86  26 

//Reference=MNI 
//nullstudy_80
//Subjects=21
56  8  6 
-18  -2  52 
-36  56  4 
22  40  54 
28  50  30 
-46  -44  18 
-16  -76  -20 
-30  18  -38 

//Reference=MNI 
//nullstudy_81
//Subjects=21
36  10  22 
6  32  28 
-22  -36  -20 
-38  -20  16 
-48  -24  8 
-56  2  -38 
-6  2  -16 
0  18  54 

//Reference=MNI 
//nullstudy_82
//Subjects=21
-4  -50  68 
22  58  4 
-12  -90  18 
-12  -102  14 
-2  -44  12 
-8  -90  -8 
-42  -22  12 
-6  10  -8 

//Reference=MNI 
//nullstudy_83
//Subjects=20
-38  -18  -4 
-64  0  6 
-20  -54  56 
-12  62  8 
-44  20  -14 
-10  10  48 
-2  -80  10 
-62  -34  -2 

//Reference=MNI 
//nullstudy_84
//Subjects=21
-46  4  32 
6  34  54 
-10  -28  -42 
34  6  -4 
-34  -30  -16 
4  68  4 
-54  -20  4 
-44  -74  30 

//Reference=MNI 
//nullstudy_85
//Subjects=21
-18  -64  68 
56  10  8 
-6  24  22 
-24  30  -12 
-2  -36  48 
36  48  2 
-30  -84  14 
-4  -62  -62 

//Reference=MNI 
//nullstudy_86
//Subjects=20
-18  -68  0 
-50  26  36 
-12  52  10 
2  2  6 
-22  -36  -32 
-2  -48  -24 
-18  28  -14 
-14  40  20 

//Reference=MNI 
//nullstudy_87
//Subjects=20
-40  -58  -8 
-4  -44  -40 
-18  38  54 
-6  -48  -32 
-56  -22  32 
-26  -10  70 
14  2  44 
-30  -46  -38 

//Reference=MNI 
//nullstudy_88
//Subjects=22
2  14  52 
-6  -30  -42 
-12  -70  2 
-16  28  -22 
-22  -76  -30 
-10  18  54 
12  48  12 
-32  -68  26 

//Reference=MNI 
//nullstudy_89
//Subjects=20
10  6  60 
22  6  -10 
-32  46  4 
-18  54  8 
-50  -18  44 
-68  -26  30 
44  18  -40 
-36  60  16 

//Reference=MNI 
//nullstudy_90
//Subjects=20
0  28  12 
24  54  28 
30  30  -6 
-18  -90  -12 
-64  -50  -2 
-10  52  16 
-14  -80  28 
-8  -12  -24 

//Reference=MNI 
//nullstudy_91
//Subjects=19
-18  -50  -46 
24  56  10 
34  46  40 
-50  -28  56 
-40  -18  18 
-62  -34  -8 
-40  12  -40 
4  6  -14 

//Reference=MNI 
//nullstudy_92
//Subjects=20
-18  6  -16 
-64  -42  38 
-44  -48  38 
-24  -32  58 
-12  -88  38 
-42  48  -18 
28  8  -14 
-54  -50  -34 

//Reference=MNI 
//nullstudy_93
//Subjects=20
-34  -72  36 
-12  -26  46 
-48  -22  -10 
-16  -52  72 
-8  -20  72 
-42  -76  -38 
-14  -38  -44 
-24  -10  64 

//Reference=MNI 
//nullstudy_94
//Subjects=21
-30  -16  8 
-46  -12  -40 
6  62  -14 
50  2  -36 
-24  -78  30 
-68  -34  24 
26  34  32 
-56  -6  22 

//Reference=MNI 
//nullstudy_95
//Subjects=20
-4  -12  52 
-48  -48  48 
-14  -38  -30 
-60  4  -14 
-18  -2  52 
-38  -42  -50 
-36  -42  -30 
16  56  2 

//Reference=MNI 
//nullstudy_96
//Subjects=19
-24  -44  -8 
-42  -18  16 
28  30  38 
-24  50  -6 
-4  -50  32 
-24  28  48 
-50  -2  38 
-16  -66  36 

//Reference=MNI 
//nullstudy_97
//Subjects=20
-2  -6  56 
-46  -20  -34 
-64  -16  40 
-50  -62  -14 
-22  -50  2 
54  40  16 
-6  -102  8 
-18  -42  0 

//Reference=MNI 
//nullstudy_98
//Subjects=20
12  54  -14 
-30  50  -12 
-12  14  -30 
24  38  44 
-32  26  -12 
-4  -88  -20 
-18  -42  0 
-34  22  46 

//Reference=MNI 
//nullstudy_99
//Subjects=21
-22  -20  -22 
20  8  58 
56  12  14 
-24  -46  2 
46  6  -14 
-30  50  -10 
-4  58  16 
48  30  -6 

//Reference=MNI 
//nullstudy_100
//Subjects=20
-48  -82  4 
28  34  34 
-10  40  16 
-24  -62  -30 
-14  -36  -50 
32  44  2 
-40  -40  -30 
-14  -72  -2 

