//Reference=MNI 
//truestudy_1
//Subjects=31
45  -65  -5 
48  -64  -4 
46  -66  -5 
47  -66  -7 
46  -65  -7 
45  -65  -6 
47  -65  -6 
47  -66  -7 

//Reference=MNI 
//truestudy_2
//Subjects=31
46  -66  -5 
46  -67  -7 
45  -66  -5 
46  -68  -5 
45  -66  -6 
45  -64  -5 
47  -68  -6 
45  -65  -7 

//Reference=MNI 
//truestudy_3
//Subjects=31
45  -67  -6 
47  -66  -9 
46  -65  -2 
46  -66  -6 
46  -67  -6 
45  -66  -5 
44  -68  -6 
45  -66  -6 

//Reference=MNI 
//nullstudy_1
//Subjects=31
46  8  -16 
-40  -12  48 
-46  -2  10 
8  8  20 
-48  44  16 
-12  -50  -34 
44  8  34 
-2  -28  46 

//Reference=MNI 
//nullstudy_2
//Subjects=31
4  32  -12 
20  14  50 
-18  20  -16 
-46  -80  6 
32  24  -30 
-68  -34  -22 
4  4  26 
-14  64  -10 

//Reference=MNI 
//nullstudy_3
//Subjects=31
-24  -20  -10 
34  46  24 
-38  56  10 
34  8  12 
-2  -44  54 
-60  -56  14 
-24  8  -42 
-18  -60  -54 

//Reference=MNI 
//nullstudy_4
//Subjects=30
-66  -16  -14 
-18  36  -20 
16  32  46 
-6  8  -12 
8  48  6 
-2  -64  16 
-18  -88  -38 
18  50  -14 

//Reference=MNI 
//nullstudy_5
//Subjects=29
-34  20  12 
-36  4  -4 
34  8  46 
-26  -58  58 
-40  26  16 
-40  -36  18 
22  8  -24 
-30  52  24 

//Reference=MNI 
//nullstudy_6
//Subjects=30
-34  -44  0 
-36  -72  22 
40  28  -14 
-42  14  -38 
-2  -52  -38 
-32  -76  50 
-6  -12  -30 
56  16  -12 

//Reference=MNI 
//nullstudy_7
//Subjects=29
-26  -22  64 
-48  -52  0 
-24  10  60 
-28  18  -20 
-4  -14  6 
-4  -82  -42 
-52  -66  -14 
-16  -16  -28 

//Reference=MNI 
//nullstudy_8
//Subjects=28
-54  -18  22 
-38  -64  52 
-12  -64  42 
-54  -48  -40 
-42  40  14 
16  42  8 
26  42  48 
-56  2  -2 

//Reference=MNI 
//nullstudy_9
//Subjects=29
8  20  26 
-16  -72  -30 
-20  58  22 
-6  -54  -16 
18  30  62 
-48  0  52 
42  26  18 
16  10  10 

//Reference=MNI 
//nullstudy_10
//Subjects=28
4  50  42 
-12  -74  36 
-62  -34  22 
-34  -36  18 
0  12  6 
28  10  64 
-66  -32  -16 
60  14  20 

//Reference=MNI 
//nullstudy_11
//Subjects=31
-42  -20  38 
-32  -36  42 
40  6  -4 
-36  42  4 
-10  -62  -4 
-24  60  24 
-44  -10  28 
-50  -60  -20 

//Reference=MNI 
//nullstudy_12
//Subjects=31
-44  -28  0 
46  38  10 
-2  38  24 
-62  -54  26 
-26  -82  -16 
-4  -72  -12 
-8  30  56 
-8  -86  42 

//Reference=MNI 
//nullstudy_13
//Subjects=29
-4  -60  46 
38  32  30 
-24  -28  -24 
4  12  40 
-18  -60  -6 
-26  56  8 
-66  -38  2 
-10  8  48 

//Reference=MNI 
//nullstudy_14
//Subjects=30
-6  -56  26 
26  28  48 
-32  -42  40 
-50  -24  50 
-48  0  50 
64  4  -18 
-14  -12  -32 
-36  -22  2 

//Reference=MNI 
//nullstudy_15
//Subjects=28
-26  -32  -32 
12  6  48 
-6  -74  -30 
-24  -36  -32 
-16  -20  14 
-20  -58  2 
-6  18  -6 
10  6  36 

//Reference=MNI 
//nullstudy_16
//Subjects=30
-68  -40  8 
8  56  -2 
-64  -40  18 
-30  -32  -10 
-16  -22  18 
-4  52  44 
-28  -86  -2 
-16  -32  -34 

//Reference=MNI 
//nullstudy_17
//Subjects=31
50  24  -6 
-12  -18  50 
-8  -22  72 
-52  4  42 
30  22  60 
6  26  -20 
-6  -56  0 
-14  -68  44 

//Reference=MNI 
//nullstudy_18
//Subjects=31
-54  -50  10 
-20  -48  2 
-36  46  6 
-42  18  46 
-28  -64  32 
-52  -60  34 
-34  -76  -10 
-10  30  64 

//Reference=MNI 
//nullstudy_19
//Subjects=32
22  52  -10 
4  42  -14 
-2  8  48 
-46  -28  46 
-44  0  -24 
-22  40  -18 
-46  -10  -30 
-10  18  58 

//Reference=MNI 
//nullstudy_20
//Subjects=32
-2  -38  -48 
-20  -74  24 
-14  -14  12 
28  46  28 
18  18  12 
36  28  50 
20  60  28 
-40  -18  46 

//Reference=MNI 
//nullstudy_21
//Subjects=30
-4  -36  50 
-12  28  50 
-46  -22  -32 
42  16  28 
54  16  -8 
38  2  46 
4  24  -22 
-8  6  -12 

//Reference=MNI 
//nullstudy_22
//Subjects=30
-46  -16  -10 
-50  32  18 
-26  -42  -26 
8  36  58 
-40  -76  12 
40  58  2 
-30  -34  -28 
-40  -56  -18 

//Reference=MNI 
//nullstudy_23
//Subjects=30
-6  -72  52 
-30  -46  -36 
-28  14  58 
-4  -84  -16 
-8  -92  -28 
-26  -56  -44 
-8  10  -20 
0  36  58 

//Reference=MNI 
//nullstudy_24
//Subjects=29
-34  32  34 
-6  -54  66 
-50  -16  -28 
-70  -24  8 
-26  -60  -44 
-42  -16  56 
-64  -24  10 
-30  -86  -18 

//Reference=MNI 
//nullstudy_25
//Subjects=30
-10  34  16 
-6  -78  -40 
-28  -62  -14 
-34  -10  50 
-6  -84  44 
-30  -26  48 
-18  -46  4 
36  58  2 

//Reference=MNI 
//nullstudy_26
//Subjects=28
-54  -68  -32 
-52  16  0 
-34  14  62 
-50  2  -8 
-2  -8  14 
-32  -44  -30 
6  14  -18 
-48  -32  56 

//Reference=MNI 
//nullstudy_27
//Subjects=31
-32  -34  22 
-16  18  52 
6  2  -4 
26  20  -38 
42  46  18 
28  6  2 
-16  12  72 
-8  -44  54 

//Reference=MNI 
//nullstudy_28
//Subjects=29
-54  18  0 
-12  -104  10 
-4  -94  -24 
40  28  46 
-4  -42  -20 
-20  -20  -26 
10  18  -10 
24  64  0 

//Reference=MNI 
//nullstudy_29
//Subjects=29
0  64  24 
-36  -68  -32 
-26  40  48 
-30  -46  56 
-2  12  -24 
-24  60  12 
-28  -84  4 
-48  -24  10 

//Reference=MNI 
//nullstudy_30
//Subjects=32
-38  12  30 
-42  12  58 
-22  -6  -18 
-54  -68  -14 
20  42  -18 
-12  16  60 
-36  -2  -10 
-6  38  -10 

//Reference=MNI 
//nullstudy_31
//Subjects=30
40  10  12 
-38  14  4 
-8  -44  -30 
32  60  -6 
-34  -48  -4 
-14  -48  -6 
-12  -26  -26 
-4  -70  -52 

//Reference=MNI 
//nullstudy_32
//Subjects=31
-40  -24  44 
38  4  6 
-34  -72  40 
-54  -64  -10 
-28  -52  -4 
2  66  -4 
-46  -24  44 
-22  -48  -26 

//Reference=MNI 
//nullstudy_33
//Subjects=29
10  44  34 
-60  14  0 
-40  -22  46 
-30  -6  68 
-26  -102  -6 
-10  -28  10 
-28  6  8 
-8  -20  18 

//Reference=MNI 
//nullstudy_34
//Subjects=28
-34  -8  52 
-38  0  58 
-30  -56  -32 
42  26  -18 
-26  32  46 
12  34  30 
-14  -78  -30 
-2  12  30 

//Reference=MNI 
//nullstudy_35
//Subjects=30
-60  -42  20 
-4  54  -26 
-36  -90  20 
-58  0  -2 
-8  -30  70 
-10  30  58 
-8  6  44 
-14  10  -22 

//Reference=MNI 
//nullstudy_36
//Subjects=31
-4  -24  -28 
34  16  -6 
-6  -64  -60 
30  8  60 
-40  -88  2 
-30  0  -46 
8  70  8 
18  52  -10 

//Reference=MNI 
//nullstudy_37
//Subjects=32
-60  -22  38 
-24  18  -4 
-54  6  20 
-54  30  16 
-22  -32  -34 
-12  46  46 
-40  10  6 
-12  -80  28 

//Reference=MNI 
//nullstudy_38
//Subjects=29
-8  -20  -38 
-28  16  -20 
-26  -2  -26 
-42  -12  -40 
-18  10  64 
-14  -60  -28 
26  46  -12 
-2  -36  38 

//Reference=MNI 
//nullstudy_39
//Subjects=31
-56  -64  24 
-46  26  24 
4  24  66 
-40  -68  -16 
-8  -22  -44 
-58  -16  -24 
-12  -54  -18 
-12  -80  10 

//Reference=MNI 
//nullstudy_40
//Subjects=31
32  12  14 
-26  -46  -38 
-40  -70  -44 
-32  -72  -24 
-42  26  -10 
20  50  4 
-44  -58  50 
-22  -44  -52 

//Reference=MNI 
//nullstudy_41
//Subjects=31
38  42  12 
-16  -68  -40 
-12  -36  40 
20  2  -22 
-6  -34  12 
-60  0  36 
-18  -60  -62 
-10  10  36 

//Reference=MNI 
//nullstudy_42
//Subjects=29
-30  16  56 
-54  -2  20 
-56  -72  14 
-42  16  -8 
-22  -62  -60 
-30  34  -16 
-38  -88  -12 
36  44  22 

//Reference=MNI 
//nullstudy_43
//Subjects=31
-24  -42  52 
34  52  -14 
-12  -72  48 
-42  -78  -2 
-8  -74  40 
-20  -58  42 
-64  -40  6 
-48  38  -4 

//Reference=MNI 
//nullstudy_44
//Subjects=28
-48  -34  -24 
-12  -84  38 
-14  -52  34 
20  66  -12 
-28  -64  -58 
-4  -38  76 
10  32  42 
-28  -38  -20 

//Reference=MNI 
//nullstudy_45
//Subjects=30
0  56  -6 
20  14  44 
-60  -32  16 
-14  16  6 
-16  -102  14 
-6  -44  34 
-34  -86  -30 
-12  -76  46 

//Reference=MNI 
//nullstudy_46
//Subjects=29
-16  -76  36 
-16  -68  18 
32  26  2 
16  16  -24 
-4  -14  -14 
-48  -40  -28 
-34  20  36 
-62  -36  -22 

//Reference=MNI 
//nullstudy_47
//Subjects=29
-40  -44  66 
-34  22  0 
-12  -70  60 
-20  56  -20 
-44  -12  -44 
-18  -88  0 
-20  68  6 
-16  -52  54 

//Reference=MNI 
//nullstudy_48
//Subjects=30
30  58  -8 
-12  -6  58 
20  62  26 
-48  14  16 
-40  16  8 
-52  6  -36 
-54  -70  8 
58  12  26 

//Reference=MNI 
//nullstudy_49
//Subjects=29
-54  -60  -20 
-28  -56  68 
14  16  4 
-32  40  -6 
-6  -48  -34 
-12  -62  62 
-48  -18  34 
-50  -68  -14 

//Reference=MNI 
//nullstudy_50
//Subjects=28
-34  -62  -40 
-40  8  -38 
-4  -8  40 
-22  -28  -30 
-14  -98  16 
-18  54  -6 
42  14  36 
-50  -4  -44 

//Reference=MNI 
//nullstudy_51
//Subjects=31
-18  -50  56 
4  68  -2 
-14  28  60 
30  2  -20 
-18  -54  54 
-52  -16  -16 
-6  -54  36 
-16  -44  34 

//Reference=MNI 
//nullstudy_52
//Subjects=29
-66  -10  18 
-44  -84  20 
-26  -46  50 
-20  -82  22 
-30  -42  66 
-12  0  16 
-8  -76  52 
34  18  40 

//Reference=MNI 
//nullstudy_53
//Subjects=30
-2  -14  -38 
-32  -84  -2 
-18  -52  -38 
-42  54  4 
-36  -64  42 
-26  58  -18 
-44  30  14 
-34  -88  30 

//Reference=MNI 
//nullstudy_54
//Subjects=31
-20  20  48 
14  58  4 
-12  -54  -22 
-52  -26  -30 
28  64  -2 
-42  4  18 
54  22  4 
-8  34  60 

//Reference=MNI 
//nullstudy_55
//Subjects=32
24  30  38 
-12  60  14 
38  4  60 
42  32  10 
-4  8  44 
-10  -50  36 
-38  -60  4 
-8  12  -28 

//Reference=MNI 
//nullstudy_56
//Subjects=30
-4  -44  -48 
-54  20  -8 
34  26  52 
8  30  16 
-58  8  2 
-6  18  52 
46  30  8 
-36  60  2 

//Reference=MNI 
//nullstudy_57
//Subjects=30
-34  -76  -4 
-42  -6  50 
-56  -42  -12 
22  26  -12 
-30  -42  0 
-12  -60  0 
-36  -48  -58 
-30  -46  -24 

//Reference=MNI 
//nullstudy_58
//Subjects=31
-18  8  -28 
-42  -28  -4 
-34  8  -16 
-6  -10  20 
-38  -20  14 
22  6  -10 
-48  -68  -34 
-10  -26  -24 

//Reference=MNI 
//nullstudy_59
//Subjects=29
-38  24  32 
-6  4  38 
-52  -48  -40 
-2  64  16 
-54  -36  34 
-40  48  24 
-28  18  10 
-38  -76  -34 

//Reference=MNI 
//nullstudy_60
//Subjects=29
-52  2  -38 
46  18  48 
0  46  2 
-46  -16  36 
-34  -82  42 
-32  -16  -30 
-6  -78  50 
-26  -10  66 

//Reference=MNI 
//nullstudy_61
//Subjects=31
2  28  22 
-8  22  0 
-38  -42  -36 
8  20  -26 
46  6  40 
60  12  -4 
-12  6  -30 
24  36  30 

//Reference=MNI 
//nullstudy_62
//Subjects=29
50  18  -34 
-18  -44  -38 
-22  -62  68 
-10  -58  8 
-30  -42  6 
-30  -90  -14 
16  26  -18 
-26  -38  54 

//Reference=MNI 
//nullstudy_63
//Subjects=31
36  52  12 
-34  42  6 
-32  58  20 
-66  -46  22 
-22  -78  16 
-8  22  36 
-26  -82  -24 
-48  -52  40 

//Reference=MNI 
//nullstudy_64
//Subjects=29
-4  -46  58 
30  52  18 
-38  6  0 
-22  -42  -24 
-18  -58  18 
30  42  40 
-68  -40  24 
-38  -76  34 

//Reference=MNI 
//nullstudy_65
//Subjects=31
30  36  20 
-22  -64  -16 
-4  -20  56 
-22  -70  -24 
-50  -28  14 
-10  -58  40 
46  4  -6 
-32  0  50 

//Reference=MNI 
//nullstudy_66
//Subjects=29
-28  38  -6 
-48  18  -12 
-36  8  6 
44  22  -28 
-40  -64  -32 
-20  -98  0 
-36  2  32 
-40  -44  66 

//Reference=MNI 
//nullstudy_67
//Subjects=30
-36  -40  20 
36  28  44 
-6  -78  34 
-6  -14  -26 
18  34  48 
36  4  58 
-40  -52  -22 
-48  16  16 

//Reference=MNI 
//nullstudy_68
//Subjects=29
-14  58  -14 
50  12  8 
-6  -42  -64 
-14  -34  -38 
-52  -46  48 
34  48  -12 
-24  -4  -38 
-58  -64  2 

//Reference=MNI 
//nullstudy_69
//Subjects=30
20  64  0 
-34  -30  60 
-2  52  -2 
-56  -40  -14 
-52  -50  52 
-10  -26  76 
-54  -4  10 
-38  6  26 

//Reference=MNI 
//nullstudy_70
//Subjects=30
-38  -80  16 
-50  -56  4 
30  46  18 
-50  -74  -28 
8  58  -16 
-30  24  48 
-54  -28  28 
52  16  -16 

//Reference=MNI 
//nullstudy_71
//Subjects=31
-14  -14  24 
-42  -38  66 
0  50  -18 
-18  56  30 
-16  26  46 
22  2  60 
-54  -26  -18 
-8  -68  56 

//Reference=MNI 
//nullstudy_72
//Subjects=28
-58  -58  -8 
-26  -92  24 
-18  -60  -60 
-46  -22  44 
-52  -32  2 
-46  -4  40 
-16  28  -18 
-12  64  10 

//Reference=MNI 
//nullstudy_73
//Subjects=29
-44  -42  -26 
-24  -32  -44 
-44  -48  10 
-28  0  -28 
-4  -20  58 
4  64  -2 
-8  -46  -48 
-40  -84  -16 

//Reference=MNI 
//nullstudy_74
//Subjects=31
56  16  8 
-26  -60  -28 
58  6  -22 
-32  54  2 
-16  -98  -6 
-36  -64  10 
-44  -80  0 
-58  6  -24 

//Reference=MNI 
//nullstudy_75
//Subjects=29
-54  16  -18 
-20  -18  -16 
-8  18  10 
-12  -52  -12 
12  62  28 
-4  -28  2 
-42  -32  56 
-40  -58  -32 

//Reference=MNI 
//nullstudy_76
//Subjects=29
-4  -16  72 
42  20  -14 
-16  -16  -18 
-4  44  -28 
-24  56  10 
-16  -88  38 
26  52  32 
-60  -22  16 

//Reference=MNI 
//nullstudy_77
//Subjects=29
-62  -8  -20 
-44  26  16 
-38  -52  52 
-6  -66  24 
-54  2  -32 
-58  -62  18 
24  24  50 
-52  -52  -18 

//Reference=MNI 
//nullstudy_78
//Subjects=30
-10  -60  -44 
56  26  -2 
-60  6  2 
-46  -78  32 
-16  -62  18 
-52  -16  14 
20  66  24 
-18  -80  -32 

//Reference=MNI 
//nullstudy_79
//Subjects=31
-26  -34  -20 
-12  -18  80 
-54  10  -10 
-24  -30  -14 
10  16  -30 
-36  -72  -24 
2  50  -12 
6  12  42 

//Reference=MNI 
//nullstudy_80
//Subjects=32
-44  16  2 
-36  -60  -22 
-22  -40  -18 
-60  14  24 
-50  -52  -44 
-12  -34  -24 
-16  -52  -34 
-2  -46  66 

//Reference=MNI 
//nullstudy_81
//Subjects=29
-52  -66  -4 
-58  -64  -14 
-32  -78  10 
-58  18  10 
-26  -38  6 
52  24  0 
-4  32  8 
-38  10  -36 

//Reference=MNI 
//nullstudy_82
//Subjects=31
0  54  10 
-32  -68  28 
-22  14  -8 
-44  46  -10 
54  18  32 
-4  -80  2 
-36  34  42 
-28  38  24 

//Reference=MNI 
//nullstudy_83
//Subjects=31
-50  -30  -28 
-36  -50  -50 
-56  -24  46 
-6  -96  -10 
-46  14  -10 
-34  -62  22 
-2  -98  22 
-6  -16  58 

//Reference=MNI 
//nullstudy_84
//Subjects=30
-44  -44  50 
0  4  50 
50  2  30 
4  54  14 
-12  -50  -28 
-62  -56  -8 
-32  -2  58 
-10  -28  36 

//Reference=MNI 
//nullstudy_85
//Subjects=32
-48  6  -34 
52  14  -26 
-28  -6  -28 
-8  -88  -40 
-54  36  14 
-48  16  34 
10  42  28 
-8  -52  -28 

//Reference=MNI 
//nullstudy_86
//Subjects=31
-34  42  38 
-16  -2  76 
-56  -26  2 
-40  -38  36 
28  50  -18 
0  20  -18 
-32  52  8 
-56  -20  24 

//Reference=MNI 
//nullstudy_87
//Subjects=32
-4  -30  72 
6  68  -2 
54  24  38 
-52  -32  -2 
-42  -86  -8 
-2  -32  12 
-24  38  44 
-40  -72  -40 

//Reference=MNI 
//nullstudy_88
//Subjects=30
-34  -80  -40 
-36  -74  -32 
-26  28  8 
14  44  -4 
-40  -12  -10 
-48  -14  46 
20  54  18 
-12  -30  -18 

//Reference=MNI 
//nullstudy_89
//Subjects=30
-56  -20  0 
4  28  16 
-36  -2  38 
-22  -48  6 
-4  -12  -2 
-4  -64  -36 
-40  44  34 
44  16  -8 

//Reference=MNI 
//nullstudy_90
//Subjects=30
-30  42  18 
2  12  66 
-12  -12  12 
-2  -28  24 
-2  -36  4 
-6  68  -14 
-14  50  -24 
4  30  -32 

//Reference=MNI 
//nullstudy_91
//Subjects=30
-22  -62  -50 
-8  -16  -30 
-44  -16  -30 
12  66  6 
-26  -34  -22 
-48  -34  36 
-38  36  18 
-48  -50  -10 

//Reference=MNI 
//nullstudy_92
//Subjects=31
-14  -88  10 
-46  -58  -28 
-46  10  14 
-10  -14  42 
-24  6  -42 
-14  48  6 
0  16  -26 
8  6  0 

//Reference=MNI 
//nullstudy_93
//Subjects=31
6  28  16 
-60  14  20 
22  12  -8 
54  24  32 
6  30  32 
8  2  -26 
-18  26  -22 
-44  -10  12 

//Reference=MNI 
//nullstudy_94
//Subjects=31
-24  -56  48 
-28  -30  70 
-34  -74  36 
-42  -12  4 
-54  -66  -14 
-54  -30  50 
-22  14  -36 
-46  -76  -2 

//Reference=MNI 
//nullstudy_95
//Subjects=30
-6  -44  -20 
22  18  60 
30  10  -22 
-26  -38  8 
2  20  22 
-36  48  20 
-4  -18  58 
-58  -16  -4 

//Reference=MNI 
//nullstudy_96
//Subjects=29
-34  52  -2 
-14  -82  -50 
-38  2  -38 
-26  -60  -44 
-8  38  36 
-50  34  18 
-22  0  -14 
-12  -50  10 

//Reference=MNI 
//nullstudy_97
//Subjects=30
-10  -54  -16 
-30  40  32 
-30  -56  -4 
-6  12  -20 
-42  -48  -54 
-56  -60  10 
-58  -32  54 
-28  46  42 

//Reference=MNI 
//nullstudy_98
//Subjects=29
22  28  -18 
-66  -16  6 
62  6  -16 
30  24  14 
-8  -56  -32 
-28  -38  -30 
-14  -64  8 
28  46  -8 

//Reference=MNI 
//nullstudy_99
//Subjects=31
-6  -64  -40 
6  38  -16 
-32  -14  -16 
-34  40  -20 
-40  22  4 
-10  52  42 
-46  12  -36 
-30  -76  36 

//Reference=MNI 
//nullstudy_100
//Subjects=31
-46  -48  -54 
-52  -68  -12 
-22  -90  -12 
-8  26  24 
-32  -46  52 
-8  2  -16 
-42  -14  -24 
-32  46  32 

