//Reference=MNI 
//truestudy_1
//Subjects=11
46  -66  -5 
46  -66  -6 
47  -65  -6 
45  -66  -9 
46  -66  -7 
48  -68  -5 
45  -66  -5 
47  -65  -7 

//Reference=MNI 
//truestudy_2
//Subjects=9
46  -64  -6 
45  -67  -7 
45  -66  -7 
46  -66  -9 
46  -66  -7 
46  -64  -6 
46  -68  -7 
47  -65  -5 

//Reference=MNI 
//truestudy_3
//Subjects=10
45  -65  -6 
47  -67  -6 
47  -67  -6 
46  -66  -6 
46  -67  -5 
45  -67  -6 
45  -66  -6 
45  -66  -5 

//Reference=MNI 
//nullstudy_1
//Subjects=11
8  54  -22 
-6  40  -26 
-32  -52  -58 
48  32  32 
-34  -78  30 
36  2  -46 
-42  -30  8 
-6  -10  58 

//Reference=MNI 
//nullstudy_2
//Subjects=9
42  52  2 
-22  -34  -16 
-12  18  -16 
-4  -10  -2 
-42  48  10 
-66  -18  20 
40  20  -26 
20  62  24 

//Reference=MNI 
//nullstudy_3
//Subjects=10
-46  -42  -28 
-26  -82  40 
54  26  28 
-46  -24  14 
60  8  -14 
-50  -8  -30 
-40  -66  -24 
46  36  -20 

//Reference=MNI 
//nullstudy_4
//Subjects=12
12  18  32 
-52  20  8 
-48  26  -12 
-24  -40  48 
-56  -46  -4 
-14  -20  -28 
-54  -38  26 
10  4  62 

//Reference=MNI 
//nullstudy_5
//Subjects=10
-2  -88  6 
40  20  -36 
-38  42  30 
-36  24  48 
-32  24  -20 
-30  -56  68 
-52  -26  -16 
-52  -30  22 

//Reference=MNI 
//nullstudy_6
//Subjects=11
-18  -90  -2 
-42  18  -26 
-6  22  20 
-12  -28  -42 
-52  -32  12 
0  16  -10 
-20  -90  32 
34  18  -20 

//Reference=MNI 
//nullstudy_7
//Subjects=9
16  4  -6 
26  52  14 
-34  -56  26 
-32  -6  54 
-8  26  -26 
-58  -8  0 
-6  -36  -8 
46  28  -4 

//Reference=MNI 
//nullstudy_8
//Subjects=10
-18  6  -8 
-32  -48  -6 
-46  -22  8 
-12  -56  -64 
-6  -60  56 
-56  -40  -2 
-4  -4  16 
-28  -2  6 

//Reference=MNI 
//nullstudy_9
//Subjects=11
26  56  16 
-56  -62  -10 
48  32  28 
-28  -2  -32 
-18  -78  -18 
-12  -88  -28 
0  46  4 
-46  -58  -2 

//Reference=MNI 
//nullstudy_10
//Subjects=10
-46  -66  44 
40  10  -22 
-36  -4  36 
-48  -46  -4 
-6  0  38 
-12  66  -10 
-56  -62  8 
-12  -18  6 

//Reference=MNI 
//nullstudy_11
//Subjects=9
-50  -46  10 
28  30  30 
8  38  0 
24  46  40 
-44  -34  42 
40  62  2 
-12  -40  42 
-6  54  34 

//Reference=MNI 
//nullstudy_12
//Subjects=10
44  4  -38 
-48  -20  8 
50  4  -18 
-30  -22  0 
-16  -82  -46 
-2  48  46 
42  38  20 
-18  -6  76 

//Reference=MNI 
//nullstudy_13
//Subjects=11
-6  2  -20 
38  4  54 
-30  -54  -56 
-44  -44  -28 
-54  6  28 
-62  -46  32 
-34  -72  -48 
36  42  32 

//Reference=MNI 
//nullstudy_14
//Subjects=10
-28  -98  12 
-14  -76  4 
8  16  -22 
44  52  -6 
-14  -24  -32 
-4  -30  -2 
-6  -68  -34 
-40  -56  28 

//Reference=MNI 
//nullstudy_15
//Subjects=10
-14  -64  -52 
-24  -32  -44 
-64  -50  -14 
12  16  8 
42  44  12 
2  46  -18 
-4  4  -2 
-28  -44  2 

//Reference=MNI 
//nullstudy_16
//Subjects=10
22  28  -12 
18  2  -6 
-2  -94  0 
-28  -16  -20 
-38  -56  26 
4  26  66 
-34  -84  4 
-8  16  -28 

//Reference=MNI 
//nullstudy_17
//Subjects=10
14  58  -14 
30  10  54 
-34  24  56 
-20  -8  56 
-50  -20  34 
-16  0  -2 
-54  34  -4 
-36  -24  62 

//Reference=MNI 
//nullstudy_18
//Subjects=10
-6  -66  42 
-12  6  14 
-18  -20  70 
-48  -4  -34 
-64  -14  -18 
-26  20  -28 
-46  10  52 
-6  -16  14 

//Reference=MNI 
//nullstudy_19
//Subjects=9
48  34  24 
-8  -48  -64 
-38  -44  34 
-12  -34  60 
-46  -58  22 
50  28  6 
-12  -42  -50 
54  8  12 

//Reference=MNI 
//nullstudy_20
//Subjects=11
-6  -58  -62 
-50  40  0 
-32  12  40 
-8  -38  36 
-2  -58  -2 
-54  -46  -34 
-6  -44  66 
-30  22  46 

//Reference=MNI 
//nullstudy_21
//Subjects=11
2  10  36 
52  12  26 
-2  -58  -46 
22  18  48 
-8  -8  52 
-58  -22  30 
54  30  12 
32  2  -38 

//Reference=MNI 
//nullstudy_22
//Subjects=10
-44  -64  -18 
-12  -2  48 
-18  22  40 
-20  -76  50 
20  24  -16 
-12  18  46 
-50  -40  -2 
-4  -70  -26 

//Reference=MNI 
//nullstudy_23
//Subjects=7
-50  -42  58 
-16  -16  4 
38  26  26 
-44  -26  -20 
26  50  -2 
-50  26  32 
30  48  -12 
-8  -82  -44 

//Reference=MNI 
//nullstudy_24
//Subjects=9
-38  -72  -14 
-4  34  38 
8  8  66 
-62  -56  14 
18  6  -4 
-56  -38  -6 
54  22  12 
-40  -76  -12 

//Reference=MNI 
//nullstudy_25
//Subjects=9
-60  -56  -22 
-54  -36  -22 
-24  8  -48 
-38  -28  -24 
-24  64  2 
-44  -36  64 
-8  -40  74 
-14  18  -28 

//Reference=MNI 
//nullstudy_26
//Subjects=9
-52  -6  14 
20  26  -16 
-42  -14  16 
-30  -84  -30 
-20  -72  4 
-40  34  16 
-34  38  2 
-54  -10  14 

//Reference=MNI 
//nullstudy_27
//Subjects=8
34  4  42 
-12  -6  -14 
-2  38  -22 
-2  -78  50 
4  30  20 
-24  -70  2 
-26  -48  60 
8  8  16 

//Reference=MNI 
//nullstudy_28
//Subjects=8
-52  22  8 
12  52  -10 
-2  50  -18 
-28  2  -4 
32  18  -36 
42  52  -12 
-6  -24  -4 
8  22  -28 

//Reference=MNI 
//nullstudy_29
//Subjects=11
-70  -26  -12 
14  12  48 
-42  -42  -14 
56  20  34 
-10  -48  34 
22  16  64 
-38  -2  38 
-66  -14  0 

//Reference=MNI 
//nullstudy_30
//Subjects=9
-24  8  4 
-8  34  -2 
-20  -66  -26 
-52  -38  48 
-18  -6  -32 
-28  -84  -26 
-52  12  32 
-4  54  42 

//Reference=MNI 
//nullstudy_31
//Subjects=10
-34  -66  -30 
-20  60  28 
-32  34  -18 
-38  -70  6 
-16  -64  -52 
-36  -24  -16 
-40  -26  2 
-46  -42  -10 

//Reference=MNI 
//nullstudy_32
//Subjects=9
-44  -6  18 
26  10  -4 
-46  -84  0 
-14  4  -28 
6  32  32 
-44  36  0 
-50  24  30 
-16  -36  40 

//Reference=MNI 
//nullstudy_33
//Subjects=11
-4  -52  -40 
-52  2  40 
48  8  -30 
-34  -74  16 
6  40  50 
-6  -24  70 
-10  -86  -36 
-6  -44  26 

//Reference=MNI 
//nullstudy_34
//Subjects=11
52  18  26 
26  56  -6 
-38  -40  -16 
28  58  20 
-42  -70  44 
-34  36  -2 
-28  22  32 
12  6  -14 

//Reference=MNI 
//nullstudy_35
//Subjects=11
-20  -74  -48 
-42  16  14 
-34  42  -2 
-40  -10  44 
-26  48  38 
-4  -78  -2 
54  28  24 
16  30  58 

//Reference=MNI 
//nullstudy_36
//Subjects=10
-46  -82  -18 
-48  30  4 
-16  -32  78 
22  66  18 
-48  -46  -50 
-16  -60  26 
-32  -64  44 
2  14  4 

//Reference=MNI 
//nullstudy_37
//Subjects=11
-34  12  -16 
-22  -50  -58 
-52  -60  20 
0  8  40 
-4  -30  -12 
10  12  42 
-10  -8  -28 
-8  -20  -36 

//Reference=MNI 
//nullstudy_38
//Subjects=10
26  24  -4 
-16  60  28 
-12  -66  -38 
-56  -4  8 
38  32  50 
-6  -56  -60 
-32  0  52 
-48  -42  32 

//Reference=MNI 
//nullstudy_39
//Subjects=10
-6  -52  -32 
14  10  -14 
-8  12  0 
-24  -62  2 
-40  -62  -38 
-20  -68  -42 
-14  -38  54 
4  18  -24 

//Reference=MNI 
//nullstudy_40
//Subjects=10
-38  -74  20 
-6  -82  -16 
30  14  28 
-50  20  22 
-18  -64  60 
32  42  10 
-36  -22  18 
-58  -4  -34 

//Reference=MNI 
//nullstudy_41
//Subjects=12
-30  -38  -10 
-6  58  18 
-2  -66  24 
-54  -16  30 
-38  -32  20 
-40  -62  -54 
40  14  -4 
-64  -34  -14 

//Reference=MNI 
//nullstudy_42
//Subjects=9
-4  -32  30 
-62  -16  42 
40  26  -20 
16  48  44 
-34  -22  12 
-14  -8  20 
14  16  34 
-12  -54  62 

//Reference=MNI 
//nullstudy_43
//Subjects=10
-44  -86  8 
-34  -86  -36 
-64  -48  30 
-44  20  -26 
-68  -34  16 
24  40  -10 
-6  42  50 
16  10  -8 

//Reference=MNI 
//nullstudy_44
//Subjects=8
-48  -50  -8 
-46  -76  -22 
58  30  2 
-52  32  -8 
50  38  8 
-2  -68  32 
-28  -14  62 
-32  -50  -28 

//Reference=MNI 
//nullstudy_45
//Subjects=10
-46  -2  -24 
8  58  -10 
38  6  38 
-40  -58  -30 
-54  6  -10 
-30  0  -48 
8  42  28 
-8  -62  -26 

//Reference=MNI 
//nullstudy_46
//Subjects=9
-38  -38  22 
-30  -40  68 
-22  -28  68 
-24  8  6 
44  4  -48 
34  32  38 
-34  -90  -26 
-58  -10  28 

//Reference=MNI 
//nullstudy_47
//Subjects=10
-58  -42  24 
-10  -48  44 
-8  70  -8 
-14  50  44 
-4  -54  70 
-8  64  6 
-34  -90  24 
-6  -70  -22 

//Reference=MNI 
//nullstudy_48
//Subjects=9
-50  -48  -4 
-20  -62  36 
-32  -48  48 
-6  44  -4 
-10  18  10 
-44  -28  4 
-10  -96  12 
-36  -28  58 

//Reference=MNI 
//nullstudy_49
//Subjects=12
-60  -16  -30 
48  12  32 
-56  -66  -12 
-40  0  -32 
-40  -28  42 
-42  -42  64 
-22  54  12 
-58  -68  -8 

//Reference=MNI 
//nullstudy_50
//Subjects=8
-14  -74  -24 
6  66  24 
-20  14  -12 
-50  -22  10 
-58  0  -24 
-42  -42  -18 
-44  -6  16 
-12  -18  66 

//Reference=MNI 
//nullstudy_51
//Subjects=9
46  16  10 
14  66  0 
-24  -8  -44 
-68  -12  0 
10  2  10 
-54  -26  34 
-22  24  42 
16  36  -20 

//Reference=MNI 
//nullstudy_52
//Subjects=11
-32  18  54 
42  54  0 
2  48  42 
-44  4  52 
-6  -72  52 
-16  -6  60 
-24  -48  -32 
-32  -48  -54 

//Reference=MNI 
//nullstudy_53
//Subjects=9
-42  48  26 
-10  -70  -58 
-54  12  14 
-56  -38  -4 
-6  -30  54 
-32  -52  66 
-24  18  -38 
14  28  50 

//Reference=MNI 
//nullstudy_54
//Subjects=9
-44  30  22 
-38  14  34 
-54  -8  -32 
-62  -60  -8 
-24  -68  16 
-14  -30  -36 
-28  -66  -38 
-30  -80  32 

//Reference=MNI 
//nullstudy_55
//Subjects=11
-46  -18  4 
-52  40  2 
16  14  -16 
-8  -10  -2 
-24  -58  10 
12  64  10 
-10  -40  -58 
-44  -10  52 

//Reference=MNI 
//nullstudy_56
//Subjects=10
-34  -36  12 
-16  -40  0 
44  6  2 
22  36  52 
-44  -82  -6 
-60  -2  -24 
44  36  -8 
16  14  56 

//Reference=MNI 
//nullstudy_57
//Subjects=12
-42  12  22 
-50  -52  28 
-38  -60  -14 
-50  24  -16 
18  20  64 
20  40  30 
40  6  32 
-28  -18  -34 

//Reference=MNI 
//nullstudy_58
//Subjects=12
-20  -42  -50 
-4  -82  -18 
-54  -48  -36 
-2  0  -4 
-42  -54  -20 
-10  -102  -6 
-24  -56  38 
-28  -58  12 

//Reference=MNI 
//nullstudy_59
//Subjects=10
-2  -26  12 
46  26  -2 
-2  -84  32 
-24  50  -18 
-40  -10  20 
-24  58  -10 
-32  -48  -36 
-6  -96  4 

//Reference=MNI 
//nullstudy_60
//Subjects=9
20  24  40 
-36  -32  24 
6  66  -8 
16  38  46 
-10  -40  66 
-28  16  44 
36  36  2 
-22  -14  -28 

//Reference=MNI 
//nullstudy_61
//Subjects=10
-6  -90  -28 
14  36  -20 
8  26  20 
-46  -66  -48 
-54  -54  0 
52  28  28 
-42  42  -4 
-40  -14  46 

//Reference=MNI 
//nullstudy_62
//Subjects=11
-50  -62  -34 
6  8  34 
-32  -10  48 
-52  -16  10 
-54  -4  50 
-6  22  -6 
18  42  -20 
-20  -50  -28 

//Reference=MNI 
//nullstudy_63
//Subjects=10
-40  -42  -48 
58  12  34 
-26  -82  -28 
-20  -66  -56 
-32  -48  -52 
-14  12  -30 
-32  46  38 
12  12  -16 

//Reference=MNI 
//nullstudy_64
//Subjects=11
-12  -32  -6 
-64  -54  10 
-22  -8  60 
-2  -70  42 
-4  -76  22 
-62  -14  18 
12  46  32 
-24  -2  -36 

//Reference=MNI 
//nullstudy_65
//Subjects=10
40  48  26 
-44  -6  -46 
-66  -22  14 
-58  6  -2 
-52  -6  26 
-38  -42  38 
-40  -74  22 
-30  10  -24 

//Reference=MNI 
//nullstudy_66
//Subjects=9
-40  -72  -6 
-52  -40  32 
-36  0  -42 
-20  4  -26 
-44  -48  16 
-44  -54  46 
-64  -2  30 
-38  -78  -32 

//Reference=MNI 
//nullstudy_67
//Subjects=13
4  68  20 
-16  -74  -28 
40  2  36 
-26  -30  52 
8  64  26 
-34  0  2 
-12  16  10 
-64  4  22 

//Reference=MNI 
//nullstudy_68
//Subjects=9
-10  -94  -18 
46  28  46 
-54  6  -6 
-4  12  -8 
-52  -20  44 
10  50  -14 
-14  28  -20 
32  54  12 

//Reference=MNI 
//nullstudy_69
//Subjects=11
-14  -96  28 
-16  -90  -10 
-16  -54  -2 
-44  -24  -6 
42  36  12 
-20  -60  -8 
-6  -14  66 
-24  62  -12 

//Reference=MNI 
//nullstudy_70
//Subjects=10
-18  24  -6 
34  36  2 
-14  -22  -14 
-34  62  6 
-42  -62  16 
-20  -36  10 
-6  -52  -54 
-36  -82  -20 

//Reference=MNI 
//nullstudy_71
//Subjects=10
36  8  -40 
10  54  -28 
-4  18  -28 
-18  -46  -18 
-38  -88  -18 
-38  -28  36 
-12  -30  64 
-60  -30  46 

//Reference=MNI 
//nullstudy_72
//Subjects=10
-38  18  10 
-24  -68  58 
40  12  54 
-60  -8  14 
50  4  -38 
-18  0  50 
-68  -26  6 
12  8  66 

//Reference=MNI 
//nullstudy_73
//Subjects=10
-22  -22  -22 
0  58  30 
-2  50  38 
-6  -106  0 
-56  2  -16 
-50  -70  -18 
-20  66  -10 
-36  -62  58 

//Reference=MNI 
//nullstudy_74
//Subjects=9
-38  -50  -10 
28  48  26 
2  32  -2 
-24  -72  26 
-48  26  -18 
4  22  58 
-10  -30  -12 
20  34  34 

//Reference=MNI 
//nullstudy_75
//Subjects=11
-36  2  58 
-42  -34  0 
-10  -60  44 
-58  -32  40 
36  42  18 
-32  -38  44 
-36  -24  -18 
-10  -78  2 

//Reference=MNI 
//nullstudy_76
//Subjects=10
-48  -62  -38 
-28  14  14 
-8  -20  64 
-44  12  2 
24  52  16 
14  24  -4 
-46  -52  -32 
-2  -20  54 

//Reference=MNI 
//nullstudy_77
//Subjects=11
38  32  22 
-16  -76  8 
28  52  20 
-26  -2  2 
10  18  40 
-58  12  16 
-4  42  40 
10  2  -30 

//Reference=MNI 
//nullstudy_78
//Subjects=11
-58  0  40 
-2  -42  -42 
-22  -32  58 
-14  -52  40 
-26  -12  10 
22  2  72 
-30  46  -18 
-52  -20  -12 

//Reference=MNI 
//nullstudy_79
//Subjects=12
28  56  -10 
-28  -56  -28 
10  50  30 
-26  44  20 
-6  -74  -10 
40  14  20 
52  22  32 
-48  -64  44 

//Reference=MNI 
//nullstudy_80
//Subjects=11
42  22  40 
-52  -14  -10 
-14  70  16 
20  64  -14 
-12  -34  80 
22  46  -10 
-10  -40  2 
-50  4  4 

//Reference=MNI 
//nullstudy_81
//Subjects=11
-36  8  36 
-30  -88  -32 
-58  -4  34 
-16  -42  -8 
62  10  22 
46  2  -8 
-8  40  8 
-50  -4  -30 

//Reference=MNI 
//nullstudy_82
//Subjects=10
34  28  28 
20  44  38 
-64  -24  0 
-16  -92  -32 
24  8  4 
-4  -102  12 
8  32  26 
-24  -2  52 

//Reference=MNI 
//nullstudy_83
//Subjects=10
-54  14  28 
-28  -36  8 
32  26  14 
-16  -34  -10 
-10  -62  -16 
-48  -52  48 
-24  -20  -16 
-24  -44  10 

//Reference=MNI 
//nullstudy_84
//Subjects=10
42  20  -8 
-42  0  14 
-14  -42  -26 
-4  -56  66 
-52  28  22 
-36  -70  14 
-18  26  -16 
-30  16  -4 

//Reference=MNI 
//nullstudy_85
//Subjects=10
36  32  46 
56  2  -2 
0  28  64 
-36  24  -12 
-24  52  -6 
0  64  -8 
-6  22  -28 
-4  4  -8 

//Reference=MNI 
//nullstudy_86
//Subjects=10
-30  36  40 
-12  8  56 
24  20  52 
-44  -78  38 
-32  -14  -40 
-28  -78  24 
14  68  -8 
-62  -16  -30 

//Reference=MNI 
//nullstudy_87
//Subjects=10
12  52  -6 
42  18  34 
-38  -86  12 
-54  -28  36 
-12  54  12 
-8  -76  -26 
0  32  6 
-4  68  10 

//Reference=MNI 
//nullstudy_88
//Subjects=10
6  20  -20 
4  8  48 
16  62  28 
14  58  28 
10  12  -4 
-32  12  42 
-24  44  20 
-48  -62  -6 

//Reference=MNI 
//nullstudy_89
//Subjects=9
-36  -82  -38 
-4  52  -20 
-60  -38  26 
40  34  -20 
2  58  38 
-44  -66  46 
-16  6  60 
-16  28  50 

//Reference=MNI 
//nullstudy_90
//Subjects=9
-12  -70  24 
36  20  58 
-14  -36  74 
38  26  -12 
-16  -44  -14 
-48  -18  24 
-36  -6  52 
-22  8  44 

//Reference=MNI 
//nullstudy_91
//Subjects=11
-16  -66  -8 
-58  -48  -28 
-38  -4  -18 
-34  -48  -16 
-18  16  58 
-16  -80  -52 
-50  -74  -22 
-4  -88  24 

//Reference=MNI 
//nullstudy_92
//Subjects=10
-2  -62  -6 
-36  50  -10 
-12  -28  -38 
-64  -36  22 
-24  4  48 
-16  -94  -12 
-2  -50  -2 
-30  18  -6 

//Reference=MNI 
//nullstudy_93
//Subjects=11
-54  0  34 
-42  -68  -40 
-34  -8  -22 
-2  20  52 
-40  6  42 
-4  30  46 
14  20  58 
-22  -44  4 

//Reference=MNI 
//nullstudy_94
//Subjects=12
32  30  30 
-26  -10  10 
-20  -28  -32 
2  56  10 
38  6  -30 
-40  -68  40 
-14  -76  -2 
-38  -70  -4 

//Reference=MNI 
//nullstudy_95
//Subjects=10
-24  -38  -28 
18  22  52 
-34  -62  24 
-42  -82  -20 
-50  -6  54 
-36  -28  10 
-34  -80  -34 
18  10  -8 

//Reference=MNI 
//nullstudy_96
//Subjects=11
-34  -48  0 
-26  -36  4 
-8  -2  50 
36  8  30 
-16  -82  -38 
-38  28  32 
-64  -40  -26 
-48  24  -10 

//Reference=MNI 
//nullstudy_97
//Subjects=9
-56  -2  48 
-66  -12  -6 
-18  -94  8 
-6  -66  -52 
-52  -48  -34 
-22  -2  70 
-60  -20  18 
26  38  -8 

//Reference=MNI 
//nullstudy_98
//Subjects=11
-26  18  -14 
-16  46  -24 
-2  -94  -10 
-8  30  56 
-26  -46  -38 
-34  40  28 
-44  -80  -36 
-22  -98  -6 

//Reference=MNI 
//nullstudy_99
//Subjects=11
-18  -54  12 
-68  -26  -16 
30  20  36 
-16  16  -14 
-64  -24  0 
-40  12  30 
42  10  -36 
-68  -22  -22 

//Reference=MNI 
//nullstudy_100
//Subjects=10
-6  2  30 
46  54  10 
-46  -48  -42 
-32  24  10 
-16  -82  -54 
-4  -24  8 
-44  -6  -2 
-38  -70  -48 

