//Reference=MNI 
//truestudy_1
//Subjects=20
45  -65  -5 
46  -65  -7 
47  -67  -6 
45  -66  -6 
47  -65  -8 
48  -66  -7 
47  -67  -7 
47  -68  -7 

//Reference=MNI 
//truestudy_2
//Subjects=20
47  -67  -4 
45  -65  -5 
45  -67  -6 
46  -65  -6 
46  -65  -5 
45  -67  -6 
48  -66  -5 
46  -65  -7 

//Reference=MNI 
//truestudy_3
//Subjects=20
45  -65  -6 
46  -66  -7 
47  -64  -8 
46  -68  -6 
46  -67  -5 
47  -65  -8 
46  -67  -6 
45  -65  -6 

//Reference=MNI 
//nullstudy_1
//Subjects=20
-20  42  -12 
36  4  34 
-24  -54  40 
-60  -50  -16 
-22  12  54 
-2  -28  44 
-26  -8  54 
-16  4  68 

//Reference=MNI 
//nullstudy_2
//Subjects=20
-8  50  48 
-32  -10  -42 
-14  -72  -16 
-10  -98  -2 
28  24  -2 
-20  4  -44 
-4  20  64 
2  64  10 

//Reference=MNI 
//nullstudy_3
//Subjects=20
-52  -46  -12 
-38  -18  22 
-22  4  46 
-20  -32  -28 
-30  46  -8 
-38  -20  50 
-10  0  -28 
-54  -36  -20 

//Reference=MNI 
//nullstudy_4
//Subjects=22
30  66  6 
-38  -42  -54 
-10  14  38 
-6  16  54 
-6  -92  4 
-24  54  -8 
-50  -12  4 
-4  -8  32 

//Reference=MNI 
//nullstudy_5
//Subjects=19
-26  -78  -2 
22  18  -30 
0  14  -6 
-42  24  42 
12  58  -10 
26  4  -50 
-30  -78  -22 
6  36  32 

//Reference=MNI 
//nullstudy_6
//Subjects=20
-58  -44  -30 
-36  -28  50 
-56  18  -4 
-16  -62  0 
14  18  2 
8  52  44 
-26  -54  0 
14  64  -14 

//Reference=MNI 
//nullstudy_7
//Subjects=20
-2  -48  -46 
-38  2  42 
8  32  16 
-50  -66  -8 
-48  -52  4 
46  20  -16 
-4  -2  58 
12  44  38 

//Reference=MNI 
//nullstudy_8
//Subjects=21
8  22  20 
-38  14  42 
-8  42  22 
28  14  54 
4  38  6 
-28  -88  -14 
-54  8  -16 
-38  -54  -44 

//Reference=MNI 
//nullstudy_9
//Subjects=21
30  60  26 
-24  -80  -46 
8  60  34 
-6  42  -2 
-14  -52  6 
42  2  30 
6  10  -6 
-44  -16  34 

//Reference=MNI 
//nullstudy_10
//Subjects=22
34  18  32 
32  30  -12 
-46  -18  2 
52  28  0 
38  38  22 
-48  -48  30 
-38  26  22 
-8  -24  -24 

//Reference=MNI 
//nullstudy_11
//Subjects=21
-42  -30  16 
-12  -64  -40 
-2  30  -24 
12  24  62 
28  4  58 
-8  -40  22 
-30  -12  -6 
-24  -66  46 

//Reference=MNI 
//nullstudy_12
//Subjects=19
-46  18  12 
-34  -58  16 
-8  58  36 
-44  -24  -2 
-12  -76  14 
0  6  56 
-36  -62  -48 
2  20  -18 

//Reference=MNI 
//nullstudy_13
//Subjects=18
-60  8  8 
40  36  -6 
10  24  38 
-60  -26  26 
-28  -58  -10 
30  52  20 
-16  50  46 
-34  32  -24 

//Reference=MNI 
//nullstudy_14
//Subjects=21
-52  -10  -20 
-48  -24  28 
30  4  -18 
-34  14  10 
-30  -48  -32 
-54  -40  -24 
-32  -2  -42 
-60  12  12 

//Reference=MNI 
//nullstudy_15
//Subjects=19
0  10  -20 
42  54  -8 
-14  -32  68 
-28  48  -12 
-22  56  2 
-36  34  34 
-14  -22  -26 
-28  -56  56 

//Reference=MNI 
//nullstudy_16
//Subjects=22
-42  52  -10 
-60  -2  -8 
22  24  44 
30  34  52 
-34  -10  70 
-18  -54  50 
-8  4  42 
-12  10  14 

//Reference=MNI 
//nullstudy_17
//Subjects=22
-24  -68  6 
-44  -88  -12 
-62  -42  16 
-8  -32  -8 
-54  -20  -24 
-26  -32  52 
-8  28  -26 
-2  20  30 

//Reference=MNI 
//nullstudy_18
//Subjects=20
-26  -20  62 
-26  -80  16 
-12  -72  60 
-48  10  -2 
-14  -20  -8 
-18  -70  -46 
-22  -60  -48 
-38  22  -2 

//Reference=MNI 
//nullstudy_19
//Subjects=19
-22  60  -2 
-34  -22  56 
-10  -92  0 
-2  28  -20 
-32  -20  -28 
12  54  38 
-42  -42  54 
14  68  10 

//Reference=MNI 
//nullstudy_20
//Subjects=18
-26  -32  -16 
-2  -78  -48 
-30  10  12 
26  52  10 
28  60  -12 
-4  -44  -20 
-16  -50  -58 
-6  10  4 

//Reference=MNI 
//nullstudy_21
//Subjects=19
-22  -84  -30 
-24  -58  -52 
54  28  22 
8  6  36 
-40  -28  40 
-34  20  2 
-22  -60  -24 
-44  -66  50 

//Reference=MNI 
//nullstudy_22
//Subjects=20
-50  -44  -16 
-2  -94  -18 
-48  8  48 
-20  62  16 
-22  -92  18 
-40  -48  12 
60  18  24 
-64  -14  -8 

//Reference=MNI 
//nullstudy_23
//Subjects=21
0  44  -8 
-44  -52  42 
-22  -22  60 
-52  -6  26 
-6  -60  -2 
8  52  -16 
10  22  50 
-44  -70  10 

//Reference=MNI 
//nullstudy_24
//Subjects=19
4  32  24 
-42  -16  12 
46  52  -6 
34  44  14 
-2  48  32 
-8  -42  -38 
-64  -46  10 
-8  22  54 

//Reference=MNI 
//nullstudy_25
//Subjects=21
-4  -26  -32 
-36  -36  18 
-2  -84  -20 
-52  20  18 
-12  36  18 
-8  -8  44 
-6  14  68 
-26  -48  -32 

//Reference=MNI 
//nullstudy_26
//Subjects=20
-38  -24  70 
-60  -22  12 
-36  -56  26 
-52  28  28 
-48  50  -6 
-24  4  48 
-12  -22  4 
-46  44  -6 

//Reference=MNI 
//nullstudy_27
//Subjects=20
-38  -62  -2 
0  56  28 
-64  -42  10 
-26  -92  26 
-58  -8  -36 
-12  -2  -16 
-22  -90  20 
-38  -40  -20 

//Reference=MNI 
//nullstudy_28
//Subjects=19
-58  -32  12 
-44  -12  -26 
-10  -42  68 
-10  -6  12 
-60  -20  34 
-44  6  32 
-32  -58  30 
-16  -52  -6 

//Reference=MNI 
//nullstudy_29
//Subjects=21
52  12  22 
-38  -32  44 
-54  -12  -6 
-60  16  16 
-44  -38  -18 
-46  10  52 
-6  -20  14 
-30  -18  -4 

//Reference=MNI 
//nullstudy_30
//Subjects=19
-56  -42  2 
-2  -70  4 
14  50  18 
38  46  -16 
-30  4  8 
18  66  12 
-62  -64  0 
-6  -62  -2 

//Reference=MNI 
//nullstudy_31
//Subjects=20
-20  -100  -16 
-26  -12  -30 
24  4  64 
-42  12  4 
-50  6  52 
-6  42  10 
14  8  44 
-28  -80  -22 

//Reference=MNI 
//nullstudy_32
//Subjects=20
-42  -72  -10 
-44  40  4 
-6  -6  0 
-8  -46  -44 
-32  20  2 
32  64  -8 
-38  6  34 
-4  -62  -28 

//Reference=MNI 
//nullstudy_33
//Subjects=19
-6  -52  70 
-42  -70  46 
-52  10  8 
32  36  48 
-18  70  8 
-44  -12  16 
-20  -72  44 
-38  -10  42 

//Reference=MNI 
//nullstudy_34
//Subjects=22
-32  -34  48 
-48  -22  2 
-46  22  -16 
26  2  -14 
20  26  -22 
-40  18  -6 
-28  -18  -18 
-66  -12  20 

//Reference=MNI 
//nullstudy_35
//Subjects=19
-38  52  24 
36  20  14 
-32  36  46 
20  60  -20 
36  34  -10 
-30  8  0 
8  10  -8 
-60  -40  44 

//Reference=MNI 
//nullstudy_36
//Subjects=21
-20  -40  -36 
-28  -78  -8 
-14  -76  26 
-30  -34  72 
38  6  -16 
-12  -30  72 
42  50  0 
-42  -72  46 

//Reference=MNI 
//nullstudy_37
//Subjects=20
18  36  48 
22  48  36 
-40  -78  -28 
62  12  20 
-36  -60  -2 
-4  0  54 
6  16  6 
-10  -10  -12 

//Reference=MNI 
//nullstudy_38
//Subjects=21
-58  -2  -34 
-56  -38  -6 
12  50  -14 
-26  -54  -40 
-24  46  -18 
-2  -86  -2 
32  30  -10 
-50  -72  30 

//Reference=MNI 
//nullstudy_39
//Subjects=20
42  20  -4 
-46  -34  52 
42  8  -46 
-58  -24  44 
-8  60  -24 
-4  -32  70 
-28  24  -8 
-36  -66  40 

//Reference=MNI 
//nullstudy_40
//Subjects=21
-14  -2  18 
-36  8  42 
-32  18  -30 
-18  -22  28 
-60  -4  10 
-2  -40  -34 
16  22  16 
-8  -10  64 

//Reference=MNI 
//nullstudy_41
//Subjects=20
2  24  42 
-12  10  -6 
-38  -32  20 
-42  16  30 
-20  2  64 
-52  -54  -28 
-2  20  36 
-8  4  -18 

//Reference=MNI 
//nullstudy_42
//Subjects=20
30  20  6 
-42  -36  54 
-10  12  72 
-28  -40  2 
38  4  -4 
46  8  -4 
-18  -84  -42 
-46  20  30 

//Reference=MNI 
//nullstudy_43
//Subjects=20
28  44  46 
-28  -56  10 
-32  -80  -50 
0  16  28 
-32  -76  28 
50  34  20 
-6  -4  42 
-34  6  -20 

//Reference=MNI 
//nullstudy_44
//Subjects=20
-12  -66  -32 
-30  26  -6 
-26  -38  60 
28  16  52 
-52  -6  8 
-36  -48  -46 
16  4  26 
42  2  48 

//Reference=MNI 
//nullstudy_45
//Subjects=18
-20  -80  0 
-36  8  -14 
2  16  -14 
10  70  -6 
-18  -74  -24 
-30  -38  -42 
-16  -2  24 
-48  26  -16 

//Reference=MNI 
//nullstudy_46
//Subjects=19
-2  -8  34 
-16  -8  58 
-20  6  58 
-10  -56  20 
-36  36  30 
10  20  64 
-50  38  8 
-32  -48  50 

//Reference=MNI 
//nullstudy_47
//Subjects=22
-24  -84  2 
-62  -54  22 
-44  -84  -12 
2  46  -20 
-18  -22  62 
-32  -72  16 
-54  -34  12 
-18  14  -4 

//Reference=MNI 
//nullstudy_48
//Subjects=21
-56  -42  36 
-6  -46  46 
-42  -60  48 
34  58  -16 
-18  10  62 
-48  -10  -20 
30  22  52 
-24  38  18 

//Reference=MNI 
//nullstudy_49
//Subjects=22
-14  42  2 
-56  -62  -24 
-28  44  24 
-42  -52  -30 
32  58  -10 
-60  -16  -24 
-4  -86  -14 
40  48  14 

//Reference=MNI 
//nullstudy_50
//Subjects=19
-48  6  6 
-34  -48  -24 
-6  4  -20 
-18  38  50 
-4  32  42 
-32  24  -6 
-6  -76  22 
0  40  10 

//Reference=MNI 
//nullstudy_51
//Subjects=20
0  28  64 
-52  6  -40 
-46  -74  -30 
-22  -60  -2 
42  42  -16 
-44  -58  -4 
-2  -30  0 
50  20  -16 

//Reference=MNI 
//nullstudy_52
//Subjects=21
4  50  16 
-2  -84  -14 
48  36  4 
-10  4  38 
-34  -18  -40 
-20  -78  -32 
-26  -82  42 
-46  -78  18 

//Reference=MNI 
//nullstudy_53
//Subjects=22
-28  6  62 
-50  24  18 
-14  -18  -30 
30  20  44 
56  14  -24 
-60  -30  -18 
30  8  -12 
-28  -62  4 

//Reference=MNI 
//nullstudy_54
//Subjects=20
-46  8  16 
-14  24  50 
-36  18  50 
-40  -76  -24 
-12  -76  -2 
60  14  18 
-38  -16  62 
-32  -56  -18 

//Reference=MNI 
//nullstudy_55
//Subjects=20
-4  32  50 
-18  12  46 
-8  46  22 
-6  -72  38 
-4  50  -24 
-8  -64  44 
60  12  10 
-18  54  32 

//Reference=MNI 
//nullstudy_56
//Subjects=20
-20  -56  -58 
-2  -54  22 
-10  -28  58 
-4  -48  10 
-40  -56  -48 
38  50  0 
40  44  8 
12  4  74 

//Reference=MNI 
//nullstudy_57
//Subjects=21
-54  -66  16 
-14  -74  -2 
-32  -66  42 
22  46  -12 
-32  -30  52 
-18  -70  40 
-32  4  6 
50  4  26 

//Reference=MNI 
//nullstudy_58
//Subjects=19
-38  -40  62 
-50  -72  10 
-46  -18  0 
-56  -14  -10 
2  50  -28 
-44  2  34 
-24  0  -48 
22  8  0 

//Reference=MNI 
//nullstudy_59
//Subjects=23
-18  6  2 
-48  -10  46 
-12  -76  -8 
-8  -94  6 
-8  -10  -6 
-6  -64  -34 
44  36  -6 
-6  -22  70 

//Reference=MNI 
//nullstudy_60
//Subjects=19
-8  -54  -16 
-58  -56  8 
56  12  -10 
6  18  24 
-10  -8  14 
-38  -44  -20 
-10  48  24 
-24  -82  -50 

//Reference=MNI 
//nullstudy_61
//Subjects=20
-44  -18  -40 
-8  16  62 
-12  0  -2 
-32  -94  4 
-20  -6  -6 
-4  -20  -30 
-18  -50  60 
-38  14  12 

//Reference=MNI 
//nullstudy_62
//Subjects=20
-2  -34  -30 
42  48  -18 
-12  -76  52 
-20  -6  -40 
-38  24  -22 
-36  26  -24 
-54  -20  -32 
-36  6  12 

//Reference=MNI 
//nullstudy_63
//Subjects=20
-14  -30  68 
0  30  -6 
-34  52  28 
40  10  -32 
52  20  6 
-42  -60  0 
-6  -50  -32 
-10  -4  50 

//Reference=MNI 
//nullstudy_64
//Subjects=19
-38  4  4 
18  58  -4 
-46  -30  -26 
-26  -62  60 
-38  22  24 
-48  -70  30 
-30  -8  54 
-38  30  -14 

//Reference=MNI 
//nullstudy_65
//Subjects=19
-24  -22  -8 
-2  -46  16 
-50  -56  -10 
-6  32  12 
-8  32  -18 
-20  46  -22 
54  4  48 
-8  46  -8 

//Reference=MNI 
//nullstudy_66
//Subjects=20
6  28  32 
-42  -26  18 
-32  -18  -4 
-6  -4  12 
-44  -42  -24 
18  18  6 
32  20  -18 
0  6  -2 

//Reference=MNI 
//nullstudy_67
//Subjects=20
-40  -30  -26 
12  32  60 
48  24  8 
-58  -66  -10 
54  26  24 
-6  -30  -40 
10  20  -10 
0  30  36 

//Reference=MNI 
//nullstudy_68
//Subjects=20
-52  -68  -24 
-50  -58  12 
-18  -38  -2 
-16  16  -2 
-36  -54  -24 
-6  -50  32 
-54  -52  42 
-40  34  38 

//Reference=MNI 
//nullstudy_69
//Subjects=20
30  16  -8 
-56  -58  -30 
14  26  34 
38  6  64 
28  24  42 
-8  -32  -4 
20  44  28 
-40  -44  66 

//Reference=MNI 
//nullstudy_70
//Subjects=19
-38  0  -48 
-18  10  -36 
8  12  58 
-32  -20  4 
-26  -34  -2 
28  14  -44 
-22  -60  34 
-44  -44  -38 

//Reference=MNI 
//nullstudy_71
//Subjects=19
-2  56  24 
-50  -8  52 
-36  -52  -38 
38  58  20 
38  54  -2 
-52  -52  -2 
-22  -74  22 
-28  -96  -12 

//Reference=MNI 
//nullstudy_72
//Subjects=20
-40  -42  -26 
-48  -82  -4 
28  28  2 
-24  -92  18 
10  10  42 
-38  -78  -28 
-44  -28  64 
-18  -74  50 

//Reference=MNI 
//nullstudy_73
//Subjects=20
-8  -94  -16 
4  16  52 
-16  -58  30 
-16  -24  60 
-34  46  -6 
14  60  -14 
50  22  20 
-24  -44  -28 

//Reference=MNI 
//nullstudy_74
//Subjects=18
-48  -52  -6 
-8  4  60 
-32  14  36 
-46  -44  -34 
-32  -20  50 
4  42  54 
-8  66  4 
-50  0  -28 

//Reference=MNI 
//nullstudy_75
//Subjects=21
-6  20  -22 
-68  -34  -2 
-26  -36  -46 
-14  40  36 
14  50  6 
-14  -64  58 
8  4  0 
18  24  58 

//Reference=MNI 
//nullstudy_76
//Subjects=21
-4  -8  8 
-6  46  -20 
2  20  18 
-18  -28  -8 
-14  -24  4 
-46  -56  14 
-48  -60  -30 
-4  40  -12 

//Reference=MNI 
//nullstudy_77
//Subjects=21
-8  -60  -14 
-28  -68  26 
-16  -88  -16 
-44  -72  20 
-30  24  -36 
-34  -28  -22 
-42  12  -8 
-42  10  -28 

//Reference=MNI 
//nullstudy_78
//Subjects=22
4  16  -24 
-16  -16  26 
-58  -62  20 
-58  -66  -8 
6  22  20 
54  16  42 
-16  -92  -36 
18  16  50 

//Reference=MNI 
//nullstudy_79
//Subjects=19
-6  18  6 
-12  -68  56 
30  18  -26 
-30  42  -20 
-52  0  38 
-60  -6  6 
-64  -26  30 
-46  -56  58 

//Reference=MNI 
//nullstudy_80
//Subjects=19
-24  50  18 
-62  -6  22 
-54  -10  -28 
-18  18  56 
26  48  28 
-24  -4  -36 
-48  24  -12 
-10  -44  -32 

//Reference=MNI 
//nullstudy_81
//Subjects=20
6  54  -10 
-48  -14  6 
-6  -68  12 
-12  -16  6 
-2  -66  10 
6  60  32 
-40  -32  58 
-16  -98  -14 

//Reference=MNI 
//nullstudy_82
//Subjects=20
4  50  26 
-6  -28  28 
18  10  14 
-8  -60  62 
-46  6  -14 
-16  -92  -34 
-36  -78  32 
-26  -64  -54 

//Reference=MNI 
//nullstudy_83
//Subjects=21
-28  22  50 
14  52  28 
4  28  14 
36  44  -4 
-30  6  62 
-4  -32  -42 
-56  -58  -16 
-10  -18  60 

//Reference=MNI 
//nullstudy_84
//Subjects=20
-60  -4  38 
40  32  8 
-34  -38  -28 
26  56  -20 
14  2  -10 
-10  44  -16 
-44  -14  64 
-8  -20  -22 

//Reference=MNI 
//nullstudy_85
//Subjects=21
-22  62  16 
-50  -56  -16 
-14  38  50 
-26  28  -12 
-32  -98  -2 
10  42  -4 
22  46  -20 
-60  -14  20 

//Reference=MNI 
//nullstudy_86
//Subjects=19
-12  40  -28 
-24  20  -12 
-22  38  54 
-26  52  38 
-14  18  62 
-14  16  16 
-32  -68  -32 
-26  18  -32 

//Reference=MNI 
//nullstudy_87
//Subjects=21
54  6  14 
-50  -34  -14 
-52  -38  -26 
-24  -76  52 
-22  -34  -8 
-18  -54  -26 
-36  44  32 
-32  -80  32 

//Reference=MNI 
//nullstudy_88
//Subjects=20
-12  16  40 
-10  -42  -12 
-44  -58  -56 
-34  -8  -8 
-6  -56  26 
-44  0  -2 
38  52  2 
-42  20  -10 

//Reference=MNI 
//nullstudy_89
//Subjects=20
-66  -36  -4 
-2  54  10 
-32  -64  -14 
-14  60  -22 
10  8  -2 
-2  44  42 
-56  -8  -4 
-38  -24  8 

//Reference=MNI 
//nullstudy_90
//Subjects=18
-34  -14  -4 
28  4  50 
-10  14  -14 
-18  52  22 
-46  -30  10 
-44  -8  14 
-22  16  -36 
-20  58  32 

//Reference=MNI 
//nullstudy_91
//Subjects=20
-22  32  36 
6  62  30 
-12  -78  -4 
32  28  12 
-6  -98  -6 
-34  -8  62 
-10  20  -22 
-22  -70  20 

//Reference=MNI 
//nullstudy_92
//Subjects=20
26  22  -32 
-34  -68  -58 
-10  -38  -20 
-20  18  66 
-48  12  28 
52  20  8 
-26  -18  -32 
-18  -2  66 

//Reference=MNI 
//nullstudy_93
//Subjects=19
-50  44  12 
-12  38  22 
18  60  32 
-28  2  46 
28  50  2 
-48  -24  46 
-58  -36  -4 
-16  -94  -24 

//Reference=MNI 
//nullstudy_94
//Subjects=19
24  32  -26 
-38  16  32 
-8  32  -16 
38  22  0 
-32  -68  -26 
-10  54  -8 
22  48  28 
-12  -92  -6 

//Reference=MNI 
//nullstudy_95
//Subjects=21
-16  -2  2 
-44  22  -28 
-16  -68  26 
-10  -40  50 
6  12  2 
-10  -24  40 
30  44  36 
-14  24  -24 

//Reference=MNI 
//nullstudy_96
//Subjects=20
-10  -74  14 
-46  -50  44 
-22  -18  -30 
-12  12  10 
28  28  28 
56  12  26 
22  10  64 
-60  -6  20 

//Reference=MNI 
//nullstudy_97
//Subjects=20
-12  -62  -6 
-18  0  54 
-24  62  26 
28  14  -12 
22  40  28 
40  24  42 
-40  -24  24 
12  64  12 

//Reference=MNI 
//nullstudy_98
//Subjects=19
30  36  42 
-4  -70  -16 
-18  -26  -16 
14  48  12 
20  60  34 
4  66  2 
-4  -6  74 
32  18  -12 

//Reference=MNI 
//nullstudy_99
//Subjects=19
-16  52  36 
8  52  8 
22  16  42 
-56  18  8 
-54  6  24 
-30  2  58 
-54  -46  -18 
4  12  26 

//Reference=MNI 
//nullstudy_100
//Subjects=20
-48  -30  34 
-2  -66  62 
18  64  18 
-16  -4  66 
6  18  44 
-56  -38  12 
-38  -72  -16 
-8  -104  -4 

