//Reference=MNI 
//truestudy_1
//Subjects=10
46  -66  -5 
45  -67  -5 
46  -66  -7 
44  -66  -6 
47  -65  -7 
45  -66  -7 
46  -64  -8 
46  -64  -4 

//Reference=MNI 
//truestudy_2
//Subjects=8
46  -67  -8 
46  -66  -7 
45  -67  -6 
47  -65  -7 
47  -66  -6 
45  -66  -6 
45  -67  -6 
47  -66  -5 

//Reference=MNI 
//truestudy_3
//Subjects=10
47  -67  -6 
46  -67  -7 
46  -66  -6 
46  -68  -7 
46  -68  -6 
45  -65  -5 
47  -64  -6 
46  -68  -7 

//Reference=MNI 
//nullstudy_1
//Subjects=10
42  30  12 
-32  -54  -20 
-60  8  14 
-30  -52  -52 
-46  0  42 
-6  -32  -20 
-4  36  6 
-46  -42  8 

//Reference=MNI 
//nullstudy_2
//Subjects=8
22  6  10 
-4  -4  38 
-38  14  -12 
-38  -24  62 
28  36  40 
-6  -100  -14 
-58  4  -20 
-10  -26  40 

//Reference=MNI 
//nullstudy_3
//Subjects=10
-62  -28  18 
-50  -70  -36 
46  8  -8 
-50  -4  -18 
-12  -48  28 
-38  60  -10 
8  2  46 
44  12  -2 

//Reference=MNI 
//nullstudy_4
//Subjects=11
-12  2  -16 
-58  -28  4 
-58  -20  14 
-10  -56  22 
-6  -48  -30 
38  16  22 
-36  -8  -2 
-6  -94  34 

//Reference=MNI 
//nullstudy_5
//Subjects=10
-42  -8  -16 
-64  -32  12 
-26  40  14 
-32  -78  22 
-38  28  -20 
-10  -28  2 
-6  12  -8 
-40  -8  8 

//Reference=MNI 
//nullstudy_6
//Subjects=10
-8  -92  -24 
-30  -40  0 
-28  -80  -10 
-18  26  50 
-28  -58  -56 
-18  -74  30 
-20  12  4 
-34  34  -16 

//Reference=MNI 
//nullstudy_7
//Subjects=8
-24  18  -10 
-8  -18  20 
-34  -28  6 
-12  -40  -48 
-46  -24  38 
-46  -50  4 
-36  -14  50 
24  20  -4 

//Reference=MNI 
//nullstudy_8
//Subjects=10
-54  32  2 
-22  30  56 
-48  20  34 
-40  -58  -42 
8  42  28 
-42  -22  6 
-52  -26  44 
-38  -32  50 

//Reference=MNI 
//nullstudy_9
//Subjects=11
-18  -56  4 
-52  -58  -22 
-26  -10  -36 
-6  -8  52 
0  24  -14 
-36  30  8 
8  48  16 
-34  -6  50 

//Reference=MNI 
//nullstudy_10
//Subjects=12
-8  36  46 
-20  -6  56 
-48  -70  -38 
-44  -84  -20 
-34  8  -26 
-4  26  24 
-32  -18  -4 
-28  -50  -12 

//Reference=MNI 
//nullstudy_11
//Subjects=11
-10  -56  -12 
-30  36  -18 
-26  -22  -14 
-58  -30  -32 
-30  -38  -10 
-10  -88  -2 
-42  -64  -16 
-18  -66  46 

//Reference=MNI 
//nullstudy_12
//Subjects=9
-26  26  0 
-50  -70  20 
-8  -22  46 
-40  -66  28 
-52  -38  14 
-22  -22  64 
-38  -2  50 
14  18  6 

//Reference=MNI 
//nullstudy_13
//Subjects=12
4  50  -12 
-36  -18  56 
-46  46  -12 
-56  2  -26 
-8  -88  -14 
-2  -4  6 
-52  22  22 
-54  -12  10 

//Reference=MNI 
//nullstudy_14
//Subjects=11
-6  -78  -4 
-64  -28  18 
14  16  -18 
22  32  -24 
-40  -72  20 
-28  52  -6 
-28  -48  -6 
-46  28  20 

//Reference=MNI 
//nullstudy_15
//Subjects=9
-32  0  40 
-4  -26  16 
-12  16  54 
-46  -32  42 
46  18  -24 
12  22  10 
-44  22  50 
-4  20  32 

//Reference=MNI 
//nullstudy_16
//Subjects=10
-48  -60  50 
-6  24  52 
-30  -72  -20 
-38  -42  -48 
-14  46  50 
-24  32  34 
4  12  -2 
42  10  34 

//Reference=MNI 
//nullstudy_17
//Subjects=7
-54  -48  36 
36  52  6 
-26  -64  -18 
-60  -46  6 
2  22  44 
34  22  8 
40  44  30 
18  12  -16 

//Reference=MNI 
//nullstudy_18
//Subjects=7
30  48  12 
-44  46  -12 
-44  -8  -36 
-58  -24  -18 
-18  -72  16 
42  56  -6 
-60  4  6 
-2  -4  38 

//Reference=MNI 
//nullstudy_19
//Subjects=9
2  44  -12 
-10  -30  6 
46  10  32 
-56  -12  30 
18  4  68 
-2  -28  70 
-44  -38  18 
-56  -72  -10 

//Reference=MNI 
//nullstudy_20
//Subjects=10
-6  -58  -24 
-44  -70  40 
-2  -22  -48 
-54  -62  18 
22  58  -18 
26  14  64 
18  26  40 
4  54  -20 

//Reference=MNI 
//nullstudy_21
//Subjects=11
-16  -16  28 
-62  -52  32 
34  54  26 
-6  -62  8 
-18  -32  56 
-10  -92  32 
-42  -82  24 
12  30  -14 

//Reference=MNI 
//nullstudy_22
//Subjects=11
-4  -6  12 
-20  -94  -16 
4  64  -4 
-16  -28  -38 
16  26  50 
-48  26  -2 
-2  0  -4 
-64  -54  28 

//Reference=MNI 
//nullstudy_23
//Subjects=10
-4  -70  16 
-2  -14  56 
-16  18  62 
-48  -4  34 
0  18  -26 
46  14  -20 
4  56  -20 
-22  64  -4 

//Reference=MNI 
//nullstudy_24
//Subjects=10
24  14  -4 
-32  2  60 
-4  -56  58 
-42  2  -16 
-50  4  6 
4  12  56 
-36  -14  4 
-8  -74  40 

//Reference=MNI 
//nullstudy_25
//Subjects=8
-64  -52  2 
-44  -64  -6 
-12  -46  8 
18  28  -28 
-8  44  54 
-14  -80  -4 
-6  -14  -8 
0  18  48 

//Reference=MNI 
//nullstudy_26
//Subjects=9
-4  42  18 
-48  -16  -38 
-62  -40  10 
8  34  38 
0  62  -10 
-32  -6  -22 
16  44  18 
-44  46  14 

//Reference=MNI 
//nullstudy_27
//Subjects=11
-38  -62  -16 
52  6  -20 
-40  12  12 
14  38  -22 
-8  20  54 
-54  -74  -8 
-34  -60  62 
-26  56  6 

//Reference=MNI 
//nullstudy_28
//Subjects=10
-40  18  24 
24  16  -22 
-36  -14  42 
-34  -62  20 
-16  8  72 
-32  8  12 
-30  -12  -46 
-2  -50  -50 

//Reference=MNI 
//nullstudy_29
//Subjects=8
-2  -16  -30 
-38  -28  12 
58  24  -2 
58  16  -14 
-24  30  44 
6  16  68 
-34  -24  40 
50  32  14 

//Reference=MNI 
//nullstudy_30
//Subjects=10
-10  52  20 
4  50  -6 
-34  -64  48 
-34  24  20 
-16  -16  66 
-38  -2  -42 
-12  -56  60 
24  64  18 

//Reference=MNI 
//nullstudy_31
//Subjects=10
-38  -66  16 
-30  42  44 
-6  56  6 
-54  -34  6 
-50  -68  -26 
-12  -64  68 
-8  4  48 
-56  -18  -26 

//Reference=MNI 
//nullstudy_32
//Subjects=11
-28  -14  64 
-10  -28  54 
-50  -56  -48 
-8  24  48 
-30  18  12 
-16  6  -6 
-34  56  0 
-64  -30  -6 

//Reference=MNI 
//nullstudy_33
//Subjects=11
18  40  50 
-28  -40  -12 
-32  -22  -12 
-22  58  2 
22  42  50 
-20  60  2 
34  52  24 
-26  -52  68 

//Reference=MNI 
//nullstudy_34
//Subjects=10
-30  -24  60 
-16  58  0 
0  18  34 
-48  -58  -20 
24  6  62 
-16  -88  -22 
-34  40  10 
-28  -100  4 

//Reference=MNI 
//nullstudy_35
//Subjects=10
-68  -34  0 
-50  -36  52 
-30  -38  50 
-30  16  34 
-24  -4  -44 
-26  -60  -24 
-56  -62  26 
38  12  36 

//Reference=MNI 
//nullstudy_36
//Subjects=11
56  22  16 
64  6  28 
-28  -64  46 
22  42  50 
-38  -94  2 
-50  -14  -22 
-22  -66  22 
-8  -70  42 

//Reference=MNI 
//nullstudy_37
//Subjects=12
26  42  38 
-16  -2  76 
32  34  44 
-48  -44  -12 
-2  -10  52 
14  26  28 
-64  -44  0 
-6  -66  42 

//Reference=MNI 
//nullstudy_38
//Subjects=10
-20  -76  -10 
-38  -28  70 
-40  -64  34 
-14  -64  0 
22  20  56 
-30  -92  14 
-30  -58  0 
-8  34  -12 

//Reference=MNI 
//nullstudy_39
//Subjects=9
-2  -4  68 
-14  22  16 
-6  -68  -16 
50  20  30 
-28  -34  2 
-18  -4  74 
-34  4  -36 
-24  2  -40 

//Reference=MNI 
//nullstudy_40
//Subjects=11
-30  -18  56 
-8  -38  60 
-36  46  -6 
-24  -36  70 
-4  -56  -26 
-8  8  40 
-54  2  -16 
0  48  -14 

//Reference=MNI 
//nullstudy_41
//Subjects=10
-56  -64  -4 
-18  -52  56 
-48  30  2 
-30  -30  20 
-26  -34  -28 
-40  28  -6 
-32  -10  4 
-42  -58  38 

//Reference=MNI 
//nullstudy_42
//Subjects=10
-46  -2  -46 
-32  50  36 
34  2  -40 
-24  -66  -2 
26  58  -16 
-50  -78  8 
-34  40  4 
60  12  34 

//Reference=MNI 
//nullstudy_43
//Subjects=9
-56  -28  54 
46  14  -22 
-10  -66  50 
42  14  38 
-24  -24  60 
-4  38  -18 
-30  24  -28 
-28  -88  6 

//Reference=MNI 
//nullstudy_44
//Subjects=10
-34  -32  56 
-22  -10  76 
30  46  12 
-58  -24  2 
-34  12  28 
-26  -70  -36 
-2  -24  -2 
-48  -56  -46 

//Reference=MNI 
//nullstudy_45
//Subjects=10
44  32  -22 
-46  38  20 
22  54  40 
6  8  38 
-26  -42  -4 
-36  -54  -50 
-48  -46  52 
-24  -58  66 

//Reference=MNI 
//nullstudy_46
//Subjects=11
-42  22  44 
-32  44  10 
-28  4  -50 
-8  34  -2 
-24  -58  -18 
-18  -18  -6 
-54  -28  20 
-2  58  -2 

//Reference=MNI 
//nullstudy_47
//Subjects=13
-16  -22  -14 
-34  4  40 
-62  -26  34 
-2  58  22 
28  30  38 
-8  -22  60 
-4  -60  -36 
-6  -22  42 

//Reference=MNI 
//nullstudy_48
//Subjects=11
-56  -52  -32 
-36  4  32 
-56  2  -2 
-22  -54  0 
-58  -40  24 
-38  -4  -48 
-10  10  10 
-32  14  12 

//Reference=MNI 
//nullstudy_49
//Subjects=10
-44  0  58 
12  58  -14 
-36  -74  -20 
-12  -58  36 
24  46  -16 
-18  -10  -34 
8  62  12 
-38  -22  -2 

//Reference=MNI 
//nullstudy_50
//Subjects=10
-60  -42  4 
-54  -68  -26 
-26  44  -8 
-60  -60  16 
-6  -60  12 
-30  -72  34 
42  16  -30 
50  18  -24 

//Reference=MNI 
//nullstudy_51
//Subjects=9
-36  -72  40 
-12  34  -20 
-46  -32  -22 
-38  -76  -26 
-44  42  -10 
-2  12  -6 
-16  68  18 
40  36  40 

//Reference=MNI 
//nullstudy_52
//Subjects=9
22  30  -12 
0  4  66 
-4  52  32 
-8  -16  66 
-48  44  6 
2  66  6 
-56  -32  24 
8  56  16 

//Reference=MNI 
//nullstudy_53
//Subjects=10
-50  -56  -46 
28  12  54 
-64  -12  -28 
10  72  4 
54  6  -16 
-44  24  -6 
20  6  56 
-36  -58  -46 

//Reference=MNI 
//nullstudy_54
//Subjects=11
-8  -8  74 
-56  12  -22 
-2  -84  -30 
-44  22  0 
-62  -6  14 
-60  -4  22 
54  18  -2 
-40  -54  -36 

//Reference=MNI 
//nullstudy_55
//Subjects=7
-20  22  54 
-14  -24  -6 
-36  50  10 
18  8  64 
-18  -24  -28 
-14  -62  68 
-30  34  40 
-42  52  20 

//Reference=MNI 
//nullstudy_56
//Subjects=9
-30  -44  -46 
-14  -54  -46 
-64  -38  12 
-28  -90  26 
-44  -28  -18 
12  34  16 
-64  -28  44 
42  10  32 

//Reference=MNI 
//nullstudy_57
//Subjects=11
8  36  16 
-34  0  -46 
-32  -86  -20 
-44  -28  22 
-58  2  -6 
14  58  12 
-46  40  20 
-36  -80  8 

//Reference=MNI 
//nullstudy_58
//Subjects=10
-24  10  2 
-6  46  -26 
-44  -30  -24 
-32  10  40 
-54  30  26 
-36  36  -8 
-6  -22  -22 
-12  -16  44 

//Reference=MNI 
//nullstudy_59
//Subjects=11
-20  -42  56 
-34  -20  -20 
-46  36  6 
18  8  -10 
-2  -52  -56 
-24  -40  58 
-54  -70  32 
-52  -2  14 

//Reference=MNI 
//nullstudy_60
//Subjects=11
-38  -82  6 
-14  -20  -28 
-14  -34  -22 
-4  -82  2 
-28  10  -30 
14  42  4 
-14  -94  6 
12  42  34 

//Reference=MNI 
//nullstudy_61
//Subjects=11
-48  -46  -18 
24  62  4 
-50  -22  -2 
26  12  -48 
-26  2  -48 
-38  -40  56 
0  12  68 
-10  -24  72 

//Reference=MNI 
//nullstudy_62
//Subjects=10
-2  -20  78 
-16  -72  54 
-30  -26  -14 
-26  -34  -28 
-8  -84  -8 
-24  -66  60 
6  16  64 
-10  -36  -8 

//Reference=MNI 
//nullstudy_63
//Subjects=10
-46  -32  62 
8  2  40 
-30  -40  6 
48  48  2 
30  30  -8 
-4  -82  44 
38  40  28 
36  20  -30 

//Reference=MNI 
//nullstudy_64
//Subjects=11
-66  -8  -20 
-18  -94  10 
-26  -48  -26 
-30  -6  48 
0  66  18 
-10  -82  34 
-14  18  68 
-28  -80  -10 

//Reference=MNI 
//nullstudy_65
//Subjects=10
-56  22  16 
-34  -72  2 
-36  -62  16 
-6  2  28 
-22  -60  24 
18  60  18 
-54  -32  -16 
12  2  50 

//Reference=MNI 
//nullstudy_66
//Subjects=11
-8  10  -22 
-60  -42  -20 
-26  -40  -16 
-34  -42  54 
18  58  34 
40  28  22 
-30  -62  -2 
-40  -76  6 

//Reference=MNI 
//nullstudy_67
//Subjects=10
24  46  44 
-30  -78  -12 
-16  -26  0 
-60  -8  40 
54  24  6 
-28  12  4 
-20  -46  60 
26  16  40 

//Reference=MNI 
//nullstudy_68
//Subjects=10
6  20  -4 
-40  -66  -20 
-36  -90  -22 
-4  -38  22 
-30  -20  4 
-36  -22  -34 
-28  -8  44 
-40  44  10 

//Reference=MNI 
//nullstudy_69
//Subjects=11
-16  -64  66 
-44  -12  48 
-36  -52  42 
-38  42  -10 
26  12  -10 
-12  -58  -56 
38  12  -28 
-42  42  24 

//Reference=MNI 
//nullstudy_70
//Subjects=10
-4  54  6 
-6  -104  -12 
52  44  0 
-10  -24  -44 
-44  -68  30 
-48  16  -30 
-34  -26  72 
34  42  28 

//Reference=MNI 
//nullstudy_71
//Subjects=11
-66  -50  0 
-50  -2  -44 
-64  -26  -6 
-56  -14  10 
-58  -68  2 
-16  -90  -34 
20  24  -18 
-16  -82  36 

//Reference=MNI 
//nullstudy_72
//Subjects=11
-32  12  -38 
-10  -4  20 
52  6  46 
16  62  16 
52  18  8 
-48  -28  14 
34  30  32 
4  46  52 

//Reference=MNI 
//nullstudy_73
//Subjects=10
-22  12  -26 
-16  -40  -58 
-36  -52  30 
0  42  -28 
-48  -12  30 
-58  -12  -40 
-70  -24  6 
-32  32  -14 

//Reference=MNI 
//nullstudy_74
//Subjects=11
-28  -86  -2 
30  66  6 
-20  -10  72 
-60  -56  22 
-50  -66  44 
42  58  8 
-34  -72  -8 
-10  -40  40 

//Reference=MNI 
//nullstudy_75
//Subjects=10
-10  34  -10 
-22  -30  62 
-10  -60  -20 
40  36  28 
-6  10  58 
-62  -34  4 
0  64  2 
-40  -40  -32 

//Reference=MNI 
//nullstudy_76
//Subjects=10
-38  -50  -40 
-38  -24  58 
-24  -88  10 
16  46  -24 
-36  -82  -44 
-36  22  -16 
36  14  -30 
-4  -42  10 

//Reference=MNI 
//nullstudy_77
//Subjects=9
-46  -46  -46 
-28  36  26 
-2  -66  46 
-12  -26  6 
-2  -58  2 
-32  30  38 
-40  -76  30 
62  16  2 

//Reference=MNI 
//nullstudy_78
//Subjects=9
4  52  -16 
-64  0  -20 
-58  -40  -4 
-54  20  28 
-4  -56  46 
-44  -42  46 
-14  -94  20 
-12  28  -24 

//Reference=MNI 
//nullstudy_79
//Subjects=11
-22  -80  -24 
-36  -44  -4 
-22  58  -4 
54  10  36 
6  22  44 
28  22  -12 
-30  -80  -14 
-12  42  40 

//Reference=MNI 
//nullstudy_80
//Subjects=10
-38  -2  34 
-8  -42  4 
-18  -78  22 
-32  -82  -18 
-60  -52  6 
-10  42  -20 
-24  -72  -38 
-8  -60  62 

//Reference=MNI 
//nullstudy_81
//Subjects=10
24  52  -8 
-16  8  24 
-8  -40  62 
-20  -28  -12 
44  14  56 
-6  -52  74 
10  36  16 
-48  -44  48 

//Reference=MNI 
//nullstudy_82
//Subjects=11
-22  18  -30 
-52  -28  -32 
-38  -14  2 
-22  38  30 
-32  58  6 
18  64  6 
-38  8  -48 
40  14  -10 

//Reference=MNI 
//nullstudy_83
//Subjects=10
16  4  -4 
50  4  -20 
-28  46  -2 
6  6  -8 
-46  24  8 
52  20  6 
-68  -26  -10 
-44  -18  -26 

//Reference=MNI 
//nullstudy_84
//Subjects=10
32  8  -20 
-28  -76  12 
-10  -14  68 
-32  -10  -28 
-50  -16  -8 
-44  50  4 
30  30  48 
-14  -48  -36 

//Reference=MNI 
//nullstudy_85
//Subjects=8
-10  -28  64 
-42  24  8 
-6  0  68 
-2  -6  -4 
-14  -72  30 
54  12  20 
-40  -14  -26 
-56  6  22 

//Reference=MNI 
//nullstudy_86
//Subjects=11
-40  -64  -48 
-66  -36  -18 
-10  -22  -30 
48  2  -32 
26  8  -12 
-42  -14  -22 
0  6  72 
-42  26  38 

//Reference=MNI 
//nullstudy_87
//Subjects=11
-56  -32  24 
-56  -42  34 
-6  -70  -8 
44  18  -38 
-58  -58  -6 
-44  -52  -38 
-38  18  36 
-28  6  46 

//Reference=MNI 
//nullstudy_88
//Subjects=10
-56  -20  40 
-10  -48  50 
-34  -84  -2 
-46  -16  56 
-2  -68  30 
42  34  -10 
-16  -80  -28 
-18  -8  56 

//Reference=MNI 
//nullstudy_89
//Subjects=12
-14  -32  38 
4  40  18 
-54  2  -30 
-32  -4  -6 
-12  -40  38 
16  42  -22 
28  22  52 
-2  50  -30 

//Reference=MNI 
//nullstudy_90
//Subjects=10
56  16  18 
48  50  -4 
-18  40  48 
48  6  -46 
-24  26  30 
-54  -50  42 
-12  42  40 
-24  -22  -12 

//Reference=MNI 
//nullstudy_91
//Subjects=11
12  38  24 
-70  -26  -12 
-50  -32  20 
38  28  32 
-40  -80  -18 
2  26  14 
58  12  -6 
-46  -24  42 

//Reference=MNI 
//nullstudy_92
//Subjects=9
-10  26  -20 
30  34  -24 
-42  -2  -32 
42  20  44 
42  2  -6 
18  6  62 
-20  -96  12 
-20  -86  0 

//Reference=MNI 
//nullstudy_93
//Subjects=11
-24  -88  32 
-32  32  28 
-6  -22  8 
-54  28  24 
28  14  0 
-14  30  -20 
-22  -40  -40 
-48  -60  -38 

//Reference=MNI 
//nullstudy_94
//Subjects=10
-32  10  52 
-56  -24  48 
-26  -4  56 
-36  20  4 
-46  -14  42 
58  4  26 
-4  10  -8 
-12  28  52 

//Reference=MNI 
//nullstudy_95
//Subjects=10
14  10  12 
14  14  48 
-52  14  -16 
-30  -20  58 
-34  4  -40 
-60  -18  -24 
-20  44  -10 
-6  -12  56 

//Reference=MNI 
//nullstudy_96
//Subjects=10
-26  -58  -52 
-32  -86  18 
-20  -68  -48 
-36  -28  -10 
-32  -80  42 
46  8  10 
38  40  -12 
30  14  -32 

//Reference=MNI 
//nullstudy_97
//Subjects=10
-26  -20  -12 
-26  34  50 
-12  30  30 
-52  -12  -10 
-10  -98  -12 
-18  -52  10 
-2  14  48 
-26  2  60 

//Reference=MNI 
//nullstudy_98
//Subjects=11
-22  62  -2 
-30  32  36 
-48  -44  -24 
-2  -54  42 
-60  -44  46 
-50  -72  38 
-48  -74  -6 
-50  26  -2 

//Reference=MNI 
//nullstudy_99
//Subjects=10
-36  -26  10 
10  66  4 
22  6  -48 
-2  -2  -2 
-50  -58  -40 
56  16  -22 
26  24  -10 
-30  8  8 

//Reference=MNI 
//nullstudy_100
//Subjects=10
-12  -92  -4 
-42  -20  46 
-46  -50  -10 
-52  -32  -20 
-12  18  8 
-28  -10  62 
-14  -16  26 
-26  -2  6 

