//Reference=MNI 
//truestudy_1
//Subjects=30
47  -66  -6 
45  -66  -5 
45  -65  -6 
46  -67  -9 
47  -67  -6 
45  -68  -4 
46  -66  -6 
47  -65  -6 

//Reference=MNI 
//truestudy_2
//Subjects=31
46  -66  -4 
47  -67  -8 
46  -66  -6 
47  -65  -7 
47  -66  -6 
45  -67  -7 
46  -66  -7 
48  -66  -5 

//Reference=MNI 
//truestudy_3
//Subjects=31
46  -66  -6 
47  -66  -7 
47  -65  -6 
46  -67  -7 
46  -66  -6 
46  -68  -6 
47  -66  -6 
46  -67  -6 

//Reference=MNI 
//nullstudy_1
//Subjects=30
-52  -40  14 
-50  -48  -46 
36  4  -20 
-24  -78  -2 
-12  12  42 
-30  -84  -6 
20  26  0 
-32  32  22 

//Reference=MNI 
//nullstudy_2
//Subjects=31
42  16  44 
-46  24  42 
-60  -6  26 
-30  18  40 
20  66  18 
22  24  -24 
-6  -96  20 
-18  -72  48 

//Reference=MNI 
//nullstudy_3
//Subjects=31
-48  -4  2 
-10  -36  38 
50  32  36 
-50  -68  2 
-6  30  24 
-68  -44  6 
20  56  40 
2  20  -12 

//Reference=MNI 
//nullstudy_4
//Subjects=29
-8  36  10 
10  18  -4 
-28  -40  -6 
-58  -28  -2 
54  26  26 
40  8  52 
-36  -24  50 
-38  4  36 

//Reference=MNI 
//nullstudy_5
//Subjects=30
-64  -14  16 
-16  -36  78 
-54  -26  44 
-14  -38  76 
36  54  -2 
-58  -32  14 
-14  -24  78 
-8  16  -28 

//Reference=MNI 
//nullstudy_6
//Subjects=31
-4  46  42 
-52  -36  24 
-34  18  -28 
16  64  -16 
-4  14  -12 
-16  30  -26 
-66  -38  20 
30  48  -6 

//Reference=MNI 
//nullstudy_7
//Subjects=30
26  32  -22 
-42  38  -8 
-16  -36  70 
-36  -66  44 
44  24  46 
4  60  -24 
-8  10  18 
-16  -68  54 

//Reference=MNI 
//nullstudy_8
//Subjects=30
-26  -38  -12 
-4  64  -20 
34  14  42 
-32  -82  -30 
-52  -52  54 
-40  -26  -30 
-28  -18  -26 
-36  -58  -40 

//Reference=MNI 
//nullstudy_9
//Subjects=30
20  20  -6 
-22  -34  20 
12  28  36 
-26  -50  60 
-24  -58  -4 
38  40  20 
-8  -40  -28 
50  34  16 

//Reference=MNI 
//nullstudy_10
//Subjects=29
-30  -96  -10 
-50  34  2 
-12  -66  -8 
-38  -58  56 
46  22  -30 
-48  16  40 
-16  -56  -58 
-16  -20  4 

//Reference=MNI 
//nullstudy_11
//Subjects=31
-64  -44  -2 
-48  0  -14 
6  22  34 
-4  -46  52 
-16  -10  70 
-40  -80  28 
14  30  50 
-48  -30  2 

//Reference=MNI 
//nullstudy_12
//Subjects=30
-6  -16  4 
-60  -34  14 
-40  -48  40 
-16  -96  -24 
-54  -60  -36 
-22  0  -36 
-34  28  28 
-32  42  24 

//Reference=MNI 
//nullstudy_13
//Subjects=30
4  28  26 
-24  -66  14 
-48  -8  -12 
-44  -4  -46 
0  6  -2 
-16  -70  62 
-10  38  54 
-4  44  54 

//Reference=MNI 
//nullstudy_14
//Subjects=29
-6  -82  24 
16  50  10 
46  24  -26 
-26  4  -34 
-40  -22  22 
-18  16  44 
-14  -76  -30 
12  36  -20 

//Reference=MNI 
//nullstudy_15
//Subjects=30
-20  8  -4 
-22  -68  38 
-16  20  -24 
-36  -34  -28 
-10  -84  24 
42  54  18 
-30  46  14 
-40  -72  4 

//Reference=MNI 
//nullstudy_16
//Subjects=29
-8  -96  -24 
-20  -30  10 
-8  -78  -34 
64  4  -2 
2  34  -2 
-60  -58  -10 
12  12  16 
40  34  -6 

//Reference=MNI 
//nullstudy_17
//Subjects=31
4  16  48 
-42  26  48 
-54  34  6 
-18  -68  52 
-46  -10  36 
-18  -22  78 
-14  -64  32 
6  44  -14 

//Reference=MNI 
//nullstudy_18
//Subjects=29
-62  -22  -4 
-36  54  -2 
-34  30  14 
-36  -60  30 
6  32  28 
-48  4  -26 
-36  -6  62 
40  6  -30 

//Reference=MNI 
//nullstudy_19
//Subjects=31
-56  -6  14 
-42  -62  26 
40  16  -14 
-8  -20  48 
6  52  6 
4  36  10 
42  6  -16 
-42  4  26 

//Reference=MNI 
//nullstudy_20
//Subjects=32
38  38  36 
-2  -20  -6 
-36  -54  -56 
32  58  -16 
40  30  -18 
-6  -68  6 
-40  8  -36 
-6  44  38 

//Reference=MNI 
//nullstudy_21
//Subjects=31
8  8  4 
-28  -60  -44 
-40  -80  -18 
-44  -48  -54 
-14  -60  40 
-50  -42  -20 
-26  2  -50 
-2  -68  64 

//Reference=MNI 
//nullstudy_22
//Subjects=29
-56  -28  20 
-40  -64  10 
-14  18  -14 
-26  -10  52 
-28  -34  -2 
0  52  -14 
26  22  -40 
60  12  0 

//Reference=MNI 
//nullstudy_23
//Subjects=29
-4  -18  -14 
-38  -2  64 
-44  -84  8 
-30  -28  -32 
-10  38  16 
-32  -4  58 
-32  -14  -32 
-4  -98  8 

//Reference=MNI 
//nullstudy_24
//Subjects=30
-4  -60  14 
-6  28  30 
-44  -30  -2 
-50  -16  30 
-16  20  12 
-14  24  66 
-28  44  32 
-10  46  -26 

//Reference=MNI 
//nullstudy_25
//Subjects=31
-10  14  -26 
-50  4  -16 
-12  -58  26 
20  26  52 
-22  18  2 
-24  22  44 
-8  -6  -24 
-8  -52  38 

//Reference=MNI 
//nullstudy_26
//Subjects=30
-4  -48  -68 
-8  2  76 
-20  -60  64 
-46  12  42 
-36  38  22 
-48  -50  -20 
34  10  0 
-8  -20  12 

//Reference=MNI 
//nullstudy_27
//Subjects=30
-8  38  10 
6  10  -2 
-34  -48  -46 
-36  -60  -2 
26  4  46 
-40  4  36 
-40  -82  -6 
-6  62  -8 

//Reference=MNI 
//nullstudy_28
//Subjects=30
-26  12  54 
-2  -92  22 
-14  -18  2 
-50  -52  2 
-48  18  44 
-54  -38  -20 
24  48  32 
-50  -12  -46 

//Reference=MNI 
//nullstudy_29
//Subjects=29
-22  -54  -28 
-4  -4  -18 
-40  12  22 
-50  -10  6 
-32  -66  30 
58  6  2 
30  28  -10 
-14  -84  -48 

//Reference=MNI 
//nullstudy_30
//Subjects=30
-52  -2  -20 
2  32  22 
-26  -54  -28 
-2  -66  4 
22  52  40 
50  14  -2 
12  8  12 
-46  20  -14 

//Reference=MNI 
//nullstudy_31
//Subjects=32
-58  -54  26 
-68  -30  4 
-4  -88  12 
-8  -64  52 
22  16  64 
-2  -38  6 
-62  0  -18 
30  26  0 

//Reference=MNI 
//nullstudy_32
//Subjects=30
-18  -36  -52 
-44  -78  -40 
26  54  28 
-6  -74  52 
-52  -42  42 
40  2  -6 
-6  -38  -58 
-56  -8  -10 

//Reference=MNI 
//nullstudy_33
//Subjects=30
-44  -60  -46 
-36  -52  -6 
-38  -2  46 
-48  -48  -22 
-8  -44  64 
-28  60  26 
-64  -20  10 
-4  26  -4 

//Reference=MNI 
//nullstudy_34
//Subjects=28
32  22  -20 
-32  44  -14 
-10  -8  4 
-32  -98  -12 
36  40  -14 
-54  -56  -10 
-16  -94  -2 
-18  -4  -14 

//Reference=MNI 
//nullstudy_35
//Subjects=31
-4  -86  -10 
-28  2  -8 
-58  0  -10 
-24  -6  60 
-22  -16  -16 
-20  52  -20 
-8  14  32 
-20  -42  14 

//Reference=MNI 
//nullstudy_36
//Subjects=30
-2  -16  -10 
14  56  2 
-20  2  2 
-52  -6  46 
-22  -34  -24 
-40  -34  18 
-60  -28  48 
42  50  -2 

//Reference=MNI 
//nullstudy_37
//Subjects=30
10  24  6 
10  28  32 
-16  -80  24 
-12  -44  78 
-26  60  -16 
-16  36  54 
-42  16  54 
-54  -20  -20 

//Reference=MNI 
//nullstudy_38
//Subjects=32
-52  10  44 
-40  -62  22 
0  2  12 
-50  26  26 
22  20  56 
-60  -50  -14 
-38  -58  -2 
40  2  -34 

//Reference=MNI 
//nullstudy_39
//Subjects=30
10  44  -2 
36  40  22 
38  10  -16 
-30  -72  -40 
42  46  20 
-10  30  -18 
22  18  52 
-6  -2  68 

//Reference=MNI 
//nullstudy_40
//Subjects=29
-40  36  36 
-60  -52  34 
-16  36  46 
28  20  4 
-54  -18  56 
-36  58  10 
-6  32  14 
-14  56  40 

//Reference=MNI 
//nullstudy_41
//Subjects=30
18  46  44 
-10  36  40 
-12  -52  -64 
-16  -16  20 
-16  -98  -2 
-32  -76  -36 
-28  44  4 
-16  -64  54 

//Reference=MNI 
//nullstudy_42
//Subjects=31
-42  -70  -42 
-2  -6  46 
-16  22  2 
4  70  -4 
12  20  -2 
54  28  18 
-18  -40  68 
-58  -26  2 

//Reference=MNI 
//nullstudy_43
//Subjects=30
-4  -100  8 
-2  -56  54 
-36  24  -12 
34  58  10 
-36  -58  -20 
-4  -46  54 
-36  12  38 
-18  -16  58 

//Reference=MNI 
//nullstudy_44
//Subjects=30
-10  70  -4 
-14  60  24 
-52  -34  52 
-42  -18  46 
-18  -12  74 
-42  -24  18 
-44  -42  -42 
-28  38  18 

//Reference=MNI 
//nullstudy_45
//Subjects=29
-22  12  0 
-28  28  -16 
8  6  30 
-14  -68  -40 
-24  -84  8 
-6  -94  6 
-8  38  -26 
-64  -48  -14 

//Reference=MNI 
//nullstudy_46
//Subjects=32
-68  -16  24 
-64  -18  26 
38  54  18 
6  20  48 
-22  -12  58 
-16  -82  46 
-42  -6  -30 
-36  2  34 

//Reference=MNI 
//nullstudy_47
//Subjects=30
-40  12  -40 
-62  -40  10 
-2  -64  -10 
-18  10  56 
20  42  28 
-10  -60  -60 
-4  38  42 
-36  -42  46 

//Reference=MNI 
//nullstudy_48
//Subjects=31
-4  -78  -40 
-50  -30  4 
-8  38  -26 
-18  6  70 
-44  -12  -30 
14  62  -18 
-16  -100  -8 
-38  32  -22 

//Reference=MNI 
//nullstudy_49
//Subjects=32
-48  -22  -14 
-2  -40  44 
-28  32  -20 
-36  -72  0 
-28  -56  56 
2  4  12 
-6  -18  14 
30  40  -18 

//Reference=MNI 
//nullstudy_50
//Subjects=29
-20  -18  60 
-38  2  58 
6  24  -24 
-50  -50  -18 
-18  -88  -2 
-12  -68  52 
-42  36  24 
-20  -96  -12 

//Reference=MNI 
//nullstudy_51
//Subjects=29
-48  6  38 
-4  -62  -52 
-38  -18  60 
16  58  -14 
-40  -22  62 
-28  -36  2 
32  46  -20 
-18  -40  10 

//Reference=MNI 
//nullstudy_52
//Subjects=29
-16  -34  78 
32  36  36 
-60  -48  12 
-32  50  20 
-28  -60  46 
24  22  52 
56  14  38 
-4  8  -22 

//Reference=MNI 
//nullstudy_53
//Subjects=29
48  28  -16 
34  28  42 
-10  -58  14 
-36  -14  8 
-46  12  -32 
-32  -70  26 
32  30  -16 
44  58  -2 

//Reference=MNI 
//nullstudy_54
//Subjects=32
20  12  -8 
-12  -40  -20 
-30  -58  -28 
-22  16  4 
-14  -78  -52 
-2  -52  -2 
26  50  -12 
-52  -40  40 

//Reference=MNI 
//nullstudy_55
//Subjects=30
-50  -30  -26 
-16  -88  -10 
-22  -42  58 
26  14  -32 
-4  -84  -8 
-8  34  -20 
-26  -82  30 
-4  -36  30 

//Reference=MNI 
//nullstudy_56
//Subjects=28
-46  -46  50 
-60  -54  -26 
-58  -62  34 
36  4  28 
-54  -30  20 
-68  -16  -14 
-2  -64  -2 
-60  16  18 

//Reference=MNI 
//nullstudy_57
//Subjects=30
-48  -16  -30 
34  22  50 
-2  -48  48 
-8  -34  -42 
40  48  26 
-36  38  34 
-30  14  -12 
34  34  24 

//Reference=MNI 
//nullstudy_58
//Subjects=30
-50  -54  -52 
-6  -90  -14 
-12  -40  -48 
-14  -70  -6 
-32  -78  -22 
-52  6  12 
-24  54  0 
-10  -20  4 

//Reference=MNI 
//nullstudy_59
//Subjects=31
-62  -44  -22 
-16  -78  -4 
-10  -74  -44 
-30  -26  66 
-38  -66  -12 
-24  54  -8 
36  10  58 
12  6  18 

//Reference=MNI 
//nullstudy_60
//Subjects=30
-28  -82  -30 
-28  -76  52 
-42  -78  0 
4  64  18 
20  10  46 
-34  -48  -4 
-38  -24  22 
34  12  -2 

//Reference=MNI 
//nullstudy_61
//Subjects=30
-68  -28  -6 
42  8  -38 
-34  2  -14 
28  56  0 
32  14  44 
-24  -96  8 
40  34  -4 
-32  36  22 

//Reference=MNI 
//nullstudy_62
//Subjects=29
-6  36  4 
0  38  42 
50  42  14 
-6  24  -26 
52  18  18 
-40  -64  22 
10  48  10 
-18  -42  10 

//Reference=MNI 
//nullstudy_63
//Subjects=30
-36  -86  -32 
14  8  52 
6  70  -10 
-52  -30  10 
-42  -4  -30 
-62  -52  -8 
-52  -14  40 
-2  42  34 

//Reference=MNI 
//nullstudy_64
//Subjects=29
-12  -62  16 
-20  -30  60 
22  30  46 
-22  -54  10 
-28  -56  68 
-16  -66  -48 
38  46  -14 
-34  16  30 

//Reference=MNI 
//nullstudy_65
//Subjects=28
48  2  -14 
-30  -74  -12 
-26  -54  -16 
6  56  -18 
0  52  22 
-10  -86  -38 
-14  -44  4 
-56  -74  -4 

//Reference=MNI 
//nullstudy_66
//Subjects=30
54  24  32 
-22  36  -10 
-56  22  12 
-30  -82  4 
-40  46  0 
-22  -72  -36 
18  10  0 
-52  22  -8 

//Reference=MNI 
//nullstudy_67
//Subjects=30
40  20  56 
-34  -10  -50 
12  26  -14 
6  50  12 
-36  2  -32 
-2  -48  -62 
-40  -32  46 
-22  42  40 

//Reference=MNI 
//nullstudy_68
//Subjects=31
-6  -52  -24 
-40  10  36 
-42  12  -34 
20  14  -24 
14  62  -6 
12  56  -18 
-10  60  10 
-60  -16  12 

//Reference=MNI 
//nullstudy_69
//Subjects=29
12  50  40 
-50  -74  30 
-36  22  -6 
-10  -2  18 
-24  22  -24 
18  26  -18 
-10  6  62 
-20  42  22 

//Reference=MNI 
//nullstudy_70
//Subjects=29
-22  -54  -32 
-24  -56  -50 
-40  -74  12 
-10  -30  12 
-4  22  16 
-16  -76  40 
48  44  12 
-44  12  -22 

//Reference=MNI 
//nullstudy_71
//Subjects=28
-46  -62  14 
-44  -60  -30 
26  42  44 
-12  -10  62 
8  48  4 
-58  -16  -40 
-16  -76  32 
-42  -72  -52 

//Reference=MNI 
//nullstudy_72
//Subjects=30
-28  28  34 
-22  58  16 
-66  -36  -12 
58  24  30 
-6  -88  -38 
0  36  4 
4  60  10 
-54  6  -18 

//Reference=MNI 
//nullstudy_73
//Subjects=30
2  56  -20 
-50  -68  -8 
-8  -62  -16 
8  20  62 
-44  -64  -50 
-42  20  -8 
-48  -62  -28 
34  30  -2 

//Reference=MNI 
//nullstudy_74
//Subjects=30
-52  -14  46 
-46  0  6 
-20  -92  24 
-56  14  26 
-30  -58  -10 
-50  -66  -20 
-60  -34  24 
-18  -40  -36 

//Reference=MNI 
//nullstudy_75
//Subjects=29
-12  10  34 
8  12  60 
-10  -60  -18 
-38  -26  -24 
-54  2  -2 
12  2  42 
-18  -60  -40 
-36  -84  14 

//Reference=MNI 
//nullstudy_76
//Subjects=30
12  8  40 
-26  -68  54 
8  58  6 
-38  -42  44 
-68  -28  6 
-14  44  -6 
34  18  48 
-6  -32  2 

//Reference=MNI 
//nullstudy_77
//Subjects=30
-32  2  16 
-16  -48  4 
-40  -20  18 
0  12  46 
-52  40  -14 
48  12  -38 
40  2  10 
50  30  30 

//Reference=MNI 
//nullstudy_78
//Subjects=29
-2  54  22 
-4  10  -14 
-50  -12  26 
-20  4  6 
50  20  -20 
-10  24  58 
0  46  46 
-24  20  -32 

//Reference=MNI 
//nullstudy_79
//Subjects=30
-4  -32  0 
-54  -50  12 
10  34  40 
-54  -68  22 
0  20  34 
-30  -18  52 
0  42  10 
30  2  -14 

//Reference=MNI 
//nullstudy_80
//Subjects=30
12  42  46 
-50  -62  -42 
36  42  -12 
-26  18  54 
-30  -80  -16 
-26  -72  36 
-26  -100  -4 
-36  -38  22 

//Reference=MNI 
//nullstudy_81
//Subjects=28
-46  -70  10 
42  6  48 
-34  -66  44 
-44  -12  34 
-8  44  8 
-28  -6  -48 
-36  -32  56 
-18  -60  -4 

//Reference=MNI 
//nullstudy_82
//Subjects=31
-46  -42  52 
-40  -56  -16 
50  44  0 
-34  44  0 
-10  -80  6 
-12  -20  -24 
-28  14  -6 
-18  18  -8 

//Reference=MNI 
//nullstudy_83
//Subjects=29
8  44  46 
20  32  -16 
-20  -38  -6 
-8  -20  60 
-56  -12  36 
-4  -24  32 
-44  14  40 
-28  62  4 

//Reference=MNI 
//nullstudy_84
//Subjects=31
-28  -50  -44 
-60  -8  -34 
-42  -64  42 
-24  -30  76 
-50  18  32 
12  28  62 
-44  -44  -48 
-52  10  -24 

//Reference=MNI 
//nullstudy_85
//Subjects=30
-38  14  10 
-22  -30  74 
-18  -58  -18 
-30  -42  -16 
-26  -64  -36 
-18  -4  22 
-46  -32  24 
-44  -14  48 

//Reference=MNI 
//nullstudy_86
//Subjects=28
-42  -16  66 
-32  -12  -20 
-38  10  58 
-28  -14  -4 
-30  -8  50 
-42  40  -22 
-4  -62  54 
8  6  -22 

//Reference=MNI 
//nullstudy_87
//Subjects=30
-56  -40  52 
-14  -90  -6 
-4  -80  -24 
-32  8  -2 
34  6  50 
-42  -24  64 
-42  -64  2 
-36  -62  -24 

//Reference=MNI 
//nullstudy_88
//Subjects=30
32  50  30 
-28  -12  -36 
-26  10  -32 
-20  -86  30 
-32  -52  -26 
-12  0  40 
-22  54  20 
18  38  54 

//Reference=MNI 
//nullstudy_89
//Subjects=30
-26  20  -26 
-30  -20  48 
24  22  -10 
-14  48  42 
-14  -76  52 
62  6  6 
-12  42  -28 
50  2  48 

//Reference=MNI 
//nullstudy_90
//Subjects=32
50  6  36 
-40  -18  16 
-12  44  8 
-32  -66  30 
-24  -94  24 
-24  20  -24 
-42  12  54 
14  46  48 

//Reference=MNI 
//nullstudy_91
//Subjects=33
-10  34  46 
-12  -38  52 
6  50  50 
-48  -60  -18 
-48  -34  60 
44  22  0 
-36  2  52 
-52  -22  26 

//Reference=MNI 
//nullstudy_92
//Subjects=30
10  40  -28 
-30  28  44 
-46  -60  -46 
38  6  50 
-34  22  0 
6  2  -20 
-40  -2  6 
42  28  -16 

//Reference=MNI 
//nullstudy_93
//Subjects=30
0  56  34 
34  12  38 
-24  -2  70 
36  22  38 
-36  -2  48 
-56  -38  -4 
24  10  60 
-44  -44  -28 

//Reference=MNI 
//nullstudy_94
//Subjects=30
0  30  4 
0  2  -14 
8  42  -16 
20  14  -20 
-6  54  -22 
-48  18  -28 
-18  -30  -24 
-40  10  32 

//Reference=MNI 
//nullstudy_95
//Subjects=32
-46  -18  62 
-34  -96  0 
10  44  42 
-18  54  30 
12  2  40 
-30  -60  -34 
26  8  -18 
10  8  40 

//Reference=MNI 
//nullstudy_96
//Subjects=30
-6  -22  -32 
-4  -44  6 
-18  -74  36 
-14  -58  70 
44  26  -22 
-42  -30  62 
-12  36  -16 
-46  -26  -30 

//Reference=MNI 
//nullstudy_97
//Subjects=28
-10  48  26 
-16  -14  18 
6  34  44 
-6  -72  36 
-44  -88  12 
-10  14  12 
-54  12  16 
8  22  20 

//Reference=MNI 
//nullstudy_98
//Subjects=31
-46  -40  22 
-44  -4  2 
-24  0  -40 
-44  -64  12 
-4  -58  -46 
-10  -52  8 
-36  -36  -14 
-36  -58  -4 

//Reference=MNI 
//nullstudy_99
//Subjects=33
64  4  -14 
-28  8  -12 
-2  -32  -56 
-28  4  48 
-26  -52  0 
-18  -6  -38 
-2  -38  -18 
-36  -4  18 

//Reference=MNI 
//nullstudy_100
//Subjects=29
-14  -68  38 
-8  -66  54 
50  26  36 
-38  4  30 
42  30  10 
0  4  -30 
-8  64  8 
-56  -40  4 

