//Reference=MNI 
//truestudy_1
//Subjects=21
46  -66  -6 
46  -67  -6 
44  -66  -5 
43  -64  -7 
45  -66  -6 
46  -67  -5 
46  -64  -4 
46  -66  -5 

//Reference=MNI 
//truestudy_2
//Subjects=21
45  -67  -6 
46  -66  -7 
44  -67  -7 
46  -67  -7 
47  -67  -8 
46  -67  -6 
47  -65  -4 
46  -66  -5 

//Reference=MNI 
//truestudy_3
//Subjects=19
45  -68  -5 
47  -67  -6 
47  -65  -8 
47  -67  -7 
44  -66  -6 
47  -65  -5 
46  -66  -6 
47  -66  -7 

//Reference=MNI 
//nullstudy_1
//Subjects=21
24  4  -2 
-44  40  22 
-6  -60  -50 
-58  8  -28 
-22  -42  -26 
-8  -18  72 
-8  -50  -10 
-16  -14  12 

//Reference=MNI 
//nullstudy_2
//Subjects=21
-48  -80  -20 
-40  20  0 
-18  -82  -50 
-22  -82  20 
-62  -48  36 
-14  16  -8 
20  60  28 
-50  -6  -8 

//Reference=MNI 
//nullstudy_3
//Subjects=19
-18  44  -14 
-58  -36  38 
-16  -72  40 
-16  -50  36 
-4  -28  -48 
-16  50  36 
-18  68  6 
-30  -50  70 

//Reference=MNI 
//nullstudy_4
//Subjects=20
-52  6  -28 
8  14  -16 
-50  -34  -20 
-32  2  8 
-52  -30  -16 
-16  -86  -34 
-10  58  -24 
-22  6  62 

//Reference=MNI 
//nullstudy_5
//Subjects=20
-58  -26  32 
6  58  28 
-26  -20  64 
-40  -52  64 
60  4  40 
-44  2  -26 
-8  42  -22 
2  20  4 

//Reference=MNI 
//nullstudy_6
//Subjects=21
-24  -26  58 
18  58  12 
32  26  -8 
-2  40  54 
-40  52  -16 
-54  -22  -2 
0  18  6 
-24  22  34 

//Reference=MNI 
//nullstudy_7
//Subjects=20
-24  -12  -8 
6  64  12 
-8  48  -16 
-24  -4  -20 
-4  -62  8 
20  64  22 
52  20  32 
-46  -28  -4 

//Reference=MNI 
//nullstudy_8
//Subjects=19
46  18  16 
-8  -64  -20 
-38  32  -2 
-48  4  6 
-36  40  6 
-2  -58  -30 
50  18  -20 
34  12  -8 

//Reference=MNI 
//nullstudy_9
//Subjects=19
-8  58  42 
4  62  32 
-50  -54  -26 
-20  56  28 
-28  -60  -26 
-22  -46  -42 
-26  -44  70 
4  56  -26 

//Reference=MNI 
//nullstudy_10
//Subjects=18
-44  -68  -20 
-20  -38  -46 
-10  24  48 
-4  42  10 
-22  -2  -18 
0  6  10 
-48  -20  -6 
-36  -58  -12 

//Reference=MNI 
//nullstudy_11
//Subjects=20
-56  16  32 
10  50  32 
-54  -62  30 
-38  -44  38 
-58  -50  -18 
-30  52  -16 
-8  -102  -2 
62  12  26 

//Reference=MNI 
//nullstudy_12
//Subjects=21
-36  26  40 
-18  -96  -4 
-14  0  -6 
-30  -42  42 
-24  -56  0 
-42  -10  -34 
-28  10  -42 
50  8  14 

//Reference=MNI 
//nullstudy_13
//Subjects=20
16  58  8 
-42  -40  8 
-50  0  14 
-30  -18  -32 
-6  -20  -38 
-10  -38  64 
-2  -6  70 
-12  26  66 

//Reference=MNI 
//nullstudy_14
//Subjects=20
-40  -86  18 
-22  -66  50 
-38  30  0 
30  28  -26 
-36  -8  46 
-54  6  -32 
10  28  30 
-46  -76  -18 

//Reference=MNI 
//nullstudy_15
//Subjects=20
-44  -78  -22 
-10  36  -12 
-62  2  34 
-40  -16  -26 
-12  54  22 
-48  -18  42 
-8  -26  -34 
-8  -72  62 

//Reference=MNI 
//nullstudy_16
//Subjects=21
-40  -10  -14 
-26  -2  -48 
-40  -20  -22 
-14  58  32 
-10  6  -20 
-54  -28  4 
-22  -50  6 
-60  -52  10 

//Reference=MNI 
//nullstudy_17
//Subjects=19
-48  42  4 
0  36  16 
-56  18  -4 
-56  14  26 
4  48  30 
-14  58  38 
-10  -46  -32 
24  2  66 

//Reference=MNI 
//nullstudy_18
//Subjects=22
6  14  44 
-4  -36  50 
-4  -80  -38 
-56  30  4 
-16  -36  52 
-40  2  6 
-10  30  -18 
-58  16  20 

//Reference=MNI 
//nullstudy_19
//Subjects=19
-8  40  44 
-62  -48  16 
44  6  26 
-30  10  48 
-58  -10  -14 
-48  40  -14 
-58  -28  34 
-8  -20  64 

//Reference=MNI 
//nullstudy_20
//Subjects=20
-6  -46  56 
-14  -16  28 
0  2  12 
-44  -6  40 
44  28  12 
-44  -60  -50 
-34  -8  -4 
4  22  -20 

//Reference=MNI 
//nullstudy_21
//Subjects=20
-14  -70  -20 
-4  -92  22 
-10  -42  2 
42  36  16 
-12  72  2 
-66  -6  28 
-52  -52  -32 
-60  -28  36 

//Reference=MNI 
//nullstudy_22
//Subjects=21
-48  -82  -2 
-66  -22  -30 
-2  -74  24 
50  36  -12 
-26  -64  -24 
36  46  24 
-16  -58  -44 
-38  -28  14 

//Reference=MNI 
//nullstudy_23
//Subjects=21
-12  28  62 
-32  -64  -52 
-48  2  -8 
-46  -30  10 
-14  -34  42 
0  44  -8 
-48  -30  32 
4  56  -24 

//Reference=MNI 
//nullstudy_24
//Subjects=20
20  70  -2 
20  8  -30 
20  28  56 
-10  -54  -26 
-10  -22  -42 
-20  -40  -42 
-36  -56  -42 
-46  32  0 

//Reference=MNI 
//nullstudy_25
//Subjects=19
-22  60  10 
36  52  -10 
14  22  30 
-12  -50  60 
-66  -6  6 
8  16  -4 
-8  -98  20 
58  32  0 

//Reference=MNI 
//nullstudy_26
//Subjects=19
-18  -94  16 
-22  -82  -36 
4  58  12 
2  14  0 
-14  -22  18 
-58  -32  46 
-34  20  8 
-50  -76  12 

//Reference=MNI 
//nullstudy_27
//Subjects=17
-28  -52  -14 
-70  -20  -12 
-2  12  34 
-22  -78  -12 
-16  18  -4 
58  2  22 
-14  -58  -32 
14  16  42 

//Reference=MNI 
//nullstudy_28
//Subjects=21
-66  -22  34 
-36  8  16 
-46  -32  2 
-8  -4  -16 
-18  -60  28 
28  50  4 
-24  -38  66 
-60  -24  12 

//Reference=MNI 
//nullstudy_29
//Subjects=19
-44  0  -44 
38  22  -14 
-18  -40  68 
6  46  28 
-36  -24  70 
-26  20  4 
-24  -66  -28 
-6  -38  2 

//Reference=MNI 
//nullstudy_30
//Subjects=21
-54  -20  -8 
-56  -60  -28 
-44  -64  28 
-32  -2  14 
-24  -44  -6 
6  50  -28 
56  18  -16 
-42  18  -32 

//Reference=MNI 
//nullstudy_31
//Subjects=21
-62  10  20 
-32  28  -24 
-16  -54  -44 
28  46  36 
-32  -66  26 
-6  -50  -68 
-38  56  -6 
-24  66  -10 

//Reference=MNI 
//nullstudy_32
//Subjects=20
-66  -10  8 
-52  -22  -22 
-32  14  30 
52  40  -12 
-10  -90  26 
-16  60  2 
-8  -84  28 
-30  26  56 

//Reference=MNI 
//nullstudy_33
//Subjects=21
-62  -56  -14 
-56  -54  -38 
40  44  -10 
-10  -2  46 
18  52  24 
-2  -12  66 
-2  8  -22 
-32  26  50 

//Reference=MNI 
//nullstudy_34
//Subjects=20
-24  -6  -42 
14  52  -4 
4  48  38 
-56  -8  0 
-12  -48  -34 
-58  -52  26 
-32  2  56 
0  14  -10 

//Reference=MNI 
//nullstudy_35
//Subjects=20
60  10  0 
-56  -66  -4 
-8  -12  48 
-2  -100  -12 
18  54  42 
-20  -20  70 
-10  -22  52 
-52  -58  16 

//Reference=MNI 
//nullstudy_36
//Subjects=21
-24  -102  -10 
-36  -66  26 
2  24  -8 
6  18  -2 
-34  -70  42 
-58  -66  -12 
-28  8  -38 
20  60  -10 

//Reference=MNI 
//nullstudy_37
//Subjects=20
-16  -32  72 
-16  -26  58 
-4  -46  44 
-48  4  -30 
-64  -32  40 
-10  8  56 
-52  -10  8 
-2  -52  56 

//Reference=MNI 
//nullstudy_38
//Subjects=20
20  14  -2 
-6  -42  76 
-24  -8  -30 
-26  -48  -14 
-42  0  38 
-50  -28  2 
-14  -38  -12 
-14  52  -12 

//Reference=MNI 
//nullstudy_39
//Subjects=20
-4  -40  62 
-22  -36  -26 
-20  56  20 
-28  -52  68 
38  36  0 
-62  -60  26 
-48  30  30 
-36  -54  -56 

//Reference=MNI 
//nullstudy_40
//Subjects=20
-10  -62  66 
44  50  -6 
-48  -64  40 
-8  -74  -38 
-20  -10  64 
-58  8  30 
24  12  42 
30  22  38 

//Reference=MNI 
//nullstudy_41
//Subjects=20
-42  -78  -28 
2  42  -4 
12  22  -18 
-22  -86  -28 
-24  -4  -48 
-34  -76  -20 
-32  38  18 
28  4  -50 

//Reference=MNI 
//nullstudy_42
//Subjects=22
-44  10  -14 
-58  -28  36 
24  52  -4 
-62  -62  -2 
-6  -48  48 
8  46  -18 
-14  -70  0 
-34  -64  24 

//Reference=MNI 
//nullstudy_43
//Subjects=20
44  36  38 
-36  -34  -24 
42  46  22 
26  16  -6 
-44  -16  46 
2  38  50 
24  20  64 
-34  42  42 

//Reference=MNI 
//nullstudy_44
//Subjects=20
-40  -16  16 
-34  -80  14 
-2  -12  -14 
-10  -56  22 
-44  -38  38 
34  16  -14 
2  50  -24 
-6  -18  36 

//Reference=MNI 
//nullstudy_45
//Subjects=19
-8  -26  22 
20  30  -20 
-38  56  -12 
-14  -42  -36 
-22  -38  10 
14  24  8 
-30  38  -12 
-32  -48  -30 

//Reference=MNI 
//nullstudy_46
//Subjects=20
-44  42  26 
4  34  26 
-50  -16  4 
-32  30  52 
36  56  12 
-50  -64  -4 
-46  6  24 
-36  -26  66 

//Reference=MNI 
//nullstudy_47
//Subjects=19
-24  -48  -54 
48  26  -4 
-14  -40  -54 
56  2  -18 
-28  -42  42 
32  10  62 
-30  -6  -24 
-34  6  -34 

//Reference=MNI 
//nullstudy_48
//Subjects=20
-62  -34  22 
26  10  -32 
-8  34  -22 
-36  -14  4 
-48  -52  56 
6  46  -22 
-24  -62  32 
-34  -54  42 

//Reference=MNI 
//nullstudy_49
//Subjects=23
-40  0  -2 
-42  -68  -24 
-58  -48  48 
-10  -72  58 
-4  -46  20 
36  4  34 
16  12  -32 
-40  -64  22 

//Reference=MNI 
//nullstudy_50
//Subjects=21
-52  -62  -34 
-46  -20  36 
-20  -74  22 
24  30  -18 
-48  -2  -22 
-44  -64  10 
-30  6  -4 
-18  -62  -48 

//Reference=MNI 
//nullstudy_51
//Subjects=19
12  24  28 
-44  -50  -48 
-18  -76  -50 
-18  -28  76 
-8  -30  -46 
-10  -80  2 
-26  -48  -44 
-46  -62  54 

//Reference=MNI 
//nullstudy_52
//Subjects=19
52  26  4 
-52  -16  18 
-14  -84  -50 
-4  -94  24 
40  20  -42 
32  52  30 
-54  34  10 
-38  -22  16 

//Reference=MNI 
//nullstudy_53
//Subjects=20
-42  10  56 
-32  -58  36 
-36  -76  2 
-48  -36  16 
12  16  -4 
-16  -74  34 
-8  -72  -38 
20  24  -22 

//Reference=MNI 
//nullstudy_54
//Subjects=20
44  30  46 
-12  52  26 
-4  -50  34 
32  26  24 
-26  -22  -16 
28  46  18 
-32  24  38 
-2  38  -20 

//Reference=MNI 
//nullstudy_55
//Subjects=20
16  30  0 
-12  -66  -26 
-48  -56  -34 
-6  -26  2 
-28  -42  70 
-48  -70  20 
-22  -32  -6 
-6  46  28 

//Reference=MNI 
//nullstudy_56
//Subjects=21
-6  -60  -38 
36  2  54 
18  6  -16 
-32  -20  -34 
-44  -70  22 
-42  -26  66 
-48  -24  8 
-14  -8  62 

//Reference=MNI 
//nullstudy_57
//Subjects=21
-14  -68  -4 
-24  -68  -62 
40  38  30 
-2  16  54 
-12  -62  52 
-2  -62  -8 
0  30  -6 
-50  46  -6 

//Reference=MNI 
//nullstudy_58
//Subjects=23
20  16  44 
-2  -76  16 
-22  -66  4 
36  32  28 
12  26  66 
-60  -14  4 
-20  -66  8 
-18  -12  72 

//Reference=MNI 
//nullstudy_59
//Subjects=21
32  40  46 
-34  -44  -4 
-34  -66  -60 
38  44  -14 
-28  14  44 
-22  -50  -26 
18  22  62 
20  52  8 

//Reference=MNI 
//nullstudy_60
//Subjects=21
-44  -58  36 
-8  58  18 
-8  70  4 
8  36  50 
-10  -36  -28 
-12  2  -36 
-4  -48  38 
-2  34  34 

//Reference=MNI 
//nullstudy_61
//Subjects=21
-50  -58  4 
-8  10  58 
-58  -16  42 
32  8  -22 
-4  -62  8 
14  22  2 
-34  20  20 
-56  -20  -14 

//Reference=MNI 
//nullstudy_62
//Subjects=20
28  30  54 
28  54  -6 
4  52  -24 
-50  -18  2 
34  10  16 
-60  10  30 
-56  -46  42 
4  8  30 

//Reference=MNI 
//nullstudy_63
//Subjects=21
-42  10  22 
46  16  8 
2  20  -28 
0  60  -4 
-48  -60  50 
-38  -12  -4 
-12  50  18 
-24  -36  -20 

//Reference=MNI 
//nullstudy_64
//Subjects=20
-58  -10  -6 
24  32  -14 
-6  -44  -16 
-46  4  -40 
-12  42  -20 
-10  -76  2 
-42  -80  -32 
40  2  -14 

//Reference=MNI 
//nullstudy_65
//Subjects=18
6  34  -18 
-26  -54  -54 
-6  -12  16 
-8  -56  58 
-48  10  50 
-4  60  22 
-22  38  44 
-26  42  -14 

//Reference=MNI 
//nullstudy_66
//Subjects=18
-12  12  -12 
-22  -50  -12 
42  14  58 
-34  22  -32 
-24  2  54 
-12  4  -34 
-62  -42  16 
-8  -62  -20 

//Reference=MNI 
//nullstudy_67
//Subjects=20
-50  18  -28 
2  50  0 
-50  -26  -28 
-10  -86  -14 
-16  -62  34 
56  26  32 
-48  -60  6 
10  2  52 

//Reference=MNI 
//nullstudy_68
//Subjects=21
-38  6  36 
-58  -40  38 
-38  -6  -38 
-4  -30  44 
42  44  -14 
-6  32  52 
-26  48  8 
-12  -38  -12 

//Reference=MNI 
//nullstudy_69
//Subjects=20
-36  -14  50 
-40  -20  8 
-54  -4  -6 
-48  -62  38 
-8  -100  -20 
14  12  50 
-16  -36  54 
-64  -8  10 

//Reference=MNI 
//nullstudy_70
//Subjects=20
-32  32  -16 
-16  -14  -36 
-8  16  -6 
-16  14  -24 
-22  -90  4 
-44  -10  38 
24  54  -20 
-6  -22  26 

//Reference=MNI 
//nullstudy_71
//Subjects=21
-12  -26  38 
-16  -38  66 
-38  58  -2 
22  22  46 
-44  30  26 
-6  -60  30 
36  10  -8 
-18  0  58 

//Reference=MNI 
//nullstudy_72
//Subjects=20
62  2  0 
-28  -52  36 
-62  -4  6 
-58  0  42 
34  12  -30 
-22  -90  -18 
-8  -72  -12 
-22  -74  -12 

//Reference=MNI 
//nullstudy_73
//Subjects=20
-40  36  26 
-26  30  46 
-68  -18  6 
-28  12  -14 
-12  -66  4 
36  36  18 
-32  -92  -2 
-26  -64  -42 

//Reference=MNI 
//nullstudy_74
//Subjects=21
-2  -22  -26 
-44  24  32 
38  12  12 
-52  4  2 
-48  -40  16 
6  6  60 
24  54  28 
-8  26  24 

//Reference=MNI 
//nullstudy_75
//Subjects=19
-46  -72  -46 
-64  -8  -6 
10  52  44 
30  32  50 
-52  -26  -28 
-6  -52  -6 
-38  -58  34 
20  6  -8 

//Reference=MNI 
//nullstudy_76
//Subjects=20
-20  -30  66 
26  26  -18 
4  30  36 
-12  -54  34 
-6  -12  64 
-6  -56  66 
-42  -68  -32 
-14  -102  10 

//Reference=MNI 
//nullstudy_77
//Subjects=19
-12  -76  -4 
54  10  26 
-30  -66  -10 
-14  -82  -50 
38  24  -20 
-8  8  2 
-46  -10  34 
-68  -38  -10 

//Reference=MNI 
//nullstudy_78
//Subjects=20
-58  2  32 
-44  12  26 
-46  24  -20 
-12  -22  12 
-6  -82  -8 
-22  -74  24 
60  20  26 
-42  -12  40 

//Reference=MNI 
//nullstudy_79
//Subjects=21
20  6  4 
-4  68  16 
-38  -78  32 
-60  2  20 
-14  -44  -40 
-58  -6  36 
-38  -18  38 
-12  -8  12 

//Reference=MNI 
//nullstudy_80
//Subjects=19
-32  14  12 
-64  -42  28 
-10  -28  44 
56  20  0 
-48  -76  14 
6  42  50 
28  14  -42 
-2  -16  46 

//Reference=MNI 
//nullstudy_81
//Subjects=20
-48  -44  56 
-6  -30  4 
-44  -50  14 
-10  -8  38 
-16  -22  6 
-8  -80  -42 
-50  16  22 
-8  -64  -48 

//Reference=MNI 
//nullstudy_82
//Subjects=20
30  44  32 
-8  -44  -22 
-16  -60  4 
-34  -6  40 
22  22  50 
-8  2  64 
16  60  -18 
4  16  -4 

//Reference=MNI 
//nullstudy_83
//Subjects=20
38  50  30 
-8  28  -22 
-36  26  38 
-40  -40  26 
-8  38  -26 
-56  -52  -26 
40  32  18 
-8  -8  24 

//Reference=MNI 
//nullstudy_84
//Subjects=21
-56  -52  -16 
-10  -78  -52 
-28  -10  8 
-2  54  16 
2  34  34 
-4  -40  0 
-60  -8  -28 
-8  -26  -16 

//Reference=MNI 
//nullstudy_85
//Subjects=22
-34  10  -30 
-38  14  -26 
-66  -30  -28 
36  24  48 
-26  -82  -22 
-28  -44  2 
-68  -36  -20 
64  6  14 

//Reference=MNI 
//nullstudy_86
//Subjects=20
-64  -10  34 
-44  -66  -30 
-22  -92  14 
-26  -74  -18 
-24  24  -18 
-6  -28  -8 
-24  -86  12 
28  2  60 

//Reference=MNI 
//nullstudy_87
//Subjects=19
-30  32  40 
-56  -34  14 
-34  48  12 
-28  -54  34 
-60  -28  22 
0  8  -6 
-44  -2  -36 
-14  18  18 

//Reference=MNI 
//nullstudy_88
//Subjects=21
-54  20  20 
-52  -48  32 
10  16  -6 
-46  -58  16 
-26  -66  8 
36  34  -16 
0  38  -30 
-42  10  26 

//Reference=MNI 
//nullstudy_89
//Subjects=21
-20  -86  32 
-6  -62  18 
-36  -64  32 
-26  -56  -4 
8  36  0 
28  8  6 
-2  -46  52 
-2  -18  56 

//Reference=MNI 
//nullstudy_90
//Subjects=18
6  16  54 
10  8  42 
22  20  -16 
0  28  34 
-20  42  -18 
-36  -32  22 
-16  -4  60 
-24  -80  20 

//Reference=MNI 
//nullstudy_91
//Subjects=20
-16  -2  2 
20  50  -6 
-18  -62  16 
20  8  60 
-12  -42  -18 
-4  -38  -58 
-18  52  40 
-22  -34  -28 

//Reference=MNI 
//nullstudy_92
//Subjects=20
0  54  -12 
-10  -16  56 
-40  -78  38 
-42  -48  -34 
-30  -50  64 
-26  -70  -20 
-64  -4  10 
-52  -66  6 

//Reference=MNI 
//nullstudy_93
//Subjects=19
-64  -8  -24 
-12  -6  -10 
-4  28  14 
0  34  60 
6  18  -8 
-8  -56  18 
-10  -26  -34 
-34  -28  12 

//Reference=MNI 
//nullstudy_94
//Subjects=21
-58  -42  -26 
-60  -38  28 
-62  -30  38 
-12  -44  -58 
24  2  -14 
-16  -80  52 
-10  46  36 
-22  -42  -34 

//Reference=MNI 
//nullstudy_95
//Subjects=21
-12  -58  -62 
30  6  34 
-26  -66  -36 
-56  -68  0 
-34  -16  -42 
32  4  56 
-4  -60  12 
36  28  42 

//Reference=MNI 
//nullstudy_96
//Subjects=18
-16  -92  -18 
60  12  -2 
10  56  12 
30  50  30 
-44  46  22 
-60  -26  24 
32  26  48 
-4  -10  46 

//Reference=MNI 
//nullstudy_97
//Subjects=20
-50  -58  -52 
20  70  12 
-18  -104  -4 
-60  -38  -22 
-24  6  10 
-46  50  -12 
-40  -6  62 
44  8  30 

//Reference=MNI 
//nullstudy_98
//Subjects=20
14  10  -18 
-58  -8  -36 
-16  -30  -38 
-2  -42  -68 
-56  12  4 
20  42  -16 
36  40  -20 
22  60  8 

//Reference=MNI 
//nullstudy_99
//Subjects=21
-50  32  4 
-30  -4  -48 
-30  -56  -44 
-36  -40  -50 
-28  36  -18 
-20  -80  14 
38  48  -16 
-52  -14  10 

//Reference=MNI 
//nullstudy_100
//Subjects=20
12  10  2 
-10  -64  22 
-20  -50  -8 
16  10  -26 
-12  -42  70 
-50  -52  -16 
-26  -68  48 
58  12  -26 

