//Reference=MNI 
//truestudy_1
//Subjects=20
45  -66  -5 
45  -67  -6 
45  -66  -6 
46  -68  -6 
44  -65  -6 
47  -66  -6 
46  -67  -5 
47  -65  -6 

//Reference=MNI 
//truestudy_2
//Subjects=19
47  -66  -6 
47  -66  -5 
47  -66  -7 
47  -66  -5 
47  -66  -4 
46  -65  -6 
49  -66  -8 
46  -65  -7 

//Reference=MNI 
//truestudy_3
//Subjects=20
48  -65  -6 
44  -67  -6 
47  -64  -8 
47  -66  -5 
46  -65  -5 
46  -66  -5 
45  -67  -6 
47  -66  -7 

//Reference=MNI 
//nullstudy_1
//Subjects=20
50  2  -32 
28  26  -8 
22  34  -16 
-42  28  -2 
-12  -44  -44 
-46  -8  60 
-12  -52  12 
-38  -26  18 

//Reference=MNI 
//nullstudy_2
//Subjects=19
-30  -44  50 
-10  -54  54 
-52  -32  30 
-32  -56  40 
-8  6  48 
-54  -28  10 
-4  -22  58 
-32  54  22 

//Reference=MNI 
//nullstudy_3
//Subjects=20
12  36  56 
-52  -22  -36 
-6  -50  36 
-54  -30  46 
-36  -82  12 
24  8  -10 
-2  -64  -20 
10  48  52 

//Reference=MNI 
//nullstudy_4
//Subjects=20
6  22  32 
-6  -96  20 
-14  2  -40 
46  26  28 
12  52  -20 
38  52  14 
38  26  30 
-26  -24  60 

//Reference=MNI 
//nullstudy_5
//Subjects=20
46  32  28 
-36  14  -30 
-2  -6  18 
58  8  -32 
-62  -8  26 
-6  -82  -8 
-48  -66  -42 
-6  8  26 

//Reference=MNI 
//nullstudy_6
//Subjects=20
-34  -76  18 
58  18  -6 
-6  8  20 
-58  -68  -6 
-54  -6  -32 
40  2  30 
-24  -94  -18 
-30  -42  -48 

//Reference=MNI 
//nullstudy_7
//Subjects=19
-66  -36  32 
-18  -28  -2 
-50  -10  36 
-18  28  40 
-20  58  20 
-16  -46  30 
-18  -90  26 
-36  -46  -4 

//Reference=MNI 
//nullstudy_8
//Subjects=20
-14  48  12 
-6  -52  36 
-4  -84  36 
-64  -56  12 
-24  -84  0 
-56  -4  30 
-34  48  20 
-36  -6  0 

//Reference=MNI 
//nullstudy_9
//Subjects=19
-62  -56  0 
-14  -38  46 
-20  -76  54 
-12  44  -12 
46  42  10 
-20  -6  -18 
-10  -36  -8 
-60  -8  2 

//Reference=MNI 
//nullstudy_10
//Subjects=20
-10  -30  -44 
-58  -70  -6 
-8  -96  -22 
-4  44  6 
6  12  72 
-52  -6  -26 
8  18  -24 
-30  -30  68 

//Reference=MNI 
//nullstudy_11
//Subjects=20
-38  -78  -20 
-2  -40  -44 
-38  -32  -8 
-54  -24  54 
-8  -72  -24 
-14  -30  40 
-40  -24  52 
-54  28  0 

//Reference=MNI 
//nullstudy_12
//Subjects=19
-50  0  26 
-20  14  -22 
44  22  20 
-8  -2  16 
-12  60  30 
-38  38  24 
-38  -18  40 
-16  -84  -22 

//Reference=MNI 
//nullstudy_13
//Subjects=19
-14  -84  6 
-38  6  58 
-50  24  -2 
-12  16  -30 
46  48  -8 
54  30  26 
-54  -24  32 
-52  -66  30 

//Reference=MNI 
//nullstudy_14
//Subjects=20
36  2  -4 
32  4  12 
-20  -26  -14 
14  28  26 
-24  26  -6 
-16  -66  6 
-24  36  -14 
-22  -66  -42 

//Reference=MNI 
//nullstudy_15
//Subjects=20
-28  32  -16 
6  56  26 
-10  14  54 
-52  6  44 
38  26  24 
-6  -2  24 
8  52  42 
-18  -52  2 

//Reference=MNI 
//nullstudy_16
//Subjects=19
-18  -82  -2 
12  26  50 
-26  -38  -38 
-54  -44  30 
-2  -74  -22 
-54  -2  -24 
-30  2  68 
56  10  18 

//Reference=MNI 
//nullstudy_17
//Subjects=19
0  24  -26 
-52  -8  26 
-8  -86  24 
-50  -44  -30 
-50  -30  28 
8  46  -20 
-54  14  -8 
-28  -92  -26 

//Reference=MNI 
//nullstudy_18
//Subjects=19
12  48  -18 
6  18  24 
28  28  -14 
-12  -64  -60 
-36  40  -14 
-58  -40  44 
-16  -66  24 
-8  -76  18 

//Reference=MNI 
//nullstudy_19
//Subjects=21
-46  32  4 
-42  -66  -6 
8  10  50 
-46  -28  16 
-46  0  0 
46  16  44 
44  24  34 
38  36  32 

//Reference=MNI 
//nullstudy_20
//Subjects=20
-2  -92  24 
-10  6  40 
-32  54  12 
-46  22  36 
-22  64  12 
-32  -74  36 
-26  48  2 
-2  -38  68 

//Reference=MNI 
//nullstudy_21
//Subjects=18
-42  -16  30 
2  26  16 
4  28  -4 
-22  44  28 
-48  -50  14 
-18  28  58 
-2  -74  -6 
-6  -68  20 

//Reference=MNI 
//nullstudy_22
//Subjects=21
-58  -68  24 
36  10  -8 
-10  18  34 
-2  0  56 
62  10  6 
-6  -64  46 
20  14  54 
-24  -58  -50 

//Reference=MNI 
//nullstudy_23
//Subjects=19
44  8  -22 
-32  -30  24 
22  2  -2 
-20  28  -14 
-8  -72  -52 
-18  60  -16 
-22  -56  -18 
48  40  12 

//Reference=MNI 
//nullstudy_24
//Subjects=20
30  32  40 
-20  -72  -22 
-22  24  -12 
-12  58  28 
-14  26  6 
-4  -34  66 
-28  -34  -36 
-32  -46  64 

//Reference=MNI 
//nullstudy_25
//Subjects=22
-10  68  -6 
-42  -68  14 
-22  38  46 
-24  32  46 
-16  -78  -26 
-44  -40  0 
-36  -12  14 
-4  52  -26 

//Reference=MNI 
//nullstudy_26
//Subjects=22
18  20  2 
-36  -72  18 
2  16  -26 
52  12  -18 
-10  48  26 
-24  14  56 
-8  -14  20 
-14  4  62 

//Reference=MNI 
//nullstudy_27
//Subjects=19
-2  36  8 
-48  0  22 
-52  -10  10 
12  62  12 
-22  -92  26 
-32  -28  -26 
-62  -40  32 
-14  -38  20 

//Reference=MNI 
//nullstudy_28
//Subjects=20
56  8  18 
44  18  12 
-24  -92  -20 
-46  2  8 
-56  -44  -2 
-36  -22  58 
36  14  62 
20  12  -16 

//Reference=MNI 
//nullstudy_29
//Subjects=20
-4  -26  -28 
-2  62  28 
-6  -94  12 
16  50  -24 
0  46  -18 
-46  -74  36 
-24  4  44 
-4  40  -26 

//Reference=MNI 
//nullstudy_30
//Subjects=20
12  4  40 
32  14  -2 
-34  48  28 
14  8  -12 
-30  34  24 
16  44  -24 
-8  -20  74 
-16  -76  46 

//Reference=MNI 
//nullstudy_31
//Subjects=20
-20  8  -8 
-2  -88  26 
42  28  40 
28  24  -10 
-68  -46  10 
-36  -52  52 
-38  8  -36 
14  20  68 

//Reference=MNI 
//nullstudy_32
//Subjects=20
-6  -58  -26 
-10  -10  52 
-12  -6  50 
-4  4  58 
-32  10  30 
-42  -64  -4 
-36  -60  -56 
20  42  36 

//Reference=MNI 
//nullstudy_33
//Subjects=20
-56  -52  -28 
-4  -40  -10 
-46  -10  26 
12  16  62 
28  42  28 
-20  -48  -44 
-2  -44  10 
-26  -84  -16 

//Reference=MNI 
//nullstudy_34
//Subjects=18
46  24  34 
-10  68  -4 
-44  22  32 
-12  6  -20 
-10  -14  42 
-6  -54  44 
-52  -42  56 
-22  26  50 

//Reference=MNI 
//nullstudy_35
//Subjects=20
-48  20  -8 
-34  -14  -26 
-4  -44  4 
-44  -20  50 
2  54  -18 
-12  -34  50 
48  50  -12 
-14  -26  -28 

//Reference=MNI 
//nullstudy_36
//Subjects=19
-16  -76  -28 
-10  14  -24 
-66  -8  -14 
-16  -48  -24 
-10  56  40 
-24  -36  -50 
-26  -38  68 
-60  -30  -12 

//Reference=MNI 
//nullstudy_37
//Subjects=19
-52  8  20 
-18  -16  70 
-2  -54  -36 
-16  -30  34 
-44  -40  36 
-62  4  10 
-22  28  -26 
-36  2  36 

//Reference=MNI 
//nullstudy_38
//Subjects=20
-50  18  28 
-18  70  8 
-8  48  28 
-30  56  26 
-10  60  12 
-20  4  46 
-30  -28  -26 
-28  -20  68 

//Reference=MNI 
//nullstudy_39
//Subjects=22
-22  -10  -16 
-40  0  50 
-20  -52  -28 
-2  -12  -34 
-34  -66  58 
-42  -72  8 
-42  10  44 
-4  -20  42 

//Reference=MNI 
//nullstudy_40
//Subjects=21
-42  24  -14 
-36  -2  -24 
-32  -46  4 
-16  -34  76 
-28  -10  -36 
-38  -18  14 
-24  -86  -42 
-12  -60  2 

//Reference=MNI 
//nullstudy_41
//Subjects=22
32  8  -2 
-32  -82  4 
-16  -48  -46 
26  50  16 
-26  -74  30 
-4  12  -20 
24  26  34 
-4  -54  -52 

//Reference=MNI 
//nullstudy_42
//Subjects=21
-54  -12  -38 
-12  -74  -6 
-48  -66  -14 
-46  -16  22 
12  16  -30 
38  22  -26 
-62  -42  -10 
-46  -24  42 

//Reference=MNI 
//nullstudy_43
//Subjects=21
-16  -46  -46 
-10  2  8 
-2  18  -6 
-34  30  52 
42  10  -36 
-24  -6  8 
56  16  20 
-48  -62  46 

//Reference=MNI 
//nullstudy_44
//Subjects=20
-18  -38  22 
-2  -76  -8 
-44  -62  -44 
-2  -20  72 
56  6  4 
-16  -2  -44 
10  14  44 
-42  -60  -24 

//Reference=MNI 
//nullstudy_45
//Subjects=21
-64  -8  -26 
24  6  -44 
-2  22  -8 
-48  -62  46 
-4  -34  -6 
2  12  -22 
16  22  16 
16  4  -8 

//Reference=MNI 
//nullstudy_46
//Subjects=21
-58  6  2 
8  38  -14 
-54  -48  -22 
40  58  -14 
-38  -50  -52 
-16  38  36 
48  4  -14 
-42  -46  -46 

//Reference=MNI 
//nullstudy_47
//Subjects=19
-6  0  32 
-52  -72  26 
-66  -16  -18 
-40  6  -48 
-6  -30  -44 
-52  -16  -12 
22  68  -6 
40  8  -44 

//Reference=MNI 
//nullstudy_48
//Subjects=22
-14  -58  64 
-8  -92  -34 
-12  20  -16 
6  16  -2 
-58  12  24 
28  28  34 
-12  -62  -14 
-38  -82  30 

//Reference=MNI 
//nullstudy_49
//Subjects=22
62  6  -22 
-4  -74  -42 
14  10  -34 
-22  -24  74 
-8  66  22 
-52  12  20 
-22  -62  30 
-56  -16  34 

//Reference=MNI 
//nullstudy_50
//Subjects=19
-46  -56  -28 
-52  -26  -18 
-36  -78  32 
12  28  50 
22  16  58 
-14  -66  -30 
-60  -20  44 
56  22  0 

//Reference=MNI 
//nullstudy_51
//Subjects=21
-50  -68  42 
-16  70  0 
-22  16  64 
-36  -30  50 
-58  -44  -12 
-2  -60  -22 
-10  2  8 
26  54  -4 

//Reference=MNI 
//nullstudy_52
//Subjects=19
-16  4  -24 
-34  10  48 
-36  18  -12 
2  54  -12 
50  8  30 
58  10  16 
-20  24  -26 
-20  4  -18 

//Reference=MNI 
//nullstudy_53
//Subjects=20
-42  -28  60 
-44  20  52 
-56  -22  54 
-8  4  38 
42  6  50 
-30  -68  52 
-48  -68  -26 
-32  -16  -20 

//Reference=MNI 
//nullstudy_54
//Subjects=18
14  2  -32 
10  12  20 
-20  48  18 
48  40  -16 
-68  -40  -8 
-56  -20  -34 
-54  -8  28 
-18  38  54 

//Reference=MNI 
//nullstudy_55
//Subjects=21
-40  -74  22 
-44  -54  -20 
-32  42  32 
-30  -42  40 
14  54  20 
-20  -54  -44 
44  40  22 
-18  -4  54 

//Reference=MNI 
//nullstudy_56
//Subjects=19
38  8  34 
44  22  -36 
-6  -18  2 
-38  -78  36 
-38  -58  22 
-38  10  -26 
-56  -8  24 
-4  36  44 

//Reference=MNI 
//nullstudy_57
//Subjects=20
-10  -6  -26 
-52  -32  -18 
-40  -62  56 
20  46  30 
-8  18  -10 
-16  -74  50 
-44  6  -28 
-26  -78  -38 

//Reference=MNI 
//nullstudy_58
//Subjects=19
-36  36  -14 
-6  -30  76 
-18  -94  -14 
-24  -42  -34 
2  28  10 
-16  -26  36 
-22  -28  -16 
-34  54  24 

//Reference=MNI 
//nullstudy_59
//Subjects=21
-12  28  34 
-8  -12  76 
-28  60  12 
44  24  34 
-20  52  30 
8  66  12 
-22  -74  46 
-18  -44  -18 

//Reference=MNI 
//nullstudy_60
//Subjects=19
-12  -36  -36 
38  50  22 
10  38  28 
4  46  -10 
-18  -22  0 
-4  -36  -20 
-2  -44  -10 
-2  -76  -40 

//Reference=MNI 
//nullstudy_61
//Subjects=20
-2  10  40 
46  30  18 
-22  2  4 
-12  -32  74 
-10  -34  4 
-10  -24  -4 
-4  -36  -12 
-42  -64  8 

//Reference=MNI 
//nullstudy_62
//Subjects=21
-38  -32  8 
-8  2  -24 
-30  22  -10 
-8  -10  -4 
32  30  42 
-16  -88  38 
-44  -12  -6 
12  30  38 

//Reference=MNI 
//nullstudy_63
//Subjects=21
-2  -10  14 
-32  -88  -22 
30  34  42 
-14  -84  -48 
20  38  -18 
10  54  18 
-12  -16  14 
-10  48  -8 

//Reference=MNI 
//nullstudy_64
//Subjects=20
16  56  -16 
-36  -84  2 
-54  -30  34 
20  54  -8 
-4  -74  -42 
60  2  18 
-26  -36  12 
-2  -56  48 

//Reference=MNI 
//nullstudy_65
//Subjects=21
-32  10  -4 
6  6  36 
40  28  50 
28  42  14 
-22  -62  -30 
-22  -50  -50 
-26  14  56 
16  46  6 

//Reference=MNI 
//nullstudy_66
//Subjects=20
40  14  2 
8  42  -18 
48  30  -16 
-40  -76  24 
22  14  -22 
48  36  -20 
12  68  0 
-60  4  -10 

//Reference=MNI 
//nullstudy_67
//Subjects=18
18  2  58 
-14  -38  -14 
-28  -90  16 
-24  38  44 
-14  -34  72 
-22  -92  30 
-38  -80  16 
60  18  26 

//Reference=MNI 
//nullstudy_68
//Subjects=18
-18  -54  -42 
-26  46  34 
-18  -76  -44 
-16  -70  -30 
-12  -74  -44 
-20  -64  40 
48  34  -2 
-8  -34  56 

//Reference=MNI 
//nullstudy_69
//Subjects=21
-2  68  14 
-6  -44  -52 
16  54  0 
-40  -54  60 
16  18  4 
-18  -82  -42 
-16  18  -28 
-50  26  22 

//Reference=MNI 
//nullstudy_70
//Subjects=20
50  8  26 
-54  -58  2 
-32  -28  6 
-54  -4  -26 
-38  -60  32 
-38  -14  -12 
-46  44  22 
16  56  -4 

//Reference=MNI 
//nullstudy_71
//Subjects=20
-28  -92  12 
-14  -58  22 
6  2  4 
12  32  20 
-26  38  44 
-8  30  62 
-46  -34  -20 
-4  -6  -16 

//Reference=MNI 
//nullstudy_72
//Subjects=20
-38  -78  44 
-12  62  30 
-66  -18  -8 
60  10  8 
-8  -22  52 
-44  -38  -20 
-14  -52  46 
-62  -32  -24 

//Reference=MNI 
//nullstudy_73
//Subjects=19
-32  -6  -4 
44  12  30 
34  26  42 
-68  -16  -2 
-34  -10  68 
-20  8  -24 
-20  -2  62 
-38  -62  -26 

//Reference=MNI 
//nullstudy_74
//Subjects=22
-34  -6  42 
-22  -54  68 
-64  -30  44 
-22  -56  14 
-62  -36  -12 
-12  44  50 
-12  20  -20 
-32  20  2 

//Reference=MNI 
//nullstudy_75
//Subjects=21
-6  -58  28 
8  64  2 
30  54  -10 
-4  -34  -22 
-14  -32  34 
-20  26  56 
50  22  10 
-50  -16  -28 

//Reference=MNI 
//nullstudy_76
//Subjects=20
-4  -42  16 
-2  -84  4 
-32  -52  -60 
-16  -52  8 
8  38  -4 
36  16  14 
14  12  0 
-50  -10  -16 

//Reference=MNI 
//nullstudy_77
//Subjects=20
-2  -88  -12 
-34  -62  50 
-34  12  -34 
-24  -84  44 
50  26  32 
-44  -56  4 
-14  16  -26 
-8  -96  8 

//Reference=MNI 
//nullstudy_78
//Subjects=21
-10  -22  76 
-40  -2  44 
-44  -52  2 
-32  12  60 
-16  -62  -16 
-44  -50  -56 
-54  18  10 
-18  58  14 

//Reference=MNI 
//nullstudy_79
//Subjects=19
-4  -62  -24 
32  10  56 
-34  42  22 
14  54  -20 
-34  28  20 
20  16  14 
-20  -46  16 
-14  -66  -34 

//Reference=MNI 
//nullstudy_80
//Subjects=19
-52  -54  8 
-6  -14  -12 
-42  40  8 
-64  0  6 
-30  -46  -2 
-62  -22  -14 
-50  -18  -12 
-54  -54  -44 

//Reference=MNI 
//nullstudy_81
//Subjects=21
-4  40  46 
34  8  38 
-10  12  0 
-10  -46  70 
-68  -22  30 
-42  -36  64 
16  52  18 
46  50  18 

//Reference=MNI 
//nullstudy_82
//Subjects=21
6  42  -10 
-32  -82  44 
-42  -2  38 
-38  30  38 
34  18  60 
-8  -94  -12 
-12  -52  18 
-34  -2  -44 

//Reference=MNI 
//nullstudy_83
//Subjects=21
38  54  4 
-8  18  44 
14  40  -28 
-50  -4  20 
0  18  22 
-22  -36  16 
-42  4  -12 
-12  38  42 

//Reference=MNI 
//nullstudy_84
//Subjects=20
34  30  44 
-38  -40  -8 
30  16  34 
-36  -40  -50 
-48  -74  24 
-24  -6  -30 
-50  -4  -18 
-6  66  16 

//Reference=MNI 
//nullstudy_85
//Subjects=19
24  62  12 
36  50  -10 
28  24  44 
-26  -82  16 
-42  -14  48 
-26  -6  62 
-4  12  42 
-40  -38  60 

//Reference=MNI 
//nullstudy_86
//Subjects=20
-2  -56  -34 
-8  60  38 
-52  20  -6 
-8  64  18 
-58  -10  -32 
54  10  -22 
2  14  -16 
-28  -88  34 

//Reference=MNI 
//nullstudy_87
//Subjects=20
20  4  20 
-30  -38  40 
30  8  -44 
-64  -34  22 
-44  30  -4 
-18  52  -16 
-36  -26  18 
-32  36  22 

//Reference=MNI 
//nullstudy_88
//Subjects=19
10  60  18 
-32  -44  -22 
4  32  26 
-26  34  36 
-36  -56  64 
-48  -50  12 
-20  -56  -52 
-8  -38  6 

//Reference=MNI 
//nullstudy_89
//Subjects=17
-22  -60  -4 
44  20  30 
-46  -68  -46 
-14  -12  22 
-6  -72  -8 
34  32  44 
-16  0  0 
-22  30  34 

//Reference=MNI 
//nullstudy_90
//Subjects=20
10  16  54 
-40  22  48 
-8  -8  -18 
-34  -32  24 
-10  36  32 
-18  -40  62 
-8  -4  -26 
-34  0  -44 

//Reference=MNI 
//nullstudy_91
//Subjects=19
-32  8  64 
12  10  66 
24  46  22 
-50  -46  -46 
-54  -62  26 
-28  -10  52 
-26  -76  -58 
-48  30  0 

//Reference=MNI 
//nullstudy_92
//Subjects=19
-32  -52  -10 
-46  -50  48 
-46  -74  0 
-10  -66  14 
-30  -10  68 
-34  -68  -40 
-38  -32  68 
-2  -54  48 

//Reference=MNI 
//nullstudy_93
//Subjects=21
46  6  36 
36  32  48 
-54  -58  22 
0  18  -22 
-40  0  -26 
-40  -66  -18 
-18  -94  -16 
38  30  26 

//Reference=MNI 
//nullstudy_94
//Subjects=18
-6  -34  -4 
-58  0  -24 
-58  -32  30 
-34  -78  18 
42  10  -8 
24  66  -14 
-22  42  38 
32  10  12 

//Reference=MNI 
//nullstudy_95
//Subjects=18
-6  40  10 
38  12  36 
-46  14  -22 
52  24  6 
-4  6  68 
-52  -72  -8 
-56  -34  56 
10  8  12 

//Reference=MNI 
//nullstudy_96
//Subjects=20
36  50  6 
58  8  40 
-46  -70  -38 
-46  40  18 
24  2  58 
-26  -16  -20 
10  46  26 
-40  -60  -6 

//Reference=MNI 
//nullstudy_97
//Subjects=21
-46  -54  24 
-20  -4  48 
-6  -24  78 
-24  -62  34 
-50  -50  -10 
-8  4  72 
-60  -34  50 
-40  -58  16 

//Reference=MNI 
//nullstudy_98
//Subjects=20
-16  -16  -18 
-44  -20  52 
54  12  -10 
-54  16  26 
-12  -72  -6 
-40  30  16 
-6  -22  -14 
28  8  -24 

//Reference=MNI 
//nullstudy_99
//Subjects=20
-30  12  12 
-34  48  -12 
4  30  -2 
-26  -30  50 
-34  10  -2 
-24  -10  -38 
22  54  36 
24  54  -8 

//Reference=MNI 
//nullstudy_100
//Subjects=20
-2  -20  40 
-34  14  -26 
-12  -64  -28 
-4  -28  -14 
-30  -72  52 
-52  40  -10 
-32  58  22 
-22  60  -8 

