//Reference=MNI 
//truestudy_1
//Subjects=9
45  -66  -4 
45  -67  -7 
47  -66  -6 
46  -66  -6 
47  -66  -6 
47  -66  -6 
46  -66  -7 
47  -67  -4 

//Reference=MNI 
//truestudy_2
//Subjects=11
45  -68  -5 
45  -66  -6 
47  -65  -6 
46  -67  -6 
46  -67  -5 
46  -67  -4 
46  -65  -8 
45  -68  -5 

//Reference=MNI 
//truestudy_3
//Subjects=12
44  -66  -7 
46  -68  -6 
46  -65  -5 
45  -66  -7 
45  -64  -7 
46  -66  -7 
46  -65  -6 
45  -66  -5 

//Reference=MNI 
//nullstudy_1
//Subjects=9
-36  26  -8 
-34  -28  -22 
-38  8  40 
32  12  10 
-4  -30  58 
-20  30  42 
-40  -52  16 
-24  -48  60 

//Reference=MNI 
//nullstudy_2
//Subjects=11
28  8  -16 
36  4  -22 
-52  -68  28 
-22  -102  -10 
-54  -6  28 
42  12  -16 
-16  -30  4 
-4  -96  -14 

//Reference=MNI 
//nullstudy_3
//Subjects=12
-40  -14  -34 
-46  24  30 
0  50  -2 
-16  -66  -12 
-8  -22  -16 
28  52  20 
-58  -44  0 
-14  54  -22 

//Reference=MNI 
//nullstudy_4
//Subjects=11
-64  -52  14 
-38  10  -38 
-40  48  -4 
-38  40  -10 
-62  -42  26 
-6  -40  0 
-52  -20  -14 
-16  -4  70 

//Reference=MNI 
//nullstudy_5
//Subjects=11
-58  -26  2 
-24  -92  8 
-4  52  4 
-26  -96  6 
-26  -42  46 
-42  34  10 
30  46  12 
58  34  4 

//Reference=MNI 
//nullstudy_6
//Subjects=11
30  64  -12 
-40  42  -6 
-12  60  20 
-26  38  -14 
-28  -78  14 
52  8  36 
-10  -94  8 
0  24  28 

//Reference=MNI 
//nullstudy_7
//Subjects=10
22  12  54 
30  6  -50 
-34  -74  -52 
-44  -42  -46 
-12  -62  62 
30  26  30 
-20  -74  -52 
56  36  -8 

//Reference=MNI 
//nullstudy_8
//Subjects=10
-2  -62  -10 
-38  28  34 
-26  -66  60 
-10  -76  -50 
2  22  -18 
-58  -42  48 
-44  -28  14 
-26  -70  -2 

//Reference=MNI 
//nullstudy_9
//Subjects=9
-26  36  42 
-44  -58  -4 
-6  38  -20 
-30  -22  66 
-12  -50  -28 
-8  -74  -32 
-32  -8  60 
-28  -48  44 

//Reference=MNI 
//nullstudy_10
//Subjects=11
-6  -52  -50 
-2  -78  46 
0  64  -8 
38  32  -2 
46  2  -24 
-52  -42  -32 
10  40  42 
24  2  44 

//Reference=MNI 
//nullstudy_11
//Subjects=10
-28  -54  60 
-14  -54  66 
-50  -62  -42 
22  26  -18 
14  28  22 
-48  18  -8 
-22  -76  -54 
-8  40  8 

//Reference=MNI 
//nullstudy_12
//Subjects=10
-36  4  64 
-40  -62  -60 
-34  -72  26 
-12  -4  46 
-58  -48  46 
-12  26  -2 
2  42  -12 
-4  -40  -16 

//Reference=MNI 
//nullstudy_13
//Subjects=10
12  8  4 
-4  -54  50 
-40  -72  -36 
10  52  -14 
14  46  -14 
-38  -44  -24 
-14  32  -30 
-8  -42  -26 

//Reference=MNI 
//nullstudy_14
//Subjects=10
-14  -96  -24 
-30  12  54 
-30  58  10 
54  16  -16 
6  2  66 
-8  40  56 
-8  -98  4 
34  20  34 

//Reference=MNI 
//nullstudy_15
//Subjects=10
60  24  6 
-16  -26  28 
-32  26  24 
-44  -32  10 
-10  56  -20 
-26  20  52 
-34  34  -14 
8  8  -6 

//Reference=MNI 
//nullstudy_16
//Subjects=9
-28  -32  -32 
-64  -30  20 
48  12  38 
-30  -74  40 
-12  -80  -14 
-12  -42  -12 
42  12  6 
20  16  -22 

//Reference=MNI 
//nullstudy_17
//Subjects=10
-48  -58  50 
-46  -64  42 
-6  -50  38 
-38  -12  40 
-6  -80  18 
-38  -22  -16 
-58  -52  -22 
-18  -10  -26 

//Reference=MNI 
//nullstudy_18
//Subjects=10
-12  -40  -4 
-22  30  36 
0  48  22 
-16  -80  36 
-38  -28  38 
44  20  30 
-60  -30  -32 
-66  -46  18 

//Reference=MNI 
//nullstudy_19
//Subjects=11
-10  -22  -18 
-32  -90  12 
-24  42  -18 
-38  -56  20 
-30  -96  10 
-8  38  -10 
-8  50  50 
-2  -12  -6 

//Reference=MNI 
//nullstudy_20
//Subjects=10
16  10  -20 
-36  8  -34 
-34  2  -42 
-22  -52  -26 
-34  -18  72 
-52  22  26 
-36  -28  64 
60  8  -20 

//Reference=MNI 
//nullstudy_21
//Subjects=9
-46  44  -2 
-16  -54  -14 
24  8  6 
-28  -12  52 
36  26  -6 
28  20  58 
34  44  -2 
-32  48  6 

//Reference=MNI 
//nullstudy_22
//Subjects=10
-10  -24  70 
-20  -42  60 
-20  16  44 
-28  -80  -18 
-24  32  34 
-12  -52  -62 
-8  -14  14 
-16  -86  -38 

//Reference=MNI 
//nullstudy_23
//Subjects=12
-64  -44  -24 
-64  -12  -6 
46  8  -34 
26  10  -20 
-28  52  20 
4  8  50 
-42  -50  -12 
-34  -78  -32 

//Reference=MNI 
//nullstudy_24
//Subjects=11
62  4  34 
-50  2  -42 
38  38  -6 
-24  -52  2 
20  54  18 
-16  30  62 
-40  0  46 
-40  -70  -24 

//Reference=MNI 
//nullstudy_25
//Subjects=10
-6  -62  -62 
6  58  0 
-46  36  20 
-52  -40  -12 
-20  -86  -48 
-48  -8  10 
-44  10  -22 
0  8  -10 

//Reference=MNI 
//nullstudy_26
//Subjects=11
-8  -12  8 
-18  -86  -6 
-58  22  10 
-22  62  16 
-12  -54  -34 
-14  12  10 
-8  -28  58 
-32  -12  56 

//Reference=MNI 
//nullstudy_27
//Subjects=9
-6  14  50 
-28  -66  38 
-42  -54  56 
-2  -2  12 
-16  -22  10 
-22  -64  58 
-46  -50  -52 
-30  -60  -48 

//Reference=MNI 
//nullstudy_28
//Subjects=10
-32  -64  -26 
-46  -60  20 
-14  -104  2 
-12  -48  76 
22  20  -28 
-32  14  46 
-38  -12  8 
-26  62  -4 

//Reference=MNI 
//nullstudy_29
//Subjects=8
-34  -22  72 
-18  -80  44 
0  48  4 
-28  -84  40 
-28  -32  -8 
32  16  -20 
50  8  8 
-26  -46  50 

//Reference=MNI 
//nullstudy_30
//Subjects=9
-16  36  -26 
-66  -30  30 
-34  -10  -46 
34  10  -44 
-60  -56  4 
12  4  -6 
-52  -34  18 
-6  30  24 

//Reference=MNI 
//nullstudy_31
//Subjects=10
-36  32  2 
-14  -86  -34 
-24  4  -28 
56  12  -26 
-16  -22  10 
-32  -46  -32 
-40  -78  20 
-36  -18  -4 

//Reference=MNI 
//nullstudy_32
//Subjects=11
-60  -6  2 
-2  68  -10 
-48  -42  34 
-22  58  24 
20  24  -16 
-28  -12  -2 
-68  -24  10 
-64  -44  -20 

//Reference=MNI 
//nullstudy_33
//Subjects=10
-36  -36  -28 
-56  16  30 
2  4  8 
20  12  54 
4  10  -14 
26  46  14 
-14  -74  -56 
-36  -20  -16 

//Reference=MNI 
//nullstudy_34
//Subjects=9
-46  -56  -48 
-40  8  -22 
-32  16  -18 
-40  -62  -56 
50  12  -22 
-36  -22  -28 
-42  24  -32 
-18  -10  -14 

//Reference=MNI 
//nullstudy_35
//Subjects=11
-44  6  -28 
-16  -74  2 
-22  -60  -44 
-34  -86  16 
-30  32  -24 
24  48  -16 
36  38  4 
-44  2  -18 

//Reference=MNI 
//nullstudy_36
//Subjects=9
-14  -4  72 
-32  -54  -34 
38  10  54 
-16  -94  30 
18  46  44 
-50  -40  -8 
4  8  48 
-26  36  48 

//Reference=MNI 
//nullstudy_37
//Subjects=12
-46  -6  48 
-20  -36  70 
-36  -14  -40 
-28  20  48 
-46  16  -36 
-28  -66  -30 
-6  -28  10 
-46  30  32 

//Reference=MNI 
//nullstudy_38
//Subjects=10
-10  30  24 
-20  -32  -12 
-22  48  6 
42  44  16 
-36  -32  -24 
-46  2  -18 
32  42  32 
-30  -50  -44 

//Reference=MNI 
//nullstudy_39
//Subjects=9
-46  -82  6 
-2  -62  16 
-8  -2  54 
10  32  54 
50  14  -22 
-36  20  6 
-32  -46  -10 
-66  -10  28 

//Reference=MNI 
//nullstudy_40
//Subjects=11
-4  50  50 
-40  -38  -40 
-2  -36  66 
-56  16  30 
-32  54  10 
14  62  4 
-20  28  50 
-18  -96  -14 

//Reference=MNI 
//nullstudy_41
//Subjects=10
8  38  0 
-34  -40  50 
-34  -76  -20 
-24  -86  -22 
-6  -72  26 
-6  -32  78 
-44  26  30 
-46  -70  44 

//Reference=MNI 
//nullstudy_42
//Subjects=10
-34  -18  70 
26  44  12 
-50  -2  28 
-20  -34  68 
-58  -30  22 
-38  -32  -20 
-50  6  -4 
16  40  22 

//Reference=MNI 
//nullstudy_43
//Subjects=10
38  38  -18 
-16  -26  -30 
-2  -86  32 
-22  -76  46 
-34  -54  42 
-26  -6  -30 
-10  58  16 
42  4  -44 

//Reference=MNI 
//nullstudy_44
//Subjects=10
-50  44  -8 
-56  -38  28 
-30  -4  -20 
-4  -26  8 
-12  -72  -46 
-24  -66  58 
-12  16  0 
-30  48  4 

//Reference=MNI 
//nullstudy_45
//Subjects=12
-22  -60  10 
-62  -38  10 
-44  -66  -4 
-10  -6  56 
-14  -42  -56 
24  24  -28 
-46  18  10 
-24  -88  12 

//Reference=MNI 
//nullstudy_46
//Subjects=10
-36  0  30 
-28  32  48 
18  22  56 
-8  -48  -44 
40  16  -44 
46  28  40 
-2  -92  30 
-12  -40  0 

//Reference=MNI 
//nullstudy_47
//Subjects=10
-20  -84  -8 
4  60  38 
-36  20  -40 
54  10  10 
18  10  -12 
-44  20  -34 
18  20  4 
-52  2  14 

//Reference=MNI 
//nullstudy_48
//Subjects=10
-32  -20  46 
-42  24  50 
44  18  -28 
-26  42  44 
14  62  30 
48  12  38 
-4  -6  -12 
-48  -24  -10 

//Reference=MNI 
//nullstudy_49
//Subjects=10
-24  48  12 
-40  -4  18 
-6  -36  -46 
-36  32  4 
0  2  -24 
-36  -76  -4 
-58  -52  42 
-22  -36  -40 

//Reference=MNI 
//nullstudy_50
//Subjects=12
-44  -70  -46 
-20  -62  66 
-4  50  12 
-36  -64  -62 
-18  -42  -8 
-6  -48  -22 
-62  -28  30 
26  24  -6 

//Reference=MNI 
//nullstudy_51
//Subjects=11
-12  50  38 
22  50  30 
-24  6  48 
-28  34  -10 
-16  -40  54 
-14  -36  -30 
-6  30  24 
-2  -94  -2 

//Reference=MNI 
//nullstudy_52
//Subjects=8
-6  -68  -30 
-14  48  12 
-32  -44  -6 
-44  -70  22 
-4  -10  10 
-28  -54  -42 
22  54  4 
-4  -62  -20 

//Reference=MNI 
//nullstudy_53
//Subjects=11
-10  58  18 
-20  -8  -20 
18  4  16 
-54  -20  -34 
-22  -68  4 
-18  -60  64 
-26  2  48 
-50  -12  -32 

//Reference=MNI 
//nullstudy_54
//Subjects=10
-46  34  -14 
36  54  12 
-6  -74  -30 
-12  -10  10 
-54  -46  6 
-8  8  52 
-6  -68  -6 
10  10  -22 

//Reference=MNI 
//nullstudy_55
//Subjects=10
-54  -10  20 
-24  -102  4 
-66  -14  26 
58  10  -20 
-24  -44  62 
-4  -12  40 
-6  -12  4 
-38  -12  62 

//Reference=MNI 
//nullstudy_56
//Subjects=10
-38  12  60 
-10  -56  10 
-24  6  -48 
-50  26  34 
-38  -34  -22 
-38  50  -12 
-22  -78  22 
42  54  -14 

//Reference=MNI 
//nullstudy_57
//Subjects=9
-30  36  -6 
38  38  28 
-12  -86  -22 
-12  -36  40 
60  14  32 
-38  4  -10 
-50  12  34 
48  30  4 

//Reference=MNI 
//nullstudy_58
//Subjects=11
-36  -14  10 
-16  -16  60 
-12  -80  40 
-40  -38  -40 
-44  -84  -22 
-26  10  -12 
-48  -52  -4 
-32  -66  -10 

//Reference=MNI 
//nullstudy_59
//Subjects=9
-56  -44  24 
12  30  34 
-38  -26  38 
-4  -92  6 
-54  -42  -30 
-56  -4  8 
34  50  12 
-60  -58  -12 

//Reference=MNI 
//nullstudy_60
//Subjects=12
-32  -12  50 
2  48  36 
-12  8  -32 
0  60  -10 
2  46  26 
34  32  -24 
-8  28  44 
-24  -46  -2 

//Reference=MNI 
//nullstudy_61
//Subjects=10
-10  14  50 
-10  -40  -2 
-38  28  -16 
-44  22  48 
-58  -54  14 
-44  -50  22 
-26  -12  -8 
-12  56  -14 

//Reference=MNI 
//nullstudy_62
//Subjects=11
-18  -32  6 
-18  -16  78 
38  42  24 
-30  -62  56 
-18  -68  48 
-32  6  -46 
4  16  30 
-58  0  -30 

//Reference=MNI 
//nullstudy_63
//Subjects=10
-32  44  16 
52  28  28 
-54  -40  -8 
-46  18  -18 
-20  -22  4 
-46  8  22 
18  52  20 
-28  -74  40 

//Reference=MNI 
//nullstudy_64
//Subjects=10
-22  34  46 
-6  54  38 
-10  -46  -64 
-22  -62  22 
16  30  54 
-44  -26  14 
-18  6  20 
-10  -48  2 

//Reference=MNI 
//nullstudy_65
//Subjects=11
-12  -54  12 
38  56  -4 
-24  56  6 
-56  -8  32 
-26  -56  -4 
-20  50  18 
32  32  -20 
-58  -48  -30 

//Reference=MNI 
//nullstudy_66
//Subjects=12
-30  28  38 
-50  -58  -10 
40  14  -12 
-26  -10  -18 
-8  -40  62 
-10  10  36 
46  20  50 
-22  -16  60 

//Reference=MNI 
//nullstudy_67
//Subjects=11
34  46  4 
30  10  12 
16  10  -12 
-46  0  48 
-10  -50  -48 
20  2  -38 
50  46  -4 
-48  -56  -8 

//Reference=MNI 
//nullstudy_68
//Subjects=9
-8  -16  70 
-10  -22  22 
40  30  -10 
-54  -6  -24 
-30  12  -38 
46  4  -38 
-44  -2  42 
44  36  34 

//Reference=MNI 
//nullstudy_69
//Subjects=10
-40  42  -4 
-30  -38  38 
-32  -52  64 
-8  -80  16 
-56  -24  24 
-8  44  50 
-32  8  28 
52  12  18 

//Reference=MNI 
//nullstudy_70
//Subjects=9
2  2  -10 
6  24  18 
-52  -56  -20 
-14  -100  -20 
-28  -16  -16 
-24  -50  16 
-56  -2  -22 
-12  -16  50 

//Reference=MNI 
//nullstudy_71
//Subjects=8
-42  -54  14 
-68  -36  10 
-36  10  -34 
-22  -78  42 
-26  12  -46 
-48  -6  16 
40  30  14 
-40  -22  -36 

//Reference=MNI 
//nullstudy_72
//Subjects=10
-54  -48  14 
50  34  30 
-6  40  -26 
-48  -80  10 
-68  -26  16 
-32  -98  -12 
-38  -28  24 
-22  42  -16 

//Reference=MNI 
//nullstudy_73
//Subjects=9
-6  -94  -20 
20  32  -16 
-14  -64  -30 
-34  -10  -22 
60  12  -10 
-56  -16  -2 
36  20  -24 
-54  -72  -10 

//Reference=MNI 
//nullstudy_74
//Subjects=11
-14  6  16 
-34  -40  -4 
56  6  2 
-10  -4  -16 
-28  -6  62 
-48  -64  8 
-18  -82  -16 
42  6  -36 

//Reference=MNI 
//nullstudy_75
//Subjects=9
-52  -54  -6 
-46  12  36 
10  54  12 
-32  12  26 
44  2  10 
-52  -16  38 
-22  -2  60 
-2  0  14 

//Reference=MNI 
//nullstudy_76
//Subjects=8
46  8  40 
-12  -6  26 
-26  -28  66 
-34  22  46 
-24  -16  -26 
50  8  8 
6  32  -24 
-58  0  -12 

//Reference=MNI 
//nullstudy_77
//Subjects=9
-4  -76  18 
14  42  -26 
-38  -60  -36 
-48  -62  -16 
-4  -64  -18 
22  34  -16 
-8  -34  28 
-2  -68  28 

//Reference=MNI 
//nullstudy_78
//Subjects=10
52  12  2 
-40  -24  68 
-28  -48  -26 
8  28  34 
-14  -58  -22 
54  16  2 
-12  56  20 
8  24  46 

//Reference=MNI 
//nullstudy_79
//Subjects=9
-34  26  2 
-40  26  50 
-40  -60  -18 
-8  34  56 
-28  -4  -34 
-38  -72  12 
-26  -50  -10 
-44  -66  22 

//Reference=MNI 
//nullstudy_80
//Subjects=11
12  60  16 
-22  -8  48 
-16  -98  18 
48  12  42 
-4  -26  -16 
-2  38  44 
-28  -88  -12 
-36  -28  42 

//Reference=MNI 
//nullstudy_81
//Subjects=10
-26  -78  -40 
-36  24  -14 
14  38  44 
-20  -62  -20 
-48  -26  -8 
-34  4  62 
-6  -50  48 
-34  -60  18 

//Reference=MNI 
//nullstudy_82
//Subjects=9
32  10  36 
-52  -60  -26 
-62  -2  -30 
4  40  -10 
-2  -2  20 
32  34  -24 
28  48  42 
34  20  40 

//Reference=MNI 
//nullstudy_83
//Subjects=11
-2  46  32 
-4  -74  6 
-22  -68  -10 
-54  0  -32 
44  30  -20 
4  12  -4 
-64  -18  -8 
-38  -36  46 

//Reference=MNI 
//nullstudy_84
//Subjects=10
-42  -14  0 
-16  -4  68 
-32  8  -38 
-62  -38  -14 
-10  -64  24 
-50  -72  8 
2  12  10 
-20  60  18 

//Reference=MNI 
//nullstudy_85
//Subjects=11
-22  -34  54 
24  24  64 
16  4  66 
4  38  8 
-10  -40  -26 
-52  -34  -16 
-2  -32  50 
-6  -22  12 

//Reference=MNI 
//nullstudy_86
//Subjects=9
46  10  -36 
-42  -50  26 
-54  -16  34 
-8  -54  16 
-30  0  -10 
-2  -64  36 
-16  -82  -4 
8  34  38 

//Reference=MNI 
//nullstudy_87
//Subjects=10
-40  10  10 
-44  -70  42 
-8  -54  -8 
-56  -34  6 
-8  -42  -54 
-14  -44  68 
-20  18  60 
-32  -12  58 

//Reference=MNI 
//nullstudy_88
//Subjects=10
-34  -24  -10 
36  20  -6 
-34  -44  42 
-62  -22  -20 
-48  4  -36 
-12  -40  78 
-6  12  24 
2  48  26 

//Reference=MNI 
//nullstudy_89
//Subjects=10
8  50  -12 
-22  14  44 
-48  -66  -46 
36  54  16 
-68  -34  -6 
-32  -30  64 
40  40  -2 
-36  0  30 

//Reference=MNI 
//nullstudy_90
//Subjects=11
-22  -32  -26 
-34  -16  16 
-2  -32  2 
-6  -70  14 
-40  -14  34 
4  36  30 
14  56  -14 
-16  -78  32 

//Reference=MNI 
//nullstudy_91
//Subjects=11
-4  -72  36 
-44  14  -36 
8  46  -24 
48  6  22 
-30  16  8 
-28  -80  2 
-66  -10  -14 
-54  2  -12 

//Reference=MNI 
//nullstudy_92
//Subjects=10
-24  66  10 
-60  -24  -20 
-12  -52  68 
10  46  42 
-56  -54  -34 
4  28  12 
-2  -28  -28 
-60  -28  18 

//Reference=MNI 
//nullstudy_93
//Subjects=9
-46  -8  -16 
-36  -24  42 
26  6  2 
-70  -30  -8 
-48  -38  -22 
-32  -50  60 
-34  -36  52 
28  60  6 

//Reference=MNI 
//nullstudy_94
//Subjects=11
32  36  -6 
-64  -34  2 
36  22  -6 
-12  40  56 
40  42  24 
-10  -92  -16 
-12  66  2 
-4  -18  78 

//Reference=MNI 
//nullstudy_95
//Subjects=11
-50  -16  20 
-4  -40  -58 
-18  70  2 
16  10  -14 
-36  -36  66 
28  8  48 
-26  54  -10 
-12  -26  22 

//Reference=MNI 
//nullstudy_96
//Subjects=9
-44  -36  4 
14  46  2 
-10  -78  -34 
22  26  -20 
-20  62  26 
-64  -16  24 
-10  -28  4 
20  52  -16 

//Reference=MNI 
//nullstudy_97
//Subjects=10
-28  -62  26 
-26  54  14 
-22  -36  66 
-22  -60  -10 
-34  -92  -4 
-18  -104  -12 
-34  -16  68 
46  4  4 

//Reference=MNI 
//nullstudy_98
//Subjects=10
42  2  8 
-22  -12  76 
-60  -28  -6 
-36  36  22 
-32  50  -10 
-38  -52  -16 
-30  -10  54 
50  24  18 

//Reference=MNI 
//nullstudy_99
//Subjects=10
-2  -76  -12 
42  20  -20 
10  50  44 
-10  -66  18 
-52  0  34 
-30  -68  -34 
-24  56  26 
-14  24  -4 

//Reference=MNI 
//nullstudy_100
//Subjects=10
-18  -30  -6 
-44  -8  54 
-6  -28  30 
-50  -2  48 
-54  -28  8 
-22  -84  20 
-10  -8  72 
-28  42  30 

