//Reference=MNI 
//truestudy_1
//Subjects=31
45  -66  -6 
45  -66  -5 
46  -68  -5 
45  -67  -8 
45  -63  -7 
46  -66  -6 
46  -66  -6 
46  -67  -7 

//Reference=MNI 
//truestudy_2
//Subjects=32
45  -65  -6 
44  -66  -3 
47  -66  -7 
45  -64  -6 
47  -67  -5 
46  -67  -6 
43  -66  -7 
46  -67  -5 

//Reference=MNI 
//truestudy_3
//Subjects=30
46  -66  -7 
45  -64  -7 
47  -65  -5 
44  -65  -7 
45  -68  -6 
46  -66  -5 
47  -66  -7 
46  -66  -6 

//Reference=MNI 
//nullstudy_1
//Subjects=31
-60  -40  -16 
-32  4  -16 
-64  -2  8 
-12  -52  -32 
-4  38  -28 
-32  -94  20 
-24  14  2 
-48  12  4 

//Reference=MNI 
//nullstudy_2
//Subjects=32
-24  -46  -28 
46  16  -30 
-10  -64  68 
-18  -52  -48 
-66  -34  22 
-28  -76  -16 
-34  -60  -56 
50  24  24 

//Reference=MNI 
//nullstudy_3
//Subjects=30
-40  -90  12 
24  54  -4 
-42  10  32 
-10  -48  -32 
54  14  -26 
40  10  -2 
-16  -50  40 
-44  -58  16 

//Reference=MNI 
//nullstudy_4
//Subjects=30
38  52  -4 
-10  -98  18 
-14  6  68 
-2  -88  -10 
-22  -70  -56 
-22  28  32 
58  8  -2 
-34  -18  -30 

//Reference=MNI 
//nullstudy_5
//Subjects=31
-18  -84  -32 
-40  40  -20 
-22  -22  -18 
-6  58  14 
36  4  12 
-56  16  -16 
-32  -22  -32 
-28  -52  -18 

//Reference=MNI 
//nullstudy_6
//Subjects=30
-24  40  32 
-4  -78  -32 
4  14  4 
-50  -4  -24 
-4  28  -16 
-46  -8  4 
-6  -28  -32 
-10  18  48 

//Reference=MNI 
//nullstudy_7
//Subjects=31
-4  -82  -38 
-24  -90  -20 
-54  6  16 
4  42  8 
-50  20  -18 
-24  68  6 
-8  -54  4 
-34  -54  48 

//Reference=MNI 
//nullstudy_8
//Subjects=31
-64  -22  -32 
-16  70  -4 
-10  -16  72 
-24  -46  16 
-48  -46  52 
-12  -94  -10 
-60  -40  50 
-50  -12  18 

//Reference=MNI 
//nullstudy_9
//Subjects=30
8  66  6 
20  20  -22 
-4  -68  -56 
-16  -86  18 
28  18  52 
-8  -36  40 
-22  -66  48 
-38  -72  38 

//Reference=MNI 
//nullstudy_10
//Subjects=30
-26  -36  12 
-24  -38  12 
-14  52  40 
-22  -70  -44 
24  64  -4 
-22  -84  -6 
-12  -62  38 
-10  -14  12 

//Reference=MNI 
//nullstudy_11
//Subjects=30
-6  -86  -42 
-12  4  48 
-44  -76  -26 
-58  -2  0 
-50  -60  14 
-46  48  0 
-30  -8  50 
-2  26  50 

//Reference=MNI 
//nullstudy_12
//Subjects=32
38  20  38 
-4  -4  2 
10  10  12 
-32  -58  -24 
-6  20  -22 
-26  -30  -8 
-16  -8  56 
-56  -32  -26 

//Reference=MNI 
//nullstudy_13
//Subjects=32
-38  10  48 
-26  -20  -8 
-10  -74  12 
6  46  -4 
-6  -100  -10 
-38  -78  -44 
-8  8  12 
0  10  40 

//Reference=MNI 
//nullstudy_14
//Subjects=31
-8  -96  12 
-44  -12  30 
34  12  26 
-36  16  -40 
-46  -38  -30 
40  38  42 
-22  -90  26 
-58  -48  18 

//Reference=MNI 
//nullstudy_15
//Subjects=29
-18  -84  -6 
-56  -20  20 
-38  -22  70 
44  8  8 
32  8  -48 
-10  -78  28 
6  24  58 
-40  10  10 

//Reference=MNI 
//nullstudy_16
//Subjects=30
50  2  -18 
-64  -4  16 
32  2  8 
-42  -26  50 
28  26  28 
-58  -40  24 
-48  -34  2 
-52  -54  -48 

//Reference=MNI 
//nullstudy_17
//Subjects=30
-8  4  62 
-10  12  68 
-26  -10  68 
4  8  70 
-52  16  44 
56  12  -16 
-2  -26  38 
-60  14  26 

//Reference=MNI 
//nullstudy_18
//Subjects=29
-56  -32  18 
36  12  -40 
-12  -54  -52 
-58  -2  8 
-30  -28  72 
-38  -72  -16 
-44  -18  62 
34  16  14 

//Reference=MNI 
//nullstudy_19
//Subjects=28
-16  60  32 
-38  2  -6 
-62  -20  22 
-26  -38  -34 
-22  48  30 
-4  2  72 
40  18  -8 
-38  -84  6 

//Reference=MNI 
//nullstudy_20
//Subjects=29
2  20  48 
32  22  38 
-38  54  -14 
-60  -44  44 
22  12  4 
30  4  -12 
-32  -48  -52 
-18  14  -18 

//Reference=MNI 
//nullstudy_21
//Subjects=31
-12  -68  10 
-38  -76  4 
-44  50  16 
-26  -44  68 
-64  -32  34 
-32  -10  56 
-26  -68  -38 
-4  -48  -2 

//Reference=MNI 
//nullstudy_22
//Subjects=29
-36  38  4 
-42  -62  -12 
56  4  16 
-42  -60  16 
-54  6  -8 
-34  -40  54 
4  56  0 
-34  12  -40 

//Reference=MNI 
//nullstudy_23
//Subjects=30
2  4  14 
-6  26  -26 
44  26  -16 
8  18  64 
-10  24  -14 
-44  36  -8 
-52  -54  2 
-30  -50  -56 

//Reference=MNI 
//nullstudy_24
//Subjects=31
-4  -34  44 
-38  -12  52 
-66  -8  8 
-46  -78  -4 
-20  -2  62 
12  12  66 
-52  -24  -30 
-12  -30  -46 

//Reference=MNI 
//nullstudy_25
//Subjects=28
-48  -56  -52 
-20  -24  78 
-10  26  34 
12  42  4 
8  28  -14 
-28  -64  56 
-18  -40  78 
-22  -68  14 

//Reference=MNI 
//nullstudy_26
//Subjects=31
-32  -54  34 
36  20  -26 
-14  44  40 
34  10  -24 
-52  36  -12 
-26  8  -36 
40  34  24 
-62  -8  24 

//Reference=MNI 
//nullstudy_27
//Subjects=29
34  52  16 
-12  -68  -32 
-20  -80  -16 
58  2  -18 
-28  -2  50 
-10  -20  64 
18  10  14 
-54  18  -16 

//Reference=MNI 
//nullstudy_28
//Subjects=29
-38  34  14 
-18  -22  64 
-6  12  54 
0  6  26 
-14  -12  42 
-48  20  -18 
38  14  -20 
-38  -2  12 

//Reference=MNI 
//nullstudy_29
//Subjects=30
46  34  32 
-24  -58  40 
-34  42  -8 
-58  -32  26 
-56  -48  -8 
-30  -6  -36 
-2  -50  42 
-28  -96  0 

//Reference=MNI 
//nullstudy_30
//Subjects=30
-44  -66  14 
-38  54  24 
-12  -80  -24 
-2  38  30 
30  40  10 
18  18  16 
8  24  -10 
-28  -14  -40 

//Reference=MNI 
//nullstudy_31
//Subjects=29
-12  42  50 
-34  -38  -42 
18  24  6 
-48  -30  14 
10  54  40 
-24  -76  -46 
-2  -86  42 
26  16  -40 

//Reference=MNI 
//nullstudy_32
//Subjects=29
32  10  -22 
-30  -62  40 
0  58  34 
-20  -66  -52 
-2  8  34 
44  4  8 
18  10  -24 
-50  -40  -24 

//Reference=MNI 
//nullstudy_33
//Subjects=30
-54  -38  32 
-14  -28  62 
-8  40  32 
-60  -2  -18 
-52  -62  -6 
28  16  -40 
64  2  14 
-52  -48  50 

//Reference=MNI 
//nullstudy_34
//Subjects=29
-56  -8  -20 
-52  -36  48 
22  58  -14 
18  64  -12 
-22  10  -42 
26  24  -14 
-12  62  26 
-38  4  36 

//Reference=MNI 
//nullstudy_35
//Subjects=28
-58  -26  26 
44  18  26 
18  38  44 
38  30  38 
-8  -58  8 
-8  26  -12 
-48  16  46 
-38  -18  16 

//Reference=MNI 
//nullstudy_36
//Subjects=30
-6  38  30 
8  36  54 
-52  -58  22 
-42  -36  16 
14  58  -14 
-50  16  -22 
-44  44  18 
-30  -8  -46 

//Reference=MNI 
//nullstudy_37
//Subjects=29
40  24  16 
-26  -32  -26 
-2  -62  12 
-20  -44  16 
6  64  0 
-4  -32  -52 
-8  -56  -50 
-34  -72  14 

//Reference=MNI 
//nullstudy_38
//Subjects=32
4  16  64 
-24  -42  -18 
36  10  -26 
-60  -32  -28 
-18  8  -14 
-6  -54  42 
-10  -78  -32 
-6  18  6 

//Reference=MNI 
//nullstudy_39
//Subjects=31
-6  -24  70 
-2  -4  -18 
-18  -70  8 
2  66  -4 
-54  -8  40 
-42  10  -46 
-48  40  4 
-8  -82  -46 

//Reference=MNI 
//nullstudy_40
//Subjects=28
-16  52  -12 
-8  44  30 
-68  -44  4 
2  40  -10 
28  24  40 
8  32  32 
-16  58  -16 
-20  -52  0 

//Reference=MNI 
//nullstudy_41
//Subjects=31
-42  -46  -52 
-26  -74  42 
-24  -74  -54 
-6  -10  54 
-26  0  -18 
-18  54  12 
-60  -64  24 
-12  10  50 

//Reference=MNI 
//nullstudy_42
//Subjects=29
-44  -54  -10 
0  10  8 
2  8  8 
-6  -94  -8 
-14  -10  10 
-22  46  38 
46  10  -20 
-52  -80  2 

//Reference=MNI 
//nullstudy_43
//Subjects=30
0  28  18 
-46  -60  30 
-28  30  24 
-54  16  14 
-14  -28  -6 
38  18  -2 
-40  -48  -32 
-50  8  2 

//Reference=MNI 
//nullstudy_44
//Subjects=32
-28  -44  36 
-20  -86  12 
-46  36  0 
-10  -26  -24 
-24  54  24 
-50  -14  -32 
-38  44  0 
-50  2  40 

//Reference=MNI 
//nullstudy_45
//Subjects=29
36  50  24 
10  70  -8 
4  14  0 
-28  42  18 
-8  -66  60 
-20  -58  -18 
-50  -32  22 
-32  -70  -42 

//Reference=MNI 
//nullstudy_46
//Subjects=33
-56  -2  4 
-42  -24  6 
34  62  14 
52  38  22 
-38  2  -40 
-68  -28  24 
-54  -34  -4 
-38  10  34 

//Reference=MNI 
//nullstudy_47
//Subjects=30
26  54  6 
22  4  54 
-28  20  58 
-24  44  24 
-48  -40  46 
-36  16  -16 
-2  54  2 
-10  -92  30 

//Reference=MNI 
//nullstudy_48
//Subjects=29
34  4  -38 
-28  -46  -32 
-16  -42  -58 
-60  -22  10 
-8  -64  -18 
0  32  14 
-36  -40  -36 
60  16  26 

//Reference=MNI 
//nullstudy_49
//Subjects=33
-6  -40  -60 
12  40  -2 
-22  -12  -36 
50  24  30 
-6  56  34 
-30  28  -24 
-54  -42  34 
-8  -22  44 

//Reference=MNI 
//nullstudy_50
//Subjects=32
-18  -50  -32 
-20  -66  62 
8  4  16 
16  20  18 
6  50  -30 
-40  -72  -52 
-6  50  -8 
-44  -36  -22 

//Reference=MNI 
//nullstudy_51
//Subjects=31
-2  30  56 
-4  -46  4 
2  30  60 
-22  -32  58 
-58  -56  36 
22  2  -32 
-2  -22  68 
-40  26  44 

//Reference=MNI 
//nullstudy_52
//Subjects=31
-54  -12  -16 
-24  4  58 
-56  -32  -4 
-18  4  -34 
-8  66  10 
58  26  12 
-36  -28  -10 
-20  -48  -56 

//Reference=MNI 
//nullstudy_53
//Subjects=30
16  40  -24 
-58  12  -8 
38  46  32 
-20  -82  -6 
-64  -18  -4 
66  4  24 
6  42  34 
-22  -62  18 

//Reference=MNI 
//nullstudy_54
//Subjects=29
-6  8  -22 
38  16  60 
26  8  52 
-52  -40  -28 
38  60  16 
-2  -46  -14 
-28  -46  -52 
-4  -48  26 

//Reference=MNI 
//nullstudy_55
//Subjects=31
-32  30  38 
-14  -68  -44 
-48  -30  16 
6  20  60 
-54  12  6 
12  46  -26 
-12  20  -28 
-28  -66  4 

//Reference=MNI 
//nullstudy_56
//Subjects=31
-28  4  64 
-12  -54  -22 
34  38  -10 
-30  -92  0 
-36  16  -36 
-54  -50  10 
-40  -50  38 
-26  32  -18 

//Reference=MNI 
//nullstudy_57
//Subjects=30
-60  -54  -18 
-52  -30  32 
-34  36  -10 
-20  20  58 
-18  -84  34 
52  14  -10 
-38  -4  -4 
24  22  48 

//Reference=MNI 
//nullstudy_58
//Subjects=30
-46  -6  2 
-10  58  -10 
-24  -28  58 
-60  -12  36 
-22  -86  -2 
-22  52  10 
42  40  22 
-20  12  -8 

//Reference=MNI 
//nullstudy_59
//Subjects=29
-4  -80  -6 
-6  -18  78 
64  4  -16 
-50  22  -16 
0  54  42 
-52  -62  24 
-44  -12  20 
-6  -8  18 

//Reference=MNI 
//nullstudy_60
//Subjects=30
0  50  46 
-14  -38  34 
56  22  28 
-4  -46  -42 
-22  46  32 
-54  0  -32 
28  28  -16 
-54  -28  54 

//Reference=MNI 
//nullstudy_61
//Subjects=28
-4  6  68 
-46  32  -8 
-10  -20  6 
-10  46  -22 
8  6  -4 
-40  4  30 
-34  -8  -26 
-20  14  58 

//Reference=MNI 
//nullstudy_62
//Subjects=30
48  26  20 
28  22  -32 
-12  -28  -38 
-12  -56  -28 
24  12  -42 
-54  -36  -16 
-12  -60  -46 
48  26  28 

//Reference=MNI 
//nullstudy_63
//Subjects=30
-52  -30  6 
-44  18  18 
-2  -88  14 
-22  -58  -26 
50  4  14 
38  22  -16 
-38  60  -2 
-26  -96  10 

//Reference=MNI 
//nullstudy_64
//Subjects=28
-34  -54  0 
-14  -6  -30 
-12  -84  14 
-48  24  26 
-46  46  -6 
-6  -68  38 
-20  -54  -10 
46  48  2 

//Reference=MNI 
//nullstudy_65
//Subjects=30
-66  -34  4 
-20  -68  12 
-46  32  -14 
-48  -20  6 
-20  52  8 
-4  -82  10 
-10  -40  -24 
-14  -44  78 

//Reference=MNI 
//nullstudy_66
//Subjects=31
-36  -44  54 
-6  -86  36 
-6  46  54 
-54  -36  38 
58  14  -4 
-8  -54  10 
-18  -64  -20 
-32  -46  -32 

//Reference=MNI 
//nullstudy_67
//Subjects=32
-62  -6  34 
-30  -92  4 
-6  14  12 
-16  -60  4 
10  40  56 
-38  -80  -12 
-14  62  26 
-6  -48  -56 

//Reference=MNI 
//nullstudy_68
//Subjects=30
32  10  16 
-36  56  -2 
0  20  0 
-56  -54  30 
-44  8  46 
-18  -48  -62 
-28  -66  -54 
-48  -2  48 

//Reference=MNI 
//nullstudy_69
//Subjects=30
-10  -32  0 
-14  -18  -16 
-24  14  -28 
-56  -28  -10 
-34  -12  44 
6  30  62 
-44  -76  6 
8  6  -26 

//Reference=MNI 
//nullstudy_70
//Subjects=29
-22  -60  8 
-30  10  -18 
-22  -42  -22 
12  4  72 
-54  -12  -34 
-34  -24  -22 
-34  -62  34 
-6  -16  30 

//Reference=MNI 
//nullstudy_71
//Subjects=30
-52  16  -14 
-42  -50  -36 
-18  30  54 
20  58  -8 
30  18  0 
-26  -62  58 
-54  -12  -6 
28  22  8 

//Reference=MNI 
//nullstudy_72
//Subjects=28
-38  16  -42 
-26  28  -2 
-34  -36  66 
-36  -54  -52 
-42  -12  -6 
-16  10  16 
40  48  -12 
-42  46  12 

//Reference=MNI 
//nullstudy_73
//Subjects=28
16  60  36 
-24  60  -4 
-12  -48  28 
30  12  -24 
-50  -26  6 
26  10  6 
16  2  -40 
-54  -30  8 

//Reference=MNI 
//nullstudy_74
//Subjects=31
34  56  12 
-24  50  -20 
-16  6  24 
12  14  34 
-14  -54  -4 
-22  -54  -22 
-30  -88  6 
-10  48  24 

//Reference=MNI 
//nullstudy_75
//Subjects=31
34  12  48 
46  2  -32 
-2  22  -10 
-8  -94  -20 
-6  -6  70 
-32  -74  -46 
10  58  -10 
-62  -14  -12 

//Reference=MNI 
//nullstudy_76
//Subjects=29
36  50  -12 
-48  18  -18 
36  28  0 
38  4  30 
-10  -102  0 
-36  -60  2 
-30  32  22 
-26  -50  -40 

//Reference=MNI 
//nullstudy_77
//Subjects=29
-12  -30  -36 
-38  -88  -22 
-56  -4  -12 
-12  -62  64 
-40  -32  -22 
62  2  -22 
4  2  -8 
-22  -16  58 

//Reference=MNI 
//nullstudy_78
//Subjects=29
10  20  -2 
-8  -6  24 
-54  -12  -12 
-46  -30  54 
-6  -32  72 
-54  -38  -28 
22  2  46 
-24  -62  38 

//Reference=MNI 
//nullstudy_79
//Subjects=29
-20  -40  22 
30  48  26 
-44  -60  22 
-50  26  -12 
-2  66  0 
-48  -80  2 
-14  46  -24 
-32  -14  -2 

//Reference=MNI 
//nullstudy_80
//Subjects=31
44  18  52 
-48  -44  40 
-22  -78  2 
-44  -60  -48 
4  68  -4 
-34  -24  56 
-50  -44  16 
-20  -46  6 

//Reference=MNI 
//nullstudy_81
//Subjects=30
-10  50  6 
-20  -18  70 
-24  -92  -20 
0  38  -22 
6  18  50 
-54  -56  24 
30  48  38 
-42  24  -34 

//Reference=MNI 
//nullstudy_82
//Subjects=29
46  32  36 
20  62  30 
-46  -20  8 
-8  -64  -28 
-32  -38  72 
-32  44  28 
12  14  -28 
-42  -54  16 

//Reference=MNI 
//nullstudy_83
//Subjects=31
-4  -40  24 
-8  48  -30 
-4  -18  58 
-50  -52  24 
-18  -90  -18 
-8  -60  48 
-10  -28  4 
54  30  -12 

//Reference=MNI 
//nullstudy_84
//Subjects=29
-40  -58  8 
-12  10  54 
-58  -10  -18 
-32  24  10 
-50  36  -8 
-54  -4  20 
-60  -8  20 
-60  -20  -20 

//Reference=MNI 
//nullstudy_85
//Subjects=30
12  18  4 
-56  34  2 
-34  -24  -34 
-16  66  10 
0  36  -30 
-28  -56  12 
-30  46  2 
-48  -72  42 

//Reference=MNI 
//nullstudy_86
//Subjects=30
-36  12  54 
-22  -54  62 
-38  -26  2 
-30  -40  46 
-44  -62  -46 
-6  34  2 
-28  -20  -14 
-34  -88  2 

//Reference=MNI 
//nullstudy_87
//Subjects=31
12  34  44 
-48  -24  2 
48  6  -26 
-8  14  0 
-52  12  0 
-36  -56  -62 
-48  -36  -20 
-16  -82  -26 

//Reference=MNI 
//nullstudy_88
//Subjects=28
-22  42  -22 
10  2  38 
-12  30  22 
-66  -20  32 
28  8  48 
12  22  68 
-8  8  -10 
-18  16  46 

//Reference=MNI 
//nullstudy_89
//Subjects=30
-44  -56  36 
-42  -18  16 
-16  30  38 
44  6  32 
-30  12  -26 
-30  -52  -6 
-28  2  0 
-10  50  26 

//Reference=MNI 
//nullstudy_90
//Subjects=28
8  12  10 
20  56  22 
-18  16  52 
-52  -38  -18 
-38  -52  -52 
-28  -12  -6 
-46  4  -26 
-24  -36  -54 

//Reference=MNI 
//nullstudy_91
//Subjects=30
-46  26  2 
-32  12  24 
-2  -54  -66 
-32  62  -10 
-6  44  -24 
-30  -10  -20 
-50  -28  -16 
-2  -76  40 

//Reference=MNI 
//nullstudy_92
//Subjects=32
-56  10  -20 
-32  -46  -28 
-44  -32  -28 
-2  -48  -10 
2  66  10 
-52  -58  -44 
-26  -74  -10 
-16  10  -26 

//Reference=MNI 
//nullstudy_93
//Subjects=28
-50  18  38 
-6  4  -6 
-2  -50  4 
-56  -24  -4 
14  14  -6 
-66  -10  -18 
-22  -20  74 
-16  10  64 

//Reference=MNI 
//nullstudy_94
//Subjects=30
-16  -68  38 
-30  -88  -6 
-18  34  58 
-18  44  -24 
38  2  -34 
-2  -32  76 
-58  -52  16 
-40  -78  38 

//Reference=MNI 
//nullstudy_95
//Subjects=30
-8  -26  74 
-24  -80  -52 
-12  -76  28 
20  28  -18 
-50  -18  -28 
-16  -20  -32 
-38  -82  32 
-16  -80  -18 

//Reference=MNI 
//nullstudy_96
//Subjects=30
-12  -16  76 
-36  -66  14 
-30  24  -26 
-54  40  2 
-18  -72  54 
34  12  48 
44  20  -10 
-38  6  -26 

//Reference=MNI 
//nullstudy_97
//Subjects=30
8  46  2 
-6  32  28 
-4  -72  -42 
-62  -28  8 
28  18  -12 
-20  -64  -18 
6  40  -6 
-2  -88  30 

//Reference=MNI 
//nullstudy_98
//Subjects=29
-14  -54  -2 
-36  -46  -20 
-42  -56  54 
-32  58  0 
-34  -40  38 
-14  -80  20 
-36  46  -16 
56  2  -14 

//Reference=MNI 
//nullstudy_99
//Subjects=30
-16  -46  -54 
-38  -34  16 
-6  -102  -4 
-30  54  -10 
22  46  20 
-48  -60  44 
4  46  22 
-58  -50  14 

//Reference=MNI 
//nullstudy_100
//Subjects=29
-16  -40  50 
-22  -50  -62 
12  44  42 
-46  32  32 
-20  -46  0 
62  16  22 
-6  -16  -4 
-28  42  -22 

