//Reference=MNI 
//truestudy_1
//Subjects=9
46  -65  -7 
45  -67  -4 
45  -68  -6 
47  -67  -7 
46  -67  -5 
48  -66  -5 
44  -66  -6 
46  -65  -6 

//Reference=MNI 
//truestudy_2
//Subjects=10
46  -67  -7 
46  -65  -6 
45  -67  -7 
45  -67  -6 
45  -68  -8 
44  -66  -6 
47  -68  -7 
46  -65  -4 

//Reference=MNI 
//truestudy_3
//Subjects=11
45  -65  -6 
46  -66  -6 
47  -66  -6 
46  -66  -8 
46  -66  -6 
46  -65  -6 
47  -67  -5 
47  -65  -5 

//Reference=MNI 
//nullstudy_1
//Subjects=9
-2  22  18 
28  2  -6 
-24  -40  -30 
-30  -24  74 
-40  54  -10 
-4  -42  -10 
6  18  42 
-28  -66  -58 

//Reference=MNI 
//nullstudy_2
//Subjects=10
60  24  6 
-18  10  14 
-16  -102  -18 
-16  -54  -36 
24  28  -14 
-6  -50  -40 
-12  -64  64 
-24  62  12 

//Reference=MNI 
//nullstudy_3
//Subjects=11
-14  42  -20 
44  6  10 
38  2  18 
-14  -74  30 
40  50  4 
-48  -40  26 
-22  -30  20 
-2  12  46 

//Reference=MNI 
//nullstudy_4
//Subjects=10
28  64  14 
2  4  28 
-20  -46  -28 
-2  -82  28 
-64  -2  4 
-30  -32  -4 
-44  -68  -50 
-18  14  70 

//Reference=MNI 
//nullstudy_5
//Subjects=11
-28  -30  74 
-30  -96  12 
-36  46  -16 
-8  -22  -28 
-6  38  22 
-4  24  -6 
20  26  -16 
-10  -72  16 

//Reference=MNI 
//nullstudy_6
//Subjects=12
-34  10  -6 
-42  34  30 
4  2  70 
-30  -52  -26 
-10  -32  -4 
-4  -84  12 
-4  58  12 
4  66  2 

//Reference=MNI 
//nullstudy_7
//Subjects=9
22  70  -2 
46  2  60 
40  14  4 
-40  32  -18 
-52  -8  -2 
-16  -96  12 
-12  6  10 
-26  -90  -26 

//Reference=MNI 
//nullstudy_8
//Subjects=10
-52  -58  40 
-64  -50  -14 
-8  -12  -32 
-4  -6  2 
-36  -18  -8 
-2  -46  16 
38  26  30 
60  6  -30 

//Reference=MNI 
//nullstudy_9
//Subjects=11
-22  -28  68 
-44  -58  0 
-10  -18  74 
-34  -82  -38 
-50  -80  -8 
-28  -74  36 
-26  -60  -26 
-8  -16  -38 

//Reference=MNI 
//nullstudy_10
//Subjects=10
-4  -30  6 
-2  36  34 
2  40  16 
-52  -4  18 
-8  -62  -64 
-32  16  -6 
-24  2  54 
-56  -36  50 

//Reference=MNI 
//nullstudy_11
//Subjects=9
22  64  -6 
-26  -44  6 
-6  -60  26 
-48  36  4 
-10  16  -6 
-12  -34  -46 
-24  -92  4 
-40  0  42 

//Reference=MNI 
//nullstudy_12
//Subjects=11
64  4  -6 
40  12  52 
34  32  6 
-32  -34  48 
-34  12  -46 
-58  -70  -6 
-34  -60  -32 
-8  -62  28 

//Reference=MNI 
//nullstudy_13
//Subjects=10
42  24  32 
-2  -40  20 
-32  26  26 
-22  18  -20 
4  4  28 
4  52  6 
-50  -10  -32 
44  34  -2 

//Reference=MNI 
//nullstudy_14
//Subjects=9
-18  -32  -46 
-34  18  20 
-40  -38  42 
-42  -74  24 
-40  6  12 
-50  -46  56 
-26  32  -8 
-22  -36  54 

//Reference=MNI 
//nullstudy_15
//Subjects=11
-34  4  6 
28  54  2 
-34  22  -34 
-24  -66  36 
18  6  -18 
-16  50  28 
-8  -80  -32 
-10  -76  -26 

//Reference=MNI 
//nullstudy_16
//Subjects=8
-8  -38  -10 
-32  -52  32 
-28  -16  -14 
34  2  -48 
-48  6  22 
-8  -44  46 
2  14  50 
-24  -86  28 

//Reference=MNI 
//nullstudy_17
//Subjects=11
-2  -52  50 
-16  -54  -2 
-38  -40  -22 
-54  14  -14 
-36  14  -16 
22  14  -34 
-4  -66  20 
34  26  52 

//Reference=MNI 
//nullstudy_18
//Subjects=11
20  20  -16 
-50  36  10 
-62  -12  -4 
-8  -4  54 
-32  28  54 
-46  46  4 
-26  -48  -40 
-16  18  14 

//Reference=MNI 
//nullstudy_19
//Subjects=9
38  54  18 
-20  36  30 
10  58  34 
-34  8  -40 
-14  -48  -56 
14  30  22 
-22  -48  2 
-6  -16  20 

//Reference=MNI 
//nullstudy_20
//Subjects=10
-12  -64  -54 
-46  -64  50 
-56  -68  -16 
48  42  12 
0  68  20 
0  40  50 
-32  -48  -40 
-38  -4  -12 

//Reference=MNI 
//nullstudy_21
//Subjects=9
42  20  -20 
-22  48  40 
-14  -98  6 
-20  -72  44 
26  14  52 
-36  -42  66 
-10  -96  -4 
38  34  46 

//Reference=MNI 
//nullstudy_22
//Subjects=10
44  6  50 
-22  6  -34 
-50  -32  2 
20  2  4 
-36  -60  -4 
-30  -30  60 
-24  20  -30 
16  2  2 

//Reference=MNI 
//nullstudy_23
//Subjects=10
-14  -50  58 
-46  -74  6 
-48  -54  -38 
-34  24  -6 
-28  -34  -22 
-40  -50  42 
6  14  34 
-26  -80  -12 

//Reference=MNI 
//nullstudy_24
//Subjects=10
-42  6  40 
-16  64  26 
12  28  50 
48  4  -40 
-6  -50  40 
-20  52  10 
28  8  -8 
-8  -34  -16 

//Reference=MNI 
//nullstudy_25
//Subjects=9
-26  4  -50 
6  46  16 
-24  -44  6 
52  14  -30 
-4  68  20 
-50  22  20 
-36  -12  0 
-22  -62  10 

//Reference=MNI 
//nullstudy_26
//Subjects=10
-54  -54  12 
-56  14  18 
-40  -22  50 
-16  -46  2 
-44  54  4 
46  16  -16 
-30  -70  18 
-28  -46  -18 

//Reference=MNI 
//nullstudy_27
//Subjects=13
-22  56  12 
-58  -14  -16 
-22  0  4 
-38  -68  -26 
-24  -84  -46 
-22  -46  -32 
-44  -88  -12 
-48  -78  -18 

//Reference=MNI 
//nullstudy_28
//Subjects=12
-36  -18  -36 
-36  -10  12 
-48  30  12 
-44  -4  -40 
-34  28  -4 
-44  -8  32 
-18  -24  58 
-46  -4  42 

//Reference=MNI 
//nullstudy_29
//Subjects=11
-18  -14  -20 
-8  -72  -24 
-44  -76  14 
-32  -46  54 
-26  -72  40 
-64  0  4 
62  2  -26 
-50  30  22 

//Reference=MNI 
//nullstudy_30
//Subjects=9
-8  -48  20 
34  60  14 
-10  -22  -38 
42  18  -18 
-44  -32  28 
-18  -58  48 
-58  -54  40 
-64  -38  -6 

//Reference=MNI 
//nullstudy_31
//Subjects=9
-12  24  36 
38  38  24 
-36  -76  42 
4  56  -6 
-8  -16  78 
-44  36  -4 
32  42  -20 
-14  -82  48 

//Reference=MNI 
//nullstudy_32
//Subjects=10
-34  -24  4 
-44  40  -4 
-38  -74  -46 
-32  -74  -54 
10  36  20 
62  16  22 
-8  -98  26 
-4  -74  -16 

//Reference=MNI 
//nullstudy_33
//Subjects=10
-20  -42  68 
-8  -42  -26 
-44  -72  12 
-28  -52  -38 
26  40  -12 
-18  -60  -22 
22  62  16 
-10  -24  76 

//Reference=MNI 
//nullstudy_34
//Subjects=10
56  4  -6 
-4  -56  -20 
34  8  52 
-6  36  54 
-2  10  -4 
-42  36  26 
-44  24  12 
-40  -4  14 

//Reference=MNI 
//nullstudy_35
//Subjects=9
-36  -18  -40 
10  38  54 
8  16  60 
-34  -60  20 
-12  -2  -30 
-64  -50  -8 
-38  -68  30 
-14  -74  32 

//Reference=MNI 
//nullstudy_36
//Subjects=8
-16  -104  -8 
44  6  52 
-40  10  60 
-2  8  2 
-12  -30  8 
-58  0  6 
-62  -6  18 
56  18  24 

//Reference=MNI 
//nullstudy_37
//Subjects=10
-46  -58  20 
-48  -28  38 
10  30  -8 
-12  -84  -10 
-44  -12  48 
38  46  18 
-32  -72  -22 
14  18  -22 

//Reference=MNI 
//nullstudy_38
//Subjects=11
20  14  -4 
-6  -18  72 
-42  -56  -28 
-62  -42  26 
-4  -30  -10 
-10  38  56 
-50  4  -26 
0  58  2 

//Reference=MNI 
//nullstudy_39
//Subjects=8
-48  -62  30 
-46  16  48 
-16  -38  -2 
-12  28  60 
-20  26  40 
-4  -20  16 
-58  -20  16 
-42  -66  -32 

//Reference=MNI 
//nullstudy_40
//Subjects=10
0  52  8 
-38  -36  58 
-22  -22  -8 
-32  -84  14 
26  2  -44 
-2  -50  38 
-12  -30  -46 
-42  -46  -20 

//Reference=MNI 
//nullstudy_41
//Subjects=11
-8  30  -26 
10  32  22 
-20  -60  -30 
-14  28  -4 
-44  12  18 
-30  -62  52 
-2  -72  60 
-30  -52  50 

//Reference=MNI 
//nullstudy_42
//Subjects=9
-24  -68  -54 
36  28  18 
14  46  16 
-4  -88  36 
0  38  38 
-6  -56  -54 
48  40  -14 
-4  54  40 

//Reference=MNI 
//nullstudy_43
//Subjects=11
-40  -14  48 
-46  28  -12 
-32  34  24 
-10  -6  -34 
-40  38  2 
4  2  22 
-8  28  46 
-14  -74  36 

//Reference=MNI 
//nullstudy_44
//Subjects=11
-24  -58  46 
-12  24  -14 
-28  -40  -34 
-60  -4  0 
50  16  -8 
-28  -44  -54 
-42  -48  -8 
48  2  18 

//Reference=MNI 
//nullstudy_45
//Subjects=10
-6  -10  -12 
-20  -62  -58 
-32  -24  52 
-62  -52  -8 
-20  -96  26 
-54  0  14 
10  12  -14 
30  64  2 

//Reference=MNI 
//nullstudy_46
//Subjects=8
34  10  26 
-46  -58  -24 
-32  -34  36 
-10  24  28 
-32  20  58 
-22  -94  18 
30  30  -12 
-6  22  -24 

//Reference=MNI 
//nullstudy_47
//Subjects=10
0  24  -30 
-24  -72  40 
-22  -94  14 
44  10  28 
36  2  -46 
-28  22  -2 
-50  -56  54 
-34  36  42 

//Reference=MNI 
//nullstudy_48
//Subjects=9
-16  8  54 
-10  22  34 
-12  -12  -24 
-6  52  48 
-2  -96  -12 
-14  -24  -14 
-44  -76  -8 
-18  -34  -14 

//Reference=MNI 
//nullstudy_49
//Subjects=11
-44  28  30 
-4  -44  28 
-20  -82  -18 
-6  -24  -36 
-12  2  44 
-10  -28  10 
-20  -58  -54 
-8  -42  -44 

//Reference=MNI 
//nullstudy_50
//Subjects=11
-54  -52  -38 
-40  -52  -46 
-8  38  0 
38  8  50 
42  10  -18 
-24  -12  -28 
-2  36  42 
-48  -12  28 

//Reference=MNI 
//nullstudy_51
//Subjects=9
-30  -52  60 
-58  -68  18 
-48  -54  28 
-54  -34  2 
-54  -32  38 
-20  -64  -54 
40  50  20 
32  14  -22 

//Reference=MNI 
//nullstudy_52
//Subjects=11
-2  -28  60 
-16  10  -26 
-20  -24  10 
48  36  -18 
28  12  4 
-48  -58  22 
-2  -48  64 
-40  -66  -50 

//Reference=MNI 
//nullstudy_53
//Subjects=10
-26  -54  -52 
-8  -78  56 
-26  -62  -36 
-20  -74  -28 
42  6  50 
6  60  20 
-34  0  -48 
16  42  40 

//Reference=MNI 
//nullstudy_54
//Subjects=12
50  8  -24 
14  8  48 
-48  -8  6 
-8  38  20 
-34  -40  70 
-34  -32  54 
-50  -48  42 
-48  -16  18 

//Reference=MNI 
//nullstudy_55
//Subjects=9
-12  22  28 
-38  0  -4 
6  30  26 
46  10  6 
36  48  -12 
-10  66  0 
18  8  2 
-22  -26  66 

//Reference=MNI 
//nullstudy_56
//Subjects=9
16  46  2 
56  6  32 
-28  -4  62 
-40  -36  68 
-52  -16  -28 
22  44  -16 
-32  56  22 
-16  52  18 

//Reference=MNI 
//nullstudy_57
//Subjects=11
-8  -78  40 
-34  -8  60 
-30  42  4 
-48  -16  -26 
-40  8  -18 
-2  -88  -34 
20  28  40 
-16  -94  8 

//Reference=MNI 
//nullstudy_58
//Subjects=11
-8  -26  14 
-32  46  34 
-4  36  56 
-34  -20  60 
46  26  -18 
42  6  -18 
-22  -70  -6 
16  14  -6 

//Reference=MNI 
//nullstudy_59
//Subjects=7
54  36  10 
22  54  22 
-50  -26  42 
-42  -20  20 
-24  -32  72 
-4  -12  78 
-48  22  6 
28  24  -16 

//Reference=MNI 
//nullstudy_60
//Subjects=10
10  38  54 
26  2  70 
-16  -6  -42 
-32  22  -14 
-14  30  52 
-40  30  18 
-26  -10  4 
18  18  -2 

//Reference=MNI 
//nullstudy_61
//Subjects=12
-6  20  -24 
10  38  16 
-2  -18  18 
-50  -6  34 
-8  -56  -30 
-30  -84  -10 
46  14  -2 
-34  -68  -18 

//Reference=MNI 
//nullstudy_62
//Subjects=10
-14  -14  64 
32  6  62 
34  26  44 
8  38  42 
-30  -30  -16 
-24  -78  -48 
-8  12  48 
-14  20  50 

//Reference=MNI 
//nullstudy_63
//Subjects=10
-64  -24  18 
4  2  54 
-14  -94  -14 
30  8  -12 
-48  -70  22 
-16  -90  -40 
-8  -56  34 
-4  18  56 

//Reference=MNI 
//nullstudy_64
//Subjects=10
-32  -38  38 
-48  -58  36 
-34  -68  58 
-18  4  0 
38  36  2 
4  22  22 
24  38  32 
-24  -40  -8 

//Reference=MNI 
//nullstudy_65
//Subjects=10
-24  -38  74 
-32  -46  54 
46  30  28 
-6  -10  -36 
-28  34  34 
-10  -14  70 
-22  -36  -8 
-10  -60  -24 

//Reference=MNI 
//nullstudy_66
//Subjects=10
-20  -88  42 
40  30  6 
34  50  -16 
-38  54  14 
-6  -10  0 
-30  -46  0 
-20  -32  4 
-30  -52  -40 

//Reference=MNI 
//nullstudy_67
//Subjects=9
-6  30  40 
-4  -70  -12 
16  42  -18 
-38  -68  22 
-52  -58  -42 
-4  -70  -10 
-44  8  12 
-52  -58  -32 

//Reference=MNI 
//nullstudy_68
//Subjects=11
-24  -80  -46 
-58  -34  40 
38  4  -12 
38  34  -6 
-24  4  -28 
30  28  44 
-4  -48  -34 
24  54  2 

//Reference=MNI 
//nullstudy_69
//Subjects=11
8  58  20 
-30  -28  66 
-36  -86  -34 
-6  64  28 
-36  -46  -30 
-28  12  -10 
-40  -48  62 
40  42  36 

//Reference=MNI 
//nullstudy_70
//Subjects=9
52  22  16 
-36  14  -6 
24  16  0 
-60  -66  14 
-64  -36  12 
-36  -14  52 
-6  -34  74 
-24  -50  14 

//Reference=MNI 
//nullstudy_71
//Subjects=12
-28  -30  -30 
18  20  64 
-8  -86  14 
-32  -50  70 
-10  44  4 
-18  -62  50 
-14  -52  38 
-20  12  0 

//Reference=MNI 
//nullstudy_72
//Subjects=10
-12  -86  -42 
-66  -6  0 
-4  -42  70 
-40  -58  -4 
-24  44  28 
-26  18  -36 
52  24  -10 
54  36  -8 

//Reference=MNI 
//nullstudy_73
//Subjects=8
54  34  14 
-12  -88  8 
-4  -74  48 
-52  -4  42 
-42  -4  -50 
-2  16  0 
-66  -4  -12 
-20  -6  -40 

//Reference=MNI 
//nullstudy_74
//Subjects=10
-62  -4  -18 
-10  -74  36 
-68  -44  10 
-54  -20  -16 
-10  -28  -12 
6  44  -24 
-12  14  -8 
34  28  -6 

//Reference=MNI 
//nullstudy_75
//Subjects=12
-34  -72  48 
-58  -22  -6 
24  32  58 
10  34  32 
-6  8  64 
8  18  58 
4  54  44 
32  26  44 

//Reference=MNI 
//nullstudy_76
//Subjects=11
-40  -4  6 
-64  -30  -2 
-36  -80  -8 
-18  -2  52 
-42  -42  8 
-4  -52  6 
-28  34  32 
34  34  -18 

//Reference=MNI 
//nullstudy_77
//Subjects=10
4  62  16 
-2  -52  -2 
-6  -74  60 
-30  2  -4 
-40  0  -38 
-50  -6  -30 
-40  2  10 
-40  -32  14 

//Reference=MNI 
//nullstudy_78
//Subjects=8
-50  2  14 
-46  -6  -46 
-34  22  32 
-62  -20  -8 
44  16  36 
22  40  40 
-34  -56  -46 
-56  -52  32 

//Reference=MNI 
//nullstudy_79
//Subjects=11
50  34  26 
-4  -28  54 
-4  -66  64 
-8  -6  40 
-12  -74  52 
-14  10  56 
40  8  40 
2  58  -2 

//Reference=MNI 
//nullstudy_80
//Subjects=11
-4  34  0 
-54  -44  34 
32  10  -20 
42  38  26 
6  24  28 
-6  -62  32 
36  40  8 
-60  -24  8 

//Reference=MNI 
//nullstudy_81
//Subjects=8
-28  6  68 
-16  12  -38 
-22  4  48 
-24  -76  -42 
-26  -34  -44 
32  60  -6 
-24  -34  74 
-50  -6  -2 

//Reference=MNI 
//nullstudy_82
//Subjects=11
-36  12  52 
-48  -16  0 
-6  54  -14 
-52  -50  34 
-22  -80  20 
-14  -24  4 
-16  -90  0 
44  24  -10 

//Reference=MNI 
//nullstudy_83
//Subjects=10
40  44  -6 
-56  -10  18 
-30  62  -4 
-60  -14  20 
-2  0  40 
4  32  20 
-38  36  10 
28  4  -50 

//Reference=MNI 
//nullstudy_84
//Subjects=9
-8  -48  -6 
-12  -76  -44 
-42  4  48 
-52  -60  38 
-34  -4  62 
-30  -26  48 
-20  -56  72 
38  60  2 

//Reference=MNI 
//nullstudy_85
//Subjects=10
34  28  56 
-44  50  -14 
-4  -64  24 
-64  -38  34 
-26  -72  -12 
12  38  -26 
-22  -58  -12 
-18  10  -2 

//Reference=MNI 
//nullstudy_86
//Subjects=12
-24  -30  62 
-48  -6  2 
42  20  -12 
-50  -8  14 
-4  42  -2 
-22  -24  -30 
56  20  12 
42  22  -2 

//Reference=MNI 
//nullstudy_87
//Subjects=12
-62  -2  28 
26  20  36 
26  16  4 
-40  -20  46 
-28  -10  8 
-34  -26  -8 
-40  50  24 
44  8  56 

//Reference=MNI 
//nullstudy_88
//Subjects=10
36  6  24 
-10  -24  -8 
-48  34  -16 
-2  18  0 
-24  44  -8 
-36  -46  66 
12  10  72 
-44  -50  60 

//Reference=MNI 
//nullstudy_89
//Subjects=9
-34  -12  -38 
-50  -14  -26 
-32  -76  40 
-2  -52  48 
-56  4  16 
-12  22  -24 
-10  -46  62 
-10  -60  22 

//Reference=MNI 
//nullstudy_90
//Subjects=9
-38  54  18 
4  18  30 
-6  -22  -32 
-48  -42  16 
-30  -92  6 
-36  -70  10 
-38  -66  -24 
-46  -38  -6 

//Reference=MNI 
//nullstudy_91
//Subjects=11
-40  -36  66 
-22  -28  -10 
-2  0  46 
-6  -6  52 
-36  10  -30 
-56  -10  -16 
20  54  28 
-40  4  30 

//Reference=MNI 
//nullstudy_92
//Subjects=9
-28  42  38 
-34  -38  -40 
-30  -76  36 
2  12  14 
-20  -58  22 
-14  -62  -6 
-12  -24  -4 
22  6  2 

//Reference=MNI 
//nullstudy_93
//Subjects=10
-36  46  20 
28  14  0 
-4  60  4 
-56  -48  48 
18  22  -24 
-60  -26  -2 
-42  -76  30 
-34  -52  68 

//Reference=MNI 
//nullstudy_94
//Subjects=10
-40  -16  10 
-54  -62  40 
-40  -4  -20 
52  38  2 
-52  -28  -20 
-42  -40  58 
-4  -70  14 
32  38  -20 

//Reference=MNI 
//nullstudy_95
//Subjects=9
-52  -44  52 
-60  10  8 
-14  8  -24 
-8  -54  -14 
-38  -30  46 
28  32  52 
-2  18  46 
26  44  42 

//Reference=MNI 
//nullstudy_96
//Subjects=10
-22  -64  40 
-36  -50  -28 
50  8  -2 
-42  -14  36 
10  10  -8 
30  6  46 
-52  -36  32 
34  52  2 

//Reference=MNI 
//nullstudy_97
//Subjects=12
-46  46  -14 
36  64  -2 
12  34  36 
-26  -6  -12 
40  4  50 
-10  -20  -16 
-2  -36  2 
-38  -20  22 

//Reference=MNI 
//nullstudy_98
//Subjects=12
44  20  -36 
38  36  46 
38  4  -16 
-10  -24  -38 
-42  -32  60 
-20  -26  58 
-28  -80  24 
56  18  30 

//Reference=MNI 
//nullstudy_99
//Subjects=8
-20  -64  -58 
-16  -76  28 
-18  -70  -4 
-26  -40  -4 
-20  -84  -8 
-24  -68  -40 
-30  -4  -26 
-40  -90  12 

//Reference=MNI 
//nullstudy_100
//Subjects=9
-6  48  -4 
-34  -46  -34 
-46  -10  26 
-4  -54  -38 
-8  -96  16 
-30  14  32 
-62  -28  24 
-62  -34  28 

