//Reference=MNI 
//truestudy_1
//Subjects=31
46  -67  -6 
45  -66  -6 
44  -68  -6 
46  -65  -7 
44  -66  -5 
46  -66  -5 
45  -67  -6 
48  -66  -7 

//Reference=MNI 
//truestudy_2
//Subjects=29
49  -66  -5 
46  -65  -6 
47  -66  -5 
45  -65  -7 
46  -68  -7 
45  -68  -5 
47  -65  -7 
46  -66  -5 

//Reference=MNI 
//truestudy_3
//Subjects=30
46  -65  -7 
46  -67  -6 
46  -66  -6 
47  -66  -5 
45  -66  -6 
46  -67  -5 
48  -68  -5 
46  -66  -6 

//Reference=MNI 
//nullstudy_1
//Subjects=31
-2  -22  -4 
-64  -34  -16 
-20  -56  -44 
-62  -8  -20 
44  4  -42 
-12  54  -16 
4  58  -14 
32  8  56 

//Reference=MNI 
//nullstudy_2
//Subjects=29
28  2  70 
-26  52  -20 
-16  -30  68 
-22  -94  -14 
36  50  12 
-12  38  -12 
-12  -64  52 
12  36  4 

//Reference=MNI 
//nullstudy_3
//Subjects=30
14  46  -2 
-18  -80  2 
2  54  -4 
-26  -42  52 
-20  -86  -26 
56  32  -2 
-18  8  62 
-30  -78  20 

//Reference=MNI 
//nullstudy_4
//Subjects=29
-16  -92  -14 
-40  32  40 
-18  26  56 
-50  -72  0 
-48  -76  -6 
-62  -16  -18 
-40  20  12 
-30  -58  64 

//Reference=MNI 
//nullstudy_5
//Subjects=30
48  36  -8 
-38  2  -28 
-18  -38  -12 
-2  -66  18 
-40  -50  36 
-22  -46  16 
-26  26  8 
-2  -68  64 

//Reference=MNI 
//nullstudy_6
//Subjects=31
-48  -32  -26 
-10  50  50 
-34  -20  56 
-32  -74  -44 
-48  12  -18 
-48  -10  38 
44  6  54 
-2  22  42 

//Reference=MNI 
//nullstudy_7
//Subjects=27
-32  -44  -10 
-20  -92  -32 
-42  -40  10 
-58  -30  50 
-42  -46  -54 
50  2  10 
0  22  -22 
-12  -66  16 

//Reference=MNI 
//nullstudy_8
//Subjects=30
0  28  -8 
-48  14  46 
-4  48  -26 
60  14  -2 
54  18  14 
-4  8  70 
-56  -22  -30 
26  54  32 

//Reference=MNI 
//nullstudy_9
//Subjects=33
14  62  -22 
-44  -76  -18 
-22  10  -4 
-32  -78  -50 
-20  32  -10 
22  50  10 
-26  -4  -48 
6  18  24 

//Reference=MNI 
//nullstudy_10
//Subjects=27
-32  2  -32 
28  36  48 
34  46  20 
14  22  -24 
-22  52  -18 
-58  -44  -14 
-8  14  -14 
-10  28  20 

//Reference=MNI 
//nullstudy_11
//Subjects=30
-46  -4  2 
-24  62  24 
-38  -16  -10 
-28  -50  14 
-10  -84  46 
-48  -10  -10 
-38  -54  14 
-24  -60  -26 

//Reference=MNI 
//nullstudy_12
//Subjects=30
-2  -54  -46 
-30  -18  8 
-22  -88  -22 
-18  -102  -4 
-68  -34  -18 
4  4  74 
12  16  70 
-6  -60  -18 

//Reference=MNI 
//nullstudy_13
//Subjects=31
-50  -56  20 
38  12  12 
2  22  -6 
-8  -46  -60 
-40  40  14 
-8  -84  24 
48  16  -30 
-44  0  40 

//Reference=MNI 
//nullstudy_14
//Subjects=30
-18  -80  -26 
54  6  22 
-34  42  4 
-44  -56  34 
-6  2  -8 
-22  16  4 
-32  -66  22 
-6  -94  -10 

//Reference=MNI 
//nullstudy_15
//Subjects=31
-20  40  26 
-26  6  -2 
40  22  56 
-22  -84  36 
-20  -88  -22 
-46  18  30 
-24  14  -28 
-24  -58  -52 

//Reference=MNI 
//nullstudy_16
//Subjects=30
44  2  -4 
-26  -40  -22 
-6  -50  -16 
-34  -6  10 
46  34  32 
-44  -72  16 
-38  -74  -28 
-16  -52  -8 

//Reference=MNI 
//nullstudy_17
//Subjects=31
-8  -32  2 
38  40  -8 
-20  -46  -34 
0  18  18 
-6  -62  16 
-14  -6  -32 
0  34  -4 
-10  -72  32 

//Reference=MNI 
//nullstudy_18
//Subjects=30
-60  -30  26 
-26  -68  -14 
-26  -60  -60 
-4  60  2 
-56  8  14 
-6  54  -18 
24  26  -12 
-40  -42  -52 

//Reference=MNI 
//nullstudy_19
//Subjects=29
2  54  -28 
-14  -68  60 
-18  0  58 
-26  66  2 
-24  -22  62 
-8  12  36 
-14  -84  10 
52  18  8 

//Reference=MNI 
//nullstudy_20
//Subjects=28
-4  62  24 
34  2  30 
-30  64  -2 
-26  -66  -62 
-10  18  -6 
-34  -14  -42 
-30  -74  -50 
-40  -28  42 

//Reference=MNI 
//nullstudy_21
//Subjects=30
-30  -72  -20 
12  50  -24 
-52  16  32 
-26  34  -8 
-44  30  -12 
-12  -46  60 
-14  -56  -44 
-60  -36  10 

//Reference=MNI 
//nullstudy_22
//Subjects=31
-48  -32  -22 
-2  -80  -16 
-34  -10  -46 
-24  -30  -28 
4  42  52 
-8  2  46 
-26  8  -26 
-26  26  -24 

//Reference=MNI 
//nullstudy_23
//Subjects=31
-28  -32  -24 
24  4  -12 
-16  -64  -34 
-8  -16  66 
-56  -6  -36 
-18  -80  12 
-26  16  -4 
-56  8  10 

//Reference=MNI 
//nullstudy_24
//Subjects=28
32  50  12 
-32  -92  -20 
-16  50  38 
6  30  -32 
-42  -12  -34 
-42  -10  42 
16  26  6 
-38  6  4 

//Reference=MNI 
//nullstudy_25
//Subjects=30
-36  -62  40 
8  30  -26 
-22  -84  -38 
-44  -54  34 
-36  -40  66 
38  14  -20 
-4  -36  -18 
-38  -16  0 

//Reference=MNI 
//nullstudy_26
//Subjects=31
24  34  42 
24  8  -12 
-34  0  -34 
-16  68  20 
-14  -32  18 
-52  -46  18 
-48  -2  -24 
-12  46  32 

//Reference=MNI 
//nullstudy_27
//Subjects=30
-50  -32  -2 
2  38  -22 
-40  -10  20 
42  4  -36 
-44  -66  34 
6  56  2 
-44  -46  -44 
-44  12  -18 

//Reference=MNI 
//nullstudy_28
//Subjects=31
-2  -24  -46 
-44  -64  20 
-8  -12  52 
48  10  -20 
-4  -36  -60 
-6  16  64 
-54  -16  -38 
10  50  -18 

//Reference=MNI 
//nullstudy_29
//Subjects=29
-12  -2  40 
34  58  6 
-12  -80  -20 
-40  -14  -2 
46  32  6 
20  30  58 
-64  -50  8 
-38  48  28 

//Reference=MNI 
//nullstudy_30
//Subjects=27
0  38  12 
-10  50  -4 
-12  -46  -40 
-56  -34  6 
-42  -48  -54 
-4  -64  36 
-14  -90  20 
-38  -32  -14 

//Reference=MNI 
//nullstudy_31
//Subjects=31
-26  -86  16 
-2  16  -22 
-34  40  -6 
-36  -4  20 
-50  18  0 
-4  56  8 
6  12  -2 
-10  -72  -14 

//Reference=MNI 
//nullstudy_32
//Subjects=29
-58  -10  40 
-2  -30  -32 
12  2  -18 
14  8  -20 
-58  -14  12 
34  62  4 
-12  -64  -10 
-4  -42  48 

//Reference=MNI 
//nullstudy_33
//Subjects=32
16  24  -18 
-44  -44  -16 
-32  -2  60 
-20  -14  76 
14  4  14 
-10  48  16 
-12  -4  22 
-20  -32  20 

//Reference=MNI 
//nullstudy_34
//Subjects=30
4  4  34 
-12  -40  -30 
42  58  -6 
-30  10  -18 
-8  -82  -30 
-44  -58  16 
-52  -44  -22 
-52  -36  -22 

//Reference=MNI 
//nullstudy_35
//Subjects=30
-10  0  64 
52  12  20 
-8  2  12 
-66  -32  -16 
-60  -54  -16 
48  20  14 
28  4  -14 
44  36  -10 

//Reference=MNI 
//nullstudy_36
//Subjects=30
-12  -64  28 
-28  54  32 
-48  -48  -6 
6  6  54 
-10  -92  22 
-40  30  12 
-40  -36  60 
-10  -26  12 

//Reference=MNI 
//nullstudy_37
//Subjects=31
-48  -46  38 
24  18  4 
-36  8  -34 
-22  -54  -18 
-4  62  10 
-38  -6  18 
30  4  66 
-22  58  -2 

//Reference=MNI 
//nullstudy_38
//Subjects=29
-22  -70  12 
-8  -76  -8 
18  10  -14 
20  18  6 
-2  -90  -22 
-24  -66  -4 
-10  -80  4 
-28  -50  -24 

//Reference=MNI 
//nullstudy_39
//Subjects=32
20  14  50 
34  14  -10 
-52  -40  -32 
-38  -60  -50 
-48  -32  32 
-36  -16  10 
-18  -102  10 
22  36  54 

//Reference=MNI 
//nullstudy_40
//Subjects=31
0  16  -4 
-48  18  22 
8  64  22 
-32  -96  -12 
-40  -56  -42 
-28  -40  72 
-48  4  36 
24  2  -46 

//Reference=MNI 
//nullstudy_41
//Subjects=29
-32  8  -18 
-36  -46  -28 
-12  -72  -38 
-24  18  -8 
12  30  -14 
-22  -48  -46 
-14  6  -24 
-56  16  6 

//Reference=MNI 
//nullstudy_42
//Subjects=29
-44  -74  -40 
-42  -8  -2 
-16  -46  -14 
-38  -54  -58 
-48  -44  46 
-42  -64  52 
-2  -4  20 
-46  -38  2 

//Reference=MNI 
//nullstudy_43
//Subjects=31
-24  -82  -44 
-42  -14  10 
-60  -34  -30 
54  6  -28 
-16  -86  8 
-8  -34  76 
-46  -8  -30 
-16  14  2 

//Reference=MNI 
//nullstudy_44
//Subjects=30
36  6  14 
12  16  48 
46  28  -18 
-6  34  -2 
-30  -48  62 
-66  -18  12 
30  4  -40 
-60  -2  2 

//Reference=MNI 
//nullstudy_45
//Subjects=30
-22  -92  -2 
42  32  -22 
-36  -2  -24 
-56  8  -28 
10  52  -26 
-44  2  36 
-14  -26  44 
-16  -60  -38 

//Reference=MNI 
//nullstudy_46
//Subjects=31
38  40  8 
2  56  6 
-24  -28  52 
-48  22  34 
-56  -64  36 
-38  -66  50 
-16  40  52 
-42  30  -4 

//Reference=MNI 
//nullstudy_47
//Subjects=30
-14  -64  34 
30  12  14 
26  32  36 
-34  0  -34 
-22  36  -16 
62  20  8 
14  22  -16 
30  52  6 

//Reference=MNI 
//nullstudy_48
//Subjects=30
10  30  52 
4  42  42 
-18  -88  34 
-30  -22  8 
-36  10  24 
-48  28  38 
-24  -8  50 
10  2  38 

//Reference=MNI 
//nullstudy_49
//Subjects=28
-10  -50  -30 
-66  -46  8 
-16  -50  32 
-34  44  32 
-14  -82  42 
-42  -72  2 
-40  8  46 
60  4  -32 

//Reference=MNI 
//nullstudy_50
//Subjects=30
22  8  -10 
54  16  -30 
-46  -62  -6 
-10  -30  -40 
58  20  -2 
-2  -56  -50 
-64  -50  24 
-32  4  -44 

//Reference=MNI 
//nullstudy_51
//Subjects=31
-32  -56  6 
-32  52  -8 
-10  42  6 
64  12  12 
-22  -2  48 
46  36  -4 
-26  40  -22 
-48  -64  24 

//Reference=MNI 
//nullstudy_52
//Subjects=31
48  20  30 
-44  -2  36 
58  4  34 
-24  12  -14 
56  28  8 
-66  -36  -22 
46  4  -44 
26  20  60 

//Reference=MNI 
//nullstudy_53
//Subjects=30
50  22  -22 
-12  18  -16 
-36  -40  70 
-28  -58  66 
-40  -64  -46 
-44  20  20 
2  34  -12 
4  14  28 

//Reference=MNI 
//nullstudy_54
//Subjects=29
-8  62  34 
22  38  32 
-4  -100  14 
6  8  50 
-32  20  14 
-4  -14  4 
-18  -28  2 
-24  30  -16 

//Reference=MNI 
//nullstudy_55
//Subjects=29
52  8  26 
2  24  42 
12  4  -12 
-28  -94  18 
-34  -96  -10 
-52  -26  30 
-12  -72  16 
-30  -36  40 

//Reference=MNI 
//nullstudy_56
//Subjects=28
-44  -12  32 
-10  12  42 
-32  -50  32 
-62  -60  16 
-40  -52  -48 
-32  54  2 
8  10  66 
-48  2  -34 

//Reference=MNI 
//nullstudy_57
//Subjects=30
-4  50  20 
-40  24  32 
-56  -8  46 
-24  -40  68 
-24  -38  -26 
-2  -28  42 
-52  28  -12 
-42  16  -36 

//Reference=MNI 
//nullstudy_58
//Subjects=30
-46  -56  -20 
-36  22  -14 
-14  -8  76 
-4  -42  2 
32  16  -26 
-56  -8  6 
20  54  -6 
-24  -28  -30 

//Reference=MNI 
//nullstudy_59
//Subjects=29
-22  -72  28 
-26  -64  34 
18  36  -18 
-30  -78  -24 
30  62  18 
8  38  -20 
-32  38  -14 
-6  -60  54 

//Reference=MNI 
//nullstudy_60
//Subjects=29
32  16  0 
26  30  -10 
-58  -30  24 
-8  42  46 
-50  -76  -16 
-64  -34  32 
22  46  34 
-26  -56  -2 

//Reference=MNI 
//nullstudy_61
//Subjects=29
-26  52  34 
-10  -20  46 
-26  -18  -14 
-10  28  20 
28  34  54 
-22  -42  2 
36  2  32 
-38  46  10 

//Reference=MNI 
//nullstudy_62
//Subjects=30
8  6  28 
-8  -46  60 
36  56  -16 
-32  -24  -20 
-44  -30  64 
-44  20  42 
-26  46  -8 
-2  -74  -4 

//Reference=MNI 
//nullstudy_63
//Subjects=31
-38  24  22 
-48  22  36 
-26  -42  0 
-18  38  -28 
-2  28  -10 
-6  -4  44 
-36  16  12 
-60  -44  -14 

//Reference=MNI 
//nullstudy_64
//Subjects=31
-14  -56  34 
-36  -20  0 
-38  -52  34 
-64  -58  -4 
-36  8  54 
-10  -18  46 
-52  -50  2 
-18  -80  -28 

//Reference=MNI 
//nullstudy_65
//Subjects=31
8  26  62 
-20  -26  -4 
-10  58  6 
-38  -70  2 
-50  -60  -32 
-20  46  42 
-34  30  52 
20  8  -2 

//Reference=MNI 
//nullstudy_66
//Subjects=28
-48  -62  -10 
-6  -76  34 
22  8  70 
34  30  -14 
30  2  -6 
44  40  20 
-6  38  22 
-52  -56  46 

//Reference=MNI 
//nullstudy_67
//Subjects=29
-12  -30  -8 
-24  -56  8 
-52  -50  16 
-40  4  58 
20  36  44 
-68  -14  2 
-18  -66  10 
-52  4  -38 

//Reference=MNI 
//nullstudy_68
//Subjects=29
-14  -42  46 
30  16  50 
-30  -94  6 
-24  -54  -56 
-2  44  -16 
-28  -62  66 
-26  36  26 
-10  -38  48 

//Reference=MNI 
//nullstudy_69
//Subjects=30
-2  -88  10 
-24  -80  -12 
32  32  -16 
-18  -28  -32 
-40  -64  34 
-50  -62  2 
-12  -10  -38 
-42  -14  22 

//Reference=MNI 
//nullstudy_70
//Subjects=31
-4  -62  6 
-14  -92  24 
-10  -60  -20 
-38  -86  14 
-62  -52  -18 
-2  -44  50 
-22  18  42 
-28  4  2 

//Reference=MNI 
//nullstudy_71
//Subjects=30
-4  -74  2 
28  32  -14 
-34  38  44 
-12  -64  -36 
-12  -44  62 
-20  36  -12 
-34  -14  -6 
-32  -76  -4 

//Reference=MNI 
//nullstudy_72
//Subjects=31
-30  18  50 
-4  -28  42 
-30  -54  66 
6  38  18 
34  16  30 
-28  -82  -12 
-6  66  -2 
34  10  46 

//Reference=MNI 
//nullstudy_73
//Subjects=30
-28  -62  62 
36  30  46 
18  44  36 
-36  -18  -38 
-22  -34  22 
54  28  0 
-6  -36  54 
-64  -30  -6 

//Reference=MNI 
//nullstudy_74
//Subjects=30
-54  -64  6 
-36  2  0 
-34  28  24 
-46  36  -10 
-54  -38  -18 
-56  12  20 
2  44  42 
-30  24  -10 

//Reference=MNI 
//nullstudy_75
//Subjects=28
-54  -4  20 
-18  -28  10 
-62  -30  16 
-40  -76  -40 
-34  -74  -36 
20  10  -16 
-28  -42  -18 
-56  -50  28 

//Reference=MNI 
//nullstudy_76
//Subjects=30
2  68  0 
-34  -58  -12 
-28  -64  10 
8  24  16 
-38  -28  -12 
-10  -74  30 
-32  26  10 
-68  -20  26 

//Reference=MNI 
//nullstudy_77
//Subjects=29
40  24  22 
-62  -18  -26 
-34  44  10 
58  14  2 
-60  -50  -14 
-4  -14  -22 
-14  -56  20 
18  12  70 

//Reference=MNI 
//nullstudy_78
//Subjects=30
56  8  -14 
-4  -26  24 
-38  -12  -42 
32  4  -44 
-4  -26  -8 
-12  -56  16 
-14  -26  36 
-38  -14  8 

//Reference=MNI 
//nullstudy_79
//Subjects=29
-14  38  16 
-44  -62  -50 
-50  2  34 
30  56  -18 
56  24  0 
2  26  58 
8  40  -16 
-2  50  18 

//Reference=MNI 
//nullstudy_80
//Subjects=31
-18  -46  -48 
-30  18  -42 
-22  56  16 
-28  -90  26 
-30  -36  42 
-14  -68  -8 
-4  -8  50 
-24  58  28 

//Reference=MNI 
//nullstudy_81
//Subjects=28
6  18  30 
-6  -44  50 
-28  -8  -32 
-70  -30  -6 
-14  -36  -42 
-26  -48  -10 
-2  30  40 
-40  32  -14 

//Reference=MNI 
//nullstudy_82
//Subjects=28
-22  -68  -26 
-30  -6  -4 
32  38  -20 
20  24  -2 
-14  48  0 
-20  -92  -32 
-36  -66  -36 
-30  -84  -32 

//Reference=MNI 
//nullstudy_83
//Subjects=30
52  12  -24 
-48  -8  48 
36  14  58 
-2  -30  8 
-2  66  12 
-44  -12  20 
-16  -4  -22 
-38  -74  -10 

//Reference=MNI 
//nullstudy_84
//Subjects=30
-32  -42  -24 
-34  -42  -46 
42  40  30 
-26  -76  -46 
-22  -56  40 
-48  34  18 
-26  -94  24 
32  44  -16 

//Reference=MNI 
//nullstudy_85
//Subjects=31
-14  -102  16 
48  24  30 
-10  -80  -26 
-46  -74  14 
-64  -34  40 
-24  -96  10 
-24  -96  -14 
-4  68  10 

//Reference=MNI 
//nullstudy_86
//Subjects=30
-26  8  -36 
34  58  -12 
-44  -38  34 
-34  -76  24 
14  16  54 
-24  -40  12 
30  20  56 
-34  -16  36 

//Reference=MNI 
//nullstudy_87
//Subjects=29
-12  -94  -8 
-10  -50  70 
-28  32  22 
26  50  24 
-44  6  -32 
-66  -34  4 
-12  -88  -22 
-22  -36  20 

//Reference=MNI 
//nullstudy_88
//Subjects=31
-38  -16  -26 
-14  -18  -26 
-8  12  -30 
-40  -50  -12 
-10  -2  76 
-20  22  56 
-12  4  38 
-28  14  -38 

//Reference=MNI 
//nullstudy_89
//Subjects=30
-48  -60  28 
-54  -42  38 
-14  -50  28 
-52  8  -4 
-18  26  48 
-28  56  32 
-40  -64  -14 
-8  54  -24 

//Reference=MNI 
//nullstudy_90
//Subjects=31
-20  -26  26 
40  10  32 
48  8  24 
8  4  50 
-18  -20  76 
-24  34  -18 
-4  -44  -40 
8  18  -20 

//Reference=MNI 
//nullstudy_91
//Subjects=31
8  12  -24 
-8  -90  -28 
-22  16  -38 
-2  -8  64 
-46  -32  -28 
-66  -14  24 
22  68  18 
-20  -20  62 

//Reference=MNI 
//nullstudy_92
//Subjects=29
-26  -14  2 
-42  -24  56 
-12  -74  28 
-8  10  52 
-32  -70  -16 
-14  -48  -62 
-6  -42  -48 
20  20  50 

//Reference=MNI 
//nullstudy_93
//Subjects=28
-24  24  -22 
-40  58  4 
-22  -62  10 
26  58  22 
-14  -78  16 
-2  -66  24 
-44  -74  28 
-6  -4  -6 

//Reference=MNI 
//nullstudy_94
//Subjects=31
-30  -76  12 
-34  60  -6 
-38  2  2 
-14  -54  -24 
-24  -68  -36 
4  2  6 
16  36  48 
-20  34  -12 

//Reference=MNI 
//nullstudy_95
//Subjects=30
-18  -24  18 
44  24  12 
-14  4  14 
-46  44  22 
20  12  -16 
2  4  8 
-44  8  46 
6  18  38 

//Reference=MNI 
//nullstudy_96
//Subjects=29
-44  16  30 
-64  -36  0 
30  14  8 
8  8  28 
-24  -14  -22 
2  32  -14 
-16  -20  -12 
-36  -4  52 

//Reference=MNI 
//nullstudy_97
//Subjects=29
-36  22  22 
6  32  -28 
-8  -68  -30 
44  16  36 
-58  -36  0 
40  54  18 
-14  50  14 
-36  16  32 

//Reference=MNI 
//nullstudy_98
//Subjects=32
-24  8  -18 
-2  -22  -42 
14  18  36 
-12  14  46 
-22  -14  -6 
22  50  20 
-40  -36  14 
-20  -26  -32 

//Reference=MNI 
//nullstudy_99
//Subjects=31
-16  -44  -22 
-42  40  -20 
48  10  18 
-6  48  -10 
-32  -40  72 
-32  44  2 
36  34  20 
-10  -78  -20 

//Reference=MNI 
//nullstudy_100
//Subjects=29
-14  8  -24 
-20  -8  56 
-26  -72  30 
28  42  44 
24  6  -2 
-54  -2  -14 
-48  -76  -20 
2  54  18 

