//Reference=MNI 
//truestudy_1
//Subjects=19
46  -66  -6 
45  -66  -6 
48  -65  -5 
48  -67  -6 
45  -65  -3 
47  -65  -5 
46  -66  -6 
46  -67  -7 

//Reference=MNI 
//truestudy_2
//Subjects=20
46  -67  -6 
45  -65  -6 
47  -67  -7 
46  -67  -6 
47  -64  -6 
47  -65  -5 
46  -65  -6 
46  -66  -7 

//Reference=MNI 
//truestudy_3
//Subjects=21
45  -66  -5 
46  -65  -5 
47  -64  -6 
46  -65  -5 
45  -66  -8 
46  -66  -7 
46  -66  -6 
47  -65  -7 

//Reference=MNI 
//nullstudy_1
//Subjects=19
24  16  -44 
-30  -74  -22 
-2  -22  66 
-38  -10  66 
-36  -48  -56 
56  14  30 
32  50  2 
-56  -20  24 

//Reference=MNI 
//nullstudy_2
//Subjects=20
-2  -102  -2 
-10  -36  -28 
-22  -12  46 
24  26  36 
-2  16  30 
-8  40  38 
-14  -14  -12 
-24  50  14 

//Reference=MNI 
//nullstudy_3
//Subjects=21
-52  -64  -38 
-38  -52  16 
-10  -42  70 
6  46  10 
-58  -30  -28 
14  56  12 
-52  -64  8 
-8  -82  50 

//Reference=MNI 
//nullstudy_4
//Subjects=19
-14  -50  -36 
-34  -2  -30 
36  28  -4 
-22  36  -26 
16  48  8 
-32  -54  -44 
-16  -32  66 
-4  44  -32 

//Reference=MNI 
//nullstudy_5
//Subjects=22
-56  -10  2 
-24  -36  60 
-26  -36  -8 
-44  -56  -58 
20  24  -20 
-38  -52  22 
-66  -14  -8 
-46  20  -22 

//Reference=MNI 
//nullstudy_6
//Subjects=21
-26  -68  -46 
-14  -62  34 
-14  -38  34 
-14  -68  54 
-2  -86  -32 
-64  -46  -18 
-8  28  34 
16  32  62 

//Reference=MNI 
//nullstudy_7
//Subjects=21
-40  -68  -36 
-36  -12  -24 
-60  -62  20 
-36  42  0 
-24  4  -18 
-8  -8  -30 
-22  -64  -26 
32  56  -8 

//Reference=MNI 
//nullstudy_8
//Subjects=21
-30  -76  30 
-12  -38  38 
6  56  -10 
-8  -54  -10 
-54  -48  4 
-30  40  30 
-32  8  34 
-10  18  34 

//Reference=MNI 
//nullstudy_9
//Subjects=21
-68  -32  26 
18  6  -18 
-32  -6  70 
12  48  26 
28  34  -10 
26  30  32 
-30  42  6 
-14  -28  66 

//Reference=MNI 
//nullstudy_10
//Subjects=19
28  16  -8 
-22  -40  -52 
2  12  -24 
-36  -54  -16 
-4  -18  66 
-12  22  -20 
-16  -58  6 
-24  30  -20 

//Reference=MNI 
//nullstudy_11
//Subjects=19
-4  -36  -36 
-18  8  64 
46  38  36 
-44  -24  42 
6  10  50 
-28  -62  52 
0  22  16 
-12  -76  40 

//Reference=MNI 
//nullstudy_12
//Subjects=20
-24  -86  -14 
8  44  42 
-16  -6  -28 
4  22  64 
-18  60  -12 
-14  -46  -34 
-12  2  44 
-4  18  66 

//Reference=MNI 
//nullstudy_13
//Subjects=19
-68  -22  -20 
-32  40  10 
-66  -12  28 
32  2  -36 
-46  22  8 
-44  46  -6 
-2  -82  -26 
-18  -94  10 

//Reference=MNI 
//nullstudy_14
//Subjects=21
6  34  50 
10  62  6 
48  38  0 
-38  16  4 
-8  -54  6 
-18  8  14 
-4  -6  12 
-8  -46  -34 

//Reference=MNI 
//nullstudy_15
//Subjects=18
-14  70  14 
-26  -70  -32 
-14  -58  -28 
32  30  40 
-14  -30  24 
22  24  52 
-44  -80  22 
-8  14  68 

//Reference=MNI 
//nullstudy_16
//Subjects=21
14  18  32 
-42  4  42 
-52  -58  -2 
-8  -4  8 
-24  -38  -34 
-50  -52  -48 
-42  8  18 
-6  -40  6 

//Reference=MNI 
//nullstudy_17
//Subjects=19
-40  4  -16 
-10  2  -16 
28  8  -40 
-12  58  40 
-48  -54  10 
-56  -10  -10 
-32  18  40 
-22  -34  56 

//Reference=MNI 
//nullstudy_18
//Subjects=22
-12  68  22 
-10  -88  -16 
-24  42  44 
-38  4  -4 
-2  6  48 
-30  8  -36 
-24  -4  6 
-4  10  -8 

//Reference=MNI 
//nullstudy_19
//Subjects=21
-20  -100  4 
-28  -2  4 
-2  28  36 
-4  -64  50 
-36  -62  -52 
-18  -28  4 
-16  -72  -36 
-2  -76  50 

//Reference=MNI 
//nullstudy_20
//Subjects=20
48  6  -40 
-8  38  14 
-8  -74  34 
-24  -82  -14 
-36  22  38 
26  60  18 
2  38  30 
-8  -32  -38 

//Reference=MNI 
//nullstudy_21
//Subjects=20
-28  -46  -54 
-26  -88  -42 
-38  -48  -40 
12  68  10 
6  6  48 
-16  12  16 
46  8  14 
58  30  -2 

//Reference=MNI 
//nullstudy_22
//Subjects=20
22  28  -14 
4  8  28 
-12  -22  48 
-30  18  50 
-46  -10  -8 
-4  -18  64 
-4  -78  -12 
-2  -54  50 

//Reference=MNI 
//nullstudy_23
//Subjects=21
-44  -76  0 
-58  -26  2 
14  20  62 
-6  24  68 
-34  -90  -22 
-42  -40  -16 
-20  16  52 
-14  6  -24 

//Reference=MNI 
//nullstudy_24
//Subjects=19
40  18  28 
2  22  26 
-20  16  2 
-8  -42  -52 
-40  42  22 
-14  -90  8 
-6  -78  -40 
-56  -4  -28 

//Reference=MNI 
//nullstudy_25
//Subjects=22
-12  -30  -42 
44  10  -22 
-60  18  6 
-50  -80  -10 
16  4  70 
-46  -68  0 
-48  -16  48 
-14  -68  52 

//Reference=MNI 
//nullstudy_26
//Subjects=21
-36  14  28 
0  2  44 
-32  -58  -24 
-18  -52  -60 
-30  -54  56 
6  64  16 
-24  -34  54 
-4  -18  -24 

//Reference=MNI 
//nullstudy_27
//Subjects=19
-18  58  20 
-6  -106  0 
50  24  18 
-58  -2  -14 
-36  8  -12 
-4  -74  -2 
-22  -92  22 
-14  -92  14 

//Reference=MNI 
//nullstudy_28
//Subjects=19
-12  -74  56 
-64  -36  22 
-22  -70  62 
-50  -44  24 
-56  24  0 
-30  -38  -4 
-10  22  66 
-14  -80  -40 

//Reference=MNI 
//nullstudy_29
//Subjects=19
-2  -20  34 
-16  -58  -30 
-52  26  10 
-62  -42  2 
-20  -58  -26 
-12  -72  -16 
-6  -52  -20 
-2  -76  28 

//Reference=MNI 
//nullstudy_30
//Subjects=20
14  18  -8 
-24  -48  -36 
-22  -80  46 
-14  -24  48 
-30  -80  8 
22  8  -12 
-8  40  32 
20  46  -14 

//Reference=MNI 
//nullstudy_31
//Subjects=17
-14  14  -10 
-22  -66  18 
-36  -2  66 
-30  50  2 
-18  -32  60 
26  52  -14 
38  36  18 
48  22  40 

//Reference=MNI 
//nullstudy_32
//Subjects=20
-8  -56  -62 
-18  4  64 
-8  62  10 
-12  -4  24 
-52  -60  8 
8  4  40 
-4  52  -12 
-6  -52  42 

//Reference=MNI 
//nullstudy_33
//Subjects=22
-6  -24  70 
-30  30  32 
28  30  4 
-34  48  16 
-36  46  16 
-20  -40  -36 
-32  -24  14 
30  12  -8 

//Reference=MNI 
//nullstudy_34
//Subjects=19
-32  -68  44 
-6  -88  6 
-10  -18  74 
58  28  14 
-40  38  -22 
-12  -70  -18 
-46  38  -8 
-18  -22  28 

//Reference=MNI 
//nullstudy_35
//Subjects=21
-54  -74  -6 
40  34  6 
-12  66  10 
-18  -6  -14 
-26  -64  -2 
-42  -86  6 
-42  -56  40 
-40  44  -20 

//Reference=MNI 
//nullstudy_36
//Subjects=20
-50  -20  10 
-12  -62  -14 
-10  -26  46 
-32  -70  52 
-54  -62  -28 
38  36  -8 
-4  -68  34 
-46  -4  -4 

//Reference=MNI 
//nullstudy_37
//Subjects=19
-60  -48  22 
-46  -50  50 
-22  -46  -4 
0  62  2 
10  4  -28 
-12  0  64 
36  22  40 
-58  -52  38 

//Reference=MNI 
//nullstudy_38
//Subjects=20
-32  -32  18 
-6  -6  -8 
38  4  64 
-14  46  -4 
-14  -72  -50 
-6  -82  36 
-6  44  50 
-46  -52  42 

//Reference=MNI 
//nullstudy_39
//Subjects=19
8  2  52 
-22  12  70 
-38  -8  50 
-24  8  4 
-48  -52  -12 
-48  -64  4 
-6  0  48 
-26  -60  52 

//Reference=MNI 
//nullstudy_40
//Subjects=20
-4  -54  4 
-66  -4  -12 
22  30  -24 
-34  10  -16 
-48  -54  12 
-24  -46  64 
28  38  38 
-6  12  -20 

//Reference=MNI 
//nullstudy_41
//Subjects=21
-10  -4  -38 
16  8  -30 
-62  12  20 
-4  -70  34 
-46  -6  16 
-60  -36  46 
-14  -80  -4 
-52  -68  38 

//Reference=MNI 
//nullstudy_42
//Subjects=21
-58  -8  -24 
-4  -32  -12 
-30  -64  34 
-40  -58  38 
-4  -16  4 
-40  48  -10 
-22  -12  -32 
-12  28  -16 

//Reference=MNI 
//nullstudy_43
//Subjects=19
32  50  20 
6  18  -4 
0  10  38 
-38  -42  34 
-12  46  -24 
-40  -48  16 
-30  28  -6 
-54  -64  20 

//Reference=MNI 
//nullstudy_44
//Subjects=21
10  2  -32 
-4  -86  -32 
14  72  -2 
-8  -72  -16 
-12  -72  -18 
0  20  46 
-16  -58  46 
20  56  28 

//Reference=MNI 
//nullstudy_45
//Subjects=21
-22  -88  -20 
-16  -36  8 
-10  -48  -40 
-8  48  48 
-2  -36  -36 
-24  -30  -14 
-2  -58  26 
-10  -70  10 

//Reference=MNI 
//nullstudy_46
//Subjects=20
40  22  28 
-52  -26  -30 
-2  -54  -36 
0  52  -16 
-40  -4  -38 
-54  -10  -34 
-20  38  40 
4  4  -32 

//Reference=MNI 
//nullstudy_47
//Subjects=20
-58  -14  -14 
-22  -14  56 
-20  62  -10 
-34  -8  42 
-36  -6  -20 
-2  -38  60 
-36  50  -8 
-56  -38  48 

//Reference=MNI 
//nullstudy_48
//Subjects=20
-10  -44  -60 
10  36  20 
-4  -90  -4 
-46  -74  24 
-44  22  48 
-8  26  40 
42  14  44 
-40  -14  62 

//Reference=MNI 
//nullstudy_49
//Subjects=20
2  46  8 
8  4  22 
-38  -60  34 
-52  -18  -26 
-2  -44  -24 
-2  -52  44 
-26  16  -40 
36  52  20 

//Reference=MNI 
//nullstudy_50
//Subjects=20
-2  66  -10 
20  16  -32 
24  48  42 
-24  -76  14 
-50  -56  30 
4  52  48 
-16  -20  -6 
-4  50  12 

//Reference=MNI 
//nullstudy_51
//Subjects=21
-38  48  -2 
-22  50  20 
-30  32  4 
-32  0  -40 
-64  -34  0 
-24  -58  -58 
-6  10  -6 
-44  -60  56 

//Reference=MNI 
//nullstudy_52
//Subjects=20
-34  48  -14 
50  24  -14 
-16  -44  -18 
-2  -40  -48 
-18  -4  -6 
-26  -78  20 
30  8  0 
-38  -42  44 

//Reference=MNI 
//nullstudy_53
//Subjects=19
6  50  40 
2  36  -6 
-4  32  28 
-20  -38  -44 
-66  -50  -6 
-16  -78  -46 
-48  34  10 
-10  -52  34 

//Reference=MNI 
//nullstudy_54
//Subjects=19
-36  -70  -44 
-44  14  48 
-6  -58  22 
10  8  58 
18  12  70 
-24  -4  -32 
-10  -10  44 
-14  -38  -14 

//Reference=MNI 
//nullstudy_55
//Subjects=20
-58  -54  -28 
-44  -56  -10 
-54  -34  6 
12  34  -8 
-46  -2  -46 
-54  -26  12 
16  38  50 
36  18  32 

//Reference=MNI 
//nullstudy_56
//Subjects=20
-38  -74  -32 
-46  -6  -34 
-18  -70  -4 
48  30  6 
-46  -40  8 
-12  40  -4 
-52  -8  -26 
-4  14  -16 

//Reference=MNI 
//nullstudy_57
//Subjects=19
-66  -50  -16 
-48  -64  -26 
52  12  22 
-2  -88  26 
-40  -6  -40 
-14  30  -26 
58  10  22 
-38  52  24 

//Reference=MNI 
//nullstudy_58
//Subjects=20
22  12  0 
-54  38  2 
-54  -8  12 
-12  -70  -54 
-32  -80  2 
14  20  -26 
48  14  -40 
-44  -58  10 

//Reference=MNI 
//nullstudy_59
//Subjects=18
-64  -50  4 
6  42  46 
-24  6  -8 
-38  -68  -52 
-32  44  24 
22  68  -10 
-30  36  24 
-18  0  64 

//Reference=MNI 
//nullstudy_60
//Subjects=22
-46  -48  -18 
-10  -12  48 
-32  -48  54 
14  8  -32 
-30  52  -12 
28  44  10 
46  4  10 
-4  -84  8 

//Reference=MNI 
//nullstudy_61
//Subjects=19
-6  -44  -6 
12  44  14 
-66  -52  22 
-42  -42  44 
-2  2  66 
-18  -56  -4 
-46  42  14 
-44  -16  8 

//Reference=MNI 
//nullstudy_62
//Subjects=20
-52  -46  14 
-10  -56  -28 
10  4  -18 
-44  -80  8 
-48  28  2 
-30  42  -8 
-16  -78  36 
-12  -56  16 

//Reference=MNI 
//nullstudy_63
//Subjects=19
46  30  -4 
0  14  46 
14  24  60 
-26  -38  16 
-24  0  -50 
42  22  14 
10  26  6 
-6  -56  -18 

//Reference=MNI 
//nullstudy_64
//Subjects=19
-40  -60  24 
-48  6  -14 
12  54  8 
-52  14  34 
50  4  8 
-8  -92  8 
42  18  -28 
-6  -68  -50 

//Reference=MNI 
//nullstudy_65
//Subjects=20
-8  -86  -40 
-38  -28  22 
-12  -60  -28 
-36  22  -36 
20  60  14 
-26  -78  -20 
-52  -52  -28 
-30  -54  50 

//Reference=MNI 
//nullstudy_66
//Subjects=19
16  30  -6 
-40  60  2 
8  54  32 
36  24  44 
-38  -28  40 
-54  -48  -26 
-50  4  16 
-36  40  40 

//Reference=MNI 
//nullstudy_67
//Subjects=20
-30  -40  -48 
-12  -82  4 
-10  -34  -4 
-60  -44  16 
6  60  6 
-24  -44  -22 
-12  -24  -12 
-60  18  8 

//Reference=MNI 
//nullstudy_68
//Subjects=19
-44  2  -32 
-16  -56  -16 
-48  -26  -26 
6  22  26 
46  28  -16 
-30  34  -8 
62  4  28 
-24  -72  -4 

//Reference=MNI 
//nullstudy_69
//Subjects=21
-46  -24  22 
-22  56  30 
-16  -36  78 
-8  -24  16 
36  24  -38 
-26  -50  68 
-54  -10  -24 
8  12  2 

//Reference=MNI 
//nullstudy_70
//Subjects=20
46  46  10 
20  54  36 
-8  16  -30 
-10  -36  80 
4  8  70 
-32  40  18 
-38  12  -30 
-24  -12  -14 

//Reference=MNI 
//nullstudy_71
//Subjects=21
-56  10  36 
-18  -16  -22 
-52  -14  -10 
36  48  14 
40  42  20 
32  20  46 
34  14  12 
-16  -48  -22 

//Reference=MNI 
//nullstudy_72
//Subjects=19
22  52  8 
2  16  10 
-52  -58  -30 
-10  -54  -66 
30  14  40 
-46  0  56 
-16  -28  -40 
42  58  -10 

//Reference=MNI 
//nullstudy_73
//Subjects=22
-28  -66  -8 
-28  -70  38 
-24  2  -28 
18  68  18 
22  2  70 
22  18  42 
-56  4  40 
28  60  -8 

//Reference=MNI 
//nullstudy_74
//Subjects=20
-24  42  -20 
-48  -10  2 
-16  -88  2 
24  30  48 
-4  -86  28 
46  6  32 
-14  2  22 
-12  -40  40 

//Reference=MNI 
//nullstudy_75
//Subjects=20
-36  48  20 
0  44  50 
-20  62  -2 
-8  -34  -2 
-36  -52  36 
50  4  14 
-58  -28  46 
-22  64  2 

//Reference=MNI 
//nullstudy_76
//Subjects=18
4  46  0 
-40  -8  6 
-4  -32  -4 
18  14  10 
26  46  44 
-52  -64  20 
-54  14  18 
8  40  56 

//Reference=MNI 
//nullstudy_77
//Subjects=19
-44  4  -14 
18  12  -4 
-16  -50  -26 
-30  22  50 
-60  -4  4 
-34  6  56 
-10  -30  70 
-22  -52  46 

//Reference=MNI 
//nullstudy_78
//Subjects=21
-38  10  32 
-46  4  54 
50  10  -30 
-28  -54  -26 
-20  32  30 
-12  -50  70 
-12  -54  14 
12  50  0 

//Reference=MNI 
//nullstudy_79
//Subjects=22
8  40  -12 
-40  6  -38 
-46  30  20 
-4  6  44 
-16  -42  70 
-56  -32  4 
38  52  -16 
-42  -52  62 

//Reference=MNI 
//nullstudy_80
//Subjects=21
-24  12  -6 
-4  8  56 
-24  58  -14 
-40  -54  24 
-40  -52  -18 
-18  -76  0 
-46  36  12 
-56  -10  10 

//Reference=MNI 
//nullstudy_81
//Subjects=20
-44  -52  16 
-34  -28  6 
-24  36  26 
-44  -40  52 
-64  -2  -24 
-2  10  44 
-34  -66  -56 
-18  -34  16 

//Reference=MNI 
//nullstudy_82
//Subjects=20
-18  -88  -40 
-12  22  -18 
18  20  62 
-22  -44  68 
-50  -50  -18 
30  64  12 
-24  -40  8 
-16  -44  -12 

//Reference=MNI 
//nullstudy_83
//Subjects=21
-12  -10  68 
-48  22  6 
-8  -42  -2 
-28  -20  -28 
0  8  34 
-56  -22  -10 
-28  -86  16 
-8  -66  58 

//Reference=MNI 
//nullstudy_84
//Subjects=20
-42  10  -8 
-44  -18  18 
-40  -28  12 
-26  -40  12 
-8  -92  34 
-22  42  -12 
-4  16  -12 
-34  -52  62 

//Reference=MNI 
//nullstudy_85
//Subjects=19
36  40  -2 
-34  -8  -34 
-48  40  -14 
4  18  42 
-16  -58  -58 
0  12  60 
-48  -26  62 
-50  -64  -8 

//Reference=MNI 
//nullstudy_86
//Subjects=21
-38  -80  30 
-50  2  -28 
-28  -70  56 
-30  6  8 
-4  -52  -58 
-6  -60  34 
-18  -34  38 
-40  -52  28 

//Reference=MNI 
//nullstudy_87
//Subjects=20
-10  -102  4 
38  46  30 
-18  -64  50 
42  14  6 
-50  32  18 
0  48  32 
38  6  -30 
-26  -12  54 

//Reference=MNI 
//nullstudy_88
//Subjects=21
-42  34  36 
20  54  -2 
-26  -84  -4 
18  46  4 
-38  -42  68 
14  4  10 
-46  -32  52 
-32  -4  -12 

//Reference=MNI 
//nullstudy_89
//Subjects=21
-6  54  4 
-24  -96  -20 
-52  -20  -34 
-36  -2  -46 
-30  -8  -34 
-54  28  -6 
4  42  50 
6  34  40 

//Reference=MNI 
//nullstudy_90
//Subjects=19
-60  -36  32 
16  4  22 
-4  48  -16 
-14  -4  60 
-20  -66  64 
-36  20  -12 
-28  -50  -56 
-60  -34  -28 

//Reference=MNI 
//nullstudy_91
//Subjects=22
-28  46  36 
-62  -2  -20 
-46  -12  30 
-4  -8  68 
2  52  28 
-56  16  -16 
-44  -68  2 
14  64  10 

//Reference=MNI 
//nullstudy_92
//Subjects=21
-46  16  40 
-12  48  46 
-20  -58  -52 
-36  -94  -10 
-28  0  -50 
-8  10  60 
-54  -10  -2 
-26  14  52 

//Reference=MNI 
//nullstudy_93
//Subjects=20
-32  -68  -28 
-6  -34  -32 
-50  20  8 
-8  -66  -14 
-44  -2  -24 
-38  -72  -36 
-28  -36  8 
-42  -8  8 

//Reference=MNI 
//nullstudy_94
//Subjects=20
-44  -22  62 
-2  -78  -32 
6  58  20 
-62  -24  24 
-38  -64  18 
-30  -6  46 
-18  -100  -10 
-32  -56  54 

//Reference=MNI 
//nullstudy_95
//Subjects=20
-56  -26  44 
-2  -34  -38 
-8  -24  -8 
-10  -34  -48 
-32  -60  -50 
-4  -84  -32 
52  16  10 
12  38  42 

//Reference=MNI 
//nullstudy_96
//Subjects=21
-52  -30  8 
-44  -32  28 
-8  68  18 
52  14  14 
16  18  -28 
-30  6  -18 
36  26  12 
-28  -62  -58 

//Reference=MNI 
//nullstudy_97
//Subjects=22
-22  -82  -34 
30  50  -14 
-52  -52  20 
-16  -78  18 
-2  -70  6 
-10  -22  42 
14  14  10 
-16  -38  -6 

//Reference=MNI 
//nullstudy_98
//Subjects=20
-22  -44  -24 
-32  -64  60 
-22  -44  -50 
-66  -26  34 
-26  -36  54 
-56  2  46 
64  8  12 
38  42  34 

//Reference=MNI 
//nullstudy_99
//Subjects=20
-46  2  40 
-14  20  -16 
-4  -24  14 
-20  -84  -36 
-38  24  54 
-46  12  -26 
16  26  -28 
-6  -52  -44 

//Reference=MNI 
//nullstudy_100
//Subjects=21
-52  -40  46 
-20  -48  54 
-40  44  -20 
24  56  24 
14  50  14 
32  32  -8 
-62  -40  18 
-8  -92  -24 

