//Reference=MNI 
//truestudy_1
//Subjects=30
46  -66  -6 
47  -67  -6 
46  -66  -6 
47  -66  -5 
47  -66  -6 
46  -67  -7 
46  -64  -5 
46  -65  -5 

//Reference=MNI 
//truestudy_2
//Subjects=31
44  -65  -5 
45  -66  -8 
48  -66  -6 
47  -66  -6 
46  -67  -6 
44  -66  -5 
47  -66  -6 
46  -66  -6 

//Reference=MNI 
//truestudy_3
//Subjects=29
46  -66  -5 
46  -66  -6 
48  -66  -5 
47  -65  -6 
45  -66  -5 
44  -67  -6 
48  -68  -6 
46  -64  -7 

//Reference=MNI 
//nullstudy_1
//Subjects=30
-44  -82  -2 
0  16  66 
-24  14  -2 
36  24  54 
-28  -14  70 
-6  -54  -66 
-38  -2  56 
38  26  2 

//Reference=MNI 
//nullstudy_2
//Subjects=31
-20  -10  -42 
-20  -30  -16 
-32  -22  62 
30  32  30 
12  6  -8 
-26  -16  -30 
-52  -48  20 
2  46  32 

//Reference=MNI 
//nullstudy_3
//Subjects=29
-14  16  4 
-8  -12  10 
-8  34  62 
-16  -62  50 
-4  52  -14 
-4  16  -26 
22  42  46 
14  16  12 

//Reference=MNI 
//nullstudy_4
//Subjects=31
-38  -44  40 
54  16  12 
-34  -64  -54 
-26  -52  16 
-18  16  64 
34  40  -18 
-46  18  -6 
-26  -52  -62 

//Reference=MNI 
//nullstudy_5
//Subjects=31
-26  -60  6 
54  20  10 
-8  -40  46 
34  20  26 
-28  -34  -22 
-14  -58  -10 
-26  -58  -56 
-46  28  40 

//Reference=MNI 
//nullstudy_6
//Subjects=29
-46  -40  32 
-22  60  6 
4  10  54 
-44  42  -18 
46  20  40 
50  8  4 
22  52  -2 
-4  8  -10 

//Reference=MNI 
//nullstudy_7
//Subjects=30
34  10  -46 
-4  -42  38 
-14  -78  14 
42  28  -18 
46  6  20 
-40  -68  -16 
56  18  16 
-66  -26  4 

//Reference=MNI 
//nullstudy_8
//Subjects=30
-12  -44  8 
50  16  6 
-4  -102  12 
40  40  28 
-20  -32  70 
22  46  -12 
-30  -60  58 
38  46  0 

//Reference=MNI 
//nullstudy_9
//Subjects=30
-38  18  28 
-20  10  -38 
32  42  22 
-20  -12  -28 
-54  -64  6 
-26  -28  -16 
-20  -24  24 
-6  52  -28 

//Reference=MNI 
//nullstudy_10
//Subjects=31
34  56  16 
-4  -94  -20 
-22  -30  -10 
24  28  40 
30  34  50 
-62  -38  -6 
-62  -14  38 
0  14  -10 

//Reference=MNI 
//nullstudy_11
//Subjects=31
-42  20  20 
-28  -34  -10 
-20  -96  12 
-26  58  16 
32  52  34 
14  2  20 
-22  -92  32 
-18  -42  -20 

//Reference=MNI 
//nullstudy_12
//Subjects=30
-26  32  -12 
-40  4  -38 
-46  -80  -8 
-48  6  -44 
-32  -74  -14 
-6  -46  -18 
-42  4  4 
-2  58  38 

//Reference=MNI 
//nullstudy_13
//Subjects=31
-20  -104  -10 
14  40  42 
-56  -32  -22 
-36  -44  42 
-30  24  50 
-36  -58  -8 
-8  50  22 
-40  48  2 

//Reference=MNI 
//nullstudy_14
//Subjects=29
-48  6  28 
-48  -62  -20 
40  42  10 
-6  -20  -16 
-24  -60  56 
-38  -86  -10 
-4  24  -8 
4  8  74 

//Reference=MNI 
//nullstudy_15
//Subjects=31
-62  -42  20 
-8  -90  -6 
0  52  -28 
-18  24  -22 
14  14  -18 
-28  -78  -30 
-64  -20  -16 
0  50  24 

//Reference=MNI 
//nullstudy_16
//Subjects=31
-60  6  26 
-44  -12  -38 
-8  -66  12 
-56  -6  -32 
-20  -18  72 
-4  14  52 
-16  -34  78 
-12  -58  -34 

//Reference=MNI 
//nullstudy_17
//Subjects=29
36  22  -30 
18  38  46 
26  4  -20 
-42  36  28 
-64  -16  -18 
-68  -22  2 
20  4  2 
-46  4  -28 

//Reference=MNI 
//nullstudy_18
//Subjects=31
4  32  52 
-48  -46  -42 
-10  -52  26 
-48  -72  16 
-30  10  -14 
-4  -52  -18 
-24  -72  42 
-34  -78  -38 

//Reference=MNI 
//nullstudy_19
//Subjects=32
-10  8  48 
-28  18  -14 
20  50  14 
-16  -70  28 
10  44  34 
-50  24  18 
-26  -96  -22 
-12  -56  -18 

//Reference=MNI 
//nullstudy_20
//Subjects=29
-12  -36  -20 
10  64  8 
-48  46  -10 
-22  -44  18 
-38  -82  -6 
-40  -56  -24 
-14  40  22 
-26  60  -2 

//Reference=MNI 
//nullstudy_21
//Subjects=29
-24  -74  -36 
-22  -96  22 
-40  16  -22 
-36  6  4 
36  42  2 
-20  -44  -18 
-12  -78  -48 
-18  46  -16 

//Reference=MNI 
//nullstudy_22
//Subjects=30
-6  -24  6 
-52  4  38 
-8  16  8 
32  30  0 
-54  6  -8 
-24  -74  -26 
-64  -14  -30 
-8  -58  -30 

//Reference=MNI 
//nullstudy_23
//Subjects=32
-12  14  18 
46  18  -16 
32  26  -16 
-28  -50  -36 
62  12  -2 
-32  -96  2 
34  20  38 
-24  38  48 

//Reference=MNI 
//nullstudy_24
//Subjects=29
42  6  20 
8  36  28 
-46  46  6 
-36  -54  -38 
-26  10  -12 
-58  -46  -16 
-68  -16  6 
-2  -2  -6 

//Reference=MNI 
//nullstudy_25
//Subjects=29
54  18  16 
-44  -46  8 
-8  -98  -16 
8  54  32 
-30  -88  -22 
-46  22  -24 
-16  10  56 
-54  26  0 

//Reference=MNI 
//nullstudy_26
//Subjects=30
-20  -60  -60 
-42  -80  4 
-10  36  -28 
-34  -36  64 
-2  -30  30 
-34  -54  -40 
-56  -20  12 
58  2  -2 

//Reference=MNI 
//nullstudy_27
//Subjects=29
-10  -6  76 
58  6  16 
-42  -2  32 
38  44  2 
48  42  -16 
-4  -78  -34 
-2  26  -10 
0  12  32 

//Reference=MNI 
//nullstudy_28
//Subjects=31
-8  -80  50 
-48  -26  -6 
-44  -56  -42 
-32  46  -16 
44  2  -26 
-34  46  -6 
-14  -42  74 
-20  -98  -12 

//Reference=MNI 
//nullstudy_29
//Subjects=29
12  26  4 
30  44  38 
20  26  -16 
-26  14  0 
18  66  -8 
-20  6  0 
16  44  -14 
-42  -64  -12 

//Reference=MNI 
//nullstudy_30
//Subjects=31
-44  20  -18 
-6  -80  -18 
10  48  36 
-6  14  28 
-18  -30  -30 
44  38  12 
-40  60  -4 
34  16  4 

//Reference=MNI 
//nullstudy_31
//Subjects=30
-10  30  36 
-30  10  -28 
-2  40  -32 
-38  -74  -12 
46  22  14 
42  22  -18 
-2  -52  -2 
-14  -50  -52 

//Reference=MNI 
//nullstudy_32
//Subjects=31
62  10  8 
-62  -10  10 
-28  -96  6 
6  66  0 
6  24  56 
2  58  -6 
-2  -24  62 
-36  -42  -38 

//Reference=MNI 
//nullstudy_33
//Subjects=30
-26  -74  -42 
-12  -20  -30 
-48  -42  6 
-54  -10  -30 
-30  4  -44 
-22  6  -48 
-18  -40  54 
-30  30  -22 

//Reference=MNI 
//nullstudy_34
//Subjects=30
-30  42  32 
-2  -84  -24 
-18  -22  70 
-26  -90  0 
-30  -54  -10 
56  6  32 
-28  -84  -36 
-16  52  28 

//Reference=MNI 
//nullstudy_35
//Subjects=29
-16  -90  26 
-4  -70  -28 
-52  12  10 
-38  44  10 
10  40  48 
-14  -42  -2 
4  12  44 
16  6  -20 

//Reference=MNI 
//nullstudy_36
//Subjects=29
-8  44  20 
34  22  48 
32  20  46 
-6  10  -18 
-26  16  10 
-16  28  56 
22  50  40 
16  10  -10 

//Reference=MNI 
//nullstudy_37
//Subjects=29
-40  -20  -28 
-56  -10  42 
-42  -6  -32 
-30  -44  -24 
-30  50  -2 
30  38  30 
-40  -52  22 
-10  22  8 

//Reference=MNI 
//nullstudy_38
//Subjects=29
-6  16  -14 
24  28  -12 
-32  28  -4 
-18  34  -12 
-8  -20  58 
-2  -10  64 
-28  34  -20 
-34  -70  -44 

//Reference=MNI 
//nullstudy_39
//Subjects=31
-16  -84  42 
16  40  10 
64  14  18 
-14  -86  -34 
-52  -64  -28 
-16  -82  -42 
-36  -78  20 
-28  -34  70 

//Reference=MNI 
//nullstudy_40
//Subjects=28
-8  -90  10 
50  4  -40 
-18  -96  20 
-62  -20  -34 
-36  28  -6 
-4  -2  -2 
-36  32  10 
-20  -84  22 

//Reference=MNI 
//nullstudy_41
//Subjects=30
-2  -58  -2 
30  4  -4 
-34  26  50 
-22  -86  40 
-42  38  4 
52  10  16 
-56  -20  -22 
-26  34  52 

//Reference=MNI 
//nullstudy_42
//Subjects=29
38  30  -24 
-10  48  50 
-32  -10  -50 
-24  4  -18 
4  10  -16 
-18  20  0 
-42  26  -12 
-56  0  24 

//Reference=MNI 
//nullstudy_43
//Subjects=30
8  40  58 
-66  -12  -16 
6  50  26 
40  50  -18 
-50  -8  42 
-20  -84  28 
-64  -10  -22 
-32  -24  -26 

//Reference=MNI 
//nullstudy_44
//Subjects=28
0  32  -22 
16  62  22 
-56  -8  22 
-26  -44  -8 
-50  -26  -22 
-48  -68  -48 
-8  -78  -14 
-2  -34  -22 

//Reference=MNI 
//nullstudy_45
//Subjects=29
-34  46  26 
-26  32  -22 
-30  4  -6 
28  12  -16 
-46  28  42 
-64  -38  -14 
-8  -26  72 
34  56  20 

//Reference=MNI 
//nullstudy_46
//Subjects=30
-36  24  -22 
4  6  -30 
-46  26  -2 
-48  -48  20 
-26  56  -4 
0  54  2 
-12  -2  -6 
-60  -22  44 

//Reference=MNI 
//nullstudy_47
//Subjects=30
-30  -56  32 
-58  20  14 
-28  48  0 
4  12  66 
-24  -66  34 
42  8  -46 
14  14  40 
-60  -42  -22 

//Reference=MNI 
//nullstudy_48
//Subjects=29
-20  14  -14 
-10  -58  34 
54  6  20 
-8  -54  -48 
-18  -76  42 
14  8  8 
-52  -72  -14 
-22  -72  -14 

//Reference=MNI 
//nullstudy_49
//Subjects=29
38  14  -22 
-38  -36  -22 
0  10  66 
-6  -14  80 
-30  -44  56 
-38  18  -10 
4  22  60 
-26  4  -20 

//Reference=MNI 
//nullstudy_50
//Subjects=29
-12  -50  -56 
-42  10  -8 
28  2  -32 
-18  16  12 
-36  16  -28 
12  48  24 
-18  -74  54 
4  2  -18 

//Reference=MNI 
//nullstudy_51
//Subjects=30
-20  -80  38 
34  10  -44 
46  18  40 
18  2  -8 
-62  -58  18 
-10  -62  -32 
14  58  36 
-46  0  56 

//Reference=MNI 
//nullstudy_52
//Subjects=27
-26  -74  0 
-52  -60  34 
-42  10  20 
-56  -34  46 
8  10  -28 
-10  34  54 
-42  -58  -14 
-52  -50  2 

//Reference=MNI 
//nullstudy_53
//Subjects=31
-8  42  14 
10  10  50 
-44  -4  42 
-30  -82  -24 
34  28  -24 
60  10  -4 
-20  -56  -30 
-32  -34  66 

//Reference=MNI 
//nullstudy_54
//Subjects=29
-50  6  44 
-14  -24  -20 
-46  -62  50 
-52  -60  -14 
32  46  -20 
-2  -98  -16 
-50  -20  0 
-24  -102  8 

//Reference=MNI 
//nullstudy_55
//Subjects=31
-44  4  36 
-42  -44  -22 
-20  12  44 
-48  -52  -32 
-2  -40  -18 
-56  -32  28 
-44  -66  -22 
-14  -86  -14 

//Reference=MNI 
//nullstudy_56
//Subjects=32
32  4  -20 
-16  -62  30 
22  46  16 
-28  44  -20 
-2  -82  -46 
46  50  -14 
60  10  16 
2  10  34 

//Reference=MNI 
//nullstudy_57
//Subjects=29
-40  -24  54 
-6  -16  -2 
-10  -20  -16 
-16  -34  16 
-48  -12  -6 
-30  -84  -34 
-48  24  14 
34  6  6 

//Reference=MNI 
//nullstudy_58
//Subjects=31
-62  -6  8 
-36  -74  -48 
-62  -38  18 
34  10  10 
-8  -12  18 
16  40  36 
-52  -58  46 
-52  -44  -36 

//Reference=MNI 
//nullstudy_59
//Subjects=29
-30  -68  -34 
0  56  38 
-40  -78  26 
-50  -54  22 
-14  -88  -20 
-14  -68  -16 
-26  -8  -24 
-26  -12  -22 

//Reference=MNI 
//nullstudy_60
//Subjects=30
-48  -48  46 
-56  -50  -28 
-62  8  10 
26  16  44 
-32  -62  60 
-18  -88  34 
-44  22  -24 
-18  -74  6 

//Reference=MNI 
//nullstudy_61
//Subjects=30
-38  -72  -44 
-6  -52  36 
-16  -102  14 
-2  -104  6 
-38  16  -32 
30  34  -22 
-4  10  4 
10  36  -12 

//Reference=MNI 
//nullstudy_62
//Subjects=32
-34  28  -2 
-54  -4  -8 
26  42  34 
-4  64  18 
-10  -68  -2 
-26  -38  -50 
-40  -22  66 
26  24  50 

//Reference=MNI 
//nullstudy_63
//Subjects=30
-54  10  44 
-42  -10  50 
48  10  -38 
2  42  50 
28  24  -18 
-54  0  -28 
4  62  10 
28  46  -12 

//Reference=MNI 
//nullstudy_64
//Subjects=31
-60  -44  22 
44  22  30 
28  12  56 
8  18  12 
18  10  -16 
0  30  28 
-2  -46  -6 
-28  -32  -22 

//Reference=MNI 
//nullstudy_65
//Subjects=31
-26  -38  70 
-50  -80  10 
-22  -62  -26 
-66  -50  18 
-20  -86  12 
-56  -24  -26 
40  14  -36 
8  4  -26 

//Reference=MNI 
//nullstudy_66
//Subjects=29
-16  -80  -16 
-14  40  8 
-44  18  4 
-58  12  6 
-40  40  -14 
-4  6  38 
-56  34  8 
-24  20  64 

//Reference=MNI 
//nullstudy_67
//Subjects=30
-30  -42  -22 
-36  -58  42 
28  34  26 
44  52  2 
-36  -70  40 
34  8  46 
-38  -22  44 
-50  22  14 

//Reference=MNI 
//nullstudy_68
//Subjects=31
-4  -30  -14 
52  16  -30 
6  42  4 
26  60  6 
6  50  34 
-40  -52  58 
-28  32  -8 
-36  58  8 

//Reference=MNI 
//nullstudy_69
//Subjects=31
32  34  46 
-24  -8  60 
24  16  40 
36  58  20 
20  28  -20 
-70  -40  -2 
-40  40  28 
-6  -62  -58 

//Reference=MNI 
//nullstudy_70
//Subjects=29
-22  32  54 
-40  6  -48 
-4  64  -10 
8  54  12 
28  6  -4 
12  20  -18 
-34  -16  -32 
-52  -50  8 

//Reference=MNI 
//nullstudy_71
//Subjects=30
-12  -92  0 
54  12  26 
-44  -50  52 
56  6  -2 
-4  12  30 
34  30  26 
-20  -64  -36 
-42  -48  -48 

//Reference=MNI 
//nullstudy_72
//Subjects=29
-30  8  -46 
26  64  20 
6  18  64 
-4  -52  -20 
-32  -16  -24 
-50  -66  -42 
64  2  -18 
32  50  6 

//Reference=MNI 
//nullstudy_73
//Subjects=31
10  2  50 
4  44  0 
34  14  -8 
-56  32  -2 
20  54  26 
-4  40  40 
-48  -58  -8 
28  26  -24 

//Reference=MNI 
//nullstudy_74
//Subjects=29
-48  -6  -32 
-26  -54  64 
-8  -90  0 
-56  -30  40 
-8  -42  72 
12  52  -14 
38  24  -14 
44  8  -10 

//Reference=MNI 
//nullstudy_75
//Subjects=29
-12  14  12 
-42  -78  -16 
-28  -70  40 
-24  32  38 
-22  -50  -18 
-16  20  -28 
-44  -72  -20 
-4  -6  14 

//Reference=MNI 
//nullstudy_76
//Subjects=30
-48  -62  10 
-18  28  62 
-48  34  6 
10  18  62 
-6  56  -2 
-22  -30  -4 
-8  -66  30 
-28  -60  48 

//Reference=MNI 
//nullstudy_77
//Subjects=29
32  24  12 
-10  46  -8 
-66  -34  -4 
-4  -64  58 
-48  -72  4 
-8  -44  4 
6  22  24 
26  28  -20 

//Reference=MNI 
//nullstudy_78
//Subjects=30
28  32  30 
-22  -4  -20 
-10  50  0 
-32  52  -10 
-10  6  54 
34  6  42 
-14  -22  74 
-6  4  28 

//Reference=MNI 
//nullstudy_79
//Subjects=31
-32  -32  42 
-18  -98  22 
10  8  70 
10  54  28 
22  52  42 
42  16  -32 
-38  -54  26 
-36  -42  -18 

//Reference=MNI 
//nullstudy_80
//Subjects=29
20  60  30 
-16  -98  26 
-22  -60  12 
52  12  -24 
-48  -50  -34 
-2  -34  -38 
-26  14  -10 
0  10  58 

//Reference=MNI 
//nullstudy_81
//Subjects=31
-24  -74  -52 
-42  -66  -18 
-44  50  2 
-28  -46  70 
-42  -22  0 
12  40  -10 
-30  -68  -24 
-8  16  48 

//Reference=MNI 
//nullstudy_82
//Subjects=31
-48  -2  -2 
-62  -52  28 
56  32  6 
-30  -6  66 
-26  6  -4 
36  10  -42 
-36  42  30 
52  34  26 

//Reference=MNI 
//nullstudy_83
//Subjects=30
-6  44  -26 
-38  -44  60 
-32  -60  46 
36  8  58 
-30  2  10 
-46  36  -4 
-2  44  -14 
48  2  -42 

//Reference=MNI 
//nullstudy_84
//Subjects=31
-60  -14  44 
-38  18  -32 
-32  -82  26 
-46  -60  44 
30  26  -6 
18  50  -12 
-42  -72  -46 
-56  -32  46 

//Reference=MNI 
//nullstudy_85
//Subjects=31
-56  18  -8 
-42  -8  -6 
-22  -62  0 
-2  16  50 
42  20  -36 
38  10  -6 
-6  22  54 
10  4  16 

//Reference=MNI 
//nullstudy_86
//Subjects=30
4  34  16 
-12  50  38 
-18  -18  60 
-54  6  20 
-44  -50  32 
-42  -42  52 
-12  -38  40 
-36  -50  46 

//Reference=MNI 
//nullstudy_87
//Subjects=29
-6  -28  28 
58  6  34 
-28  -34  -8 
-8  -50  66 
-12  -24  0 
-34  64  2 
-54  2  -2 
-28  -96  -14 

//Reference=MNI 
//nullstudy_88
//Subjects=31
-8  -48  -50 
58  4  4 
-32  -38  0 
-46  -38  -2 
-18  -44  58 
-12  -16  44 
-26  -62  -48 
-46  8  -18 

//Reference=MNI 
//nullstudy_89
//Subjects=30
-24  -14  76 
-18  -60  0 
52  42  6 
-14  42  -8 
-12  -58  8 
-48  -66  -2 
8  14  40 
-38  30  30 

//Reference=MNI 
//nullstudy_90
//Subjects=29
-8  70  8 
-30  16  46 
-14  4  -18 
-34  18  40 
-34  44  34 
-44  -18  46 
-36  -52  -10 
20  28  48 

//Reference=MNI 
//nullstudy_91
//Subjects=30
4  42  26 
-52  -8  38 
-18  -94  16 
46  28  32 
-4  -10  64 
-52  -66  6 
-2  6  54 
10  62  30 

//Reference=MNI 
//nullstudy_92
//Subjects=28
-20  -32  -28 
-44  34  0 
-56  -46  -14 
-6  32  28 
-2  60  -18 
-6  20  -8 
-12  32  46 
-50  -26  14 

//Reference=MNI 
//nullstudy_93
//Subjects=29
-46  20  46 
-4  -34  2 
-32  -32  66 
-10  -70  -38 
-34  50  34 
-2  40  -16 
46  6  56 
10  50  0 

//Reference=MNI 
//nullstudy_94
//Subjects=27
-54  -18  52 
-36  4  16 
-16  -28  -12 
-6  -68  -48 
-30  -26  64 
-42  10  40 
40  54  2 
-34  -38  -12 

//Reference=MNI 
//nullstudy_95
//Subjects=32
4  26  -6 
-8  -46  34 
-34  -80  2 
-32  6  6 
18  14  -36 
-50  10  -6 
34  62  2 
-32  -58  46 

//Reference=MNI 
//nullstudy_96
//Subjects=30
-4  -36  -18 
-40  40  30 
8  26  56 
-14  -4  18 
-4  46  50 
6  42  8 
-12  62  -12 
30  6  -4 

//Reference=MNI 
//nullstudy_97
//Subjects=29
24  46  22 
-60  -16  14 
-38  12  14 
44  38  -4 
-24  -36  -48 
-50  -54  -40 
32  12  -4 
-4  -22  48 

//Reference=MNI 
//nullstudy_98
//Subjects=30
-28  38  -10 
-46  -44  38 
-46  -52  56 
10  4  -14 
50  46  8 
-42  -62  -2 
-48  -74  16 
-16  -18  62 

//Reference=MNI 
//nullstudy_99
//Subjects=29
-4  -62  54 
-50  -12  36 
-30  -2  -16 
-50  -8  52 
-6  -8  62 
-32  -58  -20 
-4  -30  -28 
-36  -82  -6 

//Reference=MNI 
//nullstudy_100
//Subjects=30
-34  -22  60 
-8  26  28 
-50  32  -4 
-18  22  -14 
-36  -66  16 
-4  -84  2 
-50  -32  42 
-6  -24  -36 

