//Reference=MNI 
//truestudy_1
//Subjects=29
46  -66  -6 
47  -66  -6 
43  -66  -5 
47  -66  -6 
46  -66  -6 
47  -65  -5 
45  -67  -6 
45  -65  -7 

//Reference=MNI 
//truestudy_2
//Subjects=30
47  -65  -5 
46  -66  -7 
48  -65  -6 
45  -67  -5 
46  -64  -4 
47  -67  -6 
47  -67  -7 
46  -66  -5 

//Reference=MNI 
//truestudy_3
//Subjects=32
46  -66  -6 
43  -67  -5 
48  -66  -7 
48  -64  -5 
45  -65  -5 
47  -67  -7 
44  -68  -8 
46  -66  -6 

//Reference=MNI 
//nullstudy_1
//Subjects=29
6  58  -4 
-14  -16  64 
-12  -32  -40 
-14  42  34 
-14  36  50 
16  42  50 
-38  -84  -18 
-36  -50  -8 

//Reference=MNI 
//nullstudy_2
//Subjects=30
-64  -26  30 
-18  -76  8 
-64  -24  44 
-14  -62  -12 
-4  -86  4 
-4  0  66 
38  16  32 
-4  26  14 

//Reference=MNI 
//nullstudy_3
//Subjects=32
-4  -102  8 
-42  -44  -50 
44  20  54 
-30  2  68 
-44  -82  -12 
34  6  64 
-44  12  -30 
-52  -76  16 

//Reference=MNI 
//nullstudy_4
//Subjects=31
-6  -2  6 
-40  42  6 
-38  -82  26 
42  44  30 
-54  -44  -4 
-8  -64  44 
14  6  72 
-42  -36  2 

//Reference=MNI 
//nullstudy_5
//Subjects=30
-32  -40  46 
-8  28  48 
-16  12  68 
-62  -60  -2 
2  24  -30 
-40  -10  32 
-14  20  -28 
2  22  40 

//Reference=MNI 
//nullstudy_6
//Subjects=30
-26  -10  54 
0  10  46 
-42  -88  -14 
-20  -42  -56 
-8  60  26 
-14  -58  54 
-16  68  -6 
-16  -42  36 

//Reference=MNI 
//nullstudy_7
//Subjects=29
-34  -16  46 
30  40  16 
-34  -72  42 
-12  -78  2 
-2  8  42 
-68  -32  -8 
-30  -22  -14 
-24  -46  42 

//Reference=MNI 
//nullstudy_8
//Subjects=30
-8  -56  18 
32  44  -8 
24  28  36 
-22  -30  -18 
-54  -46  -16 
-12  -58  -36 
-44  48  -18 
-42  -22  18 

//Reference=MNI 
//nullstudy_9
//Subjects=29
-8  38  6 
-10  40  -2 
-20  -84  36 
-28  -70  -58 
-12  -62  16 
-22  48  10 
-30  58  2 
-18  22  58 

//Reference=MNI 
//nullstudy_10
//Subjects=31
-26  -42  -46 
-12  64  -6 
26  4  70 
4  42  4 
-10  -74  -56 
-26  -78  44 
-50  -32  26 
48  16  -28 

//Reference=MNI 
//nullstudy_11
//Subjects=29
-16  -40  16 
-42  -72  -50 
-42  14  8 
6  12  62 
-18  -44  14 
-6  -48  50 
-4  -46  -48 
18  64  6 

//Reference=MNI 
//nullstudy_12
//Subjects=30
-2  4  -20 
24  30  46 
-44  18  32 
-36  10  -46 
-34  28  10 
-20  -84  -40 
-18  -66  54 
-36  20  -34 

//Reference=MNI 
//nullstudy_13
//Subjects=31
-24  -16  56 
-26  22  44 
56  16  -10 
10  24  46 
28  18  -32 
-40  -38  16 
-54  30  2 
-20  -62  -18 

//Reference=MNI 
//nullstudy_14
//Subjects=31
-50  28  -16 
38  48  2 
-44  6  -30 
-18  -60  -32 
-40  -48  -36 
-58  0  -6 
-12  -32  66 
-18  -22  -12 

//Reference=MNI 
//nullstudy_15
//Subjects=31
-36  -4  -12 
-14  22  -24 
-56  -60  -34 
-24  -62  -20 
-26  12  -16 
-42  -12  -2 
-10  -18  64 
-4  -34  -52 

//Reference=MNI 
//nullstudy_16
//Subjects=30
-54  -20  -12 
-68  -30  -2 
-10  16  10 
-10  -72  -20 
-10  -20  38 
-48  0  10 
-18  38  -28 
-2  36  -26 

//Reference=MNI 
//nullstudy_17
//Subjects=29
-2  40  56 
-14  -14  40 
-34  34  22 
-2  -64  -30 
38  26  -2 
60  10  10 
-30  36  18 
-28  -50  6 

//Reference=MNI 
//nullstudy_18
//Subjects=30
-26  16  -38 
-38  34  0 
48  6  20 
-50  16  2 
-38  12  -10 
-48  -68  -8 
-42  -50  50 
-30  -36  38 

//Reference=MNI 
//nullstudy_19
//Subjects=29
22  50  34 
-32  -26  44 
-54  -20  -2 
-50  -12  -40 
44  56  8 
34  4  -22 
56  22  2 
-24  -10  -34 

//Reference=MNI 
//nullstudy_20
//Subjects=28
-12  -96  6 
-6  40  14 
-20  -30  -22 
-52  -26  -26 
-20  -40  -34 
52  34  8 
-32  -50  34 
-34  24  -10 

//Reference=MNI 
//nullstudy_21
//Subjects=31
-26  8  -34 
-10  -40  -6 
-6  -82  24 
-18  -66  50 
-54  -68  -2 
-8  -4  -28 
-28  10  -16 
-2  -20  -24 

//Reference=MNI 
//nullstudy_22
//Subjects=30
-34  10  54 
-24  -86  -18 
-52  -14  44 
-8  -14  -2 
6  36  26 
-4  -10  64 
-26  38  50 
-26  40  26 

//Reference=MNI 
//nullstudy_23
//Subjects=28
26  6  6 
-8  6  -12 
-58  -54  -32 
-32  -60  -42 
-2  -82  -28 
4  40  54 
-24  -82  -44 
-14  -106  -6 

//Reference=MNI 
//nullstudy_24
//Subjects=30
-56  -8  24 
-48  -40  -6 
-30  -38  54 
-42  12  22 
28  18  36 
-18  52  -12 
-44  -36  20 
34  12  44 

//Reference=MNI 
//nullstudy_25
//Subjects=31
-46  18  24 
-32  -62  32 
-48  14  -26 
-46  -44  14 
46  6  6 
-10  -70  18 
-24  6  -14 
-6  -40  -38 

//Reference=MNI 
//nullstudy_26
//Subjects=29
14  36  44 
-6  -42  20 
-2  56  40 
-38  32  14 
10  42  12 
-38  -66  50 
-12  66  -6 
14  2  24 

//Reference=MNI 
//nullstudy_27
//Subjects=29
-42  44  26 
-2  -30  -22 
50  36  12 
-46  -60  -50 
-34  -16  70 
-50  -48  20 
-42  2  -12 
4  66  16 

//Reference=MNI 
//nullstudy_28
//Subjects=31
26  64  -6 
-36  12  30 
-36  2  58 
-22  36  -8 
16  14  10 
-38  4  10 
-2  -46  -54 
-12  -44  -52 

//Reference=MNI 
//nullstudy_29
//Subjects=30
-28  18  2 
-16  -68  22 
16  38  42 
-56  -40  42 
6  22  -10 
-28  32  24 
40  58  -10 
-14  -66  -4 

//Reference=MNI 
//nullstudy_30
//Subjects=32
-16  -54  -58 
-28  -68  -2 
-70  -34  -2 
-26  14  -34 
-6  28  32 
-18  18  -10 
-12  4  -10 
-24  -10  -18 

//Reference=MNI 
//nullstudy_31
//Subjects=29
-52  0  -8 
-6  34  10 
-38  -62  -58 
-16  -26  76 
-58  -48  -16 
-48  -18  2 
-34  2  -8 
-14  -54  56 

//Reference=MNI 
//nullstudy_32
//Subjects=30
-50  -60  -8 
-4  -62  56 
-16  -44  38 
-52  -24  50 
-52  -28  38 
-62  -32  42 
-46  -62  44 
-20  60  -10 

//Reference=MNI 
//nullstudy_33
//Subjects=30
42  22  -4 
-38  48  -10 
-18  18  66 
-38  -44  -20 
-38  -16  -32 
-38  14  -10 
-54  -40  -28 
54  36  16 

//Reference=MNI 
//nullstudy_34
//Subjects=29
-22  18  -24 
-34  -50  2 
-48  -74  -30 
-24  -90  0 
24  12  -20 
-26  -4  -48 
-54  12  4 
-4  -54  -8 

//Reference=MNI 
//nullstudy_35
//Subjects=29
-14  -74  -58 
-10  6  -18 
-12  -48  64 
-12  26  52 
14  58  -6 
-20  -38  6 
6  12  48 
-32  -50  -54 

//Reference=MNI 
//nullstudy_36
//Subjects=30
-6  10  72 
-18  4  66 
-38  -76  -42 
-28  -82  42 
-68  -28  -6 
-42  -72  -26 
-30  -88  -2 
8  62  -20 

//Reference=MNI 
//nullstudy_37
//Subjects=30
-2  60  -18 
-10  -26  -2 
-30  -38  58 
-50  -26  22 
-30  -70  54 
-6  -26  66 
-14  -32  22 
30  14  62 

//Reference=MNI 
//nullstudy_38
//Subjects=30
8  4  62 
34  18  14 
2  32  30 
8  6  -18 
-36  -34  24 
-22  -104  -6 
36  18  -42 
-2  -64  60 

//Reference=MNI 
//nullstudy_39
//Subjects=31
-2  -44  -58 
-6  2  38 
-24  -60  30 
-34  -60  30 
48  18  -32 
-24  -52  48 
-2  58  -20 
-12  -12  -34 

//Reference=MNI 
//nullstudy_40
//Subjects=31
-34  10  60 
-66  -10  4 
-44  -40  46 
-20  -14  64 
2  48  20 
-48  -82  14 
-16  -40  38 
20  18  2 

//Reference=MNI 
//nullstudy_41
//Subjects=29
-18  60  0 
36  4  26 
0  34  6 
-28  -12  -8 
-46  -2  -12 
-52  10  30 
-26  -12  -10 
-6  4  50 

//Reference=MNI 
//nullstudy_42
//Subjects=29
-32  -52  -20 
-48  36  -4 
-24  -50  -26 
-12  30  48 
34  22  32 
-26  -38  -40 
-42  -78  -12 
-28  16  10 

//Reference=MNI 
//nullstudy_43
//Subjects=30
0  6  52 
-40  56  8 
-14  64  -8 
-34  -16  64 
-16  -66  28 
-54  -12  26 
32  18  48 
-30  -92  28 

//Reference=MNI 
//nullstudy_44
//Subjects=29
14  68  16 
-38  -20  54 
10  26  -28 
-8  6  -10 
-38  -4  4 
38  40  38 
16  14  -30 
-4  -28  -36 

//Reference=MNI 
//nullstudy_45
//Subjects=30
12  4  64 
-32  34  -18 
14  20  34 
-52  -18  56 
-8  -78  36 
-2  -36  -30 
-32  -12  -34 
32  20  -28 

//Reference=MNI 
//nullstudy_46
//Subjects=30
-34  -68  28 
-54  4  24 
-16  -48  -48 
-2  -50  -62 
-8  28  -18 
-8  -82  -28 
38  34  36 
-46  36  18 

//Reference=MNI 
//nullstudy_47
//Subjects=29
-54  -36  -6 
-36  32  48 
38  48  -8 
-4  -90  -12 
-4  -4  -2 
-28  -70  8 
-16  8  -38 
-2  -86  6 

//Reference=MNI 
//nullstudy_48
//Subjects=31
-60  -46  30 
-16  -4  56 
-20  -44  0 
22  46  46 
-10  10  -4 
42  48  4 
-58  -38  2 
-22  -80  4 

//Reference=MNI 
//nullstudy_49
//Subjects=30
-12  -2  -24 
-10  -90  -16 
-26  -14  48 
56  4  -8 
-52  -52  48 
-12  42  42 
-42  -18  54 
-4  -38  -44 

//Reference=MNI 
//nullstudy_50
//Subjects=30
-42  -14  46 
-24  -2  0 
-34  58  12 
-18  -72  -48 
6  68  4 
-46  -20  24 
-20  -92  16 
-60  -52  4 

//Reference=MNI 
//nullstudy_51
//Subjects=30
-10  56  12 
-20  -70  -8 
-40  -50  -24 
-48  20  36 
8  56  -4 
-20  -56  4 
-34  40  30 
58  28  12 

//Reference=MNI 
//nullstudy_52
//Subjects=30
-48  -72  -36 
-54  22  2 
-44  -24  10 
-46  -80  8 
-46  20  28 
-20  28  -16 
-16  -64  -30 
-10  58  0 

//Reference=MNI 
//nullstudy_53
//Subjects=31
-26  -12  70 
4  12  34 
-42  -82  12 
-20  -100  12 
-50  -18  -32 
0  36  44 
-14  14  -28 
-14  -52  44 

//Reference=MNI 
//nullstudy_54
//Subjects=31
-54  16  40 
-34  30  10 
-30  20  -40 
-16  -16  68 
-38  16  -8 
-42  -6  36 
-12  -24  72 
-36  -64  54 

//Reference=MNI 
//nullstudy_55
//Subjects=29
-16  -82  -42 
-44  -58  44 
50  18  14 
-14  -14  -26 
-20  38  28 
-16  12  72 
-2  38  56 
-48  -68  -36 

//Reference=MNI 
//nullstudy_56
//Subjects=30
-40  0  -44 
38  6  8 
-30  60  0 
-38  -54  -60 
-26  -16  -22 
-14  40  16 
-36  -80  -40 
-20  -24  26 

//Reference=MNI 
//nullstudy_57
//Subjects=32
-4  -8  68 
-20  -32  -22 
-22  48  32 
-46  8  32 
-58  -30  -28 
-62  -8  32 
-32  8  -4 
-10  22  8 

//Reference=MNI 
//nullstudy_58
//Subjects=29
-2  -34  -16 
-18  -34  14 
42  54  -6 
28  56  4 
4  58  8 
64  2  4 
-20  -88  8 
-34  56  0 

//Reference=MNI 
//nullstudy_59
//Subjects=30
36  36  38 
-12  28  50 
-38  14  8 
32  44  10 
-4  34  -24 
-40  14  6 
32  10  -8 
-20  16  -40 

//Reference=MNI 
//nullstudy_60
//Subjects=29
6  68  16 
-36  0  4 
-42  -22  50 
28  44  -16 
-36  -4  32 
-42  12  56 
6  46  -16 
-44  36  16 

//Reference=MNI 
//nullstudy_61
//Subjects=32
-22  10  52 
-58  -10  -40 
-56  -42  -28 
26  56  16 
-20  14  -18 
44  2  52 
46  6  18 
44  26  -16 

//Reference=MNI 
//nullstudy_62
//Subjects=30
-4  -16  10 
44  42  -8 
-34  -6  8 
-52  -46  -32 
-24  52  30 
-36  -22  54 
-44  40  -12 
36  48  24 

//Reference=MNI 
//nullstudy_63
//Subjects=30
-46  24  -6 
48  4  -4 
38  6  10 
-14  -96  -22 
0  46  10 
48  14  34 
-26  26  56 
-14  -58  -32 

//Reference=MNI 
//nullstudy_64
//Subjects=29
-22  -94  -10 
-28  46  42 
-46  -42  -14 
24  4  54 
26  40  40 
32  16  -22 
22  10  -20 
-50  -60  -24 

//Reference=MNI 
//nullstudy_65
//Subjects=32
-48  -18  18 
-52  -14  -18 
-42  4  -28 
-6  -22  -48 
-30  -66  -56 
-12  -80  -10 
4  28  38 
-12  -80  -50 

//Reference=MNI 
//nullstudy_66
//Subjects=30
-44  40  10 
-56  -42  -4 
14  14  12 
-8  -84  -16 
48  22  0 
-8  -94  28 
-44  -70  -10 
56  14  8 

//Reference=MNI 
//nullstudy_67
//Subjects=30
-20  -90  -24 
-44  -78  8 
48  6  30 
-34  -98  -4 
-28  -46  -48 
-8  -34  -6 
62  4  -16 
-38  38  30 

//Reference=MNI 
//nullstudy_68
//Subjects=30
4  34  -22 
6  60  32 
-28  18  -4 
20  58  28 
34  14  -32 
-6  -4  12 
-44  14  46 
-26  -34  -12 

//Reference=MNI 
//nullstudy_69
//Subjects=30
-40  -10  50 
24  4  -2 
-38  32  -12 
32  16  32 
30  16  32 
46  2  -10 
-34  -14  -24 
20  44  40 

//Reference=MNI 
//nullstudy_70
//Subjects=30
-44  24  24 
-12  44  54 
-10  66  -16 
-14  -54  36 
-16  -78  0 
52  28  -4 
-18  -68  -26 
6  8  -26 

//Reference=MNI 
//nullstudy_71
//Subjects=31
-36  20  -20 
-42  8  18 
-36  -60  -60 
-36  -58  10 
-50  -76  -22 
-12  -68  -54 
-4  -2  -2 
-44  -60  30 

//Reference=MNI 
//nullstudy_72
//Subjects=29
-18  -68  -6 
-52  -46  14 
46  30  22 
-14  6  66 
-14  10  -10 
-22  -74  16 
-32  -46  -48 
28  46  20 

//Reference=MNI 
//nullstudy_73
//Subjects=30
20  4  -20 
-16  -92  -20 
-8  -8  4 
-52  -74  28 
-66  -6  28 
-32  32  -12 
24  8  58 
-6  2  60 

//Reference=MNI 
//nullstudy_74
//Subjects=32
-32  -6  8 
-26  -58  66 
-50  -24  -28 
-22  -76  24 
-16  20  -18 
6  46  40 
-42  -50  -20 
-60  -26  18 

//Reference=MNI 
//nullstudy_75
//Subjects=31
4  12  24 
-56  -72  16 
0  4  42 
-12  -72  36 
-16  -28  68 
-2  12  -4 
-22  -68  -38 
-54  -16  36 

//Reference=MNI 
//nullstudy_76
//Subjects=30
-46  -36  -14 
-50  -64  36 
-6  -32  -4 
-14  -12  42 
-20  -30  68 
-46  18  12 
46  16  32 
-30  26  58 

//Reference=MNI 
//nullstudy_77
//Subjects=30
-44  -74  22 
-40  -74  -46 
-32  2  -32 
12  34  18 
12  40  22 
2  36  10 
-54  14  -14 
4  8  -2 

//Reference=MNI 
//nullstudy_78
//Subjects=29
24  60  0 
-28  -88  18 
-2  -56  50 
-38  12  -24 
56  12  16 
-30  64  0 
-8  -68  -46 
-44  -40  -40 

//Reference=MNI 
//nullstudy_79
//Subjects=31
-18  -38  38 
32  44  6 
-50  -22  -14 
-54  -2  -32 
-34  -70  56 
-22  -78  4 
-16  64  -12 
-10  34  40 

//Reference=MNI 
//nullstudy_80
//Subjects=29
-34  -28  -6 
0  2  28 
-28  12  -12 
-24  -46  -42 
-36  12  -4 
-44  0  -38 
-58  18  0 
-36  -54  52 

//Reference=MNI 
//nullstudy_81
//Subjects=29
-60  -18  -6 
52  10  -28 
-16  0  2 
52  16  26 
-32  4  -48 
-26  -8  -6 
32  24  -16 
52  8  -30 

//Reference=MNI 
//nullstudy_82
//Subjects=28
32  6  -18 
34  24  48 
18  54  -20 
-48  16  50 
-4  16  -8 
-6  30  36 
-34  44  14 
0  46  -12 

//Reference=MNI 
//nullstudy_83
//Subjects=27
-6  -28  -28 
-30  -14  6 
-6  -74  -34 
-34  42  -18 
-40  -14  12 
-2  -60  30 
-58  -44  -16 
-24  8  -34 

//Reference=MNI 
//nullstudy_84
//Subjects=30
-58  -36  24 
-14  42  40 
2  24  -28 
-36  -60  22 
-2  60  4 
-24  -10  70 
-26  -44  16 
2  4  56 

//Reference=MNI 
//nullstudy_85
//Subjects=30
-10  -102  -12 
-52  -12  -8 
34  22  -24 
-22  -40  -50 
-14  16  -28 
-54  -66  2 
-44  -22  -22 
-18  -44  -10 

//Reference=MNI 
//nullstudy_86
//Subjects=31
-42  2  52 
28  54  0 
8  52  32 
-40  -38  64 
-66  -14  -24 
46  8  40 
-50  -56  -30 
26  6  62 

//Reference=MNI 
//nullstudy_87
//Subjects=29
12  66  16 
6  12  48 
-48  -58  -32 
-22  -54  6 
-54  -72  -14 
-14  -36  70 
-30  38  16 
-38  -64  -12 

//Reference=MNI 
//nullstudy_88
//Subjects=30
38  24  -36 
-22  -62  -16 
-10  10  -16 
-46  -32  22 
4  32  0 
-34  -10  -48 
-40  -74  -26 
-4  -58  -58 

//Reference=MNI 
//nullstudy_89
//Subjects=31
-28  -50  38 
-46  -54  50 
-14  36  -26 
-64  -18  14 
-16  64  -18 
-16  2  64 
8  22  -2 
-4  -94  -16 

//Reference=MNI 
//nullstudy_90
//Subjects=30
-60  -28  10 
4  20  40 
-8  -30  -6 
-10  -54  -30 
22  20  54 
-52  -30  -6 
-6  -46  -34 
-38  -92  -2 

//Reference=MNI 
//nullstudy_91
//Subjects=30
-8  -22  -6 
-30  -50  -60 
-12  -82  24 
-54  -8  16 
-44  6  8 
-40  -6  36 
38  22  -24 
-54  -20  -6 

//Reference=MNI 
//nullstudy_92
//Subjects=31
12  52  4 
-40  40  -20 
-50  40  12 
-42  24  50 
-38  20  34 
-16  -46  -22 
-50  30  20 
-44  14  22 

//Reference=MNI 
//nullstudy_93
//Subjects=31
-12  16  0 
-8  -36  76 
38  28  6 
-16  -60  0 
-24  -68  -52 
-32  34  44 
32  52  0 
-54  -16  48 

//Reference=MNI 
//nullstudy_94
//Subjects=30
-32  -6  56 
-48  -52  -36 
-20  -54  -14 
-58  -4  44 
-26  0  -22 
-24  42  44 
-6  60  8 
-2  40  12 

//Reference=MNI 
//nullstudy_95
//Subjects=30
2  64  30 
-8  20  62 
-20  -8  56 
-4  -70  -48 
44  12  -24 
18  4  -46 
-22  -18  60 
32  42  22 

//Reference=MNI 
//nullstudy_96
//Subjects=30
-6  -56  20 
58  30  2 
-6  14  -20 
32  12  44 
52  26  -2 
-66  -8  -16 
-6  2  -32 
-68  -40  -6 

//Reference=MNI 
//nullstudy_97
//Subjects=30
-50  -14  8 
-24  -64  -28 
-66  -22  38 
34  20  10 
-34  -10  16 
52  28  30 
-64  -54  22 
20  6  -18 

//Reference=MNI 
//nullstudy_98
//Subjects=29
-6  34  20 
-54  -18  -24 
-12  -70  -56 
-24  24  52 
-26  -34  -10 
-34  14  36 
-22  -2  12 
-34  -66  -42 

//Reference=MNI 
//nullstudy_99
//Subjects=30
-34  -68  -58 
42  26  -26 
-34  10  -38 
-44  -2  58 
38  2  -8 
-24  30  42 
6  48  26 
12  32  38 

//Reference=MNI 
//nullstudy_100
//Subjects=29
-36  -66  -14 
-18  48  34 
-20  -2  -32 
-36  22  36 
30  12  -32 
-4  -94  -12 
-14  -38  16 
-16  -24  -36 

