//Reference=MNI 
//truestudy_1
//Subjects=31
46  -67  -6 
45  -67  -7 
45  -67  -6 
44  -65  -5 
45  -65  -8 
43  -68  -9 
47  -65  -6 
48  -65  -5 

//Reference=MNI 
//truestudy_2
//Subjects=29
45  -67  -6 
46  -65  -6 
45  -65  -6 
48  -68  -7 
45  -66  -6 
46  -67  -6 
47  -66  -6 
45  -67  -6 

//Reference=MNI 
//truestudy_3
//Subjects=31
46  -67  -7 
45  -66  -4 
46  -66  -7 
45  -67  -4 
46  -67  -6 
45  -65  -4 
46  -66  -7 
47  -65  -8 

//Reference=MNI 
//nullstudy_1
//Subjects=31
-18  -60  8 
-20  -40  -44 
-64  -10  -20 
-16  -64  -30 
-16  0  -34 
-20  -60  -36 
-30  22  34 
-24  -20  70 

//Reference=MNI 
//nullstudy_2
//Subjects=29
-26  -82  -16 
46  2  22 
46  32  -10 
-32  -30  70 
-40  44  -20 
-44  -86  -4 
-12  -48  54 
-22  46  -14 

//Reference=MNI 
//nullstudy_3
//Subjects=31
-28  60  -4 
-54  -52  -2 
-6  -88  4 
26  20  -16 
-52  10  4 
-2  -70  -10 
-12  -20  54 
8  56  24 

//Reference=MNI 
//nullstudy_4
//Subjects=29
58  4  4 
42  26  32 
-48  34  16 
0  36  34 
14  12  36 
-38  46  24 
24  22  -36 
-32  16  48 

//Reference=MNI 
//nullstudy_5
//Subjects=30
-2  66  -8 
12  52  30 
-6  -16  78 
40  42  26 
-46  -74  -42 
-20  -32  64 
-40  -86  -24 
-10  -80  36 

//Reference=MNI 
//nullstudy_6
//Subjects=30
-4  50  50 
12  34  -10 
8  2  4 
-46  -76  26 
44  48  -2 
-4  10  56 
56  18  20 
-4  52  22 

//Reference=MNI 
//nullstudy_7
//Subjects=30
-6  22  40 
-22  8  58 
-4  -52  -42 
-20  28  32 
20  14  -2 
-50  -60  -24 
24  50  -12 
-46  20  -10 

//Reference=MNI 
//nullstudy_8
//Subjects=30
-60  -2  14 
-58  -16  30 
-40  -20  12 
-28  -72  -8 
-8  12  56 
-46  -56  -42 
-12  -88  -24 
-30  56  10 

//Reference=MNI 
//nullstudy_9
//Subjects=29
-4  -30  -36 
-2  -4  2 
16  18  -12 
-52  0  -38 
32  4  -30 
-46  -52  -16 
-20  -80  -32 
-12  -28  -30 

//Reference=MNI 
//nullstudy_10
//Subjects=29
-40  -4  64 
-6  14  2 
-42  -12  -24 
6  50  48 
-40  -68  -42 
30  48  -4 
26  10  -46 
28  36  52 

//Reference=MNI 
//nullstudy_11
//Subjects=30
-50  -50  -42 
-52  4  -34 
-32  52  -4 
8  54  20 
-32  -48  70 
-54  -12  -6 
-26  10  -22 
-30  26  0 

//Reference=MNI 
//nullstudy_12
//Subjects=30
-12  56  24 
-2  -64  24 
-34  -58  -16 
-2  -60  2 
-22  6  -48 
-44  20  30 
-32  -14  54 
-50  -60  24 

//Reference=MNI 
//nullstudy_13
//Subjects=29
-12  -38  6 
-6  14  34 
-28  -46  38 
-46  -12  52 
-10  -4  46 
-22  -48  -26 
-58  -6  20 
-4  -76  54 

//Reference=MNI 
//nullstudy_14
//Subjects=30
-42  -32  44 
-16  -24  36 
-22  16  60 
26  44  16 
-50  -64  26 
54  8  -12 
-40  -70  -48 
-2  6  34 

//Reference=MNI 
//nullstudy_15
//Subjects=31
-36  16  38 
-48  -50  -32 
38  62  2 
28  24  52 
16  10  -4 
-36  34  34 
-40  4  54 
6  44  22 

//Reference=MNI 
//nullstudy_16
//Subjects=29
-12  -12  48 
-46  -60  -6 
50  12  42 
40  32  42 
-28  48  18 
18  68  -6 
-62  0  20 
-4  34  46 

//Reference=MNI 
//nullstudy_17
//Subjects=30
30  16  52 
-32  -82  34 
-58  -8  -28 
-54  -48  6 
20  38  28 
-8  44  2 
-6  -64  46 
-24  -38  -18 

//Reference=MNI 
//nullstudy_18
//Subjects=30
-6  -36  -50 
-6  -6  12 
-60  -18  20 
-4  -20  48 
-24  -68  4 
-18  -60  -2 
-46  -66  46 
4  58  24 

//Reference=MNI 
//nullstudy_19
//Subjects=30
40  14  42 
-54  14  -14 
62  14  10 
-32  -14  -8 
-16  -76  44 
2  14  50 
-56  -66  -20 
-46  -60  -42 

//Reference=MNI 
//nullstudy_20
//Subjects=29
4  50  50 
-18  -8  -30 
-22  -74  -58 
-30  40  32 
4  46  16 
-40  30  -16 
-28  4  2 
-54  4  20 

//Reference=MNI 
//nullstudy_21
//Subjects=30
-24  -56  -2 
-34  0  -8 
-44  14  -22 
-26  40  -8 
-20  -68  -58 
2  20  -26 
-36  -64  58 
-12  -72  24 

//Reference=MNI 
//nullstudy_22
//Subjects=28
-54  18  -18 
-58  -34  40 
-36  56  10 
-36  -68  -48 
-54  0  36 
6  22  32 
-32  -54  38 
-18  46  36 

//Reference=MNI 
//nullstudy_23
//Subjects=30
46  24  22 
-26  -44  -12 
-2  24  30 
-40  -12  -10 
38  38  8 
6  8  52 
-8  -54  -62 
-46  -56  28 

//Reference=MNI 
//nullstudy_24
//Subjects=31
-18  -34  74 
18  32  38 
-2  -74  0 
-26  -8  -8 
-42  -78  -2 
-12  -80  14 
24  58  12 
-2  6  50 

//Reference=MNI 
//nullstudy_25
//Subjects=30
-8  -104  -8 
-42  -46  24 
-16  16  -20 
-18  -64  46 
42  44  14 
-58  -16  -6 
6  42  6 
-24  -88  0 

//Reference=MNI 
//nullstudy_26
//Subjects=31
-10  -30  56 
16  48  48 
-64  -14  34 
-58  -4  12 
-36  32  12 
-28  -64  -56 
-12  -38  -30 
-54  -14  52 

//Reference=MNI 
//nullstudy_27
//Subjects=30
-26  -14  -6 
-2  46  -8 
-46  -38  60 
38  48  16 
54  32  6 
-52  -54  38 
-52  4  2 
-24  -92  20 

//Reference=MNI 
//nullstudy_28
//Subjects=29
50  34  -18 
-22  -74  -16 
-26  -60  28 
-30  32  -12 
38  28  50 
-58  -34  20 
-16  -60  58 
-50  -18  34 

//Reference=MNI 
//nullstudy_29
//Subjects=31
56  8  -16 
-14  56  -16 
-8  -92  26 
-4  -66  44 
-14  32  52 
-30  62  18 
-24  -50  -60 
-42  -60  20 

//Reference=MNI 
//nullstudy_30
//Subjects=30
-6  -2  72 
-8  -36  58 
-26  -12  8 
40  14  -22 
-18  -58  70 
-20  -52  -26 
-36  -42  -8 
-12  -34  -46 

//Reference=MNI 
//nullstudy_31
//Subjects=28
22  32  -26 
-8  -44  12 
-24  -4  -30 
54  36  16 
-44  -60  26 
-8  42  10 
-60  -6  12 
8  20  38 

//Reference=MNI 
//nullstudy_32
//Subjects=30
-2  30  10 
-58  -8  40 
-62  -18  28 
24  70  4 
-58  -68  -8 
-6  -84  -26 
-14  28  60 
50  20  -6 

//Reference=MNI 
//nullstudy_33
//Subjects=30
-16  20  -4 
54  30  -4 
40  14  -14 
-52  -44  -30 
-22  44  18 
12  8  -20 
36  34  28 
-34  -54  64 

//Reference=MNI 
//nullstudy_34
//Subjects=31
-18  -70  56 
-48  -30  -24 
-44  -66  44 
-20  -10  -14 
-42  -14  16 
-22  -68  22 
-50  -8  -42 
-26  16  -38 

//Reference=MNI 
//nullstudy_35
//Subjects=29
-36  -80  -32 
-62  -36  -12 
-42  -82  -32 
-2  -70  56 
-28  22  -34 
-2  30  54 
-8  -94  -2 
-30  12  12 

//Reference=MNI 
//nullstudy_36
//Subjects=30
-28  -84  16 
34  60  -14 
36  12  46 
-10  28  46 
40  12  -22 
12  60  18 
-40  -14  -28 
-68  -28  -6 

//Reference=MNI 
//nullstudy_37
//Subjects=29
-8  44  38 
46  46  8 
-8  -84  -36 
-50  14  6 
46  14  14 
-22  -80  10 
58  20  0 
6  18  -24 

//Reference=MNI 
//nullstudy_38
//Subjects=30
-4  -22  14 
52  16  2 
-62  -6  6 
-8  -6  -32 
-10  28  26 
-22  -62  16 
-54  -68  -30 
-62  -52  26 

//Reference=MNI 
//nullstudy_39
//Subjects=28
-54  32  -10 
-40  -32  20 
-10  -96  -16 
-14  -94  -4 
-2  -46  -70 
-42  20  -20 
6  30  28 
-46  -18  18 

//Reference=MNI 
//nullstudy_40
//Subjects=30
40  6  52 
-36  -8  64 
-20  52  4 
-4  18  34 
-16  -78  -34 
22  20  -30 
-36  -68  42 
-34  -82  -24 

//Reference=MNI 
//nullstudy_41
//Subjects=29
-20  -68  -20 
-24  -46  -34 
-14  44  -22 
-16  -8  18 
-28  -64  10 
40  12  -36 
-32  20  46 
-34  -4  44 

//Reference=MNI 
//nullstudy_42
//Subjects=31
-28  -78  -40 
36  12  -42 
16  24  0 
-10  -50  22 
-24  44  32 
22  12  -20 
-40  -60  -42 
-34  -60  38 

//Reference=MNI 
//nullstudy_43
//Subjects=31
-40  -74  -16 
-6  -20  56 
32  2  50 
18  6  -2 
-2  -78  32 
-16  -18  -16 
30  56  22 
-42  -62  -12 

//Reference=MNI 
//nullstudy_44
//Subjects=29
-56  -58  -26 
-28  -60  -12 
-52  2  40 
26  62  -2 
-56  -12  10 
-30  6  -46 
-52  -50  -12 
-44  -10  44 

//Reference=MNI 
//nullstudy_45
//Subjects=30
-50  0  14 
-30  -52  -26 
-34  -32  64 
-26  0  -40 
28  46  12 
-2  -8  18 
-38  -58  -62 
-20  -8  58 

//Reference=MNI 
//nullstudy_46
//Subjects=30
-16  26  64 
-8  -86  16 
-20  36  -20 
18  52  40 
-58  -2  -16 
-20  40  38 
16  18  2 
4  24  64 

//Reference=MNI 
//nullstudy_47
//Subjects=30
-2  64  -8 
-22  58  -20 
-54  -18  26 
-22  -72  -10 
-12  -30  -40 
-28  12  64 
-26  -10  58 
-2  12  -8 

//Reference=MNI 
//nullstudy_48
//Subjects=31
20  6  -36 
-8  -64  2 
52  32  4 
-30  48  32 
0  2  -6 
-28  -36  -26 
-38  -70  48 
38  10  -4 

//Reference=MNI 
//nullstudy_49
//Subjects=31
-20  28  34 
-8  30  -6 
-4  34  60 
-32  30  34 
-58  -28  24 
14  44  -4 
-36  -40  66 
-40  24  -12 

//Reference=MNI 
//nullstudy_50
//Subjects=30
34  16  -24 
-2  -52  26 
-40  -34  -16 
-48  40  18 
54  24  2 
-2  -50  34 
2  64  2 
-54  -32  16 

//Reference=MNI 
//nullstudy_51
//Subjects=31
-32  -36  72 
14  8  54 
-64  -56  -12 
8  26  14 
-38  58  -12 
-30  16  0 
-30  -52  58 
-42  36  -12 

//Reference=MNI 
//nullstudy_52
//Subjects=30
-4  20  -22 
-6  -38  -48 
26  32  -8 
-16  -62  16 
-22  10  4 
20  26  60 
-66  -36  26 
-4  28  -14 

//Reference=MNI 
//nullstudy_53
//Subjects=30
28  48  -10 
-64  -32  32 
-34  46  8 
-18  -62  -34 
-26  -44  38 
-54  -44  -6 
26  20  64 
-2  -68  -4 

//Reference=MNI 
//nullstudy_54
//Subjects=30
-30  -40  70 
12  28  62 
-40  -68  -46 
32  14  28 
-44  4  4 
-8  -64  34 
52  4  22 
-8  -30  52 

//Reference=MNI 
//nullstudy_55
//Subjects=28
-46  -28  16 
-28  -62  -44 
-28  20  48 
-18  -102  -14 
-38  20  34 
-42  56  10 
-56  -22  -2 
-38  2  0 

//Reference=MNI 
//nullstudy_56
//Subjects=29
28  28  6 
-24  -74  20 
-14  -86  -8 
-10  46  28 
-8  -24  58 
-28  50  30 
22  48  -2 
24  42  46 

//Reference=MNI 
//nullstudy_57
//Subjects=32
6  18  -16 
44  14  40 
14  62  34 
-52  -50  -2 
10  36  4 
-12  30  52 
46  40  -16 
-26  -70  -24 

//Reference=MNI 
//nullstudy_58
//Subjects=30
-50  -14  -24 
-52  -4  6 
-30  -82  -12 
-2  50  -28 
-50  -44  20 
-12  28  28 
14  26  48 
30  56  0 

//Reference=MNI 
//nullstudy_59
//Subjects=30
-42  -62  -24 
-8  -38  -16 
42  36  34 
-48  -4  32 
-20  -24  10 
-18  -30  -20 
-8  -28  -40 
-6  28  -22 

//Reference=MNI 
//nullstudy_60
//Subjects=29
2  66  2 
-6  -34  52 
-22  16  64 
-30  -34  -28 
-60  -12  -18 
-28  -48  -34 
-68  -22  4 
-40  52  18 

//Reference=MNI 
//nullstudy_61
//Subjects=29
-22  -16  62 
-32  -28  8 
-26  6  -12 
-12  -10  74 
-24  16  64 
-30  28  26 
-4  -38  -26 
-50  -40  16 

//Reference=MNI 
//nullstudy_62
//Subjects=29
-8  44  -6 
-52  -38  44 
12  40  -16 
-4  -4  16 
-18  -52  -28 
-12  -42  38 
-58  -22  14 
36  30  52 

//Reference=MNI 
//nullstudy_63
//Subjects=30
-58  -2  -32 
-26  -82  -10 
-50  -46  24 
-62  -46  -10 
-16  -98  -14 
48  32  -6 
-16  18  18 
-4  -10  -20 

//Reference=MNI 
//nullstudy_64
//Subjects=31
-18  -82  -2 
-50  -22  -20 
-36  -28  46 
-26  44  -16 
-58  -10  46 
-26  22  8 
-50  -14  -2 
-24  -66  -52 

//Reference=MNI 
//nullstudy_65
//Subjects=29
-38  -66  -54 
-36  -8  68 
-6  42  50 
-24  -58  66 
-18  -22  64 
-44  6  30 
-34  -58  -18 
-20  -30  -8 

//Reference=MNI 
//nullstudy_66
//Subjects=30
-6  4  66 
-8  2  12 
-4  -74  24 
18  42  -24 
-62  -36  46 
56  8  -12 
-10  50  46 
-56  -64  -16 

//Reference=MNI 
//nullstudy_67
//Subjects=31
4  14  -28 
12  4  56 
0  50  -16 
-24  2  -4 
-10  18  0 
-52  -68  -12 
-8  8  66 
2  48  0 

//Reference=MNI 
//nullstudy_68
//Subjects=30
54  12  -20 
-38  10  34 
58  24  16 
-54  2  -28 
-46  -24  60 
14  34  54 
-34  -20  18 
-68  -24  -18 

//Reference=MNI 
//nullstudy_69
//Subjects=30
2  56  6 
-44  2  54 
-18  -36  38 
-4  56  -10 
16  10  -40 
-34  -70  20 
-46  -50  -38 
-12  -4  22 

//Reference=MNI 
//nullstudy_70
//Subjects=29
-38  32  36 
-32  24  -38 
-44  32  18 
-2  -50  12 
34  38  -22 
-52  -52  4 
46  28  26 
-14  -74  22 

//Reference=MNI 
//nullstudy_71
//Subjects=30
-24  -6  74 
6  60  32 
-62  -24  6 
-50  -40  -30 
36  24  -6 
-8  -34  -16 
-8  52  14 
-46  2  40 

//Reference=MNI 
//nullstudy_72
//Subjects=29
-36  0  8 
-2  -84  -22 
-24  -50  -2 
-58  -38  -4 
-36  -16  -4 
8  10  40 
-16  -2  -24 
-42  10  -46 

//Reference=MNI 
//nullstudy_73
//Subjects=28
-44  -52  60 
24  40  32 
-32  2  32 
-18  -32  -22 
-10  -34  66 
-56  -42  8 
-4  46  48 
-44  -52  -32 

//Reference=MNI 
//nullstudy_74
//Subjects=30
-62  -52  24 
-14  -2  62 
-10  12  6 
34  38  6 
-32  -24  -12 
-2  -28  -6 
-28  -18  -28 
-44  -42  64 

//Reference=MNI 
//nullstudy_75
//Subjects=29
-22  -18  -30 
-54  -16  56 
52  6  48 
44  14  -22 
0  22  66 
-26  -48  -28 
34  28  42 
-24  -56  6 

//Reference=MNI 
//nullstudy_76
//Subjects=31
-8  -86  40 
8  22  6 
-4  60  14 
-44  -60  44 
-14  -80  -28 
-50  -26  -10 
-8  70  12 
-56  10  38 

//Reference=MNI 
//nullstudy_77
//Subjects=30
-6  56  10 
62  2  -4 
-50  2  -8 
-18  -102  16 
-16  -36  -10 
4  42  40 
30  26  -14 
-4  -46  -20 

//Reference=MNI 
//nullstudy_78
//Subjects=31
-44  -34  34 
-36  -16  40 
-38  60  -2 
28  20  -22 
34  52  -12 
22  12  8 
-6  -68  -4 
-52  -30  58 

//Reference=MNI 
//nullstudy_79
//Subjects=32
-20  -10  66 
-22  -68  2 
42  20  -6 
8  22  68 
-36  -52  44 
-56  -44  -24 
-10  -76  26 
-34  38  28 

//Reference=MNI 
//nullstudy_80
//Subjects=31
-40  -2  -32 
-42  30  36 
14  4  -32 
-34  0  34 
-50  12  -24 
28  4  -24 
-42  -48  56 
-22  14  -28 

//Reference=MNI 
//nullstudy_81
//Subjects=29
-4  22  -24 
-40  -88  24 
-4  -74  22 
-32  -60  36 
22  64  16 
-32  -64  -34 
-56  0  46 
-36  16  28 

//Reference=MNI 
//nullstudy_82
//Subjects=28
-14  60  -20 
40  14  -2 
-14  34  40 
-46  -8  56 
16  24  -16 
50  18  -12 
-46  -62  26 
-54  -38  -18 

//Reference=MNI 
//nullstudy_83
//Subjects=29
-12  -20  34 
-2  -90  6 
-48  -32  -30 
-10  -58  42 
-16  30  42 
-38  4  -42 
12  14  -24 
-36  34  10 

//Reference=MNI 
//nullstudy_84
//Subjects=31
-40  -16  50 
-18  -32  70 
-6  58  -10 
-24  -48  -26 
-42  0  16 
-4  -44  76 
52  12  12 
-52  18  40 

//Reference=MNI 
//nullstudy_85
//Subjects=31
16  34  54 
26  36  52 
-56  6  4 
-36  50  28 
-16  48  40 
-44  -74  20 
-10  -26  0 
-64  -8  22 

//Reference=MNI 
//nullstudy_86
//Subjects=31
-50  -22  42 
-34  20  12 
-48  -30  -4 
-34  -8  -14 
-4  -78  16 
10  18  54 
28  6  -26 
-62  -24  22 

//Reference=MNI 
//nullstudy_87
//Subjects=31
-4  32  -14 
22  38  -14 
-8  -32  -48 
-32  -16  70 
-30  -24  -10 
-24  50  -2 
-34  -10  58 
40  12  60 

//Reference=MNI 
//nullstudy_88
//Subjects=30
6  18  14 
12  50  26 
-56  -38  46 
-40  -4  48 
-14  -56  24 
-4  -102  6 
-6  -22  20 
-30  -54  0 

//Reference=MNI 
//nullstudy_89
//Subjects=30
-52  -72  28 
-60  -16  -14 
6  16  64 
-12  -4  64 
-60  -56  -16 
14  46  48 
-50  -34  28 
28  4  -44 

//Reference=MNI 
//nullstudy_90
//Subjects=30
-8  -94  28 
-42  24  8 
-8  -32  2 
-30  18  32 
34  2  -18 
24  2  -26 
-10  -72  50 
-32  -78  28 

//Reference=MNI 
//nullstudy_91
//Subjects=29
14  22  58 
-8  40  12 
-8  42  18 
-22  -36  -10 
-44  -2  10 
-34  46  20 
42  2  48 
-10  -68  44 

//Reference=MNI 
//nullstudy_92
//Subjects=30
52  4  -6 
24  24  54 
38  28  0 
-66  -50  10 
18  28  60 
46  2  -38 
-34  -48  52 
30  4  -34 

//Reference=MNI 
//nullstudy_93
//Subjects=30
-38  -30  42 
-4  36  18 
-12  -36  -4 
-4  50  4 
-46  6  4 
-26  8  -34 
30  62  20 
-54  6  20 

//Reference=MNI 
//nullstudy_94
//Subjects=28
-48  -68  -34 
-18  -80  -54 
-14  -8  -32 
6  56  14 
-38  -48  -28 
-42  38  4 
-12  -104  -14 
-54  -16  16 

//Reference=MNI 
//nullstudy_95
//Subjects=29
-38  -14  36 
-38  -64  -26 
-18  0  -18 
-32  40  26 
-38  -22  70 
-50  -70  38 
-52  -40  -30 
-2  18  36 

//Reference=MNI 
//nullstudy_96
//Subjects=29
-22  -46  74 
38  2  34 
-28  -30  -4 
6  56  20 
-64  -56  0 
-22  -30  64 
40  6  26 
-38  -16  -4 

//Reference=MNI 
//nullstudy_97
//Subjects=30
-42  -42  -14 
26  6  64 
-24  -52  60 
-48  -36  -14 
-34  48  18 
18  50  36 
-30  -52  -14 
-58  -26  34 

//Reference=MNI 
//nullstudy_98
//Subjects=32
20  20  6 
-34  52  -4 
6  18  -24 
-28  -42  72 
-20  40  52 
-20  -66  -42 
-6  -80  -46 
-12  -48  50 

//Reference=MNI 
//nullstudy_99
//Subjects=30
-44  22  -2 
-26  56  2 
-8  -40  38 
-16  -24  -18 
-46  -44  10 
-50  -36  14 
-4  -58  22 
-10  -56  18 

//Reference=MNI 
//nullstudy_100
//Subjects=30
-6  -2  32 
34  4  -6 
-24  32  30 
-46  34  -16 
-14  10  -8 
8  58  42 
-10  56  -8 
-46  6  -36 

