//Reference=MNI 
//truestudy_1
//Subjects=20
45  -67  -7 
45  -66  -5 
45  -67  -7 
47  -67  -5 
47  -66  -5 
46  -66  -6 
48  -65  -6 
46  -67  -5 

//Reference=MNI 
//truestudy_2
//Subjects=19
48  -67  -7 
46  -67  -7 
46  -66  -4 
46  -67  -5 
45  -66  -5 
47  -66  -6 
45  -67  -8 
47  -67  -6 

//Reference=MNI 
//truestudy_3
//Subjects=20
48  -66  -5 
46  -68  -6 
47  -67  -6 
48  -67  -6 
46  -64  -8 
46  -66  -7 
46  -63  -6 
48  -66  -5 

//Reference=MNI 
//nullstudy_1
//Subjects=20
28  12  -26 
-8  -84  -28 
-54  14  -18 
20  28  38 
-32  -42  36 
-16  28  -2 
-10  28  32 
-40  42  6 

//Reference=MNI 
//nullstudy_2
//Subjects=19
-40  -56  44 
-2  34  8 
44  18  -2 
-40  -78  40 
-10  -104  -14 
-38  -40  50 
4  8  -12 
-38  -54  44 

//Reference=MNI 
//nullstudy_3
//Subjects=20
-32  22  52 
-62  -28  24 
-4  38  58 
-10  4  70 
-38  20  52 
-64  -8  0 
-42  -4  16 
-8  40  42 

//Reference=MNI 
//nullstudy_4
//Subjects=20
30  38  28 
30  32  -6 
18  68  -4 
-8  42  -2 
30  64  10 
-58  -50  20 
-16  -30  38 
-32  18  -12 

//Reference=MNI 
//nullstudy_5
//Subjects=20
20  38  -24 
52  32  24 
-56  0  -14 
-64  -18  10 
18  10  -32 
-8  -72  50 
-34  -82  -44 
-52  -24  14 

//Reference=MNI 
//nullstudy_6
//Subjects=19
-62  -28  -2 
-34  -70  -18 
58  12  -16 
-54  -20  54 
-38  -60  20 
-28  46  2 
-4  46  36 
-56  -60  38 

//Reference=MNI 
//nullstudy_7
//Subjects=19
-50  -18  4 
-34  -34  -18 
-38  36  8 
30  6  -30 
-48  -6  -42 
-28  36  38 
-34  -40  -12 
-36  -12  50 

//Reference=MNI 
//nullstudy_8
//Subjects=19
-6  -68  42 
-48  -82  -14 
42  12  -10 
26  62  -14 
-48  -8  -38 
52  12  16 
-10  70  -10 
22  44  42 

//Reference=MNI 
//nullstudy_9
//Subjects=20
32  44  34 
-46  34  28 
-42  50  18 
-24  -40  -30 
-2  -88  0 
-40  -46  66 
-2  -50  36 
-8  -34  16 

//Reference=MNI 
//nullstudy_10
//Subjects=21
-52  4  12 
-56  -50  8 
-30  -62  -28 
-46  -44  40 
52  6  50 
-70  -30  -14 
-22  0  56 
-28  -54  -30 

//Reference=MNI 
//nullstudy_11
//Subjects=19
42  10  -28 
16  52  -8 
-8  24  32 
-32  -52  50 
-8  -22  0 
50  14  28 
-20  -16  76 
-20  -90  22 

//Reference=MNI 
//nullstudy_12
//Subjects=19
-36  20  8 
-24  -2  -30 
-4  58  -20 
38  20  10 
6  50  28 
-66  -22  28 
-36  16  -40 
-32  -22  16 

//Reference=MNI 
//nullstudy_13
//Subjects=19
20  14  62 
-16  -84  -14 
12  34  54 
28  46  10 
32  40  -18 
-58  12  6 
-48  38  -10 
20  4  4 

//Reference=MNI 
//nullstudy_14
//Subjects=22
-12  8  -28 
-46  2  14 
18  32  58 
-46  46  -6 
-48  -32  58 
-6  -70  -6 
-8  -90  10 
32  54  2 

//Reference=MNI 
//nullstudy_15
//Subjects=20
-26  -56  -48 
-24  -76  22 
-20  -54  72 
-10  8  -28 
-66  -8  26 
-22  -42  -2 
22  4  8 
-36  -38  -24 

//Reference=MNI 
//nullstudy_16
//Subjects=21
-52  -64  18 
-24  -26  50 
38  22  42 
-34  -28  6 
-24  -66  -62 
62  2  18 
-8  -80  2 
-10  -60  -22 

//Reference=MNI 
//nullstudy_17
//Subjects=22
-44  -78  26 
-4  -86  44 
-58  -10  14 
-26  12  42 
62  18  24 
-44  -8  -16 
-18  54  6 
52  4  -4 

//Reference=MNI 
//nullstudy_18
//Subjects=19
-10  44  4 
-46  20  -6 
-8  -38  0 
-38  -34  20 
-42  -56  -36 
0  20  -10 
6  46  54 
-24  -24  -22 

//Reference=MNI 
//nullstudy_19
//Subjects=21
-32  58  18 
2  2  -18 
-20  12  -18 
-24  -50  0 
48  20  22 
-18  -80  0 
-34  -54  -6 
-48  -68  44 

//Reference=MNI 
//nullstudy_20
//Subjects=21
2  4  14 
-46  8  -34 
-34  58  12 
-6  -102  -6 
-44  -44  64 
10  36  42 
-28  -40  -28 
6  46  42 

//Reference=MNI 
//nullstudy_21
//Subjects=22
-6  12  64 
-30  -88  32 
-22  64  2 
14  24  64 
-34  -2  -16 
0  50  30 
-22  -50  42 
-12  -24  -38 

//Reference=MNI 
//nullstudy_22
//Subjects=22
-34  -70  -14 
-4  -56  56 
42  10  2 
-56  -36  20 
-14  6  -22 
-20  -32  -34 
-38  0  18 
-12  10  0 

//Reference=MNI 
//nullstudy_23
//Subjects=19
34  18  -16 
-12  -84  -22 
-32  -94  16 
16  12  20 
-56  -36  22 
-40  -66  12 
-54  -24  50 
-36  -66  8 

//Reference=MNI 
//nullstudy_24
//Subjects=20
-6  -68  -16 
-12  -26  -40 
-32  -8  50 
-8  46  38 
6  40  42 
-2  38  28 
32  4  -8 
-52  -48  -22 

//Reference=MNI 
//nullstudy_25
//Subjects=22
-30  -90  -26 
-28  -46  6 
-14  28  6 
42  48  2 
-8  -64  12 
-28  -80  46 
-12  -76  -10 
-18  30  -2 

//Reference=MNI 
//nullstudy_26
//Subjects=21
-50  12  8 
28  26  -26 
16  38  48 
-4  -2  68 
22  6  -30 
-44  -46  48 
-58  -26  -32 
-34  -48  42 

//Reference=MNI 
//nullstudy_27
//Subjects=21
-26  -6  60 
46  44  -6 
-20  48  -12 
22  50  -8 
-6  -68  -4 
-38  -56  -2 
-8  16  6 
-42  -56  -58 

//Reference=MNI 
//nullstudy_28
//Subjects=18
-38  -30  70 
-42  30  22 
-58  2  22 
-46  -66  6 
-2  -12  72 
-2  -70  4 
16  36  -22 
-30  -90  2 

//Reference=MNI 
//nullstudy_29
//Subjects=20
-10  8  16 
-34  -72  46 
-22  -46  8 
30  30  52 
54  24  8 
52  10  22 
-42  28  28 
42  8  -16 

//Reference=MNI 
//nullstudy_30
//Subjects=22
-28  18  38 
-12  -14  46 
-2  -58  -4 
-42  -52  -18 
-18  -32  72 
-22  -54  0 
-60  -20  -4 
-56  -62  4 

//Reference=MNI 
//nullstudy_31
//Subjects=20
-6  -52  -24 
4  4  48 
-32  -12  54 
-64  -24  38 
-2  -62  -20 
-44  -10  54 
-48  -46  18 
36  32  34 

//Reference=MNI 
//nullstudy_32
//Subjects=23
-34  2  44 
-10  -56  -8 
28  48  34 
-24  34  42 
-36  -14  62 
-46  -2  56 
-20  50  8 
-58  16  22 

//Reference=MNI 
//nullstudy_33
//Subjects=21
30  38  46 
-24  -96  6 
20  2  6 
-40  -38  18 
-10  -22  -30 
-4  30  0 
-10  6  72 
-24  62  20 

//Reference=MNI 
//nullstudy_34
//Subjects=20
-36  -52  -24 
-12  -64  -62 
-24  48  30 
-2  -12  38 
-4  14  -16 
32  60  20 
-34  -20  64 
-26  28  32 

//Reference=MNI 
//nullstudy_35
//Subjects=20
-62  -40  -12 
-4  -40  56 
-60  12  12 
6  8  -28 
-20  58  -20 
-6  2  64 
-58  -46  -22 
-6  42  8 

//Reference=MNI 
//nullstudy_36
//Subjects=20
-44  -60  38 
-20  -86  -6 
-54  -44  -6 
-16  2  -30 
-48  -4  30 
-56  -8  42 
-30  64  -2 
-18  -98  -2 

//Reference=MNI 
//nullstudy_37
//Subjects=21
-42  -66  -50 
-8  -38  44 
56  12  8 
-6  -32  -6 
-46  48  6 
-18  -84  40 
-10  -18  2 
-52  6  -18 

//Reference=MNI 
//nullstudy_38
//Subjects=20
-38  38  20 
16  24  60 
-30  48  40 
-32  -76  52 
-4  14  -10 
-12  -16  -30 
24  8  -48 
-10  28  46 

//Reference=MNI 
//nullstudy_39
//Subjects=21
-40  30  -16 
38  8  -42 
-16  -50  62 
-2  -44  34 
-12  44  48 
-4  -20  -28 
-56  0  30 
8  4  32 

//Reference=MNI 
//nullstudy_40
//Subjects=19
-22  -56  -18 
-52  -24  52 
-32  -20  64 
-20  12  -40 
-56  -58  -34 
-30  48  36 
-50  -18  30 
-24  -54  -12 

//Reference=MNI 
//nullstudy_41
//Subjects=19
16  54  -20 
-38  -58  -32 
-50  -10  44 
-54  -64  30 
-50  -22  60 
-4  -64  -6 
-34  -58  52 
-50  -36  -32 

//Reference=MNI 
//nullstudy_42
//Subjects=21
-22  -40  72 
-50  -52  36 
-10  -26  46 
-26  58  28 
16  30  -26 
-44  -44  28 
-48  -50  0 
-40  -54  -52 

//Reference=MNI 
//nullstudy_43
//Subjects=19
-36  -18  -34 
-60  -26  -8 
-24  -24  -26 
-62  -36  18 
2  18  40 
-62  -38  30 
-34  -70  -38 
44  4  44 

//Reference=MNI 
//nullstudy_44
//Subjects=20
-48  -78  -8 
-10  58  -18 
-16  50  28 
12  10  -10 
54  42  4 
46  14  6 
-52  -34  36 
-48  -26  0 

//Reference=MNI 
//nullstudy_45
//Subjects=20
-68  -40  4 
-2  58  -10 
-12  14  -26 
42  34  40 
-14  -46  46 
-50  -42  38 
-38  -60  36 
-20  -84  -24 

//Reference=MNI 
//nullstudy_46
//Subjects=19
-2  -8  -4 
10  8  2 
-52  8  8 
-42  -82  20 
34  8  42 
-6  20  -12 
34  54  -12 
-46  26  -10 

//Reference=MNI 
//nullstudy_47
//Subjects=20
-12  -44  -48 
-60  0  8 
20  32  -26 
-36  -6  14 
20  52  38 
-14  -92  12 
-18  -46  14 
-50  -48  8 

//Reference=MNI 
//nullstudy_48
//Subjects=22
-10  -72  50 
-32  -60  -50 
-6  -60  18 
-36  -30  20 
-18  -44  -8 
-36  -30  14 
36  60  -10 
-24  -42  -22 

//Reference=MNI 
//nullstudy_49
//Subjects=19
22  16  64 
-22  12  -14 
-44  14  6 
44  20  -26 
20  24  4 
-8  26  -28 
-52  4  12 
8  34  18 

//Reference=MNI 
//nullstudy_50
//Subjects=20
-58  -14  40 
-48  -24  -22 
-22  -88  24 
10  12  4 
-26  24  -10 
-12  -60  -28 
-60  -54  10 
-50  6  46 

//Reference=MNI 
//nullstudy_51
//Subjects=19
-38  -22  38 
12  58  30 
12  52  14 
-46  -50  -14 
48  12  4 
-36  26  14 
30  44  44 
-32  -50  -56 

//Reference=MNI 
//nullstudy_52
//Subjects=19
-44  8  -44 
-10  -38  0 
18  16  10 
-32  4  -32 
16  60  -12 
-6  56  12 
-40  36  28 
-48  0  56 

//Reference=MNI 
//nullstudy_53
//Subjects=21
6  30  -16 
-50  -6  -38 
-62  -64  2 
-22  -78  -26 
-56  -14  42 
-64  -54  2 
-14  -52  8 
-10  -24  6 

//Reference=MNI 
//nullstudy_54
//Subjects=20
-6  56  -14 
-36  -84  16 
28  12  42 
38  34  48 
40  16  22 
-12  -72  42 
-30  -46  50 
-4  22  4 

//Reference=MNI 
//nullstudy_55
//Subjects=19
-36  -56  40 
-2  -100  -12 
-24  -60  -24 
-54  -26  18 
34  30  -10 
8  44  -6 
-26  -72  -12 
-54  -24  4 

//Reference=MNI 
//nullstudy_56
//Subjects=20
-18  -4  -46 
-30  46  8 
14  66  16 
-18  -68  -24 
-66  -20  -18 
-46  0  32 
-26  -32  -8 
-8  -4  18 

//Reference=MNI 
//nullstudy_57
//Subjects=20
-28  -38  60 
-14  44  32 
4  50  12 
-32  14  -46 
-40  4  -16 
-10  -34  -16 
-18  12  58 
54  22  40 

//Reference=MNI 
//nullstudy_58
//Subjects=21
-16  -100  10 
4  14  -2 
-24  30  38 
2  36  20 
-18  -94  26 
16  52  -6 
-48  36  26 
-22  -58  68 

//Reference=MNI 
//nullstudy_59
//Subjects=20
-28  52  0 
30  50  30 
48  36  -2 
-46  -20  46 
28  16  44 
-40  2  56 
30  62  -6 
-26  -4  64 

//Reference=MNI 
//nullstudy_60
//Subjects=19
52  14  -16 
-18  -64  48 
-16  24  2 
10  48  2 
-6  -58  -66 
-50  42  4 
48  32  -14 
-26  -8  -6 

//Reference=MNI 
//nullstudy_61
//Subjects=20
40  2  -48 
-46  -12  6 
34  34  24 
8  56  2 
-36  20  -40 
-14  -54  -34 
-34  22  -4 
-24  52  26 

//Reference=MNI 
//nullstudy_62
//Subjects=20
28  24  -30 
24  50  42 
-54  -12  -14 
10  10  52 
-48  -76  32 
-6  -36  -14 
-12  -36  -18 
-28  -92  -6 

//Reference=MNI 
//nullstudy_63
//Subjects=21
-40  -44  -12 
-42  2  24 
-46  -70  -10 
-40  -22  -20 
-16  -68  2 
-38  -68  48 
42  18  4 
-54  -54  -34 

//Reference=MNI 
//nullstudy_64
//Subjects=21
-16  -90  10 
46  26  -4 
6  30  -30 
50  14  28 
-50  -8  24 
-44  -2  -26 
-4  -30  -6 
-36  30  36 

//Reference=MNI 
//nullstudy_65
//Subjects=20
-34  -22  -32 
-10  -38  -20 
-10  54  36 
12  56  -22 
16  60  22 
-32  50  22 
-38  2  56 
-12  -36  6 

//Reference=MNI 
//nullstudy_66
//Subjects=21
-8  -68  20 
-22  -22  68 
-52  -42  -18 
-44  6  -22 
-40  8  -36 
-34  -4  -28 
-4  -48  72 
-16  -72  8 

//Reference=MNI 
//nullstudy_67
//Subjects=21
-28  -68  8 
-30  58  26 
-22  -78  -16 
-36  44  38 
-8  -46  -64 
-10  20  56 
-32  -68  38 
30  24  38 

//Reference=MNI 
//nullstudy_68
//Subjects=20
-26  30  -14 
-42  -68  -22 
-32  -18  -6 
-28  10  2 
-42  24  -16 
2  20  -14 
-32  -48  32 
14  48  4 

//Reference=MNI 
//nullstudy_69
//Subjects=21
-42  -72  38 
-54  20  0 
2  16  68 
34  50  16 
-24  0  -18 
2  32  26 
32  16  0 
-12  60  -8 

//Reference=MNI 
//nullstudy_70
//Subjects=22
-56  -12  8 
-24  -52  52 
-30  -54  -36 
-28  12  6 
-28  4  54 
-26  -102  -10 
-38  -50  66 
24  16  56 

//Reference=MNI 
//nullstudy_71
//Subjects=20
-34  -2  60 
-14  -36  -4 
-50  28  14 
-48  -80  4 
-32  -42  -50 
-44  -44  28 
50  24  4 
-40  0  36 

//Reference=MNI 
//nullstudy_72
//Subjects=21
-34  -70  -28 
-12  -84  -6 
-38  -44  60 
-34  -70  -22 
-50  -28  56 
18  10  -32 
-42  40  30 
-28  -20  2 

//Reference=MNI 
//nullstudy_73
//Subjects=20
-38  0  -12 
50  20  -14 
-42  -40  -26 
-42  0  34 
42  34  12 
42  6  46 
-54  -52  -16 
-32  -74  -46 

//Reference=MNI 
//nullstudy_74
//Subjects=22
-62  -56  10 
-8  -92  -26 
-60  -6  12 
-34  40  -18 
-18  -58  42 
-40  30  12 
-14  -64  -32 
-36  -44  54 

//Reference=MNI 
//nullstudy_75
//Subjects=20
-4  -100  2 
6  16  22 
40  8  20 
-24  6  -20 
-4  18  46 
2  54  -28 
38  18  28 
-8  -78  -10 

//Reference=MNI 
//nullstudy_76
//Subjects=20
40  14  -2 
-34  -48  60 
-20  16  42 
-4  44  32 
-8  10  68 
-48  -62  -16 
-56  -24  22 
-16  -86  26 

//Reference=MNI 
//nullstudy_77
//Subjects=20
42  54  6 
16  8  62 
22  64  -16 
-26  14  52 
-10  -58  14 
-40  22  -34 
-66  -16  18 
-24  -50  38 

//Reference=MNI 
//nullstudy_78
//Subjects=21
-24  -102  6 
-14  -52  62 
-30  42  -20 
-12  10  14 
-60  -26  -18 
-8  -66  -10 
-54  -52  -36 
-28  36  34 

//Reference=MNI 
//nullstudy_79
//Subjects=20
-20  4  64 
-16  48  2 
-28  -86  2 
-42  -26  40 
28  26  -24 
-10  56  -16 
-42  32  24 
10  56  36 

//Reference=MNI 
//nullstudy_80
//Subjects=21
-22  -56  -14 
-2  -64  -24 
40  16  -26 
-38  -80  6 
-16  -56  -10 
58  6  30 
-34  58  2 
6  16  -8 

//Reference=MNI 
//nullstudy_81
//Subjects=21
36  2  48 
36  6  -12 
-2  -24  16 
-32  16  56 
20  10  70 
-56  -60  -8 
-32  14  0 
-52  4  10 

//Reference=MNI 
//nullstudy_82
//Subjects=20
-26  -38  -54 
-38  24  34 
-12  -60  -10 
-28  -14  10 
-60  -58  34 
40  28  24 
22  22  48 
-6  -22  -36 

//Reference=MNI 
//nullstudy_83
//Subjects=17
-22  18  52 
-58  -26  14 
-64  -24  44 
-12  -16  -14 
-56  -12  -32 
-8  62  12 
-6  -16  24 
-36  -2  52 

//Reference=MNI 
//nullstudy_84
//Subjects=21
-34  28  2 
20  48  40 
-38  -86  4 
-22  -100  -2 
-4  -42  -12 
-36  -26  -32 
56  34  14 
-30  -98  4 

//Reference=MNI 
//nullstudy_85
//Subjects=21
-28  -82  -46 
12  36  -20 
14  26  56 
62  2  -14 
-20  26  -22 
-18  36  48 
-40  -66  52 
-18  58  -16 

//Reference=MNI 
//nullstudy_86
//Subjects=19
-6  42  20 
-12  -86  30 
18  54  14 
-10  28  36 
-58  -26  -10 
12  40  34 
-38  20  40 
64  4  32 

//Reference=MNI 
//nullstudy_87
//Subjects=20
0  62  -8 
44  46  18 
-14  -2  -42 
-66  -26  -12 
-18  -6  -18 
-58  -62  -2 
30  24  6 
46  6  -46 

//Reference=MNI 
//nullstudy_88
//Subjects=21
-42  40  22 
22  60  12 
-16  -56  -42 
-46  -6  -36 
8  28  -8 
-46  -32  62 
14  14  -6 
-56  10  40 

//Reference=MNI 
//nullstudy_89
//Subjects=20
-16  4  70 
-58  -18  -16 
-36  8  36 
-38  18  -40 
-18  48  48 
-6  -42  -10 
-24  -8  -24 
-28  -66  28 

//Reference=MNI 
//nullstudy_90
//Subjects=20
-14  16  -14 
-64  -42  8 
-54  -20  -30 
-22  -76  -52 
-14  68  -4 
-22  -54  -62 
-8  -4  52 
-44  -28  56 

//Reference=MNI 
//nullstudy_91
//Subjects=21
-20  56  26 
38  16  -24 
-2  -54  66 
-40  0  58 
-12  -60  44 
-44  -38  -14 
-2  0  20 
-32  -42  56 

//Reference=MNI 
//nullstudy_92
//Subjects=19
-2  -50  -16 
-20  -62  -44 
-18  -12  28 
-52  -20  44 
-26  6  -40 
-42  -58  20 
-2  -56  -4 
-36  4  -18 

//Reference=MNI 
//nullstudy_93
//Subjects=20
-30  24  12 
-40  -52  58 
-34  16  -12 
-42  -32  -22 
-40  2  -22 
-60  -38  38 
-42  -16  32 
40  34  -6 

//Reference=MNI 
//nullstudy_94
//Subjects=20
-24  -62  -34 
16  58  -22 
6  50  -2 
-12  70  -4 
-10  38  58 
-26  -4  -2 
-22  -90  34 
-6  -2  -14 

//Reference=MNI 
//nullstudy_95
//Subjects=20
58  16  26 
-48  -32  54 
6  46  10 
-2  -32  -34 
-44  8  -2 
52  36  18 
-20  -80  18 
-42  26  -14 

//Reference=MNI 
//nullstudy_96
//Subjects=20
-28  -90  -10 
-12  -62  46 
-8  -58  42 
-38  -24  14 
-2  -46  -36 
-40  -20  62 
-8  -56  -64 
-28  -64  -36 

//Reference=MNI 
//nullstudy_97
//Subjects=21
-30  48  16 
12  24  54 
46  10  6 
6  64  8 
-40  -16  -6 
-50  -48  2 
-8  64  0 
40  28  6 

//Reference=MNI 
//nullstudy_98
//Subjects=21
-34  24  -30 
-10  38  -4 
-10  -54  -2 
-12  34  14 
-32  -16  -22 
8  30  10 
-64  -46  6 
14  40  8 

//Reference=MNI 
//nullstudy_99
//Subjects=17
-26  36  -20 
-30  20  -12 
40  22  38 
-14  -48  40 
-58  -6  -36 
-58  -22  24 
-30  -16  0 
-18  -90  28 

//Reference=MNI 
//nullstudy_100
//Subjects=21
-62  -52  34 
-40  12  -28 
-10  -18  -8 
-60  -18  -30 
-10  10  58 
-58  -20  -28 
-56  -16  -12 
-28  -8  -6 

