//Reference=MNI 
//truestudy_1
//Subjects=30
47  -67  -6 
45  -66  -7 
47  -67  -7 
45  -67  -7 
45  -66  -5 
46  -66  -6 
47  -67  -7 
45  -66  -4 

//Reference=MNI 
//truestudy_2
//Subjects=30
46  -67  -8 
47  -65  -6 
45  -66  -5 
46  -66  -5 
46  -66  -5 
45  -67  -6 
46  -65  -3 
45  -66  -6 

//Reference=MNI 
//truestudy_3
//Subjects=30
45  -67  -7 
47  -66  -6 
45  -65  -8 
45  -67  -5 
44  -66  -6 
46  -66  -4 
45  -65  -6 
45  -66  -5 

//Reference=MNI 
//nullstudy_1
//Subjects=30
-52  -22  52 
-14  42  -24 
-8  -96  20 
52  22  -12 
-28  12  -12 
18  22  4 
-20  48  30 
-38  -68  -4 

//Reference=MNI 
//nullstudy_2
//Subjects=30
-26  2  -2 
-44  -38  18 
-26  -40  -50 
-10  -64  10 
-50  -34  22 
-18  -64  -42 
-58  8  2 
-22  -62  -10 

//Reference=MNI 
//nullstudy_3
//Subjects=30
-24  40  -24 
44  2  54 
-46  10  -6 
-60  -32  -10 
40  22  -18 
10  50  8 
36  8  -22 
-20  -94  -14 

//Reference=MNI 
//nullstudy_4
//Subjects=30
-64  -46  22 
-44  -20  20 
-10  44  46 
-8  -38  -52 
-16  -62  14 
-38  14  30 
-10  0  18 
30  8  -22 

//Reference=MNI 
//nullstudy_5
//Subjects=30
-8  42  -4 
-12  -50  72 
-70  -22  4 
-36  -78  -34 
-22  20  -20 
10  18  66 
-66  -20  20 
-38  -4  60 

//Reference=MNI 
//nullstudy_6
//Subjects=30
-36  18  60 
18  62  18 
-38  22  -22 
16  4  -20 
36  28  0 
-14  -104  12 
-38  -60  -58 
-56  2  -8 

//Reference=MNI 
//nullstudy_7
//Subjects=30
4  36  4 
-28  -84  -12 
12  2  -18 
-16  -38  48 
-52  2  -34 
-8  -12  2 
-26  -66  4 
62  16  20 

//Reference=MNI 
//nullstudy_8
//Subjects=30
30  16  -16 
-54  -54  -10 
4  34  -32 
-38  -78  -2 
-54  -28  -4 
44  10  18 
14  14  6 
-38  -60  16 

//Reference=MNI 
//nullstudy_9
//Subjects=31
-4  -88  24 
-32  0  14 
-26  34  44 
12  52  46 
38  4  -48 
-50  -20  52 
-44  -64  8 
-34  46  8 

//Reference=MNI 
//nullstudy_10
//Subjects=30
-4  -16  -10 
-38  4  -42 
-4  -2  8 
12  60  36 
-4  -26  -36 
38  8  6 
-38  8  32 
-2  -84  4 

//Reference=MNI 
//nullstudy_11
//Subjects=30
-2  -12  -6 
-60  -6  38 
-22  -32  2 
-46  -60  -48 
-30  -84  6 
-64  -22  34 
-10  -50  -36 
-26  -88  -4 

//Reference=MNI 
//nullstudy_12
//Subjects=29
-24  16  38 
-32  12  56 
-14  42  -8 
-12  -94  -2 
-24  30  38 
0  18  68 
-14  -56  -28 
-4  -38  -64 

//Reference=MNI 
//nullstudy_13
//Subjects=28
4  12  46 
-52  -16  26 
-4  -44  -60 
-40  18  6 
-2  2  -12 
-36  -38  -4 
6  26  -16 
6  44  54 

//Reference=MNI 
//nullstudy_14
//Subjects=31
60  6  14 
66  4  18 
-20  -44  12 
8  52  12 
-20  -80  -24 
-10  -12  -36 
-54  -74  18 
18  22  62 

//Reference=MNI 
//nullstudy_15
//Subjects=30
30  22  0 
-16  58  20 
-40  -50  -16 
-6  -60  -2 
-58  8  34 
-32  62  16 
32  46  14 
-60  -16  -2 

//Reference=MNI 
//nullstudy_16
//Subjects=31
-4  46  28 
-38  54  -16 
-8  -92  20 
-32  22  -8 
-30  -62  -54 
-30  -66  26 
52  16  28 
-38  -38  -36 

//Reference=MNI 
//nullstudy_17
//Subjects=28
-36  -74  -32 
-8  -64  58 
-34  42  -14 
-16  -4  -28 
-28  -96  -4 
14  18  4 
28  60  2 
-12  50  44 

//Reference=MNI 
//nullstudy_18
//Subjects=33
-16  64  2 
-20  -74  -34 
-22  -76  54 
-4  -10  -16 
-52  28  6 
0  60  20 
-2  46  48 
-2  -10  16 

//Reference=MNI 
//nullstudy_19
//Subjects=31
-16  18  -12 
4  16  62 
-8  32  54 
-14  -8  58 
-28  18  54 
-54  -20  46 
-34  -28  -22 
-6  -60  -18 

//Reference=MNI 
//nullstudy_20
//Subjects=30
4  8  -12 
12  48  -2 
-6  -94  10 
-18  62  24 
-32  -46  -28 
-12  -58  -34 
-32  -64  62 
-20  6  -32 

//Reference=MNI 
//nullstudy_21
//Subjects=32
12  42  -18 
-34  -20  68 
-16  -58  14 
-10  20  -30 
6  62  24 
-10  -82  -48 
-50  -28  14 
-58  -44  -4 

//Reference=MNI 
//nullstudy_22
//Subjects=30
-4  42  10 
-10  -56  14 
-60  8  -10 
-4  18  32 
-44  -50  -4 
-40  52  -6 
12  60  2 
-14  30  26 

//Reference=MNI 
//nullstudy_23
//Subjects=30
6  18  24 
-20  -50  -6 
8  64  32 
-32  -44  38 
-40  -62  -26 
60  20  28 
-20  16  -34 
-32  0  -18 

//Reference=MNI 
//nullstudy_24
//Subjects=29
-18  12  -16 
-44  -42  10 
-40  -4  -6 
28  58  16 
-58  -2  4 
6  8  -10 
-50  -28  48 
-40  2  -38 

//Reference=MNI 
//nullstudy_25
//Subjects=30
-12  -74  6 
-4  42  -14 
-12  -12  28 
-64  -46  -2 
26  6  50 
-44  -18  -2 
-8  70  6 
-12  -104  -14 

//Reference=MNI 
//nullstudy_26
//Subjects=30
-52  -38  42 
-2  -48  -70 
0  48  28 
-34  12  -40 
-22  -44  -38 
-54  -8  14 
-68  -28  -8 
-42  18  -34 

//Reference=MNI 
//nullstudy_27
//Subjects=30
-50  -38  46 
-56  -14  -6 
-44  -32  50 
40  10  58 
-28  18  6 
-62  -30  -26 
-14  64  -16 
-54  -36  -6 

//Reference=MNI 
//nullstudy_28
//Subjects=31
10  32  18 
-12  -30  8 
-28  -78  -30 
-26  -66  -36 
-2  -84  18 
-44  6  18 
-12  -76  -16 
-26  -92  26 

//Reference=MNI 
//nullstudy_29
//Subjects=29
-54  -60  10 
-10  -66  32 
6  58  36 
0  54  18 
-54  32  -10 
-32  -46  32 
20  10  -32 
-6  -58  36 

//Reference=MNI 
//nullstudy_30
//Subjects=29
-56  -52  28 
10  38  50 
-28  -74  32 
-8  -48  -4 
-8  -2  42 
-60  -12  42 
14  10  44 
40  48  -16 

//Reference=MNI 
//nullstudy_31
//Subjects=31
48  10  8 
-50  -64  -40 
-34  -14  60 
-22  -20  -20 
16  48  16 
42  22  -36 
24  18  0 
-4  66  10 

//Reference=MNI 
//nullstudy_32
//Subjects=30
-12  -50  -2 
8  8  34 
10  10  52 
-4  -76  30 
-14  -52  0 
-10  -36  74 
-30  38  36 
-6  -20  -44 

//Reference=MNI 
//nullstudy_33
//Subjects=28
34  44  10 
-48  8  46 
-10  -76  -36 
-40  -90  -12 
-28  -56  58 
-30  60  -10 
-30  -90  14 
54  18  4 

//Reference=MNI 
//nullstudy_34
//Subjects=31
-16  2  -20 
-20  -24  4 
-64  -48  -6 
-22  -48  -44 
-48  -84  4 
46  12  -28 
-30  -12  -38 
-18  8  -10 

//Reference=MNI 
//nullstudy_35
//Subjects=30
-30  -84  40 
-12  -36  -8 
16  68  -10 
10  32  -22 
-4  2  -28 
-2  -70  22 
-36  -28  -12 
-56  -50  -12 

//Reference=MNI 
//nullstudy_36
//Subjects=32
-26  -64  56 
2  58  -14 
44  22  46 
-36  -70  2 
-22  -36  -28 
-48  -44  -20 
-10  -76  8 
-48  -6  44 

//Reference=MNI 
//nullstudy_37
//Subjects=30
50  14  48 
-24  -18  -8 
-8  -74  40 
-8  54  42 
-12  2  44 
-22  -38  -18 
-50  -30  50 
-50  -76  -12 

//Reference=MNI 
//nullstudy_38
//Subjects=30
-64  -44  -14 
-22  -6  74 
-12  -48  60 
-34  -46  -10 
22  12  8 
-6  -66  -12 
-6  -16  16 
50  4  -44 

//Reference=MNI 
//nullstudy_39
//Subjects=30
-6  20  -14 
-36  -24  -14 
-56  -20  30 
-2  -50  -34 
-2  -8  46 
-24  42  -14 
-54  -38  54 
-28  -50  34 

//Reference=MNI 
//nullstudy_40
//Subjects=30
-32  8  36 
-50  40  6 
-2  -74  -50 
12  32  20 
22  10  60 
-40  38  28 
-56  28  22 
0  66  24 

//Reference=MNI 
//nullstudy_41
//Subjects=30
-28  -6  -4 
-26  -48  36 
-24  -86  16 
-18  -90  28 
-8  -104  2 
-50  16  -26 
-34  -72  8 
-16  -76  48 

//Reference=MNI 
//nullstudy_42
//Subjects=29
-12  -98  -2 
-6  18  -8 
-26  -84  -46 
-46  30  -20 
50  8  46 
-36  -50  -52 
-24  -52  -6 
-46  -42  32 

//Reference=MNI 
//nullstudy_43
//Subjects=30
-38  -80  -24 
-20  52  -18 
-46  -40  -26 
14  60  -14 
-44  -46  -20 
-42  -66  -54 
-14  -82  18 
-34  58  8 

//Reference=MNI 
//nullstudy_44
//Subjects=29
-44  -2  -12 
50  40  -8 
-54  -64  -12 
-64  -40  20 
-24  30  30 
-22  -4  68 
-14  -18  48 
-4  -40  54 

//Reference=MNI 
//nullstudy_45
//Subjects=32
-8  38  -6 
-52  -38  22 
-56  4  -18 
-14  -30  58 
-26  -88  32 
-6  -48  76 
-24  66  6 
-32  -86  -30 

//Reference=MNI 
//nullstudy_46
//Subjects=30
18  10  10 
-50  -14  42 
-64  -50  12 
-34  20  -30 
-22  -78  36 
-26  -88  2 
-38  -62  -42 
-12  -42  -18 

//Reference=MNI 
//nullstudy_47
//Subjects=31
-4  -28  52 
-38  -78  -38 
-52  42  8 
-38  -6  -18 
-48  -80  6 
-18  -86  38 
-18  44  -12 
-32  0  38 

//Reference=MNI 
//nullstudy_48
//Subjects=28
-24  -56  48 
-56  -72  16 
-6  -44  -26 
-10  -92  36 
-22  -88  -8 
-14  -26  6 
64  2  2 
-6  -80  -22 

//Reference=MNI 
//nullstudy_49
//Subjects=30
-40  12  -28 
42  20  -38 
50  4  50 
-64  -44  28 
-32  2  52 
-48  26  -18 
24  6  60 
-18  8  -32 

//Reference=MNI 
//nullstudy_50
//Subjects=28
-54  -20  -2 
-48  -70  -4 
-24  -32  -12 
-6  -14  18 
-58  -58  10 
-42  -8  -16 
-32  -40  -26 
-50  28  20 

//Reference=MNI 
//nullstudy_51
//Subjects=31
-28  22  -18 
-34  -78  -12 
-22  -6  44 
-12  -24  34 
26  18  -2 
-28  -38  54 
36  12  -22 
-60  -26  0 

//Reference=MNI 
//nullstudy_52
//Subjects=29
-32  8  8 
-30  -28  62 
-32  24  -2 
-42  26  -16 
12  16  -24 
-10  16  -22 
-64  -30  38 
-40  10  8 

//Reference=MNI 
//nullstudy_53
//Subjects=30
40  22  -10 
24  14  68 
-42  -86  8 
-50  -76  28 
-30  -46  -36 
-24  -32  -6 
-44  0  -22 
4  56  42 

//Reference=MNI 
//nullstudy_54
//Subjects=28
-34  -42  -36 
-10  58  -6 
-26  -42  -24 
28  22  0 
-28  54  34 
-4  -20  18 
-52  -16  -34 
10  68  10 

//Reference=MNI 
//nullstudy_55
//Subjects=30
-32  -8  12 
40  40  18 
-14  -60  -16 
-14  -76  24 
-6  -82  28 
-10  -76  -18 
-10  -4  14 
-48  -42  -34 

//Reference=MNI 
//nullstudy_56
//Subjects=30
-6  -2  44 
26  22  50 
-26  -2  -12 
8  40  36 
-2  -52  72 
-26  -70  -50 
-8  -82  10 
-62  -34  12 

//Reference=MNI 
//nullstudy_57
//Subjects=29
-40  -80  -2 
20  42  -12 
14  34  16 
-16  62  -20 
-62  -56  30 
-60  -58  -10 
-8  4  -8 
-34  -10  -8 

//Reference=MNI 
//nullstudy_58
//Subjects=31
22  8  8 
-32  58  14 
-40  -58  58 
-56  -32  32 
-50  -60  16 
-8  -2  8 
-28  20  -40 
-4  -42  40 

//Reference=MNI 
//nullstudy_59
//Subjects=29
6  26  32 
-24  -68  -22 
-8  44  48 
-36  -30  40 
-28  40  42 
-22  -92  18 
-30  14  50 
-34  -26  18 

//Reference=MNI 
//nullstudy_60
//Subjects=30
-10  -80  32 
52  36  6 
-14  -2  66 
-4  -54  -32 
66  8  16 
-38  -30  38 
32  8  -46 
-34  40  30 

//Reference=MNI 
//nullstudy_61
//Subjects=29
-4  -30  64 
-8  -44  -24 
48  46  -16 
-44  -84  -2 
44  16  56 
-48  -28  -20 
-34  46  24 
-6  2  52 

//Reference=MNI 
//nullstudy_62
//Subjects=30
2  36  2 
-28  -42  12 
-40  -62  2 
-36  -6  -48 
-6  18  -10 
-34  22  10 
-16  60  -2 
44  24  26 

//Reference=MNI 
//nullstudy_63
//Subjects=30
-24  -82  -32 
-48  32  4 
-36  20  -38 
-46  8  -42 
-66  -28  2 
14  8  -6 
-26  -20  -34 
-2  -52  -8 

//Reference=MNI 
//nullstudy_64
//Subjects=31
-24  -70  -28 
-24  -78  4 
-20  56  34 
28  46  -20 
-28  -64  32 
-14  -28  -34 
-48  26  12 
-10  -14  -24 

//Reference=MNI 
//nullstudy_65
//Subjects=29
-4  -58  -4 
-58  -14  46 
-4  -82  20 
-32  22  44 
-6  -6  50 
-42  -4  -32 
-24  -86  -20 
-42  24  40 

//Reference=MNI 
//nullstudy_66
//Subjects=28
-2  4  -26 
20  60  24 
10  14  -6 
42  10  -16 
-52  18  32 
-16  8  0 
-22  -32  10 
32  62  20 

//Reference=MNI 
//nullstudy_67
//Subjects=31
18  24  -4 
-36  -76  -14 
-44  -20  10 
-34  46  30 
50  10  40 
-46  -56  -12 
-30  -60  -4 
-56  30  4 

//Reference=MNI 
//nullstudy_68
//Subjects=30
2  20  30 
-18  16  58 
-4  18  26 
-16  -28  60 
-16  14  56 
-4  -78  -44 
4  4  -6 
-12  -20  -40 

//Reference=MNI 
//nullstudy_69
//Subjects=31
-2  38  50 
24  24  44 
14  16  36 
-34  -52  -8 
-22  -30  -4 
-54  10  4 
-12  -58  -64 
54  10  42 

//Reference=MNI 
//nullstudy_70
//Subjects=30
-20  -48  -28 
-40  -70  -48 
-40  -44  50 
-48  -54  26 
-52  -44  56 
-6  -36  34 
-30  -44  6 
-20  -8  -6 

//Reference=MNI 
//nullstudy_71
//Subjects=31
8  22  -24 
-22  -40  72 
-4  -40  -16 
-12  44  -16 
-58  -8  -22 
-44  -50  48 
-36  -72  -8 
-42  -42  -28 

//Reference=MNI 
//nullstudy_72
//Subjects=31
-46  46  -18 
-38  -36  -18 
-4  -74  36 
-26  -36  -34 
-36  -8  -6 
-14  -52  38 
38  12  56 
50  10  22 

//Reference=MNI 
//nullstudy_73
//Subjects=31
-28  -62  -54 
-32  12  -40 
-38  54  4 
-38  -60  -36 
-46  -74  28 
-28  0  -16 
-32  -82  26 
-48  -58  24 

//Reference=MNI 
//nullstudy_74
//Subjects=29
-46  -36  48 
-14  -14  -18 
-48  44  -10 
10  14  -22 
-54  -40  12 
-56  -70  -10 
10  6  6 
14  16  -10 

//Reference=MNI 
//nullstudy_75
//Subjects=29
-2  -24  24 
-2  -40  -32 
-22  40  -12 
42  34  28 
-14  -6  20 
-6  -22  8 
-44  -42  -50 
0  48  16 

//Reference=MNI 
//nullstudy_76
//Subjects=29
-66  -52  16 
-32  -24  8 
-6  -88  -28 
-48  -74  10 
-36  30  46 
-10  -52  64 
28  58  4 
-54  -60  36 

//Reference=MNI 
//nullstudy_77
//Subjects=27
-12  -30  -34 
-36  16  22 
-2  -12  48 
-54  -34  24 
-22  -70  34 
-52  -64  -32 
-2  -46  10 
-18  10  -30 

//Reference=MNI 
//nullstudy_78
//Subjects=31
-40  -52  50 
-50  8  46 
-14  -14  -36 
-18  -90  34 
-56  -26  -24 
-36  -52  -8 
-2  -74  4 
-14  -62  -46 

//Reference=MNI 
//nullstudy_79
//Subjects=32
18  10  -10 
-6  34  40 
-56  -30  -8 
-4  -84  16 
-52  -54  28 
-36  34  -8 
-62  -52  12 
-8  46  14 

//Reference=MNI 
//nullstudy_80
//Subjects=29
-24  -54  42 
-4  -56  34 
-4  -4  76 
2  22  52 
-32  -14  8 
-34  -72  6 
38  2  -12 
10  60  -6 

//Reference=MNI 
//nullstudy_81
//Subjects=31
-14  32  -18 
26  14  60 
-20  -26  -12 
-30  0  2 
36  8  -24 
-2  52  16 
-4  70  14 
-48  -16  20 

//Reference=MNI 
//nullstudy_82
//Subjects=30
-26  -90  -20 
26  46  44 
-16  48  40 
-14  -76  28 
-8  -100  -14 
42  56  16 
62  2  -2 
-50  -58  -6 

//Reference=MNI 
//nullstudy_83
//Subjects=30
24  6  -46 
-22  16  38 
52  6  -10 
36  44  30 
-30  -86  6 
-26  -66  8 
-48  26  42 
14  2  -14 

//Reference=MNI 
//nullstudy_84
//Subjects=29
36  4  -12 
42  34  -10 
8  16  -20 
32  20  56 
8  2  58 
-8  34  -22 
-38  -58  -44 
32  18  26 

//Reference=MNI 
//nullstudy_85
//Subjects=30
-30  30  54 
-32  -64  60 
8  20  56 
50  42  2 
50  8  34 
44  30  6 
-18  -92  24 
-2  -66  42 

//Reference=MNI 
//nullstudy_86
//Subjects=32
-20  -48  -14 
-2  -48  -24 
-34  62  -12 
-12  -30  40 
-60  -38  42 
-56  -4  -28 
-2  -68  -16 
-2  -62  -50 

//Reference=MNI 
//nullstudy_87
//Subjects=29
-8  -34  -2 
-12  14  6 
18  12  16 
-24  -84  -14 
-36  6  -14 
-18  12  -40 
50  42  0 
-8  -24  78 

//Reference=MNI 
//nullstudy_88
//Subjects=30
42  38  16 
-22  -76  50 
56  10  12 
-66  -36  12 
-10  -40  32 
2  38  40 
-12  -48  34 
10  20  -10 

//Reference=MNI 
//nullstudy_89
//Subjects=28
-58  -64  18 
-40  44  -20 
-4  -60  -4 
-2  60  38 
-60  -6  -30 
-22  -72  36 
-20  -64  -14 
38  44  -2 

//Reference=MNI 
//nullstudy_90
//Subjects=30
-40  6  60 
6  34  2 
-20  -90  36 
-42  48  -10 
-44  -60  -20 
-50  -58  -38 
-44  -18  -34 
-20  -50  -58 

//Reference=MNI 
//nullstudy_91
//Subjects=29
-44  -16  4 
-30  18  46 
-46  -20  58 
38  6  -26 
-36  20  -32 
-54  28  14 
-4  28  -6 
-24  -26  -12 

//Reference=MNI 
//nullstudy_92
//Subjects=30
36  42  32 
-16  -40  40 
10  40  28 
44  4  12 
-40  16  -10 
-44  14  -36 
-56  -38  36 
-54  -22  8 

//Reference=MNI 
//nullstudy_93
//Subjects=31
22  42  50 
22  2  -32 
-36  -76  42 
-16  -68  18 
44  18  16 
-22  -74  38 
38  34  38 
-20  -42  -56 

//Reference=MNI 
//nullstudy_94
//Subjects=31
-50  8  -16 
42  38  10 
-12  -74  6 
-50  -44  16 
-64  -54  6 
0  22  -2 
-26  -38  -18 
-32  -58  -56 

//Reference=MNI 
//nullstudy_95
//Subjects=31
-2  -36  -44 
-16  -78  -38 
-38  -20  -34 
-18  54  12 
-28  -68  60 
-6  -52  36 
2  52  38 
-28  10  -18 

//Reference=MNI 
//nullstudy_96
//Subjects=30
-22  -22  62 
-36  -50  60 
48  4  42 
-32  28  -12 
-38  44  -12 
-14  38  -26 
-28  54  26 
40  52  -10 

//Reference=MNI 
//nullstudy_97
//Subjects=30
-28  -72  34 
28  8  -16 
-10  42  4 
-20  -22  -20 
-34  32  -6 
-62  -36  42 
-12  -20  -12 
-34  -84  10 

//Reference=MNI 
//nullstudy_98
//Subjects=30
-30  4  -16 
4  16  50 
-48  14  44 
-44  -22  20 
-32  -18  6 
20  30  42 
-54  -12  4 
-46  -42  40 

//Reference=MNI 
//nullstudy_99
//Subjects=29
-16  -18  -12 
-32  -6  -46 
-52  -50  36 
-50  44  4 
-34  10  12 
-14  -32  50 
-14  22  66 
46  38  32 

//Reference=MNI 
//nullstudy_100
//Subjects=31
-46  -38  6 
-12  -70  34 
-40  6  -40 
-24  62  -8 
12  46  40 
-6  -58  52 
34  2  34 
48  16  44 

