//Reference=MNI 
//truestudy_1
//Subjects=10
45  -69  -5 
47  -66  -6 
46  -67  -6 
46  -66  -6 
46  -68  -6 
48  -67  -4 
48  -65  -6 
46  -67  -6 

//Reference=MNI 
//truestudy_2
//Subjects=9
47  -66  -6 
45  -66  -6 
45  -66  -5 
47  -68  -7 
47  -67  -6 
47  -65  -5 
45  -66  -5 
47  -66  -8 

//Reference=MNI 
//truestudy_3
//Subjects=10
48  -66  -7 
45  -66  -6 
48  -65  -6 
46  -67  -6 
46  -67  -5 
44  -65  -6 
46  -67  -7 
44  -66  -6 

//Reference=MNI 
//nullstudy_1
//Subjects=10
-42  -54  -18 
-2  -16  54 
8  24  4 
-4  -98  -10 
-12  -100  4 
-38  -62  58 
14  4  66 
-20  -46  2 

//Reference=MNI 
//nullstudy_2
//Subjects=9
30  34  44 
36  20  -14 
-28  -14  -46 
-22  6  54 
-62  -14  36 
-8  26  32 
-20  -74  -10 
24  6  44 

//Reference=MNI 
//nullstudy_3
//Subjects=10
-10  -24  66 
-26  0  -26 
-22  16  42 
-10  -80  -6 
30  12  -12 
-8  -42  -60 
44  54  14 
4  22  -26 

//Reference=MNI 
//nullstudy_4
//Subjects=10
4  12  -14 
-2  -66  -52 
18  26  -18 
-32  38  22 
4  44  26 
-10  -68  6 
-8  -58  -42 
-2  -104  8 

//Reference=MNI 
//nullstudy_5
//Subjects=9
-26  -66  52 
-4  -94  -8 
-48  -12  36 
-6  40  50 
-30  -86  18 
-50  -70  -32 
-46  -4  48 
-4  -72  -10 

//Reference=MNI 
//nullstudy_6
//Subjects=10
-32  48  -18 
-34  -54  44 
-56  -20  6 
-50  -20  34 
0  22  -26 
-12  -48  -46 
-22  2  -22 
-14  -58  -32 

//Reference=MNI 
//nullstudy_7
//Subjects=10
-28  -42  -52 
-62  -50  32 
-34  -10  -26 
-46  -36  4 
-10  -54  36 
-58  2  -28 
10  40  -8 
38  2  -8 

//Reference=MNI 
//nullstudy_8
//Subjects=10
-4  -70  -52 
-4  -48  74 
10  46  34 
40  18  -38 
-48  -44  52 
-68  -34  12 
0  10  30 
-54  10  -2 

//Reference=MNI 
//nullstudy_9
//Subjects=10
-16  -54  54 
-48  -60  6 
-12  -40  64 
-12  -86  30 
-24  -4  -36 
-6  -44  -6 
-34  -12  12 
-18  -80  4 

//Reference=MNI 
//nullstudy_10
//Subjects=9
36  6  4 
20  20  4 
-12  -76  -16 
46  16  8 
-12  -30  -32 
-34  -86  18 
-42  36  -18 
36  30  -16 

//Reference=MNI 
//nullstudy_11
//Subjects=10
-6  -50  62 
-8  66  24 
-14  -60  0 
38  10  60 
-44  -84  6 
-64  -10  -12 
30  20  34 
-8  -52  -46 

//Reference=MNI 
//nullstudy_12
//Subjects=10
-18  -94  0 
-58  -34  -28 
8  18  38 
-18  -104  4 
26  12  -42 
-68  -22  26 
-8  -54  -26 
-40  14  -38 

//Reference=MNI 
//nullstudy_13
//Subjects=9
-2  -32  -4 
2  12  12 
-20  -74  -46 
-56  26  8 
46  8  -18 
6  2  -2 
8  2  -4 
34  14  -4 

//Reference=MNI 
//nullstudy_14
//Subjects=10
26  24  -18 
34  44  38 
10  34  -20 
-64  -26  -26 
-34  -8  -14 
-2  -36  30 
-20  -34  -6 
-48  -36  30 

//Reference=MNI 
//nullstudy_15
//Subjects=10
48  8  -32 
-12  44  6 
-8  -2  -16 
-50  -10  54 
42  32  20 
-64  -26  36 
-32  20  -10 
-18  38  40 

//Reference=MNI 
//nullstudy_16
//Subjects=11
-32  -74  -16 
-24  16  -36 
-30  -54  2 
-4  -44  -66 
30  10  62 
18  18  54 
-62  -26  -4 
44  26  46 

//Reference=MNI 
//nullstudy_17
//Subjects=10
38  50  -6 
-20  -26  4 
-22  -50  -34 
-18  -56  -8 
40  12  42 
18  26  12 
8  46  36 
-56  8  -8 

//Reference=MNI 
//nullstudy_18
//Subjects=10
-30  8  10 
-54  -6  -22 
-22  0  62 
-36  -46  52 
-48  0  32 
-2  24  20 
56  16  -6 
-14  68  20 

//Reference=MNI 
//nullstudy_19
//Subjects=11
-20  -90  32 
-56  -40  -28 
-42  8  -40 
-4  -36  46 
-6  -76  -36 
26  18  -36 
36  44  28 
34  12  30 

//Reference=MNI 
//nullstudy_20
//Subjects=10
-48  6  -2 
18  22  46 
-20  -26  24 
6  46  -10 
6  70  4 
-34  -2  4 
-48  -58  -50 
-18  -78  -16 

//Reference=MNI 
//nullstudy_21
//Subjects=10
30  32  -24 
-32  -6  -10 
-36  12  34 
-4  -24  12 
-54  -22  14 
-32  -56  -48 
-32  -56  -4 
-6  -80  4 

//Reference=MNI 
//nullstudy_22
//Subjects=11
42  22  -20 
-26  18  50 
-58  2  -6 
-54  -44  14 
-50  -52  32 
-34  -14  18 
-30  12  -18 
-38  -28  -26 

//Reference=MNI 
//nullstudy_23
//Subjects=12
-44  -64  -26 
-52  -38  -20 
-58  8  12 
-24  -74  -42 
-14  6  -16 
-28  -8  -20 
-54  -54  12 
56  14  36 

//Reference=MNI 
//nullstudy_24
//Subjects=11
-16  14  -12 
-12  20  58 
-10  -6  42 
-18  -78  -12 
-28  -16  50 
4  38  -18 
44  38  26 
36  14  50 

//Reference=MNI 
//nullstudy_25
//Subjects=11
-8  -64  12 
-40  -58  52 
-8  50  10 
-8  24  44 
0  24  -14 
-8  14  48 
-60  -2  26 
-26  -8  -14 

//Reference=MNI 
//nullstudy_26
//Subjects=11
-32  -56  50 
-36  -50  42 
40  54  4 
52  12  42 
-26  -86  8 
16  58  20 
6  56  44 
-22  -54  -60 

//Reference=MNI 
//nullstudy_27
//Subjects=10
-12  -2  68 
-4  0  -30 
-24  -48  -34 
-26  -4  -6 
-56  -36  8 
22  22  -28 
58  6  16 
46  2  22 

//Reference=MNI 
//nullstudy_28
//Subjects=10
-22  -10  -40 
40  10  50 
-4  18  32 
14  62  -20 
-38  -78  -48 
-10  -26  -34 
-60  -10  -6 
-46  -62  -54 

//Reference=MNI 
//nullstudy_29
//Subjects=8
-10  -76  26 
-20  -84  32 
-40  -42  -20 
-42  44  2 
-60  -52  22 
-10  -42  42 
-56  -48  -2 
-2  -44  28 

//Reference=MNI 
//nullstudy_30
//Subjects=11
8  10  66 
-12  -34  72 
34  4  -18 
-48  -46  50 
-6  -28  80 
32  52  28 
36  44  10 
38  48  20 

//Reference=MNI 
//nullstudy_31
//Subjects=11
-50  -8  12 
-20  -86  30 
-48  -52  -38 
36  32  36 
-70  -32  -6 
-64  -26  30 
-10  34  44 
-62  -54  24 

//Reference=MNI 
//nullstudy_32
//Subjects=10
-16  -40  -4 
-8  -50  -66 
-14  -94  6 
-24  58  18 
-16  -52  -56 
-36  -72  -12 
-60  -60  6 
-12  -84  -2 

//Reference=MNI 
//nullstudy_33
//Subjects=9
40  58  -10 
-16  -58  60 
22  40  26 
-50  8  46 
-16  -42  20 
8  56  14 
32  16  28 
34  24  30 

//Reference=MNI 
//nullstudy_34
//Subjects=10
-2  46  44 
42  26  40 
-2  12  -4 
12  34  -26 
-4  18  36 
-12  8  -6 
-38  -54  56 
-44  -76  26 

//Reference=MNI 
//nullstudy_35
//Subjects=8
-42  -52  14 
-36  -28  54 
-40  -20  4 
-50  16  40 
-24  24  36 
-16  -46  58 
48  16  38 
-32  -56  -62 

//Reference=MNI 
//nullstudy_36
//Subjects=9
-24  -60  42 
-36  -58  -54 
6  24  52 
-20  -64  30 
-2  -28  -50 
-50  0  -16 
-18  14  -6 
-36  -34  12 

//Reference=MNI 
//nullstudy_37
//Subjects=9
-20  -36  -24 
8  8  -20 
-8  66  -10 
-2  -16  -24 
32  56  -4 
-30  -6  60 
-38  -28  -10 
-56  -32  -4 

//Reference=MNI 
//nullstudy_38
//Subjects=10
-18  -38  40 
-22  -90  16 
-34  -4  0 
-54  -30  -20 
-14  26  52 
-40  -46  -16 
-48  -10  34 
50  38  20 

//Reference=MNI 
//nullstudy_39
//Subjects=10
-8  -56  -54 
-12  -60  -34 
-38  -62  -40 
-10  54  -2 
-4  -4  12 
-24  -32  -20 
-38  -20  10 
-42  -60  52 

//Reference=MNI 
//nullstudy_40
//Subjects=10
-6  18  -26 
6  12  6 
-22  -8  -6 
6  46  -20 
-6  -76  52 
-8  -92  -36 
-36  36  34 
-28  8  -36 

//Reference=MNI 
//nullstudy_41
//Subjects=10
-56  16  -12 
-6  -60  32 
46  24  -14 
-14  66  16 
-18  42  -18 
-32  -92  -20 
34  64  12 
-12  18  -22 

//Reference=MNI 
//nullstudy_42
//Subjects=11
-4  -54  72 
40  58  -2 
-10  -102  -14 
0  12  -10 
46  38  -16 
24  6  62 
58  18  6 
-14  -70  32 

//Reference=MNI 
//nullstudy_43
//Subjects=11
-8  -48  -66 
-40  -32  50 
10  50  14 
-24  -38  72 
-20  -38  -6 
-4  -44  76 
-68  -34  -8 
-38  34  38 

//Reference=MNI 
//nullstudy_44
//Subjects=11
-42  14  26 
-16  -98  -22 
4  40  2 
-4  38  -6 
60  8  28 
-32  -72  -14 
-52  -26  8 
-26  -62  32 

//Reference=MNI 
//nullstudy_45
//Subjects=9
-4  -56  16 
-14  -98  16 
-26  -42  -48 
-30  -44  34 
-10  -24  -40 
-70  -24  -8 
-44  -88  -10 
-20  58  14 

//Reference=MNI 
//nullstudy_46
//Subjects=11
-20  -60  16 
-36  50  18 
-12  26  2 
-28  40  20 
-46  -2  -8 
8  26  54 
-24  -14  -16 
-40  10  50 

//Reference=MNI 
//nullstudy_47
//Subjects=10
-52  -40  52 
48  28  -16 
-28  12  -30 
12  20  14 
-42  -48  -42 
-24  -62  38 
0  56  6 
-54  -14  28 

//Reference=MNI 
//nullstudy_48
//Subjects=11
-46  10  -38 
-16  6  66 
26  38  -8 
40  34  30 
12  8  40 
-26  -80  12 
-42  -38  24 
-2  -54  -62 

//Reference=MNI 
//nullstudy_49
//Subjects=9
-18  -2  -36 
-4  60  -10 
-16  2  -24 
12  52  6 
-64  -24  10 
-58  -42  28 
16  44  38 
-36  -88  -6 

//Reference=MNI 
//nullstudy_50
//Subjects=11
-56  -32  54 
-4  22  50 
-6  12  8 
-38  -46  38 
10  30  22 
-20  64  16 
-50  -20  -6 
-12  12  16 

//Reference=MNI 
//nullstudy_51
//Subjects=9
-12  18  70 
-6  -50  -36 
-36  -72  34 
-28  24  -2 
-24  -54  -32 
-2  62  34 
-24  62  12 
-46  22  -8 

//Reference=MNI 
//nullstudy_52
//Subjects=9
-24  -6  -32 
2  42  -4 
-60  -24  48 
2  18  -14 
-12  -44  68 
0  36  24 
-12  30  50 
-38  -64  26 

//Reference=MNI 
//nullstudy_53
//Subjects=10
-18  12  -42 
26  2  -18 
-10  -68  -2 
-38  -22  -34 
-48  2  -30 
-64  -8  26 
30  6  -8 
-12  -82  44 

//Reference=MNI 
//nullstudy_54
//Subjects=11
-32  -22  72 
-58  -30  -20 
-32  46  -20 
-50  32  30 
-42  -54  -6 
32  8  -30 
-18  -58  -22 
48  16  -14 

//Reference=MNI 
//nullstudy_55
//Subjects=9
44  14  38 
-20  -68  58 
-2  50  -28 
-2  -2  0 
-52  -58  18 
-22  -80  -16 
40  24  10 
-10  -14  -38 

//Reference=MNI 
//nullstudy_56
//Subjects=8
-38  8  6 
28  4  -48 
-8  -86  10 
-32  -82  -20 
2  38  2 
-36  -66  34 
-4  68  0 
-10  -20  36 

//Reference=MNI 
//nullstudy_57
//Subjects=11
36  2  62 
16  4  -32 
-38  -66  18 
-4  -62  -36 
6  8  -6 
28  32  -8 
-4  -48  56 
-14  30  26 

//Reference=MNI 
//nullstudy_58
//Subjects=10
-44  -8  -36 
-52  -62  -36 
-10  -8  52 
-50  -76  28 
-26  -14  6 
-26  24  12 
-18  -82  16 
-36  -76  -2 

//Reference=MNI 
//nullstudy_59
//Subjects=11
-14  -58  -32 
-42  -6  -4 
30  40  10 
-24  -74  -12 
-64  -14  -24 
-6  -80  16 
-22  -72  46 
-24  -82  -48 

//Reference=MNI 
//nullstudy_60
//Subjects=12
-18  -58  -6 
-2  -48  52 
-8  18  28 
20  12  0 
58  2  28 
-22  -76  32 
-66  -6  8 
-52  -10  24 

//Reference=MNI 
//nullstudy_61
//Subjects=9
32  2  12 
-16  6  -22 
-54  -20  -20 
-56  -66  36 
-36  18  32 
58  10  12 
-48  -20  2 
-26  -52  -26 

//Reference=MNI 
//nullstudy_62
//Subjects=11
36  40  34 
-50  0  34 
-38  -74  26 
-2  -22  -34 
-24  14  -44 
-4  -26  -16 
48  36  2 
-10  -4  66 

//Reference=MNI 
//nullstudy_63
//Subjects=11
-22  -2  -16 
-12  54  -10 
16  2  -20 
22  2  -34 
-34  -32  -6 
-30  0  -14 
-30  -86  -26 
-30  24  -30 

//Reference=MNI 
//nullstudy_64
//Subjects=9
22  16  52 
-56  -16  -38 
-14  -72  -44 
-50  4  4 
-4  40  -20 
0  44  6 
-16  -74  2 
-18  46  -12 

//Reference=MNI 
//nullstudy_65
//Subjects=12
-28  12  -16 
-20  -72  28 
14  8  -36 
8  40  6 
-36  -24  -10 
-10  -62  40 
-26  -32  62 
14  58  32 

//Reference=MNI 
//nullstudy_66
//Subjects=10
-68  -30  30 
-60  -56  22 
48  48  8 
-66  -8  -6 
-6  -12  24 
-48  12  -38 
-38  -56  12 
-40  -62  -22 

//Reference=MNI 
//nullstudy_67
//Subjects=9
-36  -8  20 
-52  -38  52 
-4  10  42 
-56  26  6 
-18  20  -2 
12  30  34 
-4  4  -18 
-14  -56  -60 

//Reference=MNI 
//nullstudy_68
//Subjects=11
-36  -78  0 
-46  -66  38 
-40  46  -12 
-44  -64  -28 
-62  -30  48 
-44  -4  -32 
-20  -26  26 
-14  52  24 

//Reference=MNI 
//nullstudy_69
//Subjects=11
-54  -2  14 
-42  -52  36 
-10  0  -22 
-24  58  -10 
-18  -88  -14 
-42  -56  38 
-36  -54  -16 
42  14  40 

//Reference=MNI 
//nullstudy_70
//Subjects=10
48  28  36 
-34  30  6 
-40  -76  32 
-4  -30  78 
46  48  12 
12  60  -8 
-10  -66  -28 
-26  -60  66 

//Reference=MNI 
//nullstudy_71
//Subjects=10
36  40  8 
-18  -70  -16 
-18  -92  -28 
-16  -76  38 
0  10  52 
32  8  40 
-16  -90  -8 
-22  -70  -26 

//Reference=MNI 
//nullstudy_72
//Subjects=10
-12  -12  -32 
-26  -48  44 
-14  -38  62 
-34  8  -48 
-10  36  -8 
-36  -80  6 
6  42  -32 
14  10  -6 

//Reference=MNI 
//nullstudy_73
//Subjects=11
-16  16  6 
-2  54  12 
-18  -60  6 
-8  -32  -6 
16  36  22 
-10  24  60 
-6  -44  -14 
-34  36  -22 

//Reference=MNI 
//nullstudy_74
//Subjects=9
-20  -90  -4 
-64  -54  -2 
-56  -6  36 
-46  -40  -38 
-24  -32  -32 
-6  16  -10 
-24  -26  58 
32  18  10 

//Reference=MNI 
//nullstudy_75
//Subjects=11
10  34  62 
-50  44  12 
-26  66  6 
2  38  16 
-46  -24  8 
-36  -38  36 
6  16  40 
-42  -14  48 

//Reference=MNI 
//nullstudy_76
//Subjects=12
48  28  26 
-2  -88  -8 
2  6  42 
30  34  38 
-4  -10  42 
-62  -8  26 
-8  -66  -14 
-8  2  58 

//Reference=MNI 
//nullstudy_77
//Subjects=10
-10  -70  -32 
-32  -94  14 
12  42  -2 
-66  -30  18 
-42  -2  50 
-48  44  -2 
-32  -76  16 
-16  -18  0 

//Reference=MNI 
//nullstudy_78
//Subjects=11
-38  36  28 
-36  -76  -20 
-2  -48  -2 
-20  -2  68 
46  54  0 
-16  -50  32 
10  2  56 
56  32  -2 

//Reference=MNI 
//nullstudy_79
//Subjects=11
-2  -50  58 
-6  -46  2 
-12  -74  -34 
-62  -24  -32 
-24  -48  -32 
-26  48  10 
60  8  26 
-22  -86  6 

//Reference=MNI 
//nullstudy_80
//Subjects=11
14  62  24 
6  58  -8 
-4  56  44 
26  50  34 
20  16  60 
-22  -64  42 
-54  40  -6 
50  6  -30 

//Reference=MNI 
//nullstudy_81
//Subjects=10
-16  8  -18 
-12  -30  72 
-28  -2  12 
-30  12  -46 
-28  -8  8 
-30  -38  46 
62  8  -12 
0  28  -10 

//Reference=MNI 
//nullstudy_82
//Subjects=11
-4  58  0 
10  10  -20 
-46  -60  4 
-12  -68  26 
-28  -80  8 
-42  -12  -46 
28  38  20 
-8  -36  76 

//Reference=MNI 
//nullstudy_83
//Subjects=10
-38  24  50 
-22  -30  -34 
-32  10  10 
-58  -24  52 
14  36  44 
26  44  18 
-18  -28  6 
-36  12  -4 

//Reference=MNI 
//nullstudy_84
//Subjects=10
-54  -6  -44 
4  4  -24 
-54  10  -6 
-30  -76  -26 
-48  18  -22 
28  66  2 
-4  -4  -12 
36  20  22 

//Reference=MNI 
//nullstudy_85
//Subjects=11
-46  -8  0 
-32  -26  60 
-36  -16  -38 
36  8  -38 
-48  -56  -16 
-52  -26  26 
46  8  28 
-50  26  14 

//Reference=MNI 
//nullstudy_86
//Subjects=10
-48  14  34 
-44  -84  14 
10  58  -12 
4  34  6 
6  12  30 
-20  -46  2 
-36  -64  -34 
-44  -86  2 

//Reference=MNI 
//nullstudy_87
//Subjects=9
28  20  -32 
56  4  32 
-6  -52  20 
-40  60  -2 
-14  -48  54 
-18  16  -10 
-6  -86  30 
-2  -90  0 

//Reference=MNI 
//nullstudy_88
//Subjects=10
-12  -30  -28 
-40  14  48 
-50  -8  -44 
-48  -18  6 
12  2  24 
-12  -32  -16 
14  2  76 
-46  -36  28 

//Reference=MNI 
//nullstudy_89
//Subjects=12
-52  -52  -12 
-48  42  2 
-40  -20  -18 
-10  -60  60 
-4  -68  36 
2  48  2 
-58  -52  -18 
-10  -68  -12 

//Reference=MNI 
//nullstudy_90
//Subjects=12
-18  54  -14 
60  26  6 
-28  -38  66 
2  12  56 
-4  -38  44 
-14  -70  -2 
-20  14  -6 
-2  -66  -14 

//Reference=MNI 
//nullstudy_91
//Subjects=10
4  40  -20 
4  46  14 
6  14  72 
12  36  0 
8  22  0 
-10  14  58 
34  18  22 
-4  48  12 

//Reference=MNI 
//nullstudy_92
//Subjects=8
-6  -40  68 
6  18  -2 
34  8  -36 
-36  -72  -50 
16  62  30 
-22  -4  -14 
-44  -2  38 
-20  34  38 

//Reference=MNI 
//nullstudy_93
//Subjects=12
-58  -26  -6 
-34  24  38 
-36  -4  16 
-6  42  28 
-10  -74  -30 
20  54  20 
-48  30  -16 
-10  6  22 

//Reference=MNI 
//nullstudy_94
//Subjects=11
-50  -28  36 
-46  -50  34 
6  56  -22 
-56  2  -26 
-6  -54  26 
-6  -74  30 
-42  -2  8 
-22  -28  68 

//Reference=MNI 
//nullstudy_95
//Subjects=11
-60  -32  28 
60  4  32 
-42  -52  50 
-42  -46  -28 
-8  6  54 
-12  -6  78 
2  46  2 
-18  -62  52 

//Reference=MNI 
//nullstudy_96
//Subjects=11
-52  -30  26 
10  52  -20 
-34  -70  -58 
-12  -74  34 
-52  20  16 
34  6  14 
-12  12  -2 
-20  -74  -38 

//Reference=MNI 
//nullstudy_97
//Subjects=9
-26  48  28 
6  54  12 
-26  -54  -6 
12  58  -8 
-6  -16  72 
-34  -36  -38 
-22  -92  10 
-52  -22  14 

//Reference=MNI 
//nullstudy_98
//Subjects=9
-48  -10  54 
12  58  -4 
12  20  14 
12  14  46 
-18  -38  0 
-10  -104  -12 
-6  20  28 
-20  -62  0 

//Reference=MNI 
//nullstudy_99
//Subjects=11
-10  22  42 
-18  60  -18 
-10  -48  -10 
-14  -58  -62 
-2  30  -8 
-16  -70  8 
26  52  8 
-34  -68  -34 

//Reference=MNI 
//nullstudy_100
//Subjects=10
10  38  50 
38  2  62 
32  50  32 
-16  -22  14 
-24  18  54 
28  38  -12 
30  50  34 
-42  46  -2 

