//Reference=MNI 
//truestudy_1
//Subjects=29
46  -66  -5 
45  -65  -5 
46  -65  -5 
47  -66  -7 
44  -66  -9 
45  -68  -6 
45  -65  -7 
46  -66  -6 

//Reference=MNI 
//truestudy_2
//Subjects=29
45  -65  -5 
46  -66  -7 
46  -67  -6 
47  -67  -5 
47  -68  -7 
45  -65  -5 
46  -67  -6 
45  -66  -8 

//Reference=MNI 
//truestudy_3
//Subjects=30
46  -64  -7 
46  -68  -6 
46  -66  -8 
46  -66  -5 
48  -67  -6 
45  -66  -6 
46  -66  -5 
47  -66  -6 

//Reference=MNI 
//nullstudy_1
//Subjects=29
6  42  10 
16  6  -30 
44  24  6 
-52  -32  40 
-14  -64  -62 
28  58  -12 
10  20  -28 
52  10  -22 

//Reference=MNI 
//nullstudy_2
//Subjects=29
-40  -72  -16 
28  38  22 
48  32  -2 
-42  -2  18 
-48  -22  28 
32  62  -14 
-36  -8  6 
-54  -38  -12 

//Reference=MNI 
//nullstudy_3
//Subjects=30
-52  12  14 
-6  18  0 
-18  -52  10 
20  52  10 
-42  16  56 
-10  54  -20 
-46  -16  10 
-10  20  68 

//Reference=MNI 
//nullstudy_4
//Subjects=30
12  34  -28 
-22  -92  28 
-20  40  44 
-20  -4  -26 
-34  -10  58 
-52  -56  -32 
-50  20  -12 
-60  -62  6 

//Reference=MNI 
//nullstudy_5
//Subjects=31
6  42  46 
-46  -40  16 
-8  -56  4 
-38  -16  -44 
-28  -64  8 
2  68  10 
-38  -66  2 
54  26  -2 

//Reference=MNI 
//nullstudy_6
//Subjects=30
12  14  38 
2  36  12 
-36  20  -30 
-10  -62  38 
-28  -80  -18 
-42  -26  56 
6  56  8 
-48  -46  30 

//Reference=MNI 
//nullstudy_7
//Subjects=30
-44  -44  -38 
-10  -30  52 
0  50  -8 
-36  46  -18 
0  12  44 
-22  -72  -50 
-2  -14  -14 
-4  8  6 

//Reference=MNI 
//nullstudy_8
//Subjects=29
24  44  -14 
14  30  22 
-4  -24  -46 
-46  22  16 
-36  -40  -12 
44  10  -38 
58  4  40 
-54  -54  -14 

//Reference=MNI 
//nullstudy_9
//Subjects=31
-20  -64  66 
-12  8  56 
-22  -58  44 
54  12  14 
-24  -40  -46 
-20  -30  -22 
-54  -72  -10 
36  20  28 

//Reference=MNI 
//nullstudy_10
//Subjects=32
-60  -18  -34 
-36  -84  -32 
-24  -16  -20 
-32  -16  8 
-64  0  4 
-10  -86  -46 
52  14  32 
-22  -52  60 

//Reference=MNI 
//nullstudy_11
//Subjects=27
-42  14  46 
-14  -48  28 
-48  -28  -18 
-8  62  34 
54  20  -24 
-2  -100  20 
-38  38  -8 
-14  -72  36 

//Reference=MNI 
//nullstudy_12
//Subjects=28
4  44  20 
44  14  -6 
-14  -18  38 
10  42  30 
20  48  36 
-54  -30  28 
-8  2  36 
2  58  -26 

//Reference=MNI 
//nullstudy_13
//Subjects=30
-14  22  6 
-58  -28  30 
-36  -60  -2 
-26  36  -20 
-26  62  -10 
0  24  64 
22  50  4 
-48  -70  20 

//Reference=MNI 
//nullstudy_14
//Subjects=31
-10  32  -22 
40  2  10 
-10  16  52 
-20  -54  -40 
-36  36  8 
-2  -76  -4 
20  62  -12 
-36  -18  0 

//Reference=MNI 
//nullstudy_15
//Subjects=31
-2  34  36 
10  6  6 
-36  -64  58 
30  58  6 
-32  -6  -24 
-24  56  -4 
-48  -26  58 
-4  -78  -36 

//Reference=MNI 
//nullstudy_16
//Subjects=28
-46  -2  -24 
-8  -74  -4 
34  14  40 
6  20  -2 
-18  50  18 
14  20  0 
-12  -52  -58 
4  6  -16 

//Reference=MNI 
//nullstudy_17
//Subjects=31
-14  -66  66 
-8  -16  4 
-10  -8  42 
-38  8  8 
-8  42  42 
-36  -28  8 
-14  -28  26 
-36  -78  -10 

//Reference=MNI 
//nullstudy_18
//Subjects=30
-18  -74  22 
38  16  12 
18  70  8 
-10  -68  18 
42  32  38 
-40  14  -44 
14  32  54 
24  22  52 

//Reference=MNI 
//nullstudy_19
//Subjects=31
-30  14  -10 
-34  54  -6 
-32  -30  70 
-38  -60  -44 
-32  22  58 
44  28  20 
22  6  62 
-16  -74  -20 

//Reference=MNI 
//nullstudy_20
//Subjects=30
-30  16  44 
-6  -8  -14 
34  22  -42 
-12  -44  -64 
-32  60  2 
-28  -64  50 
-8  -2  -32 
48  12  -2 

//Reference=MNI 
//nullstudy_21
//Subjects=30
-28  -92  4 
-58  18  6 
22  20  42 
24  30  -20 
8  28  54 
-42  32  38 
-16  -48  -48 
12  42  46 

//Reference=MNI 
//nullstudy_22
//Subjects=30
-36  -70  4 
-20  -64  62 
38  42  30 
-4  2  -8 
-32  -88  -10 
-24  -24  -6 
-24  30  -22 
-18  -4  72 

//Reference=MNI 
//nullstudy_23
//Subjects=31
-32  -64  24 
-62  -14  -14 
-28  56  10 
22  20  54 
22  8  6 
58  26  4 
-48  -12  36 
-34  -14  2 

//Reference=MNI 
//nullstudy_24
//Subjects=30
-42  -88  4 
-12  52  4 
-10  36  -2 
-36  30  16 
-50  -18  -6 
-14  -104  -6 
-22  -58  -10 
-18  -64  -26 

//Reference=MNI 
//nullstudy_25
//Subjects=30
32  22  44 
-10  -82  -32 
-24  -70  -20 
54  2  14 
-4  -36  -54 
-10  0  18 
4  70  0 
-18  -40  -14 

//Reference=MNI 
//nullstudy_26
//Subjects=30
-36  -66  28 
-38  -92  -6 
-26  -30  -20 
-52  -46  48 
40  4  8 
48  30  28 
-16  -64  -56 
-58  -22  40 

//Reference=MNI 
//nullstudy_27
//Subjects=31
-2  58  -6 
-36  -54  62 
-8  -40  70 
-64  -24  -20 
0  6  4 
-6  -24  10 
46  2  54 
-24  -66  -40 

//Reference=MNI 
//nullstudy_28
//Subjects=29
-18  -26  28 
32  34  -4 
-4  -42  42 
46  2  -26 
0  32  10 
-32  8  -20 
-26  -36  -12 
-40  24  48 

//Reference=MNI 
//nullstudy_29
//Subjects=30
-8  -20  60 
40  54  16 
24  8  -10 
8  26  -30 
-2  56  -16 
22  62  18 
-12  62  0 
2  32  60 

//Reference=MNI 
//nullstudy_30
//Subjects=32
-26  -72  48 
-54  -34  -28 
30  58  -4 
-6  28  36 
-34  0  56 
14  38  -10 
8  30  56 
-26  -20  -22 

//Reference=MNI 
//nullstudy_31
//Subjects=29
4  8  -16 
-32  12  64 
-34  -30  58 
-6  16  14 
-52  -38  -16 
-32  8  -34 
-6  -34  10 
-54  -36  50 

//Reference=MNI 
//nullstudy_32
//Subjects=31
14  24  64 
-34  -42  -56 
-10  -86  6 
-42  -78  36 
6  2  28 
-58  4  -4 
-14  -102  2 
-30  -52  -14 

//Reference=MNI 
//nullstudy_33
//Subjects=29
44  56  -6 
-52  -30  0 
60  16  18 
-6  -94  28 
-64  -14  -16 
-4  -2  -16 
-62  -12  -32 
-44  -28  -18 

//Reference=MNI 
//nullstudy_34
//Subjects=29
6  14  8 
50  8  14 
-56  -50  -36 
-4  -24  30 
-42  6  52 
-30  -56  -36 
-48  12  -10 
-30  38  30 

//Reference=MNI 
//nullstudy_35
//Subjects=30
38  14  4 
-52  14  -32 
8  32  6 
16  18  -22 
-18  -60  32 
-68  -14  2 
-28  -38  56 
16  8  16 

//Reference=MNI 
//nullstudy_36
//Subjects=30
-26  -38  0 
-66  -24  -28 
-10  20  -8 
-52  -66  36 
4  64  -2 
-12  -62  -24 
-6  -90  32 
8  2  50 

//Reference=MNI 
//nullstudy_37
//Subjects=30
-22  -48  -14 
-32  -76  -12 
-6  8  44 
-26  12  -26 
-66  -20  -10 
2  16  -26 
-62  -44  30 
-32  14  -6 

//Reference=MNI 
//nullstudy_38
//Subjects=30
-40  32  4 
-66  -48  30 
-2  -34  -20 
-2  -22  -12 
50  18  28 
-10  4  -10 
-40  -2  54 
50  32  12 

//Reference=MNI 
//nullstudy_39
//Subjects=26
2  8  74 
-44  0  -6 
-22  -66  10 
-50  -36  -4 
-60  -56  26 
2  32  -2 
20  28  42 
-8  -34  -12 

//Reference=MNI 
//nullstudy_40
//Subjects=30
46  36  -6 
-32  10  16 
-16  8  -20 
42  18  -42 
38  50  -16 
-4  44  -16 
16  60  -4 
-18  -56  22 

//Reference=MNI 
//nullstudy_41
//Subjects=29
-10  -24  48 
-54  -14  48 
-2  -12  -20 
-26  -6  68 
-32  -70  28 
-64  -48  22 
-36  -56  28 
-34  -50  -16 

//Reference=MNI 
//nullstudy_42
//Subjects=28
-26  -70  -10 
-42  -58  -50 
-40  -38  -44 
48  22  -32 
-36  -32  16 
-22  -44  70 
-56  0  -28 
-46  -48  -54 

//Reference=MNI 
//nullstudy_43
//Subjects=31
-42  38  14 
-34  12  -20 
-32  -54  -8 
2  46  14 
-36  10  -12 
-32  -58  -34 
-34  -34  58 
-54  -10  2 

//Reference=MNI 
//nullstudy_44
//Subjects=32
-10  -54  66 
-24  -58  58 
-10  -20  8 
-48  -58  2 
-6  -88  -30 
12  2  60 
-34  -62  -48 
-10  -4  -36 

//Reference=MNI 
//nullstudy_45
//Subjects=31
-2  -12  48 
-22  -16  -32 
56  12  -28 
-56  -12  36 
-14  -14  -26 
-42  -74  6 
-28  2  -28 
-6  0  36 

//Reference=MNI 
//nullstudy_46
//Subjects=30
-22  -72  -44 
-48  -30  48 
-12  -20  78 
-14  -88  38 
-4  24  26 
-52  -2  -2 
-42  -64  -8 
-40  -56  -58 

//Reference=MNI 
//nullstudy_47
//Subjects=31
8  54  4 
-34  28  20 
-16  -58  30 
-2  0  42 
-6  44  -20 
-32  -36  -42 
10  60  -4 
-46  -8  -10 

//Reference=MNI 
//nullstudy_48
//Subjects=31
-20  32  -10 
-22  -98  6 
-52  -48  -18 
-4  -46  -50 
-56  -66  2 
-16  -16  -36 
-12  18  32 
-16  50  -16 

//Reference=MNI 
//nullstudy_49
//Subjects=30
14  22  14 
-42  -14  18 
-16  -56  26 
-40  -54  12 
10  6  -22 
-14  16  -18 
-60  -6  22 
-2  -24  -8 

//Reference=MNI 
//nullstudy_50
//Subjects=30
-46  12  54 
-30  -64  -48 
-66  -34  8 
-50  -8  2 
12  12  -26 
-42  30  30 
-16  -58  64 
-4  -78  -16 

//Reference=MNI 
//nullstudy_51
//Subjects=30
8  4  30 
-48  -26  30 
18  44  46 
-24  18  -14 
-50  -70  -16 
-26  10  -16 
-60  -60  10 
-42  -16  -4 

//Reference=MNI 
//nullstudy_52
//Subjects=29
26  8  60 
-12  -78  38 
-32  0  -6 
-6  -74  14 
22  36  28 
-28  -26  58 
-2  -46  20 
-26  -74  6 

//Reference=MNI 
//nullstudy_53
//Subjects=30
-32  -40  36 
-32  -46  4 
-42  42  22 
-24  -52  -56 
-36  -50  -40 
16  60  0 
-44  -24  -26 
-56  -4  4 

//Reference=MNI 
//nullstudy_54
//Subjects=29
-60  -34  16 
46  46  2 
-52  -4  -18 
-10  -58  30 
-8  58  40 
-40  -38  -24 
-22  36  30 
-38  -46  -56 

//Reference=MNI 
//nullstudy_55
//Subjects=31
-22  -28  56 
22  14  2 
-2  -78  8 
28  18  -28 
-16  6  -34 
-30  -66  -18 
-10  -84  -28 
12  64  10 

//Reference=MNI 
//nullstudy_56
//Subjects=31
-52  -76  0 
-12  -50  -6 
-56  -30  -32 
-22  -14  -12 
-12  -26  50 
-28  -22  62 
-36  -70  44 
-6  12  52 

//Reference=MNI 
//nullstudy_57
//Subjects=29
-34  -68  -4 
-26  62  -16 
-20  -46  66 
-28  -32  68 
28  44  18 
-10  52  22 
30  30  44 
-36  -68  40 

//Reference=MNI 
//nullstudy_58
//Subjects=31
-50  -64  10 
-36  -26  4 
-18  -26  2 
-12  8  64 
-36  -44  44 
48  22  -18 
-2  -46  -18 
8  56  42 

//Reference=MNI 
//nullstudy_59
//Subjects=30
-54  -58  -36 
-6  34  -28 
-22  -62  -12 
-20  -34  -38 
8  46  -16 
-36  -24  -32 
14  4  62 
-12  58  12 

//Reference=MNI 
//nullstudy_60
//Subjects=30
-24  40  -16 
-58  -62  22 
-26  -54  -44 
-24  4  -24 
-8  18  8 
-30  -40  -26 
-34  -70  12 
-22  -8  -30 

//Reference=MNI 
//nullstudy_61
//Subjects=29
-8  -84  -36 
30  58  30 
50  10  38 
-34  -56  -28 
-26  10  -32 
-28  4  -20 
-56  -38  34 
48  2  12 

//Reference=MNI 
//nullstudy_62
//Subjects=30
-22  40  30 
-24  -20  -24 
-12  -2  -20 
-62  -52  28 
-16  -82  -2 
-28  32  -2 
-30  -16  52 
-18  54  20 

//Reference=MNI 
//nullstudy_63
//Subjects=30
-48  -72  24 
-20  -24  66 
36  44  30 
-58  -30  -20 
-54  2  22 
-26  -68  36 
-14  36  -24 
-8  -102  8 

//Reference=MNI 
//nullstudy_64
//Subjects=30
-4  -64  4 
-38  -76  -2 
-16  -56  56 
-22  -32  -40 
-58  -50  22 
50  14  -30 
-28  -74  -20 
-18  -66  58 

//Reference=MNI 
//nullstudy_65
//Subjects=30
0  18  32 
-38  44  20 
-14  -68  -52 
-36  40  -22 
-42  48  24 
-40  -24  24 
-28  52  20 
-50  10  -24 

//Reference=MNI 
//nullstudy_66
//Subjects=30
-38  8  10 
-62  -42  42 
6  8  4 
44  2  4 
-6  -70  -46 
-16  -68  -2 
-48  -52  22 
-38  32  -18 

//Reference=MNI 
//nullstudy_67
//Subjects=30
-48  8  38 
-30  26  32 
-40  -64  -56 
-6  22  20 
-32  -10  16 
-58  -2  4 
30  24  44 
-4  -50  -24 

//Reference=MNI 
//nullstudy_68
//Subjects=30
-28  -32  66 
-34  6  62 
-12  -86  40 
-2  -88  28 
-42  -28  8 
-28  46  30 
20  8  -2 
-54  -50  28 

//Reference=MNI 
//nullstudy_69
//Subjects=30
-40  -20  -6 
-34  -2  0 
-26  -72  -56 
-26  20  -16 
-24  -74  -40 
-56  2  -4 
-50  -70  -32 
-16  -48  -52 

//Reference=MNI 
//nullstudy_70
//Subjects=28
-8  -56  60 
-24  14  54 
-12  -20  -24 
-36  -52  -28 
-24  -32  -20 
-46  -56  6 
46  6  -34 
-14  -84  46 

//Reference=MNI 
//nullstudy_71
//Subjects=31
-6  -78  24 
38  52  -18 
-26  -76  -44 
-16  -4  -34 
-30  -58  -14 
44  40  2 
-68  -24  -4 
-8  -96  -14 

//Reference=MNI 
//nullstudy_72
//Subjects=32
-6  -28  60 
-8  -84  40 
2  12  54 
-32  40  -14 
-32  4  46 
50  42  24 
-34  -70  -38 
-20  -58  -8 

//Reference=MNI 
//nullstudy_73
//Subjects=29
-2  -52  12 
-20  26  -20 
12  60  -16 
-60  -28  -8 
-18  -76  -46 
-50  -74  28 
-50  -10  -30 
-2  26  60 

//Reference=MNI 
//nullstudy_74
//Subjects=29
-48  16  8 
-14  42  18 
34  4  66 
-18  -74  -46 
-66  -32  30 
16  30  -2 
-32  -94  4 
10  8  -32 

//Reference=MNI 
//nullstudy_75
//Subjects=31
16  58  -8 
-22  26  -12 
10  30  50 
62  6  6 
-52  -44  14 
12  30  -18 
-56  14  -16 
16  10  10 

//Reference=MNI 
//nullstudy_76
//Subjects=29
-12  34  -16 
-54  -62  -20 
-36  -30  46 
-18  -18  -28 
52  18  -20 
12  70  4 
-62  -30  -20 
52  18  26 

//Reference=MNI 
//nullstudy_77
//Subjects=32
40  32  4 
-20  -10  -16 
36  52  -4 
-14  54  -4 
36  36  -16 
-26  -62  -10 
0  48  44 
38  30  -4 

//Reference=MNI 
//nullstudy_78
//Subjects=31
22  18  -2 
-46  0  -30 
-24  -8  -28 
-22  -10  70 
12  14  40 
-34  -46  -6 
-4  -96  -14 
50  24  -16 

//Reference=MNI 
//nullstudy_79
//Subjects=31
-12  10  46 
-8  -24  -40 
-20  -20  -36 
-10  60  0 
-44  0  42 
-24  -82  -42 
-10  -98  16 
-42  10  2 

//Reference=MNI 
//nullstudy_80
//Subjects=30
-34  20  28 
-46  -54  -20 
34  10  -22 
-44  -42  -16 
-32  10  4 
-40  52  -2 
-26  -88  18 
-26  -72  52 

//Reference=MNI 
//nullstudy_81
//Subjects=29
-14  24  52 
-6  28  46 
44  16  -2 
-14  -68  28 
-38  -82  -8 
40  24  28 
-22  -52  50 
-68  -30  8 

//Reference=MNI 
//nullstudy_82
//Subjects=29
-6  44  -16 
32  30  0 
-34  -64  -56 
-4  -10  42 
-4  -42  30 
-54  -6  -34 
12  62  0 
6  22  -24 

//Reference=MNI 
//nullstudy_83
//Subjects=30
-26  -42  74 
-32  48  18 
-32  -52  -22 
-6  -72  2 
-10  36  -4 
42  10  30 
-2  -60  -26 
-36  -50  -14 

//Reference=MNI 
//nullstudy_84
//Subjects=29
56  32  0 
-48  0  34 
-34  32  50 
8  20  34 
60  2  40 
-10  -50  54 
26  28  -6 
-10  -60  -12 

//Reference=MNI 
//nullstudy_85
//Subjects=31
38  8  4 
-44  4  30 
-68  -44  18 
56  6  -20 
-20  -28  72 
30  28  40 
56  34  -2 
14  12  22 

//Reference=MNI 
//nullstudy_86
//Subjects=30
24  54  32 
16  64  -18 
-2  -78  6 
-12  -40  -32 
-16  -100  -6 
-2  -92  36 
38  4  -34 
-52  -34  54 

//Reference=MNI 
//nullstudy_87
//Subjects=31
-30  4  -46 
-50  -76  30 
-30  -50  38 
12  40  -18 
-4  -88  -2 
-50  -52  22 
-34  -8  -42 
-54  -52  0 

//Reference=MNI 
//nullstudy_88
//Subjects=31
-30  50  -10 
-18  -36  -50 
-4  -20  42 
38  62  -2 
40  18  20 
-46  -70  -2 
-36  -28  2 
-58  -6  -16 

//Reference=MNI 
//nullstudy_89
//Subjects=30
50  10  42 
-4  -72  -48 
-6  -14  -10 
50  6  14 
46  36  12 
-4  -44  8 
26  10  -40 
-44  -8  -28 

//Reference=MNI 
//nullstudy_90
//Subjects=31
-22  12  48 
-6  2  58 
-4  -46  60 
20  28  38 
6  12  58 
-22  -10  -22 
30  24  38 
18  16  2 

//Reference=MNI 
//nullstudy_91
//Subjects=31
24  18  56 
-32  52  28 
-44  -20  24 
-38  10  34 
-12  -8  72 
-48  34  -6 
-28  16  42 
16  8  -8 

//Reference=MNI 
//nullstudy_92
//Subjects=30
-52  -12  8 
10  42  38 
-28  12  -6 
-32  14  16 
16  24  6 
22  48  42 
-24  4  54 
14  10  6 

//Reference=MNI 
//nullstudy_93
//Subjects=31
6  6  -14 
-52  -48  32 
50  8  36 
-38  -28  68 
-10  46  -14 
66  2  22 
-10  -66  -14 
-16  30  -18 

//Reference=MNI 
//nullstudy_94
//Subjects=28
-30  34  46 
-42  -48  -16 
-46  -78  34 
-4  -36  -16 
-32  44  0 
-34  18  -24 
-60  -54  14 
-28  48  24 

//Reference=MNI 
//nullstudy_95
//Subjects=30
-14  2  24 
-52  8  40 
-30  -22  -20 
-6  -4  76 
-20  4  0 
-52  -34  54 
-14  -70  32 
-6  14  2 

//Reference=MNI 
//nullstudy_96
//Subjects=29
-48  4  14 
-12  24  6 
30  24  58 
-16  -86  34 
-14  -46  56 
10  32  -16 
-56  -56  -42 
42  38  -14 

//Reference=MNI 
//nullstudy_97
//Subjects=29
12  32  -20 
0  56  -18 
-46  -62  18 
-14  -48  -50 
-62  -50  0 
-4  -98  -14 
-46  12  -42 
-22  -90  4 

//Reference=MNI 
//nullstudy_98
//Subjects=30
-6  36  -24 
-46  -22  -28 
-30  -94  -12 
-56  -40  32 
-48  2  22 
-48  -50  38 
6  16  52 
-10  38  -2 

//Reference=MNI 
//nullstudy_99
//Subjects=30
48  2  -30 
-8  32  -18 
-16  -38  70 
2  6  -26 
-2  28  -12 
-42  46  -4 
-22  -92  26 
-32  -38  -46 

//Reference=MNI 
//nullstudy_100
//Subjects=28
16  26  -26 
-52  -44  30 
-10  32  -24 
-56  4  -28 
-24  -72  -46 
-30  16  42 
-48  -4  -44 
0  40  14 

