//Reference=MNI 
//truestudy_1
//Subjects=30
46  -66  -8 
46  -66  -5 
46  -65  -6 
46  -66  -7 
48  -67  -5 
46  -67  -7 
44  -66  -7 
46  -64  -6 

//Reference=MNI 
//truestudy_2
//Subjects=31
46  -67  -6 
47  -65  -7 
44  -67  -5 
46  -66  -6 
46  -65  -7 
47  -65  -7 
46  -67  -4 
45  -65  -7 

//Reference=MNI 
//truestudy_3
//Subjects=29
47  -66  -5 
46  -68  -5 
48  -67  -6 
47  -65  -4 
46  -64  -7 
46  -66  -4 
47  -67  -6 
46  -67  -6 

//Reference=MNI 
//nullstudy_1
//Subjects=30
34  40  14 
-38  8  12 
-34  -70  -40 
-2  -12  10 
-48  -42  38 
-38  -88  -2 
-8  -78  -52 
-10  -46  -12 

//Reference=MNI 
//nullstudy_2
//Subjects=31
24  34  -18 
-50  2  54 
-24  -48  -30 
-38  20  -18 
-56  -52  -6 
-54  -58  44 
32  16  0 
-8  4  -30 

//Reference=MNI 
//nullstudy_3
//Subjects=29
-32  6  46 
-44  14  2 
-12  -46  50 
-42  -26  36 
54  12  4 
-4  52  4 
-52  -58  44 
-64  4  18 

//Reference=MNI 
//nullstudy_4
//Subjects=29
-58  -46  22 
-20  6  46 
-22  -44  -44 
-16  -66  14 
-62  -48  -26 
6  66  4 
-8  -34  -56 
52  42  4 

//Reference=MNI 
//nullstudy_5
//Subjects=31
-18  -62  24 
-18  56  12 
-34  26  -6 
10  44  40 
-40  58  -4 
26  58  10 
-28  -76  30 
-40  -20  50 

//Reference=MNI 
//nullstudy_6
//Subjects=30
40  6  -18 
-2  -54  -26 
38  2  46 
-34  -78  0 
-26  24  -20 
-64  -16  -20 
-52  -30  50 
-66  -14  4 

//Reference=MNI 
//nullstudy_7
//Subjects=30
-4  -58  -12 
32  18  -28 
-46  -48  58 
-30  -92  -2 
-10  -52  6 
-10  -12  18 
-36  -16  18 
-2  -64  22 

//Reference=MNI 
//nullstudy_8
//Subjects=30
-22  -34  -30 
-40  -52  24 
-2  -8  70 
-34  -14  14 
-4  -8  22 
-44  -20  56 
-4  -56  64 
-50  -52  -24 

//Reference=MNI 
//nullstudy_9
//Subjects=29
-30  -66  -52 
-26  -56  -58 
-40  46  -2 
-46  -70  22 
14  32  56 
-32  -26  -10 
-28  -48  56 
6  14  -2 

//Reference=MNI 
//nullstudy_10
//Subjects=31
-34  6  64 
-10  -4  -20 
-10  -70  30 
-44  16  54 
30  48  28 
44  46  22 
-50  -66  34 
-32  18  -10 

//Reference=MNI 
//nullstudy_11
//Subjects=31
-20  -64  4 
-52  -56  -30 
-40  0  -8 
58  20  28 
-62  0  10 
6  2  8 
4  28  38 
-16  -64  -38 

//Reference=MNI 
//nullstudy_12
//Subjects=28
-54  -32  22 
42  26  0 
-6  38  18 
-2  -64  -36 
-26  -72  32 
32  14  32 
-48  -2  50 
-14  -36  -48 

//Reference=MNI 
//nullstudy_13
//Subjects=30
-26  -6  -40 
-14  -52  52 
-66  -24  22 
14  42  10 
-12  -72  -28 
-52  -42  -6 
-48  -50  56 
-6  -44  -56 

//Reference=MNI 
//nullstudy_14
//Subjects=28
-52  -48  -40 
-50  -30  12 
-52  2  -2 
-34  -16  4 
-6  -6  56 
-56  -44  48 
-64  -4  -24 
-60  -60  -12 

//Reference=MNI 
//nullstudy_15
//Subjects=30
60  8  18 
-6  -58  68 
-14  -70  -46 
10  54  8 
-26  52  -18 
-24  44  14 
-16  -34  16 
46  8  28 

//Reference=MNI 
//nullstudy_16
//Subjects=32
-46  10  -42 
-18  -36  66 
-2  24  64 
-40  -84  4 
2  36  46 
-20  4  62 
36  4  66 
-22  24  36 

//Reference=MNI 
//nullstudy_17
//Subjects=29
-2  -24  -22 
-8  -6  64 
20  16  -38 
-22  -60  18 
-8  -86  -22 
38  2  56 
-64  -50  12 
-2  -68  -42 

//Reference=MNI 
//nullstudy_18
//Subjects=31
-32  -76  28 
-48  -68  30 
-22  36  22 
28  28  50 
30  62  4 
16  46  -8 
-20  -62  -2 
-12  -84  28 

//Reference=MNI 
//nullstudy_19
//Subjects=30
16  8  -28 
-54  -4  -12 
-54  -32  52 
-54  -42  48 
-14  -32  -38 
36  34  42 
24  66  8 
-4  -58  -44 

//Reference=MNI 
//nullstudy_20
//Subjects=31
-62  -14  34 
-20  -40  -44 
-14  -80  -12 
-14  -64  -58 
36  20  -28 
-26  -40  -22 
34  10  56 
58  18  0 

//Reference=MNI 
//nullstudy_21
//Subjects=28
-48  -4  42 
-2  -92  34 
-38  -92  -8 
-58  -58  40 
-30  12  66 
-16  -68  38 
-12  4  -26 
-40  32  34 

//Reference=MNI 
//nullstudy_22
//Subjects=30
-10  -10  -24 
-12  -44  34 
36  26  -16 
-30  8  12 
34  22  -14 
-10  -56  -10 
22  58  18 
26  24  -4 

//Reference=MNI 
//nullstudy_23
//Subjects=30
-8  4  10 
-12  -62  18 
-18  -58  -24 
-44  -60  42 
-50  38  4 
18  52  32 
2  54  16 
2  52  42 

//Reference=MNI 
//nullstudy_24
//Subjects=30
-12  -46  -50 
-44  54  4 
-8  44  2 
-12  -58  -24 
-48  16  -8 
42  50  16 
-4  -18  -10 
-22  -72  24 

//Reference=MNI 
//nullstudy_25
//Subjects=27
-12  -12  18 
-22  18  -4 
46  20  -24 
-28  -42  -6 
-38  -4  -10 
-32  10  -2 
-40  44  -20 
-56  -74  10 

//Reference=MNI 
//nullstudy_26
//Subjects=31
-24  -2  54 
-20  -48  74 
-56  12  24 
-24  -56  -14 
-34  20  -24 
-2  -28  -12 
-4  -34  72 
12  66  24 

//Reference=MNI 
//nullstudy_27
//Subjects=30
40  10  -40 
6  68  24 
-22  -42  68 
-30  -86  36 
-40  -16  14 
-52  -62  18 
-2  22  56 
46  34  -18 

//Reference=MNI 
//nullstudy_28
//Subjects=31
-28  -60  28 
2  38  -18 
-38  36  18 
-26  10  -8 
-32  -56  -58 
40  32  -20 
-34  -48  -24 
-54  -2  -36 

//Reference=MNI 
//nullstudy_29
//Subjects=32
-26  -4  -12 
4  4  42 
-10  -96  26 
-46  48  6 
32  38  -22 
-36  -18  6 
14  62  6 
-18  22  60 

//Reference=MNI 
//nullstudy_30
//Subjects=30
-42  6  20 
-40  -30  4 
2  40  -32 
-40  0  24 
26  24  48 
-6  68  -12 
-20  -74  -26 
0  46  48 

//Reference=MNI 
//nullstudy_31
//Subjects=29
-54  4  -36 
-6  20  60 
46  8  52 
8  34  -14 
46  6  -6 
-54  -66  14 
-6  -24  56 
36  44  18 

//Reference=MNI 
//nullstudy_32
//Subjects=30
-18  -66  50 
-2  22  38 
-16  30  60 
-30  -64  36 
30  40  -20 
-12  -88  10 
48  36  4 
2  34  -26 

//Reference=MNI 
//nullstudy_33
//Subjects=30
36  62  -2 
18  32  -14 
6  62  20 
-44  -4  -18 
-62  4  -8 
-14  70  -4 
-6  -32  44 
-18  14  -40 

//Reference=MNI 
//nullstudy_34
//Subjects=30
-26  36  38 
-52  6  24 
-38  12  30 
-56  -74  10 
-18  -72  6 
-48  -52  -46 
-6  42  -30 
-34  -80  4 

//Reference=MNI 
//nullstudy_35
//Subjects=31
40  18  -28 
-50  -56  34 
14  6  -28 
-40  14  0 
50  16  14 
4  12  -18 
-52  20  20 
-14  48  -12 

//Reference=MNI 
//nullstudy_36
//Subjects=29
14  46  16 
-40  -54  10 
-16  -66  -20 
26  58  32 
-46  -42  50 
52  16  -10 
0  20  26 
-46  0  8 

//Reference=MNI 
//nullstudy_37
//Subjects=30
-16  48  6 
-36  -94  10 
-34  26  36 
-12  -6  72 
-20  4  46 
-52  -26  48 
-42  -18  62 
-32  -86  34 

//Reference=MNI 
//nullstudy_38
//Subjects=30
-34  -2  -14 
-10  42  -10 
-4  36  -32 
-6  -78  48 
-44  -74  28 
8  46  50 
64  2  -2 
-10  2  48 

//Reference=MNI 
//nullstudy_39
//Subjects=30
-20  66  6 
24  8  -10 
8  32  30 
-48  -8  10 
-48  -30  22 
-30  -72  -22 
-10  -50  28 
-4  -82  -6 

//Reference=MNI 
//nullstudy_40
//Subjects=31
-36  -14  48 
-40  -60  -8 
-64  -20  8 
-36  -50  -22 
-20  -36  -30 
-44  -2  -40 
-34  -86  36 
6  24  52 

//Reference=MNI 
//nullstudy_41
//Subjects=31
-12  28  54 
-10  -22  48 
-46  24  46 
-18  -38  -14 
-24  -22  72 
-8  -62  -60 
-38  2  38 
-36  30  22 

//Reference=MNI 
//nullstudy_42
//Subjects=30
-38  -8  -38 
44  20  18 
16  58  -20 
-28  -42  -32 
-40  -6  58 
-6  -32  -10 
32  56  4 
-38  -42  -50 

//Reference=MNI 
//nullstudy_43
//Subjects=31
-22  -70  -50 
-36  -10  50 
14  6  20 
-32  -4  -42 
-6  -28  -32 
0  50  50 
-52  36  4 
-12  14  10 

//Reference=MNI 
//nullstudy_44
//Subjects=30
18  56  22 
-22  -36  -6 
-22  0  -20 
-34  -58  42 
-2  -92  -24 
0  6  50 
-30  8  -44 
58  8  20 

//Reference=MNI 
//nullstudy_45
//Subjects=31
-66  -22  6 
0  38  10 
48  20  -22 
-24  -40  48 
-50  -70  -28 
-22  20  -20 
12  68  -12 
-34  26  -22 

//Reference=MNI 
//nullstudy_46
//Subjects=30
-50  -6  20 
-52  24  4 
42  52  -8 
-44  -18  16 
44  28  -14 
8  46  -2 
-48  -62  -36 
-16  54  36 

//Reference=MNI 
//nullstudy_47
//Subjects=30
-42  -72  -48 
-40  -62  -22 
16  6  -44 
-66  -24  30 
30  60  -4 
6  56  38 
-36  -32  -28 
-4  -70  26 

//Reference=MNI 
//nullstudy_48
//Subjects=31
-62  -60  20 
-22  -48  -56 
-40  -14  -46 
-46  -66  42 
-62  -42  20 
-2  -6  28 
-60  -26  20 
42  2  38 

//Reference=MNI 
//nullstudy_49
//Subjects=30
54  22  2 
-56  0  20 
-26  -72  -58 
-50  32  20 
-40  14  -36 
-30  -84  0 
-20  -12  -22 
-36  -38  48 

//Reference=MNI 
//nullstudy_50
//Subjects=28
-60  -48  30 
40  20  -40 
-14  -44  -44 
-32  8  -20 
-38  -2  -8 
-14  8  -30 
-60  20  12 
-6  -20  -26 

//Reference=MNI 
//nullstudy_51
//Subjects=28
-60  -36  46 
-16  6  64 
-20  62  -14 
10  4  4 
-6  52  28 
-12  -100  22 
12  48  -28 
-12  -70  40 

//Reference=MNI 
//nullstudy_52
//Subjects=31
-6  12  -10 
28  38  34 
-42  10  -14 
-14  -88  10 
42  46  -4 
-44  18  28 
16  6  -12 
-16  -78  38 

//Reference=MNI 
//nullstudy_53
//Subjects=30
-64  -12  -22 
-50  -12  -22 
-34  -6  -42 
-18  -32  0 
26  4  -2 
-44  30  6 
-52  30  -10 
-42  -16  56 

//Reference=MNI 
//nullstudy_54
//Subjects=31
-10  -18  76 
-48  32  -18 
48  48  -4 
-48  -62  50 
-64  -50  0 
-56  -22  10 
22  46  16 
-46  -6  30 

//Reference=MNI 
//nullstudy_55
//Subjects=31
-40  0  -22 
-38  -54  -4 
-22  56  26 
-2  -58  64 
-44  38  -22 
-32  10  -4 
-42  -12  64 
-46  14  -8 

//Reference=MNI 
//nullstudy_56
//Subjects=32
-16  -78  4 
14  58  16 
-50  -68  -34 
-44  -84  -6 
-4  68  0 
-36  8  34 
-4  36  28 
-66  -48  30 

//Reference=MNI 
//nullstudy_57
//Subjects=29
-32  -48  36 
-6  64  30 
-4  2  28 
26  10  46 
-20  -56  -6 
-4  -44  -14 
-2  -30  74 
-44  -2  -46 

//Reference=MNI 
//nullstudy_58
//Subjects=31
-28  -82  -34 
-8  -56  16 
48  28  -4 
-4  -60  24 
60  4  -8 
14  12  48 
-18  4  24 
46  28  -16 

//Reference=MNI 
//nullstudy_59
//Subjects=29
-16  -30  -16 
18  2  -30 
-44  -80  -8 
-20  -92  12 
62  12  -4 
22  14  54 
-48  -14  -30 
46  46  10 

//Reference=MNI 
//nullstudy_60
//Subjects=31
26  34  44 
-36  -78  42 
-26  20  34 
-10  -46  -44 
10  54  26 
-36  -48  58 
-54  -46  -2 
-18  68  10 

//Reference=MNI 
//nullstudy_61
//Subjects=30
6  56  34 
-26  6  -20 
-20  -84  12 
-60  -46  12 
40  8  -4 
-26  -76  -20 
-26  -14  50 
2  42  20 

//Reference=MNI 
//nullstudy_62
//Subjects=30
-8  -22  18 
-14  -88  -6 
-10  -42  -60 
-30  -6  0 
26  16  2 
46  18  20 
-50  -34  -26 
-48  38  8 

//Reference=MNI 
//nullstudy_63
//Subjects=29
-48  -10  -36 
44  18  52 
36  36  -12 
-34  42  -2 
-4  48  6 
-32  -60  -52 
-14  -36  -18 
-18  -74  -44 

//Reference=MNI 
//nullstudy_64
//Subjects=30
-12  -52  -50 
-50  -26  58 
-38  16  -26 
12  4  -16 
-10  -74  44 
-16  -104  4 
-34  48  -20 
-56  -14  8 

//Reference=MNI 
//nullstudy_65
//Subjects=30
-8  30  48 
-6  66  14 
34  12  58 
-66  -44  -20 
-10  -88  38 
-10  16  54 
-38  2  -32 
-38  -40  42 

//Reference=MNI 
//nullstudy_66
//Subjects=30
-52  -4  -36 
44  22  -22 
14  42  10 
-4  -52  10 
14  46  52 
-2  -78  -38 
-20  -32  -28 
28  8  8 

//Reference=MNI 
//nullstudy_67
//Subjects=30
-40  -56  0 
-26  -34  -36 
28  44  26 
-42  30  8 
-48  -72  0 
14  26  -24 
-2  -42  -32 
-26  -4  64 

//Reference=MNI 
//nullstudy_68
//Subjects=30
-14  -46  42 
-6  60  -24 
-2  -86  40 
4  34  42 
-30  -56  64 
-18  -58  14 
-6  -20  76 
-12  30  52 

//Reference=MNI 
//nullstudy_69
//Subjects=31
28  18  56 
-36  -28  -12 
-68  -46  2 
32  28  -8 
6  44  -24 
-2  2  10 
-34  32  0 
-26  -38  60 

//Reference=MNI 
//nullstudy_70
//Subjects=31
46  14  14 
-6  -76  -20 
-60  -50  -14 
14  6  70 
22  48  44 
-18  68  8 
-38  16  -8 
-30  20  -14 

//Reference=MNI 
//nullstudy_71
//Subjects=30
0  44  12 
-44  -2  -42 
-22  -68  10 
-26  -14  -40 
2  44  8 
-4  -54  -52 
-4  -40  -12 
-52  -22  -10 

//Reference=MNI 
//nullstudy_72
//Subjects=30
-2  -22  44 
-48  -54  20 
-26  2  -42 
30  62  2 
-42  -70  28 
-14  -90  20 
32  26  0 
6  14  22 

//Reference=MNI 
//nullstudy_73
//Subjects=29
0  40  -26 
44  10  4 
-18  34  -14 
-14  42  48 
-42  28  -22 
-50  42  4 
2  38  -10 
18  6  -30 

//Reference=MNI 
//nullstudy_74
//Subjects=29
2  56  14 
-34  -72  -46 
-40  -66  -4 
56  12  6 
-8  -90  -10 
-24  -6  66 
-4  -48  -58 
-12  -86  32 

//Reference=MNI 
//nullstudy_75
//Subjects=32
-2  -76  -48 
-56  -60  10 
-52  20  -4 
-36  -70  -54 
-10  -48  58 
-56  -24  52 
-54  -64  -26 
-28  -38  48 

//Reference=MNI 
//nullstudy_76
//Subjects=30
-6  -4  52 
-52  -72  -16 
-8  -66  42 
28  12  62 
-26  2  -10 
28  8  -44 
-8  -36  0 
-46  -20  -22 

//Reference=MNI 
//nullstudy_77
//Subjects=31
-30  -64  -48 
-42  4  -4 
0  42  -28 
-54  -62  -18 
2  14  62 
-50  40  2 
-4  40  -4 
40  12  28 

//Reference=MNI 
//nullstudy_78
//Subjects=28
-50  0  -2 
-40  -60  54 
-26  2  -30 
-54  -32  20 
-20  -20  70 
-16  -104  2 
-38  -32  -32 
34  12  34 

//Reference=MNI 
//nullstudy_79
//Subjects=31
30  8  -38 
-2  -46  -34 
-38  -78  -20 
-30  -32  62 
36  14  24 
-8  -90  14 
-44  -72  -40 
-16  -92  -22 

//Reference=MNI 
//nullstudy_80
//Subjects=32
-14  -64  42 
-64  -12  8 
-12  -4  52 
12  58  10 
-56  -50  32 
-12  46  18 
-38  -26  20 
-20  24  44 

//Reference=MNI 
//nullstudy_81
//Subjects=30
-56  -6  10 
-36  -24  70 
-64  -48  -8 
-38  -54  34 
24  36  44 
-2  -40  44 
-10  -72  2 
-52  10  -10 

//Reference=MNI 
//nullstudy_82
//Subjects=28
22  14  58 
-44  -60  -12 
-28  -78  -36 
6  34  62 
-10  -46  -10 
-20  -22  10 
-30  -24  68 
-20  -80  4 

//Reference=MNI 
//nullstudy_83
//Subjects=31
-50  -74  34 
-4  -80  -28 
8  18  60 
-34  38  44 
-34  -18  60 
6  46  38 
48  46  -14 
-8  -24  -14 

//Reference=MNI 
//nullstudy_84
//Subjects=30
2  28  -6 
-18  56  6 
10  34  36 
-24  4  64 
-52  -40  40 
-44  -18  42 
-30  -42  -10 
-8  -64  -40 

//Reference=MNI 
//nullstudy_85
//Subjects=30
-38  24  40 
-22  -30  -34 
-12  -8  -12 
-50  22  40 
-50  -74  20 
-20  -72  -50 
38  24  36 
-26  -92  20 

//Reference=MNI 
//nullstudy_86
//Subjects=30
-2  30  28 
-30  38  36 
-46  -60  -32 
-2  24  30 
-26  -46  -38 
-62  -32  2 
-16  -72  20 
-6  -4  -8 

//Reference=MNI 
//nullstudy_87
//Subjects=30
-6  -66  20 
-16  2  -22 
32  40  48 
-40  -56  34 
-4  -92  28 
-12  -70  36 
-14  6  22 
-58  -64  12 

//Reference=MNI 
//nullstudy_88
//Subjects=29
-4  -12  -2 
-22  -68  -22 
0  46  -10 
-8  -54  -36 
-48  -34  18 
-48  -16  16 
-46  -14  4 
-46  38  0 

//Reference=MNI 
//nullstudy_89
//Subjects=29
-42  -40  24 
-8  -92  22 
-60  -32  24 
22  16  -20 
-34  -20  0 
-40  16  -24 
0  42  -32 
-26  -52  14 

//Reference=MNI 
//nullstudy_90
//Subjects=32
-12  20  54 
-52  -42  -26 
-32  30  8 
-56  -6  26 
2  56  -12 
-22  -44  -40 
-32  -90  24 
-40  44  -6 

//Reference=MNI 
//nullstudy_91
//Subjects=29
4  58  -22 
-2  0  54 
-48  -16  -16 
20  50  -20 
-40  -66  20 
-24  -2  -30 
-24  8  -24 
2  6  6 

//Reference=MNI 
//nullstudy_92
//Subjects=30
-60  -32  36 
-58  -6  10 
50  6  48 
-36  -34  58 
48  10  -10 
-12  -80  -50 
4  62  -14 
32  52  32 

//Reference=MNI 
//nullstudy_93
//Subjects=28
8  14  68 
-56  -64  28 
-26  -50  -30 
10  66  -6 
8  24  32 
34  52  28 
-62  -10  26 
-48  -70  -44 

//Reference=MNI 
//nullstudy_94
//Subjects=29
-12  -30  8 
-62  6  2 
-14  -30  -38 
-44  -36  58 
-38  14  42 
10  4  68 
56  24  8 
-12  -2  48 

//Reference=MNI 
//nullstudy_95
//Subjects=32
10  38  -14 
46  28  -2 
24  12  62 
12  18  -22 
-40  30  0 
38  26  -6 
-44  -76  -20 
-32  42  44 

//Reference=MNI 
//nullstudy_96
//Subjects=30
40  12  -14 
2  58  -18 
4  46  16 
-6  12  54 
-2  -32  10 
-30  -84  -42 
-48  -52  50 
-44  54  -4 

//Reference=MNI 
//nullstudy_97
//Subjects=32
-14  20  4 
-46  46  20 
-38  -16  -36 
-18  -56  -56 
-8  -104  0 
-28  -64  42 
-32  -66  36 
-26  -18  66 

//Reference=MNI 
//nullstudy_98
//Subjects=29
26  8  -4 
-26  -2  -50 
-46  -16  -36 
-14  -60  6 
-2  -78  -30 
-42  -16  62 
-24  -64  4 
-16  24  2 

//Reference=MNI 
//nullstudy_99
//Subjects=30
-64  -32  -8 
-30  -54  4 
-20  2  -20 
-50  -12  24 
-56  -16  -38 
14  48  4 
-16  -50  8 
-42  -90  -10 

//Reference=MNI 
//nullstudy_100
//Subjects=30
-48  -40  -2 
-22  2  68 
-14  -34  66 
-40  30  6 
-2  -48  22 
-52  -58  -40 
-52  22  38 
24  48  -4 

