//Reference=MNI 
//truestudy_1
//Subjects=28
46  -65  -6 
45  -65  -7 
48  -68  -7 
44  -65  -7 
46  -64  -6 
47  -68  -6 
47  -67  -5 
48  -67  -6 

//Reference=MNI 
//truestudy_2
//Subjects=30
45  -67  -6 
45  -68  -7 
46  -66  -8 
48  -65  -5 
46  -67  -6 
47  -65  -6 
46  -64  -6 
47  -65  -3 

//Reference=MNI 
//truestudy_3
//Subjects=30
46  -65  -6 
47  -67  -5 
47  -66  -6 
45  -66  -5 
46  -67  -7 
45  -66  -5 
45  -66  -5 
46  -66  -7 

//Reference=MNI 
//nullstudy_1
//Subjects=28
50  36  8 
-34  -12  -20 
-2  20  54 
-4  42  -22 
-62  -60  -2 
-26  -52  52 
-20  42  22 
-44  20  48 

//Reference=MNI 
//nullstudy_2
//Subjects=30
-2  -82  -34 
-8  2  -32 
-20  -96  12 
-24  -8  74 
-34  22  -12 
-20  18  52 
2  38  10 
-22  -82  36 

//Reference=MNI 
//nullstudy_3
//Subjects=30
-4  -56  -4 
54  2  48 
-48  -48  24 
40  14  -36 
-18  -36  -10 
-4  -44  -68 
50  26  28 
-24  6  -36 

//Reference=MNI 
//nullstudy_4
//Subjects=29
-36  -60  -12 
26  26  -20 
-44  -24  44 
-48  16  32 
-42  -78  20 
-50  -72  10 
38  42  34 
-4  -64  -26 

//Reference=MNI 
//nullstudy_5
//Subjects=31
-36  -82  10 
-2  -40  -48 
-8  -34  72 
-50  -4  30 
-6  6  -8 
-50  -4  4 
-20  -32  16 
-50  -60  8 

//Reference=MNI 
//nullstudy_6
//Subjects=32
14  40  56 
-14  68  -4 
-14  -46  34 
22  68  0 
-64  -18  12 
-10  2  -12 
-2  -64  -14 
-26  8  -10 

//Reference=MNI 
//nullstudy_7
//Subjects=31
4  32  50 
-4  -88  16 
-30  -68  58 
-10  20  52 
-28  36  22 
26  12  58 
-36  -56  -18 
44  14  -10 

//Reference=MNI 
//nullstudy_8
//Subjects=29
-42  2  14 
-24  60  8 
-66  -26  0 
-18  -62  46 
28  26  32 
44  52  0 
-26  -84  -40 
-52  34  8 

//Reference=MNI 
//nullstudy_9
//Subjects=30
48  8  16 
-34  -62  -50 
-56  -62  4 
-56  -6  26 
-2  0  6 
-16  40  48 
-16  40  50 
-2  10  54 

//Reference=MNI 
//nullstudy_10
//Subjects=29
60  22  8 
-60  -62  28 
-2  -2  -22 
24  8  -14 
-4  -40  24 
-28  -50  -30 
50  14  46 
26  48  32 

//Reference=MNI 
//nullstudy_11
//Subjects=30
-50  -26  46 
-8  -36  -50 
-44  -34  60 
-58  -54  -20 
-50  -76  10 
-58  -46  -12 
-42  48  24 
42  4  -40 

//Reference=MNI 
//nullstudy_12
//Subjects=30
4  26  -4 
-52  42  -4 
54  30  20 
-14  -80  10 
-54  -64  26 
-66  -20  -16 
-8  -18  -20 
-10  -94  -16 

//Reference=MNI 
//nullstudy_13
//Subjects=31
-44  -4  -32 
0  34  56 
28  6  44 
-16  28  -14 
-26  -6  -48 
-4  -44  -12 
8  48  44 
54  26  8 

//Reference=MNI 
//nullstudy_14
//Subjects=29
-40  28  -10 
-62  -12  -24 
10  30  -18 
-52  -54  -22 
-20  -48  60 
-14  50  14 
-16  -48  34 
-26  34  -14 

//Reference=MNI 
//nullstudy_15
//Subjects=29
-2  36  -30 
2  20  56 
8  66  -10 
-32  -34  20 
30  32  -12 
-6  22  34 
-22  -70  8 
14  56  -16 

//Reference=MNI 
//nullstudy_16
//Subjects=28
-44  -74  8 
-18  -80  -36 
36  14  10 
-16  68  -10 
-12  -38  52 
-6  -18  12 
-42  -64  14 
-6  68  14 

//Reference=MNI 
//nullstudy_17
//Subjects=30
-54  -56  6 
-28  50  -10 
-48  -34  -16 
-12  -100  8 
30  62  -6 
-40  -58  -34 
14  6  -34 
-26  -92  -14 

//Reference=MNI 
//nullstudy_18
//Subjects=29
34  62  4 
58  6  -6 
34  14  -24 
-40  -10  46 
-26  42  -22 
30  62  -10 
-60  -46  28 
-62  -18  36 

//Reference=MNI 
//nullstudy_19
//Subjects=30
-12  44  -14 
-46  -14  -10 
40  14  -42 
-64  -48  -16 
-2  -80  2 
-28  -28  -26 
40  10  36 
-30  -44  -54 

//Reference=MNI 
//nullstudy_20
//Subjects=28
-44  -38  10 
-4  -6  48 
-38  24  26 
-50  -64  2 
-20  -48  -12 
10  26  60 
-42  56  8 
-66  -6  -22 

//Reference=MNI 
//nullstudy_21
//Subjects=30
-20  -80  -30 
-16  60  -4 
12  10  -18 
-20  -82  -20 
-8  0  50 
10  10  36 
-4  4  -14 
18  30  6 

//Reference=MNI 
//nullstudy_22
//Subjects=30
-6  -48  20 
-10  48  4 
-64  -16  2 
-24  -36  8 
12  44  34 
-28  -86  34 
-40  22  34 
28  46  2 

//Reference=MNI 
//nullstudy_23
//Subjects=29
-46  -66  30 
-50  -32  10 
-16  -10  -8 
28  54  28 
-12  30  30 
-4  -8  58 
-28  6  -2 
-26  24  6 

//Reference=MNI 
//nullstudy_24
//Subjects=29
-18  16  68 
-50  -28  4 
-52  -56  46 
-20  12  -10 
-14  30  44 
-54  -24  52 
-46  -50  -34 
-54  36  10 

//Reference=MNI 
//nullstudy_25
//Subjects=29
-44  -34  34 
-54  -60  -20 
-6  32  58 
-38  -20  -2 
-36  42  24 
-22  -70  62 
-50  4  -12 
-28  -60  -42 

//Reference=MNI 
//nullstudy_26
//Subjects=30
-28  -66  30 
-2  8  60 
26  40  28 
-56  -68  18 
-44  6  34 
-52  -74  22 
44  54  10 
44  30  20 

//Reference=MNI 
//nullstudy_27
//Subjects=30
-42  -22  14 
-54  -60  30 
-46  22  20 
-50  14  -14 
4  28  26 
-18  -66  66 
-36  -32  -14 
-52  -2  -28 

//Reference=MNI 
//nullstudy_28
//Subjects=31
-26  54  18 
8  16  54 
42  28  8 
-12  58  24 
-30  0  66 
-38  38  18 
-36  -26  12 
0  28  46 

//Reference=MNI 
//nullstudy_29
//Subjects=29
20  62  6 
-48  -4  2 
-22  -74  -6 
-60  -64  -12 
-22  -40  -48 
20  16  -14 
-56  -14  52 
-38  -18  64 

//Reference=MNI 
//nullstudy_30
//Subjects=31
-26  -36  58 
-26  -16  -16 
-12  -82  -36 
-64  -12  -18 
-2  -64  64 
-30  -14  -44 
-6  -52  -56 
26  52  20 

//Reference=MNI 
//nullstudy_31
//Subjects=29
26  68  12 
-60  -50  26 
10  12  48 
-24  -48  0 
60  8  32 
-32  -64  36 
4  4  48 
52  8  14 

//Reference=MNI 
//nullstudy_32
//Subjects=29
-16  -54  62 
32  46  18 
44  6  32 
16  48  44 
-16  -32  12 
-62  -26  16 
-24  52  -10 
-46  24  20 

//Reference=MNI 
//nullstudy_33
//Subjects=28
10  48  14 
-44  -34  -4 
-26  -58  36 
-8  14  64 
-62  4  2 
34  34  30 
46  14  54 
42  20  -36 

//Reference=MNI 
//nullstudy_34
//Subjects=31
-12  -22  10 
50  34  34 
-52  -50  -26 
-6  60  -10 
-58  -12  -2 
-22  -60  -28 
-20  -42  62 
-2  -86  12 

//Reference=MNI 
//nullstudy_35
//Subjects=29
-10  -44  0 
-52  40  14 
-26  -60  -46 
32  18  24 
-46  12  -38 
-50  -6  -8 
-16  -34  -24 
-28  -68  20 

//Reference=MNI 
//nullstudy_36
//Subjects=30
-36  16  -4 
20  58  16 
-40  -40  60 
-2  -88  -4 
36  38  26 
-46  -22  48 
-62  -46  44 
-42  -58  -38 

//Reference=MNI 
//nullstudy_37
//Subjects=30
38  18  46 
-52  16  12 
4  10  30 
-12  -76  44 
-10  34  34 
12  20  48 
-4  4  26 
-34  -80  -50 

//Reference=MNI 
//nullstudy_38
//Subjects=30
20  62  20 
16  26  54 
30  24  -32 
-22  -22  66 
-18  -80  -26 
-12  10  -16 
-26  -86  20 
-2  36  2 

//Reference=MNI 
//nullstudy_39
//Subjects=32
36  26  22 
-8  34  -18 
-32  -2  -4 
-4  -60  16 
-30  30  48 
-50  -54  -36 
-54  -46  16 
-38  -64  36 

//Reference=MNI 
//nullstudy_40
//Subjects=31
-18  22  56 
-44  -72  28 
-14  -62  -50 
48  32  -10 
-28  -40  -2 
-40  50  22 
-28  0  -6 
-16  16  -18 

//Reference=MNI 
//nullstudy_41
//Subjects=30
-2  10  64 
-56  18  22 
-54  12  -14 
-18  -94  -14 
20  6  -36 
6  14  36 
10  60  26 
-28  16  -8 

//Reference=MNI 
//nullstudy_42
//Subjects=29
10  42  -16 
-38  -60  -60 
-44  46  14 
-52  -78  -10 
-24  -82  -6 
-56  -72  20 
-38  40  24 
-32  -30  -22 

//Reference=MNI 
//nullstudy_43
//Subjects=33
-38  36  32 
-46  -56  22 
-62  -12  6 
-22  -24  -6 
-42  -36  -16 
6  18  22 
-14  -16  38 
-54  -10  48 

//Reference=MNI 
//nullstudy_44
//Subjects=29
-58  -20  -22 
-34  -32  -18 
-12  -88  14 
-6  -94  -22 
-66  -48  4 
30  52  18 
-6  14  38 
6  4  36 

//Reference=MNI 
//nullstudy_45
//Subjects=31
-14  66  22 
-10  -48  6 
48  6  36 
-36  -34  -24 
-20  -50  -46 
-8  50  42 
-4  -46  70 
-6  -72  8 

//Reference=MNI 
//nullstudy_46
//Subjects=30
-4  -4  -12 
-38  12  20 
-50  12  -34 
0  42  -12 
0  14  40 
-32  10  -20 
-20  -66  16 
-50  20  -8 

//Reference=MNI 
//nullstudy_47
//Subjects=31
-36  -78  20 
52  16  18 
-68  -20  2 
-36  -86  32 
-44  12  -12 
-40  28  -4 
30  16  30 
-18  50  -16 

//Reference=MNI 
//nullstudy_48
//Subjects=29
-8  -24  24 
-18  6  -18 
-10  40  -26 
-52  0  28 
-4  -70  18 
-2  -46  -8 
-22  -82  -52 
-36  -58  -6 

//Reference=MNI 
//nullstudy_49
//Subjects=31
0  48  36 
-4  -20  40 
-30  0  62 
-12  -66  28 
-8  -32  6 
0  20  56 
36  22  54 
12  34  -24 

//Reference=MNI 
//nullstudy_50
//Subjects=30
-26  -2  -38 
-40  -58  58 
-4  -56  -52 
-58  -24  -24 
44  42  -16 
-22  -82  12 
-26  60  16 
-52  -50  -48 

//Reference=MNI 
//nullstudy_51
//Subjects=30
-22  28  -14 
-8  -24  -2 
40  54  -16 
30  56  20 
-26  0  4 
-24  -58  32 
-10  -54  -58 
12  66  20 

//Reference=MNI 
//nullstudy_52
//Subjects=31
-50  22  26 
-2  -82  -24 
-58  -44  30 
-18  -60  58 
-38  -12  -4 
-44  -34  -20 
34  20  -8 
-36  -8  50 

//Reference=MNI 
//nullstudy_53
//Subjects=29
-20  -72  2 
38  8  -10 
32  46  20 
-42  -64  44 
-58  -64  10 
-14  2  -26 
-10  12  44 
-50  10  2 

//Reference=MNI 
//nullstudy_54
//Subjects=29
38  46  -4 
-44  -72  -14 
-30  -20  42 
-6  40  52 
-16  -50  -44 
40  22  -36 
-2  -78  -22 
2  34  -12 

//Reference=MNI 
//nullstudy_55
//Subjects=30
-40  -74  -16 
-56  -12  40 
50  10  -6 
-2  -40  48 
-2  -12  -28 
-26  58  24 
-64  -34  4 
-66  -36  36 

//Reference=MNI 
//nullstudy_56
//Subjects=29
-12  -26  -22 
36  28  30 
-36  40  -2 
-32  -74  -58 
34  20  0 
-38  28  28 
-24  -22  66 
-8  -44  32 

//Reference=MNI 
//nullstudy_57
//Subjects=30
-36  44  16 
-30  52  16 
8  18  68 
-20  -38  56 
-46  -44  -38 
-12  2  -28 
-64  -26  -22 
66  8  16 

//Reference=MNI 
//nullstudy_58
//Subjects=29
-6  -2  48 
-34  -34  -28 
-42  50  18 
-46  -84  -12 
6  2  38 
38  6  60 
12  64  26 
-8  -4  44 

//Reference=MNI 
//nullstudy_59
//Subjects=30
-52  24  36 
-22  -6  58 
0  20  52 
-18  58  8 
62  10  26 
-4  44  36 
-12  -14  -30 
-40  -36  46 

//Reference=MNI 
//nullstudy_60
//Subjects=28
-34  -78  42 
-6  -32  54 
12  26  4 
-2  54  22 
-14  -26  8 
-66  -36  -10 
-12  4  20 
-62  -10  -20 

//Reference=MNI 
//nullstudy_61
//Subjects=29
-4  -12  -2 
-28  58  -2 
-14  -40  52 
-30  -62  -46 
-2  10  2 
36  26  0 
-4  -48  12 
54  16  28 

//Reference=MNI 
//nullstudy_62
//Subjects=28
-48  -58  -12 
-4  -56  58 
-54  -12  -26 
-2  -36  70 
-52  -80  -2 
-20  -16  74 
-38  -36  66 
-12  30  -20 

//Reference=MNI 
//nullstudy_63
//Subjects=30
-30  -62  44 
34  18  34 
-42  6  10 
22  68  0 
-4  -50  2 
-22  -60  22 
-20  -62  60 
40  56  -8 

//Reference=MNI 
//nullstudy_64
//Subjects=30
-40  20  -12 
-60  -20  20 
-26  -46  -58 
2  2  -4 
-42  -58  -16 
-52  -46  -32 
-54  -66  -2 
-14  -74  -34 

//Reference=MNI 
//nullstudy_65
//Subjects=29
-14  -52  62 
50  4  6 
30  4  50 
-18  -28  74 
-4  -36  40 
-12  -12  6 
-50  -4  -2 
0  26  -2 

//Reference=MNI 
//nullstudy_66
//Subjects=28
20  28  54 
-40  22  -30 
-16  -46  -62 
-6  -42  -42 
-44  26  8 
12  18  60 
-44  30  28 
-40  -34  66 

//Reference=MNI 
//nullstudy_67
//Subjects=31
-66  -30  22 
32  54  22 
-8  -38  38 
-38  -66  -28 
38  2  16 
-30  -28  12 
-4  -20  56 
30  24  -2 

//Reference=MNI 
//nullstudy_68
//Subjects=27
-40  -2  -34 
6  62  16 
-28  -2  -50 
-6  -100  14 
-10  30  -30 
-42  -46  -50 
-50  14  -2 
-66  -32  16 

//Reference=MNI 
//nullstudy_69
//Subjects=29
-34  26  -12 
-10  -86  -34 
-8  18  38 
-56  -12  48 
-62  -32  -6 
48  16  -14 
-10  -94  -14 
56  20  -2 

//Reference=MNI 
//nullstudy_70
//Subjects=29
-42  40  30 
-14  -66  0 
-32  26  56 
-34  48  22 
-30  -20  54 
-10  6  -4 
-20  8  4 
-14  -38  74 

//Reference=MNI 
//nullstudy_71
//Subjects=29
-20  -80  28 
-6  -46  50 
0  42  42 
24  8  0 
-34  -24  62 
6  60  36 
-18  -90  -34 
24  10  0 

//Reference=MNI 
//nullstudy_72
//Subjects=31
-48  4  16 
40  42  -20 
-38  32  18 
34  16  22 
-40  -18  -20 
-18  -78  52 
6  58  -12 
-18  -90  -10 

//Reference=MNI 
//nullstudy_73
//Subjects=29
-8  -26  0 
20  52  -2 
10  40  22 
-40  -38  -22 
36  28  18 
12  24  56 
0  26  -22 
-30  52  22 

//Reference=MNI 
//nullstudy_74
//Subjects=31
-6  -48  -32 
-24  6  64 
0  66  -2 
-12  -38  -12 
-28  60  2 
38  16  -36 
-8  22  34 
-30  -68  58 

//Reference=MNI 
//nullstudy_75
//Subjects=30
-30  -82  14 
-42  -66  -40 
-8  -4  74 
-38  -28  8 
-44  10  -32 
-50  -14  44 
-10  -22  -22 
-46  -30  4 

//Reference=MNI 
//nullstudy_76
//Subjects=30
-36  -10  -26 
-20  -68  28 
-46  6  22 
12  72  0 
10  16  -26 
-50  8  -28 
26  2  2 
-26  -12  -26 

//Reference=MNI 
//nullstudy_77
//Subjects=30
8  26  -16 
-2  12  62 
-18  -32  0 
-50  -4  28 
38  50  30 
-12  -10  48 
-40  -86  -22 
-32  56  8 

//Reference=MNI 
//nullstudy_78
//Subjects=30
-4  50  48 
-34  48  28 
-4  -44  -42 
-26  -8  70 
-24  16  44 
-8  -66  -52 
6  18  32 
-8  -80  -34 

//Reference=MNI 
//nullstudy_79
//Subjects=31
-12  -58  8 
-34  -50  -16 
-56  -46  42 
-58  -16  -24 
-38  -88  -16 
-14  -16  8 
-8  -82  32 
-30  4  8 

//Reference=MNI 
//nullstudy_80
//Subjects=30
-50  28  12 
-60  -48  -12 
-16  28  -14 
38  26  46 
-48  -54  -4 
-12  46  42 
-32  -56  6 
-36  -16  -6 

//Reference=MNI 
//nullstudy_81
//Subjects=29
-32  -36  66 
-20  -64  40 
-34  -16  2 
-58  -12  -40 
-18  -44  66 
-10  34  22 
20  56  20 
-52  -20  -34 

//Reference=MNI 
//nullstudy_82
//Subjects=31
18  56  -2 
-26  -80  -6 
-32  10  -24 
-12  48  -2 
-38  26  -12 
10  8  0 
-28  2  58 
-4  -68  36 

//Reference=MNI 
//nullstudy_83
//Subjects=30
-44  -78  -32 
-6  -18  10 
-34  42  30 
6  34  -6 
-28  -64  -30 
-12  -48  36 
2  12  52 
-22  -4  -16 

//Reference=MNI 
//nullstudy_84
//Subjects=31
-54  -24  40 
-34  6  16 
-62  -2  8 
-62  -40  46 
-22  -98  2 
-58  0  14 
-38  -62  -24 
-10  42  50 

//Reference=MNI 
//nullstudy_85
//Subjects=30
-50  -58  -8 
-28  42  44 
-4  56  -2 
56  30  26 
-12  30  24 
-52  -32  -18 
-42  -18  -34 
-10  -32  62 

//Reference=MNI 
//nullstudy_86
//Subjects=31
-28  -22  -14 
16  28  52 
-6  -18  8 
-50  -4  -6 
-26  -58  30 
4  32  42 
-14  -68  58 
-10  -48  -36 

//Reference=MNI 
//nullstudy_87
//Subjects=29
64  2  10 
-20  4  8 
-26  4  48 
-24  -48  70 
-4  -66  -4 
-30  -30  68 
-56  20  0 
-50  -12  42 

//Reference=MNI 
//nullstudy_88
//Subjects=30
-42  -10  -32 
-12  -88  -44 
-20  20  -24 
18  28  -28 
12  22  14 
-16  -94  -2 
16  12  -24 
-54  0  34 

//Reference=MNI 
//nullstudy_89
//Subjects=30
32  20  -18 
-8  44  28 
20  10  18 
50  12  -4 
-2  -40  -38 
32  16  -36 
8  12  44 
4  68  -14 

//Reference=MNI 
//nullstudy_90
//Subjects=28
6  36  14 
10  28  20 
16  20  14 
0  16  -6 
-18  4  56 
34  14  -6 
-26  -94  -6 
-46  -10  38 

//Reference=MNI 
//nullstudy_91
//Subjects=30
-34  20  56 
54  38  -6 
-16  -44  46 
-46  -66  38 
-44  -34  34 
28  14  -6 
-24  -48  12 
-66  -40  28 

//Reference=MNI 
//nullstudy_92
//Subjects=29
-4  -60  12 
-22  -78  44 
-6  -32  36 
-42  -80  -12 
24  2  -14 
30  18  8 
-46  6  6 
-44  -80  -26 

//Reference=MNI 
//nullstudy_93
//Subjects=28
-2  -48  40 
-44  14  -6 
-58  18  8 
-68  -46  -12 
-22  -70  50 
-64  -10  -22 
-18  -22  78 
48  16  -36 

//Reference=MNI 
//nullstudy_94
//Subjects=30
-40  -82  18 
-6  -80  -36 
-2  36  12 
38  36  32 
-2  -34  4 
10  48  34 
-24  -2  -6 
-30  -74  -32 

//Reference=MNI 
//nullstudy_95
//Subjects=29
-22  -56  -4 
-20  10  70 
-10  -30  20 
-48  0  52 
-34  -72  16 
6  38  34 
-56  -6  -12 
-2  -54  -24 

//Reference=MNI 
//nullstudy_96
//Subjects=30
-28  32  38 
-44  26  -18 
10  26  26 
-18  -50  -38 
-16  -10  -24 
-16  -104  2 
12  46  16 
-40  -56  -8 

//Reference=MNI 
//nullstudy_97
//Subjects=28
-54  -58  46 
-6  34  -30 
-32  32  2 
-22  -78  -4 
-4  -40  -60 
-34  -38  -26 
-58  18  14 
26  6  10 

//Reference=MNI 
//nullstudy_98
//Subjects=31
-32  -38  -22 
-40  -52  32 
44  14  12 
-34  -50  -56 
-64  -20  -28 
-28  -94  -22 
-2  -26  62 
-2  -66  -6 

//Reference=MNI 
//nullstudy_99
//Subjects=30
-26  -64  44 
-16  -50  -56 
-32  -86  -24 
-34  -8  -44 
2  12  60 
4  50  44 
-26  -58  36 
30  24  -28 

//Reference=MNI 
//nullstudy_100
//Subjects=30
-16  34  -18 
-42  -82  -20 
-20  58  14 
-4  -68  24 
-38  60  10 
-22  -98  0 
-40  -14  -36 
-8  44  -12 

