//Reference=MNI 
//truestudy_1
//Subjects=20
46  -66  -7 
45  -66  -6 
45  -67  -6 
47  -65  -5 
47  -67  -7 
48  -67  -7 
45  -68  -7 
45  -66  -7 

//Reference=MNI 
//truestudy_2
//Subjects=18
45  -66  -5 
46  -66  -7 
46  -66  -5 
47  -65  -7 
47  -64  -8 
45  -65  -7 
46  -66  -6 
47  -66  -7 

//Reference=MNI 
//truestudy_3
//Subjects=20
47  -66  -7 
47  -67  -6 
46  -64  -8 
46  -68  -5 
46  -66  -6 
47  -65  -6 
47  -65  -6 
46  -65  -4 

//Reference=MNI 
//nullstudy_1
//Subjects=20
12  20  2 
26  38  -16 
-8  -74  -28 
-14  -14  28 
2  4  58 
28  26  56 
-32  10  -26 
-16  -92  -36 

//Reference=MNI 
//nullstudy_2
//Subjects=18
-6  -36  -4 
-58  -42  10 
-12  -66  -8 
28  10  62 
-40  10  44 
-34  -18  -34 
-64  -10  -8 
-62  -58  20 

//Reference=MNI 
//nullstudy_3
//Subjects=20
-50  -20  52 
-46  16  26 
-8  -24  4 
-38  -80  16 
-64  -50  32 
6  56  40 
-20  -66  22 
-8  0  14 

//Reference=MNI 
//nullstudy_4
//Subjects=21
-34  -36  -2 
-8  -12  -36 
24  8  2 
-8  -56  -24 
-16  66  -6 
-28  44  12 
-36  24  6 
-48  -14  38 

//Reference=MNI 
//nullstudy_5
//Subjects=19
46  12  42 
-26  22  -22 
-38  -66  -28 
-42  -48  -36 
-52  28  26 
-32  42  0 
-30  34  -18 
-56  -14  -42 

//Reference=MNI 
//nullstudy_6
//Subjects=20
-4  -86  -4 
-54  -26  16 
-16  -18  -6 
-38  -12  -42 
-6  -14  8 
-30  -48  -48 
-32  -46  60 
-48  -56  -36 

//Reference=MNI 
//nullstudy_7
//Subjects=20
-54  -62  4 
-56  -10  -32 
10  20  6 
24  14  -30 
26  46  34 
-6  -80  -8 
-8  -106  -4 
-12  -50  58 

//Reference=MNI 
//nullstudy_8
//Subjects=19
-22  4  58 
-40  14  -38 
-30  2  -10 
-10  18  36 
-46  -2  -2 
16  18  -18 
16  16  68 
-20  -64  28 

//Reference=MNI 
//nullstudy_9
//Subjects=20
-20  -24  12 
14  20  4 
40  32  20 
-36  -32  8 
-58  -60  36 
-16  -20  4 
6  52  -4 
-34  -88  18 

//Reference=MNI 
//nullstudy_10
//Subjects=20
-24  -58  -16 
-38  -16  -8 
-48  -54  -54 
-20  -52  -44 
-4  -52  58 
28  24  -32 
-10  -80  -26 
-36  6  -6 

//Reference=MNI 
//nullstudy_11
//Subjects=20
-34  22  -28 
-18  -46  62 
32  12  -10 
56  34  16 
36  40  -14 
2  12  28 
-30  -48  40 
52  40  2 

//Reference=MNI 
//nullstudy_12
//Subjects=20
-56  -32  -10 
-8  -48  24 
-68  -24  -14 
-16  -84  40 
60  22  24 
54  30  12 
-42  -10  56 
-38  -14  44 

//Reference=MNI 
//nullstudy_13
//Subjects=20
-32  -38  -24 
14  38  -10 
22  50  10 
42  8  28 
22  2  4 
-40  -6  62 
-30  -66  58 
22  4  -26 

//Reference=MNI 
//nullstudy_14
//Subjects=21
-8  4  12 
52  32  -4 
-32  16  -8 
-70  -26  -8 
60  18  24 
-18  -78  14 
-64  -28  -12 
-8  -54  8 

//Reference=MNI 
//nullstudy_15
//Subjects=21
-58  -46  -28 
-40  -8  -40 
-30  52  -16 
-20  -40  56 
-58  -42  0 
-36  30  46 
-30  -26  -8 
-46  42  -10 

//Reference=MNI 
//nullstudy_16
//Subjects=22
44  40  -8 
-52  -56  30 
6  14  68 
-24  -58  12 
-58  -42  24 
54  12  -4 
-18  -82  14 
-18  -82  -26 

//Reference=MNI 
//nullstudy_17
//Subjects=20
-28  2  70 
-24  -28  -4 
-34  -72  -38 
-14  -50  32 
46  16  24 
-6  -62  26 
-32  -18  -32 
-46  -14  -26 

//Reference=MNI 
//nullstudy_18
//Subjects=20
30  56  -18 
36  16  -30 
38  48  20 
-32  14  32 
-38  -64  34 
-62  -26  -12 
-22  -72  -2 
38  36  -10 

//Reference=MNI 
//nullstudy_19
//Subjects=20
-38  -4  -36 
-36  32  16 
-24  30  52 
12  12  -6 
12  40  2 
-4  -34  -10 
-44  12  42 
50  16  22 

//Reference=MNI 
//nullstudy_20
//Subjects=20
-6  -60  -50 
22  22  42 
30  28  30 
-10  44  24 
-18  -90  4 
-58  -40  50 
-22  -42  -58 
-14  -4  -8 

//Reference=MNI 
//nullstudy_21
//Subjects=22
-18  -18  28 
38  52  22 
40  2  60 
-22  -76  52 
-56  -74  10 
-20  -70  -2 
10  10  40 
-34  34  14 

//Reference=MNI 
//nullstudy_22
//Subjects=22
-8  -4  12 
64  6  12 
-8  -44  74 
-12  -10  -22 
30  64  2 
-14  30  58 
34  44  42 
-2  26  22 

//Reference=MNI 
//nullstudy_23
//Subjects=20
42  4  0 
-48  16  -10 
0  46  46 
-6  -76  -24 
-40  38  -2 
-40  -12  2 
-30  -16  -22 
40  60  6 

//Reference=MNI 
//nullstudy_24
//Subjects=20
-58  -58  8 
-12  12  -2 
-10  -4  -32 
-24  -92  16 
-46  22  34 
-50  14  -26 
-34  -22  56 
-4  -28  70 

//Reference=MNI 
//nullstudy_25
//Subjects=19
-50  -8  50 
60  16  10 
16  46  -22 
-6  16  -16 
-10  -52  -18 
10  72  12 
-10  28  24 
-30  32  24 

//Reference=MNI 
//nullstudy_26
//Subjects=20
-10  -16  48 
-48  -6  -16 
24  60  22 
44  30  4 
-46  16  40 
32  54  6 
-30  -54  -16 
-22  28  38 

//Reference=MNI 
//nullstudy_27
//Subjects=19
-20  68  14 
-50  8  42 
-42  6  -28 
-6  66  16 
-42  32  24 
24  48  2 
-30  18  -42 
-48  -60  54 

//Reference=MNI 
//nullstudy_28
//Subjects=20
-44  -38  42 
-36  -46  -40 
-26  -22  -30 
54  4  10 
-14  22  -8 
-8  -64  64 
-44  -40  50 
-48  -54  4 

//Reference=MNI 
//nullstudy_29
//Subjects=19
-14  -64  20 
-42  20  42 
28  34  34 
22  14  -20 
-6  6  -26 
-8  -82  36 
-4  -2  58 
-34  -6  14 

//Reference=MNI 
//nullstudy_30
//Subjects=21
-44  12  -42 
-52  -64  12 
-8  -6  68 
-16  10  -30 
-20  -82  40 
32  44  20 
-24  -70  42 
-10  -62  -54 

//Reference=MNI 
//nullstudy_31
//Subjects=20
34  54  4 
-28  -36  -6 
10  58  38 
-2  -6  30 
-24  -46  -26 
-16  -68  16 
2  18  20 
-8  -40  76 

//Reference=MNI 
//nullstudy_32
//Subjects=19
-14  34  60 
-42  -12  38 
-2  -62  -14 
-38  -10  42 
-54  20  28 
-6  62  -10 
-16  -16  -10 
-14  -2  60 

//Reference=MNI 
//nullstudy_33
//Subjects=21
-2  -22  72 
-58  10  12 
24  48  4 
-2  12  28 
-4  -60  -2 
54  24  10 
-32  30  -12 
16  20  -18 

//Reference=MNI 
//nullstudy_34
//Subjects=21
50  20  8 
-22  -52  -44 
-38  -32  66 
-46  -6  34 
10  6  20 
-6  -66  2 
24  42  -16 
-54  -30  20 

//Reference=MNI 
//nullstudy_35
//Subjects=21
32  46  8 
-44  -44  -40 
44  38  32 
-30  -56  58 
14  60  36 
-12  -30  -14 
18  36  -16 
-40  -50  -26 

//Reference=MNI 
//nullstudy_36
//Subjects=19
-30  54  -10 
-2  -80  -28 
-28  64  -6 
-12  38  18 
-12  -54  40 
-30  4  -18 
-44  -48  42 
-22  -22  74 

//Reference=MNI 
//nullstudy_37
//Subjects=18
-30  -60  4 
-12  58  -6 
-42  -60  24 
12  62  10 
-56  -42  46 
42  18  8 
-12  -64  22 
-8  32  16 

//Reference=MNI 
//nullstudy_38
//Subjects=20
-42  46  22 
-26  -70  46 
-52  -38  24 
-12  34  14 
-2  -56  62 
-20  6  -2 
40  16  14 
-36  -52  52 

//Reference=MNI 
//nullstudy_39
//Subjects=19
-16  54  -14 
-22  -80  26 
-48  8  -16 
-48  -20  -36 
12  36  56 
-4  -88  42 
-2  54  -8 
26  46  22 

//Reference=MNI 
//nullstudy_40
//Subjects=21
-54  -54  -20 
20  62  -14 
-48  -60  -22 
-24  14  2 
14  26  -26 
10  38  -2 
-32  -78  2 
-54  -16  -20 

//Reference=MNI 
//nullstudy_41
//Subjects=20
20  8  -4 
-50  8  -42 
42  22  34 
-14  -48  -4 
2  6  66 
-12  -44  64 
-62  -38  14 
-36  16  30 

//Reference=MNI 
//nullstudy_42
//Subjects=20
4  28  -30 
-10  -6  -14 
-66  -48  8 
30  12  12 
-30  26  -14 
-26  -38  -42 
-24  -70  48 
-64  -42  -2 

//Reference=MNI 
//nullstudy_43
//Subjects=19
30  50  2 
-56  -64  22 
56  2  -16 
46  8  -6 
-16  -66  50 
-52  -70  -20 
24  56  0 
10  60  -2 

//Reference=MNI 
//nullstudy_44
//Subjects=18
50  2  -34 
-6  -74  14 
40  26  -28 
-38  -50  -20 
-22  -54  52 
-40  -80  28 
-36  -12  18 
-58  -20  -18 

//Reference=MNI 
//nullstudy_45
//Subjects=21
-64  -14  -2 
-36  -62  8 
-10  44  38 
2  16  40 
-52  -4  -20 
-36  -34  56 
34  6  -36 
46  8  50 

//Reference=MNI 
//nullstudy_46
//Subjects=20
-44  -18  -34 
-42  -62  20 
-28  -38  -54 
-38  4  -44 
-36  48  0 
-4  30  -14 
-26  62  8 
-30  -22  -34 

//Reference=MNI 
//nullstudy_47
//Subjects=20
-42  2  -48 
52  20  32 
52  2  18 
-24  48  44 
-44  14  -26 
38  18  24 
-12  -6  26 
-20  8  -32 

//Reference=MNI 
//nullstudy_48
//Subjects=22
-44  -60  -50 
-42  -54  38 
38  10  50 
-32  -52  -44 
4  18  52 
-2  40  -26 
-22  46  -10 
-28  -58  -50 

//Reference=MNI 
//nullstudy_49
//Subjects=20
-62  -6  2 
20  14  -44 
18  16  52 
42  22  48 
-64  -24  34 
-22  -38  -34 
-46  -8  14 
-64  -56  6 

//Reference=MNI 
//nullstudy_50
//Subjects=20
34  12  56 
-30  6  42 
-4  -60  -52 
-28  -48  -26 
34  12  -18 
44  54  -10 
-8  20  -26 
-30  22  4 

//Reference=MNI 
//nullstudy_51
//Subjects=19
-22  -10  -46 
-28  14  -2 
-10  -78  54 
-60  -38  -18 
-34  18  46 
-48  12  22 
-8  18  52 
-14  -76  -8 

//Reference=MNI 
//nullstudy_52
//Subjects=21
-50  6  -16 
-10  -30  8 
-22  -28  52 
54  40  12 
4  2  70 
-30  -8  0 
-6  56  18 
-6  -86  -16 

//Reference=MNI 
//nullstudy_53
//Subjects=20
2  6  54 
-22  -52  58 
6  32  54 
-30  -68  -36 
-8  -16  76 
-24  -8  70 
-36  -44  -36 
-14  -24  2 

//Reference=MNI 
//nullstudy_54
//Subjects=21
-2  -50  14 
-28  -68  -44 
-56  12  38 
-22  -44  -54 
-46  24  -14 
-56  6  -30 
-8  -34  -10 
-12  60  -18 

//Reference=MNI 
//nullstudy_55
//Subjects=19
-18  42  -18 
0  36  -18 
-32  -64  50 
-30  6  56 
-8  -62  24 
2  38  38 
-28  26  4 
-2  -48  56 

//Reference=MNI 
//nullstudy_56
//Subjects=20
-38  54  0 
30  18  34 
-28  14  -18 
-28  28  6 
-54  -28  -20 
-28  -46  -32 
-52  18  36 
-10  -98  12 

//Reference=MNI 
//nullstudy_57
//Subjects=19
-42  -6  -48 
-22  14  -4 
34  8  -10 
-40  32  14 
-8  -36  -8 
-16  -22  16 
-14  -8  68 
56  20  28 

//Reference=MNI 
//nullstudy_58
//Subjects=18
-48  -18  48 
8  50  10 
20  48  18 
32  32  -14 
-36  -78  30 
2  42  -32 
12  20  50 
-6  -50  20 

//Reference=MNI 
//nullstudy_59
//Subjects=19
-50  14  -6 
22  30  -14 
52  6  -8 
44  20  50 
-16  -4  62 
-8  -52  -46 
-10  -84  40 
8  32  48 

//Reference=MNI 
//nullstudy_60
//Subjects=20
-48  -46  -8 
-14  -98  2 
-24  14  -18 
26  4  48 
10  38  44 
6  40  56 
-42  -72  30 
32  24  -26 

//Reference=MNI 
//nullstudy_61
//Subjects=21
-24  -86  20 
40  2  -32 
-20  -66  -36 
38  2  58 
34  26  58 
56  14  8 
24  48  46 
-6  10  -28 

//Reference=MNI 
//nullstudy_62
//Subjects=21
4  12  60 
-14  -36  -28 
4  34  12 
2  54  2 
8  2  46 
-36  14  62 
-4  -20  4 
-12  -28  50 

//Reference=MNI 
//nullstudy_63
//Subjects=19
-30  -2  68 
-50  -66  38 
-34  4  -40 
-44  -44  -18 
60  20  8 
38  10  -10 
-52  14  0 
-22  -64  -34 

//Reference=MNI 
//nullstudy_64
//Subjects=18
-40  -30  68 
-8  -24  30 
-20  -82  28 
-52  -4  -26 
-58  -36  -12 
-10  -32  40 
-4  -2  72 
-34  16  50 

//Reference=MNI 
//nullstudy_65
//Subjects=22
-6  50  -26 
14  64  20 
-38  16  -36 
-20  -86  18 
-38  48  28 
40  6  34 
-64  -26  -26 
-30  -52  -12 

//Reference=MNI 
//nullstudy_66
//Subjects=20
-22  16  62 
26  2  60 
-58  -62  16 
10  60  12 
-64  -12  16 
40  42  -6 
-30  -54  58 
-34  -36  22 

//Reference=MNI 
//nullstudy_67
//Subjects=21
34  14  32 
-4  -70  20 
34  50  24 
-28  -48  -50 
-8  -50  62 
-52  -32  0 
-42  22  6 
24  58  20 

//Reference=MNI 
//nullstudy_68
//Subjects=20
-34  2  -4 
-34  58  20 
2  50  -10 
-46  -64  4 
60  22  20 
4  56  -4 
-8  -58  -56 
-8  -38  66 

//Reference=MNI 
//nullstudy_69
//Subjects=20
-6  -52  2 
-32  50  12 
-20  66  12 
42  32  40 
-2  -44  -60 
-38  16  -8 
-32  26  -22 
-10  -40  -50 

//Reference=MNI 
//nullstudy_70
//Subjects=20
-40  -38  18 
18  18  8 
46  42  24 
8  10  62 
18  58  4 
-22  -18  -18 
42  12  28 
-52  -54  22 

//Reference=MNI 
//nullstudy_71
//Subjects=19
-18  -70  -2 
-8  -80  -42 
-12  -70  58 
-12  -82  -34 
14  2  14 
-42  -32  36 
-14  -20  62 
2  28  36 

//Reference=MNI 
//nullstudy_72
//Subjects=21
-36  -74  4 
-8  -36  50 
-4  -4  34 
-10  -34  -4 
-12  -20  76 
-6  -42  -22 
-34  44  10 
8  4  -2 

//Reference=MNI 
//nullstudy_73
//Subjects=20
-38  -46  -52 
-34  28  -14 
-52  -40  32 
-18  -10  -36 
36  36  4 
32  18  48 
-4  -32  -34 
44  8  12 

//Reference=MNI 
//nullstudy_74
//Subjects=21
-18  -10  -32 
-40  -44  20 
-18  58  14 
-32  -84  2 
-34  -4  56 
-52  6  -8 
-66  -38  2 
-42  46  -16 

//Reference=MNI 
//nullstudy_75
//Subjects=20
32  14  14 
-46  12  -34 
-66  -28  22 
-42  -62  -52 
-64  -26  30 
4  44  -10 
16  44  40 
64  4  -4 

//Reference=MNI 
//nullstudy_76
//Subjects=22
-20  -20  72 
-12  32  46 
-28  -66  26 
-18  70  6 
-32  40  6 
32  36  42 
-14  -58  18 
20  24  56 

//Reference=MNI 
//nullstudy_77
//Subjects=20
32  14  -10 
40  44  -12 
-8  62  0 
-12  -46  54 
0  44  16 
34  58  6 
-46  -64  -48 
-40  -64  30 

//Reference=MNI 
//nullstudy_78
//Subjects=18
12  20  36 
-28  -66  60 
-24  -16  64 
-42  -32  36 
-2  -66  50 
-46  46  14 
-38  12  -8 
-46  -72  28 

//Reference=MNI 
//nullstudy_79
//Subjects=21
-12  40  18 
-40  22  -34 
-30  -28  -10 
-14  -86  8 
-14  -44  -16 
0  2  60 
-48  44  8 
-12  -28  -30 

//Reference=MNI 
//nullstudy_80
//Subjects=21
-36  -34  24 
2  2  52 
-4  -56  34 
-16  -46  56 
-36  -38  -20 
-64  -18  42 
-30  8  8 
-22  -50  -8 

//Reference=MNI 
//nullstudy_81
//Subjects=20
-44  -80  -10 
-30  26  50 
32  32  26 
-32  -72  -56 
-10  -66  4 
-64  4  24 
-10  -16  72 
-6  -18  -2 

//Reference=MNI 
//nullstudy_82
//Subjects=18
-32  -38  -52 
-60  4  20 
-36  -56  -24 
54  38  16 
-36  -16  0 
-28  -56  46 
-8  -38  70 
-40  0  34 

//Reference=MNI 
//nullstudy_83
//Subjects=20
-24  -2  -8 
-56  -34  -18 
-18  -56  20 
-34  -98  -4 
-56  14  12 
-40  36  10 
18  24  -22 
-22  -84  -10 

//Reference=MNI 
//nullstudy_84
//Subjects=21
-34  -50  -6 
-48  -76  -34 
0  34  6 
-6  -60  -26 
0  24  40 
54  34  14 
0  54  0 
-20  52  -8 

//Reference=MNI 
//nullstudy_85
//Subjects=22
-18  -18  58 
-8  8  74 
-48  -26  -24 
-4  -56  -64 
-34  -10  6 
4  34  34 
-42  -18  60 
-30  -46  -20 

//Reference=MNI 
//nullstudy_86
//Subjects=20
-8  64  12 
46  22  -34 
12  28  24 
-14  -82  30 
-42  34  28 
-20  36  -18 
-14  -20  44 
-70  -40  -4 

//Reference=MNI 
//nullstudy_87
//Subjects=18
-8  -52  -56 
-12  -50  -6 
-34  -72  16 
4  38  38 
-44  2  40 
-26  -90  -10 
-14  -80  6 
-50  -32  8 

//Reference=MNI 
//nullstudy_88
//Subjects=22
-30  -14  68 
42  20  2 
-42  54  6 
-68  -32  6 
-46  -62  0 
0  14  4 
-58  -24  -24 
-18  -84  -40 

//Reference=MNI 
//nullstudy_89
//Subjects=20
-8  -18  -28 
-30  44  40 
-12  -32  12 
40  2  2 
-2  -40  -48 
-38  -76  -12 
20  34  34 
-52  -46  34 

//Reference=MNI 
//nullstudy_90
//Subjects=21
-68  -16  20 
-10  -92  14 
-18  8  -8 
-30  -80  -48 
0  12  8 
-52  -40  -6 
-44  -2  4 
12  42  -24 

//Reference=MNI 
//nullstudy_91
//Subjects=20
0  20  66 
-12  -26  38 
46  12  -28 
-42  -60  -30 
-4  -74  46 
-42  -22  64 
-36  10  -14 
52  4  50 

//Reference=MNI 
//nullstudy_92
//Subjects=20
-22  -68  10 
-6  -50  -64 
16  16  -2 
-26  -40  -14 
-24  -60  -6 
6  32  12 
-50  -66  -16 
-8  26  -16 

//Reference=MNI 
//nullstudy_93
//Subjects=18
-34  -74  -50 
-50  26  -10 
-14  -14  -12 
-42  8  54 
-6  48  -12 
-42  -52  32 
-28  -100  -4 
-22  12  2 

//Reference=MNI 
//nullstudy_94
//Subjects=20
-16  6  -34 
-36  22  -40 
-12  -62  66 
-34  -78  38 
6  36  -10 
22  6  -6 
-16  10  58 
52  30  28 

//Reference=MNI 
//nullstudy_95
//Subjects=21
46  24  42 
-28  -36  46 
-24  40  38 
48  24  38 
-4  44  46 
-38  -42  -50 
-60  -48  44 
-4  -16  20 

//Reference=MNI 
//nullstudy_96
//Subjects=21
-36  -66  36 
-52  -8  38 
-36  -18  42 
-10  54  -6 
12  24  6 
-38  -58  -2 
-34  -84  -16 
-36  20  -8 

//Reference=MNI 
//nullstudy_97
//Subjects=22
38  20  52 
-50  40  12 
-12  16  12 
-48  -8  -8 
-16  -66  -60 
-20  -100  -2 
-2  -16  -30 
-16  -68  18 

//Reference=MNI 
//nullstudy_98
//Subjects=20
12  42  -26 
4  52  2 
20  50  -14 
44  52  18 
32  28  10 
-26  -2  -6 
-40  56  8 
-2  -74  -40 

//Reference=MNI 
//nullstudy_99
//Subjects=20
36  4  44 
-30  -86  18 
-8  0  -20 
-28  -50  -44 
2  32  -24 
-24  -88  -2 
48  44  -16 
-26  -88  2 

//Reference=MNI 
//nullstudy_100
//Subjects=21
-48  0  -12 
-36  16  -2 
-24  -10  -22 
20  22  -14 
46  28  10 
-60  2  14 
-2  -46  -70 
-34  -26  70 

