//Reference=MNI 
//truestudy_1
//Subjects=21
47  -66  -5 
45  -67  -7 
46  -65  -4 
46  -66  -8 
47  -66  -5 
45  -67  -6 
46  -66  -6 
46  -65  -5 

//Reference=MNI 
//truestudy_2
//Subjects=20
44  -66  -4 
44  -68  -5 
48  -63  -7 
46  -66  -6 
45  -66  -6 
45  -66  -4 
47  -66  -6 
46  -67  -7 

//Reference=MNI 
//truestudy_3
//Subjects=20
47  -64  -5 
46  -65  -5 
47  -66  -6 
46  -64  -8 
46  -67  -5 
46  -66  -6 
44  -66  -5 
45  -65  -8 

//Reference=MNI 
//nullstudy_1
//Subjects=21
-32  -54  40 
-6  -92  -20 
-64  -46  18 
-14  -86  -4 
24  28  58 
-28  -54  -48 
-42  -24  2 
-58  18  -2 

//Reference=MNI 
//nullstudy_2
//Subjects=20
-30  -76  -42 
-40  -62  -34 
-10  -60  44 
-36  -22  8 
-46  -40  -40 
-6  54  -8 
-30  -76  22 
8  56  -2 

//Reference=MNI 
//nullstudy_3
//Subjects=20
-26  -6  66 
40  26  2 
-42  -62  48 
2  40  -4 
-32  20  10 
52  12  40 
32  22  -38 
-8  0  -20 

//Reference=MNI 
//nullstudy_4
//Subjects=22
-60  -6  26 
-6  -80  14 
-4  -80  -32 
-36  -30  58 
-24  -48  52 
-44  -14  -2 
-44  -10  -40 
8  26  48 

//Reference=MNI 
//nullstudy_5
//Subjects=20
26  6  0 
-50  -46  54 
-32  -6  -16 
-8  46  -24 
-58  -14  -38 
32  38  -20 
-16  58  -12 
-6  -14  16 

//Reference=MNI 
//nullstudy_6
//Subjects=19
-6  -72  -42 
20  24  -22 
-22  -52  60 
-12  -88  36 
-16  66  -6 
48  12  40 
-14  38  48 
-12  -50  0 

//Reference=MNI 
//nullstudy_7
//Subjects=19
-14  -4  -38 
-52  -24  -32 
-50  -12  14 
-34  46  14 
28  50  -4 
-14  42  -10 
-16  14  -10 
48  10  52 

//Reference=MNI 
//nullstudy_8
//Subjects=20
4  58  16 
-50  12  24 
-28  -60  -42 
-32  -68  -62 
-18  -54  56 
30  4  -6 
-54  -64  12 
-4  -16  42 

//Reference=MNI 
//nullstudy_9
//Subjects=21
-54  -48  -38 
-34  -78  -38 
-48  -10  -30 
-28  -36  -40 
52  6  -16 
-4  -52  64 
18  4  22 
-36  -18  -18 

//Reference=MNI 
//nullstudy_10
//Subjects=19
18  2  -44 
-4  -36  46 
-14  -74  58 
-50  -76  -18 
-8  -12  68 
-42  -54  56 
16  14  62 
-6  26  24 

//Reference=MNI 
//nullstudy_11
//Subjects=18
0  66  -10 
-10  0  -18 
-6  -22  20 
-50  26  -8 
-56  -24  16 
-66  -24  16 
20  28  38 
-50  -80  10 

//Reference=MNI 
//nullstudy_12
//Subjects=20
-22  -18  -36 
-70  -40  6 
52  24  26 
-38  -58  54 
2  42  -32 
38  6  64 
10  32  12 
26  16  46 

//Reference=MNI 
//nullstudy_13
//Subjects=21
-56  -8  -38 
-20  -48  -6 
-40  -74  24 
-4  64  20 
-20  -42  -32 
-24  12  -32 
-20  6  -22 
-24  -54  -2 

//Reference=MNI 
//nullstudy_14
//Subjects=20
-50  16  36 
-54  -16  8 
-60  -4  16 
-4  -10  44 
-4  24  16 
42  48  -18 
-52  4  10 
-8  -88  20 

//Reference=MNI 
//nullstudy_15
//Subjects=20
-6  -48  46 
-6  -36  50 
-6  56  44 
-10  66  -4 
12  20  -14 
-8  -78  -10 
-48  -16  32 
48  12  -12 

//Reference=MNI 
//nullstudy_16
//Subjects=18
32  20  44 
28  44  6 
34  2  0 
4  8  26 
-32  22  22 
-38  -52  34 
0  20  26 
-62  -18  6 

//Reference=MNI 
//nullstudy_17
//Subjects=20
-30  -24  58 
-2  32  -14 
-6  -54  -60 
32  10  40 
-54  24  28 
-38  -48  -44 
36  38  24 
-16  -72  36 

//Reference=MNI 
//nullstudy_18
//Subjects=20
-40  46  26 
-24  -76  -38 
-16  -26  -2 
-44  22  6 
-26  0  2 
-2  -56  38 
-24  -40  18 
30  6  66 

//Reference=MNI 
//nullstudy_19
//Subjects=20
-38  60  -6 
-2  -84  -6 
-58  -40  8 
-6  -26  64 
-42  -66  -36 
-8  -62  42 
-28  0  -28 
-12  44  14 

//Reference=MNI 
//nullstudy_20
//Subjects=21
64  12  24 
-12  -76  58 
16  56  14 
-48  -56  0 
58  2  8 
6  44  6 
-42  34  0 
6  18  48 

//Reference=MNI 
//nullstudy_21
//Subjects=20
-56  -18  16 
-26  30  -12 
-44  20  38 
-32  54  16 
-34  18  -26 
-54  -38  30 
-48  -34  10 
38  12  10 

//Reference=MNI 
//nullstudy_22
//Subjects=20
-2  -54  60 
-14  -44  -58 
30  36  40 
4  6  32 
-38  4  40 
34  62  -2 
-42  -80  4 
-26  -56  -48 

//Reference=MNI 
//nullstudy_23
//Subjects=21
-40  40  4 
16  24  48 
-42  -10  8 
-10  12  38 
-54  10  44 
-18  62  -10 
-58  -2  -2 
20  30  48 

//Reference=MNI 
//nullstudy_24
//Subjects=21
-12  -8  26 
-16  -48  -46 
-22  6  50 
-14  -6  24 
-12  -24  -14 
-32  30  6 
-38  -24  0 
-44  30  -20 

//Reference=MNI 
//nullstudy_25
//Subjects=21
-24  4  6 
-68  -16  12 
-64  -60  8 
-2  14  54 
-28  -4  12 
-46  -58  36 
-54  -10  -30 
-24  2  48 

//Reference=MNI 
//nullstudy_26
//Subjects=20
-28  -74  -2 
34  4  -40 
-50  -20  -32 
-50  -66  44 
-26  -96  12 
-24  -94  8 
-10  -40  70 
-10  -104  2 

//Reference=MNI 
//nullstudy_27
//Subjects=20
50  26  28 
-60  -50  42 
-32  -52  -30 
-16  -66  58 
-14  -26  18 
-34  -84  -30 
-28  -40  -22 
-32  20  6 

//Reference=MNI 
//nullstudy_28
//Subjects=18
-12  -54  -34 
46  26  -4 
-42  -24  22 
-38  -18  -24 
-14  -68  20 
2  56  36 
-46  -86  6 
36  12  -8 

//Reference=MNI 
//nullstudy_29
//Subjects=20
-36  -46  -52 
-42  -30  6 
-20  -30  72 
28  32  0 
-40  -42  -22 
-56  -50  -12 
4  52  -14 
-70  -30  4 

//Reference=MNI 
//nullstudy_30
//Subjects=18
-10  -12  58 
-6  -78  50 
-22  -12  -46 
-54  -30  8 
54  16  6 
-2  -36  54 
-34  -38  -48 
0  62  30 

//Reference=MNI 
//nullstudy_31
//Subjects=21
-42  30  40 
-26  -2  50 
-22  58  20 
-6  46  16 
-26  -56  48 
-46  36  20 
-12  -62  46 
-36  36  20 

//Reference=MNI 
//nullstudy_32
//Subjects=19
-14  28  6 
6  30  50 
-36  56  -6 
26  28  50 
-4  -24  -6 
-8  68  24 
-18  -54  -10 
-28  -60  -54 

//Reference=MNI 
//nullstudy_33
//Subjects=21
-6  -90  -8 
-4  52  10 
-34  48  -2 
-54  -46  -16 
-38  -36  34 
-34  -78  -6 
-64  -12  36 
-42  -84  -6 

//Reference=MNI 
//nullstudy_34
//Subjects=21
-10  -4  -22 
-24  18  50 
-46  -20  14 
-18  -72  -46 
-14  -86  -32 
2  34  6 
-20  4  66 
-14  -44  46 

//Reference=MNI 
//nullstudy_35
//Subjects=18
-36  -2  32 
-2  -10  4 
30  36  42 
24  10  -26 
-38  -38  14 
36  4  12 
-30  10  -32 
-50  4  30 

//Reference=MNI 
//nullstudy_36
//Subjects=20
-20  -72  -12 
-26  -4  -38 
14  14  -16 
-32  64  -6 
-34  -70  16 
-28  -94  8 
-32  4  32 
-56  -50  34 

//Reference=MNI 
//nullstudy_37
//Subjects=19
-24  38  22 
-64  -50  -18 
-24  -70  46 
-22  -70  -8 
-32  -20  0 
48  8  -8 
-24  20  62 
-52  -4  12 

//Reference=MNI 
//nullstudy_38
//Subjects=21
-26  -38  -20 
14  54  4 
-8  -74  -6 
-30  -60  62 
-6  -92  0 
8  26  50 
-8  52  -18 
-42  -38  -14 

//Reference=MNI 
//nullstudy_39
//Subjects=19
-68  -30  -10 
-28  30  32 
-2  10  50 
-52  26  -2 
-66  -20  32 
-20  54  -12 
-20  -72  -34 
44  40  -10 

//Reference=MNI 
//nullstudy_40
//Subjects=20
12  32  26 
-44  -74  18 
-30  50  0 
-26  -74  -26 
-38  42  26 
-6  -34  -56 
-64  -28  24 
-58  12  10 

//Reference=MNI 
//nullstudy_41
//Subjects=20
-34  2  12 
-18  -58  20 
-12  -22  74 
2  62  -20 
46  36  6 
-16  -28  40 
50  18  -26 
52  26  32 

//Reference=MNI 
//nullstudy_42
//Subjects=21
-32  44  -2 
-38  20  4 
-28  0  68 
-56  -20  -36 
-12  -12  76 
-10  16  54 
-22  -52  52 
-52  -30  -32 

//Reference=MNI 
//nullstudy_43
//Subjects=21
-60  -8  -24 
-22  -98  -14 
40  2  16 
-70  -26  4 
-52  -14  38 
-30  -58  -50 
28  18  8 
18  28  60 

//Reference=MNI 
//nullstudy_44
//Subjects=20
30  18  2 
48  16  14 
-66  -46  26 
-44  -66  10 
-40  -88  -2 
-44  -28  -16 
-10  44  26 
-16  -38  18 

//Reference=MNI 
//nullstudy_45
//Subjects=19
-24  -58  14 
56  16  16 
-10  10  36 
-32  54  -2 
-30  22  14 
4  56  -10 
-48  8  -34 
-14  -60  -16 

//Reference=MNI 
//nullstudy_46
//Subjects=19
-8  -36  28 
-12  -32  -26 
-4  -68  -30 
56  16  26 
8  8  -20 
-70  -24  -6 
-34  34  22 
-42  -46  -14 

//Reference=MNI 
//nullstudy_47
//Subjects=20
26  42  -22 
50  8  38 
-62  -44  -6 
2  28  -16 
-12  10  18 
-8  -58  10 
22  12  -20 
8  34  46 

//Reference=MNI 
//nullstudy_48
//Subjects=20
-12  40  -18 
-12  12  20 
10  72  -4 
-8  -72  -14 
46  54  6 
4  60  -4 
-52  20  10 
-32  -56  -22 

//Reference=MNI 
//nullstudy_49
//Subjects=19
-20  -64  36 
-48  -48  12 
0  58  -4 
24  42  -14 
-16  -20  24 
-8  -42  52 
-18  -26  26 
-16  -38  46 

//Reference=MNI 
//nullstudy_50
//Subjects=18
12  26  -2 
-30  -42  -38 
18  44  -20 
-44  48  -18 
-12  44  26 
4  22  52 
-32  -28  16 
-18  68  14 

//Reference=MNI 
//nullstudy_51
//Subjects=20
2  10  18 
-36  -46  64 
-26  -80  -52 
-24  -94  10 
44  34  -8 
10  10  -8 
-54  -24  52 
-50  -56  24 

//Reference=MNI 
//nullstudy_52
//Subjects=19
-16  66  -8 
12  44  18 
-34  -78  -28 
-58  -34  40 
-36  2  10 
-16  52  24 
38  10  62 
-58  -14  -14 

//Reference=MNI 
//nullstudy_53
//Subjects=21
-20  -84  -20 
4  6  74 
0  62  -10 
40  48  28 
6  20  64 
2  64  0 
42  46  -20 
-22  14  -22 

//Reference=MNI 
//nullstudy_54
//Subjects=18
-6  10  -30 
-6  14  8 
-38  -32  -24 
-18  -38  24 
-20  -14  70 
36  36  28 
14  10  12 
40  8  36 

//Reference=MNI 
//nullstudy_55
//Subjects=20
-30  58  -2 
-12  -86  24 
-36  -78  14 
-28  -48  -24 
-22  -54  -30 
62  6  4 
-42  0  58 
-12  16  16 

//Reference=MNI 
//nullstudy_56
//Subjects=21
2  28  56 
38  32  -2 
2  38  34 
-44  -64  2 
-28  50  30 
34  44  18 
-30  18  4 
-38  -14  -6 

//Reference=MNI 
//nullstudy_57
//Subjects=20
16  10  68 
64  4  -2 
-6  -36  62 
-30  20  -6 
-44  -32  22 
-26  54  14 
-52  28  -8 
-44  -74  -18 

//Reference=MNI 
//nullstudy_58
//Subjects=20
24  56  -4 
40  4  -42 
-4  -26  -8 
-50  -74  -22 
0  20  -6 
-4  -22  56 
-46  18  26 
-56  -16  12 

//Reference=MNI 
//nullstudy_59
//Subjects=20
-8  -40  -40 
-14  -30  0 
-42  8  50 
-6  -66  -52 
-42  -32  -22 
-64  -2  28 
8  54  -16 
-14  -2  28 

//Reference=MNI 
//nullstudy_60
//Subjects=20
-36  44  32 
-6  -80  48 
-36  -66  -22 
-44  0  56 
-32  -40  0 
-48  2  10 
0  42  -26 
-28  -32  -32 

//Reference=MNI 
//nullstudy_61
//Subjects=19
-18  -72  -18 
44  18  -18 
-24  -70  0 
38  62  -4 
-36  -76  40 
-44  -42  58 
-58  -36  -18 
-2  -64  -54 

//Reference=MNI 
//nullstudy_62
//Subjects=21
-10  48  -10 
-30  -56  56 
-54  16  -10 
-34  22  0 
34  12  34 
24  8  -32 
-24  -88  -22 
58  30  2 

//Reference=MNI 
//nullstudy_63
//Subjects=21
12  36  -8 
-44  -40  42 
-38  -30  -16 
-34  -56  -10 
-26  12  0 
-50  0  -28 
-44  -8  -28 
-42  40  -6 

//Reference=MNI 
//nullstudy_64
//Subjects=20
36  6  4 
-36  32  16 
-48  -46  52 
6  66  4 
-28  62  -14 
14  54  4 
-4  -100  -4 
-10  -10  64 

//Reference=MNI 
//nullstudy_65
//Subjects=21
-60  -30  30 
-44  -32  26 
-4  -104  6 
-6  -60  -14 
-10  40  -4 
-16  -6  24 
-22  56  12 
42  50  -16 

//Reference=MNI 
//nullstudy_66
//Subjects=18
-40  -54  32 
-26  -28  -26 
-24  -42  52 
-40  -36  -14 
-6  38  36 
-22  48  38 
-26  -44  6 
-10  -102  10 

//Reference=MNI 
//nullstudy_67
//Subjects=20
-64  -30  34 
32  18  54 
-6  -58  -8 
-42  20  20 
-4  -20  -38 
-36  -38  -16 
44  2  60 
-48  -56  20 

//Reference=MNI 
//nullstudy_68
//Subjects=19
-2  12  28 
48  36  10 
54  10  6 
26  16  -38 
-18  -94  18 
12  50  6 
-46  -2  48 
-22  -66  36 

//Reference=MNI 
//nullstudy_69
//Subjects=19
-8  -14  74 
-6  -40  -58 
-10  -54  -60 
48  34  -6 
46  26  2 
-16  -6  -26 
38  28  -16 
-30  24  -24 

//Reference=MNI 
//nullstudy_70
//Subjects=19
-6  -56  10 
-54  -24  34 
-34  22  -22 
32  20  0 
-14  -44  4 
20  20  10 
-10  -70  50 
-22  18  40 

//Reference=MNI 
//nullstudy_71
//Subjects=20
2  48  8 
-12  20  66 
-12  -68  -4 
36  2  2 
-8  66  -10 
-12  -24  -10 
16  62  32 
26  40  42 

//Reference=MNI 
//nullstudy_72
//Subjects=19
-38  -78  -26 
10  54  -20 
-52  12  -10 
-42  -10  28 
-20  -38  -10 
-10  46  -26 
-18  -72  -56 
-44  -64  40 

//Reference=MNI 
//nullstudy_73
//Subjects=18
-30  -52  -46 
-2  -36  38 
-34  2  -28 
-44  -16  -8 
28  48  36 
-26  26  44 
-22  0  2 
-8  -74  -34 

//Reference=MNI 
//nullstudy_74
//Subjects=22
-12  26  22 
18  10  -42 
-8  24  6 
-16  10  8 
-22  -2  62 
-14  -96  16 
-32  0  -10 
-32  50  -12 

//Reference=MNI 
//nullstudy_75
//Subjects=20
-12  -40  -54 
-12  12  32 
-2  24  32 
20  18  44 
-24  -2  -30 
-4  -16  16 
4  6  26 
-48  -22  36 

//Reference=MNI 
//nullstudy_76
//Subjects=20
34  60  -10 
-40  -80  36 
-56  -44  42 
60  4  10 
-40  -2  -12 
-56  0  46 
-16  -66  12 
46  10  -32 

//Reference=MNI 
//nullstudy_77
//Subjects=22
20  6  -18 
-22  -86  28 
-10  -20  -30 
-14  -94  30 
-12  6  6 
-6  -14  48 
-50  -50  50 
-24  30  36 

//Reference=MNI 
//nullstudy_78
//Subjects=19
-32  -6  54 
-12  44  34 
-2  -18  -12 
-30  -86  10 
-34  14  30 
30  16  -4 
40  22  -18 
-14  -90  -6 

//Reference=MNI 
//nullstudy_79
//Subjects=20
20  6  58 
-8  -6  56 
-62  -28  -26 
-4  -20  30 
-2  -48  -66 
-30  40  34 
-16  10  22 
10  56  0 

//Reference=MNI 
//nullstudy_80
//Subjects=20
-30  10  14 
-58  8  22 
46  26  44 
-2  -2  72 
-6  -54  56 
-62  -22  18 
4  18  60 
58  20  2 

//Reference=MNI 
//nullstudy_81
//Subjects=20
26  4  2 
-28  -54  -4 
4  32  58 
-38  10  -38 
-44  -78  12 
-42  -78  0 
18  56  -22 
-46  42  16 

//Reference=MNI 
//nullstudy_82
//Subjects=21
-22  56  34 
-36  32  40 
-36  -62  -8 
-20  -94  2 
-46  36  4 
10  32  26 
46  8  56 
-36  -24  -28 

//Reference=MNI 
//nullstudy_83
//Subjects=19
42  6  60 
-12  -32  -38 
-26  44  -14 
4  28  -16 
4  18  8 
2  18  4 
30  54  16 
-18  -32  -26 

//Reference=MNI 
//nullstudy_84
//Subjects=19
-6  -100  -18 
-2  -88  22 
-34  -80  22 
-16  -72  -34 
-52  -60  38 
-6  2  72 
-4  -10  36 
-12  20  40 

//Reference=MNI 
//nullstudy_85
//Subjects=22
-26  -50  -60 
-36  -64  -56 
-30  -80  -52 
-32  -86  -14 
2  18  6 
-52  -38  -2 
-48  -50  24 
-56  -64  10 

//Reference=MNI 
//nullstudy_86
//Subjects=19
-42  18  44 
-64  2  22 
-30  -18  -30 
-48  -76  -12 
-10  -104  4 
-12  -60  -38 
24  28  60 
-18  -102  -16 

//Reference=MNI 
//nullstudy_87
//Subjects=21
-16  -70  6 
-40  30  -18 
-2  -70  24 
-32  6  -22 
-30  12  -22 
-46  -78  -26 
12  6  42 
-18  -64  46 

//Reference=MNI 
//nullstudy_88
//Subjects=21
-10  -20  -36 
-16  -82  -22 
-28  -76  36 
-54  -58  -2 
28  54  6 
-10  -56  52 
16  6  16 
12  40  32 

//Reference=MNI 
//nullstudy_89
//Subjects=21
-26  -84  -40 
14  32  -16 
-24  -22  -16 
-44  -56  0 
-18  -16  -22 
-70  -34  -4 
-42  -70  -12 
-4  68  -10 

//Reference=MNI 
//nullstudy_90
//Subjects=22
-32  -70  -56 
42  24  14 
-2  46  -24 
-2  52  36 
-22  -24  62 
-26  -10  54 
-6  22  -4 
-6  52  16 

//Reference=MNI 
//nullstudy_91
//Subjects=20
-18  -48  8 
-6  -34  -58 
-34  -56  -60 
-28  -48  -38 
-6  -26  50 
-2  -88  22 
-8  -80  16 
-14  -54  60 

//Reference=MNI 
//nullstudy_92
//Subjects=21
-42  -64  -52 
-32  -16  2 
-50  14  30 
-22  -32  56 
-16  -12  26 
-6  46  16 
-16  -42  50 
2  6  -16 

//Reference=MNI 
//nullstudy_93
//Subjects=20
54  8  44 
-20  14  -4 
54  8  34 
-6  18  2 
-4  -54  32 
-6  36  -22 
-10  -42  52 
-6  -62  52 

//Reference=MNI 
//nullstudy_94
//Subjects=21
-36  18  -20 
62  8  20 
-30  4  -10 
-2  -54  42 
-24  20  46 
-16  14  -18 
-54  -48  -42 
-12  -82  26 

//Reference=MNI 
//nullstudy_95
//Subjects=22
-8  6  64 
22  54  -16 
64  2  -16 
22  16  42 
-34  -50  -36 
-10  -14  60 
58  14  14 
-4  24  -8 

//Reference=MNI 
//nullstudy_96
//Subjects=21
58  8  42 
-6  -42  -30 
-24  -44  46 
-10  -52  34 
24  2  72 
-16  -86  14 
-14  0  -20 
-10  -52  -28 

//Reference=MNI 
//nullstudy_97
//Subjects=21
54  36  -6 
40  36  40 
-6  30  18 
-34  34  30 
-46  40  -4 
40  58  -10 
-4  -42  -64 
2  64  24 

//Reference=MNI 
//nullstudy_98
//Subjects=21
-32  -56  48 
-48  -34  0 
-28  -54  66 
-66  -52  6 
-14  -80  -46 
-40  -22  12 
-68  -32  16 
-36  40  36 

//Reference=MNI 
//nullstudy_99
//Subjects=20
-18  -40  2 
-42  -20  60 
-30  60  0 
-14  -26  4 
-14  -64  -8 
2  34  -4 
-26  -56  -8 
-8  18  -10 

//Reference=MNI 
//nullstudy_100
//Subjects=20
-2  22  48 
44  38  -22 
-20  -30  -2 
18  2  18 
-10  4  10 
-62  -46  -26 
-28  -82  -40 
-34  -38  -14 

