//Reference=MNI 
//truestudy_1
//Subjects=20
45  -66  -6 
46  -64  -4 
45  -67  -5 
47  -68  -6 
47  -66  -6 
47  -66  -5 
47  -63  -7 
46  -65  -5 

//Reference=MNI 
//truestudy_2
//Subjects=20
47  -65  -5 
47  -65  -6 
46  -65  -7 
46  -66  -5 
47  -67  -6 
46  -65  -7 
47  -69  -4 
45  -66  -5 

//Reference=MNI 
//truestudy_3
//Subjects=20
47  -67  -5 
48  -67  -6 
46  -64  -6 
47  -66  -7 
46  -67  -5 
47  -66  -6 
47  -67  -6 
46  -67  -8 

//Reference=MNI 
//nullstudy_1
//Subjects=20
-30  -58  -10 
-12  -58  -10 
-28  -14  -12 
-38  32  38 
-2  -56  34 
14  38  22 
-34  -56  24 
-14  -86  18 

//Reference=MNI 
//nullstudy_2
//Subjects=20
-60  -2  28 
-12  -4  78 
10  2  -32 
-34  6  -2 
-26  60  0 
-20  -12  52 
24  42  20 
-4  -4  32 

//Reference=MNI 
//nullstudy_3
//Subjects=20
-36  -18  38 
0  20  62 
46  32  -20 
-30  10  48 
-42  -62  0 
-48  -6  56 
-56  -42  52 
32  38  22 

//Reference=MNI 
//nullstudy_4
//Subjects=20
0  30  12 
-2  -86  -8 
-4  -102  14 
-16  -60  8 
-40  -70  0 
-8  -34  50 
44  16  16 
48  6  46 

//Reference=MNI 
//nullstudy_5
//Subjects=19
-14  -38  62 
-52  -6  30 
-34  16  -22 
-46  14  52 
-24  -42  -18 
4  16  22 
-42  -68  48 
-30  -96  10 

//Reference=MNI 
//nullstudy_6
//Subjects=19
26  66  12 
0  36  -14 
-58  -16  -34 
-2  2  -20 
22  52  4 
12  4  -4 
-38  56  8 
-68  -30  18 

//Reference=MNI 
//nullstudy_7
//Subjects=22
-60  -52  -14 
-44  -50  22 
-40  -14  48 
-26  -2  -16 
-26  -50  44 
42  16  -6 
-40  -90  -6 
20  14  48 

//Reference=MNI 
//nullstudy_8
//Subjects=19
-18  44  -14 
-30  24  -20 
-34  -20  58 
14  44  -2 
-52  -52  26 
-32  52  2 
-4  -88  -34 
-24  -16  50 

//Reference=MNI 
//nullstudy_9
//Subjects=21
10  6  14 
26  2  44 
-24  -94  -2 
30  42  -22 
-32  -66  38 
-36  -92  6 
-28  6  0 
-18  8  48 

//Reference=MNI 
//nullstudy_10
//Subjects=20
-38  -94  -10 
14  70  6 
-52  38  18 
-52  -46  -34 
-52  -70  16 
32  48  12 
-58  8  8 
-30  -60  -20 

//Reference=MNI 
//nullstudy_11
//Subjects=20
-16  0  -16 
-62  -4  -16 
-54  26  16 
-2  -102  4 
2  44  30 
-26  32  26 
-50  -36  42 
-16  -30  -12 

//Reference=MNI 
//nullstudy_12
//Subjects=20
-16  26  4 
-4  32  -12 
-52  4  20 
36  32  -22 
-26  -90  -34 
-22  -74  -28 
-4  -2  6 
-26  -12  -20 

//Reference=MNI 
//nullstudy_13
//Subjects=18
-30  20  36 
-12  30  -30 
-24  -70  6 
-18  -86  -16 
-38  -20  54 
46  48  -2 
-4  -60  26 
20  16  68 

//Reference=MNI 
//nullstudy_14
//Subjects=19
-48  4  -38 
-42  -34  26 
-58  -6  -26 
20  12  -2 
16  58  2 
-40  -68  -12 
8  68  8 
-12  58  -12 

//Reference=MNI 
//nullstudy_15
//Subjects=20
-2  42  -30 
-42  -76  -42 
18  24  -18 
-40  6  -2 
-26  -60  -58 
-10  -36  -20 
42  24  -18 
-16  -96  -10 

//Reference=MNI 
//nullstudy_16
//Subjects=20
-62  -42  20 
-50  8  16 
-42  8  10 
-50  24  -6 
48  16  40 
-44  -38  -28 
-12  -42  -14 
-38  36  14 

//Reference=MNI 
//nullstudy_17
//Subjects=19
58  26  18 
-36  -8  -28 
24  36  -10 
-8  -54  -2 
18  40  -14 
-60  -46  2 
-58  24  16 
-20  -70  18 

//Reference=MNI 
//nullstudy_18
//Subjects=21
-8  -66  -32 
34  54  0 
-26  30  34 
-4  -12  76 
10  16  34 
-48  28  -14 
-36  -16  -2 
-6  -50  -44 

//Reference=MNI 
//nullstudy_19
//Subjects=21
48  18  10 
28  8  -32 
46  2  -28 
-32  -60  -40 
-36  44  28 
-24  -18  -32 
-44  28  22 
4  58  16 

//Reference=MNI 
//nullstudy_20
//Subjects=20
-12  60  32 
10  54  -28 
-36  0  6 
0  6  -18 
8  18  6 
-50  0  24 
-32  36  26 
-32  -28  66 

//Reference=MNI 
//nullstudy_21
//Subjects=20
-2  -56  62 
-6  -42  -46 
38  10  -48 
-34  6  -38 
-2  -26  -44 
-48  -8  -20 
46  24  -6 
-14  -64  -10 

//Reference=MNI 
//nullstudy_22
//Subjects=19
4  30  22 
-32  -38  -46 
50  10  -22 
40  20  40 
-36  -38  -12 
16  42  -4 
-12  -90  14 
-16  -62  32 

//Reference=MNI 
//nullstudy_23
//Subjects=21
32  32  -16 
18  56  -2 
-56  -12  44 
-6  28  34 
-44  -32  44 
-8  -16  -40 
-36  -36  60 
-34  -62  62 

//Reference=MNI 
//nullstudy_24
//Subjects=22
-2  -16  -34 
-12  -64  -4 
-14  56  36 
-2  -88  -16 
-22  32  28 
-40  54  8 
-6  -74  44 
6  54  -12 

//Reference=MNI 
//nullstudy_25
//Subjects=20
-30  58  -16 
-34  36  26 
-34  42  -6 
-18  -90  2 
8  42  4 
12  16  48 
-12  12  -2 
-16  -40  2 

//Reference=MNI 
//nullstudy_26
//Subjects=20
-48  -10  -30 
-12  -90  12 
-56  -22  -24 
-28  -44  2 
-34  20  50 
-54  14  -16 
14  2  -4 
-30  36  -22 

//Reference=MNI 
//nullstudy_27
//Subjects=20
-2  -86  -10 
-42  -42  -10 
0  2  -4 
-38  18  -6 
2  44  44 
-8  -44  -6 
8  30  42 
60  18  16 

//Reference=MNI 
//nullstudy_28
//Subjects=19
40  32  -16 
8  18  22 
-8  -66  12 
46  14  -34 
50  12  -4 
-24  -54  38 
-64  -20  26 
-4  -54  -14 

//Reference=MNI 
//nullstudy_29
//Subjects=19
-16  -46  4 
-50  -6  34 
-48  -48  -48 
8  10  62 
18  58  -6 
-42  38  28 
0  32  -28 
6  26  58 

//Reference=MNI 
//nullstudy_30
//Subjects=21
-32  -52  6 
-50  28  -6 
-38  -26  -28 
-14  62  26 
-24  -98  18 
-46  -14  32 
-22  -42  72 
-12  -38  36 

//Reference=MNI 
//nullstudy_31
//Subjects=22
-30  18  10 
-42  -4  52 
-22  -84  40 
-8  38  2 
-26  -70  6 
-42  -44  4 
-26  -16  4 
-10  -62  -18 

//Reference=MNI 
//nullstudy_32
//Subjects=20
-18  44  -18 
6  22  62 
-18  -42  -56 
-24  -50  42 
-4  28  -24 
30  34  54 
2  68  0 
22  14  46 

//Reference=MNI 
//nullstudy_33
//Subjects=20
-22  -52  -22 
38  40  -10 
16  58  12 
-8  -68  6 
-46  -50  -40 
-52  -2  -18 
-52  -58  -38 
50  6  6 

//Reference=MNI 
//nullstudy_34
//Subjects=19
-46  -8  -6 
-48  -34  18 
52  4  34 
44  2  -28 
-42  -6  -46 
-44  -22  -22 
-30  -68  -24 
-2  -80  -40 

//Reference=MNI 
//nullstudy_35
//Subjects=20
50  22  -12 
-4  20  48 
-18  -86  14 
-6  -54  52 
22  40  40 
-14  -84  -36 
-38  24  0 
-10  -94  -2 

//Reference=MNI 
//nullstudy_36
//Subjects=20
-56  -60  -10 
-24  -16  -24 
-28  -46  6 
-64  -6  -6 
-30  -52  -44 
-8  -70  24 
44  28  32 
14  66  16 

//Reference=MNI 
//nullstudy_37
//Subjects=20
-16  -60  -60 
40  38  -18 
-38  16  48 
-12  -52  70 
-6  -28  30 
16  8  10 
32  24  26 
48  12  30 

//Reference=MNI 
//nullstudy_38
//Subjects=20
-30  -14  -4 
42  58  -2 
-28  -58  -2 
-2  -32  50 
-26  30  36 
2  52  20 
54  6  34 
12  50  -12 

//Reference=MNI 
//nullstudy_39
//Subjects=19
46  32  10 
28  26  40 
-34  44  -20 
-12  -88  14 
-12  2  68 
-18  -54  -38 
-18  -30  8 
-40  -8  -48 

//Reference=MNI 
//nullstudy_40
//Subjects=19
-8  52  -8 
-70  -26  -8 
-14  -52  34 
2  34  32 
-18  -38  -38 
-54  -24  -20 
-38  -52  26 
-20  -50  50 

//Reference=MNI 
//nullstudy_41
//Subjects=19
-36  -4  -50 
-44  -26  48 
-4  -10  -28 
-38  22  2 
50  8  -22 
-28  -40  -20 
-66  -32  -4 
52  18  12 

//Reference=MNI 
//nullstudy_42
//Subjects=19
-36  -72  -26 
-8  -72  -28 
8  52  6 
-48  4  -6 
-42  4  44 
-38  48  20 
-46  -78  4 
-34  -46  -10 

//Reference=MNI 
//nullstudy_43
//Subjects=20
-18  -32  38 
-44  -50  -44 
-42  -48  -18 
-42  10  -18 
62  2  18 
-60  -50  26 
-4  18  42 
-22  64  8 

//Reference=MNI 
//nullstudy_44
//Subjects=21
-26  -78  32 
4  2  42 
-54  20  24 
-22  -68  42 
-22  18  -28 
-48  -18  -38 
-32  -82  -32 
42  20  56 

//Reference=MNI 
//nullstudy_45
//Subjects=19
-60  -34  42 
-28  -62  6 
18  2  -2 
56  28  22 
-16  14  54 
-36  -30  -32 
-36  4  -46 
-34  6  -36 

//Reference=MNI 
//nullstudy_46
//Subjects=19
60  12  24 
-2  -46  64 
-36  -58  54 
-36  -78  -12 
-8  -28  14 
-36  10  28 
-2  -78  36 
-16  -14  -22 

//Reference=MNI 
//nullstudy_47
//Subjects=21
-4  44  -28 
-2  28  -6 
-6  -72  -4 
-4  -36  -8 
-2  42  -30 
-22  -68  -58 
-12  -102  0 
-26  60  -10 

//Reference=MNI 
//nullstudy_48
//Subjects=19
-4  44  4 
-26  -58  -12 
-38  -62  -10 
-2  38  -24 
-16  10  -22 
18  16  -28 
36  6  -40 
32  30  36 

//Reference=MNI 
//nullstudy_49
//Subjects=21
32  12  -16 
-40  38  -18 
-46  -54  -56 
0  12  58 
-58  16  -2 
-12  40  -12 
34  8  2 
-36  30  -14 

//Reference=MNI 
//nullstudy_50
//Subjects=21
-14  20  -22 
-10  -82  38 
-20  12  58 
-24  -62  -42 
0  14  -12 
-32  -58  30 
-26  -68  -28 
-22  -52  72 

//Reference=MNI 
//nullstudy_51
//Subjects=21
-30  -12  6 
-38  50  14 
-38  -82  32 
8  18  22 
-32  18  -44 
0  16  -22 
-42  -62  -20 
-30  -8  -46 

//Reference=MNI 
//nullstudy_52
//Subjects=19
-24  -68  -54 
-2  22  68 
-42  18  6 
-6  0  38 
-8  -42  42 
-56  -4  0 
-60  -24  2 
-54  -48  -10 

//Reference=MNI 
//nullstudy_53
//Subjects=21
-26  46  38 
-42  -34  18 
-40  50  -6 
-20  -60  48 
-34  -6  -6 
-66  -26  26 
-36  -68  24 
-36  -2  -18 

//Reference=MNI 
//nullstudy_54
//Subjects=21
-60  -16  16 
-52  10  -20 
-30  -74  -34 
-16  4  -32 
50  22  -18 
-40  -28  18 
-14  70  6 
-58  4  -12 

//Reference=MNI 
//nullstudy_55
//Subjects=21
14  42  10 
38  26  26 
-46  -70  -44 
-32  -22  62 
-52  4  34 
-36  -24  68 
8  16  -20 
-16  -32  -44 

//Reference=MNI 
//nullstudy_56
//Subjects=19
-8  -22  -34 
-40  56  4 
-12  14  4 
-44  14  -42 
24  52  38 
-26  4  54 
0  16  26 
10  36  22 

//Reference=MNI 
//nullstudy_57
//Subjects=20
-38  -72  -8 
-34  8  26 
-8  -36  6 
-38  -16  34 
16  26  10 
-56  -14  -12 
-6  -98  8 
-4  0  -2 

//Reference=MNI 
//nullstudy_58
//Subjects=21
-24  -64  -32 
-56  -30  -10 
-2  -72  60 
24  32  26 
-16  -32  -8 
-46  -50  -22 
-18  -4  -12 
-54  -20  48 

//Reference=MNI 
//nullstudy_59
//Subjects=21
-24  -6  44 
-8  -10  24 
58  14  22 
-22  -62  8 
-28  -44  70 
-58  -12  42 
-18  -58  42 
-2  -52  -36 

//Reference=MNI 
//nullstudy_60
//Subjects=17
-10  -92  32 
-30  -86  -24 
38  22  -34 
-4  -42  -64 
2  64  12 
-44  -86  10 
-8  22  26 
-38  22  -14 

//Reference=MNI 
//nullstudy_61
//Subjects=20
6  18  36 
-24  -56  6 
-52  26  -12 
-56  24  12 
-36  28  50 
-30  -60  -50 
48  24  -20 
46  8  -42 

//Reference=MNI 
//nullstudy_62
//Subjects=20
-46  -30  60 
6  34  10 
-32  24  10 
42  46  18 
-46  2  -24 
8  50  32 
-52  -30  8 
-20  -70  -38 

//Reference=MNI 
//nullstudy_63
//Subjects=20
52  16  16 
-16  -48  4 
14  14  70 
-18  -44  -44 
-12  -16  -38 
-22  -70  32 
-34  4  28 
-28  -40  62 

//Reference=MNI 
//nullstudy_64
//Subjects=21
-22  4  -2 
-16  -4  -14 
-4  30  52 
-40  58  2 
-42  40  -8 
2  14  0 
-8  42  2 
-20  16  56 

//Reference=MNI 
//nullstudy_65
//Subjects=20
-50  -42  40 
-56  -36  -6 
36  20  40 
-40  0  44 
-48  38  0 
46  24  2 
-12  6  -16 
-34  -68  18 

//Reference=MNI 
//nullstudy_66
//Subjects=22
4  24  36 
2  50  0 
-26  -64  40 
-28  -6  -46 
-14  14  -10 
-12  -30  80 
36  24  -34 
10  26  60 

//Reference=MNI 
//nullstudy_67
//Subjects=18
-18  -70  -42 
-10  -46  -40 
-12  -58  -24 
-4  36  22 
-36  -68  -60 
-54  -18  -20 
-30  -78  -14 
-28  52  36 

//Reference=MNI 
//nullstudy_68
//Subjects=22
-42  -2  54 
-22  -2  10 
-10  -64  -60 
-24  28  50 
-26  -40  -58 
-4  18  -26 
-28  -86  -24 
-52  6  -30 

//Reference=MNI 
//nullstudy_69
//Subjects=20
0  68  18 
-66  -46  24 
-66  -26  10 
-38  -42  -36 
-52  -4  6 
-22  -48  -14 
48  4  42 
-22  -104  -4 

//Reference=MNI 
//nullstudy_70
//Subjects=19
34  2  -20 
-38  -76  -10 
-6  -28  -10 
-18  -50  -52 
-8  -50  24 
-20  -100  -6 
-4  -32  2 
22  60  2 

//Reference=MNI 
//nullstudy_71
//Subjects=20
-16  -36  6 
-44  -2  -32 
-62  -20  36 
-34  -52  -8 
-40  -66  6 
-52  2  -30 
-36  -10  -46 
-52  -14  28 

//Reference=MNI 
//nullstudy_72
//Subjects=20
-20  -98  2 
-6  60  18 
38  22  50 
-22  -62  6 
-42  46  -18 
-46  18  4 
-30  -84  -14 
-8  18  14 

//Reference=MNI 
//nullstudy_73
//Subjects=20
-10  66  8 
-32  -54  -60 
-34  -26  -26 
-8  -58  56 
-6  6  34 
10  38  -2 
0  52  -20 
-18  54  -16 

//Reference=MNI 
//nullstudy_74
//Subjects=18
-56  -32  -24 
-40  -66  -16 
-18  2  -34 
-8  -28  78 
-46  34  30 
-8  10  10 
48  44  -6 
-60  -16  -10 

//Reference=MNI 
//nullstudy_75
//Subjects=21
-8  52  30 
-28  32  -2 
-22  -8  68 
-2  -82  42 
-12  -4  52 
-8  0  56 
-26  -52  -38 
-2  -78  22 

//Reference=MNI 
//nullstudy_76
//Subjects=20
26  6  54 
-6  -26  46 
22  6  58 
12  20  58 
-32  -76  -50 
-58  -26  -22 
-2  20  -10 
-10  -84  -24 

//Reference=MNI 
//nullstudy_77
//Subjects=20
-28  -42  68 
20  34  -22 
2  18  38 
-26  -88  -40 
-32  -88  24 
-32  -82  12 
-4  16  44 
16  6  20 

//Reference=MNI 
//nullstudy_78
//Subjects=19
-14  -98  16 
-42  30  -22 
-18  2  -32 
-4  -78  2 
34  26  -6 
-16  -24  -2 
-10  -28  -48 
-38  -64  -38 

//Reference=MNI 
//nullstudy_79
//Subjects=21
-28  20  -26 
-42  -22  56 
16  52  8 
-24  -86  -22 
-6  -68  -22 
-46  -68  -36 
18  14  18 
36  16  40 

//Reference=MNI 
//nullstudy_80
//Subjects=20
-12  62  14 
-20  56  -12 
-24  6  -4 
4  32  -12 
-6  -4  -6 
30  26  38 
-8  -36  24 
-12  -58  -62 

//Reference=MNI 
//nullstudy_81
//Subjects=20
-24  -52  36 
-14  -76  -24 
-66  -48  -8 
-38  42  36 
-34  -68  -60 
-6  -54  -16 
-18  -12  -20 
8  44  6 

//Reference=MNI 
//nullstudy_82
//Subjects=21
0  30  58 
-54  -40  28 
-28  -98  -18 
-6  12  28 
-18  -76  -26 
56  6  36 
-40  -4  54 
-38  28  16 

//Reference=MNI 
//nullstudy_83
//Subjects=18
18  20  56 
8  14  62 
20  50  4 
-36  22  24 
36  38  -16 
-36  -26  -16 
-30  -66  46 
20  38  30 

//Reference=MNI 
//nullstudy_84
//Subjects=19
-20  -88  -6 
-36  42  8 
-54  -74  2 
-16  -44  -50 
-62  -34  10 
-22  26  56 
12  34  50 
-2  -72  -22 

//Reference=MNI 
//nullstudy_85
//Subjects=18
-52  8  44 
-8  16  -10 
-32  -70  42 
-50  -16  -10 
-16  -34  48 
-32  22  -38 
-16  -38  16 
-16  44  42 

//Reference=MNI 
//nullstudy_86
//Subjects=22
-62  -50  -12 
-10  6  -24 
-56  -22  8 
-14  -26  -30 
-46  -14  -28 
4  24  -4 
-46  -8  -4 
-30  24  -28 

//Reference=MNI 
//nullstudy_87
//Subjects=22
-36  -60  44 
-2  -68  48 
56  32  14 
0  44  8 
-38  -10  -28 
-32  34  -16 
46  26  4 
20  4  -34 

//Reference=MNI 
//nullstudy_88
//Subjects=20
30  20  -10 
-6  -92  18 
30  2  -20 
-18  52  42 
-16  -90  -24 
-2  30  34 
-32  8  -2 
48  50  -12 

//Reference=MNI 
//nullstudy_89
//Subjects=20
-30  -50  44 
-14  -30  44 
-42  -38  52 
36  50  24 
16  14  14 
38  2  -14 
20  14  50 
-56  -10  -2 

//Reference=MNI 
//nullstudy_90
//Subjects=19
-14  -68  64 
-42  -70  6 
-36  -84  -42 
-20  66  -8 
-64  -42  2 
58  24  8 
-40  16  -32 
-22  -94  -28 

//Reference=MNI 
//nullstudy_91
//Subjects=20
16  14  58 
6  58  16 
6  64  8 
20  42  24 
-20  -42  -10 
-42  -66  48 
-64  -42  -18 
-12  -82  8 

//Reference=MNI 
//nullstudy_92
//Subjects=19
48  24  -24 
-48  -12  40 
-34  -20  48 
-28  34  -10 
-28  -96  16 
-48  48  6 
-58  -48  32 
16  14  0 

//Reference=MNI 
//nullstudy_93
//Subjects=20
-24  0  -10 
-26  -46  64 
-34  -18  60 
0  22  26 
-42  34  24 
10  66  20 
0  50  18 
-44  -42  -12 

//Reference=MNI 
//nullstudy_94
//Subjects=20
-38  24  -34 
52  32  32 
-38  -4  20 
-38  12  -46 
-12  4  -22 
-46  38  0 
-30  58  22 
-10  26  42 

//Reference=MNI 
//nullstudy_95
//Subjects=18
8  12  58 
16  58  34 
-16  -50  -2 
-62  -4  -4 
38  50  32 
4  36  10 
-22  2  6 
-44  4  20 

//Reference=MNI 
//nullstudy_96
//Subjects=22
22  18  -36 
-4  -42  -40 
38  42  -8 
-10  36  50 
8  24  42 
-28  -44  42 
-22  30  -26 
-50  -32  30 

//Reference=MNI 
//nullstudy_97
//Subjects=22
-8  -86  -38 
20  30  -26 
20  60  16 
-50  -16  28 
-30  -12  60 
-14  -38  -40 
50  2  -24 
0  50  10 

//Reference=MNI 
//nullstudy_98
//Subjects=20
8  46  2 
-6  -46  -28 
-28  -36  68 
10  36  4 
-26  -72  -6 
-14  -18  44 
-14  24  -24 
-28  -96  8 

//Reference=MNI 
//nullstudy_99
//Subjects=21
-18  -38  72 
46  20  52 
-14  -52  48 
-28  -68  -46 
-38  -58  -12 
46  38  24 
28  2  -22 
-12  42  26 

//Reference=MNI 
//nullstudy_100
//Subjects=19
-54  -60  -14 
-16  -80  -44 
-2  -10  64 
-38  40  40 
-34  2  -4 
-20  38  24 
-42  16  -14 
20  10  66 

