//Reference=MNI 
//truestudy_1
//Subjects=10
43  -65  -5 
45  -68  -5 
47  -65  -5 
46  -66  -6 
46  -65  -6 
46  -67  -6 
48  -66  -6 
46  -66  -5 

//Reference=MNI 
//truestudy_2
//Subjects=9
46  -66  -6 
46  -67  -4 
44  -66  -7 
47  -68  -4 
47  -63  -7 
46  -66  -7 
46  -65  -5 
46  -67  -7 

//Reference=MNI 
//truestudy_3
//Subjects=11
47  -65  -6 
45  -66  -4 
47  -66  -7 
45  -65  -8 
46  -66  -7 
45  -66  -6 
46  -66  -8 
47  -66  -5 

//Reference=MNI 
//nullstudy_1
//Subjects=10
-2  -38  -48 
-4  -64  -32 
-2  -2  58 
-24  -20  -14 
-52  -54  -10 
36  54  -2 
-16  -20  68 
-22  -46  6 

//Reference=MNI 
//nullstudy_2
//Subjects=9
56  10  10 
8  54  -4 
-30  -54  -62 
38  8  40 
38  54  26 
-58  -2  20 
-18  62  -16 
24  66  12 

//Reference=MNI 
//nullstudy_3
//Subjects=11
-26  -58  44 
-30  -8  -22 
-38  26  48 
-54  0  -12 
-2  -20  -12 
42  4  -28 
4  24  54 
-28  38  22 

//Reference=MNI 
//nullstudy_4
//Subjects=10
-50  -28  50 
-10  2  -28 
-42  -34  38 
30  38  26 
-22  58  -12 
0  2  28 
-4  -48  70 
-6  16  14 

//Reference=MNI 
//nullstudy_5
//Subjects=10
20  6  8 
52  2  -2 
-14  -78  -2 
18  14  -16 
-48  0  -28 
-40  20  40 
-16  -72  4 
34  26  8 

//Reference=MNI 
//nullstudy_6
//Subjects=9
-28  -14  2 
-4  38  -22 
-12  54  -18 
-44  -28  2 
12  8  36 
38  10  48 
-22  0  4 
-12  -36  -10 

//Reference=MNI 
//nullstudy_7
//Subjects=10
-64  -20  38 
-14  -94  18 
56  28  0 
-6  40  58 
44  6  -34 
-38  -70  40 
-22  -52  56 
60  20  26 

//Reference=MNI 
//nullstudy_8
//Subjects=9
-22  -2  74 
-38  -88  6 
-36  -52  -12 
-30  -18  42 
-30  -64  -62 
-6  -38  24 
-30  32  50 
-34  -62  62 

//Reference=MNI 
//nullstudy_9
//Subjects=9
-36  -2  58 
-10  -42  46 
-30  -14  -38 
2  34  -4 
10  22  -8 
-32  28  0 
-10  48  28 
-12  -66  -18 

//Reference=MNI 
//nullstudy_10
//Subjects=10
-4  -28  74 
36  60  8 
-22  -26  -26 
-36  -18  -24 
-28  -16  8 
-4  64  -16 
-42  -66  -24 
-44  -82  16 

//Reference=MNI 
//nullstudy_11
//Subjects=9
-38  -44  64 
-18  -46  6 
-10  24  44 
-4  -84  40 
-26  12  -6 
-20  -68  6 
-30  -16  -40 
-56  -22  10 

//Reference=MNI 
//nullstudy_12
//Subjects=9
-44  -62  -36 
-10  -68  66 
-6  -82  14 
-10  -44  34 
-40  -16  -26 
-58  -22  22 
50  46  8 
48  46  -10 

//Reference=MNI 
//nullstudy_13
//Subjects=11
-50  2  -14 
32  10  -30 
-56  -2  -36 
6  44  -8 
-8  -42  -2 
42  22  32 
-52  -46  -4 
-38  -76  -12 

//Reference=MNI 
//nullstudy_14
//Subjects=11
6  62  2 
-12  60  -6 
-20  -24  26 
-22  -30  14 
8  42  30 
-32  -92  -10 
-6  -6  52 
-2  58  24 

//Reference=MNI 
//nullstudy_15
//Subjects=10
-6  -6  40 
10  36  58 
-40  -86  14 
-10  -10  46 
-22  -44  -14 
-64  -28  -6 
-14  -26  18 
-16  46  26 

//Reference=MNI 
//nullstudy_16
//Subjects=11
-20  4  -46 
-32  -66  -8 
-34  60  -12 
-24  18  -12 
-64  -16  -14 
42  4  56 
-46  -64  42 
-8  -84  -48 

//Reference=MNI 
//nullstudy_17
//Subjects=10
42  14  -26 
-14  20  -16 
-60  2  30 
-28  -76  18 
4  20  -24 
-34  -22  -36 
-36  18  38 
-32  12  58 

//Reference=MNI 
//nullstudy_18
//Subjects=11
4  38  38 
30  20  36 
-2  60  0 
-22  -84  2 
-12  52  -4 
10  68  0 
12  22  -24 
40  24  -10 

//Reference=MNI 
//nullstudy_19
//Subjects=11
-50  -20  14 
-42  18  -36 
-14  48  -10 
-54  4  -20 
-48  44  4 
-36  16  40 
-20  -42  6 
-58  14  30 

//Reference=MNI 
//nullstudy_20
//Subjects=10
-14  20  -18 
-26  32  50 
-8  -64  66 
-52  -58  10 
-14  58  38 
-44  -76  4 
-20  -70  -54 
-36  -14  -40 

//Reference=MNI 
//nullstudy_21
//Subjects=7
-42  32  36 
-32  -12  58 
-16  -82  -26 
-66  -18  -6 
-52  -52  -44 
-30  42  30 
-22  12  -2 
-36  -68  -58 

//Reference=MNI 
//nullstudy_22
//Subjects=9
38  10  -36 
34  42  20 
-10  -24  -4 
-14  58  -20 
-20  -40  -34 
44  10  -2 
8  16  16 
-60  -34  -24 

//Reference=MNI 
//nullstudy_23
//Subjects=12
26  36  -24 
-42  22  -16 
-40  -48  52 
-12  -68  -58 
-48  -72  -8 
-18  -56  2 
-44  -4  -40 
36  38  2 

//Reference=MNI 
//nullstudy_24
//Subjects=9
-52  -48  -8 
-12  -62  -36 
18  22  8 
-32  -78  -46 
-46  46  -6 
-60  -40  42 
-16  -90  -12 
-66  -20  28 

//Reference=MNI 
//nullstudy_25
//Subjects=9
-26  -52  -48 
-12  -44  50 
-2  -32  72 
10  20  50 
-50  20  24 
-6  -62  -10 
-62  2  30 
-38  -56  -42 

//Reference=MNI 
//nullstudy_26
//Subjects=10
-50  -10  40 
-58  6  -20 
18  62  6 
-28  -98  -2 
-16  28  6 
-54  -56  20 
-40  -2  30 
-30  -92  14 

//Reference=MNI 
//nullstudy_27
//Subjects=9
10  44  -20 
-32  -24  68 
-10  40  58 
-40  -4  12 
-36  -76  -44 
32  32  24 
32  12  -34 
36  4  -28 

//Reference=MNI 
//nullstudy_28
//Subjects=9
14  4  64 
-8  -72  -56 
-18  -46  -58 
-50  -44  58 
-12  -20  4 
-22  -90  -6 
-20  50  26 
12  26  30 

//Reference=MNI 
//nullstudy_29
//Subjects=10
26  24  40 
16  52  20 
-50  -30  48 
-18  10  4 
-8  -24  -24 
-50  -68  18 
46  22  -28 
-20  30  48 

//Reference=MNI 
//nullstudy_30
//Subjects=10
-24  -8  -42 
-38  -58  -24 
-66  -44  18 
-56  -26  38 
54  16  2 
-38  26  52 
0  18  40 
18  22  -4 

//Reference=MNI 
//nullstudy_31
//Subjects=10
48  24  10 
-54  -6  -34 
56  4  2 
-38  -84  26 
-14  -12  66 
16  24  58 
-10  4  -28 
18  18  48 

//Reference=MNI 
//nullstudy_32
//Subjects=11
-8  -86  -10 
-4  -46  -20 
-14  -86  8 
-68  -38  12 
-4  22  58 
-32  -46  58 
6  48  -12 
-24  -80  2 

//Reference=MNI 
//nullstudy_33
//Subjects=8
-48  -66  10 
6  12  38 
-52  -8  -44 
30  66  -2 
-38  -74  44 
4  48  20 
-50  -64  38 
-66  -18  -22 

//Reference=MNI 
//nullstudy_34
//Subjects=9
-6  -10  70 
-4  -82  -16 
-24  60  4 
-38  -42  -24 
-40  -92  -12 
16  56  12 
-32  -64  42 
-28  4  -48 

//Reference=MNI 
//nullstudy_35
//Subjects=8
-50  24  -16 
-2  30  16 
-14  54  18 
-36  -64  42 
-68  -22  16 
-36  -74  -30 
-2  -18  -36 
-48  -48  38 

//Reference=MNI 
//nullstudy_36
//Subjects=10
-28  10  64 
-20  32  -14 
-16  -36  18 
-4  -42  10 
24  62  22 
18  52  -4 
16  30  56 
24  40  46 

//Reference=MNI 
//nullstudy_37
//Subjects=11
10  16  70 
-44  -12  46 
48  8  -44 
6  2  -8 
-22  10  -20 
46  4  -40 
-20  -82  -50 
-18  22  64 

//Reference=MNI 
//nullstudy_38
//Subjects=10
30  16  -16 
16  46  46 
-22  -38  -46 
-18  38  46 
42  12  -20 
-20  -52  -8 
-34  -72  46 
-16  -42  50 

//Reference=MNI 
//nullstudy_39
//Subjects=11
-48  18  20 
-42  40  34 
8  46  22 
-44  -74  24 
-50  -76  2 
32  62  -2 
-22  -36  -50 
-36  54  20 

//Reference=MNI 
//nullstudy_40
//Subjects=8
-44  -44  6 
-6  -24  8 
12  14  0 
-34  0  66 
-14  -84  -42 
-40  -70  8 
56  10  40 
-10  -58  -62 

//Reference=MNI 
//nullstudy_41
//Subjects=9
14  12  36 
48  22  0 
-18  -78  -34 
-4  -56  4 
-20  -76  -16 
36  4  40 
-50  -58  -22 
56  6  46 

//Reference=MNI 
//nullstudy_42
//Subjects=11
-66  -8  -22 
34  54  24 
-18  -50  -56 
-14  -32  -4 
-42  26  38 
22  28  -18 
-34  -54  32 
-6  -28  64 

//Reference=MNI 
//nullstudy_43
//Subjects=9
-26  32  48 
-40  -14  -6 
-8  -54  4 
-22  -52  4 
-32  -28  50 
-14  -78  20 
-40  8  -16 
14  28  4 

//Reference=MNI 
//nullstudy_44
//Subjects=8
-46  -26  42 
-38  -30  18 
-26  -46  -4 
-4  40  -20 
-4  -54  -58 
-8  2  12 
-50  -32  58 
-36  -60  -44 

//Reference=MNI 
//nullstudy_45
//Subjects=8
52  24  22 
-14  -26  2 
-32  -86  -32 
-10  -44  -54 
-36  -94  8 
-30  -40  -36 
-40  26  2 
-34  -92  -8 

//Reference=MNI 
//nullstudy_46
//Subjects=12
2  20  56 
-56  -28  16 
-34  -80  10 
24  8  -24 
-28  34  -8 
6  30  -6 
-60  8  -8 
-44  -50  -36 

//Reference=MNI 
//nullstudy_47
//Subjects=8
-56  10  38 
-32  -78  6 
-42  -64  -32 
-28  54  14 
-10  0  62 
-36  -48  42 
-40  -48  50 
46  20  -26 

//Reference=MNI 
//nullstudy_48
//Subjects=10
36  12  -38 
-28  12  -10 
12  58  4 
-6  24  -24 
-48  -8  56 
-38  -42  54 
-8  -44  38 
-20  -2  -16 

//Reference=MNI 
//nullstudy_49
//Subjects=9
46  4  0 
-10  20  -12 
-26  -16  2 
40  18  26 
38  22  0 
-18  60  -2 
-2  6  -10 
-34  0  -34 

//Reference=MNI 
//nullstudy_50
//Subjects=9
-58  -66  18 
-68  -30  30 
-10  -50  68 
8  24  24 
34  36  40 
-10  -6  12 
34  32  0 
-38  -38  62 

//Reference=MNI 
//nullstudy_51
//Subjects=9
-10  68  8 
-54  -30  10 
-4  38  -26 
6  26  62 
6  22  58 
-32  -82  20 
-18  28  62 
-46  -42  10 

//Reference=MNI 
//nullstudy_52
//Subjects=11
-20  0  60 
-46  -2  -48 
56  10  -18 
-30  -52  -20 
-38  -36  54 
-16  -34  -42 
26  62  24 
-22  16  50 

//Reference=MNI 
//nullstudy_53
//Subjects=12
-16  18  68 
10  70  18 
-36  -40  66 
-22  -54  40 
-22  -22  72 
38  18  12 
-2  -20  70 
-8  16  -16 

//Reference=MNI 
//nullstudy_54
//Subjects=10
-20  -28  16 
14  18  10 
-46  6  38 
-8  -52  -46 
-26  -44  -14 
-30  -6  -32 
-26  -80  42 
-14  38  46 

//Reference=MNI 
//nullstudy_55
//Subjects=10
40  36  24 
-34  -36  56 
-50  -66  -20 
-34  -44  68 
54  6  -4 
-22  22  36 
-26  4  -6 
40  22  12 

//Reference=MNI 
//nullstudy_56
//Subjects=12
-4  -40  34 
-54  -26  0 
-6  -48  50 
-56  0  -26 
-30  -50  6 
-42  26  -16 
-34  18  -20 
-2  -70  48 

//Reference=MNI 
//nullstudy_57
//Subjects=11
38  54  12 
14  8  -16 
44  34  0 
-52  -36  -4 
48  6  -18 
-40  -20  -34 
-12  -44  32 
-32  -10  -20 

//Reference=MNI 
//nullstudy_58
//Subjects=12
-10  -46  -56 
-20  -92  -34 
-64  -8  -22 
36  48  0 
-4  -18  -12 
-46  12  0 
-24  -64  64 
-6  -22  74 

//Reference=MNI 
//nullstudy_59
//Subjects=9
32  22  -2 
-44  -16  50 
-54  -66  0 
-36  -66  -20 
-46  -16  58 
-32  -38  58 
-56  6  -26 
30  20  30 

//Reference=MNI 
//nullstudy_60
//Subjects=8
-58  -36  22 
-10  40  18 
-38  -70  -32 
-12  -98  0 
-34  54  28 
-12  -60  -30 
-4  -32  66 
-58  -48  46 

//Reference=MNI 
//nullstudy_61
//Subjects=10
-32  -78  -44 
-34  60  -12 
24  22  40 
-12  58  8 
-34  40  14 
-52  6  -36 
-18  6  58 
-18  -42  -26 

//Reference=MNI 
//nullstudy_62
//Subjects=7
-20  -34  72 
-10  -10  64 
-18  -52  -58 
-8  26  22 
-24  -102  6 
-52  -14  34 
34  36  20 
-28  -98  4 

//Reference=MNI 
//nullstudy_63
//Subjects=11
26  68  0 
-20  -94  22 
38  36  -14 
-22  26  -20 
-54  -4  32 
-32  6  -14 
8  66  6 
-60  -16  -16 

//Reference=MNI 
//nullstudy_64
//Subjects=8
-28  -38  -14 
-34  -38  -6 
-18  -78  32 
0  28  50 
-22  -68  20 
-54  -30  50 
46  50  8 
-32  -72  56 

//Reference=MNI 
//nullstudy_65
//Subjects=11
-44  -38  8 
-36  -74  50 
-22  -72  20 
-38  26  -20 
-6  -42  -32 
-20  -64  -28 
-46  6  42 
-30  -68  -40 

//Reference=MNI 
//nullstudy_66
//Subjects=9
-28  -40  74 
-6  32  -8 
-40  -14  46 
-58  -54  38 
-12  -58  60 
54  8  -4 
-2  68  18 
-40  26  -10 

//Reference=MNI 
//nullstudy_67
//Subjects=10
-60  -18  20 
-14  -36  42 
12  2  -30 
36  24  -26 
-60  -24  6 
-24  -2  48 
-18  -40  -50 
-26  54  10 

//Reference=MNI 
//nullstudy_68
//Subjects=10
-8  -56  50 
-58  -8  28 
-58  -2  22 
-34  -74  -52 
-4  18  -20 
-46  24  -18 
-12  -72  -26 
22  8  -44 

//Reference=MNI 
//nullstudy_69
//Subjects=8
-24  -36  -32 
-14  -92  26 
-10  56  -16 
-46  48  8 
-16  40  34 
-62  -42  14 
-54  -24  56 
28  24  -2 

//Reference=MNI 
//nullstudy_70
//Subjects=12
-54  -2  16 
-60  -60  -26 
-32  40  8 
-60  -6  -30 
10  32  52 
-44  -36  46 
-12  -84  -42 
-60  -20  14 

//Reference=MNI 
//nullstudy_71
//Subjects=10
4  34  40 
-40  50  8 
28  6  6 
-34  -38  68 
-66  -28  36 
-14  -76  52 
0  52  32 
46  6  34 

//Reference=MNI 
//nullstudy_72
//Subjects=10
-34  -74  40 
-40  36  -2 
-46  -46  52 
22  26  -16 
-52  28  -4 
-48  -60  12 
-2  -32  -18 
-60  -48  46 

//Reference=MNI 
//nullstudy_73
//Subjects=9
-8  30  -28 
2  18  26 
18  30  8 
-22  52  26 
-48  2  -38 
-6  -62  42 
-40  -2  2 
-22  38  -8 

//Reference=MNI 
//nullstudy_74
//Subjects=9
-28  56  -4 
-38  18  24 
-44  -64  2 
-10  -52  -64 
-52  18  6 
56  6  36 
-34  -32  38 
-18  -68  -24 

//Reference=MNI 
//nullstudy_75
//Subjects=11
8  38  52 
-42  -20  -26 
40  26  4 
-28  -4  -20 
-28  -44  68 
4  4  74 
-6  22  56 
-18  -56  4 

//Reference=MNI 
//nullstudy_76
//Subjects=11
-4  8  -20 
-34  -60  -30 
-2  -60  -60 
-38  6  34 
6  6  -2 
18  12  18 
-32  -22  -30 
-12  -60  -44 

//Reference=MNI 
//nullstudy_77
//Subjects=10
-12  40  14 
-6  -50  34 
-14  8  -22 
-6  -50  -62 
-48  -14  42 
22  34  30 
-30  -100  -10 
-6  24  -26 

//Reference=MNI 
//nullstudy_78
//Subjects=11
52  14  38 
-6  12  64 
18  30  56 
20  68  -2 
-34  -96  -12 
-16  -58  56 
-14  28  56 
-14  22  -20 

//Reference=MNI 
//nullstudy_79
//Subjects=9
-44  -50  8 
8  38  12 
40  10  -34 
4  20  -12 
-58  -26  0 
-20  -34  58 
-42  -4  38 
-30  -16  60 

//Reference=MNI 
//nullstudy_80
//Subjects=10
-44  -74  -10 
-28  4  -38 
-22  -62  -38 
-52  -18  -36 
-26  54  -2 
-16  -32  2 
-18  -10  -8 
10  62  26 

//Reference=MNI 
//nullstudy_81
//Subjects=10
-50  -78  6 
-12  -104  -4 
-30  32  26 
-36  48  6 
-28  -68  -60 
-18  -66  32 
-24  6  66 
-34  50  8 

//Reference=MNI 
//nullstudy_82
//Subjects=12
-18  -38  -38 
-20  -32  -28 
-40  -72  36 
-2  4  8 
-48  -16  -26 
-36  0  -34 
-8  -52  -42 
-32  14  -46 

//Reference=MNI 
//nullstudy_83
//Subjects=11
50  4  38 
-54  -46  -2 
-30  52  -16 
-18  22  46 
-8  -50  30 
-22  -102  2 
-46  4  -8 
-54  4  44 

//Reference=MNI 
//nullstudy_84
//Subjects=13
-18  2  26 
-48  18  -16 
-52  2  36 
-14  -44  36 
-64  -22  -16 
-62  -24  -26 
-56  -28  -12 
-28  -84  -32 

//Reference=MNI 
//nullstudy_85
//Subjects=10
-46  6  38 
-38  -20  38 
-34  -70  -36 
44  40  -4 
-16  -30  24 
26  26  36 
-40  -2  -48 
-14  48  32 

//Reference=MNI 
//nullstudy_86
//Subjects=11
52  10  14 
-48  -76  18 
2  22  60 
-48  -62  -30 
-22  -24  52 
30  50  14 
-52  -74  4 
-52  0  -34 

//Reference=MNI 
//nullstudy_87
//Subjects=9
-8  -60  -52 
16  58  2 
-22  -24  -10 
40  16  -26 
14  30  50 
8  12  62 
36  22  -28 
30  30  -6 

//Reference=MNI 
//nullstudy_88
//Subjects=11
-24  -40  -36 
-8  -42  -40 
-62  -52  -10 
-12  -34  -28 
-18  58  14 
-2  -8  -18 
-2  38  -2 
-56  -34  22 

//Reference=MNI 
//nullstudy_89
//Subjects=9
-50  -22  -12 
-32  -46  -10 
-26  -86  -48 
-24  -96  22 
-26  -38  -52 
-68  -28  6 
-26  -14  -36 
40  30  -22 

//Reference=MNI 
//nullstudy_90
//Subjects=10
-8  -94  20 
-24  -60  -30 
-20  -88  -34 
0  18  40 
2  4  -12 
26  44  -16 
-22  -50  -16 
34  32  -14 

//Reference=MNI 
//nullstudy_91
//Subjects=9
-36  -74  32 
-14  -80  20 
-58  8  26 
2  40  -22 
10  2  10 
-10  0  -20 
38  28  42 
-28  36  30 

//Reference=MNI 
//nullstudy_92
//Subjects=9
-40  -88  -18 
-48  32  16 
28  56  2 
-68  -20  28 
-12  -66  -4 
-18  -22  22 
24  14  58 
-30  -48  62 

//Reference=MNI 
//nullstudy_93
//Subjects=9
-2  -94  -8 
-34  -20  14 
-32  22  -28 
-6  42  26 
-42  -2  -2 
12  14  6 
-64  -42  -18 
-56  18  -4 

//Reference=MNI 
//nullstudy_94
//Subjects=10
-32  52  26 
-52  -58  30 
-50  12  -24 
-66  -24  14 
-60  -22  -2 
-52  0  -8 
-4  -40  -18 
-30  -34  46 

//Reference=MNI 
//nullstudy_95
//Subjects=10
20  62  -14 
-8  18  -26 
-14  16  10 
-24  -84  44 
-60  -20  -8 
-22  6  -22 
8  22  56 
-34  -82  -36 

//Reference=MNI 
//nullstudy_96
//Subjects=10
20  58  30 
-22  -6  66 
-48  42  0 
-48  -64  -20 
-46  -18  -2 
-24  -6  -6 
-60  20  18 
-10  54  2 

//Reference=MNI 
//nullstudy_97
//Subjects=11
0  14  52 
10  40  40 
-52  -36  -6 
-32  30  -12 
-26  -46  -30 
-64  -30  0 
-10  -58  -54 
-52  16  -16 

//Reference=MNI 
//nullstudy_98
//Subjects=10
-8  28  24 
-30  -26  -16 
-12  -84  -6 
-6  -6  -8 
-14  -48  34 
-10  70  -2 
-4  32  -30 
-18  46  -12 

//Reference=MNI 
//nullstudy_99
//Subjects=11
-18  68  0 
-8  -42  -30 
-8  -26  66 
-34  -54  60 
-4  -46  -42 
-2  -38  42 
-6  10  64 
-28  64  12 

//Reference=MNI 
//nullstudy_100
//Subjects=9
-46  -34  36 
-28  -68  20 
-8  44  50 
-32  50  -12 
-40  40  30 
-46  -40  18 
-44  -62  -32 
-36  -34  -16 

