//Reference=MNI 
//truestudy_1
//Subjects=8
46  -67  -5 
47  -65  -7 
46  -67  -6 
45  -67  -6 
46  -66  -6 
47  -66  -6 
46  -65  -6 
47  -67  -6 

//Reference=MNI 
//truestudy_2
//Subjects=9
46  -65  -6 
46  -66  -6 
46  -66  -8 
47  -67  -5 
48  -66  -7 
44  -67  -6 
45  -66  -6 
47  -66  -6 

//Reference=MNI 
//truestudy_3
//Subjects=10
48  -67  -7 
47  -67  -8 
48  -68  -7 
48  -65  -6 
46  -66  -9 
46  -68  -6 
44  -67  -8 
46  -65  -5 

//Reference=MNI 
//nullstudy_1
//Subjects=8
-22  54  -6 
-42  -44  48 
24  52  14 
-52  8  -26 
-52  -36  50 
-24  -6  -38 
20  16  66 
-52  -18  18 

//Reference=MNI 
//nullstudy_2
//Subjects=9
32  26  14 
-14  20  -6 
-20  -90  -2 
-12  -74  36 
12  14  46 
-6  -52  -38 
-26  -2  -10 
-40  -36  34 

//Reference=MNI 
//nullstudy_3
//Subjects=10
-20  -20  60 
-40  -56  38 
0  22  54 
6  14  52 
18  64  -12 
-38  18  0 
-28  -66  -40 
-4  -30  -4 

//Reference=MNI 
//nullstudy_4
//Subjects=11
-56  -4  -24 
16  48  -8 
2  16  48 
-6  -88  -26 
-28  18  -10 
-12  -48  28 
-10  -38  32 
-42  -84  -24 

//Reference=MNI 
//nullstudy_5
//Subjects=10
2  34  16 
-12  28  -16 
-20  -12  56 
38  20  -34 
-44  -80  -32 
-44  -64  44 
-30  -36  44 
-48  40  22 

//Reference=MNI 
//nullstudy_6
//Subjects=12
-56  -56  10 
-28  -72  42 
-70  -24  -8 
44  52  6 
-30  -8  -10 
-26  -66  -46 
-24  -34  10 
-32  -34  36 

//Reference=MNI 
//nullstudy_7
//Subjects=9
-24  -84  -24 
-8  -88  -20 
-56  -46  22 
0  32  32 
-24  50  22 
-6  -82  0 
-10  -8  -22 
-20  66  -6 

//Reference=MNI 
//nullstudy_8
//Subjects=9
-18  -38  12 
40  44  24 
-8  -38  -58 
-44  -32  18 
-58  16  20 
12  36  -14 
-40  -68  -18 
-2  28  56 

//Reference=MNI 
//nullstudy_9
//Subjects=9
-36  18  -30 
-16  8  10 
-22  -34  0 
18  40  -26 
-18  -60  60 
-10  36  48 
-42  -2  56 
-32  56  16 

//Reference=MNI 
//nullstudy_10
//Subjects=10
26  50  24 
20  46  40 
-8  -62  -12 
-32  -58  -62 
-20  -68  -8 
48  14  -8 
-36  -64  -34 
34  20  38 

//Reference=MNI 
//nullstudy_11
//Subjects=8
4  56  -12 
26  22  -12 
28  22  38 
-60  -10  22 
-60  -12  10 
8  68  22 
-6  34  6 
-58  6  14 

//Reference=MNI 
//nullstudy_12
//Subjects=10
-22  4  -40 
50  28  12 
30  20  40 
38  20  -42 
-20  -32  -28 
-42  -40  52 
-4  -6  64 
-14  8  56 

//Reference=MNI 
//nullstudy_13
//Subjects=11
-64  -16  -16 
-28  -90  -24 
-48  -38  2 
-18  -90  30 
-34  26  10 
-52  -8  -38 
-34  -30  40 
-50  -72  -30 

//Reference=MNI 
//nullstudy_14
//Subjects=8
-20  -26  -28 
-50  -28  -12 
-10  -22  26 
-2  22  62 
20  46  26 
-16  26  -8 
-8  8  38 
-22  6  -46 

//Reference=MNI 
//nullstudy_15
//Subjects=9
-50  -64  -18 
-42  44  8 
38  50  -8 
8  10  18 
-44  -82  -4 
6  22  62 
-8  12  42 
-14  -36  78 

//Reference=MNI 
//nullstudy_16
//Subjects=11
34  10  -30 
-38  -6  18 
-32  -38  52 
-18  32  -14 
14  62  34 
-16  66  12 
-8  -102  -12 
-50  -20  36 

//Reference=MNI 
//nullstudy_17
//Subjects=10
14  12  8 
0  66  24 
-38  22  46 
-44  -64  -2 
-10  6  22 
54  16  4 
-36  -28  46 
-6  -52  -44 

//Reference=MNI 
//nullstudy_18
//Subjects=10
-2  18  48 
-12  30  32 
-22  -6  66 
8  24  6 
8  16  -4 
6  62  34 
26  4  -20 
-14  -36  66 

//Reference=MNI 
//nullstudy_19
//Subjects=9
36  12  -2 
-34  -50  -56 
-12  0  -2 
-16  -32  74 
-58  -22  6 
-52  -40  -22 
30  26  10 
-16  -84  10 

//Reference=MNI 
//nullstudy_20
//Subjects=10
-44  -2  14 
-56  -44  -24 
-44  8  26 
-30  -82  32 
-4  -96  -12 
-38  -84  16 
-8  -42  2 
-12  58  40 

//Reference=MNI 
//nullstudy_21
//Subjects=11
16  34  -24 
-42  -72  48 
2  38  36 
-18  -56  -6 
-4  18  70 
-46  38  20 
-14  22  60 
-14  -96  -18 

//Reference=MNI 
//nullstudy_22
//Subjects=8
-30  -14  -10 
4  46  -12 
14  20  40 
-12  -18  62 
-4  -34  68 
-10  8  34 
30  28  -20 
-14  -20  70 

//Reference=MNI 
//nullstudy_23
//Subjects=11
-14  -42  68 
-16  -6  -28 
-60  16  12 
-6  -86  -16 
-14  22  -22 
-28  -24  -18 
44  22  -32 
-2  -42  56 

//Reference=MNI 
//nullstudy_24
//Subjects=9
26  48  -4 
24  30  48 
-24  -54  -38 
-54  -2  12 
-32  -4  42 
34  10  -18 
52  2  -24 
-22  -6  62 

//Reference=MNI 
//nullstudy_25
//Subjects=8
-36  -52  46 
-14  -2  14 
-4  -48  42 
20  64  -4 
-20  -70  -52 
-44  36  -4 
-28  24  8 
52  6  -38 

//Reference=MNI 
//nullstudy_26
//Subjects=10
-38  -12  6 
-12  -26  70 
-36  -56  -10 
-22  -90  26 
-60  6  -16 
-4  -2  4 
-4  -24  32 
-56  -66  -16 

//Reference=MNI 
//nullstudy_27
//Subjects=11
-16  -82  -2 
-4  -60  -42 
-32  -10  -18 
-4  -52  24 
-68  -24  22 
-18  -6  60 
6  14  26 
32  56  12 

//Reference=MNI 
//nullstudy_28
//Subjects=9
36  56  -4 
-36  -52  -8 
-18  -44  -18 
50  30  -8 
16  24  54 
-4  -30  -48 
-2  -62  -42 
-28  -74  -42 

//Reference=MNI 
//nullstudy_29
//Subjects=12
-40  -18  -22 
-52  -24  -10 
-18  -26  10 
-30  0  -22 
-18  30  -16 
-30  46  -14 
-10  64  22 
-38  -68  4 

//Reference=MNI 
//nullstudy_30
//Subjects=12
-28  58  16 
0  50  48 
-50  -10  22 
-34  8  12 
-12  -54  12 
-38  -50  -44 
-46  -70  -6 
-28  42  14 

//Reference=MNI 
//nullstudy_31
//Subjects=10
-58  -6  -30 
-24  -66  -32 
-14  -32  -38 
-34  -40  -22 
-26  -92  -10 
-4  10  -12 
22  12  -12 
48  8  34 

//Reference=MNI 
//nullstudy_32
//Subjects=10
-54  36  -4 
-28  10  -22 
-16  -58  -48 
-44  2  8 
-38  -52  -60 
-32  40  -18 
-10  28  54 
-22  -46  -42 

//Reference=MNI 
//nullstudy_33
//Subjects=10
-26  38  -22 
-36  -34  42 
10  34  38 
-18  -48  70 
-28  -32  -12 
8  16  -4 
42  16  10 
-30  64  12 

//Reference=MNI 
//nullstudy_34
//Subjects=10
-14  -50  46 
10  26  62 
-22  64  -10 
-54  -6  38 
-18  -102  0 
-54  -62  4 
-10  -38  -30 
-50  -16  -18 

//Reference=MNI 
//nullstudy_35
//Subjects=10
-16  -72  34 
-42  -30  60 
-20  -84  16 
6  18  36 
-46  8  -38 
-52  -46  -20 
-28  -40  -40 
-4  -64  -54 

//Reference=MNI 
//nullstudy_36
//Subjects=11
-40  22  -4 
-8  -36  26 
2  52  6 
-4  34  54 
-42  26  46 
26  4  -40 
-8  6  6 
-12  -36  -26 

//Reference=MNI 
//nullstudy_37
//Subjects=10
-54  -56  14 
-10  -44  -14 
-36  -4  -32 
-32  -18  62 
-14  -46  -56 
-62  -44  -2 
-42  -24  -32 
-44  40  2 

//Reference=MNI 
//nullstudy_38
//Subjects=10
-6  34  6 
18  10  56 
-40  -70  -32 
-6  -18  -20 
-4  -48  28 
12  52  -20 
-38  -74  46 
-6  -94  26 

//Reference=MNI 
//nullstudy_39
//Subjects=12
-52  22  -14 
-4  14  62 
38  2  2 
-10  -54  26 
-34  -76  -2 
-46  10  -40 
-16  -66  -12 
-16  -56  -56 

//Reference=MNI 
//nullstudy_40
//Subjects=10
30  28  48 
-28  4  -44 
-42  32  42 
-24  -44  -30 
-4  -4  -16 
-4  -48  -26 
-38  -2  -18 
-18  54  14 

//Reference=MNI 
//nullstudy_41
//Subjects=10
-38  -34  70 
-8  -56  58 
-56  34  10 
-34  28  38 
-48  -8  26 
-18  -26  6 
-36  -28  4 
-54  -8  2 

//Reference=MNI 
//nullstudy_42
//Subjects=10
-24  42  -12 
-18  -78  -54 
-32  58  0 
-58  -48  36 
52  6  -34 
24  2  46 
-54  -50  20 
44  8  30 

//Reference=MNI 
//nullstudy_43
//Subjects=8
-18  64  -14 
4  38  -14 
-60  18  10 
-38  -58  -44 
-32  -66  -34 
-24  -6  -10 
-2  -18  -4 
-10  44  -28 

//Reference=MNI 
//nullstudy_44
//Subjects=11
-10  8  -20 
-20  -14  -8 
-4  4  62 
-40  -50  28 
-4  30  -2 
-50  -14  58 
-12  12  32 
-36  -78  12 

//Reference=MNI 
//nullstudy_45
//Subjects=10
-20  42  46 
-34  48  6 
-38  32  28 
-54  -20  -18 
2  38  -14 
30  30  8 
-56  -58  20 
52  20  44 

//Reference=MNI 
//nullstudy_46
//Subjects=10
-2  6  6 
-58  2  -20 
58  22  28 
-4  -58  40 
-42  12  -30 
-50  -40  52 
-58  20  26 
-8  -40  -58 

//Reference=MNI 
//nullstudy_47
//Subjects=11
-4  -14  54 
-54  -52  -30 
0  18  30 
-26  -40  4 
-32  14  -20 
52  40  2 
-8  -56  22 
-34  -64  -62 

//Reference=MNI 
//nullstudy_48
//Subjects=9
-42  40  14 
-2  -14  32 
44  4  -28 
-8  66  -18 
56  36  14 
-8  -66  -28 
22  64  12 
-2  24  -6 

//Reference=MNI 
//nullstudy_49
//Subjects=11
-2  -54  14 
-40  26  24 
-18  64  -6 
-54  26  -4 
56  14  40 
-42  42  -6 
16  48  32 
6  46  40 

//Reference=MNI 
//nullstudy_50
//Subjects=10
-38  -56  30 
10  66  22 
-2  42  6 
42  18  54 
-12  -68  18 
-26  42  -22 
-22  56  36 
-40  -60  24 

//Reference=MNI 
//nullstudy_51
//Subjects=10
-12  -48  30 
16  34  24 
-32  18  -32 
-8  -2  78 
-58  -42  -14 
4  24  -20 
-42  -28  4 
-2  -12  40 

//Reference=MNI 
//nullstudy_52
//Subjects=8
-26  -46  50 
32  64  12 
-2  -40  72 
46  6  48 
-52  -44  28 
14  64  12 
-18  -12  -10 
-6  12  16 

//Reference=MNI 
//nullstudy_53
//Subjects=11
-12  -90  -26 
-38  -60  -18 
-50  -52  -8 
-18  -84  18 
-22  -88  8 
-38  12  -26 
-26  -36  2 
20  10  -24 

//Reference=MNI 
//nullstudy_54
//Subjects=10
6  6  -8 
6  40  46 
-44  -34  -18 
-46  -12  58 
-6  -72  -4 
-38  -60  -40 
-38  -66  -14 
54  30  30 

//Reference=MNI 
//nullstudy_55
//Subjects=11
38  24  4 
-18  -42  -14 
8  16  4 
42  42  2 
38  6  -28 
-12  -94  2 
-38  -16  62 
-4  68  -4 

//Reference=MNI 
//nullstudy_56
//Subjects=10
-34  16  -32 
-28  -76  -32 
-56  24  28 
46  12  -40 
-60  -16  40 
38  6  8 
42  48  18 
-48  -8  -36 

//Reference=MNI 
//nullstudy_57
//Subjects=11
-8  -20  -36 
-14  -38  58 
-36  -40  46 
-42  40  30 
10  12  -22 
-50  22  34 
22  16  -24 
2  26  42 

//Reference=MNI 
//nullstudy_58
//Subjects=9
-32  36  12 
-26  2  -28 
-54  -18  -26 
36  58  -6 
32  14  -6 
30  22  -6 
54  12  -24 
-28  62  -14 

//Reference=MNI 
//nullstudy_59
//Subjects=10
-66  -48  10 
34  2  -10 
-22  0  6 
-38  -62  22 
-24  -72  -14 
-16  12  -34 
-48  -28  4 
-58  -8  12 

//Reference=MNI 
//nullstudy_60
//Subjects=10
-10  66  24 
6  40  -2 
34  26  10 
24  18  -36 
44  44  28 
-56  -22  -12 
26  28  36 
-34  18  -34 

//Reference=MNI 
//nullstudy_61
//Subjects=10
24  34  52 
-30  -30  -10 
-62  -36  2 
-38  26  28 
-32  -34  56 
-28  -12  -4 
4  42  2 
-14  12  0 

//Reference=MNI 
//nullstudy_62
//Subjects=9
-10  -50  0 
-28  48  -6 
24  60  2 
-38  36  42 
44  10  -42 
-22  -2  -28 
52  20  -16 
-16  -74  40 

//Reference=MNI 
//nullstudy_63
//Subjects=9
12  58  -14 
-14  -28  8 
8  2  -32 
-36  -8  62 
-8  -44  -30 
36  34  -20 
-56  -56  32 
-48  -4  8 

//Reference=MNI 
//nullstudy_64
//Subjects=10
-36  -72  -4 
4  12  -18 
-30  -18  72 
-10  48  26 
-14  0  -22 
-18  -8  -12 
-10  -78  40 
34  32  -18 

//Reference=MNI 
//nullstudy_65
//Subjects=10
-54  -20  4 
-42  -88  -8 
22  54  4 
-40  -32  18 
22  2  58 
14  72  8 
-38  -8  58 
-44  -64  6 

//Reference=MNI 
//nullstudy_66
//Subjects=10
40  8  14 
-4  -24  -10 
6  34  26 
-52  -14  -20 
-8  -60  60 
-6  -80  50 
50  48  2 
36  24  22 

//Reference=MNI 
//nullstudy_67
//Subjects=10
-6  34  16 
-16  -58  -18 
-4  -10  46 
50  8  -4 
-34  -16  -16 
-12  -78  46 
-36  -48  -48 
-64  -6  -6 

//Reference=MNI 
//nullstudy_68
//Subjects=9
-60  -30  -2 
-48  -6  54 
4  22  40 
-42  6  -16 
-52  -2  22 
6  66  -12 
-50  -42  30 
8  42  -10 

//Reference=MNI 
//nullstudy_69
//Subjects=10
-56  6  -18 
-40  -56  -42 
22  32  38 
-2  -78  -14 
-20  -84  44 
-2  -100  2 
-36  -56  44 
-10  -6  -18 

//Reference=MNI 
//nullstudy_70
//Subjects=10
-4  -46  74 
-28  12  -34 
60  8  -18 
-32  -40  -20 
-14  -58  52 
-38  0  62 
20  44  28 
-44  -58  14 

//Reference=MNI 
//nullstudy_71
//Subjects=9
-60  -60  10 
4  2  46 
-26  24  -26 
-6  -24  62 
-8  -6  54 
-14  -16  12 
44  30  26 
-22  -84  0 

//Reference=MNI 
//nullstudy_72
//Subjects=10
-22  -18  -30 
40  38  -12 
6  30  -26 
-66  -56  0 
40  36  40 
-18  -84  -44 
34  64  10 
-16  -34  -36 

//Reference=MNI 
//nullstudy_73
//Subjects=10
-16  -74  2 
-64  -38  36 
0  22  34 
-38  -46  48 
-50  -26  16 
-20  -64  -30 
-34  -82  30 
-42  -72  -8 

//Reference=MNI 
//nullstudy_74
//Subjects=11
-8  44  -20 
-6  -24  16 
-28  -10  50 
-24  54  0 
-48  -6  -2 
-24  -86  -18 
-14  -72  52 
-56  -12  -42 

//Reference=MNI 
//nullstudy_75
//Subjects=10
24  48  10 
20  22  -6 
-20  -74  -54 
34  48  -14 
36  18  -34 
-14  -12  20 
-10  52  14 
-48  -72  6 

//Reference=MNI 
//nullstudy_76
//Subjects=10
-2  -60  56 
-18  64  22 
4  26  62 
-12  -12  50 
-6  -78  -30 
-10  -62  -40 
-16  -36  0 
-8  -24  72 

//Reference=MNI 
//nullstudy_77
//Subjects=11
-32  -12  -38 
-56  -22  -22 
-18  -94  -16 
-2  -26  66 
-10  -74  -8 
-36  -74  -28 
-2  -30  14 
-46  -4  4 

//Reference=MNI 
//nullstudy_78
//Subjects=9
-36  28  50 
14  50  38 
-48  -44  10 
-10  -72  52 
-40  -32  6 
-20  -64  -14 
-18  -22  20 
-14  -50  -28 

//Reference=MNI 
//nullstudy_79
//Subjects=11
-42  -6  52 
-50  -58  12 
-46  38  10 
-24  0  68 
32  12  46 
-66  -14  12 
34  2  -20 
-28  -8  -44 

//Reference=MNI 
//nullstudy_80
//Subjects=9
-64  -8  -10 
26  8  -8 
-66  -18  4 
-66  -22  8 
-2  -26  -42 
26  54  24 
-58  -66  -16 
48  12  6 

//Reference=MNI 
//nullstudy_81
//Subjects=12
52  44  -2 
-12  -42  62 
22  42  -10 
-4  62  12 
-8  -102  14 
-12  -70  -46 
6  48  -24 
-6  -60  18 

//Reference=MNI 
//nullstudy_82
//Subjects=10
-32  58  -8 
-18  18  2 
-56  -58  -4 
-26  2  -34 
-18  36  50 
56  16  -20 
8  62  30 
-4  -78  52 

//Reference=MNI 
//nullstudy_83
//Subjects=9
-38  -50  40 
-2  -78  -28 
-4  26  30 
-44  -16  -24 
-2  -10  22 
-8  54  -20 
-4  -6  68 
-54  -20  48 

//Reference=MNI 
//nullstudy_84
//Subjects=12
-30  2  -14 
44  20  6 
-60  -4  -26 
-68  -26  -20 
-24  4  10 
-34  -14  -2 
-40  -24  -20 
-38  -76  30 

//Reference=MNI 
//nullstudy_85
//Subjects=11
-10  -64  28 
-28  -74  56 
-54  14  -18 
-14  -82  -2 
48  4  -8 
-4  -48  72 
-2  50  48 
-28  64  -4 

//Reference=MNI 
//nullstudy_86
//Subjects=10
8  6  68 
-20  -46  12 
-32  -68  58 
-48  -62  -42 
-34  2  0 
-8  28  -22 
8  60  14 
54  28  -6 

//Reference=MNI 
//nullstudy_87
//Subjects=8
-8  8  8 
-28  8  12 
-12  -90  34 
-62  -2  16 
-22  4  -6 
-40  -84  10 
-18  -28  22 
0  38  -4 

//Reference=MNI 
//nullstudy_88
//Subjects=10
-48  -42  -40 
18  64  -18 
-24  24  40 
-30  16  16 
36  52  16 
-52  18  18 
-36  -82  14 
32  56  6 

//Reference=MNI 
//nullstudy_89
//Subjects=8
12  64  20 
42  26  20 
-66  -36  16 
-14  -52  72 
38  32  14 
-48  -18  6 
16  36  -26 
-36  -84  -40 

//Reference=MNI 
//nullstudy_90
//Subjects=9
-46  -44  32 
-12  -68  46 
-8  -86  34 
-10  -6  42 
-48  -12  20 
-6  -78  -6 
-34  -58  -56 
-34  -70  -8 

//Reference=MNI 
//nullstudy_91
//Subjects=10
-4  -32  56 
-26  -66  4 
30  6  -18 
-10  -52  -58 
-58  -42  -22 
10  62  -18 
-8  -92  -4 
-28  -76  48 

//Reference=MNI 
//nullstudy_92
//Subjects=10
32  52  8 
-18  56  8 
-54  36  -8 
-50  -40  -14 
-54  -4  -6 
-18  -94  2 
-52  -74  12 
-30  4  -50 

//Reference=MNI 
//nullstudy_93
//Subjects=8
-10  -68  -46 
-24  -24  -24 
-20  58  22 
12  6  22 
-8  20  0 
-10  42  20 
12  10  56 
-36  -46  -24 

//Reference=MNI 
//nullstudy_94
//Subjects=10
-2  -26  46 
-10  34  36 
28  18  42 
14  48  16 
-12  -70  0 
-24  22  -18 
-4  -56  -22 
-56  18  6 

//Reference=MNI 
//nullstudy_95
//Subjects=8
-22  -26  58 
-54  -18  44 
-30  -44  -6 
50  6  32 
6  32  -8 
-12  -34  36 
-10  2  44 
-12  -62  58 

//Reference=MNI 
//nullstudy_96
//Subjects=11
50  28  38 
38  50  22 
2  58  -10 
-22  16  4 
2  40  28 
-2  0  -6 
-64  -38  8 
16  20  8 

//Reference=MNI 
//nullstudy_97
//Subjects=11
-36  2  46 
-16  -56  -64 
-42  -32  -16 
-36  42  -4 
-6  -76  2 
-20  6  -20 
26  46  2 
-58  -50  -12 

//Reference=MNI 
//nullstudy_98
//Subjects=10
-16  -32  -42 
42  8  30 
-52  0  10 
10  72  10 
-8  60  -16 
-10  -98  10 
-50  46  -6 
-8  -22  44 

//Reference=MNI 
//nullstudy_99
//Subjects=10
-26  -84  -4 
-30  8  -22 
-52  -46  30 
38  12  52 
-8  -88  -12 
-14  -34  12 
-42  -8  42 
26  2  46 

//Reference=MNI 
//nullstudy_100
//Subjects=10
-6  -24  74 
36  46  2 
-36  -70  -16 
-18  -16  -28 
-4  -66  -56 
-32  -94  -12 
-54  40  0 
-36  -50  -14 

