//Reference=MNI 
//truestudy_1
//Subjects=30
47  -66  -5 
47  -65  -7 
47  -67  -4 
46  -66  -4 
46  -67  -7 
46  -65  -7 
47  -65  -8 
45  -67  -6 

//Reference=MNI 
//truestudy_2
//Subjects=30
47  -67  -6 
46  -65  -5 
45  -66  -5 
48  -66  -5 
46  -65  -6 
46  -68  -4 
45  -67  -7 
49  -67  -5 

//Reference=MNI 
//truestudy_3
//Subjects=29
45  -65  -6 
46  -64  -6 
45  -65  -7 
47  -65  -5 
45  -65  -8 
45  -68  -6 
48  -66  -7 
46  -67  -5 

//Reference=MNI 
//nullstudy_1
//Subjects=30
2  10  62 
-34  -32  66 
-6  36  46 
-12  44  -10 
-50  42  16 
-32  -52  -22 
-48  -16  40 
-32  -56  -40 

//Reference=MNI 
//nullstudy_2
//Subjects=30
-2  -10  64 
-50  -6  2 
26  18  -42 
-2  14  60 
-22  -76  0 
-44  2  18 
-40  2  -8 
-10  24  66 

//Reference=MNI 
//nullstudy_3
//Subjects=29
-22  -28  -22 
-32  -18  -30 
12  4  -10 
-28  48  32 
-22  -4  -50 
-22  -78  -8 
-28  -54  64 
-4  -36  -2 

//Reference=MNI 
//nullstudy_4
//Subjects=31
-2  -80  -26 
-48  -54  54 
-8  -100  10 
28  52  -16 
-34  -52  48 
10  22  -6 
-24  50  20 
-46  -6  -8 

//Reference=MNI 
//nullstudy_5
//Subjects=30
-70  -30  -12 
-44  -66  -36 
-60  -22  -2 
-44  -72  16 
40  32  20 
38  10  34 
40  16  12 
-20  -60  2 

//Reference=MNI 
//nullstudy_6
//Subjects=29
-8  -98  14 
50  34  10 
-16  36  48 
-6  -56  14 
-26  -70  28 
54  20  -16 
50  4  38 
-2  -20  74 

//Reference=MNI 
//nullstudy_7
//Subjects=30
-32  8  64 
-54  -2  -36 
-46  34  -6 
-6  -4  36 
-52  -34  -26 
40  6  60 
-34  62  -12 
-2  -46  26 

//Reference=MNI 
//nullstudy_8
//Subjects=32
40  50  -12 
-26  38  34 
2  20  26 
-24  -42  72 
40  36  36 
-32  52  12 
-4  -58  -22 
-42  14  -14 

//Reference=MNI 
//nullstudy_9
//Subjects=29
-12  14  70 
-48  -46  60 
-26  -40  16 
-38  18  2 
32  10  44 
30  48  2 
16  36  24 
-64  -24  -24 

//Reference=MNI 
//nullstudy_10
//Subjects=32
-56  10  12 
-28  -48  -4 
-26  -52  2 
-6  44  -20 
0  12  58 
-40  48  22 
6  50  34 
20  16  50 

//Reference=MNI 
//nullstudy_11
//Subjects=29
-38  -74  -54 
-10  -54  -66 
-34  -80  -50 
14  30  52 
32  18  26 
30  22  44 
42  16  -36 
-46  -42  -2 

//Reference=MNI 
//nullstudy_12
//Subjects=29
-30  14  30 
46  8  -4 
-14  -2  20 
-30  58  -8 
-40  -24  -18 
-58  -28  -12 
-2  -76  30 
-22  -42  -40 

//Reference=MNI 
//nullstudy_13
//Subjects=30
-2  -22  -22 
-26  -30  74 
-50  -22  -34 
-44  16  2 
34  20  24 
12  10  4 
-38  14  -12 
-4  -36  -56 

//Reference=MNI 
//nullstudy_14
//Subjects=29
46  34  38 
4  22  6 
-42  -14  8 
-46  -4  54 
4  30  50 
-8  -54  2 
-8  -8  46 
-52  -12  -24 

//Reference=MNI 
//nullstudy_15
//Subjects=28
-4  -80  -22 
-24  -2  -46 
-32  14  26 
-6  -74  -28 
-46  -28  20 
-2  -24  -8 
-46  -30  10 
-12  -96  -6 

//Reference=MNI 
//nullstudy_16
//Subjects=30
48  14  -34 
-14  34  50 
-52  -56  -8 
-54  -70  -22 
-14  -102  16 
16  10  -2 
6  48  52 
-18  66  16 

//Reference=MNI 
//nullstudy_17
//Subjects=29
-14  38  -24 
-58  -40  46 
54  22  24 
-56  -8  -16 
-14  68  -6 
58  8  10 
-6  -96  18 
56  10  -14 

//Reference=MNI 
//nullstudy_18
//Subjects=31
-62  -28  40 
20  42  26 
-18  -88  8 
-40  26  50 
-62  -8  -32 
-46  -10  48 
-10  -42  -10 
-10  -74  -24 

//Reference=MNI 
//nullstudy_19
//Subjects=29
-26  -62  -56 
-40  -22  50 
-12  -90  -16 
-12  58  12 
-4  -58  -4 
-36  2  -48 
-28  18  -36 
-8  -10  -14 

//Reference=MNI 
//nullstudy_20
//Subjects=30
-8  -14  -38 
-20  -64  -46 
-10  -48  70 
-48  30  24 
32  24  54 
-42  30  40 
44  46  28 
-58  2  38 

//Reference=MNI 
//nullstudy_21
//Subjects=29
-54  -30  18 
-20  -70  42 
-16  -60  -64 
56  38  2 
46  8  56 
-40  -18  -26 
0  40  10 
-42  -68  10 

//Reference=MNI 
//nullstudy_22
//Subjects=32
-44  -4  0 
-26  -6  46 
-28  -98  14 
-54  -22  -4 
-38  -8  66 
-12  -4  12 
-12  70  -8 
-24  50  -14 

//Reference=MNI 
//nullstudy_23
//Subjects=30
-24  44  46 
46  20  -4 
-12  36  60 
-40  16  34 
-48  10  8 
-32  -68  24 
32  2  -30 
-14  -72  -48 

//Reference=MNI 
//nullstudy_24
//Subjects=30
-12  -38  -36 
12  42  56 
-60  10  30 
-4  -52  54 
-50  -62  50 
-10  -64  12 
-28  20  -20 
-10  -36  -44 

//Reference=MNI 
//nullstudy_25
//Subjects=28
6  20  48 
-2  30  -24 
-46  -6  10 
-52  -18  -38 
24  14  -10 
-16  18  52 
-54  -42  6 
-26  8  -14 

//Reference=MNI 
//nullstudy_26
//Subjects=32
-62  -58  24 
-28  -32  -30 
-44  -58  -52 
-32  -54  38 
8  42  18 
-38  28  -10 
36  10  16 
-54  12  -8 

//Reference=MNI 
//nullstudy_27
//Subjects=30
18  60  20 
-38  -80  -32 
-4  -16  26 
-4  56  -6 
-22  10  -40 
52  40  -14 
62  4  36 
38  4  28 

//Reference=MNI 
//nullstudy_28
//Subjects=31
-30  -66  26 
38  54  -2 
-4  -34  -60 
-52  -68  22 
8  62  14 
42  6  20 
-24  -64  -52 
-18  -38  46 

//Reference=MNI 
//nullstudy_29
//Subjects=32
-56  -54  8 
-54  20  8 
-50  36  -16 
-50  -4  6 
44  38  -2 
6  42  -4 
40  28  26 
-50  30  24 

//Reference=MNI 
//nullstudy_30
//Subjects=29
-18  38  40 
-32  -82  -44 
-64  -14  40 
-16  -98  22 
6  54  24 
-64  -52  12 
-52  -78  8 
52  40  18 

//Reference=MNI 
//nullstudy_31
//Subjects=30
-26  -28  -20 
4  68  12 
-4  -6  62 
-54  -12  -6 
-66  -12  28 
-36  -40  -20 
-44  -84  -14 
-6  -30  -32 

//Reference=MNI 
//nullstudy_32
//Subjects=32
-58  10  -10 
-8  -66  -60 
-28  -14  64 
-26  -20  54 
-14  24  50 
-8  40  0 
-18  -76  30 
-42  -86  8 

//Reference=MNI 
//nullstudy_33
//Subjects=29
-26  -62  10 
-16  -42  -34 
10  22  6 
24  22  -26 
28  20  -28 
22  58  14 
-6  -38  -38 
-50  38  18 

//Reference=MNI 
//nullstudy_34
//Subjects=29
-28  14  50 
-8  -48  2 
-22  -32  -10 
-28  -88  -8 
-10  2  -4 
-8  -78  -48 
-54  -64  -14 
-14  -80  38 

//Reference=MNI 
//nullstudy_35
//Subjects=31
16  2  22 
-24  -28  74 
-8  24  26 
-48  -66  -10 
-12  -18  -22 
40  18  30 
56  16  -4 
40  10  -36 

//Reference=MNI 
//nullstudy_36
//Subjects=30
36  44  40 
-26  -72  54 
-60  8  -14 
-12  64  -20 
40  32  32 
-44  -38  18 
-10  -64  -60 
-18  12  14 

//Reference=MNI 
//nullstudy_37
//Subjects=31
-2  -96  -6 
2  28  16 
30  20  32 
-22  62  28 
-10  -44  -20 
-52  -38  14 
6  30  -20 
-6  4  -10 

//Reference=MNI 
//nullstudy_38
//Subjects=30
-22  54  24 
44  54  -12 
-6  -4  -28 
52  10  -16 
-62  -6  10 
-34  22  -36 
-44  16  0 
-6  -30  -22 

//Reference=MNI 
//nullstudy_39
//Subjects=31
-4  -48  -58 
-34  -20  -24 
-10  -14  -34 
-62  -28  24 
-18  -94  8 
-48  34  26 
44  50  2 
36  22  -16 

//Reference=MNI 
//nullstudy_40
//Subjects=30
-34  -66  52 
2  18  -26 
-18  -46  0 
-38  14  54 
14  50  48 
-50  -54  -34 
34  4  -22 
-50  -56  -46 

//Reference=MNI 
//nullstudy_41
//Subjects=30
-2  -74  -8 
-50  -18  -26 
10  12  72 
28  8  56 
-32  -72  22 
-26  -8  4 
-44  -78  30 
-32  48  36 

//Reference=MNI 
//nullstudy_42
//Subjects=30
2  26  40 
-36  -38  34 
-6  20  -26 
20  52  0 
-56  -34  10 
40  48  -10 
-12  -48  4 
-36  2  56 

//Reference=MNI 
//nullstudy_43
//Subjects=30
-22  -78  32 
-46  8  18 
-44  12  -16 
14  14  -16 
-30  -76  -16 
-22  -64  50 
-4  -32  -10 
28  58  22 

//Reference=MNI 
//nullstudy_44
//Subjects=29
-44  56  -4 
-18  -18  58 
-24  -86  -2 
-68  -22  16 
24  58  -14 
-52  18  20 
-30  22  -4 
-36  40  -16 

//Reference=MNI 
//nullstudy_45
//Subjects=29
-18  -78  -38 
-32  -94  16 
-28  -84  28 
-16  -50  6 
-34  22  4 
-54  2  26 
-48  -56  -16 
-24  -70  52 

//Reference=MNI 
//nullstudy_46
//Subjects=31
-14  -80  44 
-44  -84  0 
-38  22  52 
12  48  8 
-42  4  4 
-16  -100  10 
-32  0  48 
-50  -82  10 

//Reference=MNI 
//nullstudy_47
//Subjects=30
46  44  -12 
-36  -68  18 
-28  34  -16 
-30  -68  -26 
-56  -70  -14 
-10  -16  -38 
-6  14  4 
28  36  44 

//Reference=MNI 
//nullstudy_48
//Subjects=31
-42  -30  -26 
-58  -48  18 
56  2  28 
6  60  -4 
26  4  8 
-40  -80  26 
-14  -4  24 
-2  6  6 

//Reference=MNI 
//nullstudy_49
//Subjects=30
-64  -24  22 
4  22  -22 
-40  -18  16 
-8  -78  -28 
48  26  -10 
-58  4  34 
-32  30  20 
-2  -36  -14 

//Reference=MNI 
//nullstudy_50
//Subjects=30
-44  -38  10 
-30  -54  10 
-2  54  -12 
-36  4  36 
30  12  14 
-4  0  -30 
-64  -54  26 
-8  6  40 

//Reference=MNI 
//nullstudy_51
//Subjects=31
-16  -2  20 
-38  36  38 
4  20  54 
32  12  26 
-4  -34  60 
-30  -80  14 
24  40  -12 
-4  8  20 

//Reference=MNI 
//nullstudy_52
//Subjects=31
-52  12  -6 
-24  8  70 
-38  -30  24 
58  12  20 
-34  -22  66 
32  42  30 
-18  -62  -32 
34  8  46 

//Reference=MNI 
//nullstudy_53
//Subjects=30
-32  -24  -22 
26  28  46 
-8  6  -4 
30  60  -14 
-46  50  12 
-40  -60  40 
-32  -62  34 
42  18  34 

//Reference=MNI 
//nullstudy_54
//Subjects=32
-30  -54  8 
22  10  60 
-24  -60  -44 
22  12  -22 
-14  50  -2 
-10  -4  -8 
-50  -22  2 
-50  -22  48 

//Reference=MNI 
//nullstudy_55
//Subjects=30
-6  22  2 
0  36  0 
28  58  28 
-38  4  2 
-48  26  14 
28  12  -38 
4  32  28 
6  12  -16 

//Reference=MNI 
//nullstudy_56
//Subjects=29
-54  -46  10 
-8  -48  28 
-60  -4  36 
-12  -58  -32 
4  22  -16 
-46  -56  46 
-46  -36  8 
-44  -46  16 

//Reference=MNI 
//nullstudy_57
//Subjects=33
-10  -26  6 
-46  -84  -16 
24  66  -12 
-16  4  -36 
4  26  20 
-62  -56  -4 
-2  -52  -42 
-46  0  -4 

//Reference=MNI 
//nullstudy_58
//Subjects=30
-28  30  40 
20  54  -8 
-34  24  22 
-38  -56  -10 
-6  -46  2 
38  42  2 
-20  -54  -30 
-54  -30  -14 

//Reference=MNI 
//nullstudy_59
//Subjects=31
-48  -26  30 
-12  -4  28 
-4  -56  44 
20  4  64 
-64  -54  24 
-12  12  -28 
22  24  -16 
-52  2  38 

//Reference=MNI 
//nullstudy_60
//Subjects=30
32  4  4 
-16  -38  -14 
32  12  -18 
-22  -94  26 
-20  -70  -50 
-34  20  -32 
-16  -86  36 
24  6  44 

//Reference=MNI 
//nullstudy_61
//Subjects=31
-16  -36  24 
-32  -66  30 
-6  -16  38 
-46  -52  16 
-34  -58  -30 
0  62  26 
-6  -28  -50 
8  40  18 

//Reference=MNI 
//nullstudy_62
//Subjects=31
-24  28  36 
-22  -20  -34 
-50  -52  -36 
-2  28  -26 
-36  38  -20 
10  22  24 
56  10  6 
48  42  -14 

//Reference=MNI 
//nullstudy_63
//Subjects=31
-6  24  56 
-20  -42  -20 
-34  30  20 
-32  20  46 
-8  -22  -38 
-34  14  32 
16  20  60 
44  18  16 

//Reference=MNI 
//nullstudy_64
//Subjects=29
-30  8  64 
-28  40  32 
-44  -18  36 
-42  -56  54 
-16  52  40 
28  8  52 
-32  -88  6 
-44  42  28 

//Reference=MNI 
//nullstudy_65
//Subjects=30
-36  8  50 
-46  10  -20 
-6  62  0 
-28  28  46 
-2  50  40 
-22  66  0 
-50  -34  52 
16  30  52 

//Reference=MNI 
//nullstudy_66
//Subjects=31
-28  -4  -6 
-26  -12  4 
-8  -20  48 
-6  -96  24 
-46  -20  -22 
-4  -34  -4 
12  24  -20 
34  62  -8 

//Reference=MNI 
//nullstudy_67
//Subjects=30
54  16  -10 
-60  0  40 
-50  8  44 
2  28  42 
-18  -54  -42 
-42  -40  54 
-34  -62  -16 
-66  -18  -20 

//Reference=MNI 
//nullstudy_68
//Subjects=31
-32  18  38 
-8  -18  48 
-16  -70  -14 
-52  -74  24 
-42  -46  20 
-52  -58  12 
-4  -26  -8 
4  2  44 

//Reference=MNI 
//nullstudy_69
//Subjects=30
42  52  10 
-30  48  6 
-56  -14  22 
-12  44  4 
-8  -28  52 
-18  8  -24 
46  2  -36 
-24  0  4 

//Reference=MNI 
//nullstudy_70
//Subjects=29
-42  14  32 
-2  50  -20 
-12  -28  70 
6  16  60 
-16  -34  14 
-14  14  56 
-62  -56  12 
-40  14  -40 

//Reference=MNI 
//nullstudy_71
//Subjects=30
42  24  -16 
-18  36  -20 
46  26  38 
-50  -40  -16 
48  10  -6 
-36  -34  56 
-64  -20  24 
-24  44  38 

//Reference=MNI 
//nullstudy_72
//Subjects=29
48  44  -6 
26  8  54 
-24  -68  22 
62  6  -8 
-36  4  2 
-32  -76  -30 
-38  24  32 
-20  -42  -8 

//Reference=MNI 
//nullstudy_73
//Subjects=30
-4  -44  18 
-22  -6  -38 
-30  30  -22 
-38  -48  40 
22  6  -46 
-30  -12  62 
-22  -64  16 
-26  -32  -18 

//Reference=MNI 
//nullstudy_74
//Subjects=29
40  10  10 
-42  20  -28 
-66  -54  12 
-2  28  26 
-6  -82  -46 
-26  58  22 
-34  -8  12 
42  2  18 

//Reference=MNI 
//nullstudy_75
//Subjects=31
-58  -22  24 
-12  30  -18 
-6  -90  -32 
50  36  30 
-52  16  -14 
16  18  54 
-26  -76  14 
30  26  50 

//Reference=MNI 
//nullstudy_76
//Subjects=31
-20  10  62 
-16  -68  -48 
-28  -16  62 
-14  -62  -58 
-4  -36  38 
-6  -80  12 
-14  -82  26 
-60  18  18 

//Reference=MNI 
//nullstudy_77
//Subjects=31
54  20  -20 
-10  -8  46 
-20  -46  14 
34  8  66 
-54  -24  26 
-56  -6  -40 
-40  10  2 
-26  22  -24 

//Reference=MNI 
//nullstudy_78
//Subjects=31
-18  -78  38 
-38  -22  14 
-40  -54  8 
-42  42  -6 
24  42  36 
-16  -20  -22 
-44  -40  60 
-6  56  -20 

//Reference=MNI 
//nullstudy_79
//Subjects=31
-10  -22  -36 
30  22  62 
-2  -84  -44 
-54  18  34 
-4  14  32 
-8  -70  -38 
-38  -42  -34 
-6  -48  -54 

//Reference=MNI 
//nullstudy_80
//Subjects=32
-50  -66  32 
-46  4  -28 
-24  -60  10 
-6  -36  64 
-44  -64  -24 
-40  -46  16 
-4  -88  26 
52  36  -14 

//Reference=MNI 
//nullstudy_81
//Subjects=31
-14  -20  -28 
-48  6  42 
-40  -28  -22 
-26  -64  -22 
22  2  10 
-34  -24  64 
-48  -14  -10 
-30  -36  40 

//Reference=MNI 
//nullstudy_82
//Subjects=30
-12  0  -38 
-54  -32  12 
-60  -10  34 
-2  -8  66 
-20  -26  -20 
-12  14  50 
-60  -54  40 
-56  2  -24 

//Reference=MNI 
//nullstudy_83
//Subjects=29
-8  -18  -28 
-14  34  46 
-10  -56  32 
-40  -90  -4 
36  10  -20 
-28  20  40 
0  68  10 
-38  -60  -6 

//Reference=MNI 
//nullstudy_84
//Subjects=29
-10  -18  -28 
6  8  20 
-28  -54  -4 
-12  54  18 
-10  -90  18 
-56  0  -30 
46  4  34 
-10  -32  52 

//Reference=MNI 
//nullstudy_85
//Subjects=29
-50  16  -24 
-16  -92  -36 
-20  -80  34 
-26  -36  12 
-30  -14  66 
-30  -16  -34 
28  52  16 
2  58  36 

//Reference=MNI 
//nullstudy_86
//Subjects=32
-30  -60  56 
28  4  2 
-60  10  24 
44  6  58 
-18  -80  14 
2  24  62 
-30  -58  -60 
-34  -2  58 

//Reference=MNI 
//nullstudy_87
//Subjects=30
22  8  46 
-54  -60  0 
-2  -46  44 
-64  -16  30 
10  4  8 
-12  8  -32 
-6  -80  4 
-24  58  28 

//Reference=MNI 
//nullstudy_88
//Subjects=30
26  28  28 
-36  -78  38 
-22  -72  34 
-10  -60  30 
24  40  20 
32  12  0 
-26  -56  -40 
-30  8  -4 

//Reference=MNI 
//nullstudy_89
//Subjects=29
-52  -36  -6 
-32  -34  -40 
-28  -36  -26 
-8  22  -12 
-38  -52  16 
-46  36  32 
-34  -8  44 
-58  -6  12 

//Reference=MNI 
//nullstudy_90
//Subjects=30
-4  8  38 
-22  -10  -48 
2  34  52 
-66  -26  22 
6  36  34 
60  6  0 
-52  -72  -22 
-28  -56  58 

//Reference=MNI 
//nullstudy_91
//Subjects=31
-20  6  56 
-48  -28  42 
16  62  -18 
-18  -2  -6 
-24  28  34 
-26  -12  -10 
-36  -30  56 
-20  48  -20 

//Reference=MNI 
//nullstudy_92
//Subjects=30
-2  28  12 
46  8  42 
8  26  30 
34  28  6 
38  40  14 
-6  14  16 
-10  -24  50 
-24  -62  -56 

//Reference=MNI 
//nullstudy_93
//Subjects=29
-46  -60  48 
-50  -52  -18 
12  14  36 
-50  8  -20 
-62  6  8 
34  10  14 
-56  -50  24 
0  4  52 

//Reference=MNI 
//nullstudy_94
//Subjects=31
2  26  60 
-52  -8  30 
-4  -48  -42 
-66  -28  16 
-22  -40  -36 
-20  20  -16 
-20  -78  14 
-42  36  8 

//Reference=MNI 
//nullstudy_95
//Subjects=29
-8  -76  -8 
52  8  16 
-44  -56  50 
-12  52  -6 
40  10  -36 
-48  -48  -8 
-64  -18  36 
-4  -12  8 

//Reference=MNI 
//nullstudy_96
//Subjects=30
-14  -26  70 
-34  -48  -58 
-6  -70  46 
-8  60  -2 
8  6  74 
-6  -46  -46 
-4  -4  36 
-48  -4  -10 

//Reference=MNI 
//nullstudy_97
//Subjects=31
-10  -102  -12 
-4  -34  -14 
-2  48  46 
-18  46  -18 
-12  -8  -30 
-58  22  22 
-6  -64  -10 
-42  56  -12 

//Reference=MNI 
//nullstudy_98
//Subjects=32
-2  50  46 
-10  0  54 
26  54  22 
4  48  -30 
-48  6  34 
-16  12  54 
-6  70  -4 
-10  -94  2 

//Reference=MNI 
//nullstudy_99
//Subjects=30
-18  -80  -4 
24  28  -22 
50  14  -2 
32  6  -38 
-40  -70  -6 
-40  28  10 
-12  26  -4 
-46  4  -32 

//Reference=MNI 
//nullstudy_100
//Subjects=29
6  32  28 
26  68  0 
-52  4  -18 
-50  -44  8 
-20  -48  -40 
-20  14  2 
-30  -20  66 
-2  10  58 

