//Reference=MNI 
//truestudy_1
//Subjects=30
47  -66  -8 
46  -65  -6 
46  -67  -6 
45  -65  -5 
44  -65  -6 
49  -68  -5 
45  -66  -6 
46  -65  -5 

//Reference=MNI 
//truestudy_2
//Subjects=29
46  -66  -5 
45  -64  -6 
46  -65  -7 
44  -66  -5 
45  -66  -7 
46  -66  -5 
45  -65  -4 
46  -67  -5 

//Reference=MNI 
//truestudy_3
//Subjects=28
46  -68  -7 
46  -67  -7 
46  -66  -6 
44  -67  -7 
46  -63  -5 
46  -65  -7 
45  -66  -7 
46  -66  -6 

//Reference=MNI 
//nullstudy_1
//Subjects=30
-64  -48  34 
-50  -34  8 
-32  -88  10 
-18  -46  -8 
-8  -66  -58 
-18  -60  24 
-38  -4  -40 
-10  -4  72 

//Reference=MNI 
//nullstudy_2
//Subjects=29
-66  -46  -4 
-34  32  -6 
-12  62  -8 
52  2  -36 
-24  -54  -20 
-48  2  44 
-4  -48  64 
-10  -86  -8 

//Reference=MNI 
//nullstudy_3
//Subjects=28
10  70  -4 
-4  48  42 
-54  -42  4 
-16  -8  -38 
-42  -62  8 
2  38  -20 
-56  32  14 
-44  -22  -8 

//Reference=MNI 
//nullstudy_4
//Subjects=30
-44  -20  -22 
12  14  36 
-54  -76  0 
-4  16  62 
-10  -50  -38 
-40  14  -20 
-22  -10  66 
-6  -88  22 

//Reference=MNI 
//nullstudy_5
//Subjects=30
-12  -6  64 
-8  -12  12 
26  32  -8 
-36  -66  -26 
-26  24  -20 
-64  -44  -20 
6  4  60 
48  32  -6 

//Reference=MNI 
//nullstudy_6
//Subjects=31
-42  -4  4 
-46  -50  -26 
-10  60  26 
-50  -56  4 
-18  -60  -2 
-20  -72  10 
-42  -84  6 
-10  38  0 

//Reference=MNI 
//nullstudy_7
//Subjects=35
-38  14  44 
-32  32  -24 
-28  -28  60 
4  56  4 
-18  -24  18 
-44  -10  -8 
-36  18  -16 
-4  0  42 

//Reference=MNI 
//nullstudy_8
//Subjects=30
-22  -48  -28 
-64  -46  14 
-20  -84  16 
-6  -38  -12 
-6  68  10 
-40  -12  18 
-42  -46  24 
-58  -2  36 

//Reference=MNI 
//nullstudy_9
//Subjects=30
-4  -62  36 
-10  62  22 
-14  -72  -20 
-38  24  28 
-28  0  -28 
-30  56  -6 
-64  -38  -10 
8  46  14 

//Reference=MNI 
//nullstudy_10
//Subjects=31
-40  -10  -16 
-2  -30  32 
-42  -50  -38 
6  32  -12 
50  6  18 
-12  -44  40 
-38  -42  -50 
-22  -80  -32 

//Reference=MNI 
//nullstudy_11
//Subjects=30
-26  -12  -32 
-12  -78  24 
-6  -28  76 
-12  -56  22 
-20  -74  44 
-6  22  0 
2  36  20 
-32  -52  -44 

//Reference=MNI 
//nullstudy_12
//Subjects=31
-2  -54  -48 
-2  -12  72 
-50  -18  -30 
2  26  40 
-40  50  -4 
-18  -68  -6 
-10  -94  4 
-10  -16  -10 

//Reference=MNI 
//nullstudy_13
//Subjects=28
-26  10  68 
-68  -40  18 
-60  -28  -16 
-26  -64  0 
-2  -74  -22 
-44  -32  46 
-52  -42  -14 
-14  -54  10 

//Reference=MNI 
//nullstudy_14
//Subjects=28
-28  -64  -30 
10  46  -16 
-48  -66  46 
-30  24  -32 
-14  -76  26 
-38  2  8 
-28  -78  34 
-56  -28  10 

//Reference=MNI 
//nullstudy_15
//Subjects=30
-34  -10  -42 
-4  -70  -42 
-8  -60  -24 
-38  38  26 
-30  -74  -54 
-24  -60  -38 
-42  -30  66 
-20  -52  -40 

//Reference=MNI 
//nullstudy_16
//Subjects=32
-6  4  74 
-48  -58  26 
-22  -34  58 
-40  14  -36 
44  8  20 
-8  4  64 
8  34  -12 
-2  -78  -30 

//Reference=MNI 
//nullstudy_17
//Subjects=30
-8  -46  76 
-12  -64  -34 
-26  -24  62 
-12  -34  76 
-6  40  20 
-16  -76  56 
24  58  -4 
-32  -16  -32 

//Reference=MNI 
//nullstudy_18
//Subjects=30
-2  46  -30 
-38  28  -20 
4  10  52 
18  62  14 
-2  -82  -2 
52  4  4 
-38  -8  -50 
-32  -90  -4 

//Reference=MNI 
//nullstudy_19
//Subjects=29
-56  -38  2 
-30  -20  58 
-20  68  -6 
-8  -68  -2 
-14  -28  76 
36  34  32 
-56  -36  48 
4  58  -16 

//Reference=MNI 
//nullstudy_20
//Subjects=31
-4  -72  52 
-12  -2  -20 
-2  20  50 
-34  46  32 
10  24  -28 
-36  30  -18 
-52  -48  12 
-38  26  14 

//Reference=MNI 
//nullstudy_21
//Subjects=29
-32  -66  -14 
-24  54  26 
-48  -80  26 
-28  -52  -52 
-28  36  26 
20  26  42 
-32  56  14 
-32  -46  -26 

//Reference=MNI 
//nullstudy_22
//Subjects=30
-32  -20  40 
-8  -78  20 
6  32  24 
-40  42  -16 
-48  -36  6 
-30  40  36 
-34  -52  -50 
-10  36  14 

//Reference=MNI 
//nullstudy_23
//Subjects=29
-10  -4  -26 
-32  16  -36 
-12  -84  2 
-26  -74  -14 
-20  68  -6 
-42  -2  14 
-16  -40  40 
22  6  -36 

//Reference=MNI 
//nullstudy_24
//Subjects=29
6  60  4 
50  36  20 
10  36  54 
-52  38  -6 
-46  -6  16 
-4  -74  20 
-60  -2  24 
-18  28  62 

//Reference=MNI 
//nullstudy_25
//Subjects=30
-28  -42  -20 
-58  -4  30 
-36  14  60 
-16  -44  -28 
6  14  34 
36  24  0 
10  60  22 
-42  -84  -4 

//Reference=MNI 
//nullstudy_26
//Subjects=29
-12  -10  50 
-2  38  -24 
-20  -80  20 
48  8  8 
58  6  36 
-34  -88  -20 
-8  42  30 
-26  -86  8 

//Reference=MNI 
//nullstudy_27
//Subjects=30
-38  -4  -50 
-34  20  -22 
-48  8  4 
-54  -64  -20 
-16  -12  68 
42  38  0 
38  34  4 
-42  -68  26 

//Reference=MNI 
//nullstudy_28
//Subjects=30
-4  -12  36 
-8  -26  -32 
-10  -74  -14 
-2  36  50 
-38  -30  24 
-34  -66  -60 
-20  -40  -10 
-56  20  10 

//Reference=MNI 
//nullstudy_29
//Subjects=30
12  48  -4 
6  36  24 
52  14  -6 
-46  -4  -44 
-4  -6  -4 
-62  -46  36 
-54  -52  -36 
-58  -32  -24 

//Reference=MNI 
//nullstudy_30
//Subjects=31
-28  -58  -30 
-14  -88  20 
20  8  -38 
8  54  32 
-64  -20  -32 
-12  -12  20 
-32  0  52 
-16  30  -16 

//Reference=MNI 
//nullstudy_31
//Subjects=31
2  12  68 
30  12  -44 
-42  8  -8 
-6  -16  -30 
-28  -76  26 
12  2  20 
-46  36  -4 
60  12  18 

//Reference=MNI 
//nullstudy_32
//Subjects=30
-8  -2  -8 
-24  60  -16 
-36  -28  54 
-34  26  48 
-22  -16  54 
-60  -30  42 
-24  -38  70 
-22  -50  70 

//Reference=MNI 
//nullstudy_33
//Subjects=30
-58  -18  0 
-56  34  10 
8  2  68 
-6  -34  -36 
-30  -46  -16 
-14  -104  -14 
-26  40  44 
20  26  -20 

//Reference=MNI 
//nullstudy_34
//Subjects=29
-24  -52  -46 
-48  -8  -28 
-52  -36  38 
-46  -22  10 
28  40  -10 
-62  -48  34 
-18  44  -18 
-22  -74  -6 

//Reference=MNI 
//nullstudy_35
//Subjects=30
-2  0  72 
4  40  -18 
-50  0  54 
-26  -46  -22 
-8  -56  -46 
10  66  -10 
-18  22  50 
44  16  -20 

//Reference=MNI 
//nullstudy_36
//Subjects=31
-28  -90  12 
14  66  28 
-40  18  -10 
-2  -36  -34 
-34  -54  -58 
-52  2  10 
-10  -46  72 
-10  -26  -2 

//Reference=MNI 
//nullstudy_37
//Subjects=29
-18  64  22 
-32  -80  4 
-42  -36  44 
-2  -64  44 
-36  -38  42 
0  4  36 
-48  -48  -50 
-10  -82  -12 

//Reference=MNI 
//nullstudy_38
//Subjects=31
-66  -18  -22 
-28  56  24 
8  42  36 
24  18  58 
34  20  8 
-26  24  58 
-56  -68  -10 
-38  -64  18 

//Reference=MNI 
//nullstudy_39
//Subjects=30
-2  32  60 
-26  -4  -10 
-50  2  -16 
-44  -12  18 
-34  -58  -12 
-42  52  -12 
-32  -72  -60 
-8  -50  -18 

//Reference=MNI 
//nullstudy_40
//Subjects=31
-34  -12  -36 
30  14  38 
-56  -8  44 
0  40  -32 
-30  -40  64 
-54  -52  36 
40  8  28 
10  48  20 

//Reference=MNI 
//nullstudy_41
//Subjects=30
-14  -80  28 
-34  -64  46 
22  50  38 
-20  60  22 
-56  -66  -10 
-40  -40  48 
-8  -64  -40 
-26  -6  4 

//Reference=MNI 
//nullstudy_42
//Subjects=30
-16  -44  -4 
-36  -52  -28 
-20  -64  -12 
-4  -88  -38 
-66  -30  20 
-24  -84  40 
-36  -32  70 
46  46  -18 

//Reference=MNI 
//nullstudy_43
//Subjects=30
-32  -38  -20 
-34  -84  -14 
-38  -18  -2 
-10  -40  -48 
-38  42  34 
0  40  46 
-4  -70  -40 
-18  -22  60 

//Reference=MNI 
//nullstudy_44
//Subjects=29
-16  -4  -40 
-14  -62  -8 
-6  32  34 
-38  14  24 
-54  -2  24 
36  18  -6 
-44  -48  -42 
-16  -52  -62 

//Reference=MNI 
//nullstudy_45
//Subjects=29
-44  -8  8 
-22  -70  -10 
6  10  -22 
-58  -20  -22 
-6  -50  40 
-32  0  -10 
-20  -6  -36 
-28  6  -42 

//Reference=MNI 
//nullstudy_46
//Subjects=29
-58  -8  32 
-20  38  -14 
-8  -16  -28 
-58  -4  46 
-52  0  -42 
-36  -36  50 
-22  38  42 
48  12  46 

//Reference=MNI 
//nullstudy_47
//Subjects=29
-34  62  -12 
-22  40  -14 
36  14  34 
-64  -16  8 
6  24  18 
-8  -50  74 
-32  50  -16 
-22  -10  -6 

//Reference=MNI 
//nullstudy_48
//Subjects=30
-50  -68  16 
38  6  0 
6  18  34 
-32  -38  62 
-22  -2  72 
-12  -32  12 
-38  8  46 
-16  16  48 

//Reference=MNI 
//nullstudy_49
//Subjects=31
-4  -22  36 
10  46  -2 
56  26  26 
-40  -44  -28 
-64  -42  32 
-16  -44  -60 
-8  -90  -36 
18  68  4 

//Reference=MNI 
//nullstudy_50
//Subjects=30
-54  -34  26 
-6  -32  -18 
-52  -50  -44 
6  8  6 
-24  -72  32 
14  26  -6 
2  62  -2 
-8  -90  36 

//Reference=MNI 
//nullstudy_51
//Subjects=28
-64  -58  10 
-50  -52  8 
6  40  42 
-50  -80  18 
-6  54  12 
6  4  66 
-62  -64  8 
-2  -88  -10 

//Reference=MNI 
//nullstudy_52
//Subjects=29
-2  -72  -8 
-6  -40  -2 
-50  26  34 
-4  8  34 
-56  -42  32 
10  4  54 
48  34  4 
-62  -6  -32 

//Reference=MNI 
//nullstudy_53
//Subjects=29
-10  -12  76 
-24  -64  46 
34  10  52 
-40  36  -16 
-54  -58  -20 
14  52  -12 
-14  -44  30 
-4  -78  54 

//Reference=MNI 
//nullstudy_54
//Subjects=30
-30  -84  -36 
30  24  38 
-40  -30  46 
-36  52  -12 
-62  -50  -2 
44  28  0 
-2  -96  8 
-22  -84  -52 

//Reference=MNI 
//nullstudy_55
//Subjects=30
-12  -72  4 
12  48  32 
38  8  40 
64  2  24 
-8  8  70 
46  10  -2 
-24  -66  8 
-44  -68  24 

//Reference=MNI 
//nullstudy_56
//Subjects=29
-4  56  38 
-2  30  56 
22  12  56 
-6  -72  40 
-12  50  -16 
-6  -24  56 
30  40  46 
18  16  60 

//Reference=MNI 
//nullstudy_57
//Subjects=31
-30  6  28 
46  30  36 
-54  -50  -16 
-8  -10  -32 
-12  18  52 
-26  -6  -40 
-20  -50  0 
-2  -64  -60 

//Reference=MNI 
//nullstudy_58
//Subjects=29
36  24  12 
-2  -34  -10 
-22  -58  -6 
-8  -102  -10 
-48  2  -26 
-34  48  30 
16  44  -6 
-6  -46  -48 

//Reference=MNI 
//nullstudy_59
//Subjects=30
-38  -48  46 
-34  -52  66 
-20  42  -20 
46  14  0 
34  44  38 
-34  -48  -10 
-12  6  -6 
-40  8  -46 

//Reference=MNI 
//nullstudy_60
//Subjects=29
-12  -92  30 
-44  0  -12 
28  28  -4 
-46  -6  60 
-52  -10  32 
-34  -46  -18 
-8  -24  42 
-12  52  -14 

//Reference=MNI 
//nullstudy_61
//Subjects=30
-24  -56  -30 
-62  -58  -18 
48  8  -42 
-60  -4  -18 
-10  -48  -36 
-8  -44  -26 
-36  16  56 
-42  -44  40 

//Reference=MNI 
//nullstudy_62
//Subjects=29
-36  -6  -28 
52  14  -22 
-16  -104  -12 
-18  -44  76 
40  54  -14 
-26  -44  6 
4  60  -4 
-16  42  36 

//Reference=MNI 
//nullstudy_63
//Subjects=31
-38  -72  46 
10  14  48 
12  38  14 
-46  -16  -4 
-22  -8  -18 
-14  -48  -26 
10  24  56 
-20  30  52 

//Reference=MNI 
//nullstudy_64
//Subjects=30
52  36  -14 
-22  -94  -18 
50  18  10 
12  12  48 
-54  4  46 
38  20  -24 
26  48  -18 
2  40  58 

//Reference=MNI 
//nullstudy_65
//Subjects=28
-22  -92  -12 
-18  58  2 
-8  -34  -18 
-20  -74  22 
-44  28  12 
-18  -16  -22 
-64  -4  -26 
-34  10  -20 

//Reference=MNI 
//nullstudy_66
//Subjects=28
28  48  24 
-40  34  4 
-48  -22  62 
28  32  52 
-4  6  66 
-62  8  16 
-18  -64  -24 
-64  -24  -18 

//Reference=MNI 
//nullstudy_67
//Subjects=32
34  22  58 
-12  -10  38 
48  20  40 
-24  -58  68 
28  62  -16 
14  34  -26 
-8  58  20 
-18  -4  74 

//Reference=MNI 
//nullstudy_68
//Subjects=30
-34  -2  58 
-50  46  4 
-4  -70  46 
-44  -2  -8 
8  12  -4 
-24  50  36 
-62  2  10 
-62  -8  -2 

//Reference=MNI 
//nullstudy_69
//Subjects=30
-12  -76  6 
-44  -64  -20 
-58  -56  30 
-44  -14  46 
-52  -66  -36 
30  10  -18 
-12  -38  -30 
-40  34  40 

//Reference=MNI 
//nullstudy_70
//Subjects=30
50  20  -4 
-12  -66  20 
-10  -8  56 
-4  -58  46 
38  10  62 
-54  -2  42 
-10  -64  48 
-28  16  62 

//Reference=MNI 
//nullstudy_71
//Subjects=30
32  32  -24 
8  2  10 
-10  18  50 
-20  -60  44 
-28  24  -12 
8  64  32 
-32  -58  2 
-6  40  -18 

//Reference=MNI 
//nullstudy_72
//Subjects=32
12  10  -22 
54  2  -34 
-24  6  44 
-26  -96  20 
-42  -60  -38 
-30  -40  36 
-52  -4  20 
-54  -22  56 

//Reference=MNI 
//nullstudy_73
//Subjects=30
0  40  32 
50  4  36 
-22  -72  4 
-42  -48  14 
-34  38  10 
4  28  -4 
-24  8  50 
-10  -24  18 

//Reference=MNI 
//nullstudy_74
//Subjects=31
-54  -52  50 
-40  -78  38 
-16  -52  -30 
-18  -54  68 
-8  42  6 
2  58  -8 
8  6  -4 
-58  -48  46 

//Reference=MNI 
//nullstudy_75
//Subjects=29
-40  -26  -16 
-6  32  16 
-38  -70  -4 
-36  -14  48 
-34  12  -10 
-44  -16  -32 
14  12  62 
-2  -86  -32 

//Reference=MNI 
//nullstudy_76
//Subjects=30
-8  -58  68 
48  8  -32 
52  22  -10 
38  56  -14 
52  32  2 
-4  58  38 
56  2  32 
26  12  -24 

//Reference=MNI 
//nullstudy_77
//Subjects=30
28  42  24 
-58  -62  18 
-32  -40  -22 
52  8  46 
-10  -32  20 
-38  4  -18 
-44  -10  28 
-26  -48  -32 

//Reference=MNI 
//nullstudy_78
//Subjects=30
-8  -62  -36 
-38  -74  2 
-4  -86  24 
-12  -86  -16 
54  20  -14 
-6  12  18 
-50  2  -38 
-4  -56  48 

//Reference=MNI 
//nullstudy_79
//Subjects=31
-6  36  60 
-18  -22  -14 
-32  -16  54 
-6  -24  48 
-28  -46  -20 
16  38  14 
-40  -12  54 
38  8  46 

//Reference=MNI 
//nullstudy_80
//Subjects=28
40  10  -16 
-22  -10  56 
34  4  62 
-32  -42  -58 
32  34  -6 
-38  -50  -20 
52  12  -8 
-24  -56  60 

//Reference=MNI 
//nullstudy_81
//Subjects=30
-32  -18  -18 
-66  -38  -4 
-8  4  48 
-18  -100  -8 
-60  -66  -2 
-32  -40  -46 
-20  -84  14 
16  10  22 

//Reference=MNI 
//nullstudy_82
//Subjects=30
-48  -74  -36 
-46  -58  26 
28  14  54 
-2  10  34 
0  28  -12 
22  52  -6 
-22  -76  46 
-2  -86  -42 

//Reference=MNI 
//nullstudy_83
//Subjects=31
0  4  72 
24  58  18 
-6  -58  2 
-12  -10  76 
-36  -2  -6 
-50  -76  20 
-42  8  -14 
56  22  8 

//Reference=MNI 
//nullstudy_84
//Subjects=30
-4  -18  36 
-20  -92  26 
-32  -64  -38 
-44  -6  2 
-12  -8  -36 
48  10  -30 
-50  -30  38 
-28  56  2 

//Reference=MNI 
//nullstudy_85
//Subjects=31
-2  -32  24 
-26  -64  -8 
-36  -74  0 
-40  -32  -28 
-32  -78  46 
-4  -68  46 
-22  -84  -24 
-58  -14  18 

//Reference=MNI 
//nullstudy_86
//Subjects=29
42  40  -12 
30  12  44 
-16  -54  10 
32  34  18 
-34  52  28 
4  66  10 
-24  -76  34 
34  6  30 

//Reference=MNI 
//nullstudy_87
//Subjects=28
-54  -70  20 
-16  -42  16 
-2  22  -16 
-10  42  12 
-2  -66  -34 
-24  -46  -50 
-30  -46  62 
-16  58  -4 

//Reference=MNI 
//nullstudy_88
//Subjects=30
56  26  -2 
-22  -8  -12 
2  30  -18 
44  18  -34 
46  26  18 
46  36  6 
-20  44  18 
-10  6  -24 

//Reference=MNI 
//nullstudy_89
//Subjects=28
-70  -26  -16 
-2  28  50 
-42  24  -24 
-50  -58  -2 
-36  -32  -20 
-56  -52  22 
-32  -74  -50 
14  48  28 

//Reference=MNI 
//nullstudy_90
//Subjects=30
40  28  36 
-36  -70  -34 
-10  52  4 
-42  -12  10 
-24  -10  58 
-52  -40  -22 
18  24  -20 
-44  -36  20 

//Reference=MNI 
//nullstudy_91
//Subjects=30
42  26  0 
-24  20  -32 
-28  -52  -24 
-36  -90  -22 
-18  36  50 
-30  42  -18 
-8  -2  16 
-8  -14  -10 

//Reference=MNI 
//nullstudy_92
//Subjects=31
-56  16  22 
14  22  62 
-16  -46  -38 
32  58  16 
-12  -78  -42 
-58  -42  10 
-6  -90  -28 
40  10  30 

//Reference=MNI 
//nullstudy_93
//Subjects=28
-54  -58  44 
-26  -78  -40 
50  40  8 
-26  58  -14 
-48  -32  56 
8  18  30 
30  8  -38 
-32  -74  46 

//Reference=MNI 
//nullstudy_94
//Subjects=31
44  10  32 
-14  -76  -48 
-60  -44  -28 
-12  -36  -48 
-12  -16  38 
-14  16  -6 
-20  18  66 
-10  44  18 

//Reference=MNI 
//nullstudy_95
//Subjects=27
34  64  -6 
-2  -38  -44 
-4  -70  34 
-42  10  -26 
-12  -72  62 
-42  22  -6 
-30  22  -30 
-24  -52  -28 

//Reference=MNI 
//nullstudy_96
//Subjects=30
-30  24  40 
-52  -42  12 
-38  -8  -28 
-14  34  -18 
-18  -76  -54 
60  6  22 
-10  -60  42 
4  58  38 

//Reference=MNI 
//nullstudy_97
//Subjects=29
-34  12  34 
-4  14  36 
-14  -52  28 
14  10  -14 
-2  14  28 
-16  -28  10 
18  30  -28 
32  28  30 

//Reference=MNI 
//nullstudy_98
//Subjects=29
-32  8  -42 
-32  -82  -48 
-10  6  -16 
-8  -42  -28 
-42  20  14 
-10  12  10 
30  18  6 
-12  -34  -40 

//Reference=MNI 
//nullstudy_99
//Subjects=31
-64  -6  -18 
-50  -46  -16 
40  20  46 
-6  -28  72 
34  12  46 
-34  -76  2 
-36  -60  -38 
4  2  34 

//Reference=MNI 
//nullstudy_100
//Subjects=28
-22  4  -8 
-46  -20  36 
-26  -76  40 
-60  -54  -20 
-20  -64  -46 
-8  50  4 
-14  -56  -52 
-14  60  -6 

