//Reference=MNI 
//truestudy_1
//Subjects=19
48  -66  -5 
46  -65  -6 
45  -67  -8 
45  -67  -6 
47  -64  -4 
43  -68  -6 
45  -66  -4 
45  -68  -5 

//Reference=MNI 
//truestudy_2
//Subjects=22
46  -66  -4 
45  -68  -5 
45  -67  -6 
46  -64  -8 
44  -66  -6 
46  -70  -7 
46  -66  -6 
44  -66  -4 

//Reference=MNI 
//truestudy_3
//Subjects=18
47  -65  -3 
44  -68  -7 
46  -66  -8 
44  -66  -5 
46  -65  -5 
46  -65  -5 
46  -65  -5 
46  -66  -6 

//Reference=MNI 
//nullstudy_1
//Subjects=19
-14  22  64 
46  32  2 
-36  -70  -22 
24  12  -10 
28  6  52 
-36  -54  -48 
-30  -16  -20 
-18  -70  -56 

//Reference=MNI 
//nullstudy_2
//Subjects=22
-18  -42  -6 
-10  6  -8 
20  60  -18 
-4  16  -10 
-6  -58  -54 
0  54  14 
-4  16  66 
14  6  12 

//Reference=MNI 
//nullstudy_3
//Subjects=18
50  12  40 
-20  -36  -40 
-32  -82  -8 
-22  -46  -42 
-2  44  -22 
4  68  12 
36  10  -2 
54  14  16 

//Reference=MNI 
//nullstudy_4
//Subjects=21
-52  -64  -4 
-18  -32  -34 
-62  -4  0 
-70  -32  2 
-14  -14  -24 
38  36  10 
-46  22  -16 
-14  64  8 

//Reference=MNI 
//nullstudy_5
//Subjects=19
-42  28  40 
-4  34  -24 
-62  -16  42 
6  6  36 
-22  -62  16 
-40  -48  -36 
-26  -46  -58 
-58  -30  36 

//Reference=MNI 
//nullstudy_6
//Subjects=20
48  18  8 
10  20  40 
-12  -38  -4 
4  50  14 
-58  -2  14 
48  6  -38 
-14  46  32 
4  54  -10 

//Reference=MNI 
//nullstudy_7
//Subjects=19
-14  -76  18 
-30  8  40 
-12  -64  -32 
10  54  -8 
28  12  52 
-24  -28  -10 
-60  -38  -12 
0  38  48 

//Reference=MNI 
//nullstudy_8
//Subjects=19
-30  -16  56 
-40  -76  -38 
-36  -32  58 
-30  -76  -10 
-60  -6  -8 
16  2  18 
-22  -24  -10 
-8  4  -18 

//Reference=MNI 
//nullstudy_9
//Subjects=19
-16  -46  -46 
-30  20  56 
4  4  58 
-22  40  38 
32  22  -24 
-30  -72  -58 
-16  24  -14 
-10  46  -20 

//Reference=MNI 
//nullstudy_10
//Subjects=19
0  52  -8 
36  34  0 
-8  -62  -46 
-16  62  -10 
4  10  -16 
58  4  24 
-48  -52  -20 
-46  -58  54 

//Reference=MNI 
//nullstudy_11
//Subjects=20
-48  -10  -38 
-6  2  -8 
-34  -6  -36 
-6  -96  26 
-50  30  -10 
18  70  10 
22  20  -32 
-60  0  40 

//Reference=MNI 
//nullstudy_12
//Subjects=19
-14  -82  -2 
-32  -92  -16 
50  20  20 
-4  -22  42 
28  6  62 
-2  36  -10 
-16  -24  24 
26  6  70 

//Reference=MNI 
//nullstudy_13
//Subjects=22
12  42  34 
48  10  36 
-30  -6  -38 
18  50  38 
14  20  0 
62  14  16 
18  54  14 
-32  -16  -8 

//Reference=MNI 
//nullstudy_14
//Subjects=22
-34  -52  -8 
10  48  -22 
-54  -50  -32 
-52  4  -36 
-36  -28  44 
-18  -78  -10 
8  4  -2 
-22  -90  -22 

//Reference=MNI 
//nullstudy_15
//Subjects=21
2  14  10 
-6  -56  32 
2  24  48 
-58  -22  14 
-4  -96  2 
-24  -60  46 
-38  46  14 
-30  10  -8 

//Reference=MNI 
//nullstudy_16
//Subjects=19
-8  12  56 
-24  -6  70 
26  54  -6 
-50  0  26 
50  8  -28 
-64  -56  22 
-34  16  -44 
-22  -64  38 

//Reference=MNI 
//nullstudy_17
//Subjects=20
8  4  48 
-22  38  36 
-18  4  -44 
-32  -42  50 
-42  -52  -28 
-24  6  -42 
-30  -46  46 
-32  -4  -24 

//Reference=MNI 
//nullstudy_18
//Subjects=19
32  62  10 
-4  30  34 
54  24  4 
-38  -8  -6 
-38  -38  62 
-16  -34  -42 
-6  -46  28 
6  42  -2 

//Reference=MNI 
//nullstudy_19
//Subjects=20
-44  -42  60 
-38  -78  -42 
-18  -48  -56 
-40  -14  6 
12  48  44 
44  4  34 
-4  -30  42 
-60  -8  -2 

//Reference=MNI 
//nullstudy_20
//Subjects=20
-34  40  -6 
-68  -36  8 
-6  -18  24 
-2  8  -24 
-46  6  46 
-22  -68  42 
-12  -60  2 
-38  -22  10 

//Reference=MNI 
//nullstudy_21
//Subjects=20
-10  -10  68 
-50  -70  12 
-12  30  34 
-4  -74  -40 
-42  12  44 
-38  -68  4 
-34  -20  14 
-6  -88  26 

//Reference=MNI 
//nullstudy_22
//Subjects=20
8  10  64 
-26  -90  -14 
18  8  -6 
-26  4  -10 
-10  4  6 
0  24  46 
-12  8  4 
24  60  14 

//Reference=MNI 
//nullstudy_23
//Subjects=19
40  10  52 
-56  6  18 
-8  -44  -18 
-48  -42  24 
-48  -84  -10 
-34  -66  44 
-30  -28  -22 
-44  -30  -26 

//Reference=MNI 
//nullstudy_24
//Subjects=20
-46  -22  32 
-28  -64  -36 
-26  4  -42 
-20  -26  6 
18  44  44 
-12  -4  -42 
-46  24  -18 
-28  -66  42 

//Reference=MNI 
//nullstudy_25
//Subjects=22
-18  -24  -8 
-22  -62  -22 
10  12  -2 
-26  44  14 
-2  -22  36 
-20  -66  -58 
-26  28  56 
-22  -66  58 

//Reference=MNI 
//nullstudy_26
//Subjects=20
-40  52  18 
-42  10  46 
-18  30  60 
-14  -30  78 
0  42  46 
-2  -2  -18 
-24  -52  14 
14  56  14 

//Reference=MNI 
//nullstudy_27
//Subjects=20
-62  0  34 
-12  -70  -48 
46  28  4 
-6  48  -8 
-66  -32  24 
4  50  -30 
62  10  28 
-28  36  -22 

//Reference=MNI 
//nullstudy_28
//Subjects=20
-48  -20  42 
-22  -26  -16 
-18  -52  70 
-48  -56  -44 
-14  4  -22 
10  34  24 
-28  -84  -10 
-10  72  2 

//Reference=MNI 
//nullstudy_29
//Subjects=18
8  58  12 
-54  -12  48 
-16  -34  -14 
-8  -50  -64 
-44  -44  16 
-30  -76  24 
-42  -36  -28 
-42  -64  28 

//Reference=MNI 
//nullstudy_30
//Subjects=21
38  34  36 
4  10  -18 
-38  -36  48 
-14  -34  18 
6  52  -6 
-8  -82  -48 
-44  -70  44 
-22  42  -10 

//Reference=MNI 
//nullstudy_31
//Subjects=20
-68  -22  -4 
-46  -78  -28 
-42  -90  12 
-40  -46  -22 
-52  -4  -26 
-4  2  -4 
-46  -38  -32 
-14  -22  16 

//Reference=MNI 
//nullstudy_32
//Subjects=21
-30  22  52 
-32  -80  28 
52  38  -4 
-64  -20  8 
56  16  24 
4  30  24 
24  60  12 
-10  46  38 

//Reference=MNI 
//nullstudy_33
//Subjects=19
-54  -38  32 
-54  -64  -38 
-30  0  8 
-52  -68  -36 
-34  -36  66 
-6  -74  -42 
-12  62  20 
-20  0  -36 

//Reference=MNI 
//nullstudy_34
//Subjects=20
-6  -2  60 
12  42  -16 
50  16  -20 
26  2  12 
-10  28  46 
-36  -48  -58 
-24  -46  -52 
38  16  30 

//Reference=MNI 
//nullstudy_35
//Subjects=21
-60  -34  8 
0  6  -10 
-10  -22  46 
40  36  -16 
-14  -16  4 
4  2  22 
-38  -82  -8 
34  2  64 

//Reference=MNI 
//nullstudy_36
//Subjects=21
-66  -38  -16 
-8  -66  -38 
-12  22  14 
-50  -56  2 
-40  14  -14 
-36  -50  -46 
0  22  60 
-20  -64  -32 

//Reference=MNI 
//nullstudy_37
//Subjects=21
-2  18  0 
6  22  54 
36  60  8 
-56  -68  2 
-48  -10  36 
8  66  -14 
-24  16  -28 
-38  -16  34 

//Reference=MNI 
//nullstudy_38
//Subjects=21
-14  -100  14 
-20  -92  -26 
4  6  56 
40  26  48 
26  2  -18 
42  20  48 
-12  66  -8 
0  34  36 

//Reference=MNI 
//nullstudy_39
//Subjects=19
-52  -28  38 
22  26  48 
-50  -42  60 
44  2  40 
-62  -22  -4 
28  56  30 
-12  34  54 
-16  -62  -58 

//Reference=MNI 
//nullstudy_40
//Subjects=20
-30  -98  12 
-38  -52  42 
-30  18  42 
12  42  44 
-44  -24  0 
22  20  66 
-4  -46  -30 
-26  10  -22 

//Reference=MNI 
//nullstudy_41
//Subjects=20
-2  10  32 
22  28  58 
-20  -28  78 
-26  22  -24 
-8  -80  26 
0  46  44 
-34  -50  -2 
-40  30  22 

//Reference=MNI 
//nullstudy_42
//Subjects=19
-38  6  38 
4  2  0 
22  36  44 
-30  -40  0 
-64  -6  10 
-14  -20  6 
-26  -12  48 
-4  66  -8 

//Reference=MNI 
//nullstudy_43
//Subjects=20
-52  -70  -6 
-50  -18  -10 
-26  -52  44 
4  52  -12 
-36  -44  -4 
-16  -62  36 
28  24  42 
-4  -88  0 

//Reference=MNI 
//nullstudy_44
//Subjects=21
-2  -40  -52 
-8  34  26 
50  12  16 
16  14  64 
-44  36  22 
-44  24  -22 
-52  34  2 
-28  -42  12 

//Reference=MNI 
//nullstudy_45
//Subjects=19
-10  -22  22 
-18  -54  -46 
-28  -54  -50 
36  44  14 
-34  56  -12 
-50  0  44 
-26  -80  -38 
-10  -80  -38 

//Reference=MNI 
//nullstudy_46
//Subjects=20
26  6  52 
50  30  14 
-34  -22  12 
-36  -58  -16 
-8  -4  44 
-58  -48  -4 
-60  -22  -24 
-10  64  8 

//Reference=MNI 
//nullstudy_47
//Subjects=20
-2  -86  26 
-6  -6  -12 
-4  -90  20 
-26  32  22 
-26  40  50 
-18  -72  -54 
-68  -28  4 
34  50  -12 

//Reference=MNI 
//nullstudy_48
//Subjects=21
-6  -78  -4 
-10  14  8 
-14  -82  30 
-18  -20  4 
-26  -82  -24 
10  32  -16 
-32  -20  68 
-36  -74  -32 

//Reference=MNI 
//nullstudy_49
//Subjects=20
-16  -90  -32 
-6  -78  -18 
-42  -74  -14 
-50  -54  -20 
38  6  52 
32  38  -20 
-32  -46  32 
62  6  -12 

//Reference=MNI 
//nullstudy_50
//Subjects=20
-28  -2  -32 
32  46  16 
36  26  54 
-16  -40  -28 
-42  18  54 
-34  -42  -28 
0  10  -4 
-46  -72  42 

//Reference=MNI 
//nullstudy_51
//Subjects=22
-50  -22  -28 
-2  -80  32 
38  60  10 
2  40  16 
-32  -2  -2 
-54  -64  -2 
54  12  -16 
8  26  -20 

//Reference=MNI 
//nullstudy_52
//Subjects=19
18  6  -2 
-28  18  40 
-56  -52  22 
34  56  -16 
-60  -58  -14 
16  66  -16 
-34  -62  -48 
-32  6  -38 

//Reference=MNI 
//nullstudy_53
//Subjects=20
12  6  50 
-10  -72  -38 
-56  -16  -18 
-36  -14  44 
-44  40  10 
6  66  -14 
-36  -74  -2 
-16  10  12 

//Reference=MNI 
//nullstudy_54
//Subjects=22
-2  -50  66 
-56  -8  40 
-12  50  18 
-58  -22  -16 
-40  -2  36 
-8  -18  -10 
-40  14  -16 
12  56  6 

//Reference=MNI 
//nullstudy_55
//Subjects=20
-64  -14  0 
54  6  46 
0  44  8 
-28  -90  -2 
-50  -72  4 
-66  -30  -4 
-8  -18  24 
-36  -78  -6 

//Reference=MNI 
//nullstudy_56
//Subjects=21
-24  48  -2 
-12  -56  -62 
-12  -62  -10 
-58  -46  44 
-36  44  -16 
-48  -68  6 
-14  -82  -12 
-6  -82  -26 

//Reference=MNI 
//nullstudy_57
//Subjects=20
-54  -54  -12 
-40  -44  -50 
2  2  -4 
-18  -30  2 
-18  54  26 
-30  50  6 
-50  -40  -10 
-18  -82  22 

//Reference=MNI 
//nullstudy_58
//Subjects=19
-52  -24  20 
-8  60  14 
-58  10  -16 
-12  50  -8 
-4  -32  40 
-38  -58  0 
-38  -56  12 
-28  22  -28 

//Reference=MNI 
//nullstudy_59
//Subjects=19
14  48  14 
-54  -44  2 
-18  54  -20 
40  14  -22 
-20  -56  -46 
-14  46  16 
-20  -38  66 
-24  -20  -22 

//Reference=MNI 
//nullstudy_60
//Subjects=19
-50  28  -16 
-40  -18  64 
-8  66  -2 
-58  -16  18 
-30  -18  -32 
-48  -46  -34 
-22  -66  -6 
-32  4  4 

//Reference=MNI 
//nullstudy_61
//Subjects=20
-28  -32  -20 
-2  -66  58 
-28  6  56 
-52  -40  34 
-28  -44  0 
10  64  -22 
-36  -64  28 
2  20  30 

//Reference=MNI 
//nullstudy_62
//Subjects=19
26  44  10 
-28  60  18 
-44  42  -12 
54  18  8 
44  18  38 
-42  12  -14 
-58  -38  10 
-22  26  -16 

//Reference=MNI 
//nullstudy_63
//Subjects=19
-44  10  40 
64  12  20 
-4  -64  48 
60  18  20 
-34  26  -20 
-44  -24  48 
-40  -22  -30 
-4  26  20 

//Reference=MNI 
//nullstudy_64
//Subjects=21
46  18  -34 
-8  12  60 
-22  -14  74 
-8  18  2 
2  44  2 
-30  -38  2 
-30  -34  -2 
-42  -8  -6 

//Reference=MNI 
//nullstudy_65
//Subjects=19
-10  22  66 
-22  4  -14 
20  6  -10 
-36  48  -14 
16  8  -22 
-36  -26  -14 
22  24  46 
-68  -44  0 

//Reference=MNI 
//nullstudy_66
//Subjects=21
-12  24  -24 
22  8  62 
-32  30  54 
12  50  -18 
-24  -8  -6 
-8  38  54 
38  20  0 
-54  -62  38 

//Reference=MNI 
//nullstudy_67
//Subjects=19
-26  -80  2 
6  36  44 
-18  -56  56 
24  14  0 
-28  -22  6 
26  6  0 
-10  -8  -24 
40  22  24 

//Reference=MNI 
//nullstudy_68
//Subjects=19
-30  -54  2 
-54  -50  -18 
-62  -26  -32 
-16  64  28 
46  44  12 
-32  -54  -40 
-54  -4  -28 
-12  -46  4 

//Reference=MNI 
//nullstudy_69
//Subjects=19
44  50  20 
-44  -30  34 
-38  -14  18 
-10  -34  4 
-28  -52  -42 
-28  16  0 
-46  36  26 
-36  -60  -44 

//Reference=MNI 
//nullstudy_70
//Subjects=22
10  12  -24 
-14  -68  28 
-16  -34  24 
-52  -14  -4 
6  44  2 
-16  -24  -20 
-16  -58  -60 
16  48  -4 

//Reference=MNI 
//nullstudy_71
//Subjects=20
-24  -52  -48 
-24  -84  -50 
-6  -32  16 
-64  -36  16 
-52  -38  48 
-52  10  -38 
-22  -24  -6 
-44  -74  -34 

//Reference=MNI 
//nullstudy_72
//Subjects=19
-44  -74  -34 
-44  -78  24 
54  28  30 
-44  32  -4 
24  22  50 
-6  10  4 
-26  -42  -36 
14  36  46 

//Reference=MNI 
//nullstudy_73
//Subjects=21
34  32  -6 
-32  14  8 
-12  -12  14 
-6  -28  -14 
-48  -46  -46 
16  66  8 
-24  12  -12 
-4  -40  -30 

//Reference=MNI 
//nullstudy_74
//Subjects=20
4  6  -4 
-52  24  -6 
-44  14  20 
-10  -46  -20 
14  28  -18 
2  20  46 
-50  -58  0 
-34  36  44 

//Reference=MNI 
//nullstudy_75
//Subjects=21
20  2  -44 
18  64  0 
-6  -14  -4 
50  18  42 
-38  10  -32 
-56  22  18 
0  56  38 
-42  -40  -16 

//Reference=MNI 
//nullstudy_76
//Subjects=20
-50  -40  -22 
20  36  54 
56  16  2 
-52  10  -14 
16  18  -14 
28  14  -2 
-6  60  -12 
-54  -20  -10 

//Reference=MNI 
//nullstudy_77
//Subjects=22
-24  18  -26 
-36  -16  34 
-4  -8  56 
-16  0  76 
-20  48  24 
50  44  18 
-6  60  -20 
4  44  38 

//Reference=MNI 
//nullstudy_78
//Subjects=20
-54  -26  -34 
-6  -8  2 
-16  -30  74 
28  28  -16 
2  52  8 
-50  -28  -26 
-26  40  40 
-40  30  -14 

//Reference=MNI 
//nullstudy_79
//Subjects=18
28  60  8 
14  2  52 
-20  20  64 
26  8  50 
-34  -92  18 
-22  -56  6 
-28  24  -28 
-26  50  4 

//Reference=MNI 
//nullstudy_80
//Subjects=20
-30  -82  -12 
36  30  30 
-40  20  -26 
-48  50  6 
34  44  40 
-28  -8  68 
16  26  0 
-14  -52  32 

//Reference=MNI 
//nullstudy_81
//Subjects=19
-26  38  -12 
-38  -74  0 
18  62  -20 
-34  -30  -18 
-64  2  26 
-28  -50  -30 
0  12  16 
-14  -104  -12 

//Reference=MNI 
//nullstudy_82
//Subjects=21
-48  -64  -38 
16  38  -26 
46  34  -4 
-12  -42  40 
12  42  -18 
-46  -12  -6 
-18  -68  52 
-16  32  -26 

//Reference=MNI 
//nullstudy_83
//Subjects=20
-2  30  32 
-58  -46  4 
-40  -52  -58 
6  58  16 
8  10  -2 
10  6  -34 
-2  -52  46 
-22  -36  -8 

//Reference=MNI 
//nullstudy_84
//Subjects=20
-30  -80  -16 
-20  -32  72 
-48  18  40 
-32  -98  -2 
20  8  18 
8  46  34 
-30  -22  0 
-52  12  -28 

//Reference=MNI 
//nullstudy_85
//Subjects=19
-28  34  -20 
-48  -36  30 
-8  -8  -34 
30  24  34 
-38  8  -12 
-12  22  52 
48  44  22 
-2  -2  -22 

//Reference=MNI 
//nullstudy_86
//Subjects=20
-10  -50  -2 
-36  -76  38 
22  2  -30 
-6  58  38 
-8  18  30 
-46  -38  32 
-6  -12  -30 
-8  60  20 

//Reference=MNI 
//nullstudy_87
//Subjects=22
2  22  44 
-26  -24  -20 
-56  -4  -8 
-4  -28  -22 
-48  -32  32 
-32  6  10 
-18  -74  6 
-48  -52  -38 

//Reference=MNI 
//nullstudy_88
//Subjects=19
-20  54  -20 
2  20  -2 
52  30  22 
-40  6  38 
42  38  -14 
-6  -74  -46 
-56  -50  10 
46  52  0 

//Reference=MNI 
//nullstudy_89
//Subjects=18
-44  38  2 
-48  20  -22 
-64  -8  10 
-38  -22  -16 
58  4  -28 
46  4  46 
-46  -6  -8 
62  8  16 

//Reference=MNI 
//nullstudy_90
//Subjects=21
24  40  48 
-6  -82  26 
-6  -94  16 
-10  -92  -8 
-28  -70  50 
56  18  12 
-36  2  2 
-62  -42  46 

//Reference=MNI 
//nullstudy_91
//Subjects=20
-16  -52  -50 
-2  -50  -40 
-40  -36  8 
-2  -46  -24 
-20  -34  62 
54  10  -36 
-48  42  20 
-22  -66  44 

//Reference=MNI 
//nullstudy_92
//Subjects=21
48  32  -4 
-44  -28  8 
-46  -12  36 
-32  -60  30 
-4  -74  -38 
-18  -68  6 
-18  14  -22 
-2  -18  42 

//Reference=MNI 
//nullstudy_93
//Subjects=19
-36  24  -26 
38  4  8 
-8  -12  52 
40  12  10 
-12  64  20 
4  18  46 
-42  -30  -4 
34  34  40 

//Reference=MNI 
//nullstudy_94
//Subjects=19
-24  44  16 
-2  32  -10 
34  60  18 
-18  -44  -38 
-24  -76  -10 
28  20  -4 
-10  -82  26 
-16  8  -10 

//Reference=MNI 
//nullstudy_95
//Subjects=19
16  2  0 
-52  8  -14 
56  2  36 
12  14  16 
-28  16  54 
-66  -40  34 
26  68  4 
-50  -6  -38 

//Reference=MNI 
//nullstudy_96
//Subjects=21
12  18  -28 
-60  -14  24 
-38  -36  36 
-48  -80  24 
-40  12  -20 
34  56  2 
50  10  -38 
12  50  44 

//Reference=MNI 
//nullstudy_97
//Subjects=18
20  8  54 
-16  -64  52 
-36  24  34 
-18  -12  -18 
-34  -38  16 
-60  -2  -20 
40  2  50 
6  60  -8 

//Reference=MNI 
//nullstudy_98
//Subjects=20
-42  24  -32 
6  48  34 
-6  -30  34 
-20  -96  8 
36  6  -26 
18  8  -20 
-20  -52  48 
8  22  2 

//Reference=MNI 
//nullstudy_99
//Subjects=19
-36  36  30 
-2  -44  -14 
-52  -36  -4 
-40  -70  -10 
-22  28  60 
4  16  48 
40  20  -26 
-2  22  -6 

//Reference=MNI 
//nullstudy_100
//Subjects=19
4  66  4 
-50  -40  -32 
-2  -50  50 
2  18  30 
12  6  18 
-18  -30  26 
-4  -64  48 
-44  -80  14 

