//Reference=MNI 
//truestudy_1
//Subjects=29
46  -67  -5 
45  -67  -5 
45  -66  -5 
46  -66  -5 
46  -64  -7 
46  -66  -8 
47  -66  -5 
47  -66  -6 

//Reference=MNI 
//truestudy_2
//Subjects=30
46  -66  -8 
46  -66  -5 
46  -65  -6 
45  -65  -3 
46  -66  -7 
46  -65  -6 
45  -66  -5 
46  -67  -7 

//Reference=MNI 
//truestudy_3
//Subjects=32
48  -65  -6 
44  -67  -7 
47  -67  -5 
47  -67  -4 
47  -66  -5 
46  -66  -5 
48  -66  -7 
45  -66  -5 

//Reference=MNI 
//nullstudy_1
//Subjects=29
-46  -52  22 
44  18  -12 
-10  36  -20 
-50  -58  6 
-18  -52  0 
34  52  28 
-30  4  36 
-34  10  42 

//Reference=MNI 
//nullstudy_2
//Subjects=30
-48  -74  16 
8  18  -10 
-2  -104  4 
-16  -40  -46 
24  64  0 
-54  -30  10 
-4  -40  -42 
-52  -46  4 

//Reference=MNI 
//nullstudy_3
//Subjects=32
-12  -40  56 
26  30  -24 
-38  4  38 
-64  -28  20 
-22  40  32 
-50  -12  44 
-48  -42  32 
40  46  -16 

//Reference=MNI 
//nullstudy_4
//Subjects=28
-64  -32  28 
34  54  18 
-16  12  -30 
18  22  -6 
-2  -40  52 
-12  -56  -20 
18  6  -18 
-38  -6  38 

//Reference=MNI 
//nullstudy_5
//Subjects=31
-22  -98  -2 
-4  16  -16 
-18  24  46 
54  4  26 
-26  60  0 
-52  -54  26 
28  56  4 
-8  -68  -18 

//Reference=MNI 
//nullstudy_6
//Subjects=30
-34  -64  32 
-18  0  -40 
20  66  -8 
46  6  -22 
44  22  18 
-22  56  16 
-20  -64  -10 
-44  -24  2 

//Reference=MNI 
//nullstudy_7
//Subjects=30
6  34  -18 
-54  -18  24 
36  54  30 
-20  -76  22 
-56  4  -24 
-10  10  -26 
-2  14  -8 
-32  44  30 

//Reference=MNI 
//nullstudy_8
//Subjects=31
-20  -4  -44 
8  26  44 
28  8  48 
-8  30  44 
-36  -38  70 
-70  -20  -10 
-64  -24  10 
-10  -86  14 

//Reference=MNI 
//nullstudy_9
//Subjects=29
52  2  14 
-4  44  -32 
-26  -74  -42 
8  52  -20 
30  48  18 
-50  -36  -10 
-46  34  36 
-22  -48  -6 

//Reference=MNI 
//nullstudy_10
//Subjects=31
52  44  4 
8  26  -10 
-6  -52  56 
-8  -54  6 
-4  -22  -44 
-28  -8  62 
-68  -48  0 
-38  -8  -18 

//Reference=MNI 
//nullstudy_11
//Subjects=32
38  32  44 
-56  -6  48 
-20  6  68 
-50  -14  -10 
-2  40  12 
-4  26  -30 
-28  -44  -18 
-24  -24  60 

//Reference=MNI 
//nullstudy_12
//Subjects=31
-10  -82  32 
-44  36  6 
-12  -32  38 
-64  4  18 
-52  -72  -2 
40  30  -8 
64  6  -6 
-36  -68  18 

//Reference=MNI 
//nullstudy_13
//Subjects=30
-6  -82  12 
-36  6  44 
28  16  64 
-28  64  14 
-54  36  14 
-42  -56  24 
-68  -18  -22 
4  24  -4 

//Reference=MNI 
//nullstudy_14
//Subjects=30
-36  24  -30 
-2  -50  -2 
2  46  36 
6  54  34 
-54  -50  22 
50  8  -16 
-26  -34  62 
-30  -74  -24 

//Reference=MNI 
//nullstudy_15
//Subjects=31
-10  32  -30 
-22  20  58 
-12  -44  -60 
-58  14  2 
10  16  12 
-14  60  0 
38  32  22 
-2  -78  22 

//Reference=MNI 
//nullstudy_16
//Subjects=29
-70  -30  6 
-14  -64  32 
-22  -2  -48 
-20  -64  -56 
-14  -8  -40 
-12  -44  -30 
36  20  -16 
12  10  34 

//Reference=MNI 
//nullstudy_17
//Subjects=30
-26  -70  36 
-30  -68  -14 
4  8  32 
-22  -68  -12 
-36  -46  68 
-8  -94  22 
-24  -18  -32 
-24  24  -28 

//Reference=MNI 
//nullstudy_18
//Subjects=30
40  22  -28 
0  50  6 
-14  10  -26 
12  50  22 
-6  32  -20 
-24  54  -6 
-34  -48  -10 
34  34  20 

//Reference=MNI 
//nullstudy_19
//Subjects=31
-48  18  2 
-14  -64  -36 
-2  -88  30 
52  24  42 
-38  -50  -28 
-32  10  -2 
-12  -60  66 
-6  38  -16 

//Reference=MNI 
//nullstudy_20
//Subjects=30
38  24  -16 
-32  -52  -8 
-18  42  -20 
-36  -16  62 
-46  -70  18 
16  54  -18 
-38  36  -8 
-48  -54  -30 

//Reference=MNI 
//nullstudy_21
//Subjects=30
-56  -52  -32 
26  14  -30 
-8  30  52 
-54  -8  -14 
-16  6  -8 
-8  -14  -30 
-34  42  -14 
46  18  42 

//Reference=MNI 
//nullstudy_22
//Subjects=30
-34  -32  52 
24  4  66 
-50  4  44 
52  32  -2 
-6  70  -8 
-8  -20  -24 
10  26  -14 
-42  16  6 

//Reference=MNI 
//nullstudy_23
//Subjects=29
-34  -46  -52 
14  4  -10 
44  50  -14 
-6  -28  48 
-10  -24  74 
-18  20  0 
12  12  42 
-4  -28  -12 

//Reference=MNI 
//nullstudy_24
//Subjects=29
-46  38  4 
12  60  -14 
-10  -20  76 
-26  -58  -34 
-48  8  22 
-6  -22  74 
-34  -78  0 
8  46  -18 

//Reference=MNI 
//nullstudy_25
//Subjects=28
-50  -2  48 
-10  -98  24 
-44  4  -32 
-2  30  26 
-18  -66  -2 
-12  -80  42 
20  44  26 
-40  -60  -8 

//Reference=MNI 
//nullstudy_26
//Subjects=32
-54  12  6 
24  64  8 
-66  -32  6 
22  12  -6 
-44  -64  12 
-58  -50  2 
52  30  0 
26  8  58 

//Reference=MNI 
//nullstudy_27
//Subjects=31
-48  -42  4 
-18  54  18 
-10  30  62 
-10  -60  42 
-60  -46  30 
-62  -36  10 
2  26  26 
-14  52  22 

//Reference=MNI 
//nullstudy_28
//Subjects=31
-52  -8  2 
14  16  -28 
-50  14  -14 
0  12  36 
-46  24  -4 
-44  -72  -14 
-18  -26  64 
38  10  62 

//Reference=MNI 
//nullstudy_29
//Subjects=31
-16  -52  64 
-30  14  48 
-58  -48  -16 
-48  32  -6 
-14  -96  12 
-28  48  40 
-12  -90  -40 
60  16  14 

//Reference=MNI 
//nullstudy_30
//Subjects=30
-2  -26  28 
-24  8  -6 
40  6  50 
22  18  -28 
-68  -32  16 
-32  -52  8 
-40  -66  12 
-48  -64  36 

//Reference=MNI 
//nullstudy_31
//Subjects=31
-8  0  70 
-22  14  -44 
-4  -32  -20 
-28  -50  8 
-42  -66  52 
-24  20  -24 
-16  24  0 
38  44  -14 

//Reference=MNI 
//nullstudy_32
//Subjects=30
-8  -78  56 
-46  40  0 
-36  -6  -30 
24  12  -28 
28  8  58 
-14  -44  50 
-6  -40  -52 
-54  4  8 

//Reference=MNI 
//nullstudy_33
//Subjects=31
-48  2  -12 
-48  14  6 
-50  -68  24 
14  36  -18 
-30  24  44 
-50  12  -2 
-4  24  -30 
-12  -18  -32 

//Reference=MNI 
//nullstudy_34
//Subjects=30
-16  -36  -10 
36  46  -16 
-10  -20  74 
-22  -76  -34 
-8  -38  34 
4  66  2 
-8  -84  -36 
-30  -24  -30 

//Reference=MNI 
//nullstudy_35
//Subjects=29
-36  6  -2 
-2  58  20 
-30  12  -6 
-12  -38  54 
-28  -18  -28 
-28  -24  -26 
48  50  10 
-60  -10  18 

//Reference=MNI 
//nullstudy_36
//Subjects=30
-52  -4  32 
-40  -18  -40 
-48  -40  12 
-60  -54  -14 
44  40  -22 
-20  -50  -34 
-42  -56  -34 
48  14  12 

//Reference=MNI 
//nullstudy_37
//Subjects=30
26  38  -18 
-34  18  56 
4  70  6 
-24  66  0 
-42  -76  -30 
-42  -70  -6 
12  6  18 
-10  -62  -46 

//Reference=MNI 
//nullstudy_38
//Subjects=32
-42  -44  52 
-12  50  46 
-34  -50  2 
-28  16  4 
-48  42  14 
-20  -66  -2 
-50  -62  46 
46  54  -6 

//Reference=MNI 
//nullstudy_39
//Subjects=31
-36  -66  10 
-30  -4  -50 
-2  46  32 
-46  10  16 
-8  42  -2 
-16  -72  6 
-22  -28  62 
-50  32  -12 

//Reference=MNI 
//nullstudy_40
//Subjects=31
46  10  -36 
38  60  -2 
-12  -62  0 
50  26  -8 
-16  -80  14 
-8  32  -28 
6  18  12 
4  4  -12 

//Reference=MNI 
//nullstudy_41
//Subjects=32
-18  -74  20 
-38  -14  56 
50  2  0 
-42  34  -20 
44  22  46 
12  32  38 
-50  14  -14 
-62  -36  18 

//Reference=MNI 
//nullstudy_42
//Subjects=29
-34  -88  8 
-32  -50  -20 
-20  68  12 
26  32  54 
4  12  64 
24  12  -36 
-36  50  -16 
-50  -2  -18 

//Reference=MNI 
//nullstudy_43
//Subjects=29
-4  26  42 
-24  -14  -44 
-20  56  -2 
-10  56  -12 
-54  -16  -16 
-6  -16  32 
-14  8  -34 
-36  -76  -44 

//Reference=MNI 
//nullstudy_44
//Subjects=31
-20  -20  22 
-20  -92  14 
42  32  -22 
-46  -72  -32 
-26  62  -2 
-40  -20  -26 
-48  -56  -2 
48  18  -34 

//Reference=MNI 
//nullstudy_45
//Subjects=31
-22  0  -16 
-14  56  -12 
44  4  -44 
-16  -98  -2 
-54  -50  6 
-36  18  -38 
-10  -40  -12 
-56  -40  -28 

//Reference=MNI 
//nullstudy_46
//Subjects=31
-28  40  16 
-10  -50  60 
-50  -44  56 
-28  14  50 
-48  8  -34 
-22  -96  -12 
36  26  56 
-50  26  -16 

//Reference=MNI 
//nullstudy_47
//Subjects=31
-20  -44  -32 
-6  -52  -64 
-26  -84  32 
-28  -60  -30 
18  44  40 
-16  60  20 
-32  -30  16 
-22  -64  36 

//Reference=MNI 
//nullstudy_48
//Subjects=29
2  18  64 
-18  -44  54 
32  24  50 
-8  -10  68 
-28  48  -4 
30  62  12 
42  22  -8 
56  22  36 

//Reference=MNI 
//nullstudy_49
//Subjects=31
-12  -68  54 
8  20  -20 
-46  24  -20 
32  4  54 
58  34  8 
-16  -54  -50 
50  30  -12 
-12  -6  26 

//Reference=MNI 
//nullstudy_50
//Subjects=31
12  10  -20 
-12  24  -12 
16  44  40 
-54  -42  -22 
14  16  66 
-18  -82  -14 
-8  -30  42 
42  8  -38 

//Reference=MNI 
//nullstudy_51
//Subjects=30
10  8  50 
-62  -20  12 
-30  -76  40 
-52  -32  56 
-16  -66  56 
34  4  36 
-56  -18  26 
-32  -22  -28 

//Reference=MNI 
//nullstudy_52
//Subjects=30
20  60  22 
-40  -8  40 
-40  -68  34 
-60  -42  -2 
-2  12  30 
-50  -50  24 
-40  40  8 
-28  -78  12 

//Reference=MNI 
//nullstudy_53
//Subjects=30
-48  -28  52 
0  44  4 
-68  -14  24 
-52  -26  -28 
-58  8  -14 
4  8  72 
-6  -28  -10 
32  12  -46 

//Reference=MNI 
//nullstudy_54
//Subjects=29
-24  18  64 
-38  -82  -10 
-32  48  0 
-28  26  -18 
-44  -28  16 
0  22  -8 
62  8  6 
8  6  -10 

//Reference=MNI 
//nullstudy_55
//Subjects=30
-28  -94  14 
20  48  -20 
-28  -10  72 
-28  -16  74 
-54  -58  -36 
32  26  0 
-12  -32  36 
-12  -40  68 

//Reference=MNI 
//nullstudy_56
//Subjects=29
-22  -48  -34 
-28  -62  -44 
-20  -40  -50 
56  14  32 
8  26  64 
-4  2  4 
2  48  28 
-38  -72  -12 

//Reference=MNI 
//nullstudy_57
//Subjects=31
-36  -20  6 
8  44  38 
-64  -28  28 
-12  -34  -34 
-2  44  48 
-36  -64  -12 
-22  56  16 
-4  -54  -38 

//Reference=MNI 
//nullstudy_58
//Subjects=31
14  12  16 
-8  -66  -24 
-8  6  74 
-50  -60  6 
-56  14  22 
-18  -68  56 
-22  14  54 
12  20  42 

//Reference=MNI 
//nullstudy_59
//Subjects=32
-8  -46  -12 
-10  -28  -4 
-36  -38  52 
10  10  48 
-10  -14  14 
-2  -18  2 
18  18  -24 
10  66  22 

//Reference=MNI 
//nullstudy_60
//Subjects=29
-58  10  32 
-10  -24  66 
-12  -42  78 
14  60  32 
-20  -86  6 
-56  -60  -34 
10  54  2 
-14  -52  -18 

//Reference=MNI 
//nullstudy_61
//Subjects=30
-6  50  48 
-6  -68  34 
-44  26  10 
-8  52  0 
52  4  -2 
-12  -20  -12 
-10  4  -28 
-12  22  32 

//Reference=MNI 
//nullstudy_62
//Subjects=29
14  28  60 
-52  12  12 
38  8  -46 
-20  0  60 
-34  -60  44 
44  24  -6 
-62  -18  -18 
-24  0  48 

//Reference=MNI 
//nullstudy_63
//Subjects=30
50  22  -24 
12  50  -10 
12  30  -16 
-40  -50  12 
44  16  52 
-42  4  14 
18  6  64 
-26  32  -22 

//Reference=MNI 
//nullstudy_64
//Subjects=29
-22  -46  6 
-30  50  18 
-12  -50  -32 
20  42  38 
-2  -60  -42 
-32  -18  4 
-48  -54  54 
-24  -76  -30 

//Reference=MNI 
//nullstudy_65
//Subjects=30
-18  -66  38 
-12  -80  20 
-20  16  62 
-40  -10  50 
-6  -30  -20 
-28  -10  60 
18  18  48 
-14  -82  8 

//Reference=MNI 
//nullstudy_66
//Subjects=31
-56  6  30 
32  58  6 
-2  36  60 
-10  -44  -50 
26  50  -6 
-16  36  54 
-26  -68  -34 
-20  -44  -56 

//Reference=MNI 
//nullstudy_67
//Subjects=31
30  42  32 
-8  -66  -22 
-42  16  -18 
28  18  -18 
-14  2  -22 
-46  -74  4 
-50  20  10 
-34  -34  16 

//Reference=MNI 
//nullstudy_68
//Subjects=29
-18  -42  14 
-10  -98  -2 
-10  -16  76 
-48  -44  54 
-62  -34  10 
-24  -22  -18 
38  8  36 
-48  -66  -6 

//Reference=MNI 
//nullstudy_69
//Subjects=31
10  16  -2 
-18  -46  -44 
-40  8  58 
58  22  30 
-6  -32  28 
-8  22  30 
-8  -28  -18 
-4  -40  -10 

//Reference=MNI 
//nullstudy_70
//Subjects=31
32  6  58 
-10  62  34 
50  14  14 
-30  -60  -56 
36  12  58 
26  58  18 
12  60  -18 
-12  16  -26 

//Reference=MNI 
//nullstudy_71
//Subjects=31
20  20  52 
-2  6  32 
-14  -12  10 
-34  -58  52 
6  54  -10 
-42  -16  48 
-10  -24  -32 
-58  -8  -38 

//Reference=MNI 
//nullstudy_72
//Subjects=31
-16  20  62 
-40  -38  22 
-46  -8  8 
16  6  -40 
-20  14  -12 
-12  -100  -6 
-28  -18  -26 
-52  10  -22 

//Reference=MNI 
//nullstudy_73
//Subjects=31
-50  -64  6 
-12  -82  10 
22  26  48 
-12  -36  -36 
-56  -28  -16 
64  8  0 
38  2  56 
-12  -54  -28 

//Reference=MNI 
//nullstudy_74
//Subjects=30
36  2  -38 
-2  -100  -8 
-2  -14  12 
-10  -98  6 
8  8  54 
-6  -82  34 
16  56  -16 
-46  -52  34 

//Reference=MNI 
//nullstudy_75
//Subjects=31
22  4  -36 
-18  -60  34 
-38  -20  46 
-42  -26  58 
-32  22  -14 
-6  -68  -10 
-42  -60  40 
-10  70  4 

//Reference=MNI 
//nullstudy_76
//Subjects=33
-60  -24  12 
-58  -46  -28 
-12  -52  -62 
-48  -78  20 
-56  0  2 
-34  -84  -32 
-38  -46  -50 
-18  -50  -8 

//Reference=MNI 
//nullstudy_77
//Subjects=31
6  34  14 
-8  -72  -50 
-4  -42  26 
-16  -66  -52 
32  8  36 
-52  6  -38 
-20  -54  -36 
-14  -78  -10 

//Reference=MNI 
//nullstudy_78
//Subjects=31
-18  10  -32 
-12  -4  -20 
-2  -52  -40 
-8  2  24 
-66  -12  -14 
-28  16  36 
-6  26  28 
-20  18  -28 

//Reference=MNI 
//nullstudy_79
//Subjects=30
-36  2  36 
12  12  -6 
-50  -74  24 
-36  -54  -52 
-16  24  2 
-32  32  16 
-54  -2  -30 
-2  -54  -8 

//Reference=MNI 
//nullstudy_80
//Subjects=32
-18  2  58 
40  6  10 
-2  -62  -32 
-18  52  -14 
-54  20  4 
46  20  38 
-44  40  -4 
-20  34  -14 

//Reference=MNI 
//nullstudy_81
//Subjects=31
-44  10  50 
30  32  48 
4  22  -24 
-22  -2  66 
26  6  -40 
12  8  -8 
-20  -62  52 
-28  -66  60 

//Reference=MNI 
//nullstudy_82
//Subjects=30
-28  6  -20 
-52  -46  8 
-34  36  -14 
-58  -60  14 
-32  -72  40 
-36  -20  -4 
-28  -70  26 
-34  -2  52 

//Reference=MNI 
//nullstudy_83
//Subjects=30
18  2  -2 
42  30  -14 
-22  -68  -42 
-10  8  60 
24  24  44 
-34  -64  26 
-4  24  40 
-18  -26  0 

//Reference=MNI 
//nullstudy_84
//Subjects=32
-50  8  -10 
-62  -30  6 
-2  -38  2 
-6  -50  40 
38  18  14 
-8  -24  -10 
-38  58  8 
-30  -28  10 

//Reference=MNI 
//nullstudy_85
//Subjects=29
-26  -52  -38 
-34  -24  46 
-48  -28  2 
42  14  6 
-2  -22  34 
-8  54  42 
-8  38  -6 
12  12  46 

//Reference=MNI 
//nullstudy_86
//Subjects=31
-32  52  20 
42  6  -14 
-2  -84  10 
6  10  50 
-12  -90  -30 
-18  14  4 
28  22  12 
-42  -68  -22 

//Reference=MNI 
//nullstudy_87
//Subjects=30
24  2  -46 
-2  52  42 
-52  -8  42 
2  52  26 
24  58  -16 
-2  -34  -14 
-52  -42  26 
10  50  30 

//Reference=MNI 
//nullstudy_88
//Subjects=29
-40  -72  -26 
-48  -72  -16 
-6  40  2 
-40  -58  16 
38  24  32 
40  28  12 
-2  -10  -10 
-6  -20  -16 

//Reference=MNI 
//nullstudy_89
//Subjects=29
-28  12  -40 
-24  44  30 
-14  44  -18 
20  16  4 
-24  -76  -48 
-20  -50  6 
-22  -58  18 
-58  -36  -2 

//Reference=MNI 
//nullstudy_90
//Subjects=31
-38  -26  2 
-50  -40  24 
-32  -34  -24 
-60  -26  20 
54  22  32 
-34  42  36 
-40  -22  20 
-42  4  -16 

//Reference=MNI 
//nullstudy_91
//Subjects=31
-18  -56  20 
-12  -14  -16 
-32  18  -34 
-18  -80  46 
-14  -42  60 
-42  -82  14 
-32  -82  42 
-48  20  40 

//Reference=MNI 
//nullstudy_92
//Subjects=31
-64  -42  -8 
-18  -32  10 
-62  -14  -34 
-12  -62  -2 
-44  2  54 
-32  -90  0 
38  6  14 
0  38  -6 

//Reference=MNI 
//nullstudy_93
//Subjects=31
4  30  30 
-20  -62  52 
10  4  -10 
-60  -20  -6 
12  4  54 
-52  -32  28 
46  2  56 
-28  26  54 

//Reference=MNI 
//nullstudy_94
//Subjects=30
20  14  56 
-42  52  -4 
-44  56  2 
18  52  16 
-12  -4  -14 
-38  -80  32 
-16  -30  42 
-24  -18  -18 

//Reference=MNI 
//nullstudy_95
//Subjects=30
-2  32  18 
-20  48  -14 
-6  22  22 
8  34  62 
-30  40  30 
-28  -76  -30 
-38  -72  -42 
12  66  -8 

//Reference=MNI 
//nullstudy_96
//Subjects=30
-24  -98  -4 
-46  -62  54 
-30  16  0 
-26  -36  -18 
40  32  -18 
18  2  -36 
46  26  28 
18  34  -22 

//Reference=MNI 
//nullstudy_97
//Subjects=31
-34  50  -2 
-44  -36  -16 
-22  -76  42 
-24  -84  -36 
-58  -54  -6 
-28  34  -20 
12  32  50 
30  38  -6 

//Reference=MNI 
//nullstudy_98
//Subjects=31
-58  -58  2 
-56  8  30 
-50  2  6 
26  12  -44 
40  2  38 
22  52  20 
6  40  -4 
-22  -32  64 

//Reference=MNI 
//nullstudy_99
//Subjects=30
-38  -62  18 
54  20  -8 
-56  20  -2 
-6  46  30 
-44  -32  52 
-30  -24  -18 
12  44  8 
-34  -48  38 

//Reference=MNI 
//nullstudy_100
//Subjects=30
-14  40  6 
-36  8  30 
34  52  24 
46  30  32 
20  22  42 
18  8  70 
44  50  16 
-32  -42  -26 

