//Reference=MNI 
//truestudy_1
//Subjects=21
45  -64  -6 
46  -65  -6 
47  -65  -5 
45  -65  -5 
46  -67  -6 
47  -66  -5 
46  -65  -7 
44  -66  -5 

//Reference=MNI 
//truestudy_2
//Subjects=21
45  -66  -5 
45  -65  -5 
46  -66  -7 
45  -67  -6 
45  -67  -6 
45  -67  -8 
47  -65  -6 
46  -66  -5 

//Reference=MNI 
//truestudy_3
//Subjects=20
47  -68  -5 
47  -64  -6 
45  -66  -6 
46  -66  -5 
45  -66  -7 
45  -66  -6 
46  -64  -7 
45  -66  -5 

//Reference=MNI 
//nullstudy_1
//Subjects=21
-14  52  -6 
-4  -32  -14 
-44  -10  32 
-44  -34  -4 
-22  -68  6 
4  4  44 
-24  50  -14 
-6  -14  -26 

//Reference=MNI 
//nullstudy_2
//Subjects=21
-18  -84  -52 
-48  -42  -36 
-50  18  30 
32  2  -28 
-12  -46  -38 
-36  16  -28 
-10  -64  34 
-12  -28  -38 

//Reference=MNI 
//nullstudy_3
//Subjects=20
-4  -84  40 
26  24  32 
-62  -44  -12 
-4  -82  -22 
26  42  -8 
-14  -62  -6 
-6  -36  -4 
-8  50  -24 

//Reference=MNI 
//nullstudy_4
//Subjects=21
-2  -54  20 
-32  8  -36 
-50  -12  52 
-38  -2  42 
-54  -6  -12 
-10  38  -20 
-10  -46  -10 
-16  -10  -28 

//Reference=MNI 
//nullstudy_5
//Subjects=20
-14  -52  34 
24  20  46 
-8  10  50 
-32  -82  -4 
-12  54  -20 
-2  -12  14 
44  42  34 
-22  -30  62 

//Reference=MNI 
//nullstudy_6
//Subjects=20
48  32  -2 
8  24  -16 
-6  -42  -58 
-26  -62  62 
-22  -64  46 
-54  -36  -26 
0  28  0 
-20  -58  50 

//Reference=MNI 
//nullstudy_7
//Subjects=22
12  44  10 
-50  44  12 
62  10  -2 
-4  -64  60 
20  60  -10 
-32  -78  -40 
-4  -24  14 
-6  36  38 

//Reference=MNI 
//nullstudy_8
//Subjects=21
-10  -74  -40 
42  8  -36 
26  14  46 
-22  4  -42 
-46  6  12 
20  24  40 
44  8  -2 
-18  -42  -24 

//Reference=MNI 
//nullstudy_9
//Subjects=19
-8  62  28 
24  32  34 
24  22  58 
36  38  10 
-18  -76  -40 
16  28  8 
-2  40  16 
-20  -60  68 

//Reference=MNI 
//nullstudy_10
//Subjects=20
-4  -42  20 
-62  -22  46 
8  20  24 
-30  -28  -12 
-2  8  38 
-44  20  -14 
-30  42  20 
8  46  40 

//Reference=MNI 
//nullstudy_11
//Subjects=21
-20  -98  -22 
-8  -40  60 
14  2  -30 
-6  -92  20 
42  4  8 
-56  -34  18 
-40  24  -28 
-44  8  58 

//Reference=MNI 
//nullstudy_12
//Subjects=20
52  20  16 
-14  -40  62 
38  22  18 
-8  24  -12 
6  34  -20 
-48  -72  -2 
6  14  48 
-10  -70  6 

//Reference=MNI 
//nullstudy_13
//Subjects=20
-52  -60  40 
-40  -72  -24 
-40  -4  16 
-32  12  56 
-28  -32  48 
-26  -38  68 
-60  -32  0 
-4  16  -26 

//Reference=MNI 
//nullstudy_14
//Subjects=20
6  54  -2 
-26  -6  10 
12  40  -28 
-58  -64  22 
-56  12  0 
-4  -14  2 
-2  -84  44 
46  24  -12 

//Reference=MNI 
//nullstudy_15
//Subjects=20
-52  -56  12 
-30  12  42 
-28  -54  -46 
12  30  -14 
-32  12  50 
-48  -8  -14 
-4  24  38 
-56  -32  16 

//Reference=MNI 
//nullstudy_16
//Subjects=20
20  58  -20 
-42  38  24 
-34  -76  44 
22  36  -20 
-12  -18  52 
-62  -46  36 
-62  -50  -2 
-48  8  -44 

//Reference=MNI 
//nullstudy_17
//Subjects=19
-38  12  -12 
-32  48  18 
-14  60  32 
10  12  68 
0  28  -18 
-36  18  10 
-26  -96  -12 
-50  10  10 

//Reference=MNI 
//nullstudy_18
//Subjects=20
8  10  -6 
-2  -62  44 
-16  12  22 
-4  10  40 
-22  -56  60 
-20  -48  6 
-12  -62  64 
-14  64  0 

//Reference=MNI 
//nullstudy_19
//Subjects=20
-28  -2  -46 
-46  44  -2 
42  30  -12 
-16  -50  52 
-50  -72  -14 
12  36  48 
46  10  -14 
-36  14  46 

//Reference=MNI 
//nullstudy_20
//Subjects=19
-10  66  -4 
14  38  -24 
-14  -38  -52 
-30  56  14 
-50  -38  10 
-2  -62  -46 
-20  38  50 
-56  -34  38 

//Reference=MNI 
//nullstudy_21
//Subjects=20
-12  10  -16 
26  32  -16 
-42  16  -24 
32  50  22 
-60  -46  12 
10  52  -24 
-14  0  66 
-6  12  60 

//Reference=MNI 
//nullstudy_22
//Subjects=21
-26  22  10 
6  46  -12 
-26  14  -16 
-42  -8  16 
-58  -26  -16 
-8  -80  30 
-48  8  4 
-18  -78  24 

//Reference=MNI 
//nullstudy_23
//Subjects=21
-24  -68  56 
26  4  10 
-6  -74  -10 
-6  -26  56 
36  10  -44 
2  6  64 
42  4  -10 
-20  -80  50 

//Reference=MNI 
//nullstudy_24
//Subjects=21
-52  8  -12 
-18  54  22 
-26  -8  -14 
32  50  28 
-4  6  66 
-56  -2  36 
-38  -88  8 
-4  26  46 

//Reference=MNI 
//nullstudy_25
//Subjects=18
28  46  -2 
-68  -12  -16 
-30  -14  58 
-6  16  38 
-44  -34  -2 
-6  -28  -38 
10  48  -8 
-62  -36  -12 

//Reference=MNI 
//nullstudy_26
//Subjects=22
-10  -20  -2 
12  66  -10 
-32  14  -22 
-62  -46  -6 
-38  -38  54 
-48  -22  46 
0  62  28 
-24  -36  -44 

//Reference=MNI 
//nullstudy_27
//Subjects=20
-18  -60  -18 
6  46  48 
22  48  34 
-10  -26  -28 
-38  -84  22 
-38  -24  -12 
-48  -32  -18 
-12  -2  42 

//Reference=MNI 
//nullstudy_28
//Subjects=18
-22  -58  -18 
-46  28  26 
-16  0  26 
-58  -2  -2 
28  42  -10 
-52  40  8 
-36  10  10 
-8  50  -20 

//Reference=MNI 
//nullstudy_29
//Subjects=19
32  12  -38 
-42  -40  -26 
-24  24  54 
50  4  12 
52  18  -22 
24  62  -14 
-42  -2  34 
26  54  -8 

//Reference=MNI 
//nullstudy_30
//Subjects=20
-36  -58  42 
-16  -24  -8 
-22  -50  74 
-54  -30  -28 
-18  -50  -62 
-56  -48  -12 
-14  -4  62 
32  10  -38 

//Reference=MNI 
//nullstudy_31
//Subjects=22
-30  -14  72 
-2  66  4 
14  32  -26 
-4  62  -12 
4  34  40 
-34  -56  -22 
-30  -86  26 
-6  -82  -22 

//Reference=MNI 
//nullstudy_32
//Subjects=21
32  4  -16 
-22  -8  -14 
-54  -34  24 
-36  -8  -4 
32  2  14 
40  26  -16 
8  52  42 
26  20  50 

//Reference=MNI 
//nullstudy_33
//Subjects=20
18  48  -22 
-10  30  48 
-50  -30  38 
44  16  8 
12  8  -14 
-36  24  -26 
22  14  -2 
-24  36  20 

//Reference=MNI 
//nullstudy_34
//Subjects=20
-4  -78  12 
16  46  -8 
-12  -40  -56 
-32  -54  -4 
-8  26  50 
50  10  -8 
-8  24  46 
-8  -54  72 

//Reference=MNI 
//nullstudy_35
//Subjects=21
16  36  -22 
-28  28  -22 
36  22  -28 
-38  -10  0 
-30  -54  -40 
26  20  48 
-12  50  10 
-6  50  26 

//Reference=MNI 
//nullstudy_36
//Subjects=20
-30  44  14 
-14  48  10 
-48  -46  4 
-12  54  16 
-26  -52  -40 
30  30  36 
-6  -28  -12 
-66  -40  -14 

//Reference=MNI 
//nullstudy_37
//Subjects=22
-10  0  56 
-42  -56  12 
-40  -52  26 
-2  16  40 
24  40  -20 
6  40  18 
-2  40  -14 
-24  -50  14 

//Reference=MNI 
//nullstudy_38
//Subjects=21
-28  0  50 
-34  -90  -8 
20  2  62 
10  40  4 
50  10  4 
-20  -104  0 
-22  -70  -28 
-52  -44  -26 

//Reference=MNI 
//nullstudy_39
//Subjects=19
-32  2  -28 
-4  -42  66 
-58  -36  -26 
18  26  60 
-32  24  58 
-4  28  -20 
-36  -70  4 
22  60  18 

//Reference=MNI 
//nullstudy_40
//Subjects=20
6  48  30 
28  56  -8 
38  46  -4 
-56  -26  -14 
-26  24  -24 
36  52  -8 
-6  32  -22 
38  54  0 

//Reference=MNI 
//nullstudy_41
//Subjects=19
-48  -28  -4 
-30  -84  -36 
52  10  48 
46  28  34 
-6  -38  -10 
-18  -56  -62 
-12  -4  -20 
-18  -46  -58 

//Reference=MNI 
//nullstudy_42
//Subjects=18
-38  -22  66 
12  62  -14 
-38  -82  14 
10  32  10 
4  48  28 
-12  -62  64 
-60  -62  -16 
38  12  -32 

//Reference=MNI 
//nullstudy_43
//Subjects=22
-12  -16  -14 
28  24  0 
-6  64  -18 
38  24  -4 
-24  48  -10 
-8  -82  28 
-32  -30  16 
-10  14  -30 

//Reference=MNI 
//nullstudy_44
//Subjects=20
-26  -84  -40 
-44  -6  -32 
-4  -68  38 
-58  8  28 
-32  4  26 
42  28  38 
-10  -92  -10 
-48  -36  30 

//Reference=MNI 
//nullstudy_45
//Subjects=20
-26  -44  -58 
-4  -34  40 
-36  18  -12 
0  8  -2 
-50  -66  -20 
-34  -78  8 
-54  -32  -6 
-38  18  32 

//Reference=MNI 
//nullstudy_46
//Subjects=20
-36  28  20 
-8  -62  50 
-6  6  34 
40  18  -34 
-18  -28  8 
-28  14  -4 
-18  -70  58 
-58  -58  32 

//Reference=MNI 
//nullstudy_47
//Subjects=20
-24  -84  34 
0  12  22 
48  2  0 
64  2  6 
4  18  0 
28  40  -8 
-6  -62  -30 
-10  -86  34 

//Reference=MNI 
//nullstudy_48
//Subjects=19
-26  -64  42 
-16  14  2 
14  60  -4 
-10  -44  -14 
-34  4  4 
-10  -60  48 
20  54  32 
-38  -18  36 

//Reference=MNI 
//nullstudy_49
//Subjects=20
-16  -66  30 
-2  -70  54 
-56  -54  -16 
-4  -50  24 
-42  20  -18 
-46  -66  -18 
26  48  18 
54  2  -34 

//Reference=MNI 
//nullstudy_50
//Subjects=20
-10  0  -32 
-26  -86  -10 
-36  0  36 
-2  -32  40 
-28  -58  -54 
-14  48  -12 
58  20  20 
-70  -28  12 

//Reference=MNI 
//nullstudy_51
//Subjects=20
0  60  20 
-16  -56  6 
48  2  42 
-6  -2  4 
-54  -14  -4 
-50  -34  -20 
-54  18  -10 
-64  -36  22 

//Reference=MNI 
//nullstudy_52
//Subjects=20
32  46  20 
-18  -62  22 
36  50  -8 
-12  -38  -22 
-52  8  -34 
-24  -8  44 
-60  -32  10 
-10  -50  60 

//Reference=MNI 
//nullstudy_53
//Subjects=20
-8  38  26 
-2  -70  34 
-28  30  -12 
-42  -10  -38 
-16  -38  -34 
8  62  8 
-16  -4  18 
-8  -72  32 

//Reference=MNI 
//nullstudy_54
//Subjects=20
-50  -18  56 
42  32  18 
30  18  -4 
2  12  68 
-18  -8  -10 
-40  -4  -16 
-24  -42  -12 
12  38  -6 

//Reference=MNI 
//nullstudy_55
//Subjects=19
-6  50  2 
-40  44  4 
-38  -6  -40 
-18  -8  -42 
-12  -76  -4 
-34  -94  -6 
-46  -48  2 
-2  -24  -38 

//Reference=MNI 
//nullstudy_56
//Subjects=20
-52  -62  40 
-54  -18  -12 
-56  -4  36 
48  20  2 
42  14  -10 
-14  -30  -22 
-42  -58  24 
-38  0  40 

//Reference=MNI 
//nullstudy_57
//Subjects=21
-42  -48  34 
30  32  46 
-20  16  -32 
-54  -12  -20 
-30  -44  44 
40  8  58 
10  60  22 
-52  -50  -28 

//Reference=MNI 
//nullstudy_58
//Subjects=20
-28  -42  -6 
-6  -46  -56 
-48  -52  4 
-34  -78  -50 
-42  38  -12 
-60  -12  -12 
-58  16  18 
-18  -88  -18 

//Reference=MNI 
//nullstudy_59
//Subjects=20
-4  -86  10 
30  22  -24 
58  6  -28 
-38  -66  -26 
44  50  -10 
26  2  44 
-6  -36  -16 
-52  -32  -14 

//Reference=MNI 
//nullstudy_60
//Subjects=21
4  18  -24 
-14  -68  12 
-38  -12  -28 
4  18  -4 
38  24  -24 
-26  -70  -28 
-34  -32  10 
-30  62  -8 

//Reference=MNI 
//nullstudy_61
//Subjects=19
38  42  -6 
-6  -56  -2 
-26  -66  -8 
-24  6  -2 
-40  24  34 
-40  -62  -16 
-48  22  -6 
30  20  48 

//Reference=MNI 
//nullstudy_62
//Subjects=20
-40  -58  -14 
52  6  32 
-10  40  50 
-4  14  50 
-48  -40  -30 
-28  64  4 
-36  14  -30 
52  28  4 

//Reference=MNI 
//nullstudy_63
//Subjects=21
-32  -42  34 
-32  -72  -48 
20  42  -16 
-48  -66  -46 
-32  -72  32 
24  14  -36 
-4  -46  -28 
-28  -4  -10 

//Reference=MNI 
//nullstudy_64
//Subjects=20
-40  -80  -16 
30  60  -12 
-50  6  14 
-64  -2  -10 
-6  -58  -14 
30  24  -34 
32  10  48 
-28  -6  -30 

//Reference=MNI 
//nullstudy_65
//Subjects=21
-34  -54  22 
38  38  28 
-30  -58  -12 
-20  -44  -16 
-4  -2  36 
-40  32  44 
-18  -4  -26 
42  56  14 

//Reference=MNI 
//nullstudy_66
//Subjects=19
-14  -96  -10 
-38  46  -16 
-56  -32  -26 
-24  22  54 
-8  -64  44 
-34  -8  -22 
-50  -52  12 
-56  -12  -30 

//Reference=MNI 
//nullstudy_67
//Subjects=21
-22  -20  76 
-8  -60  -60 
32  20  58 
-12  46  44 
-10  50  38 
-8  34  -22 
14  16  10 
22  36  -10 

//Reference=MNI 
//nullstudy_68
//Subjects=20
-42  -56  -26 
-8  46  14 
-4  -50  -44 
-38  -66  -60 
-22  -44  72 
-58  -18  50 
-50  22  0 
-12  58  -8 

//Reference=MNI 
//nullstudy_69
//Subjects=20
-4  62  24 
-52  8  6 
-32  -54  42 
-48  -58  4 
46  12  -8 
4  8  62 
-2  -30  74 
-42  -16  4 

//Reference=MNI 
//nullstudy_70
//Subjects=20
-20  -18  -24 
-6  -88  -20 
56  2  -32 
-26  -24  58 
-46  -46  0 
-56  12  -14 
-30  6  58 
-18  -6  -24 

//Reference=MNI 
//nullstudy_71
//Subjects=21
8  18  -26 
-4  -48  -8 
14  64  12 
14  32  56 
-14  -54  36 
-22  -68  42 
-2  -2  -8 
-2  12  -24 

//Reference=MNI 
//nullstudy_72
//Subjects=20
-34  22  -30 
-26  -64  -8 
22  14  56 
-42  32  12 
20  60  22 
36  24  34 
-48  -22  -20 
24  20  -16 

//Reference=MNI 
//nullstudy_73
//Subjects=21
-10  -46  60 
-62  2  -20 
8  34  52 
10  44  -24 
-30  -30  60 
50  8  -12 
-28  10  12 
-56  -20  36 

//Reference=MNI 
//nullstudy_74
//Subjects=19
-60  -6  -34 
-20  14  -30 
20  4  22 
-40  58  4 
48  34  30 
-2  -56  18 
14  26  6 
-56  -60  -6 

//Reference=MNI 
//nullstudy_75
//Subjects=20
26  66  16 
-50  -38  -14 
-2  28  54 
-26  -42  -28 
0  40  22 
-42  -68  -2 
-26  46  -10 
-20  -40  -16 

//Reference=MNI 
//nullstudy_76
//Subjects=20
16  12  14 
14  12  54 
-22  8  46 
-44  -52  -44 
-64  -14  -10 
-18  -84  26 
-4  14  32 
-40  52  -4 

//Reference=MNI 
//nullstudy_77
//Subjects=21
-34  52  -16 
-36  24  54 
-56  -34  -14 
-36  40  24 
-20  -40  12 
-4  6  -22 
-48  -36  -14 
-48  -24  16 

//Reference=MNI 
//nullstudy_78
//Subjects=20
-30  6  -18 
-20  -14  -34 
-30  -86  -6 
-48  -58  -34 
-24  -6  8 
-12  -60  10 
-58  6  20 
-38  -10  -50 

//Reference=MNI 
//nullstudy_79
//Subjects=21
46  20  -34 
48  12  -32 
-14  -48  54 
-28  54  8 
-30  -44  4 
-48  16  30 
-38  12  -44 
-48  26  10 

//Reference=MNI 
//nullstudy_80
//Subjects=21
-64  -12  22 
-20  -86  44 
-44  32  18 
-60  -36  -12 
-64  -40  34 
-30  -78  48 
-30  -14  -34 
-10  -56  -6 

//Reference=MNI 
//nullstudy_81
//Subjects=19
-36  -44  -14 
4  24  -18 
-46  -26  62 
4  46  -12 
14  52  14 
28  34  -22 
44  32  -8 
10  48  -20 

//Reference=MNI 
//nullstudy_82
//Subjects=19
-24  -60  32 
-26  -18  -22 
42  10  -14 
-6  -4  -30 
-34  -38  -8 
-12  -58  68 
-42  26  14 
-40  -82  -32 

//Reference=MNI 
//nullstudy_83
//Subjects=22
-6  -40  70 
-10  10  70 
-32  -20  -14 
10  38  56 
-22  0  -6 
52  18  30 
0  48  -4 
36  44  -10 

//Reference=MNI 
//nullstudy_84
//Subjects=19
-40  -62  -38 
-42  -42  -48 
38  46  12 
-28  18  10 
-28  -54  48 
-52  20  0 
-4  -90  -16 
-36  -40  48 

//Reference=MNI 
//nullstudy_85
//Subjects=20
-42  -54  2 
-52  4  -20 
-10  -16  72 
-28  -62  -64 
-48  -50  20 
-32  4  48 
-38  4  14 
-20  -56  -16 

//Reference=MNI 
//nullstudy_86
//Subjects=17
-22  -82  -24 
-20  -66  -34 
2  38  -6 
-16  8  -30 
-16  -70  -58 
-24  16  -34 
-8  -64  44 
-44  -76  -12 

//Reference=MNI 
//nullstudy_87
//Subjects=21
22  4  -14 
48  10  -42 
-48  -74  32 
-54  -74  6 
-42  -88  -12 
62  10  26 
-28  -72  18 
-16  -42  72 

//Reference=MNI 
//nullstudy_88
//Subjects=19
-56  -68  -18 
10  24  -4 
-4  -64  40 
-16  8  -18 
-24  -36  -36 
4  2  28 
-32  -52  8 
30  10  -42 

//Reference=MNI 
//nullstudy_89
//Subjects=21
-48  -26  -8 
52  16  -8 
-18  -6  24 
-14  14  18 
-14  62  30 
-42  -68  -48 
-12  56  -12 
-30  -4  64 

//Reference=MNI 
//nullstudy_90
//Subjects=19
-4  42  54 
-10  0  50 
-30  18  -2 
58  18  12 
-34  56  24 
58  20  6 
-2  56  0 
8  34  -14 

//Reference=MNI 
//nullstudy_91
//Subjects=20
-50  -22  36 
-32  24  -12 
-38  -22  4 
-10  8  68 
14  12  54 
-26  34  -22 
-20  -66  -34 
-12  -66  48 

//Reference=MNI 
//nullstudy_92
//Subjects=20
-54  -66  -8 
-38  -30  -26 
-6  -38  -40 
-8  -58  20 
-40  -54  -18 
-52  -44  -32 
-28  -24  58 
-10  40  -20 

//Reference=MNI 
//nullstudy_93
//Subjects=20
-22  -66  -38 
12  56  14 
-14  14  54 
-20  8  -36 
16  6  22 
-2  24  30 
-46  -58  40 
-6  70  6 

//Reference=MNI 
//nullstudy_94
//Subjects=20
-50  -68  -10 
-22  60  22 
40  4  22 
-18  -28  -20 
-40  0  8 
-18  -4  -6 
-40  -72  12 
-26  -66  30 

//Reference=MNI 
//nullstudy_95
//Subjects=19
-38  -46  -36 
-40  20  32 
-12  -34  60 
-44  18  0 
-42  -62  -32 
-18  -2  -26 
-56  -64  12 
-40  -68  52 

//Reference=MNI 
//nullstudy_96
//Subjects=20
-20  -32  6 
-56  -16  14 
-18  6  -28 
-52  -52  50 
-48  -62  52 
0  46  28 
-14  -70  6 
44  26  22 

//Reference=MNI 
//nullstudy_97
//Subjects=20
-12  -12  72 
-50  34  -2 
-2  -86  -10 
32  28  -12 
-52  -38  22 
-46  16  46 
-56  -6  -36 
-60  -50  4 

//Reference=MNI 
//nullstudy_98
//Subjects=20
-12  16  70 
-48  -10  32 
-4  -74  8 
-44  16  38 
-42  -50  58 
-24  -40  -50 
14  70  12 
-6  -70  48 

//Reference=MNI 
//nullstudy_99
//Subjects=19
36  58  8 
-36  -36  -12 
18  54  20 
46  26  4 
-4  -70  -4 
-10  -2  66 
-34  -26  -26 
48  22  8 

//Reference=MNI 
//nullstudy_100
//Subjects=21
-22  -102  -4 
-8  -104  -2 
44  46  8 
22  20  64 
-4  -4  74 
-48  -28  10 
-18  32  58 
-36  8  -36 

