//Reference=MNI 
//truestudy_1
//Subjects=10
44  -68  -6 
46  -66  -6 
45  -67  -6 
47  -66  -7 
47  -66  -5 
45  -65  -6 
46  -65  -6 
45  -66  -6 

//Reference=MNI 
//truestudy_2
//Subjects=11
47  -66  -6 
45  -66  -5 
46  -67  -6 
48  -67  -6 
46  -66  -7 
47  -65  -7 
46  -66  -6 
46  -67  -7 

//Reference=MNI 
//truestudy_3
//Subjects=11
46  -66  -6 
46  -66  -6 
45  -66  -6 
46  -67  -7 
47  -66  -6 
46  -66  -4 
47  -67  -7 
47  -68  -6 

//Reference=MNI 
//nullstudy_1
//Subjects=10
-44  -58  -18 
-48  16  8 
-26  -40  -48 
12  20  38 
16  6  62 
-30  -18  -22 
-46  26  -16 
-10  -64  -8 

//Reference=MNI 
//nullstudy_2
//Subjects=11
-32  6  58 
-14  -48  -24 
-18  -32  12 
-8  -58  66 
10  4  24 
-40  -28  62 
-40  52  -6 
-10  40  6 

//Reference=MNI 
//nullstudy_3
//Subjects=11
-8  -56  10 
-4  48  0 
-26  -60  -40 
60  6  16 
-6  20  24 
-2  -32  12 
-20  14  44 
-50  -66  42 

//Reference=MNI 
//nullstudy_4
//Subjects=10
-44  -18  42 
46  30  -2 
-28  0  -28 
-38  -32  16 
-48  -18  24 
-48  -32  0 
-34  -76  12 
26  10  48 

//Reference=MNI 
//nullstudy_5
//Subjects=10
-32  64  -6 
34  10  -6 
-28  4  -24 
-2  50  -16 
-42  -36  -32 
-30  64  8 
-12  -98  22 
-8  -30  70 

//Reference=MNI 
//nullstudy_6
//Subjects=11
-40  -52  50 
-28  -6  -50 
-4  8  -6 
-38  44  8 
-42  -84  -12 
-8  -60  -38 
-56  -38  8 
-2  62  -6 

//Reference=MNI 
//nullstudy_7
//Subjects=12
-38  34  -8 
-22  -72  -44 
38  32  8 
-48  -70  -12 
-14  58  -14 
-32  4  -18 
-64  -58  8 
-30  -18  42 

//Reference=MNI 
//nullstudy_8
//Subjects=10
-32  8  56 
-22  -32  -10 
0  46  52 
42  26  -22 
-8  -34  -34 
-28  10  -40 
-34  -34  20 
44  8  20 

//Reference=MNI 
//nullstudy_9
//Subjects=11
-14  -104  12 
-38  -16  44 
-24  -86  8 
-30  -22  70 
-30  -58  4 
-32  -56  2 
-56  24  12 
-32  16  -22 

//Reference=MNI 
//nullstudy_10
//Subjects=11
62  2  8 
-8  56  16 
-6  -86  2 
36  20  28 
-64  -8  20 
-26  50  18 
-16  -72  22 
-44  -2  16 

//Reference=MNI 
//nullstudy_11
//Subjects=11
-10  -88  4 
28  54  -20 
44  36  4 
-46  -64  -18 
24  4  -42 
-20  28  50 
-18  -8  64 
-16  62  -14 

//Reference=MNI 
//nullstudy_12
//Subjects=10
-12  -54  -42 
-14  -98  -16 
-8  -72  16 
-24  52  -8 
-32  -24  -28 
-10  10  66 
48  6  -26 
-20  -64  -40 

//Reference=MNI 
//nullstudy_13
//Subjects=10
-58  -64  -8 
-24  4  58 
-40  -48  -38 
-16  34  -18 
-38  30  22 
-6  36  -10 
-38  -10  62 
-46  -30  -8 

//Reference=MNI 
//nullstudy_14
//Subjects=9
-18  -16  56 
-54  -54  16 
-10  -48  70 
-40  -46  44 
-34  -74  -14 
26  22  -16 
36  30  8 
-66  -38  6 

//Reference=MNI 
//nullstudy_15
//Subjects=9
38  2  -26 
10  38  54 
-12  -50  -24 
-64  -52  14 
-22  -92  28 
-54  -56  -36 
16  62  24 
-10  -8  14 

//Reference=MNI 
//nullstudy_16
//Subjects=11
2  22  -18 
-16  -30  -2 
66  4  8 
-22  -82  -30 
-16  -44  -54 
-18  -102  10 
-40  12  54 
10  26  22 

//Reference=MNI 
//nullstudy_17
//Subjects=10
-54  0  42 
-26  44  26 
-52  16  30 
-26  -76  -40 
-20  -12  76 
42  22  50 
-20  44  28 
6  40  18 

//Reference=MNI 
//nullstudy_18
//Subjects=10
-30  -16  8 
-30  44  -14 
32  22  -14 
58  12  2 
4  48  48 
-58  2  -2 
-32  -22  44 
-20  0  52 

//Reference=MNI 
//nullstudy_19
//Subjects=9
38  22  12 
-22  -78  -38 
56  38  -4 
-38  -2  -10 
10  34  12 
26  30  44 
-8  -62  -34 
-6  14  10 

//Reference=MNI 
//nullstudy_20
//Subjects=9
56  20  -8 
12  58  34 
-32  -12  68 
42  6  42 
-28  56  4 
-44  12  56 
-6  -8  -32 
48  22  44 

//Reference=MNI 
//nullstudy_21
//Subjects=11
24  22  60 
-56  0  44 
-16  -92  34 
-40  -16  22 
52  22  22 
-18  -74  -48 
-28  -70  -24 
-34  -54  36 

//Reference=MNI 
//nullstudy_22
//Subjects=10
-44  -60  -36 
-18  -86  -44 
-8  -70  18 
-60  2  18 
-62  -6  14 
-32  -76  -16 
44  48  -16 
-58  -32  2 

//Reference=MNI 
//nullstudy_23
//Subjects=10
-2  -14  -12 
22  46  48 
6  50  -30 
-24  44  -20 
-18  14  56 
-30  -42  -6 
-38  -44  -30 
-46  -28  42 

//Reference=MNI 
//nullstudy_24
//Subjects=9
-50  -6  -38 
-58  -12  38 
-40  -28  -32 
18  36  34 
-20  -6  48 
-18  -86  10 
-26  -8  6 
-26  -64  42 

//Reference=MNI 
//nullstudy_25
//Subjects=10
-46  -44  14 
46  6  48 
22  44  36 
-50  -62  26 
8  6  32 
10  2  -14 
-2  -86  8 
-6  -50  -66 

//Reference=MNI 
//nullstudy_26
//Subjects=9
-58  -38  16 
42  32  24 
-4  40  40 
62  12  8 
-38  18  -16 
-42  -70  -50 
-28  14  12 
2  20  36 

//Reference=MNI 
//nullstudy_27
//Subjects=11
-60  -6  16 
-28  12  -34 
-30  46  26 
-14  -60  14 
-22  -74  -32 
-6  -58  -46 
-36  32  24 
-6  -98  -2 

//Reference=MNI 
//nullstudy_28
//Subjects=8
48  16  -28 
-8  -52  34 
-16  34  50 
52  28  2 
-56  -22  -30 
44  8  38 
-4  56  26 
-16  -4  26 

//Reference=MNI 
//nullstudy_29
//Subjects=8
-46  -16  -6 
-28  -82  24 
18  12  -18 
-26  18  -4 
18  22  62 
2  28  32 
-28  -54  -6 
-36  -6  12 

//Reference=MNI 
//nullstudy_30
//Subjects=12
16  4  -36 
52  34  22 
48  12  -16 
52  38  22 
-24  -56  -22 
20  32  54 
28  16  -30 
-40  -18  -22 

//Reference=MNI 
//nullstudy_31
//Subjects=11
-18  -14  -18 
-44  26  26 
-62  -30  34 
-8  -74  -54 
-2  8  64 
40  8  50 
-44  -56  -42 
-36  40  -22 

//Reference=MNI 
//nullstudy_32
//Subjects=11
-18  -82  -22 
32  32  4 
46  10  52 
-62  -36  46 
18  68  4 
-26  -74  -22 
-2  -32  -14 
-50  -46  40 

//Reference=MNI 
//nullstudy_33
//Subjects=9
38  10  -48 
54  12  14 
4  26  -16 
-40  12  -20 
-46  -20  22 
36  54  4 
4  62  4 
-44  -42  -48 

//Reference=MNI 
//nullstudy_34
//Subjects=9
2  34  24 
-14  44  -10 
8  52  -28 
6  14  -22 
-40  -54  60 
-50  26  30 
-26  -2  50 
56  8  -36 

//Reference=MNI 
//nullstudy_35
//Subjects=10
-16  -18  4 
-30  -72  48 
-4  -70  -52 
-50  -2  -46 
-8  -44  -30 
-4  -10  20 
18  26  4 
-4  -30  10 

//Reference=MNI 
//nullstudy_36
//Subjects=10
-44  -72  38 
12  4  18 
-62  -56  -20 
-60  -38  42 
-6  30  46 
-44  12  -12 
-4  20  0 
-12  -6  48 

//Reference=MNI 
//nullstudy_37
//Subjects=10
-4  -44  -12 
-6  -8  2 
-26  -12  -38 
32  16  -30 
-32  14  -28 
-48  36  0 
-2  -52  -66 
-14  -50  32 

//Reference=MNI 
//nullstudy_38
//Subjects=10
-22  56  20 
-8  -70  -16 
8  38  0 
-50  8  40 
28  58  2 
-32  -48  56 
-22  -20  72 
-20  -10  -20 

//Reference=MNI 
//nullstudy_39
//Subjects=12
-36  -20  46 
28  62  -4 
-6  -10  38 
-36  -36  58 
54  8  -4 
-56  -52  -38 
-26  -46  64 
4  50  -26 

//Reference=MNI 
//nullstudy_40
//Subjects=11
-6  -38  72 
-52  40  8 
-18  -94  -26 
16  16  -24 
-46  44  22 
44  6  48 
52  12  38 
-4  -68  -22 

//Reference=MNI 
//nullstudy_41
//Subjects=10
40  32  -6 
-52  -2  22 
-48  -10  -40 
-8  48  -4 
-22  -70  -14 
-40  36  20 
2  42  -6 
18  64  -4 

//Reference=MNI 
//nullstudy_42
//Subjects=10
-10  34  30 
-24  -68  6 
-56  -2  -18 
-22  30  56 
52  2  16 
26  54  -20 
-8  -82  40 
-40  -40  52 

//Reference=MNI 
//nullstudy_43
//Subjects=9
-16  -16  60 
36  40  12 
-38  -54  -12 
-10  -22  52 
-26  14  -18 
46  36  -20 
-4  0  -28 
-50  -20  22 

//Reference=MNI 
//nullstudy_44
//Subjects=10
-62  -8  -18 
6  20  66 
-22  -32  0 
-4  68  -12 
-10  -66  -12 
-34  -94  -16 
-16  -66  24 
-24  -84  40 

//Reference=MNI 
//nullstudy_45
//Subjects=11
30  18  -34 
40  2  40 
12  44  8 
26  4  -2 
-44  -78  -38 
-28  -82  -42 
-14  -34  -46 
-8  -32  -42 

//Reference=MNI 
//nullstudy_46
//Subjects=10
-40  -88  -2 
30  12  32 
-56  -14  14 
-14  -18  10 
-50  -8  16 
-28  -46  -16 
-16  -82  -36 
-54  -12  42 

//Reference=MNI 
//nullstudy_47
//Subjects=10
-14  8  -20 
-36  -44  -40 
-20  24  60 
-16  -52  -22 
-34  -6  62 
-30  60  20 
-12  -86  16 
34  4  10 

//Reference=MNI 
//nullstudy_48
//Subjects=10
-28  38  18 
-44  4  -32 
-26  22  12 
-2  -22  -32 
-40  20  -28 
-50  14  36 
-52  -72  -28 
26  14  4 

//Reference=MNI 
//nullstudy_49
//Subjects=10
-4  -64  62 
-46  -44  10 
-16  -60  58 
26  36  46 
14  16  32 
-30  28  40 
4  38  -10 
28  50  16 

//Reference=MNI 
//nullstudy_50
//Subjects=10
-2  -4  -12 
-6  22  -16 
-18  -100  20 
-58  6  22 
-44  -60  22 
-50  18  44 
28  10  -44 
0  66  -10 

//Reference=MNI 
//nullstudy_51
//Subjects=10
-16  -80  -8 
6  30  -10 
-50  -4  -34 
12  36  -8 
-8  52  8 
-6  -42  48 
-14  -24  28 
-34  -74  0 

//Reference=MNI 
//nullstudy_52
//Subjects=11
-60  -46  34 
-30  16  -16 
-58  -30  32 
28  56  8 
-10  4  74 
22  10  -8 
-44  -40  14 
-54  -8  46 

//Reference=MNI 
//nullstudy_53
//Subjects=10
-46  -36  38 
8  48  36 
-32  24  -16 
-68  -38  -10 
-30  18  40 
-34  -64  22 
-64  -2  4 
-46  -86  -12 

//Reference=MNI 
//nullstudy_54
//Subjects=8
-22  58  -8 
-34  -2  -34 
-32  -50  44 
-6  -36  -30 
-20  -74  -30 
-6  -28  18 
-44  0  12 
28  62  -16 

//Reference=MNI 
//nullstudy_55
//Subjects=9
-40  -14  -38 
12  4  -38 
-48  -60  14 
-6  -94  30 
-10  -40  -46 
-34  42  -12 
-38  -16  62 
-58  -58  30 

//Reference=MNI 
//nullstudy_56
//Subjects=8
-26  8  62 
-18  40  50 
-42  -36  2 
-58  -54  -16 
-26  2  -14 
-38  30  6 
36  32  22 
56  20  12 

//Reference=MNI 
//nullstudy_57
//Subjects=11
-18  -92  20 
38  4  -4 
-22  -36  62 
-54  -28  26 
-48  -32  -22 
-28  30  44 
26  10  62 
-26  -66  -18 

//Reference=MNI 
//nullstudy_58
//Subjects=10
-52  10  22 
-28  -78  -16 
-24  -88  -4 
-38  22  -18 
0  2  50 
-28  0  -16 
44  34  32 
-2  66  22 

//Reference=MNI 
//nullstudy_59
//Subjects=11
14  26  -14 
-42  -14  -32 
-44  34  0 
-60  -62  -14 
4  60  28 
-58  -36  38 
-48  32  30 
8  34  10 

//Reference=MNI 
//nullstudy_60
//Subjects=9
-24  -64  38 
-46  32  -8 
-22  -12  -8 
-58  -44  -6 
-40  -78  -4 
30  16  -2 
-38  -44  -52 
24  6  -50 

//Reference=MNI 
//nullstudy_61
//Subjects=8
42  42  24 
-26  -6  -18 
-42  2  24 
36  10  -14 
-24  -48  2 
-12  -92  30 
40  8  6 
14  44  16 

//Reference=MNI 
//nullstudy_62
//Subjects=11
-2  -8  36 
52  20  22 
36  24  -38 
56  18  26 
-2  -74  -24 
-24  -36  74 
-56  6  -2 
0  2  2 

//Reference=MNI 
//nullstudy_63
//Subjects=10
30  4  -28 
26  24  -16 
-14  -70  26 
-36  30  4 
32  44  42 
-26  6  -22 
-54  -56  -46 
34  6  50 

//Reference=MNI 
//nullstudy_64
//Subjects=10
-28  -82  24 
0  6  48 
38  10  34 
-34  -12  18 
-14  10  58 
-18  8  64 
-8  -60  -16 
-32  38  22 

//Reference=MNI 
//nullstudy_65
//Subjects=9
32  26  48 
-30  28  -2 
-2  -50  56 
-30  4  -22 
-16  -68  -22 
14  58  22 
-16  -20  0 
44  18  6 

//Reference=MNI 
//nullstudy_66
//Subjects=10
-26  50  24 
30  10  14 
8  6  44 
-48  -40  22 
66  4  22 
-42  -50  46 
-20  -20  -28 
-46  -48  -50 

//Reference=MNI 
//nullstudy_67
//Subjects=12
-36  2  -40 
48  2  6 
0  18  -20 
64  10  20 
-2  -96  -6 
-20  -48  56 
26  60  4 
36  8  44 

//Reference=MNI 
//nullstudy_68
//Subjects=10
-14  2  16 
8  48  42 
-38  -76  -12 
-30  -28  -10 
-14  54  22 
-24  -46  -4 
-18  10  -18 
-40  -22  -6 

//Reference=MNI 
//nullstudy_69
//Subjects=10
-48  -28  42 
-22  -80  8 
54  38  14 
-8  -38  -20 
-42  -2  44 
-18  -30  -4 
-6  28  -12 
4  16  54 

//Reference=MNI 
//nullstudy_70
//Subjects=10
-18  -50  56 
-10  14  2 
-20  14  44 
-18  -22  -36 
20  14  -10 
-36  -78  30 
30  48  -20 
-34  58  12 

//Reference=MNI 
//nullstudy_71
//Subjects=9
-24  60  -16 
20  46  -12 
-34  48  28 
-32  34  18 
-34  46  32 
-36  50  6 
-6  -6  44 
-32  -32  -18 

//Reference=MNI 
//nullstudy_72
//Subjects=10
-14  -18  -2 
-36  -26  16 
-62  -10  4 
-42  22  28 
-60  -38  -2 
-40  24  -16 
12  66  -10 
-46  -70  -42 

//Reference=MNI 
//nullstudy_73
//Subjects=10
42  14  44 
-12  -82  8 
-6  -30  40 
-2  -18  -44 
-34  -86  4 
0  48  -2 
-2  -38  58 
50  12  4 

//Reference=MNI 
//nullstudy_74
//Subjects=10
46  30  38 
-54  -24  8 
26  16  -36 
-12  -38  62 
-8  -22  20 
-52  -74  -16 
-44  38  10 
-26  -82  -16 

//Reference=MNI 
//nullstudy_75
//Subjects=9
8  30  62 
10  44  -4 
-28  26  -26 
28  20  0 
-10  52  -10 
-2  -40  20 
-46  -48  56 
-38  -90  -6 

//Reference=MNI 
//nullstudy_76
//Subjects=9
-28  -34  68 
-44  -52  -4 
-2  16  34 
-8  38  -28 
-26  24  -10 
-44  -36  44 
-8  16  52 
20  34  -24 

//Reference=MNI 
//nullstudy_77
//Subjects=9
-22  -12  -36 
6  38  4 
-16  34  -16 
-38  12  56 
-4  -80  18 
-28  -4  10 
52  40  2 
-40  -22  56 

//Reference=MNI 
//nullstudy_78
//Subjects=11
-52  -8  34 
-48  -58  46 
-24  36  -14 
-28  -48  -52 
-46  -86  10 
-54  -48  54 
-4  -60  -10 
-10  -14  2 

//Reference=MNI 
//nullstudy_79
//Subjects=10
-16  -10  -28 
-24  -20  60 
-44  18  20 
-36  -36  56 
-20  36  56 
-50  12  26 
-12  -66  48 
-36  -24  -26 

//Reference=MNI 
//nullstudy_80
//Subjects=9
-10  2  -12 
-32  -18  -14 
-22  -42  -28 
-8  8  18 
-4  -40  76 
-26  -58  66 
66  6  22 
-8  -62  22 

//Reference=MNI 
//nullstudy_81
//Subjects=8
-2  30  32 
-54  -26  34 
-56  -48  12 
-20  -62  -6 
-38  0  -44 
20  18  -10 
-50  -24  40 
-4  44  -6 

//Reference=MNI 
//nullstudy_82
//Subjects=10
-54  -64  16 
-26  -50  10 
-30  -34  54 
-4  -42  -58 
-24  -30  70 
-46  16  -2 
-34  -76  -24 
-40  -76  0 

//Reference=MNI 
//nullstudy_83
//Subjects=10
-58  -54  26 
-20  -62  66 
-48  12  8 
-8  14  56 
-44  46  16 
-38  -54  -38 
-42  -52  42 
-12  4  60 

//Reference=MNI 
//nullstudy_84
//Subjects=12
-16  -20  -6 
-34  -2  52 
-48  -56  -14 
-4  -58  -44 
-38  -8  56 
14  44  4 
-10  -72  -20 
20  34  54 

//Reference=MNI 
//nullstudy_85
//Subjects=11
-42  -56  -34 
-14  -70  12 
-8  -44  -8 
36  28  16 
-22  -74  -26 
-16  16  58 
40  42  12 
-16  -102  -6 

//Reference=MNI 
//nullstudy_86
//Subjects=11
-42  2  30 
-32  -48  40 
54  6  -16 
-42  -66  14 
-36  -6  2 
-54  -46  14 
44  42  26 
-12  -26  -40 

//Reference=MNI 
//nullstudy_87
//Subjects=11
8  60  38 
40  26  6 
-8  -16  -28 
-12  4  58 
-6  36  36 
-6  -92  -26 
-28  -22  54 
-2  50  46 

//Reference=MNI 
//nullstudy_88
//Subjects=10
-46  24  -14 
-54  -64  -4 
-42  -10  48 
22  16  -18 
0  32  6 
-30  -52  -12 
-36  -24  40 
-24  12  68 

//Reference=MNI 
//nullstudy_89
//Subjects=10
-32  -16  10 
20  8  18 
14  6  60 
-56  24  28 
-18  8  -40 
-48  46  14 
-44  24  20 
-34  -12  68 

//Reference=MNI 
//nullstudy_90
//Subjects=11
2  50  10 
-4  -44  20 
60  16  16 
-58  -14  -16 
-34  14  -10 
-56  -14  38 
-46  36  10 
16  50  -4 

//Reference=MNI 
//nullstudy_91
//Subjects=9
-36  -74  48 
-24  24  54 
-16  -78  -54 
20  12  -10 
-30  -12  62 
-8  14  -12 
-16  16  -2 
24  10  64 

//Reference=MNI 
//nullstudy_92
//Subjects=11
-24  -38  -24 
-16  -44  -24 
-22  -100  2 
-18  -62  20 
-28  -40  -54 
-50  -40  -18 
-4  18  -24 
-6  -98  6 

//Reference=MNI 
//nullstudy_93
//Subjects=10
-30  -84  40 
-44  18  -38 
-36  -44  -4 
-54  -2  40 
28  38  42 
26  26  -2 
48  36  34 
-52  -30  58 

//Reference=MNI 
//nullstudy_94
//Subjects=10
42  56  -12 
-32  52  2 
-20  38  50 
-18  30  46 
-20  -104  -8 
-42  -24  58 
18  52  -20 
14  24  30 

//Reference=MNI 
//nullstudy_95
//Subjects=10
-54  -68  -20 
14  50  28 
-6  -74  32 
-12  -94  -28 
54  26  -2 
-48  -66  46 
-44  -12  40 
50  30  -2 

//Reference=MNI 
//nullstudy_96
//Subjects=9
10  52  -22 
18  42  40 
-58  -12  0 
-14  26  0 
-38  -68  -42 
12  42  0 
28  10  -24 
-16  26  56 

//Reference=MNI 
//nullstudy_97
//Subjects=9
12  16  -14 
-4  -90  18 
16  68  16 
-40  -10  32 
28  64  -14 
-30  -86  6 
12  18  -28 
26  4  -40 

//Reference=MNI 
//nullstudy_98
//Subjects=9
-46  12  -36 
-60  -66  12 
-34  -48  -42 
36  36  30 
-32  -82  26 
10  12  -14 
-8  -72  -6 
-60  -12  4 

//Reference=MNI 
//nullstudy_99
//Subjects=9
-4  -64  -4 
-34  -76  42 
48  14  -22 
-42  -38  38 
-36  6  -34 
-16  42  44 
-56  -58  -18 
-24  -32  -6 

//Reference=MNI 
//nullstudy_100
//Subjects=13
34  54  24 
-32  4  -12 
-32  -26  16 
-2  -40  20 
-36  28  48 
-18  -2  -18 
-36  -38  36 
16  22  -8 

