//Reference=MNI 
//truestudy_1
//Subjects=20
47  -67  -7 
46  -62  -7 
46  -66  -8 
45  -67  -6 
47  -65  -6 
46  -67  -5 
47  -67  -6 
47  -66  -6 

//Reference=MNI 
//truestudy_2
//Subjects=21
46  -65  -7 
45  -66  -6 
46  -65  -5 
45  -66  -6 
48  -65  -6 
45  -65  -5 
47  -65  -6 
46  -66  -6 

//Reference=MNI 
//truestudy_3
//Subjects=22
48  -64  -6 
45  -67  -7 
47  -65  -4 
45  -65  -4 
46  -66  -6 
44  -66  -5 
47  -69  -6 
47  -67  -6 

//Reference=MNI 
//nullstudy_1
//Subjects=20
-22  -56  36 
-60  -22  -16 
62  14  14 
-36  4  -34 
34  20  50 
-18  4  16 
-34  -36  54 
-26  -68  50 

//Reference=MNI 
//nullstudy_2
//Subjects=21
-42  -10  2 
-30  -30  -22 
-28  38  48 
38  14  -24 
-4  44  42 
-6  -66  -22 
36  6  48 
-50  -32  32 

//Reference=MNI 
//nullstudy_3
//Subjects=22
-38  -36  68 
6  34  -10 
-14  6  74 
-18  -58  -60 
36  54  -6 
-28  -74  -54 
-46  -16  40 
48  28  26 

//Reference=MNI 
//nullstudy_4
//Subjects=22
-20  6  -32 
-44  -46  -14 
4  62  28 
-2  -58  -42 
-8  36  4 
-22  -84  24 
-34  -52  56 
-30  -60  -42 

//Reference=MNI 
//nullstudy_5
//Subjects=18
-30  42  30 
-20  -22  74 
12  22  -20 
36  24  14 
-32  -64  24 
-36  56  6 
-2  -42  -50 
8  34  -8 

//Reference=MNI 
//nullstudy_6
//Subjects=19
-26  -32  -24 
-26  -76  28 
-26  46  14 
-50  6  -20 
-42  -78  -20 
-28  52  -6 
-40  -18  -30 
-62  -30  30 

//Reference=MNI 
//nullstudy_7
//Subjects=18
14  28  58 
-40  14  56 
8  36  30 
-18  -40  58 
46  6  -36 
-12  -34  -42 
-24  44  48 
-6  22  46 

//Reference=MNI 
//nullstudy_8
//Subjects=21
-30  -16  2 
-32  46  12 
-60  -26  12 
6  12  48 
-30  -20  6 
-24  48  28 
18  42  28 
-10  68  -6 

//Reference=MNI 
//nullstudy_9
//Subjects=21
-54  -8  -16 
30  60  16 
-42  -50  38 
-30  44  38 
22  6  -24 
-22  -50  -56 
-4  -56  8 
-46  -54  16 

//Reference=MNI 
//nullstudy_10
//Subjects=23
-28  28  -26 
-2  -34  -14 
-52  14  -4 
-32  -8  42 
32  32  -10 
-34  -44  0 
-14  -68  12 
-48  -24  44 

//Reference=MNI 
//nullstudy_11
//Subjects=20
-12  -36  -24 
16  60  36 
44  8  16 
-20  -56  12 
-42  -20  -2 
-24  -94  -18 
-20  -50  -12 
-8  44  -24 

//Reference=MNI 
//nullstudy_12
//Subjects=20
28  48  22 
-6  20  58 
-50  -58  34 
-46  2  -2 
-52  12  34 
-18  -66  -10 
-26  -72  26 
-16  -4  64 

//Reference=MNI 
//nullstudy_13
//Subjects=21
-16  4  -38 
-46  10  -34 
-6  2  -30 
-40  18  30 
-58  -26  46 
-28  -80  -20 
14  2  48 
-46  34  32 

//Reference=MNI 
//nullstudy_14
//Subjects=20
-4  -46  26 
-32  -16  20 
-42  -46  -44 
-18  -46  -24 
-46  6  -4 
-36  -54  52 
-6  48  -16 
-16  60  -10 

//Reference=MNI 
//nullstudy_15
//Subjects=22
-52  18  -8 
-36  -56  -44 
52  10  -14 
-44  -74  26 
-8  6  -10 
-58  -50  -26 
-20  -36  -48 
-2  -38  -34 

//Reference=MNI 
//nullstudy_16
//Subjects=20
-10  -60  -14 
0  22  40 
18  56  24 
-16  34  48 
-10  -32  48 
8  8  -20 
-2  -62  -4 
4  62  10 

//Reference=MNI 
//nullstudy_17
//Subjects=19
28  12  -40 
-36  -70  -2 
-2  -68  -42 
8  2  36 
-34  -74  -26 
42  10  22 
-58  -34  -8 
50  14  38 

//Reference=MNI 
//nullstudy_18
//Subjects=20
46  24  -32 
-22  -96  -10 
-50  4  16 
-34  -4  48 
-30  -74  -56 
-16  -74  56 
-8  28  56 
-64  -50  -2 

//Reference=MNI 
//nullstudy_19
//Subjects=21
-2  48  48 
56  14  -8 
4  2  30 
-10  -56  60 
28  44  10 
-26  -76  4 
-2  0  -20 
-34  30  16 

//Reference=MNI 
//nullstudy_20
//Subjects=20
34  2  -24 
38  16  38 
-38  -32  66 
40  28  -16 
34  62  -10 
-16  24  8 
40  46  -6 
4  30  -16 

//Reference=MNI 
//nullstudy_21
//Subjects=19
34  20  14 
32  20  -8 
-12  34  46 
-60  18  18 
-28  -84  10 
-50  -70  20 
-24  -56  12 
30  12  8 

//Reference=MNI 
//nullstudy_22
//Subjects=21
-64  -54  6 
-46  -36  48 
-8  -2  -8 
54  18  10 
-26  20  64 
-32  -88  -16 
-56  -50  -30 
-18  28  -20 

//Reference=MNI 
//nullstudy_23
//Subjects=19
-30  16  16 
26  26  42 
-26  -36  6 
6  28  56 
-58  -2  -8 
-18  14  10 
-30  -58  -50 
-56  -30  34 

//Reference=MNI 
//nullstudy_24
//Subjects=19
-50  -4  22 
6  6  72 
-4  -74  36 
-6  -82  28 
-4  -104  -2 
-38  -40  -48 
-14  18  60 
0  30  52 

//Reference=MNI 
//nullstudy_25
//Subjects=19
10  22  -20 
-54  -12  -36 
-50  -58  6 
30  20  -22 
56  6  -10 
-26  -96  8 
-8  -22  46 
-28  -10  -44 

//Reference=MNI 
//nullstudy_26
//Subjects=21
-32  -32  70 
-36  6  40 
-20  6  52 
-18  -10  -38 
-40  38  22 
-52  18  -22 
-44  38  -4 
42  32  -2 

//Reference=MNI 
//nullstudy_27
//Subjects=20
-42  54  6 
-42  -64  10 
-42  44  -8 
48  32  10 
28  54  -4 
-24  -38  50 
-28  -52  -26 
-10  -44  -2 

//Reference=MNI 
//nullstudy_28
//Subjects=20
50  2  26 
30  20  -26 
-48  -76  22 
40  24  22 
-54  0  32 
-40  -42  -48 
-50  -56  50 
-46  -24  -26 

//Reference=MNI 
//nullstudy_29
//Subjects=18
-38  -68  -40 
48  40  0 
-48  -24  -30 
-16  -4  -14 
-18  -68  34 
40  8  -28 
6  4  -22 
-34  -22  -22 

//Reference=MNI 
//nullstudy_30
//Subjects=18
-2  52  4 
-62  -12  -26 
-20  -28  66 
-54  -62  -32 
-18  -64  26 
-26  -42  -46 
-44  -48  -8 
44  6  -44 

//Reference=MNI 
//nullstudy_31
//Subjects=22
-8  -88  -6 
-58  -20  -16 
56  6  8 
-30  -50  52 
-34  -14  -36 
26  24  -22 
-16  -70  36 
-8  -58  -54 

//Reference=MNI 
//nullstudy_32
//Subjects=21
4  50  14 
-18  -48  -48 
10  50  6 
-12  10  -18 
48  2  36 
42  32  36 
-44  -38  -14 
36  2  -40 

//Reference=MNI 
//nullstudy_33
//Subjects=20
-68  -32  -18 
-42  36  -18 
16  18  -6 
-22  40  34 
-8  -48  6 
48  22  6 
-26  8  4 
-46  -72  -40 

//Reference=MNI 
//nullstudy_34
//Subjects=20
-54  12  -16 
-30  -30  -28 
-40  -34  36 
-22  -20  -32 
52  6  38 
-42  -4  -20 
-6  32  38 
30  40  34 

//Reference=MNI 
//nullstudy_35
//Subjects=19
44  16  52 
42  44  -12 
-4  -40  42 
-14  28  -22 
-6  2  -18 
-62  -22  -34 
-44  -60  -34 
12  4  42 

//Reference=MNI 
//nullstudy_36
//Subjects=21
-10  -34  -28 
46  6  38 
-24  -38  -38 
14  52  30 
-6  -42  -64 
10  4  -36 
-42  -60  -56 
-58  -56  2 

//Reference=MNI 
//nullstudy_37
//Subjects=20
60  14  10 
-44  4  -30 
-36  -66  -40 
-10  -86  36 
-24  -48  -50 
34  28  50 
10  56  -14 
-24  -50  -50 

//Reference=MNI 
//nullstudy_38
//Subjects=20
-48  4  -10 
14  62  -18 
-38  54  -12 
-48  -14  6 
-8  -64  8 
-64  -58  0 
-56  -6  32 
-40  40  -18 

//Reference=MNI 
//nullstudy_39
//Subjects=19
-28  -22  74 
-58  -10  -28 
-8  -48  -18 
-8  -20  4 
-26  38  16 
4  42  48 
2  32  54 
-8  20  -20 

//Reference=MNI 
//nullstudy_40
//Subjects=22
-56  -18  34 
22  4  -36 
24  26  -24 
-12  -90  -12 
28  24  -26 
-52  -26  -6 
-32  0  62 
-22  -64  -52 

//Reference=MNI 
//nullstudy_41
//Subjects=20
44  14  32 
34  44  10 
24  2  48 
32  10  -46 
-10  -28  62 
-8  -92  24 
36  42  12 
-18  -76  48 

//Reference=MNI 
//nullstudy_42
//Subjects=20
-4  -48  0 
-16  -58  -44 
24  34  54 
-2  -60  22 
-62  0  12 
54  8  -14 
-56  12  -18 
-10  -66  34 

//Reference=MNI 
//nullstudy_43
//Subjects=20
-12  -34  80 
22  12  -36 
-32  -86  -2 
12  24  4 
60  26  20 
-10  12  54 
-10  -78  -14 
12  30  -20 

//Reference=MNI 
//nullstudy_44
//Subjects=20
-26  -46  -14 
28  8  42 
-4  -76  16 
-16  -84  14 
0  52  6 
-8  -44  78 
-30  -56  -22 
-12  -58  22 

//Reference=MNI 
//nullstudy_45
//Subjects=20
62  4  8 
-36  18  -6 
-12  24  30 
-64  -4  28 
-6  -54  -10 
-66  -50  14 
-48  4  40 
-52  -30  58 

//Reference=MNI 
//nullstudy_46
//Subjects=19
2  36  -12 
-40  -4  48 
-12  -40  -54 
-50  -74  12 
-2  -14  58 
10  26  32 
-20  22  62 
44  12  58 

//Reference=MNI 
//nullstudy_47
//Subjects=19
26  48  6 
-32  14  6 
-28  -96  -14 
-58  -26  20 
-52  -8  -6 
18  44  52 
-44  16  -30 
4  12  2 

//Reference=MNI 
//nullstudy_48
//Subjects=21
-8  4  50 
-14  12  72 
30  30  38 
-68  -16  -16 
-26  24  -20 
-32  18  -20 
-34  -48  -50 
-42  -60  46 

//Reference=MNI 
//nullstudy_49
//Subjects=19
-22  -6  58 
-24  -58  -28 
-4  62  24 
-44  0  22 
-60  -2  20 
-34  -68  34 
-14  -48  -38 
-10  -52  58 

//Reference=MNI 
//nullstudy_50
//Subjects=22
-4  -20  42 
42  20  -26 
8  32  42 
-10  -90  -6 
14  22  36 
-14  44  36 
-16  -70  -56 
-6  42  -28 

//Reference=MNI 
//nullstudy_51
//Subjects=21
-12  -32  64 
-36  -66  -30 
-18  -92  -4 
-48  -14  28 
-36  -10  62 
22  12  -36 
-2  62  24 
-42  -50  14 

//Reference=MNI 
//nullstudy_52
//Subjects=21
-20  -62  -56 
-46  -48  -10 
4  68  14 
14  8  -26 
-42  -68  -54 
-44  -28  52 
-30  -30  16 
-34  -42  -24 

//Reference=MNI 
//nullstudy_53
//Subjects=20
-30  6  54 
-30  -6  -46 
-36  -6  -46 
44  56  -10 
-34  -26  18 
-30  60  18 
-20  -92  -20 
-46  -82  24 

//Reference=MNI 
//nullstudy_54
//Subjects=21
46  28  18 
-10  -84  22 
-18  6  -2 
0  62  -6 
-44  -64  -52 
2  4  -30 
-8  -52  -40 
-56  -4  -38 

//Reference=MNI 
//nullstudy_55
//Subjects=21
-50  -48  -22 
-2  -58  6 
-48  -24  -2 
0  66  20 
8  14  12 
-32  -80  2 
-4  58  30 
-32  -42  -6 

//Reference=MNI 
//nullstudy_56
//Subjects=18
30  26  -30 
-54  38  -2 
-26  4  68 
-48  -72  -40 
-42  18  -26 
-36  46  32 
-14  30  48 
24  16  -12 

//Reference=MNI 
//nullstudy_57
//Subjects=21
8  18  -10 
28  46  -14 
-44  4  26 
2  10  4 
-36  14  58 
6  30  36 
-8  32  28 
2  10  64 

//Reference=MNI 
//nullstudy_58
//Subjects=21
20  66  18 
42  10  -4 
-16  -84  32 
-28  -56  -6 
-28  44  28 
36  38  18 
38  8  6 
-8  12  44 

//Reference=MNI 
//nullstudy_59
//Subjects=21
-38  -74  -36 
16  60  -20 
-52  -68  -6 
-34  16  -24 
-32  -20  -12 
-8  -90  -28 
-28  -62  -16 
-48  -66  48 

//Reference=MNI 
//nullstudy_60
//Subjects=20
-32  -22  -12 
-14  -54  10 
-22  20  44 
-20  -22  66 
-18  -20  64 
-32  8  -14 
-8  -2  -30 
-16  -38  36 

//Reference=MNI 
//nullstudy_61
//Subjects=18
44  46  28 
-32  -56  -6 
-34  -70  10 
-58  -16  -8 
-56  -70  16 
-42  -16  -36 
-58  -56  24 
8  18  40 

//Reference=MNI 
//nullstudy_62
//Subjects=20
42  16  56 
22  58  14 
-34  -84  30 
-28  0  -26 
2  8  38 
30  2  -40 
-16  -52  12 
-32  -56  54 

//Reference=MNI 
//nullstudy_63
//Subjects=18
-10  -24  18 
-34  -20  46 
-28  32  -2 
0  26  36 
-54  -68  -22 
-36  4  -10 
-50  -54  36 
-14  64  -8 

//Reference=MNI 
//nullstudy_64
//Subjects=20
-26  -18  62 
-4  14  48 
0  18  34 
-6  60  16 
-44  -50  -26 
20  6  64 
-58  18  28 
-14  26  -22 

//Reference=MNI 
//nullstudy_65
//Subjects=20
2  44  30 
-24  64  -4 
58  12  -2 
-28  -42  36 
14  4  -36 
-20  -8  -18 
38  52  6 
-6  -8  52 

//Reference=MNI 
//nullstudy_66
//Subjects=19
-28  -54  68 
-6  54  12 
-22  28  -24 
4  24  26 
-22  -36  58 
6  60  -20 
-10  -100  6 
38  58  6 

//Reference=MNI 
//nullstudy_67
//Subjects=21
-2  60  -2 
-64  -14  6 
-8  -88  -32 
2  62  -10 
-16  -6  -14 
-16  52  -22 
-20  48  -14 
-8  20  10 

//Reference=MNI 
//nullstudy_68
//Subjects=19
-36  -12  64 
34  50  26 
-40  -50  54 
-52  -12  44 
-46  -14  2 
-32  34  2 
-56  -50  28 
-10  0  12 

//Reference=MNI 
//nullstudy_69
//Subjects=21
-28  -62  48 
-24  48  28 
-24  -80  4 
40  28  6 
-62  6  12 
-40  -86  -14 
-50  -42  -32 
10  20  40 

//Reference=MNI 
//nullstudy_70
//Subjects=22
-12  -42  -56 
-2  -82  20 
-42  -86  -10 
-64  -10  26 
-34  54  -10 
-56  4  2 
8  6  10 
-24  48  -8 

//Reference=MNI 
//nullstudy_71
//Subjects=20
-44  0  -8 
-10  -42  50 
-22  -76  -30 
-10  -28  40 
26  6  -18 
42  44  14 
0  18  68 
-6  -98  0 

//Reference=MNI 
//nullstudy_72
//Subjects=20
-36  -74  -18 
-24  48  22 
-42  18  -28 
-8  42  54 
-8  24  -30 
-16  -20  -32 
38  14  -28 
-20  -36  6 

//Reference=MNI 
//nullstudy_73
//Subjects=22
-50  -16  48 
-12  -82  -42 
-24  30  -18 
-28  -8  -38 
-22  8  -10 
42  26  6 
-8  -68  62 
-10  -22  12 

//Reference=MNI 
//nullstudy_74
//Subjects=21
-14  44  -24 
6  2  76 
-54  -50  40 
6  26  -20 
-26  -16  60 
-42  20  36 
-42  -2  -22 
-48  -34  62 

//Reference=MNI 
//nullstudy_75
//Subjects=21
42  22  -24 
-10  26  42 
28  4  -26 
12  40  -22 
42  12  60 
18  26  54 
12  6  14 
16  16  -8 

//Reference=MNI 
//nullstudy_76
//Subjects=22
-32  -38  -28 
2  22  -16 
-44  50  -6 
-26  -84  34 
-38  58  16 
0  38  -14 
-8  -50  26 
-8  10  14 

//Reference=MNI 
//nullstudy_77
//Subjects=20
-46  0  -38 
-10  44  -12 
-42  -24  44 
-26  -14  -24 
20  2  -40 
2  58  4 
-10  46  34 
-20  -8  50 

//Reference=MNI 
//nullstudy_78
//Subjects=22
6  8  72 
2  4  8 
-32  42  22 
22  14  -2 
-10  38  48 
-42  -34  -18 
-26  -94  2 
-6  24  48 

//Reference=MNI 
//nullstudy_79
//Subjects=21
8  64  18 
-34  -52  34 
-4  60  -24 
20  60  4 
34  6  -12 
38  28  34 
-16  -48  -32 
-62  -16  40 

//Reference=MNI 
//nullstudy_80
//Subjects=19
-16  -64  10 
-48  -12  44 
-12  -50  -14 
-42  -76  4 
-4  -46  34 
-22  -72  8 
4  2  30 
42  26  22 

//Reference=MNI 
//nullstudy_81
//Subjects=20
-26  -82  -34 
-30  -64  -6 
-52  -58  22 
-30  -24  -30 
-20  32  54 
-38  36  14 
-4  -74  -22 
-32  -68  -14 

//Reference=MNI 
//nullstudy_82
//Subjects=20
-32  -74  24 
-54  -66  28 
-44  -2  0 
-22  -46  -42 
-28  -72  50 
-36  -62  16 
48  18  -2 
-44  -28  10 

//Reference=MNI 
//nullstudy_83
//Subjects=20
0  26  56 
-52  -52  -28 
50  2  -14 
-2  -54  12 
-4  34  -2 
-8  12  -6 
-38  -68  -24 
24  2  70 

//Reference=MNI 
//nullstudy_84
//Subjects=19
-2  -18  2 
-20  -34  4 
-12  -30  -12 
-54  -52  -40 
0  48  -24 
-40  -20  42 
18  6  -30 
-8  -56  -6 

//Reference=MNI 
//nullstudy_85
//Subjects=21
38  26  -22 
-38  -8  -42 
-50  6  -36 
-22  14  -8 
-48  12  -22 
32  8  66 
48  2  38 
-38  -16  -44 

//Reference=MNI 
//nullstudy_86
//Subjects=21
-10  -28  -48 
-50  -76  4 
-4  -46  40 
-42  -62  30 
-2  -50  -8 
-54  -20  38 
-46  -54  -40 
-32  -34  -16 

//Reference=MNI 
//nullstudy_87
//Subjects=20
34  54  28 
-24  8  42 
-60  -26  22 
44  54  -2 
36  32  -10 
-16  -48  74 
-10  -56  -62 
-24  -58  62 

//Reference=MNI 
//nullstudy_88
//Subjects=20
-8  30  60 
48  36  -20 
-46  -54  44 
0  4  -28 
6  12  36 
24  6  48 
-46  -42  52 
-52  -64  32 

//Reference=MNI 
//nullstudy_89
//Subjects=19
-32  -26  4 
-56  8  -34 
-32  -18  6 
-18  -54  -46 
-14  22  -24 
8  32  20 
-42  -80  10 
-50  24  14 

//Reference=MNI 
//nullstudy_90
//Subjects=20
2  36  -22 
-54  -4  -16 
-20  -14  62 
-56  -36  -30 
54  38  -10 
-6  -70  52 
-20  -54  6 
-10  -80  -36 

//Reference=MNI 
//nullstudy_91
//Subjects=19
-6  -60  52 
64  6  30 
-4  32  -30 
14  2  56 
-26  -90  32 
36  12  12 
-32  -96  -4 
10  28  58 

//Reference=MNI 
//nullstudy_92
//Subjects=22
-10  -58  30 
-56  24  4 
-16  56  -12 
-2  46  -10 
-42  -80  -32 
-4  -72  44 
-30  -60  -14 
-12  -58  -32 

//Reference=MNI 
//nullstudy_93
//Subjects=21
-10  24  50 
8  30  28 
-48  -70  12 
-48  -4  2 
-4  -4  74 
-16  -38  58 
-30  -46  2 
-10  -12  52 

//Reference=MNI 
//nullstudy_94
//Subjects=18
-32  12  28 
-42  -84  16 
-30  -50  -58 
-10  -46  76 
8  42  6 
-48  10  38 
-14  -72  20 
-42  36  28 

//Reference=MNI 
//nullstudy_95
//Subjects=21
-12  38  12 
10  54  -16 
-20  -70  -32 
-40  -34  34 
-50  4  -44 
12  68  14 
-4  -10  62 
-20  -56  -54 

//Reference=MNI 
//nullstudy_96
//Subjects=19
-26  -86  -20 
-8  12  -28 
-20  -102  -4 
-14  66  4 
-42  14  10 
-6  -70  58 
-24  -56  -50 
-20  -56  0 

//Reference=MNI 
//nullstudy_97
//Subjects=20
46  6  24 
0  46  0 
10  28  24 
-38  -16  20 
-32  -64  54 
-10  12  50 
62  12  20 
-2  -40  22 

//Reference=MNI 
//nullstudy_98
//Subjects=21
-18  -90  -32 
-2  -60  54 
14  6  -26 
-40  22  -32 
-60  -60  -24 
14  60  -12 
14  40  -6 
48  30  8 

//Reference=MNI 
//nullstudy_99
//Subjects=18
-16  -18  -18 
-30  -66  44 
-28  34  42 
-34  -86  36 
-56  -52  -20 
-40  -36  38 
-56  -18  36 
40  46  16 

//Reference=MNI 
//nullstudy_100
//Subjects=17
-28  -66  26 
44  8  -42 
56  12  20 
42  4  -34 
-36  -48  -40 
26  52  -10 
-16  -2  74 
-54  16  -16 

