//Reference=MNI 
//truestudy_1
//Subjects=11
45  -66  -6 
44  -65  -5 
45  -67  -7 
47  -67  -7 
46  -66  -6 
47  -67  -7 
47  -67  -7 
45  -66  -8 

//Reference=MNI 
//truestudy_2
//Subjects=9
46  -67  -7 
47  -67  -7 
45  -67  -6 
46  -65  -6 
45  -66  -5 
45  -67  -6 
46  -67  -8 
45  -66  -5 

//Reference=MNI 
//truestudy_3
//Subjects=9
44  -64  -6 
46  -65  -5 
45  -65  -5 
45  -66  -7 
47  -64  -6 
46  -66  -6 
46  -65  -7 
46  -66  -6 

//Reference=MNI 
//nullstudy_1
//Subjects=11
-4  -100  -8 
-38  -12  -48 
-14  20  -24 
-50  -6  22 
0  48  -10 
-44  26  34 
-14  10  54 
-6  -42  -44 

//Reference=MNI 
//nullstudy_2
//Subjects=9
-2  66  12 
-22  10  60 
-2  46  -4 
2  62  -12 
40  44  -12 
-36  -38  -22 
-44  -4  18 
-58  -56  -18 

//Reference=MNI 
//nullstudy_3
//Subjects=9
-6  -26  -44 
-42  20  -2 
-18  -48  -8 
-10  -90  -6 
-42  -54  36 
42  58  10 
46  6  6 
-2  0  2 

//Reference=MNI 
//nullstudy_4
//Subjects=10
-16  38  42 
-32  52  28 
-40  -62  14 
36  24  26 
-22  -102  2 
-38  -18  38 
-34  -74  -54 
38  14  -4 

//Reference=MNI 
//nullstudy_5
//Subjects=10
-14  42  6 
40  6  -26 
-42  -20  -38 
10  6  64 
-52  18  -2 
-58  -50  18 
-46  -46  38 
-2  32  26 

//Reference=MNI 
//nullstudy_6
//Subjects=11
-60  -6  -2 
34  18  32 
-2  -38  -42 
52  28  18 
-50  -76  2 
-8  -84  -48 
-14  -30  -4 
-48  -50  36 

//Reference=MNI 
//nullstudy_7
//Subjects=8
-10  -52  -12 
-44  0  30 
-12  -34  52 
44  22  8 
-38  -10  0 
-2  -100  18 
-34  40  18 
-52  16  -28 

//Reference=MNI 
//nullstudy_8
//Subjects=11
-18  -50  70 
-32  22  58 
-40  20  -36 
-26  -42  2 
10  22  -2 
-16  60  -16 
0  32  -14 
2  10  46 

//Reference=MNI 
//nullstudy_9
//Subjects=11
-54  0  18 
-24  34  -24 
-56  -32  38 
-30  -50  -24 
16  48  42 
-2  -18  22 
-48  6  44 
6  20  62 

//Reference=MNI 
//nullstudy_10
//Subjects=10
-4  -50  22 
6  42  2 
-4  28  52 
56  34  20 
-52  4  -20 
-38  -58  24 
18  70  2 
-40  -76  30 

//Reference=MNI 
//nullstudy_11
//Subjects=11
-56  -30  2 
-38  -12  -44 
-16  -42  -4 
0  58  -22 
-8  -24  16 
54  6  -12 
-26  0  64 
-50  10  26 

//Reference=MNI 
//nullstudy_12
//Subjects=10
-26  -64  12 
8  38  2 
-36  -76  -48 
-60  -16  -2 
2  18  0 
-28  -10  -30 
-26  -92  -8 
-42  -36  28 

//Reference=MNI 
//nullstudy_13
//Subjects=9
-26  -62  60 
-4  -42  -30 
-28  60  22 
26  12  -38 
-24  -80  20 
-6  4  -6 
-4  6  54 
24  4  2 

//Reference=MNI 
//nullstudy_14
//Subjects=10
-8  -90  -34 
42  28  50 
-4  6  -22 
46  24  -16 
-6  -78  20 
54  24  10 
24  50  -14 
12  18  32 

//Reference=MNI 
//nullstudy_15
//Subjects=10
-18  34  50 
34  22  -4 
-18  -40  8 
-62  -14  4 
30  30  40 
-4  22  46 
-22  54  36 
-16  4  26 

//Reference=MNI 
//nullstudy_16
//Subjects=10
-14  -26  -6 
8  28  62 
-10  40  42 
-42  -52  46 
-34  -38  -36 
-56  -46  -20 
-54  16  34 
-28  -60  -58 

//Reference=MNI 
//nullstudy_17
//Subjects=10
8  64  26 
-26  -48  70 
-2  -102  -2 
-52  -12  -8 
-20  -30  -14 
-64  -42  12 
-32  -12  58 
54  18  -6 

//Reference=MNI 
//nullstudy_18
//Subjects=10
50  20  -32 
18  48  26 
-10  -58  -14 
-26  -90  10 
-26  60  24 
6  22  -16 
-2  -70  -18 
-34  -26  50 

//Reference=MNI 
//nullstudy_19
//Subjects=10
0  16  34 
-54  26  12 
-24  12  -2 
-22  -82  24 
-12  -44  -38 
-6  26  62 
22  2  62 
-12  -74  -38 

//Reference=MNI 
//nullstudy_20
//Subjects=8
4  40  0 
38  22  10 
-42  -54  36 
-24  -22  -10 
-26  -14  70 
-54  -60  -6 
-40  16  20 
-46  -70  -2 

//Reference=MNI 
//nullstudy_21
//Subjects=9
-60  -6  36 
-32  -2  62 
-34  -42  -10 
-50  -66  -44 
-18  -34  58 
-16  24  12 
-34  8  30 
6  34  -12 

//Reference=MNI 
//nullstudy_22
//Subjects=10
-32  -24  -24 
16  8  -40 
-4  40  32 
-16  -98  -22 
-2  -10  -28 
-44  -78  26 
34  4  16 
-54  -2  4 

//Reference=MNI 
//nullstudy_23
//Subjects=9
-38  -40  -10 
-44  24  44 
-20  24  50 
-24  60  -12 
-10  -34  66 
-14  -62  46 
-32  16  -26 
-44  -28  58 

//Reference=MNI 
//nullstudy_24
//Subjects=12
-50  8  -34 
-14  -18  42 
-66  -34  28 
-8  36  42 
10  46  30 
-10  -98  10 
-14  4  -20 
-12  36  16 

//Reference=MNI 
//nullstudy_25
//Subjects=8
-54  28  -8 
-28  44  10 
24  16  44 
-12  38  -30 
10  30  18 
-10  -36  -8 
-56  16  24 
32  30  -2 

//Reference=MNI 
//nullstudy_26
//Subjects=11
-58  -66  26 
-24  56  8 
-46  -8  46 
-20  -54  -12 
-14  -40  -44 
-36  6  42 
-26  -76  -38 
-22  22  58 

//Reference=MNI 
//nullstudy_27
//Subjects=10
-66  -34  -24 
14  56  -24 
-6  -38  40 
38  38  -18 
-8  40  6 
54  8  -14 
-54  -4  34 
-28  38  32 

//Reference=MNI 
//nullstudy_28
//Subjects=9
-36  -54  32 
-16  -74  -46 
-20  14  4 
-54  -56  16 
50  44  8 
-50  -20  22 
-22  12  2 
-40  -64  -14 

//Reference=MNI 
//nullstudy_29
//Subjects=11
-62  -30  34 
-18  16  58 
-26  0  58 
20  30  -20 
-28  -86  2 
32  34  52 
-6  34  16 
30  46  26 

//Reference=MNI 
//nullstudy_30
//Subjects=9
-30  2  6 
54  2  40 
-12  -18  62 
-2  -62  -4 
-6  -32  34 
-2  6  -12 
-56  -6  -4 
-2  -44  8 

//Reference=MNI 
//nullstudy_31
//Subjects=9
2  10  72 
-20  -44  -56 
-28  -68  -30 
-12  28  30 
-46  -26  48 
-62  -14  -2 
-26  -10  8 
-12  -8  18 

//Reference=MNI 
//nullstudy_32
//Subjects=11
-6  -66  -50 
-68  -32  -2 
22  44  48 
10  56  -10 
-18  -30  -42 
-14  -18  0 
54  6  -24 
-48  30  -16 

//Reference=MNI 
//nullstudy_33
//Subjects=8
26  6  -28 
-8  0  -24 
-26  -22  60 
-30  0  -46 
-2  18  24 
36  46  8 
-44  -32  44 
-58  -48  -30 

//Reference=MNI 
//nullstudy_34
//Subjects=10
-8  -82  -2 
-28  14  14 
-66  -40  22 
-22  -70  40 
-28  -18  58 
-30  -64  -36 
-40  26  38 
-64  -34  -22 

//Reference=MNI 
//nullstudy_35
//Subjects=8
-8  -32  -32 
-16  -64  -6 
-38  -12  62 
38  2  14 
-56  -10  -24 
-56  -10  -10 
-20  -94  14 
-36  -62  48 

//Reference=MNI 
//nullstudy_36
//Subjects=10
12  18  14 
28  12  56 
-18  -52  -44 
-46  -74  -44 
24  12  -8 
-6  -102  10 
-10  -16  12 
34  22  -24 

//Reference=MNI 
//nullstudy_37
//Subjects=10
-34  -96  -10 
-44  -56  -58 
32  8  50 
4  8  40 
-48  -50  -50 
-56  4  44 
0  64  18 
-34  -14  -6 

//Reference=MNI 
//nullstudy_38
//Subjects=12
-16  24  -6 
48  26  30 
-20  -60  -4 
-4  -42  -50 
-10  8  44 
-20  26  44 
-54  -16  -8 
-66  -44  -14 

//Reference=MNI 
//nullstudy_39
//Subjects=10
8  34  60 
10  48  -20 
-10  40  -22 
-62  -6  22 
-32  -42  70 
42  46  -4 
-58  -42  50 
-22  -58  44 

//Reference=MNI 
//nullstudy_40
//Subjects=12
-14  -26  26 
-20  -12  54 
-48  -38  24 
-6  -22  74 
-54  24  22 
-12  -84  4 
-46  12  28 
-10  -82  4 

//Reference=MNI 
//nullstudy_41
//Subjects=11
-14  14  -28 
-6  -64  -12 
-34  -44  38 
-8  34  -26 
-12  -106  -6 
-30  -48  -6 
2  36  4 
-26  -62  58 

//Reference=MNI 
//nullstudy_42
//Subjects=11
-16  -82  -28 
-48  -58  48 
-38  22  6 
10  24  10 
-6  -16  -36 
-40  -60  -60 
-6  -10  50 
-2  -54  -42 

//Reference=MNI 
//nullstudy_43
//Subjects=12
-26  -58  2 
54  8  18 
42  40  -22 
-56  -16  -10 
-34  -70  16 
-40  -80  -44 
-32  38  16 
62  10  -10 

//Reference=MNI 
//nullstudy_44
//Subjects=11
-34  4  32 
-20  -80  38 
-26  -6  12 
-38  -28  44 
-18  -54  -4 
-20  20  52 
-54  -46  42 
-42  14  38 

//Reference=MNI 
//nullstudy_45
//Subjects=11
-54  -64  -18 
-24  -48  12 
-54  -36  -14 
-26  18  -34 
-8  -74  56 
-28  0  -20 
40  48  16 
-68  -34  16 

//Reference=MNI 
//nullstudy_46
//Subjects=9
2  28  52 
-2  -48  58 
-6  16  42 
-54  -56  18 
-46  -86  -8 
-14  -44  34 
42  4  -14 
-6  10  -22 

//Reference=MNI 
//nullstudy_47
//Subjects=9
-2  -64  44 
-54  -8  -12 
-22  26  -20 
-54  4  30 
-24  -72  -32 
-4  18  34 
34  64  -10 
-24  -38  12 

//Reference=MNI 
//nullstudy_48
//Subjects=11
44  2  56 
42  18  26 
-48  -34  18 
14  14  40 
-64  -8  -20 
-14  -32  -28 
-36  -36  42 
-10  -4  -22 

//Reference=MNI 
//nullstudy_49
//Subjects=10
-24  -52  -22 
40  24  -36 
44  12  -12 
-42  -24  66 
44  10  4 
12  64  0 
-10  -76  38 
22  64  -6 

//Reference=MNI 
//nullstudy_50
//Subjects=8
-12  6  52 
-24  -48  68 
-12  30  62 
-66  -54  -4 
-30  -20  46 
-34  -56  46 
52  20  -2 
-12  -34  78 

//Reference=MNI 
//nullstudy_51
//Subjects=10
-48  -38  -16 
-10  52  14 
-18  -48  -24 
46  40  -16 
-4  38  58 
-30  26  52 
10  42  34 
-56  -16  10 

//Reference=MNI 
//nullstudy_52
//Subjects=9
-32  -62  -22 
30  24  -22 
-38  -60  48 
-48  -26  16 
8  14  -16 
-28  -92  6 
-18  -4  -34 
32  54  -16 

//Reference=MNI 
//nullstudy_53
//Subjects=10
-50  -74  -36 
14  6  18 
0  28  50 
42  40  -8 
-60  -20  -32 
-54  -22  10 
10  44  12 
-38  -10  -4 

//Reference=MNI 
//nullstudy_54
//Subjects=10
-38  18  4 
-6  4  48 
46  6  -38 
32  50  34 
-2  -44  -52 
-32  46  -4 
32  16  44 
56  18  2 

//Reference=MNI 
//nullstudy_55
//Subjects=10
44  16  -18 
-50  22  -6 
-46  -84  18 
-22  -90  36 
-12  -88  -22 
-24  -66  -22 
-44  -76  2 
-28  -70  -18 

//Reference=MNI 
//nullstudy_56
//Subjects=9
-62  -10  -8 
16  2  -16 
-6  -66  -34 
-30  -10  -14 
-58  -34  -28 
-12  2  72 
38  4  -12 
-6  -24  72 

//Reference=MNI 
//nullstudy_57
//Subjects=10
-52  -52  -34 
-24  -72  -2 
50  20  0 
30  22  -18 
14  2  46 
-56  8  36 
56  10  28 
-56  -22  -36 

//Reference=MNI 
//nullstudy_58
//Subjects=9
-4  -54  -54 
-4  -20  -4 
-44  -24  46 
12  20  -18 
2  20  28 
-36  -60  48 
-8  -22  68 
34  30  42 

//Reference=MNI 
//nullstudy_59
//Subjects=9
-14  -66  26 
56  10  38 
-54  -20  -26 
44  30  8 
-10  -30  66 
24  58  0 
-8  46  46 
-12  -38  -26 

//Reference=MNI 
//nullstudy_60
//Subjects=10
-10  10  -30 
-16  -66  38 
-50  -14  -44 
-12  64  -2 
-30  -54  -40 
-30  -90  -32 
-56  -72  16 
-30  -54  -44 

//Reference=MNI 
//nullstudy_61
//Subjects=10
-30  -80  -22 
-36  -22  -36 
-2  58  2 
-4  54  34 
-18  -46  52 
-26  -90  2 
-14  -96  -18 
-40  56  -8 

//Reference=MNI 
//nullstudy_62
//Subjects=12
10  46  38 
-60  -50  16 
-26  -46  40 
-66  -8  22 
-6  -82  -22 
-54  -70  -24 
-12  -22  46 
38  12  52 

//Reference=MNI 
//nullstudy_63
//Subjects=11
-4  16  -8 
-12  40  -12 
-38  2  42 
0  18  40 
-62  -12  28 
-24  -90  32 
-12  -52  -36 
-18  -20  28 

//Reference=MNI 
//nullstudy_64
//Subjects=11
-34  -6  46 
-8  -2  66 
22  52  -20 
-4  -60  46 
-12  -12  48 
-36  -62  -56 
-62  -34  -12 
-48  4  36 

//Reference=MNI 
//nullstudy_65
//Subjects=9
12  24  58 
-12  58  34 
18  8  -28 
-22  -66  48 
-30  64  -2 
-32  20  56 
32  10  12 
-40  -64  -20 

//Reference=MNI 
//nullstudy_66
//Subjects=11
-14  -40  18 
6  2  72 
-6  -70  40 
38  46  28 
-58  -42  38 
42  30  24 
-42  -38  52 
56  28  4 

//Reference=MNI 
//nullstudy_67
//Subjects=11
22  6  -46 
-42  -8  34 
-36  16  -8 
52  22  -16 
60  12  30 
-38  16  -26 
-18  -34  -28 
-38  4  32 

//Reference=MNI 
//nullstudy_68
//Subjects=11
-60  -2  14 
-46  -38  28 
-32  -86  22 
-26  32  46 
-4  -38  66 
-36  -76  38 
-44  16  36 
-66  -12  16 

//Reference=MNI 
//nullstudy_69
//Subjects=10
-30  -80  4 
-58  -30  22 
-22  4  -22 
4  2  -14 
-36  -60  -12 
-26  0  -36 
-26  20  40 
-2  -18  46 

//Reference=MNI 
//nullstudy_70
//Subjects=11
10  40  56 
-20  -36  -2 
6  64  -20 
-6  -16  -14 
-56  -16  -16 
-40  -72  -34 
-32  58  24 
-26  -12  74 

//Reference=MNI 
//nullstudy_71
//Subjects=9
-2  -16  8 
-2  -14  -28 
8  48  -2 
-58  -34  0 
46  20  44 
-32  -4  -12 
-32  24  -28 
-8  14  70 

//Reference=MNI 
//nullstudy_72
//Subjects=10
-12  4  74 
-46  22  2 
32  26  -14 
-14  14  -2 
-52  -6  -2 
-32  50  -8 
-8  44  50 
-48  4  44 

//Reference=MNI 
//nullstudy_73
//Subjects=10
-42  -80  28 
-2  -22  -40 
-58  6  -22 
-8  32  40 
-2  -88  10 
-46  20  -18 
-26  -68  56 
-28  -2  -6 

//Reference=MNI 
//nullstudy_74
//Subjects=10
-40  16  40 
-60  -52  26 
-40  2  -18 
46  24  46 
-26  -74  16 
16  16  62 
6  50  34 
64  2  2 

//Reference=MNI 
//nullstudy_75
//Subjects=10
-54  -26  -32 
-12  -72  -34 
-60  16  14 
-68  -20  -4 
-34  -60  32 
8  14  32 
-40  -80  38 
-12  -30  -4 

//Reference=MNI 
//nullstudy_76
//Subjects=10
-10  -48  50 
-12  62  34 
-14  -2  -16 
-10  50  48 
50  8  10 
46  18  -22 
-56  -56  30 
-32  -26  -8 

//Reference=MNI 
//nullstudy_77
//Subjects=9
-36  12  -20 
-22  -78  0 
-10  22  0 
-12  54  44 
-6  -88  10 
36  18  -20 
0  26  18 
52  44  10 

//Reference=MNI 
//nullstudy_78
//Subjects=10
-40  -42  50 
-16  -70  -40 
-16  0  60 
34  50  -10 
42  52  -4 
-22  4  60 
26  52  8 
-58  12  18 

//Reference=MNI 
//nullstudy_79
//Subjects=10
-2  -80  2 
-8  -36  66 
18  14  70 
-20  -78  -38 
-30  46  14 
40  14  -24 
-40  -60  10 
-66  -10  -2 

//Reference=MNI 
//nullstudy_80
//Subjects=10
6  32  -2 
-36  0  62 
-56  -4  22 
-38  -54  -24 
52  26  -4 
-12  -36  56 
26  6  -24 
8  50  -4 

//Reference=MNI 
//nullstudy_81
//Subjects=10
-14  64  2 
-10  -30  80 
-4  28  48 
-18  -76  0 
38  34  28 
-24  -68  -36 
-14  -46  30 
-2  0  14 

//Reference=MNI 
//nullstudy_82
//Subjects=9
-20  -52  2 
30  22  44 
-38  -80  10 
-18  -32  4 
-18  4  64 
-16  -54  -32 
-30  12  58 
-46  12  -4 

//Reference=MNI 
//nullstudy_83
//Subjects=10
-20  12  64 
52  4  38 
-46  2  -18 
-6  -28  66 
-16  -48  -34 
-44  -66  -32 
22  30  40 
-58  -10  42 

//Reference=MNI 
//nullstudy_84
//Subjects=9
-66  -4  24 
-36  2  -46 
-34  -50  40 
-12  -34  74 
-36  -16  18 
-6  64  18 
50  26  8 
-52  6  12 

//Reference=MNI 
//nullstudy_85
//Subjects=8
2  42  28 
-62  -28  48 
-22  -4  62 
-16  14  66 
-32  2  40 
-38  6  -32 
-32  8  -18 
38  14  -44 

//Reference=MNI 
//nullstudy_86
//Subjects=10
-52  -56  22 
0  18  46 
30  48  -8 
-22  20  54 
-48  -20  -14 
16  4  64 
-24  -64  -22 
-8  56  18 

//Reference=MNI 
//nullstudy_87
//Subjects=9
54  32  14 
-58  -12  8 
32  64  -12 
4  22  -10 
-8  -64  8 
-2  -2  48 
-62  -54  2 
-22  -66  64 

//Reference=MNI 
//nullstudy_88
//Subjects=11
36  56  -4 
-20  36  44 
-58  -16  44 
52  16  10 
50  14  24 
-54  -48  48 
-34  -28  68 
-18  -26  74 

//Reference=MNI 
//nullstudy_89
//Subjects=11
-24  56  32 
50  18  -26 
-38  20  50 
38  18  44 
-50  -72  -4 
-12  16  -24 
-6  -76  26 
-36  -76  -48 

//Reference=MNI 
//nullstudy_90
//Subjects=10
-4  -42  -46 
-30  -50  4 
42  24  -6 
-52  32  0 
40  2  -48 
-28  8  8 
-38  12  -24 
-38  16  -38 

//Reference=MNI 
//nullstudy_91
//Subjects=9
-10  -4  12 
-30  32  -14 
-14  -26  -4 
-12  -56  0 
-36  18  50 
24  22  42 
-28  -34  -22 
30  6  -14 

//Reference=MNI 
//nullstudy_92
//Subjects=10
-14  -16  -26 
-26  -82  -42 
32  26  -24 
-44  -78  34 
-36  -92  -14 
-42  26  -12 
-14  -78  -36 
-28  -44  -18 

//Reference=MNI 
//nullstudy_93
//Subjects=8
-54  -50  28 
-18  -46  -20 
-62  -34  20 
-2  26  36 
-28  22  62 
-20  -76  -46 
-12  -30  44 
-24  -64  26 

//Reference=MNI 
//nullstudy_94
//Subjects=10
-44  -74  28 
-12  -16  78 
-10  -50  -34 
12  10  68 
-62  4  8 
-20  -24  -34 
52  16  6 
-54  -68  -24 

//Reference=MNI 
//nullstudy_95
//Subjects=9
-32  -74  -38 
-34  -62  58 
-42  10  12 
-10  18  -22 
36  34  32 
60  4  40 
-16  -16  -20 
28  12  50 

//Reference=MNI 
//nullstudy_96
//Subjects=11
32  62  16 
26  32  -12 
-30  -86  36 
-4  -26  -30 
-56  16  20 
38  16  -32 
-16  26  -2 
-40  -40  54 

//Reference=MNI 
//nullstudy_97
//Subjects=10
48  12  44 
32  8  50 
-18  -42  -20 
-36  -20  -24 
-36  -38  -46 
-6  36  8 
0  48  16 
34  20  4 

//Reference=MNI 
//nullstudy_98
//Subjects=8
-40  14  -42 
-40  -72  4 
-64  -26  38 
-32  -18  0 
-16  -72  -48 
-26  12  -36 
-10  56  20 
-38  -42  34 

//Reference=MNI 
//nullstudy_99
//Subjects=8
-2  -26  -2 
-38  -52  36 
-22  0  -50 
48  42  -16 
-66  -22  16 
-48  18  -32 
44  36  12 
-10  -36  44 

//Reference=MNI 
//nullstudy_100
//Subjects=11
-28  -46  42 
-50  14  -12 
2  66  -2 
0  2  52 
-38  16  36 
38  42  26 
-20  -70  -32 
-44  2  2 

