//Reference=MNI 
//truestudy_1
//Subjects=9
45  -68  -7 
46  -65  -5 
44  -68  -7 
47  -66  -7 
45  -64  -6 
46  -65  -6 
47  -65  -6 
46  -67  -5 

//Reference=MNI 
//truestudy_2
//Subjects=8
45  -66  -7 
45  -64  -5 
45  -66  -6 
46  -65  -7 
46  -66  -6 
45  -69  -6 
45  -69  -7 
45  -64  -5 

//Reference=MNI 
//truestudy_3
//Subjects=8
48  -67  -5 
48  -65  -7 
46  -66  -5 
45  -65  -6 
46  -65  -5 
46  -65  -6 
46  -65  -6 
46  -67  -6 

//Reference=MNI 
//nullstudy_1
//Subjects=9
-46  -54  -12 
6  12  0 
-2  50  -30 
-38  -58  46 
-6  -42  -48 
-30  -38  -2 
12  38  22 
4  66  8 

//Reference=MNI 
//nullstudy_2
//Subjects=8
46  42  -20 
2  62  -8 
-44  22  -4 
-22  -50  56 
-22  -32  4 
-16  -60  -16 
-12  -64  -62 
-30  28  -16 

//Reference=MNI 
//nullstudy_3
//Subjects=8
-16  -56  68 
-8  -36  58 
-36  0  14 
-40  42  -4 
48  8  12 
-50  -48  34 
-44  -14  8 
-38  -78  12 

//Reference=MNI 
//nullstudy_4
//Subjects=9
-6  14  -22 
-14  -56  -32 
-2  22  -28 
22  2  -42 
-34  56  20 
-26  22  -36 
-6  6  40 
-62  -14  -14 

//Reference=MNI 
//nullstudy_5
//Subjects=10
-32  -64  -4 
-20  -46  76 
-22  4  8 
6  4  -2 
-42  -26  12 
-30  -14  -20 
-32  -34  54 
-66  -34  8 

//Reference=MNI 
//nullstudy_6
//Subjects=10
18  6  54 
-30  -50  -52 
-10  -16  40 
-30  -28  70 
30  38  -6 
-6  -66  44 
-44  20  40 
-40  -66  -30 

//Reference=MNI 
//nullstudy_7
//Subjects=11
12  14  -28 
-2  -20  -42 
-30  -10  -2 
-46  -84  20 
-50  -32  -20 
-14  -80  10 
48  10  20 
-32  38  12 

//Reference=MNI 
//nullstudy_8
//Subjects=10
-2  -56  -64 
0  26  64 
-38  -72  18 
-34  -14  18 
-64  -32  32 
-30  2  -38 
-36  -44  52 
26  46  42 

//Reference=MNI 
//nullstudy_9
//Subjects=12
24  4  -10 
6  40  26 
-12  -72  -14 
48  22  38 
-38  10  -2 
-10  16  -26 
-42  -82  26 
40  6  48 

//Reference=MNI 
//nullstudy_10
//Subjects=10
-48  28  -14 
-30  -8  56 
-22  -42  -14 
-32  -40  44 
-16  -60  42 
-12  -102  18 
24  8  -42 
18  4  -16 

//Reference=MNI 
//nullstudy_11
//Subjects=8
-8  -12  10 
26  14  44 
2  8  50 
46  10  -36 
-46  0  -38 
-16  -20  40 
-58  -6  34 
-14  -90  -32 

//Reference=MNI 
//nullstudy_12
//Subjects=10
-24  -28  -22 
14  4  64 
-58  -58  -26 
-28  4  -32 
-6  -34  -54 
-38  10  0 
-6  -94  24 
-52  -6  -12 

//Reference=MNI 
//nullstudy_13
//Subjects=8
46  34  2 
-20  28  42 
-40  6  2 
14  32  46 
-10  40  46 
14  64  -12 
66  8  16 
-20  -14  -14 

//Reference=MNI 
//nullstudy_14
//Subjects=10
-52  -18  44 
-40  -80  -22 
8  2  44 
-26  66  6 
-38  42  22 
-24  -14  -12 
42  18  16 
-54  28  6 

//Reference=MNI 
//nullstudy_15
//Subjects=10
8  38  44 
-6  -40  -42 
-14  -62  10 
-58  -16  4 
-40  -32  40 
-4  -66  -14 
-62  10  10 
48  6  -2 

//Reference=MNI 
//nullstudy_16
//Subjects=9
-4  -54  -32 
-12  -30  -6 
-48  18  2 
-40  -70  16 
-2  -70  52 
-36  -84  0 
-34  -64  50 
-68  -22  -16 

//Reference=MNI 
//nullstudy_17
//Subjects=11
22  8  48 
-26  -64  36 
-4  -74  46 
-46  -64  -10 
-20  -82  -34 
-40  30  -20 
32  12  0 
-46  6  -46 

//Reference=MNI 
//nullstudy_18
//Subjects=11
-52  -16  10 
-10  26  -20 
40  42  6 
-34  34  0 
-8  -86  -16 
-34  0  66 
-32  -18  70 
-30  -74  -58 

//Reference=MNI 
//nullstudy_19
//Subjects=11
-58  -24  12 
-64  -56  -12 
-4  58  -8 
-66  -20  36 
-38  -28  50 
-48  2  56 
-28  20  54 
-60  -6  42 

//Reference=MNI 
//nullstudy_20
//Subjects=10
-42  -70  16 
-42  0  0 
40  10  34 
48  18  48 
-6  -62  -32 
-32  -54  62 
-54  -52  26 
-48  -16  4 

//Reference=MNI 
//nullstudy_21
//Subjects=12
-48  -48  56 
-46  6  4 
-66  -50  24 
-34  48  -14 
-12  12  56 
-34  -56  40 
6  18  42 
36  26  -14 

//Reference=MNI 
//nullstudy_22
//Subjects=9
-14  -60  46 
-46  18  4 
30  34  42 
-48  -40  14 
-20  44  -22 
10  24  2 
-44  -20  -4 
36  26  8 

//Reference=MNI 
//nullstudy_23
//Subjects=12
-36  -10  -34 
12  50  12 
-54  -64  -30 
22  4  8 
-14  -90  -22 
-2  -26  -44 
14  52  0 
14  32  62 

//Reference=MNI 
//nullstudy_24
//Subjects=9
-26  -72  -14 
-4  -86  10 
-36  14  -30 
-38  0  18 
-28  -4  46 
-62  -60  0 
16  22  -2 
-38  -52  -50 

//Reference=MNI 
//nullstudy_25
//Subjects=9
-54  -6  -44 
-8  -46  62 
-18  -16  58 
-20  -10  70 
-2  -16  -16 
14  20  -4 
6  10  -10 
-26  -32  -34 

//Reference=MNI 
//nullstudy_26
//Subjects=10
-58  -40  6 
28  62  8 
28  10  -36 
38  46  24 
-28  -26  64 
-60  12  26 
-48  8  32 
-58  -44  50 

//Reference=MNI 
//nullstudy_27
//Subjects=11
-26  4  48 
-34  10  -2 
52  34  10 
-8  -62  10 
-64  -36  -14 
-34  16  -6 
28  28  44 
-12  -28  34 

//Reference=MNI 
//nullstudy_28
//Subjects=11
-42  -24  38 
-42  8  10 
-32  44  18 
34  38  26 
-40  -2  60 
-50  32  14 
-16  10  -26 
-36  12  -16 

//Reference=MNI 
//nullstudy_29
//Subjects=9
-16  -64  -14 
-14  -82  26 
36  16  -44 
-56  28  -2 
-34  -58  56 
-70  -34  -12 
8  22  46 
2  50  -4 

//Reference=MNI 
//nullstudy_30
//Subjects=11
-34  -90  -26 
28  6  -38 
-20  44  48 
-44  4  34 
22  56  -8 
-58  -14  40 
2  68  16 
54  4  -30 

//Reference=MNI 
//nullstudy_31
//Subjects=9
-4  -4  56 
-4  32  -6 
20  62  -6 
-22  -62  68 
-8  -50  -14 
20  62  -16 
-16  -74  -52 
16  18  64 

//Reference=MNI 
//nullstudy_32
//Subjects=10
-18  -56  -8 
-12  -84  30 
-2  54  20 
-52  -14  20 
-4  -86  10 
-56  -46  30 
-38  -38  64 
-16  -84  -6 

//Reference=MNI 
//nullstudy_33
//Subjects=10
-44  -78  -28 
-38  -62  -26 
-14  -2  20 
-28  -6  62 
-2  -34  -4 
-20  -68  -24 
-32  -12  -20 
-20  -42  -36 

//Reference=MNI 
//nullstudy_34
//Subjects=10
-50  -64  -20 
-64  -34  -2 
30  48  -18 
-38  -32  68 
16  64  -10 
-42  -8  18 
-4  28  26 
-14  40  54 

//Reference=MNI 
//nullstudy_35
//Subjects=8
-12  62  -20 
14  44  -6 
-14  -46  32 
-46  -36  48 
22  52  -2 
-2  6  68 
-50  12  -32 
-8  -28  58 

//Reference=MNI 
//nullstudy_36
//Subjects=9
36  44  -14 
-22  -62  -46 
-50  -4  54 
-58  -36  40 
-42  20  -38 
50  8  -42 
16  58  2 
-6  -6  -16 

//Reference=MNI 
//nullstudy_37
//Subjects=11
-14  16  -10 
-26  -8  -28 
-36  46  14 
-10  -30  -28 
-40  -42  -10 
38  46  -12 
-12  -60  50 
-26  -32  66 

//Reference=MNI 
//nullstudy_38
//Subjects=10
16  50  34 
-64  -22  -12 
28  40  -16 
16  22  10 
-22  -68  58 
-32  22  14 
2  8  -4 
30  28  -2 

//Reference=MNI 
//nullstudy_39
//Subjects=11
-26  -28  -16 
-32  -64  -42 
32  30  46 
-48  -52  -30 
-32  2  54 
-18  -42  -16 
56  18  24 
-8  -66  4 

//Reference=MNI 
//nullstudy_40
//Subjects=9
-26  -42  -42 
-2  32  20 
-26  -52  58 
-12  56  24 
18  4  -38 
-66  -24  32 
-36  32  26 
-16  -54  -8 

//Reference=MNI 
//nullstudy_41
//Subjects=10
-46  28  34 
-48  -60  -24 
-8  12  68 
-14  -80  28 
-60  -44  -22 
44  6  -24 
22  44  -14 
52  10  4 

//Reference=MNI 
//nullstudy_42
//Subjects=10
-38  -68  24 
-12  -18  50 
-62  -26  -32 
-14  -72  4 
60  4  -26 
-18  62  -14 
-24  -12  74 
-60  -60  28 

//Reference=MNI 
//nullstudy_43
//Subjects=9
-20  -30  -8 
-20  56  20 
12  66  -16 
34  4  66 
-36  -44  -16 
-54  -52  0 
52  34  4 
20  12  -4 

//Reference=MNI 
//nullstudy_44
//Subjects=10
-12  -52  -24 
-8  -32  -36 
-10  -54  -6 
22  8  68 
-36  -58  -46 
20  6  48 
20  26  38 
2  10  -20 

//Reference=MNI 
//nullstudy_45
//Subjects=9
-34  4  -48 
8  24  60 
-46  -52  -40 
8  62  32 
8  12  4 
30  28  -18 
-18  -34  66 
-16  -42  -18 

//Reference=MNI 
//nullstudy_46
//Subjects=10
-30  16  -10 
-58  -36  26 
18  48  4 
-42  -52  50 
2  62  -20 
38  14  8 
58  28  0 
-18  -64  -22 

//Reference=MNI 
//nullstudy_47
//Subjects=10
-40  -68  -10 
-12  28  48 
-2  -62  52 
-12  -62  10 
-12  -42  66 
12  54  26 
-50  12  8 
42  58  4 

//Reference=MNI 
//nullstudy_48
//Subjects=10
32  12  -16 
-36  -12  46 
-2  -30  72 
4  4  64 
-14  -66  50 
-20  -46  14 
-2  -66  -24 
42  2  8 

//Reference=MNI 
//nullstudy_49
//Subjects=9
-12  0  -20 
-28  -66  -12 
-8  -8  48 
-38  -56  -42 
32  32  18 
34  60  4 
-48  -30  -22 
16  44  10 

//Reference=MNI 
//nullstudy_50
//Subjects=11
-22  -52  -18 
-26  64  20 
54  10  4 
-40  48  -18 
-34  48  20 
-18  -14  -32 
32  16  -40 
50  8  -34 

//Reference=MNI 
//nullstudy_51
//Subjects=11
12  22  -20 
6  28  -6 
-42  -68  18 
38  4  16 
24  34  54 
14  4  18 
-40  -14  -4 
-64  -10  4 

//Reference=MNI 
//nullstudy_52
//Subjects=11
-42  -56  -24 
-46  32  20 
-42  54  8 
-6  34  44 
-14  -2  -24 
-56  0  10 
-22  28  46 
-22  30  36 

//Reference=MNI 
//nullstudy_53
//Subjects=10
-36  -86  8 
-16  -28  6 
-4  -48  18 
-40  -64  -34 
-10  -14  -12 
-20  -66  16 
16  10  56 
-34  34  -16 

//Reference=MNI 
//nullstudy_54
//Subjects=12
32  20  8 
2  22  46 
-56  12  -24 
44  4  8 
-4  -86  -14 
16  60  0 
-26  -72  0 
-56  18  28 

//Reference=MNI 
//nullstudy_55
//Subjects=11
34  8  -36 
32  2  38 
2  10  -16 
-6  18  66 
-42  10  -46 
-18  -96  -16 
-26  -52  52 
-42  18  -34 

//Reference=MNI 
//nullstudy_56
//Subjects=10
-46  -28  -2 
-12  48  14 
-14  42  -22 
-42  -22  14 
24  54  -2 
-18  -10  28 
-18  -10  76 
-56  2  -18 

//Reference=MNI 
//nullstudy_57
//Subjects=8
-50  14  12 
0  16  2 
-32  -6  -22 
-42  -90  -6 
-30  56  20 
-40  22  48 
52  26  -14 
8  48  46 

//Reference=MNI 
//nullstudy_58
//Subjects=11
-22  -58  -58 
38  18  34 
54  14  32 
-18  -78  -50 
-60  -46  30 
-42  -38  4 
-6  -26  -36 
-40  -56  -24 

//Reference=MNI 
//nullstudy_59
//Subjects=10
-32  -64  30 
-24  68  6 
-30  -30  16 
-18  4  -6 
-38  12  -6 
-26  6  58 
-12  -58  72 
-32  -60  -32 

//Reference=MNI 
//nullstudy_60
//Subjects=10
-38  -2  -10 
-6  52  48 
14  12  -22 
28  48  -12 
-44  -48  -14 
-48  -74  12 
-12  -24  68 
2  54  10 

//Reference=MNI 
//nullstudy_61
//Subjects=10
-2  -56  10 
-48  18  -16 
30  28  -12 
-56  -42  -14 
-56  -34  -12 
-38  -16  42 
-34  18  -44 
-30  4  64 

//Reference=MNI 
//nullstudy_62
//Subjects=10
-6  -48  20 
-6  30  -32 
-48  40  4 
-50  -38  26 
24  46  32 
2  4  -2 
-14  -66  44 
-20  48  10 

//Reference=MNI 
//nullstudy_63
//Subjects=10
-30  54  12 
-2  -42  10 
-18  34  -18 
-40  -16  48 
-12  4  20 
-22  -48  -8 
-2  -34  -30 
-2  20  38 

//Reference=MNI 
//nullstudy_64
//Subjects=10
-54  -64  30 
-32  -86  -8 
-18  -2  -8 
-12  -38  -56 
-4  -70  6 
-52  12  -22 
-16  -100  14 
-46  2  50 

//Reference=MNI 
//nullstudy_65
//Subjects=11
-12  -86  14 
-68  -26  18 
12  48  40 
62  10  24 
-38  -70  -38 
-20  -56  -48 
20  12  -6 
-40  12  46 

//Reference=MNI 
//nullstudy_66
//Subjects=11
44  20  -22 
38  50  -8 
-8  -44  -4 
-18  2  -8 
-6  -94  -2 
24  48  28 
20  34  44 
-24  -64  40 

//Reference=MNI 
//nullstudy_67
//Subjects=11
-10  22  -6 
8  52  0 
-20  -32  16 
-6  -10  70 
8  30  14 
0  8  52 
34  10  56 
34  4  -4 

//Reference=MNI 
//nullstudy_68
//Subjects=10
-14  -32  -28 
-54  -58  42 
-10  -54  -22 
14  54  -14 
-54  -58  -6 
-36  4  64 
-44  -64  48 
-30  -30  -4 

//Reference=MNI 
//nullstudy_69
//Subjects=9
-50  -48  50 
-26  -92  -8 
8  66  8 
-22  14  42 
-22  -56  -32 
-44  -76  22 
-32  -16  46 
-8  8  18 

//Reference=MNI 
//nullstudy_70
//Subjects=10
-20  -18  62 
-54  16  22 
38  52  4 
-12  46  44 
-14  -4  68 
-12  -62  -6 
38  54  8 
36  22  -22 

//Reference=MNI 
//nullstudy_71
//Subjects=9
-34  -80  -10 
-38  -30  -18 
-20  16  42 
14  56  22 
-2  -100  6 
-16  -62  -18 
-6  -60  34 
-60  -40  48 

//Reference=MNI 
//nullstudy_72
//Subjects=9
-18  -40  8 
-18  -36  -34 
-50  -32  -20 
36  22  50 
-60  -14  12 
-28  -84  20 
4  30  24 
24  16  48 

//Reference=MNI 
//nullstudy_73
//Subjects=11
44  2  -36 
14  10  -4 
-66  -14  20 
-44  4  28 
-38  2  -16 
-50  -64  -34 
-12  -36  12 
-30  -10  -32 

//Reference=MNI 
//nullstudy_74
//Subjects=10
22  4  -22 
-52  -44  56 
-26  54  -12 
-16  -40  14 
-14  0  -4 
-2  -58  -36 
-46  2  44 
22  52  14 

//Reference=MNI 
//nullstudy_75
//Subjects=9
-34  8  36 
-66  -14  -22 
-12  48  12 
-14  60  30 
-38  -68  -18 
-62  8  6 
-18  0  -20 
42  38  36 

//Reference=MNI 
//nullstudy_76
//Subjects=11
-42  -50  26 
-14  -14  -32 
-38  52  26 
-4  20  64 
-10  18  56 
-10  -78  46 
-26  16  -14 
-18  -42  0 

//Reference=MNI 
//nullstudy_77
//Subjects=8
26  30  44 
44  8  -12 
-30  -12  -6 
-48  -78  -26 
-54  -74  12 
-16  18  -24 
-8  -60  64 
-8  -44  36 

//Reference=MNI 
//nullstudy_78
//Subjects=11
-32  -20  2 
4  62  28 
-20  -98  -16 
-10  -54  26 
-44  -58  36 
-44  -34  50 
-10  52  24 
32  10  -24 

//Reference=MNI 
//nullstudy_79
//Subjects=12
-16  -66  -18 
-34  -10  -46 
-20  -26  4 
-28  -22  -14 
-54  -16  -34 
-12  -68  -28 
-26  10  66 
-58  -4  -14 

//Reference=MNI 
//nullstudy_80
//Subjects=10
12  16  -4 
-48  -22  32 
-30  -82  4 
-6  -78  -36 
-44  48  -8 
-48  -50  -18 
-30  -50  62 
20  30  54 

//Reference=MNI 
//nullstudy_81
//Subjects=9
-16  -40  40 
-50  -32  -26 
-16  18  0 
26  54  24 
-32  14  40 
-14  -54  10 
-30  -86  30 
-66  -4  24 

//Reference=MNI 
//nullstudy_82
//Subjects=10
-42  -6  -10 
-8  42  -26 
-48  -50  6 
36  10  -10 
-42  -82  26 
4  10  24 
36  6  66 
-28  0  70 

//Reference=MNI 
//nullstudy_83
//Subjects=11
10  14  68 
-8  -16  20 
26  54  -12 
-14  -66  6 
-64  -50  -10 
2  42  -8 
36  30  -2 
-46  30  28 

//Reference=MNI 
//nullstudy_84
//Subjects=9
-2  -32  70 
-50  -26  38 
-60  -30  14 
-18  0  -12 
-26  -18  -34 
-10  -60  38 
42  56  -12 
-18  22  -28 

//Reference=MNI 
//nullstudy_85
//Subjects=11
-32  62  8 
-40  -52  -14 
-68  -34  32 
-8  64  2 
-42  14  -24 
-62  -42  12 
-50  -46  6 
-42  -48  24 

//Reference=MNI 
//nullstudy_86
//Subjects=10
-54  -8  20 
-52  16  16 
-48  20  30 
-6  -58  -12 
-52  0  -30 
-44  -18  22 
44  10  -6 
2  52  18 

//Reference=MNI 
//nullstudy_87
//Subjects=9
16  12  -14 
30  56  22 
-44  -26  62 
46  8  40 
-46  -54  -24 
22  24  42 
-16  2  -28 
-62  -42  6 

//Reference=MNI 
//nullstudy_88
//Subjects=10
28  10  58 
-60  -22  34 
-38  52  -10 
36  36  40 
-46  20  48 
-14  60  -4 
-44  -64  30 
-6  -20  4 

//Reference=MNI 
//nullstudy_89
//Subjects=11
-34  -68  -20 
-34  -86  -14 
46  40  14 
-2  -50  -32 
-46  -46  40 
-56  -26  -20 
-50  -74  -2 
6  14  8 

//Reference=MNI 
//nullstudy_90
//Subjects=10
-38  -76  -44 
-42  -14  -30 
32  50  -16 
-42  10  -28 
36  6  -4 
-48  -64  8 
-50  -40  34 
-20  54  -18 

//Reference=MNI 
//nullstudy_91
//Subjects=11
26  30  48 
-4  -68  48 
-22  -90  -24 
-40  -28  12 
8  30  -12 
-20  -38  -24 
-8  52  -20 
-20  -86  -32 

//Reference=MNI 
//nullstudy_92
//Subjects=10
-56  -16  20 
-10  46  26 
-18  38  44 
-20  -36  -44 
-8  48  4 
-20  -52  -8 
-34  14  -34 
-20  -50  4 

//Reference=MNI 
//nullstudy_93
//Subjects=9
-58  -58  24 
-20  46  -22 
-6  -80  -28 
-54  -46  -18 
-22  -6  -12 
-14  -52  -12 
-56  2  0 
-8  -4  24 

//Reference=MNI 
//nullstudy_94
//Subjects=11
-34  44  16 
-18  -2  52 
-68  -48  8 
-54  26  4 
22  26  36 
-2  -38  20 
-12  -54  44 
-38  42  -2 

//Reference=MNI 
//nullstudy_95
//Subjects=8
-40  -56  -52 
-46  0  36 
34  32  14 
-12  40  30 
-36  -22  -2 
-18  -2  54 
-6  -74  54 
22  68  -6 

//Reference=MNI 
//nullstudy_96
//Subjects=12
-22  -62  -32 
-4  4  -30 
24  52  18 
-2  8  34 
-36  6  36 
-50  -76  22 
6  44  8 
52  36  14 

//Reference=MNI 
//nullstudy_97
//Subjects=10
6  48  0 
-10  50  -6 
-26  -88  -28 
-10  -56  -36 
-4  -38  64 
-36  44  30 
-42  20  -2 
-32  50  32 

//Reference=MNI 
//nullstudy_98
//Subjects=9
-22  -56  8 
-56  0  -20 
-4  -76  -50 
30  8  36 
34  56  -8 
48  40  0 
-8  -70  14 
-48  -2  -28 

//Reference=MNI 
//nullstudy_99
//Subjects=10
-40  22  -20 
-70  -42  -4 
4  34  -22 
-6  42  8 
-30  -30  72 
-4  46  -2 
-46  10  54 
-4  -6  -14 

//Reference=MNI 
//nullstudy_100
//Subjects=11
62  4  -8 
-14  44  -16 
-40  -12  8 
-46  -14  0 
-58  -6  -10 
-10  -34  58 
0  50  26 
-8  -32  36 

