//Reference=MNI 
//truestudy_1
//Subjects=22
48  -66  -7 
45  -67  -5 
46  -65  -7 
47  -66  -6 
45  -64  -5 
45  -67  -8 
46  -67  -7 
45  -66  -7 

//Reference=MNI 
//truestudy_2
//Subjects=19
46  -66  -6 
45  -66  -5 
44  -65  -5 
45  -67  -7 
46  -66  -6 
45  -66  -8 
46  -66  -6 
45  -66  -7 

//Reference=MNI 
//truestudy_3
//Subjects=19
47  -67  -6 
46  -67  -7 
45  -67  -7 
45  -67  -6 
47  -66  -6 
47  -65  -6 
45  -66  -6 
45  -65  -6 

//Reference=MNI 
//nullstudy_1
//Subjects=22
-8  34  50 
2  8  -20 
14  6  8 
-40  -48  56 
6  32  -16 
50  14  -24 
-44  -78  0 
-56  -62  -26 

//Reference=MNI 
//nullstudy_2
//Subjects=19
-38  18  12 
-24  -94  -16 
-22  -24  -30 
-24  -40  -40 
-10  -38  2 
10  32  -10 
-12  44  4 
-2  60  -16 

//Reference=MNI 
//nullstudy_3
//Subjects=19
16  30  44 
-2  -24  0 
14  4  -30 
-2  -14  -6 
-14  -70  28 
-18  -60  30 
-48  -30  -6 
-66  -26  -24 

//Reference=MNI 
//nullstudy_4
//Subjects=22
-6  -42  -34 
-34  32  -2 
-26  -18  68 
-36  38  20 
-36  -70  0 
6  34  2 
-2  -2  74 
12  18  34 

//Reference=MNI 
//nullstudy_5
//Subjects=21
28  42  -20 
16  46  2 
38  22  56 
-32  -52  62 
48  46  14 
-14  16  10 
-8  -56  -56 
-48  14  -18 

//Reference=MNI 
//nullstudy_6
//Subjects=18
14  14  -10 
-54  -16  46 
14  52  30 
-14  4  66 
-42  -16  56 
-38  16  -44 
-50  -64  42 
-28  -32  -40 

//Reference=MNI 
//nullstudy_7
//Subjects=21
-44  -26  16 
-40  -18  -24 
-14  -44  -14 
-42  -16  -6 
-32  -58  -46 
-28  -54  12 
-34  32  -4 
-48  -30  24 

//Reference=MNI 
//nullstudy_8
//Subjects=21
22  8  -28 
54  36  4 
-34  -64  -6 
-48  -4  -18 
-44  -36  58 
-10  -44  34 
14  8  -12 
-26  4  60 

//Reference=MNI 
//nullstudy_9
//Subjects=20
-36  -60  -42 
-24  -64  -52 
-30  -4  64 
-54  0  20 
-34  14  -4 
-12  -58  54 
-50  -2  -32 
40  42  16 

//Reference=MNI 
//nullstudy_10
//Subjects=21
-54  -24  4 
-30  6  -24 
-58  -52  18 
40  16  -38 
42  2  -42 
2  24  -10 
8  36  -16 
-36  -44  46 

//Reference=MNI 
//nullstudy_11
//Subjects=18
-14  -106  -6 
36  10  32 
-62  -50  34 
-4  -56  50 
-12  -30  4 
12  34  16 
-24  40  46 
-62  -28  -24 

//Reference=MNI 
//nullstudy_12
//Subjects=20
-16  -4  -12 
38  50  2 
-58  -4  34 
-34  50  8 
-52  -66  30 
46  14  8 
-2  -22  56 
-24  -14  -44 

//Reference=MNI 
//nullstudy_13
//Subjects=20
-12  44  -14 
-48  -40  4 
-4  -72  -22 
-28  24  0 
10  10  -24 
-58  -16  8 
-26  -20  -34 
-48  -22  -2 

//Reference=MNI 
//nullstudy_14
//Subjects=22
-42  -4  -2 
14  54  34 
-28  -44  -18 
-26  -70  -22 
32  24  0 
-14  -72  12 
-48  -6  54 
44  56  -10 

//Reference=MNI 
//nullstudy_15
//Subjects=20
-58  10  -22 
-56  -64  32 
-26  -78  -42 
-50  -24  -24 
-18  -58  -44 
42  22  22 
52  4  -20 
-38  10  50 

//Reference=MNI 
//nullstudy_16
//Subjects=19
-64  0  12 
30  56  -14 
-38  -34  52 
-42  32  -12 
-26  44  38 
52  12  16 
-40  -22  48 
-60  -12  32 

//Reference=MNI 
//nullstudy_17
//Subjects=20
48  20  34 
32  58  10 
-2  -86  4 
-66  -46  22 
-42  -74  -40 
-56  -64  28 
-30  -84  6 
-2  46  44 

//Reference=MNI 
//nullstudy_18
//Subjects=20
48  38  -2 
-10  46  16 
-6  -48  -6 
48  28  24 
-56  -22  40 
-6  14  -22 
-34  16  56 
34  20  0 

//Reference=MNI 
//nullstudy_19
//Subjects=19
-4  34  -14 
-46  30  16 
-48  12  30 
20  54  -12 
30  60  -2 
-32  -66  20 
-6  -8  52 
0  48  -10 

//Reference=MNI 
//nullstudy_20
//Subjects=18
18  34  46 
-12  -90  14 
-12  16  -8 
-62  -14  44 
-2  -72  -30 
-40  -60  -10 
6  38  -14 
-10  36  -20 

//Reference=MNI 
//nullstudy_21
//Subjects=21
28  36  20 
34  2  12 
30  56  10 
-28  12  -34 
-14  22  58 
38  4  -36 
-20  -56  -56 
-40  -56  38 

//Reference=MNI 
//nullstudy_22
//Subjects=20
-66  -10  -8 
-34  16  36 
-8  44  10 
-32  0  -12 
-4  32  28 
-42  18  4 
-56  -22  48 
-2  -8  48 

//Reference=MNI 
//nullstudy_23
//Subjects=20
-16  -8  -18 
-18  -38  -32 
-6  -50  -36 
-14  -10  -16 
-20  -82  30 
-22  -4  -12 
-26  -38  14 
-38  -64  16 

//Reference=MNI 
//nullstudy_24
//Subjects=20
-20  -60  18 
12  52  36 
38  16  30 
-44  -36  12 
-6  -80  -2 
-64  -58  -10 
42  10  52 
-22  -2  68 

//Reference=MNI 
//nullstudy_25
//Subjects=18
-40  20  22 
-32  64  10 
-20  -52  6 
-22  50  32 
4  20  34 
48  40  -16 
-54  -74  -4 
-26  -46  8 

//Reference=MNI 
//nullstudy_26
//Subjects=21
-48  2  -18 
0  48  38 
-36  0  -44 
34  20  12 
10  44  -10 
38  10  -4 
-6  60  10 
-36  -68  -44 

//Reference=MNI 
//nullstudy_27
//Subjects=21
20  40  54 
-26  -84  30 
-6  -40  -2 
48  50  2 
-16  12  50 
-4  52  4 
-32  40  -12 
60  16  20 

//Reference=MNI 
//nullstudy_28
//Subjects=21
-50  -42  22 
-14  -62  -18 
-42  -72  -26 
8  72  10 
18  60  20 
-60  -14  -20 
-58  -6  32 
6  4  20 

//Reference=MNI 
//nullstudy_29
//Subjects=21
44  38  -22 
-14  4  -22 
12  10  14 
-26  -6  -16 
-10  40  22 
20  70  -4 
40  62  2 
24  36  48 

//Reference=MNI 
//nullstudy_30
//Subjects=19
-34  10  0 
-10  -48  -60 
-14  -28  -38 
54  38  20 
-10  -2  -30 
-62  -14  16 
-42  -56  -16 
-62  -28  -16 

//Reference=MNI 
//nullstudy_31
//Subjects=19
-2  48  -10 
-8  -4  62 
-20  -50  -40 
4  36  18 
-36  -62  -32 
36  48  -14 
-30  -18  -26 
28  22  -28 

//Reference=MNI 
//nullstudy_32
//Subjects=21
-54  -54  4 
-56  -70  12 
-50  -16  16 
-46  -54  -28 
-12  20  58 
-44  32  -20 
-30  -78  -20 
-40  -78  36 

//Reference=MNI 
//nullstudy_33
//Subjects=20
-30  -22  48 
-14  -86  -46 
-46  -2  -44 
30  20  -44 
0  6  66 
-18  -90  12 
-34  -74  0 
-2  -34  74 

//Reference=MNI 
//nullstudy_34
//Subjects=20
-4  -42  -28 
-2  -28  -14 
-12  -76  20 
-4  -90  30 
28  56  -4 
-58  12  30 
-36  -80  4 
-32  24  30 

//Reference=MNI 
//nullstudy_35
//Subjects=21
0  56  4 
-44  -22  -20 
50  46  -2 
-6  48  6 
-4  -16  52 
-16  -94  -32 
-4  -66  38 
-32  -70  -50 

//Reference=MNI 
//nullstudy_36
//Subjects=20
-56  -8  0 
-2  -40  52 
16  54  -24 
-4  -30  24 
36  10  -4 
-20  -38  72 
44  4  26 
2  50  22 

//Reference=MNI 
//nullstudy_37
//Subjects=19
-10  -8  56 
28  54  32 
-36  4  62 
-54  -10  20 
22  56  2 
-8  16  46 
-12  44  50 
-58  -14  -12 

//Reference=MNI 
//nullstudy_38
//Subjects=20
-22  32  46 
8  12  -18 
-56  -32  -2 
-48  26  18 
-28  -18  70 
20  6  58 
-22  -40  -48 
12  10  58 

//Reference=MNI 
//nullstudy_39
//Subjects=20
-56  -10  -26 
-46  -36  -6 
-52  -60  20 
-34  36  34 
-8  -48  -4 
-18  30  -22 
-34  4  -18 
-56  -36  16 

//Reference=MNI 
//nullstudy_40
//Subjects=22
-26  -80  -40 
8  50  -4 
28  44  28 
-22  -44  12 
-40  50  14 
-8  -72  -42 
-54  28  -2 
-2  -76  12 

//Reference=MNI 
//nullstudy_41
//Subjects=20
-8  -42  72 
-36  56  18 
-4  -50  -60 
-34  -62  -26 
-48  12  8 
-12  24  -18 
-48  -62  -2 
-14  2  -20 

//Reference=MNI 
//nullstudy_42
//Subjects=19
28  8  -26 
-8  -34  72 
-6  6  44 
-28  -12  -30 
-2  20  -16 
-18  20  42 
-38  -88  2 
-12  -96  -10 

//Reference=MNI 
//nullstudy_43
//Subjects=19
-40  -58  -36 
-24  -86  -28 
-36  -64  56 
-32  40  10 
-22  -66  -28 
-18  -30  8 
-32  34  46 
44  36  38 

//Reference=MNI 
//nullstudy_44
//Subjects=22
-6  -46  44 
-54  -10  -10 
-34  -4  -24 
8  66  10 
-12  -80  -4 
-50  -28  -8 
-10  54  -26 
-44  -60  -12 

//Reference=MNI 
//nullstudy_45
//Subjects=19
62  12  24 
0  46  20 
-56  28  14 
-12  16  34 
4  54  -22 
-26  60  14 
14  14  2 
0  20  22 

//Reference=MNI 
//nullstudy_46
//Subjects=19
42  36  10 
-12  12  42 
-34  -72  -52 
-6  -42  -48 
30  52  14 
-36  -80  -28 
-38  -36  62 
-8  44  54 

//Reference=MNI 
//nullstudy_47
//Subjects=19
0  14  36 
-44  22  40 
-42  -64  36 
8  52  -12 
20  36  52 
36  18  -22 
-14  -66  24 
-34  -86  -40 

//Reference=MNI 
//nullstudy_48
//Subjects=19
-14  4  74 
40  58  -10 
26  16  62 
-26  -10  60 
-48  -56  -32 
-58  -32  -6 
-24  -34  8 
-64  -38  -14 

//Reference=MNI 
//nullstudy_49
//Subjects=20
-16  26  -22 
-40  -8  -36 
8  68  -14 
-4  -54  46 
18  50  44 
-14  -6  -18 
-24  -4  52 
-32  40  32 

//Reference=MNI 
//nullstudy_50
//Subjects=19
-34  46  -14 
32  22  12 
-46  -2  -6 
-10  -80  -22 
-28  -46  -18 
-20  -4  -8 
6  28  -20 
-64  -24  -16 

//Reference=MNI 
//nullstudy_51
//Subjects=20
28  38  38 
32  52  8 
-36  -2  -36 
-64  -50  -16 
-6  -60  -28 
-8  -74  28 
-54  -18  -26 
-34  2  30 

//Reference=MNI 
//nullstudy_52
//Subjects=20
30  28  54 
-8  -16  12 
4  12  -20 
-20  60  -18 
32  60  14 
-54  -62  -6 
40  4  6 
-22  -68  28 

//Reference=MNI 
//nullstudy_53
//Subjects=20
-56  -18  -38 
-44  -52  30 
-12  2  12 
-8  58  -16 
-20  32  54 
-6  -46  64 
-6  -52  48 
22  52  -6 

//Reference=MNI 
//nullstudy_54
//Subjects=20
-28  -90  -4 
10  16  44 
-4  -102  16 
-36  4  10 
-8  16  14 
-8  62  28 
36  22  8 
-52  4  36 

//Reference=MNI 
//nullstudy_55
//Subjects=21
18  62  -12 
-58  -62  -28 
-20  -90  18 
-28  62  -4 
-66  -46  20 
-42  -38  62 
26  12  0 
-36  38  40 

//Reference=MNI 
//nullstudy_56
//Subjects=21
-2  26  -22 
-6  10  34 
-24  -6  50 
-24  -76  -18 
-50  2  50 
-16  -72  22 
-34  -12  -8 
-58  -28  52 

//Reference=MNI 
//nullstudy_57
//Subjects=21
-10  -4  70 
16  18  -2 
-42  -40  -26 
-14  -38  12 
-8  -42  -8 
-34  -74  32 
-14  -98  6 
-12  -88  -16 

//Reference=MNI 
//nullstudy_58
//Subjects=20
-60  14  12 
-42  18  18 
50  26  32 
6  34  56 
-30  -36  58 
-6  -20  6 
-42  -50  38 
-44  -18  38 

//Reference=MNI 
//nullstudy_59
//Subjects=19
24  40  24 
22  38  -10 
-34  -22  -18 
-56  -40  -18 
14  10  50 
-16  -20  30 
-16  -36  -44 
-24  -26  50 

//Reference=MNI 
//nullstudy_60
//Subjects=20
10  16  2 
-38  10  -22 
-14  -54  2 
-2  -60  -40 
48  10  44 
-24  -76  18 
12  58  20 
52  18  22 

//Reference=MNI 
//nullstudy_61
//Subjects=22
-24  -30  -4 
2  36  14 
34  64  12 
-40  -46  62 
-54  -34  10 
-14  -34  -28 
52  24  0 
-18  6  50 

//Reference=MNI 
//nullstudy_62
//Subjects=21
-4  58  12 
-28  -16  -8 
48  32  0 
-4  -68  -4 
14  12  44 
-62  -58  24 
54  32  8 
-42  -4  -18 

//Reference=MNI 
//nullstudy_63
//Subjects=20
4  36  30 
-4  -24  42 
-52  -78  6 
-64  -28  -4 
0  54  18 
-44  -30  -4 
14  40  -14 
22  70  6 

//Reference=MNI 
//nullstudy_64
//Subjects=20
-58  -42  22 
-14  62  -10 
-28  -94  -24 
-60  12  -2 
-20  -104  4 
-4  -42  -20 
30  36  52 
4  36  -16 

//Reference=MNI 
//nullstudy_65
//Subjects=20
-16  10  -30 
-30  42  16 
56  6  8 
-10  -68  -32 
-16  -68  -8 
42  6  -28 
-52  -50  -2 
-38  -20  -22 

//Reference=MNI 
//nullstudy_66
//Subjects=20
-6  62  -4 
44  24  -8 
-16  60  6 
14  40  -14 
30  20  -16 
-34  -92  -10 
-8  -86  -40 
-44  -70  20 

//Reference=MNI 
//nullstudy_67
//Subjects=20
-42  12  -8 
-48  -34  50 
-58  -66  -20 
52  26  -4 
38  14  8 
-8  -22  80 
-8  -46  48 
46  10  48 

//Reference=MNI 
//nullstudy_68
//Subjects=19
-28  -36  -24 
-42  18  -30 
-64  -8  -16 
-8  -20  58 
20  52  18 
-48  -58  30 
-50  -44  -30 
8  58  4 

//Reference=MNI 
//nullstudy_69
//Subjects=20
2  60  14 
-8  -80  -36 
-16  62  6 
-18  14  4 
-54  -24  26 
24  48  10 
46  4  -14 
-54  -48  44 

//Reference=MNI 
//nullstudy_70
//Subjects=20
46  20  -20 
-24  -84  0 
-28  -12  2 
8  6  -2 
-64  -36  -14 
-48  -52  -30 
-16  -50  -40 
-22  -40  -2 

//Reference=MNI 
//nullstudy_71
//Subjects=22
-16  20  -16 
36  54  -10 
-52  -10  -18 
-24  -58  -28 
34  28  40 
-54  0  -20 
14  12  -20 
10  52  2 

//Reference=MNI 
//nullstudy_72
//Subjects=22
-20  26  -28 
-18  -98  -8 
-50  -22  -6 
-30  18  -10 
-10  68  8 
-40  6  -12 
-40  -64  -38 
48  10  32 

//Reference=MNI 
//nullstudy_73
//Subjects=20
58  18  28 
6  64  -6 
-30  10  34 
-28  18  12 
36  44  40 
-44  44  16 
-12  -28  -6 
-24  -42  50 

//Reference=MNI 
//nullstudy_74
//Subjects=18
-22  -76  -14 
-20  -48  -36 
-42  -24  -30 
-48  -68  28 
-54  -76  -4 
-60  -2  -32 
54  2  -38 
-48  -32  60 

//Reference=MNI 
//nullstudy_75
//Subjects=20
-40  -32  38 
-34  -74  -28 
28  66  -10 
-56  -66  6 
36  16  -10 
-2  12  70 
-10  -56  14 
-2  12  38 

//Reference=MNI 
//nullstudy_76
//Subjects=18
20  6  62 
32  20  -18 
-54  -18  30 
-20  4  -32 
-42  -20  64 
-58  -24  -2 
22  30  38 
12  38  16 

//Reference=MNI 
//nullstudy_77
//Subjects=19
-16  -34  -12 
-30  20  10 
42  6  38 
-30  6  -24 
18  10  62 
-42  -70  44 
52  8  48 
2  68  16 

//Reference=MNI 
//nullstudy_78
//Subjects=20
40  24  34 
-18  -92  22 
-40  -84  22 
-2  -86  -4 
20  28  34 
-34  -36  -4 
10  4  10 
-16  56  22 

//Reference=MNI 
//nullstudy_79
//Subjects=19
46  18  48 
-6  -90  14 
-60  -24  -4 
-24  -80  36 
-46  -74  -8 
-58  -48  50 
-10  -44  52 
46  24  24 

//Reference=MNI 
//nullstudy_80
//Subjects=20
-28  -20  68 
36  16  38 
-46  -32  38 
-2  36  -20 
-28  -66  62 
16  28  -24 
16  40  36 
40  24  4 

//Reference=MNI 
//nullstudy_81
//Subjects=20
24  44  50 
-20  20  52 
-22  28  56 
-4  14  4 
22  12  70 
-26  -18  -18 
-48  -58  -6 
-8  -40  70 

//Reference=MNI 
//nullstudy_82
//Subjects=20
-28  -54  -18 
-10  -28  -20 
-46  6  -22 
-62  -8  2 
10  58  -14 
-24  -30  -18 
-36  22  -20 
-32  -50  -44 

//Reference=MNI 
//nullstudy_83
//Subjects=20
6  60  -26 
-50  -62  48 
-68  -22  -12 
-22  -62  58 
-16  -38  -32 
16  58  4 
42  24  -18 
-60  -54  36 

//Reference=MNI 
//nullstudy_84
//Subjects=21
8  62  -14 
-42  20  -28 
-58  -42  44 
8  40  46 
-8  60  36 
-6  44  32 
-30  54  -4 
-42  0  30 

//Reference=MNI 
//nullstudy_85
//Subjects=20
-36  30  0 
-32  62  0 
-2  -24  -18 
42  50  -16 
-14  -54  -18 
12  18  -6 
-32  -84  -8 
-24  -86  -36 

//Reference=MNI 
//nullstudy_86
//Subjects=21
-54  14  10 
30  20  34 
-20  -66  4 
-42  -26  -22 
-6  -62  64 
-56  34  6 
-58  -32  8 
10  4  -28 

//Reference=MNI 
//nullstudy_87
//Subjects=20
-36  -78  12 
-46  -54  -28 
-22  -80  52 
-4  -78  -36 
-68  -48  -2 
-8  -30  50 
-26  62  10 
-12  -84  46 

//Reference=MNI 
//nullstudy_88
//Subjects=19
-22  -32  -44 
-38  60  -8 
-26  2  -22 
-34  -52  -26 
-26  -94  2 
-20  -74  -54 
-48  -68  10 
-40  -82  -30 

//Reference=MNI 
//nullstudy_89
//Subjects=21
-16  42  46 
-8  -36  -36 
-12  68  14 
-40  44  -18 
-56  -12  -42 
-36  -12  -6 
-42  46  -8 
-24  -48  62 

//Reference=MNI 
//nullstudy_90
//Subjects=19
-10  -74  -2 
-34  -4  -50 
42  2  62 
-24  -72  26 
10  68  8 
-46  -20  62 
-26  -98  -6 
6  64  -2 

//Reference=MNI 
//nullstudy_91
//Subjects=18
-4  30  -18 
-4  60  34 
-64  -24  0 
6  16  -12 
-8  -26  72 
16  64  -8 
-6  -58  -36 
-50  -68  2 

//Reference=MNI 
//nullstudy_92
//Subjects=20
-36  -10  66 
24  20  -22 
-12  -38  -2 
-48  -78  -20 
-48  0  -44 
-20  -80  10 
-32  2  16 
-6  -68  52 

//Reference=MNI 
//nullstudy_93
//Subjects=21
-52  -58  -14 
46  8  -22 
-34  20  54 
18  14  10 
4  26  -28 
-32  38  40 
-10  24  8 
-14  -54  60 

//Reference=MNI 
//nullstudy_94
//Subjects=22
12  10  -4 
-12  -42  -24 
-48  4  50 
-32  12  16 
44  34  34 
-54  12  -14 
-2  -16  78 
22  34  42 

//Reference=MNI 
//nullstudy_95
//Subjects=20
-22  -34  10 
-38  44  4 
-56  -4  -22 
-8  64  16 
-4  16  32 
-20  -60  -50 
-38  -86  -28 
-56  -32  -14 

//Reference=MNI 
//nullstudy_96
//Subjects=20
28  58  -16 
-8  0  -10 
12  30  -20 
30  28  2 
-60  -4  -2 
-52  -64  20 
-18  -52  58 
44  10  -6 

//Reference=MNI 
//nullstudy_97
//Subjects=20
-2  60  30 
-40  -60  -8 
-12  38  22 
14  40  4 
-60  -30  6 
-2  -18  36 
-20  -76  22 
-44  -60  -58 

//Reference=MNI 
//nullstudy_98
//Subjects=22
22  60  12 
-50  -12  -28 
-14  14  -26 
46  28  28 
-46  -10  18 
10  30  -30 
30  34  52 
-70  -30  10 

//Reference=MNI 
//nullstudy_99
//Subjects=21
10  22  60 
-34  -36  -30 
-22  -12  -22 
-10  14  66 
36  16  -24 
-22  4  64 
-18  -50  -12 
-14  52  46 

//Reference=MNI 
//nullstudy_100
//Subjects=21
10  8  -32 
6  38  -8 
-46  -22  48 
-8  -24  22 
-48  -24  10 
34  6  -28 
-24  -66  52 
48  6  56 

