//Reference=MNI 
//truestudy_1
//Subjects=28
47  -66  -3 
46  -64  -6 
44  -67  -7 
45  -66  -5 
46  -67  -5 
46  -64  -5 
46  -67  -6 
46  -65  -6 

//Reference=MNI 
//truestudy_2
//Subjects=30
45  -66  -8 
45  -67  -5 
47  -67  -6 
46  -65  -8 
47  -66  -5 
47  -65  -5 
47  -68  -6 
47  -67  -7 

//Reference=MNI 
//truestudy_3
//Subjects=31
46  -68  -6 
49  -67  -6 
46  -66  -6 
45  -67  -7 
47  -68  -5 
47  -67  -5 
45  -66  -7 
46  -66  -6 

//Reference=MNI 
//nullstudy_1
//Subjects=28
-8  32  34 
-24  48  -4 
-2  -64  -50 
-12  48  -2 
-60  -50  16 
-44  6  -10 
-38  38  -4 
-38  -56  -4 

//Reference=MNI 
//nullstudy_2
//Subjects=30
-24  48  -18 
-2  -60  -26 
-26  48  40 
-62  -36  30 
-28  -8  42 
-42  -42  58 
-32  30  38 
50  32  32 

//Reference=MNI 
//nullstudy_3
//Subjects=31
-32  32  -2 
-8  18  66 
-2  -82  34 
-48  -2  -16 
-2  -32  60 
-26  -64  54 
-16  -32  -22 
-8  -50  40 

//Reference=MNI 
//nullstudy_4
//Subjects=30
-12  -46  4 
-30  10  -6 
-42  14  -28 
-4  -20  36 
-42  40  -22 
-12  -58  -58 
-58  8  34 
-22  -48  -24 

//Reference=MNI 
//nullstudy_5
//Subjects=29
-8  56  12 
-16  -46  -22 
-26  56  32 
-46  -72  -30 
-36  16  54 
8  10  36 
-14  -42  -42 
28  2  54 

//Reference=MNI 
//nullstudy_6
//Subjects=29
-32  8  12 
-8  -84  -16 
-44  -66  -12 
2  32  48 
-28  18  2 
-40  -34  58 
30  14  -40 
2  42  -16 

//Reference=MNI 
//nullstudy_7
//Subjects=30
10  12  70 
-52  -36  52 
-2  -54  -14 
-66  -26  -14 
-42  -58  32 
-12  -36  -4 
-30  -64  58 
-16  -76  14 

//Reference=MNI 
//nullstudy_8
//Subjects=30
-20  -64  56 
-6  38  -4 
-44  -26  14 
-26  34  44 
12  54  -2 
-4  -60  16 
12  52  -6 
-2  24  -8 

//Reference=MNI 
//nullstudy_9
//Subjects=30
22  26  -14 
4  18  58 
8  58  14 
-2  -42  -12 
42  40  -22 
-52  -40  36 
0  50  46 
-12  32  -28 

//Reference=MNI 
//nullstudy_10
//Subjects=29
34  12  -34 
-6  -64  -50 
30  10  -16 
-44  -68  -20 
-56  -26  -12 
-16  -62  54 
-38  -12  58 
-2  -62  24 

//Reference=MNI 
//nullstudy_11
//Subjects=29
8  20  -20 
-10  50  10 
-26  18  50 
-48  32  34 
46  22  -8 
-54  -54  -4 
-8  44  18 
-10  -14  14 

//Reference=MNI 
//nullstudy_12
//Subjects=32
-52  -60  8 
-32  -48  0 
-36  40  6 
-30  -92  -6 
-6  -68  -22 
-14  36  42 
-44  -22  -28 
24  12  46 

//Reference=MNI 
//nullstudy_13
//Subjects=30
-26  -6  -38 
48  26  -12 
-10  62  -14 
-26  42  48 
-54  -40  26 
-46  50  -14 
56  2  -16 
-20  -36  66 

//Reference=MNI 
//nullstudy_14
//Subjects=31
-12  -20  52 
-2  40  -16 
16  28  46 
-36  8  -22 
-44  -56  42 
-4  -50  -28 
-10  -48  50 
38  2  -38 

//Reference=MNI 
//nullstudy_15
//Subjects=30
-22  -42  12 
-62  -54  28 
36  60  -6 
-44  -50  -54 
-54  -46  -12 
-36  14  10 
-44  -16  50 
-42  -54  24 

//Reference=MNI 
//nullstudy_16
//Subjects=31
-32  -34  -34 
-12  4  46 
8  4  66 
-6  -94  -6 
14  58  -16 
-2  -82  42 
-30  4  34 
-12  -58  -46 

//Reference=MNI 
//nullstudy_17
//Subjects=29
-42  -82  12 
-42  36  26 
-32  -62  -60 
-52  0  48 
-48  -26  -18 
-40  -14  50 
-28  -44  -48 
-52  -20  8 

//Reference=MNI 
//nullstudy_18
//Subjects=31
-56  -28  52 
-4  -14  62 
-18  20  -18 
-30  44  -14 
-50  -60  22 
64  12  14 
-8  -18  60 
-24  8  8 

//Reference=MNI 
//nullstudy_19
//Subjects=29
-20  -74  -28 
-8  -48  2 
-6  -6  -12 
-38  4  24 
-20  -64  58 
-14  -18  78 
-22  -34  -42 
-44  -18  -22 

//Reference=MNI 
//nullstudy_20
//Subjects=29
16  68  -4 
-28  18  54 
-10  -90  -8 
38  34  -4 
-32  32  44 
-12  -24  -26 
30  6  66 
-20  -56  10 

//Reference=MNI 
//nullstudy_21
//Subjects=30
-46  -40  4 
-26  12  -24 
-12  -60  -32 
-30  -18  -18 
32  2  36 
-28  -72  -14 
-66  -24  -2 
-4  -52  44 

//Reference=MNI 
//nullstudy_22
//Subjects=30
20  10  -40 
-46  18  -8 
40  30  0 
-8  -62  -2 
-8  66  4 
-14  10  22 
-30  -54  50 
-42  -12  8 

//Reference=MNI 
//nullstudy_23
//Subjects=31
8  62  -22 
-10  -38  -54 
-16  -80  -16 
-70  -24  -10 
-10  18  26 
-16  -52  -42 
42  22  -30 
12  34  -16 

//Reference=MNI 
//nullstudy_24
//Subjects=30
-2  -14  -18 
-28  -50  -4 
-44  6  -24 
-44  36  -12 
8  20  6 
-6  -76  28 
-46  -72  30 
8  46  0 

//Reference=MNI 
//nullstudy_25
//Subjects=32
-24  -68  16 
18  22  -22 
-34  -22  14 
-14  -48  -36 
-30  -12  50 
-18  14  46 
-8  -30  2 
-64  -4  -26 

//Reference=MNI 
//nullstudy_26
//Subjects=28
-16  -58  10 
-14  -26  26 
-26  2  -28 
38  18  -28 
-30  -34  -2 
-56  -60  44 
12  26  -6 
-48  8  -4 

//Reference=MNI 
//nullstudy_27
//Subjects=31
66  2  24 
2  24  -8 
-34  -66  -22 
-32  16  -10 
-60  -30  -14 
-14  -68  14 
-30  32  34 
-28  -78  14 

//Reference=MNI 
//nullstudy_28
//Subjects=29
-22  -96  -2 
-42  -80  0 
-10  14  58 
-32  -98  -12 
32  32  6 
38  8  -10 
-26  -80  44 
56  2  18 

//Reference=MNI 
//nullstudy_29
//Subjects=30
-6  -24  -24 
2  2  28 
44  34  34 
32  48  24 
14  10  -4 
-50  20  -24 
-34  -56  64 
-14  -38  44 

//Reference=MNI 
//nullstudy_30
//Subjects=31
-12  -22  70 
-2  42  16 
-58  14  6 
-24  -66  -6 
48  24  -8 
-40  -74  26 
-42  -58  -46 
-18  50  18 

//Reference=MNI 
//nullstudy_31
//Subjects=29
-48  -22  26 
-60  -50  -2 
-26  26  -6 
-16  -60  -36 
12  38  56 
-18  28  -12 
-16  6  -44 
-32  -44  -44 

//Reference=MNI 
//nullstudy_32
//Subjects=28
-26  -10  -8 
-46  -36  16 
-24  -78  32 
-4  -74  32 
-6  -60  22 
-24  -44  -38 
-8  4  42 
-28  56  28 

//Reference=MNI 
//nullstudy_33
//Subjects=29
-18  -32  66 
42  46  -20 
28  42  14 
-6  -4  76 
-28  -96  14 
-6  -84  -18 
46  8  40 
-4  -52  -52 

//Reference=MNI 
//nullstudy_34
//Subjects=31
-38  -56  60 
-38  36  -22 
10  4  10 
-10  56  0 
-66  -46  -14 
30  2  -28 
-48  0  -26 
2  10  62 

//Reference=MNI 
//nullstudy_35
//Subjects=30
62  4  30 
-14  2  -2 
36  8  12 
40  24  -8 
26  2  -50 
-30  -46  72 
-28  28  36 
-46  10  54 

//Reference=MNI 
//nullstudy_36
//Subjects=28
28  10  50 
-2  -32  42 
-8  62  16 
6  4  40 
-22  -70  -46 
-6  -20  12 
-40  -28  24 
10  62  24 

//Reference=MNI 
//nullstudy_37
//Subjects=29
-22  -80  18 
42  36  0 
-38  38  6 
-14  4  16 
14  50  14 
-42  20  36 
-38  38  18 
-36  -24  60 

//Reference=MNI 
//nullstudy_38
//Subjects=31
10  28  20 
20  12  64 
-22  -80  -40 
-66  -8  -8 
-34  -28  -22 
14  8  14 
-16  -2  -8 
-60  -12  8 

//Reference=MNI 
//nullstudy_39
//Subjects=31
-6  22  52 
-6  2  54 
8  60  30 
46  6  -40 
-56  -12  50 
-10  -48  -60 
26  26  -16 
-34  2  34 

//Reference=MNI 
//nullstudy_40
//Subjects=31
46  34  -12 
32  30  44 
36  26  10 
-4  -24  -36 
0  4  38 
-32  -88  30 
0  16  22 
-16  8  -38 

//Reference=MNI 
//nullstudy_41
//Subjects=31
36  4  -6 
-24  0  50 
24  22  -12 
-14  20  -28 
-28  22  8 
-28  -46  -36 
-38  2  -34 
-18  68  18 

//Reference=MNI 
//nullstudy_42
//Subjects=31
-4  -102  -14 
-36  50  -8 
-22  22  -26 
-36  -2  38 
-14  40  56 
-10  -26  38 
-12  -16  -38 
34  26  -12 

//Reference=MNI 
//nullstudy_43
//Subjects=30
-56  -40  14 
-50  22  -4 
-46  30  -12 
62  6  -16 
-6  18  54 
22  64  -4 
-32  -84  28 
28  8  -38 

//Reference=MNI 
//nullstudy_44
//Subjects=29
-28  44  12 
-10  -88  6 
-62  -18  28 
-16  -20  -2 
-52  -72  4 
-18  56  -12 
-10  16  8 
-20  -18  70 

//Reference=MNI 
//nullstudy_45
//Subjects=29
32  22  40 
-60  -4  20 
38  36  40 
20  60  18 
-6  34  0 
36  20  -6 
-28  -78  34 
-66  -6  -8 

//Reference=MNI 
//nullstudy_46
//Subjects=31
-18  -6  -26 
-24  -88  24 
-38  -66  -36 
-6  6  72 
-56  -46  34 
-30  -58  -50 
38  14  -24 
-26  -74  2 

//Reference=MNI 
//nullstudy_47
//Subjects=30
-6  -64  46 
36  50  -2 
-36  8  -10 
-54  -12  34 
-26  -20  -32 
-20  -78  -50 
32  48  18 
0  46  -26 

//Reference=MNI 
//nullstudy_48
//Subjects=30
-48  -74  20 
-4  -16  -30 
-8  58  40 
-8  30  36 
-4  8  46 
-50  -6  -38 
-26  16  -40 
-64  -8  -10 

//Reference=MNI 
//nullstudy_49
//Subjects=31
-4  -62  66 
-38  -76  42 
-16  34  -20 
14  42  -14 
-28  24  -28 
32  32  20 
-16  -6  -20 
-60  -6  10 

//Reference=MNI 
//nullstudy_50
//Subjects=29
-6  -12  48 
12  6  14 
34  16  62 
0  66  6 
42  44  28 
-30  26  58 
-14  38  24 
20  42  34 

//Reference=MNI 
//nullstudy_51
//Subjects=30
-30  -52  -20 
-32  40  -12 
-16  -58  24 
-22  -72  20 
54  6  2 
-20  -26  24 
-32  -76  -8 
-44  18  -32 

//Reference=MNI 
//nullstudy_52
//Subjects=30
-44  36  36 
60  16  10 
36  42  16 
20  4  -12 
10  64  8 
-46  -54  -36 
50  14  -18 
-8  64  -12 

//Reference=MNI 
//nullstudy_53
//Subjects=29
20  52  26 
-52  -2  18 
-42  -34  -14 
2  58  -24 
-44  -14  6 
-40  -88  -6 
-4  -10  32 
-12  28  20 

//Reference=MNI 
//nullstudy_54
//Subjects=29
-36  -8  -8 
10  54  44 
-54  -64  20 
-4  -48  -40 
-24  10  -4 
-34  -82  -2 
-28  -86  -46 
-10  -48  -38 

//Reference=MNI 
//nullstudy_55
//Subjects=30
-64  -38  -8 
-44  -56  -16 
-64  -28  26 
-4  -12  -4 
-18  -42  -12 
-50  36  26 
30  36  -12 
-10  0  -6 

//Reference=MNI 
//nullstudy_56
//Subjects=30
-32  6  54 
-2  -34  58 
-52  -56  -18 
-28  -36  44 
-34  -18  8 
-60  2  -22 
-54  -72  18 
26  34  26 

//Reference=MNI 
//nullstudy_57
//Subjects=31
30  42  34 
-6  -66  -42 
6  24  20 
34  16  4 
-18  -80  4 
-30  12  64 
-44  14  -16 
-16  34  -28 

//Reference=MNI 
//nullstudy_58
//Subjects=29
-14  -22  64 
-26  6  6 
12  36  -28 
40  42  36 
-40  -56  -54 
-48  -10  24 
-38  20  42 
-16  -86  16 

//Reference=MNI 
//nullstudy_59
//Subjects=30
-18  -68  16 
-10  -34  38 
12  26  -4 
-38  24  42 
-54  30  -2 
6  30  28 
-32  -74  52 
34  24  0 

//Reference=MNI 
//nullstudy_60
//Subjects=29
-24  -10  46 
-24  10  -36 
-6  -96  26 
-22  -70  -28 
-10  -56  -42 
-6  70  4 
18  54  38 
-42  -82  12 

//Reference=MNI 
//nullstudy_61
//Subjects=30
52  44  10 
34  42  12 
-40  32  0 
0  58  -10 
-40  -68  -38 
-40  -8  -34 
-10  -56  -22 
10  60  6 

//Reference=MNI 
//nullstudy_62
//Subjects=30
-28  -76  -56 
-60  -62  -16 
-12  -14  0 
-26  -76  36 
10  50  22 
0  32  -20 
-6  -58  72 
10  40  16 

//Reference=MNI 
//nullstudy_63
//Subjects=29
-22  -96  -8 
38  10  -16 
-8  -36  56 
-28  -10  64 
-12  -54  -34 
2  12  -12 
-8  -6  -2 
38  46  -4 

//Reference=MNI 
//nullstudy_64
//Subjects=30
-62  -20  -16 
-44  -38  -30 
-10  54  -2 
-42  -32  62 
-22  -78  -30 
-8  62  34 
8  8  62 
0  36  10 

//Reference=MNI 
//nullstudy_65
//Subjects=31
-54  -6  18 
-38  42  26 
-24  -60  22 
-26  -16  74 
-8  -60  -40 
-26  -78  -4 
-32  42  36 
18  10  2 

//Reference=MNI 
//nullstudy_66
//Subjects=31
54  30  2 
14  34  22 
42  36  38 
-2  36  6 
-56  -44  -2 
-10  -76  -18 
-20  -40  2 
-28  -38  -36 

//Reference=MNI 
//nullstudy_67
//Subjects=29
-4  -10  58 
36  32  48 
12  4  -16 
10  72  0 
2  60  8 
-14  -42  -22 
-60  18  20 
-10  60  10 

//Reference=MNI 
//nullstudy_68
//Subjects=29
-28  12  44 
-16  -62  -62 
-18  -88  10 
-44  -56  6 
-44  22  48 
-54  -4  -4 
-34  -40  -54 
-2  -64  -8 

//Reference=MNI 
//nullstudy_69
//Subjects=30
-60  -32  -20 
-36  -6  -38 
44  26  -8 
-2  -54  -24 
-24  -80  36 
-28  -74  30 
2  62  -20 
-56  -8  -22 

//Reference=MNI 
//nullstudy_70
//Subjects=29
-28  -78  -12 
-62  -30  -22 
-42  -44  22 
-16  -20  12 
12  24  12 
-46  24  4 
-10  -38  32 
-30  -62  -38 

//Reference=MNI 
//nullstudy_71
//Subjects=32
-6  4  38 
-68  -44  16 
6  46  -10 
-28  -56  36 
-48  -22  2 
38  16  28 
14  62  20 
-2  -40  66 

//Reference=MNI 
//nullstudy_72
//Subjects=31
-14  -72  -18 
-12  -56  42 
-42  48  12 
-18  -42  58 
-22  -34  14 
-66  -6  26 
-26  -74  -22 
-6  -40  28 

//Reference=MNI 
//nullstudy_73
//Subjects=31
42  2  30 
-16  8  -2 
42  10  2 
-46  -56  36 
26  42  38 
36  28  28 
-46  6  -14 
-34  -8  -22 

//Reference=MNI 
//nullstudy_74
//Subjects=29
-2  2  -24 
-22  -68  -28 
-36  -84  -34 
-14  -24  -22 
-8  38  4 
-8  -28  8 
-70  -32  2 
-4  -70  54 

//Reference=MNI 
//nullstudy_75
//Subjects=31
-12  -10  56 
-2  -72  -28 
-28  -60  -26 
-38  8  22 
-30  -82  -10 
-26  -68  -2 
-4  -16  -28 
-30  -78  -6 

//Reference=MNI 
//nullstudy_76
//Subjects=30
-18  -16  66 
-18  -66  32 
8  16  -14 
-50  -32  8 
-2  32  62 
-4  16  -18 
-24  52  6 
-4  24  -12 

//Reference=MNI 
//nullstudy_77
//Subjects=29
16  50  -24 
-14  36  -26 
10  26  36 
-24  -78  50 
-6  -64  54 
-8  46  16 
-6  42  -18 
-2  -26  -2 

//Reference=MNI 
//nullstudy_78
//Subjects=28
-38  44  6 
10  44  8 
14  22  34 
-18  -82  -8 
26  50  30 
12  26  -18 
36  42  34 
-16  16  -8 

//Reference=MNI 
//nullstudy_79
//Subjects=29
-54  -50  28 
14  48  42 
-26  -60  66 
-46  34  24 
-10  10  4 
0  34  36 
-6  14  42 
-40  18  46 

//Reference=MNI 
//nullstudy_80
//Subjects=29
52  8  -8 
-4  42  -2 
-66  -40  4 
-4  6  34 
-4  -48  -64 
-36  -76  -30 
-44  -58  -58 
-16  58  -22 

//Reference=MNI 
//nullstudy_81
//Subjects=29
-26  -64  -56 
-22  62  -18 
56  2  -24 
-34  -48  -4 
-48  -26  32 
34  22  -24 
22  58  -12 
58  2  -28 

//Reference=MNI 
//nullstudy_82
//Subjects=31
-32  14  58 
28  20  44 
-16  -36  -40 
-32  38  38 
-24  22  60 
46  14  -36 
4  12  -18 
-32  -18  72 

//Reference=MNI 
//nullstudy_83
//Subjects=30
6  54  36 
-32  -56  64 
50  16  -6 
18  18  54 
20  24  60 
-46  -20  36 
-36  -44  -24 
-42  30  -16 

//Reference=MNI 
//nullstudy_84
//Subjects=32
-54  -36  -8 
58  14  6 
-12  2  70 
-38  10  -18 
-20  50  44 
40  30  14 
-32  -22  44 
-8  -66  -56 

//Reference=MNI 
//nullstudy_85
//Subjects=27
-38  36  40 
42  50  18 
2  14  12 
-34  -74  10 
-34  -46  -56 
-2  18  6 
40  16  46 
2  50  -26 

//Reference=MNI 
//nullstudy_86
//Subjects=32
-4  -14  18 
-24  48  38 
-16  -82  -40 
-34  -70  -46 
18  28  58 
-8  -72  42 
-6  -86  18 
-10  -14  76 

//Reference=MNI 
//nullstudy_87
//Subjects=30
-20  -82  -24 
-2  32  58 
-44  -42  -20 
8  30  -22 
-26  -34  -48 
-38  -64  -38 
-36  58  -10 
-46  0  -40 

//Reference=MNI 
//nullstudy_88
//Subjects=28
-56  12  -20 
-58  -58  -2 
-2  -58  70 
-46  -54  -22 
-60  -46  48 
-46  -52  58 
-2  58  -18 
-18  24  40 

//Reference=MNI 
//nullstudy_89
//Subjects=29
-32  48  -2 
-48  -78  -14 
-52  -42  40 
-46  -64  -38 
-36  -72  -8 
-8  -90  0 
-34  -78  16 
-12  -86  16 

//Reference=MNI 
//nullstudy_90
//Subjects=31
-62  -40  -14 
48  48  12 
-38  -48  18 
-42  -46  16 
10  32  52 
42  8  12 
-18  50  20 
-52  -34  4 

//Reference=MNI 
//nullstudy_91
//Subjects=30
-26  -48  60 
-48  4  10 
-52  -66  32 
10  14  4 
-54  2  24 
-36  0  10 
18  6  -6 
-26  -6  -10 

//Reference=MNI 
//nullstudy_92
//Subjects=29
-8  -44  -54 
-14  -66  2 
-22  8  -18 
-30  -52  0 
-26  2  66 
4  54  32 
-50  -24  24 
-16  4  24 

//Reference=MNI 
//nullstudy_93
//Subjects=30
-66  -16  0 
-12  -72  26 
-40  -68  22 
-26  -44  -44 
-18  -12  26 
30  30  -14 
-16  -88  10 
-34  -44  -2 

//Reference=MNI 
//nullstudy_94
//Subjects=30
-64  -56  4 
42  8  56 
-14  -46  -4 
40  16  40 
-2  -2  64 
-18  -36  38 
-2  -64  -24 
32  30  32 

//Reference=MNI 
//nullstudy_95
//Subjects=30
-54  -26  -4 
-48  18  2 
-12  -44  2 
-54  -2  28 
-10  -2  12 
-32  -76  -18 
-32  -74  -26 
18  14  -34 

//Reference=MNI 
//nullstudy_96
//Subjects=30
46  8  -14 
-2  -76  46 
14  20  -4 
-30  26  2 
12  56  26 
-36  10  -4 
-16  -82  44 
-52  8  -2 

//Reference=MNI 
//nullstudy_97
//Subjects=32
-22  14  50 
-20  -68  0 
-10  -24  78 
-10  -64  -16 
-6  -58  60 
-34  -18  -24 
28  26  60 
12  36  4 

//Reference=MNI 
//nullstudy_98
//Subjects=30
-34  -80  -48 
-64  -40  34 
-18  56  0 
-44  -32  52 
12  32  60 
-22  30  48 
-18  12  -8 
16  40  20 

//Reference=MNI 
//nullstudy_99
//Subjects=30
40  48  -14 
62  10  18 
-34  -40  70 
-20  -92  4 
-54  -40  4 
16  28  54 
38  14  36 
-22  52  -4 

//Reference=MNI 
//nullstudy_100
//Subjects=29
-42  18  -24 
-8  -74  48 
-12  -34  36 
6  12  -24 
-46  10  16 
-64  -34  24 
30  22  50 
-36  -56  60 

