//Reference=MNI 
//truestudy_1
//Subjects=19
46  -66  -7 
47  -66  -5 
45  -67  -7 
47  -66  -7 
45  -64  -6 
47  -67  -6 
47  -66  -4 
44  -67  -8 

//Reference=MNI 
//truestudy_2
//Subjects=19
44  -66  -7 
47  -67  -8 
48  -66  -5 
45  -67  -8 
45  -66  -6 
47  -66  -8 
46  -65  -6 
46  -65  -5 

//Reference=MNI 
//truestudy_3
//Subjects=20
46  -65  -5 
47  -66  -5 
46  -66  -6 
48  -67  -6 
47  -66  -5 
48  -65  -6 
46  -65  -6 
48  -68  -6 

//Reference=MNI 
//nullstudy_1
//Subjects=19
-58  -12  4 
-2  -40  42 
-24  -46  -26 
-54  -52  46 
-4  -60  -40 
-18  -24  60 
-60  10  28 
-14  -20  -28 

//Reference=MNI 
//nullstudy_2
//Subjects=19
-10  -56  -28 
6  34  38 
28  4  70 
-4  -50  -10 
-4  -22  -26 
-34  44  28 
42  38  4 
-32  28  0 

//Reference=MNI 
//nullstudy_3
//Subjects=20
20  18  -18 
14  16  62 
-14  -60  32 
-28  44  26 
-16  -52  34 
-10  -44  58 
-40  -2  8 
-28  -50  72 

//Reference=MNI 
//nullstudy_4
//Subjects=19
-20  -32  74 
36  42  28 
32  10  -16 
-50  36  10 
10  12  -18 
-46  12  32 
-66  -26  -16 
-18  10  62 

//Reference=MNI 
//nullstudy_5
//Subjects=20
62  16  26 
-20  -20  -10 
-24  -76  -58 
-40  -2  8 
8  50  42 
-36  -74  46 
-18  38  52 
-26  -44  68 

//Reference=MNI 
//nullstudy_6
//Subjects=20
-40  -60  -58 
-10  -94  -30 
36  2  -36 
-48  -16  18 
-50  -40  -20 
16  42  -20 
-56  -32  34 
16  68  14 

//Reference=MNI 
//nullstudy_7
//Subjects=20
34  4  42 
-24  -34  12 
-2  24  20 
-30  42  30 
-16  36  42 
-20  -80  32 
26  14  64 
-36  -36  34 

//Reference=MNI 
//nullstudy_8
//Subjects=18
-12  24  6 
-52  -60  -26 
-30  -84  0 
-56  -58  -24 
-28  52  26 
-50  -52  46 
-38  12  14 
-46  -84  -12 

//Reference=MNI 
//nullstudy_9
//Subjects=20
-44  24  -2 
-26  -86  -48 
-22  -84  44 
-4  -92  -4 
-54  -76  12 
-2  -94  16 
-12  6  46 
-46  -58  30 

//Reference=MNI 
//nullstudy_10
//Subjects=19
-40  -38  -22 
18  48  -18 
-2  4  -18 
-50  20  -28 
42  14  -38 
-18  -4  28 
-18  -56  12 
2  58  4 

//Reference=MNI 
//nullstudy_11
//Subjects=20
36  10  12 
-22  -20  68 
-12  22  -30 
-34  8  54 
-4  62  22 
-42  46  4 
-12  -94  8 
-32  -22  0 

//Reference=MNI 
//nullstudy_12
//Subjects=20
-26  18  -8 
38  58  0 
-8  -74  52 
-62  -54  18 
-56  -34  -24 
-18  22  2 
-14  -40  -12 
-2  -8  34 

//Reference=MNI 
//nullstudy_13
//Subjects=21
-20  2  -12 
-10  -76  4 
46  40  -4 
-42  -32  12 
-10  -54  -12 
-42  14  -28 
32  40  40 
-34  -8  42 

//Reference=MNI 
//nullstudy_14
//Subjects=20
-14  -52  -22 
32  40  18 
-44  -40  -44 
-18  -20  -28 
-8  6  62 
38  10  10 
8  34  22 
-6  -50  46 

//Reference=MNI 
//nullstudy_15
//Subjects=19
-22  2  -18 
-44  40  16 
46  10  38 
-40  -54  -40 
-52  6  32 
38  14  8 
-26  -102  -2 
-22  -78  20 

//Reference=MNI 
//nullstudy_16
//Subjects=20
-18  12  14 
-6  34  24 
6  26  66 
-40  0  58 
-48  -58  -6 
-44  -60  -12 
64  6  24 
-16  -2  -32 

//Reference=MNI 
//nullstudy_17
//Subjects=21
-56  -14  -34 
-10  -36  -14 
28  12  64 
-26  -72  26 
-28  -60  -58 
-62  -6  22 
-26  26  -6 
12  58  28 

//Reference=MNI 
//nullstudy_18
//Subjects=21
36  34  -6 
-22  42  -12 
-26  -88  28 
-26  -60  6 
40  40  36 
-48  -70  -36 
36  20  10 
-52  -46  26 

//Reference=MNI 
//nullstudy_19
//Subjects=21
-60  -28  -8 
-48  14  24 
-52  -28  -4 
-28  -96  -10 
-20  -70  44 
6  40  10 
-46  -58  2 
-8  26  22 

//Reference=MNI 
//nullstudy_20
//Subjects=19
8  28  46 
-34  -42  54 
-14  -16  -30 
-8  -62  -22 
38  4  26 
-46  22  24 
-14  -70  -6 
-6  -46  70 

//Reference=MNI 
//nullstudy_21
//Subjects=19
12  52  38 
2  34  4 
38  8  48 
-10  -60  22 
-44  16  -28 
8  18  56 
-2  -54  -10 
-34  -34  58 

//Reference=MNI 
//nullstudy_22
//Subjects=21
-46  -42  -28 
50  6  40 
-50  20  -10 
-12  -80  -50 
-62  -36  -22 
-40  -36  20 
30  44  18 
-6  60  22 

//Reference=MNI 
//nullstudy_23
//Subjects=19
46  26  34 
-26  10  54 
30  36  26 
-52  -60  -48 
6  42  0 
10  12  32 
46  2  28 
-12  8  -18 

//Reference=MNI 
//nullstudy_24
//Subjects=21
-34  46  2 
-2  -80  -38 
18  4  -34 
-40  18  52 
-68  -42  -6 
-28  -48  -18 
-52  26  8 
-26  -50  -40 

//Reference=MNI 
//nullstudy_25
//Subjects=19
46  8  6 
-10  -34  18 
-8  42  8 
42  2  40 
-2  -64  14 
-40  -34  58 
-38  -50  52 
50  30  -16 

//Reference=MNI 
//nullstudy_26
//Subjects=20
-38  -62  22 
-22  10  42 
-52  -8  50 
-44  34  -2 
46  48  -16 
24  36  42 
42  28  10 
50  2  -6 

//Reference=MNI 
//nullstudy_27
//Subjects=20
-12  -76  -28 
-2  56  42 
-50  30  12 
-14  -72  16 
-48  2  44 
-2  50  46 
-64  -36  14 
-8  -104  -12 

//Reference=MNI 
//nullstudy_28
//Subjects=20
-32  -50  -42 
-4  -82  -34 
-28  -96  20 
-38  40  -16 
-44  -16  36 
46  20  48 
-40  -64  34 
50  42  16 

//Reference=MNI 
//nullstudy_29
//Subjects=20
-32  -54  -32 
-48  -32  20 
-6  -36  -50 
-26  46  -16 
-4  -2  14 
-6  -74  -32 
-34  -44  -6 
20  48  42 

//Reference=MNI 
//nullstudy_30
//Subjects=19
26  56  -18 
-38  -46  -44 
-4  -82  -4 
-24  -88  18 
36  40  24 
-14  24  -10 
14  10  40 
-24  -6  -26 

//Reference=MNI 
//nullstudy_31
//Subjects=19
-28  -34  66 
-50  -68  -38 
16  66  -16 
-38  36  2 
-16  -30  -2 
-56  -64  -10 
-36  8  -8 
-4  -20  -30 

//Reference=MNI 
//nullstudy_32
//Subjects=19
-24  -88  -26 
-28  -50  -28 
12  20  -24 
-16  2  60 
-4  40  -20 
-30  -86  40 
32  28  24 
-44  -48  42 

//Reference=MNI 
//nullstudy_33
//Subjects=22
-16  16  -18 
-26  30  52 
4  50  50 
-34  -56  54 
34  10  38 
-36  -38  54 
-42  40  18 
-30  2  60 

//Reference=MNI 
//nullstudy_34
//Subjects=19
-44  -42  20 
48  26  24 
10  62  10 
-8  44  52 
-28  0  -2 
-8  -42  78 
-6  16  60 
2  58  -2 

//Reference=MNI 
//nullstudy_35
//Subjects=22
-24  -28  -22 
50  30  -4 
-24  30  -22 
-52  -38  18 
-68  -16  6 
-20  54  6 
56  10  -22 
-36  -88  -8 

//Reference=MNI 
//nullstudy_36
//Subjects=22
-14  -66  -28 
-40  -2  32 
-58  -26  22 
-30  18  50 
-38  -64  34 
-50  -66  42 
-2  -56  -52 
54  32  -4 

//Reference=MNI 
//nullstudy_37
//Subjects=20
-18  -12  -40 
-48  -34  32 
-44  -24  -2 
-8  36  26 
-42  40  24 
-30  -24  -28 
-10  -74  34 
8  4  8 

//Reference=MNI 
//nullstudy_38
//Subjects=20
-14  -52  -48 
-36  -20  22 
-22  6  8 
4  54  28 
-24  -66  2 
26  58  18 
-2  -72  -46 
54  32  6 

//Reference=MNI 
//nullstudy_39
//Subjects=21
-46  -56  36 
28  14  42 
-54  -28  46 
-10  48  12 
-40  -6  16 
46  8  42 
-40  -58  14 
-24  -40  -8 

//Reference=MNI 
//nullstudy_40
//Subjects=20
-48  28  38 
-44  -12  60 
10  32  46 
-40  -36  -20 
-36  12  2 
24  64  12 
-18  46  -14 
-10  -80  -20 

//Reference=MNI 
//nullstudy_41
//Subjects=20
2  24  52 
-8  6  72 
12  14  20 
-66  -12  -6 
-38  50  -2 
-38  6  -30 
22  4  52 
-44  -8  2 

//Reference=MNI 
//nullstudy_42
//Subjects=20
-30  -68  54 
-10  -68  -28 
-30  -2  -20 
4  22  -28 
-22  -80  -24 
2  64  16 
-36  58  4 
-40  36  -6 

//Reference=MNI 
//nullstudy_43
//Subjects=19
-2  16  64 
-34  -4  6 
0  38  32 
-26  20  12 
-32  8  28 
-12  -50  28 
-40  -72  -38 
-34  8  64 

//Reference=MNI 
//nullstudy_44
//Subjects=20
-2  -72  10 
-2  46  -16 
-14  14  -22 
-44  50  12 
-50  14  -32 
-2  -44  -64 
12  58  0 
6  58  -24 

//Reference=MNI 
//nullstudy_45
//Subjects=19
-36  -50  -32 
22  24  38 
36  10  48 
-28  34  50 
-4  22  4 
18  50  38 
-30  -84  -32 
-14  12  20 

//Reference=MNI 
//nullstudy_46
//Subjects=21
-44  28  14 
-34  -94  16 
-62  -24  -34 
28  60  -6 
2  48  24 
-52  38  8 
-22  -58  -32 
-34  -46  -42 

//Reference=MNI 
//nullstudy_47
//Subjects=21
-2  16  -10 
44  30  6 
-50  -12  50 
-46  -54  26 
-2  -40  -34 
-36  -84  32 
-46  -24  44 
-70  -40  -2 

//Reference=MNI 
//nullstudy_48
//Subjects=21
-44  -76  -24 
-40  0  -38 
-30  -76  -34 
-8  -70  -30 
20  8  -16 
46  4  28 
-64  -42  -2 
-8  -46  0 

//Reference=MNI 
//nullstudy_49
//Subjects=19
-64  -36  -4 
-40  30  18 
-42  32  24 
12  22  -10 
-34  -2  50 
-14  -46  -36 
-12  -80  30 
-10  -66  -8 

//Reference=MNI 
//nullstudy_50
//Subjects=19
-12  28  52 
32  40  34 
-22  34  -22 
-12  -52  60 
-12  -52  -6 
-58  -4  -14 
-46  -42  48 
-58  -40  46 

//Reference=MNI 
//nullstudy_51
//Subjects=19
44  16  -6 
-38  -42  -12 
-40  -72  30 
-42  -48  20 
-10  -60  56 
10  40  16 
-22  6  4 
-40  20  -34 

//Reference=MNI 
//nullstudy_52
//Subjects=21
-16  -84  -20 
-64  -44  14 
-8  20  62 
-22  -14  52 
16  28  -6 
8  12  64 
26  40  16 
22  52  -10 

//Reference=MNI 
//nullstudy_53
//Subjects=20
-20  -82  -22 
-36  -38  48 
-62  -20  8 
-26  -20  -10 
2  32  38 
-36  -46  58 
48  26  18 
32  32  30 

//Reference=MNI 
//nullstudy_54
//Subjects=20
-26  -68  -48 
14  28  -28 
22  46  34 
-14  -20  42 
-52  -30  48 
-20  -78  -16 
-46  -28  2 
-40  -74  -14 

//Reference=MNI 
//nullstudy_55
//Subjects=20
-50  -24  -8 
30  6  -2 
-16  8  -10 
-28  22  14 
-8  -38  34 
-20  -32  -20 
-34  2  -2 
-40  4  0 

//Reference=MNI 
//nullstudy_56
//Subjects=21
-48  -62  -10 
-8  16  56 
-64  -34  20 
-2  -46  -58 
-50  -66  -36 
16  20  60 
36  50  -10 
30  20  46 

//Reference=MNI 
//nullstudy_57
//Subjects=21
-12  -54  -6 
-10  -56  -42 
-56  -66  34 
-8  -30  16 
-40  -64  52 
-6  -42  -20 
36  58  4 
-46  -20  34 

//Reference=MNI 
//nullstudy_58
//Subjects=20
-42  -48  12 
-18  -78  42 
54  30  32 
-40  -66  2 
-26  -72  -34 
16  22  12 
-38  -32  70 
-36  30  4 

//Reference=MNI 
//nullstudy_59
//Subjects=20
-44  22  32 
-24  14  -2 
26  58  4 
-2  -26  74 
-62  -50  22 
-10  -46  -16 
-22  -90  36 
-4  -8  14 

//Reference=MNI 
//nullstudy_60
//Subjects=21
-64  -46  10 
-44  -62  -2 
-28  -86  26 
-70  -24  2 
-8  -72  14 
-22  -40  -44 
-30  12  12 
-44  -48  2 

//Reference=MNI 
//nullstudy_61
//Subjects=21
-52  12  -6 
-30  -24  52 
14  6  74 
-38  20  -6 
-26  -20  72 
-8  36  30 
-28  -56  8 
-6  -22  14 

//Reference=MNI 
//nullstudy_62
//Subjects=20
28  24  -20 
30  58  2 
-18  -46  64 
-6  -38  54 
-6  -12  56 
-20  -10  -28 
-2  -64  -26 
-4  -52  -62 

//Reference=MNI 
//nullstudy_63
//Subjects=20
26  30  28 
-24  -84  -10 
24  22  -32 
-60  -4  -10 
-14  -80  10 
-18  -92  -14 
-2  -4  30 
-22  62  6 

//Reference=MNI 
//nullstudy_64
//Subjects=19
-36  34  -20 
-28  -24  70 
-20  -26  -34 
-28  -86  -22 
-26  -30  50 
-18  -4  -10 
0  8  58 
-20  -52  6 

//Reference=MNI 
//nullstudy_65
//Subjects=19
-62  -10  24 
-36  8  -10 
-44  -14  -38 
-58  -56  18 
-44  22  4 
-6  -66  40 
-10  -18  -16 
-12  -72  -44 

//Reference=MNI 
//nullstudy_66
//Subjects=18
-54  -4  2 
34  50  2 
-18  -68  14 
20  56  36 
44  6  -12 
-6  -34  28 
-18  -72  -16 
-42  -76  -22 

//Reference=MNI 
//nullstudy_67
//Subjects=20
20  64  8 
-30  -90  28 
-32  -38  -46 
30  28  10 
24  28  -24 
-38  -74  -8 
-46  -14  -14 
8  14  38 

//Reference=MNI 
//nullstudy_68
//Subjects=21
-20  18  50 
-24  -38  72 
36  14  -34 
-46  0  42 
-10  -76  -30 
-56  0  16 
-62  -28  -8 
-68  -40  -4 

//Reference=MNI 
//nullstudy_69
//Subjects=20
-4  -54  -12 
-4  -20  -44 
-4  -84  38 
-2  46  36 
-54  -4  2 
-14  -50  6 
-8  20  12 
-2  -28  40 

//Reference=MNI 
//nullstudy_70
//Subjects=20
-12  -56  -22 
-44  -30  40 
-50  -12  34 
-14  2  -22 
6  10  6 
-12  -24  -18 
-2  6  72 
-28  -90  20 

//Reference=MNI 
//nullstudy_71
//Subjects=20
-42  -48  -34 
-28  -18  -26 
34  4  4 
-6  48  8 
-40  -14  -30 
-48  10  18 
-14  -64  20 
28  8  68 

//Reference=MNI 
//nullstudy_72
//Subjects=19
16  68  6 
-30  -28  -30 
2  6  56 
24  8  -48 
-56  -8  0 
-16  -72  32 
-8  -60  -36 
-38  22  6 

//Reference=MNI 
//nullstudy_73
//Subjects=21
-2  24  -26 
18  30  4 
-44  6  32 
-14  30  -18 
-12  18  -6 
28  6  -24 
-4  -14  52 
-14  -18  -20 

//Reference=MNI 
//nullstudy_74
//Subjects=20
-4  42  -32 
26  16  6 
-32  -32  -34 
-32  -70  -26 
-34  -20  10 
-42  -86  14 
6  28  56 
16  56  2 

//Reference=MNI 
//nullstudy_75
//Subjects=18
-14  -56  50 
-56  18  16 
44  48  14 
-10  42  -14 
14  14  34 
-26  -34  54 
34  46  0 
-34  56  22 

//Reference=MNI 
//nullstudy_76
//Subjects=21
-14  10  18 
-12  -76  48 
-4  -74  -32 
0  10  10 
-38  -88  -2 
-36  28  6 
16  40  46 
-20  56  -16 

//Reference=MNI 
//nullstudy_77
//Subjects=21
-42  -10  -28 
18  64  8 
-6  -40  -30 
-18  -76  -4 
-4  54  -2 
-32  -34  68 
40  20  52 
-12  -10  68 

//Reference=MNI 
//nullstudy_78
//Subjects=19
-16  -62  58 
-38  -62  42 
28  12  -18 
-4  -78  -8 
-32  22  -14 
42  18  -14 
-56  -34  -14 
-12  -78  -22 

//Reference=MNI 
//nullstudy_79
//Subjects=20
20  24  -22 
-32  -28  70 
-12  -32  -34 
14  22  4 
12  58  20 
34  40  14 
-28  52  6 
12  34  14 

//Reference=MNI 
//nullstudy_80
//Subjects=21
-16  -72  -12 
-16  -50  -2 
-10  -64  48 
-32  20  14 
12  12  54 
-24  -48  -52 
-14  -24  -14 
36  6  -22 

//Reference=MNI 
//nullstudy_81
//Subjects=20
-30  -38  58 
8  10  72 
-50  -12  8 
-24  -42  68 
-28  14  -2 
-36  -46  -6 
30  56  4 
0  14  -4 

//Reference=MNI 
//nullstudy_82
//Subjects=19
60  8  -20 
-8  34  -8 
-18  -54  56 
-20  6  -44 
-14  -10  20 
-10  -66  58 
-10  -90  -42 
-44  -44  -18 

//Reference=MNI 
//nullstudy_83
//Subjects=20
4  40  42 
18  18  10 
-30  60  4 
-38  38  28 
-52  -26  4 
-42  -46  38 
20  14  -36 
-60  0  0 

//Reference=MNI 
//nullstudy_84
//Subjects=20
-14  14  -18 
-44  -56  -4 
-36  -24  50 
34  52  8 
40  16  6 
-46  0  14 
-6  -38  -60 
-22  -48  -32 

//Reference=MNI 
//nullstudy_85
//Subjects=21
-14  -70  4 
-48  -52  -50 
-12  32  46 
28  64  12 
10  56  34 
8  56  -26 
40  20  -14 
-62  -46  20 

//Reference=MNI 
//nullstudy_86
//Subjects=20
-54  4  48 
10  60  24 
-4  -36  62 
-52  38  -2 
-24  -100  -8 
-4  -96  14 
-38  -80  42 
-4  -36  78 

//Reference=MNI 
//nullstudy_87
//Subjects=21
40  14  -38 
42  22  -36 
26  4  -4 
32  50  -6 
-6  -68  42 
-50  26  32 
-16  -64  -52 
-26  -94  -14 

//Reference=MNI 
//nullstudy_88
//Subjects=19
-44  30  38 
4  60  36 
-6  -76  -14 
-10  -62  46 
-60  -50  8 
48  44  6 
-54  -26  -16 
40  44  -20 

//Reference=MNI 
//nullstudy_89
//Subjects=21
-52  -54  50 
-8  -74  42 
-30  10  60 
-4  58  42 
-44  10  30 
-22  20  62 
12  14  -28 
-46  -50  -22 

//Reference=MNI 
//nullstudy_90
//Subjects=20
-20  -78  -24 
-2  -48  -24 
-34  58  -14 
-12  24  38 
2  62  -2 
56  20  38 
-2  -76  -50 
-32  -72  -58 

//Reference=MNI 
//nullstudy_91
//Subjects=21
-34  -58  44 
40  6  -48 
-16  18  -4 
-4  -50  -8 
-62  -32  42 
-36  -40  52 
-24  -12  52 
-8  4  14 

//Reference=MNI 
//nullstudy_92
//Subjects=19
32  22  -28 
-42  -48  -52 
-38  34  36 
-48  38  16 
-60  -58  0 
-34  -34  70 
8  14  -16 
-36  -48  -52 

//Reference=MNI 
//nullstudy_93
//Subjects=18
-18  -20  -22 
44  22  -36 
-16  -44  56 
-12  8  -16 
-52  -22  -4 
-38  -70  -28 
-20  24  62 
-42  -80  -36 

//Reference=MNI 
//nullstudy_94
//Subjects=19
-32  -40  -10 
58  4  -22 
48  28  16 
-48  -54  32 
-48  -68  22 
-28  -10  -6 
-40  18  22 
-2  -42  38 

//Reference=MNI 
//nullstudy_95
//Subjects=20
-24  6  -46 
20  60  -10 
-30  -50  -58 
-2  26  64 
-24  -78  40 
-38  -58  56 
-2  30  -20 
-6  4  -28 

//Reference=MNI 
//nullstudy_96
//Subjects=21
6  52  2 
46  14  54 
-56  -52  -26 
-52  18  2 
-28  -14  52 
12  42  30 
-18  -8  -44 
-54  -70  -22 

//Reference=MNI 
//nullstudy_97
//Subjects=20
-32  -46  52 
-46  -6  0 
-40  -68  24 
-18  58  -12 
-44  -30  16 
-22  -42  -26 
-56  -16  36 
-34  -76  -14 

//Reference=MNI 
//nullstudy_98
//Subjects=20
32  58  6 
-28  12  12 
-10  -48  -30 
26  50  18 
-12  -64  -30 
-6  54  12 
-34  -44  36 
-20  -62  -16 

//Reference=MNI 
//nullstudy_99
//Subjects=19
-8  -2  42 
-36  60  -12 
40  2  -38 
-4  -8  50 
-42  -10  -32 
-68  -10  -12 
-8  -54  -32 
-8  -44  -12 

//Reference=MNI 
//nullstudy_100
//Subjects=20
-14  48  10 
-16  -32  24 
-60  -4  4 
-20  -20  74 
40  48  -16 
-30  -96  -2 
28  58  20 
-24  -8  -18 

