//Reference=MNI 
//truestudy_1
//Subjects=10
46  -66  -5 
45  -67  -5 
47  -67  -6 
46  -66  -6 
46  -66  -5 
46  -67  -6 
45  -67  -7 
46  -67  -6 

//Reference=MNI 
//truestudy_2
//Subjects=11
45  -65  -6 
46  -67  -6 
45  -67  -7 
46  -66  -7 
47  -65  -6 
46  -64  -5 
46  -66  -5 
45  -65  -5 

//Reference=MNI 
//truestudy_3
//Subjects=11
46  -67  -7 
46  -64  -5 
45  -67  -6 
46  -68  -6 
45  -67  -6 
45  -67  -6 
47  -65  -4 
46  -66  -6 

//Reference=MNI 
//nullstudy_1
//Subjects=10
-24  62  14 
-64  -38  -22 
-22  24  32 
-36  52  2 
-4  64  -14 
-40  2  28 
-58  -40  -12 
-44  28  -2 

//Reference=MNI 
//nullstudy_2
//Subjects=11
-38  -54  -20 
28  50  20 
20  50  -18 
-12  -28  -4 
-14  -86  36 
0  48  24 
-52  2  4 
-64  -28  -30 

//Reference=MNI 
//nullstudy_3
//Subjects=11
22  12  4 
-4  -56  -18 
-8  -42  -16 
-22  -90  6 
20  30  -20 
-14  44  -14 
-38  -24  66 
48  18  18 

//Reference=MNI 
//nullstudy_4
//Subjects=10
6  4  -16 
2  8  14 
-8  -68  6 
8  36  20 
-52  -44  20 
44  56  10 
38  8  -18 
-68  -22  2 

//Reference=MNI 
//nullstudy_5
//Subjects=10
-20  -56  -24 
-6  24  58 
-40  -62  -60 
-54  -58  4 
-44  -86  4 
28  28  52 
-10  -12  -12 
-62  -4  2 

//Reference=MNI 
//nullstudy_6
//Subjects=10
-12  -54  28 
-2  46  14 
24  2  44 
-58  6  4 
-30  -10  -28 
-68  -24  28 
-4  -8  54 
-56  34  0 

//Reference=MNI 
//nullstudy_7
//Subjects=11
-36  -4  -10 
-38  -76  48 
18  26  -18 
-44  14  -38 
22  52  -2 
-22  -32  4 
-22  58  28 
-16  -20  14 

//Reference=MNI 
//nullstudy_8
//Subjects=11
-36  -12  54 
26  28  -24 
-2  -50  -60 
-8  -102  18 
-18  -56  56 
-6  -64  -32 
-30  -40  -56 
-42  -2  -46 

//Reference=MNI 
//nullstudy_9
//Subjects=11
-14  -82  48 
-52  -4  36 
-56  -6  44 
-48  20  -22 
30  10  -6 
-6  -6  22 
44  32  6 
-34  -82  -14 

//Reference=MNI 
//nullstudy_10
//Subjects=9
-38  -10  46 
-64  -4  -6 
8  8  44 
-4  -38  -22 
-10  56  24 
-20  -52  -8 
-10  -68  26 
-30  -10  -44 

//Reference=MNI 
//nullstudy_11
//Subjects=9
-54  -72  -10 
-18  -38  74 
-24  -82  -4 
-60  -12  -4 
-24  44  -14 
42  30  18 
-30  -74  -4 
-64  -12  10 

//Reference=MNI 
//nullstudy_12
//Subjects=8
-38  -72  -44 
-36  -74  -8 
-54  -74  24 
-50  24  8 
-40  4  60 
-54  18  16 
30  40  32 
-42  -68  -18 

//Reference=MNI 
//nullstudy_13
//Subjects=10
54  8  6 
-30  26  6 
-14  -28  8 
-10  -62  -38 
2  28  -28 
-38  30  -2 
-34  -30  20 
-12  -64  -4 

//Reference=MNI 
//nullstudy_14
//Subjects=11
10  42  42 
-48  -34  8 
-18  -78  -28 
-18  -38  62 
-28  -24  64 
-10  -2  38 
-10  -100  8 
-4  -36  -20 

//Reference=MNI 
//nullstudy_15
//Subjects=11
-4  52  14 
38  52  -14 
-40  -42  16 
-18  -80  -20 
-38  -70  26 
8  16  58 
4  50  6 
38  14  -40 

//Reference=MNI 
//nullstudy_16
//Subjects=7
-12  44  22 
32  56  14 
-10  -28  -30 
-18  16  68 
-36  30  26 
-28  54  -2 
-36  -88  -4 
-24  58  32 

//Reference=MNI 
//nullstudy_17
//Subjects=9
-58  6  -28 
-46  -42  -48 
-46  22  42 
-8  -16  12 
-4  -40  -34 
-18  -54  -28 
-36  -58  28 
-48  46  -2 

//Reference=MNI 
//nullstudy_18
//Subjects=11
-42  -30  62 
-34  -22  -16 
46  22  -20 
-6  -2  50 
-6  22  -10 
-24  -60  54 
-48  36  18 
-34  -60  -42 

//Reference=MNI 
//nullstudy_19
//Subjects=10
-20  -16  56 
-50  -22  58 
-18  12  14 
-46  -58  4 
-30  -40  72 
-50  -62  -2 
-38  34  10 
-36  -14  58 

//Reference=MNI 
//nullstudy_20
//Subjects=10
54  4  8 
50  30  4 
-26  -32  -30 
-12  -54  -10 
-40  -6  38 
18  46  40 
24  12  58 
-12  0  -24 

//Reference=MNI 
//nullstudy_21
//Subjects=11
-44  -76  -44 
-56  4  -34 
-18  -42  -60 
-32  28  -24 
24  10  56 
-20  -78  -32 
56  24  28 
28  56  12 

//Reference=MNI 
//nullstudy_22
//Subjects=11
-2  38  -26 
-24  -64  66 
-14  -56  72 
-48  0  10 
-60  14  6 
-60  -24  -8 
-60  -28  22 
56  22  6 

//Reference=MNI 
//nullstudy_23
//Subjects=10
16  44  46 
-8  -42  38 
-12  -2  -10 
-28  -52  -42 
-62  -22  24 
24  50  0 
-56  -32  48 
-10  -92  -20 

//Reference=MNI 
//nullstudy_24
//Subjects=11
-2  -8  -6 
54  28  2 
-2  46  -12 
-42  56  -4 
-24  -92  32 
6  4  -14 
-32  -46  58 
0  38  -24 

//Reference=MNI 
//nullstudy_25
//Subjects=10
-48  40  -18 
-24  0  44 
-42  44  6 
54  28  32 
20  26  60 
-38  -28  -14 
-14  -74  52 
-12  -32  -8 

//Reference=MNI 
//nullstudy_26
//Subjects=8
-18  18  50 
-22  -30  24 
-2  -60  -12 
0  34  0 
-14  -66  30 
-56  4  6 
-20  -14  68 
12  10  72 

//Reference=MNI 
//nullstudy_27
//Subjects=10
-16  2  -16 
6  36  -30 
-44  -26  46 
-20  44  20 
-10  -72  24 
-12  -52  -46 
-52  -24  40 
-30  -28  68 

//Reference=MNI 
//nullstudy_28
//Subjects=10
-8  -42  -20 
-12  -26  -26 
-38  -28  -30 
36  40  30 
48  36  18 
-24  -56  44 
-54  10  -22 
14  24  -18 

//Reference=MNI 
//nullstudy_29
//Subjects=10
-48  -60  40 
-6  -50  68 
-24  -18  -34 
-42  16  -24 
54  34  4 
52  30  36 
-30  -26  66 
32  34  16 

//Reference=MNI 
//nullstudy_30
//Subjects=10
-52  -62  -18 
-32  -16  -36 
-58  -54  -22 
-18  -24  18 
-40  -46  -26 
14  70  8 
-28  30  32 
20  8  -30 

//Reference=MNI 
//nullstudy_31
//Subjects=9
-24  20  -8 
50  40  -14 
-12  -72  4 
6  28  -8 
-2  -74  22 
-4  -20  64 
8  58  12 
-18  -96  12 

//Reference=MNI 
//nullstudy_32
//Subjects=10
-46  -68  6 
-56  -42  -10 
-4  -76  52 
16  56  -6 
28  52  6 
6  50  30 
-36  22  -20 
-10  -40  -24 

//Reference=MNI 
//nullstudy_33
//Subjects=10
-6  36  -22 
-54  -58  16 
-40  34  24 
32  28  24 
-18  -74  14 
-44  -48  -40 
44  10  -10 
6  42  -18 

//Reference=MNI 
//nullstudy_34
//Subjects=9
-2  -34  42 
16  20  -26 
-56  -26  -28 
-20  0  10 
-4  22  -6 
-32  0  -38 
-12  -100  -2 
-28  48  16 

//Reference=MNI 
//nullstudy_35
//Subjects=11
-8  -78  -10 
-28  -52  56 
40  26  28 
-12  -70  42 
-48  -32  56 
-16  -54  10 
-54  -2  20 
-16  -36  62 

//Reference=MNI 
//nullstudy_36
//Subjects=10
-26  -86  42 
-8  8  68 
48  38  -14 
-34  -42  -18 
-44  -48  2 
-38  -12  46 
-26  -80  -20 
-56  -64  -18 

//Reference=MNI 
//nullstudy_37
//Subjects=9
-58  -26  10 
28  38  50 
-6  22  54 
-14  -86  -36 
-32  -66  58 
-12  -50  46 
-48  -60  44 
-32  -56  2 

//Reference=MNI 
//nullstudy_38
//Subjects=7
14  6  -22 
14  16  -22 
-28  -30  16 
36  10  4 
-34  -36  50 
-8  -56  34 
10  60  12 
-12  64  12 

//Reference=MNI 
//nullstudy_39
//Subjects=12
-12  16  4 
-4  -24  64 
56  18  2 
-26  60  8 
-10  2  50 
28  8  -22 
-58  -22  -34 
22  6  -22 

//Reference=MNI 
//nullstudy_40
//Subjects=10
-6  -50  -66 
12  10  14 
-64  -46  6 
-16  -48  -24 
-2  -46  -26 
6  56  36 
-8  -50  50 
42  6  34 

//Reference=MNI 
//nullstudy_41
//Subjects=11
32  42  16 
40  40  24 
-22  -76  -10 
-52  30  -12 
8  32  52 
8  4  54 
-6  -44  0 
-24  4  -20 

//Reference=MNI 
//nullstudy_42
//Subjects=8
-22  -90  -28 
6  34  2 
-6  -64  28 
46  2  -34 
-4  28  -14 
-34  -28  -20 
-22  -48  70 
-62  -28  44 

//Reference=MNI 
//nullstudy_43
//Subjects=9
-62  -34  16 
-22  -84  30 
-14  -76  20 
-40  -12  -40 
-30  -34  -34 
-50  34  8 
-14  -66  -32 
-30  50  16 

//Reference=MNI 
//nullstudy_44
//Subjects=11
-16  -52  54 
-38  -72  36 
-2  -2  16 
-12  16  42 
-24  -98  6 
-60  -36  50 
-34  18  -40 
-40  -12  -24 

//Reference=MNI 
//nullstudy_45
//Subjects=10
-18  -86  22 
-8  -88  -22 
-26  2  -44 
16  40  18 
-48  -58  -54 
-12  22  28 
-28  -70  38 
-6  -60  64 

//Reference=MNI 
//nullstudy_46
//Subjects=9
-28  -74  -18 
-24  -28  -6 
-36  2  0 
-8  -24  50 
-34  -56  60 
-22  20  50 
-18  -72  -28 
18  18  58 

//Reference=MNI 
//nullstudy_47
//Subjects=11
30  20  -32 
-24  58  -2 
-4  -88  28 
-48  -66  44 
-28  -78  20 
-10  -76  26 
-52  -22  -32 
-52  16  -18 

//Reference=MNI 
//nullstudy_48
//Subjects=11
28  26  -12 
52  36  28 
22  20  60 
-32  -8  44 
52  40  12 
-20  -94  -14 
-8  -90  2 
-12  22  4 

//Reference=MNI 
//nullstudy_49
//Subjects=10
-32  -80  -2 
-4  -94  24 
-46  -30  -10 
0  24  64 
-16  -24  -28 
-26  -2  -40 
-4  0  0 
-54  -34  8 

//Reference=MNI 
//nullstudy_50
//Subjects=10
-44  -72  26 
2  30  -12 
-34  -74  28 
22  58  36 
4  60  -12 
0  18  -4 
30  12  58 
-28  -94  -6 

//Reference=MNI 
//nullstudy_51
//Subjects=9
-36  -86  4 
4  42  46 
-42  -50  50 
-54  -40  -20 
-26  -74  48 
-6  -58  70 
-36  -56  -52 
-26  6  -28 

//Reference=MNI 
//nullstudy_52
//Subjects=11
-20  -86  16 
20  64  -12 
-22  -32  -4 
-66  -2  14 
-26  -80  24 
-22  12  -2 
-32  -8  -20 
-52  -54  -44 

//Reference=MNI 
//nullstudy_53
//Subjects=10
-58  8  18 
42  14  12 
-32  -12  52 
56  36  -8 
-60  6  28 
-52  -10  16 
32  18  52 
-50  -48  50 

//Reference=MNI 
//nullstudy_54
//Subjects=10
-10  50  26 
-2  -72  -28 
6  56  -12 
-34  -64  52 
-54  36  -8 
-36  -46  -12 
6  2  38 
54  12  34 

//Reference=MNI 
//nullstudy_55
//Subjects=10
-8  -28  -32 
-8  -84  -24 
40  20  -28 
-2  42  -18 
-60  -22  -8 
-6  -52  64 
-34  -90  -6 
-6  -82  -18 

//Reference=MNI 
//nullstudy_56
//Subjects=10
-32  -2  12 
18  16  -28 
42  52  12 
24  4  4 
-20  -74  -24 
-36  8  0 
-20  50  40 
-12  -20  50 

//Reference=MNI 
//nullstudy_57
//Subjects=10
-32  26  44 
52  46  6 
-8  -72  62 
38  30  -6 
-22  -82  12 
-38  18  4 
-24  46  4 
-54  -12  6 

//Reference=MNI 
//nullstudy_58
//Subjects=10
-36  -20  14 
-8  34  56 
-48  30  6 
56  30  10 
-62  -44  -22 
-18  -26  -38 
-14  58  -2 
-24  -68  -34 

//Reference=MNI 
//nullstudy_59
//Subjects=10
-48  -66  -28 
-30  -54  2 
-34  -30  -28 
-14  -86  -40 
-8  -96  -8 
26  8  -48 
-2  40  40 
6  36  -22 

//Reference=MNI 
//nullstudy_60
//Subjects=9
10  70  2 
-12  -14  50 
-38  -68  -22 
-18  -76  0 
26  8  -24 
-2  36  20 
-64  -28  -30 
-56  8  32 

//Reference=MNI 
//nullstudy_61
//Subjects=11
-54  -32  -16 
-14  -76  -38 
-6  -6  -26 
-28  -82  -4 
18  54  14 
-54  16  -16 
-42  -64  16 
-46  -80  24 

//Reference=MNI 
//nullstudy_62
//Subjects=9
-52  20  2 
-18  -18  -16 
-56  -50  24 
-36  44  22 
0  12  -8 
-26  -66  24 
-36  -36  8 
-24  12  -30 

//Reference=MNI 
//nullstudy_63
//Subjects=10
8  56  -12 
-34  -28  -8 
-12  40  16 
-26  -96  2 
0  28  60 
-30  -28  8 
-64  -58  -2 
14  8  52 

//Reference=MNI 
//nullstudy_64
//Subjects=9
-6  56  -8 
-58  14  22 
-40  -80  4 
-44  -66  -10 
-44  -78  -24 
-12  26  -16 
-2  58  12 
-18  16  62 

//Reference=MNI 
//nullstudy_65
//Subjects=9
2  14  58 
42  40  10 
38  6  -30 
-12  26  56 
-64  -24  16 
-28  -8  10 
-22  -52  -42 
-34  -32  58 

//Reference=MNI 
//nullstudy_66
//Subjects=10
-8  -60  -58 
44  58  0 
-38  36  20 
-48  -36  62 
36  16  50 
36  18  22 
16  34  22 
-4  -34  32 

//Reference=MNI 
//nullstudy_67
//Subjects=9
-20  -50  -10 
34  12  -28 
-4  34  62 
-24  -12  -26 
-52  -54  -10 
-34  -2  44 
-4  -70  30 
-2  -2  -6 

//Reference=MNI 
//nullstudy_68
//Subjects=11
8  20  -20 
-18  -76  -40 
14  14  12 
-28  56  -10 
6  68  10 
46  44  26 
-58  -16  12 
20  14  56 

//Reference=MNI 
//nullstudy_69
//Subjects=9
-40  -66  22 
-12  64  0 
-20  -2  6 
-16  -8  -42 
-54  -18  -36 
32  8  -34 
18  8  0 
-24  -34  52 

//Reference=MNI 
//nullstudy_70
//Subjects=11
40  24  8 
-56  -34  -14 
-16  10  -8 
-6  -44  -4 
16  10  62 
14  4  50 
-8  32  40 
-32  38  20 

//Reference=MNI 
//nullstudy_71
//Subjects=10
-10  26  54 
24  52  -12 
-26  -52  14 
-50  -40  28 
12  12  38 
-26  -40  44 
-16  -46  48 
-18  46  22 

//Reference=MNI 
//nullstudy_72
//Subjects=10
-52  34  -6 
0  38  44 
36  32  -6 
-12  -26  8 
-28  30  -24 
-4  22  18 
8  20  58 
-18  -34  40 

//Reference=MNI 
//nullstudy_73
//Subjects=9
-42  -76  16 
8  38  18 
-56  -16  -6 
50  34  -8 
-12  -62  -24 
-6  -44  20 
-16  -106  -6 
36  48  10 

//Reference=MNI 
//nullstudy_74
//Subjects=9
-26  -84  -8 
-44  4  54 
-16  -72  -42 
-46  -50  -50 
48  30  24 
-52  -40  -10 
-16  -52  -4 
46  38  18 

//Reference=MNI 
//nullstudy_75
//Subjects=10
2  44  44 
2  44  48 
-8  -38  -14 
-48  -20  36 
-54  -54  44 
46  4  22 
-42  40  10 
-18  -2  -14 

//Reference=MNI 
//nullstudy_76
//Subjects=11
-24  62  4 
10  26  4 
-22  46  26 
10  30  24 
6  54  2 
16  60  -14 
16  50  8 
44  52  -2 

//Reference=MNI 
//nullstudy_77
//Subjects=10
-24  40  36 
-22  -90  6 
-12  -30  -20 
-30  -84  32 
24  10  -2 
-24  -28  -20 
-50  -46  -28 
-4  -28  56 

//Reference=MNI 
//nullstudy_78
//Subjects=11
30  6  6 
34  8  48 
-22  44  20 
-34  2  -18 
18  4  -38 
-14  24  52 
-10  -54  16 
-44  -20  4 

//Reference=MNI 
//nullstudy_79
//Subjects=9
-54  -20  36 
-48  -30  -6 
-2  -52  28 
-6  -88  -2 
-16  -38  -54 
-6  -66  22 
6  32  -16 
-18  18  -18 

//Reference=MNI 
//nullstudy_80
//Subjects=11
-4  -52  74 
-32  -74  14 
-16  -74  10 
38  12  42 
-4  32  50 
-60  -20  -12 
44  32  6 
-4  -74  16 

//Reference=MNI 
//nullstudy_81
//Subjects=10
38  20  -16 
-30  -78  -28 
-8  -18  58 
28  16  44 
40  14  12 
-14  -60  64 
-46  -66  -38 
-24  -32  54 

//Reference=MNI 
//nullstudy_82
//Subjects=9
2  40  -32 
-32  34  28 
-24  38  52 
-18  34  54 
-58  -50  42 
-34  -22  4 
-10  40  2 
-22  -56  60 

//Reference=MNI 
//nullstudy_83
//Subjects=11
38  8  38 
20  14  -12 
26  8  70 
44  22  44 
-60  -18  -22 
22  10  66 
-12  14  36 
-12  -38  38 

//Reference=MNI 
//nullstudy_84
//Subjects=9
0  12  -8 
-52  -26  -8 
-32  -54  -16 
-4  -16  -20 
-40  20  -14 
36  10  -2 
-18  -8  70 
-8  -42  4 

//Reference=MNI 
//nullstudy_85
//Subjects=10
-8  20  12 
-28  0  70 
-56  -18  40 
8  14  2 
28  14  42 
-28  -92  0 
-40  -42  -18 
-12  58  28 

//Reference=MNI 
//nullstudy_86
//Subjects=11
-56  -48  22 
-48  -20  18 
-30  2  52 
50  12  52 
-34  8  -2 
44  38  -16 
-12  -8  52 
-16  -8  68 

//Reference=MNI 
//nullstudy_87
//Subjects=8
-10  40  -4 
-60  -30  -22 
-58  18  6 
-44  -42  -42 
54  26  8 
-48  -68  -32 
-60  -52  -14 
-44  2  6 

//Reference=MNI 
//nullstudy_88
//Subjects=10
-16  -28  16 
-4  -86  -30 
-40  -66  28 
-24  -66  16 
-8  -66  14 
-2  -94  -4 
-36  -54  -24 
32  18  28 

//Reference=MNI 
//nullstudy_89
//Subjects=10
-4  -28  -16 
-38  -22  -20 
-16  -64  -16 
-46  -40  38 
-2  -62  -36 
14  36  26 
-16  2  58 
36  18  -36 

//Reference=MNI 
//nullstudy_90
//Subjects=10
-12  -98  -16 
-54  8  16 
-48  -32  -26 
-28  -78  -38 
52  14  -16 
-24  -68  52 
-54  -28  -10 
-4  -16  32 

//Reference=MNI 
//nullstudy_91
//Subjects=11
-50  -38  60 
-50  36  6 
-52  -22  32 
-36  -86  30 
-44  10  26 
-24  -78  44 
-12  66  20 
-20  -2  54 

//Reference=MNI 
//nullstudy_92
//Subjects=10
14  70  -8 
-44  -4  48 
-10  -52  28 
-10  -26  -28 
-18  -40  -4 
-16  -72  -38 
-34  -96  -12 
-42  -6  44 

//Reference=MNI 
//nullstudy_93
//Subjects=10
-12  -54  72 
-8  -56  18 
-28  -8  8 
-44  -78  4 
-32  4  -32 
-12  -38  -6 
-24  40  28 
-56  26  2 

//Reference=MNI 
//nullstudy_94
//Subjects=10
-30  6  -24 
-40  -62  -36 
-46  -52  58 
-26  -82  -20 
-42  12  58 
-12  -88  -42 
-66  -54  12 
-24  64  4 

//Reference=MNI 
//nullstudy_95
//Subjects=11
44  26  32 
-30  12  26 
-46  6  -40 
-16  -78  32 
-38  4  -24 
-18  14  58 
-28  62  -2 
-50  -24  46 

//Reference=MNI 
//nullstudy_96
//Subjects=8
62  18  24 
-2  10  60 
-42  20  -4 
-8  18  -16 
56  38  12 
-22  28  -16 
-2  -46  22 
44  24  36 

//Reference=MNI 
//nullstudy_97
//Subjects=9
-10  -36  42 
-8  26  56 
-26  -42  54 
-8  -50  32 
-4  14  42 
-40  -16  12 
56  26  -8 
-8  -52  12 

//Reference=MNI 
//nullstudy_98
//Subjects=10
10  4  16 
-54  -50  18 
-2  38  -32 
-8  -66  -54 
40  28  -14 
-44  8  -12 
-58  -22  -12 
-28  -88  -42 

//Reference=MNI 
//nullstudy_99
//Subjects=9
56  8  0 
-2  -56  -60 
-12  -16  76 
-18  -66  -54 
-4  -88  -4 
-2  -26  68 
-58  2  18 
-40  30  32 

//Reference=MNI 
//nullstudy_100
//Subjects=8
38  52  22 
-44  -42  36 
-40  4  50 
-8  -2  54 
-50  18  38 
16  50  28 
12  20  36 
-6  -36  -10 

