//Reference=MNI 
//truestudy_1
//Subjects=30
46  -66  -5 
47  -67  -6 
46  -64  -4 
45  -64  -6 
46  -65  -5 
46  -65  -5 
45  -66  -8 
47  -65  -5 

//Reference=MNI 
//truestudy_2
//Subjects=31
46  -66  -7 
47  -66  -6 
46  -66  -6 
47  -66  -6 
46  -66  -7 
46  -66  -7 
48  -67  -5 
47  -67  -6 

//Reference=MNI 
//truestudy_3
//Subjects=29
47  -66  -6 
45  -65  -7 
46  -64  -7 
46  -66  -6 
45  -65  -4 
46  -66  -7 
45  -66  -6 
46  -66  -8 

//Reference=MNI 
//nullstudy_1
//Subjects=30
-58  -66  20 
40  24  38 
-38  12  24 
-40  -42  -46 
44  4  -12 
-14  -58  -16 
-26  2  -16 
32  28  46 

//Reference=MNI 
//nullstudy_2
//Subjects=31
-58  14  -4 
-10  -20  36 
-42  50  20 
-14  12  56 
-54  -50  0 
-64  -60  -2 
-18  36  44 
32  2  52 

//Reference=MNI 
//nullstudy_3
//Subjects=29
24  52  26 
-14  -78  -48 
-34  -72  2 
-56  -12  38 
-40  14  -42 
-62  2  22 
46  30  -14 
-6  -72  30 

//Reference=MNI 
//nullstudy_4
//Subjects=30
-6  0  64 
-68  -36  14 
42  56  2 
-52  -22  44 
-8  4  52 
-8  -28  44 
-24  58  -4 
-50  8  16 

//Reference=MNI 
//nullstudy_5
//Subjects=29
-14  -88  12 
6  44  38 
-8  -56  -44 
-44  52  0 
-8  -58  -32 
-16  -82  -38 
-32  30  46 
-40  -18  36 

//Reference=MNI 
//nullstudy_6
//Subjects=30
-40  -58  50 
8  24  -12 
-20  -70  32 
-24  50  38 
-56  -52  -20 
-52  22  26 
-14  50  36 
-6  -54  -50 

//Reference=MNI 
//nullstudy_7
//Subjects=29
36  24  54 
-6  -84  24 
-54  -54  12 
-6  16  36 
-2  -62  26 
-20  34  56 
58  2  -18 
22  32  58 

//Reference=MNI 
//nullstudy_8
//Subjects=29
-60  -56  8 
-36  8  -12 
-20  -66  -10 
-20  -40  -16 
-2  -12  -10 
40  6  60 
-24  -16  -34 
-54  -16  18 

//Reference=MNI 
//nullstudy_9
//Subjects=30
-4  6  -10 
56  2  24 
-60  -32  -10 
-12  -34  66 
-38  -84  -28 
-24  -34  6 
-40  2  -16 
-24  30  -24 

//Reference=MNI 
//nullstudy_10
//Subjects=30
-18  -64  38 
-6  18  60 
-50  -46  54 
-18  -74  -44 
-8  -96  22 
46  44  14 
-26  -94  -10 
-24  -84  -48 

//Reference=MNI 
//nullstudy_11
//Subjects=31
-2  -44  6 
-14  -66  -30 
-22  -98  -8 
-30  -96  -18 
-36  36  -22 
-12  58  8 
20  62  0 
-8  -56  32 

//Reference=MNI 
//nullstudy_12
//Subjects=30
-40  50  -18 
-14  32  20 
2  48  -6 
-26  22  -32 
-38  28  34 
20  24  42 
-38  -44  -50 
-50  -60  -24 

//Reference=MNI 
//nullstudy_13
//Subjects=29
-38  -20  -4 
-48  38  12 
-26  -52  12 
24  60  16 
8  52  14 
30  20  40 
-44  -82  -26 
-62  -48  32 

//Reference=MNI 
//nullstudy_14
//Subjects=31
-40  -66  32 
-8  4  -28 
-28  -56  42 
-14  4  -4 
-26  -88  24 
-22  -76  -44 
-62  4  24 
-30  2  2 

//Reference=MNI 
//nullstudy_15
//Subjects=30
-36  44  18 
-34  6  -42 
-40  -66  50 
-14  -40  -18 
46  6  44 
-34  28  -22 
4  54  -12 
-46  -38  46 

//Reference=MNI 
//nullstudy_16
//Subjects=30
-56  28  8 
36  18  34 
-42  -36  4 
-46  -74  -12 
-50  0  -24 
-36  10  -32 
-28  -2  -24 
-50  14  24 

//Reference=MNI 
//nullstudy_17
//Subjects=29
-22  -58  24 
28  66  6 
-40  -90  -8 
-32  -40  52 
22  6  -48 
-44  2  4 
-22  -64  42 
-48  -60  26 

//Reference=MNI 
//nullstudy_18
//Subjects=30
-18  -40  -4 
-52  -38  40 
0  20  32 
44  18  12 
6  22  30 
16  52  22 
-52  -38  18 
-38  -60  32 

//Reference=MNI 
//nullstudy_19
//Subjects=32
-38  -58  -4 
-26  -30  -20 
8  38  -6 
-16  58  18 
48  10  50 
-12  -20  -8 
26  4  54 
-54  -28  -26 

//Reference=MNI 
//nullstudy_20
//Subjects=31
-24  -18  -20 
26  48  -16 
54  12  -6 
-20  -100  -8 
-2  28  56 
0  52  26 
6  38  30 
-26  -74  -22 

//Reference=MNI 
//nullstudy_21
//Subjects=28
26  62  -2 
-40  -92  -6 
-40  18  30 
-46  -28  4 
-46  -56  -6 
-30  -28  14 
-62  -12  22 
16  40  54 

//Reference=MNI 
//nullstudy_22
//Subjects=29
-34  22  4 
-48  40  2 
26  4  52 
-8  36  44 
-42  -74  40 
6  26  40 
-38  10  60 
-44  -60  -52 

//Reference=MNI 
//nullstudy_23
//Subjects=31
-30  44  -8 
-44  -52  -26 
-36  -18  52 
-58  -24  20 
44  22  12 
-26  -94  -4 
-48  -64  36 
-8  -14  -28 

//Reference=MNI 
//nullstudy_24
//Subjects=31
-24  -2  68 
-54  -52  -8 
-2  -78  -42 
18  62  -12 
-30  -60  -22 
-30  -12  54 
-50  34  -10 
-38  -74  6 

//Reference=MNI 
//nullstudy_25
//Subjects=29
24  12  66 
-26  -66  4 
-12  -36  -34 
-58  -38  48 
-16  -18  60 
-22  -64  32 
-36  -62  -32 
-2  -48  32 

//Reference=MNI 
//nullstudy_26
//Subjects=30
-20  -46  2 
16  20  -4 
-46  38  12 
-12  -60  36 
32  12  60 
-10  -64  -8 
18  24  -28 
-14  28  56 

//Reference=MNI 
//nullstudy_27
//Subjects=31
48  6  -8 
-50  -60  -32 
-16  -60  -38 
-22  -66  -54 
-64  -40  12 
16  4  -4 
-10  44  12 
-10  -86  -20 

//Reference=MNI 
//nullstudy_28
//Subjects=31
24  52  -4 
-36  -86  16 
-4  40  -18 
-24  -56  12 
46  16  32 
-30  -92  16 
-2  -58  -22 
-12  -70  4 

//Reference=MNI 
//nullstudy_29
//Subjects=29
-34  -70  56 
-28  -12  66 
20  4  60 
-56  -32  56 
8  32  -30 
-24  34  38 
-6  46  -4 
-10  68  20 

//Reference=MNI 
//nullstudy_30
//Subjects=30
6  10  52 
-44  4  -2 
-6  -48  40 
44  48  18 
-22  -6  -24 
-14  -52  -56 
64  8  26 
42  24  -14 

//Reference=MNI 
//nullstudy_31
//Subjects=29
-30  26  2 
-40  16  46 
-46  -70  18 
-46  28  32 
24  28  -18 
-8  -62  62 
46  48  10 
16  20  56 

//Reference=MNI 
//nullstudy_32
//Subjects=32
-6  -18  -18 
18  28  2 
30  16  -12 
42  36  -10 
-56  -42  4 
30  6  58 
-22  -72  42 
-50  36  4 

//Reference=MNI 
//nullstudy_33
//Subjects=29
-60  12  26 
38  50  2 
16  70  12 
-36  -36  50 
-2  -62  -34 
-4  52  -8 
46  20  34 
-8  -16  2 

//Reference=MNI 
//nullstudy_34
//Subjects=32
-36  8  -6 
16  26  60 
-56  -18  18 
-34  -20  48 
-16  -52  56 
-30  -40  -20 
-10  -62  -62 
12  6  36 

//Reference=MNI 
//nullstudy_35
//Subjects=31
-6  26  -18 
-14  14  -16 
-4  -4  -6 
-52  16  30 
-8  42  -22 
-32  -4  -34 
0  60  -10 
-32  20  -22 

//Reference=MNI 
//nullstudy_36
//Subjects=30
-4  -60  64 
-16  -72  -20 
6  56  24 
-30  2  -48 
38  18  -22 
-64  -50  18 
36  52  -8 
-34  -90  -22 

//Reference=MNI 
//nullstudy_37
//Subjects=30
-18  -66  32 
-48  22  -10 
-2  -18  62 
-6  -36  64 
-20  -2  60 
-8  -14  8 
-10  -44  78 
-20  -40  -16 

//Reference=MNI 
//nullstudy_38
//Subjects=33
-6  -58  38 
50  6  -44 
-48  -56  6 
-16  6  -36 
-2  8  34 
20  14  12 
30  30  8 
-34  48  32 

//Reference=MNI 
//nullstudy_39
//Subjects=29
50  2  -46 
-24  28  -24 
-4  -84  18 
40  42  -10 
-64  -46  -14 
14  60  22 
-30  -36  48 
50  18  48 

//Reference=MNI 
//nullstudy_40
//Subjects=30
-6  -16  12 
-2  6  -8 
20  4  -22 
-4  -104  2 
-54  -24  50 
-2  -98  20 
22  56  -12 
20  50  18 

//Reference=MNI 
//nullstudy_41
//Subjects=29
-4  20  66 
-10  -50  14 
-22  42  -18 
-16  -68  -24 
30  64  -4 
12  72  -2 
-4  32  -26 
-42  -60  -26 

//Reference=MNI 
//nullstudy_42
//Subjects=29
-2  -68  4 
-28  -18  -36 
-18  -78  -52 
-48  -28  50 
-34  30  -22 
10  14  54 
46  2  14 
-20  -68  12 

//Reference=MNI 
//nullstudy_43
//Subjects=29
-2  34  50 
10  60  30 
-16  62  -14 
-24  -50  -58 
-2  -76  6 
36  24  4 
44  2  6 
-52  -22  12 

//Reference=MNI 
//nullstudy_44
//Subjects=30
48  20  46 
-36  -16  40 
38  8  42 
-2  8  26 
-64  -12  18 
34  34  36 
60  12  22 
38  38  42 

//Reference=MNI 
//nullstudy_45
//Subjects=32
-26  -60  -52 
-32  10  58 
-54  4  44 
-44  -12  -16 
64  10  6 
-38  -86  26 
44  40  -6 
-42  -42  -22 

//Reference=MNI 
//nullstudy_46
//Subjects=30
-52  -74  22 
-16  -24  76 
-32  -52  -40 
-54  8  10 
-28  -50  -38 
-38  38  -12 
-40  28  24 
-2  -30  28 

//Reference=MNI 
//nullstudy_47
//Subjects=31
30  50  -14 
-4  -24  -20 
-2  -18  26 
32  16  -16 
-46  -4  44 
8  52  8 
-6  46  20 
-6  42  0 

//Reference=MNI 
//nullstudy_48
//Subjects=30
-6  32  30 
-2  4  44 
-28  -14  -46 
30  48  -4 
-6  14  -6 
40  24  50 
-54  -52  -18 
52  38  -10 

//Reference=MNI 
//nullstudy_49
//Subjects=31
-36  -4  -38 
-56  -32  2 
-56  -40  4 
14  56  16 
12  22  -22 
-36  -84  34 
0  66  -2 
-52  4  48 

//Reference=MNI 
//nullstudy_50
//Subjects=31
26  52  12 
-14  -96  -20 
-54  20  -2 
10  46  34 
-16  22  4 
-28  -62  64 
-20  -48  -12 
-44  -40  -46 

//Reference=MNI 
//nullstudy_51
//Subjects=30
-24  -80  -32 
44  28  22 
-28  10  60 
-42  8  -4 
-36  -26  68 
-16  -72  50 
-24  60  -10 
-38  -16  36 

//Reference=MNI 
//nullstudy_52
//Subjects=32
-36  -66  12 
-56  -8  16 
-10  -86  20 
34  20  42 
6  42  34 
-32  -68  -46 
-18  -34  -34 
-58  -36  -30 

//Reference=MNI 
//nullstudy_53
//Subjects=30
-30  -86  2 
-34  -30  72 
30  36  52 
-28  -88  -34 
-44  -48  -56 
-40  -86  -8 
-26  -62  -18 
24  52  26 

//Reference=MNI 
//nullstudy_54
//Subjects=28
-24  -12  -36 
-52  -40  56 
18  12  -34 
-2  14  24 
-28  -58  8 
-12  -2  74 
-14  0  -36 
-24  -58  44 

//Reference=MNI 
//nullstudy_55
//Subjects=29
-8  -50  58 
-16  68  4 
-60  -10  22 
-30  -50  38 
-66  -44  -8 
-48  -78  8 
-14  -36  0 
-8  -8  12 

//Reference=MNI 
//nullstudy_56
//Subjects=30
-18  -38  6 
-34  -60  -48 
8  48  2 
44  52  12 
-10  -34  -46 
50  8  24 
-28  -52  -14 
-32  -78  30 

//Reference=MNI 
//nullstudy_57
//Subjects=30
50  44  2 
4  42  -26 
10  56  36 
-18  -60  -18 
-16  -62  -22 
56  22  6 
-56  4  -26 
-50  -8  42 

//Reference=MNI 
//nullstudy_58
//Subjects=31
-44  20  52 
-22  -66  -48 
-32  -34  -24 
22  28  32 
-2  16  42 
12  22  56 
-26  -54  -22 
-40  -78  -26 

//Reference=MNI 
//nullstudy_59
//Subjects=29
-16  -46  -46 
26  4  -14 
-18  62  -10 
-46  -48  -18 
-52  -8  14 
42  24  -2 
14  54  -16 
-8  -60  38 

//Reference=MNI 
//nullstudy_60
//Subjects=30
-52  -26  46 
-12  64  10 
22  50  8 
-34  14  -2 
-24  16  -2 
-44  -68  -54 
-16  -54  -4 
44  24  0 

//Reference=MNI 
//nullstudy_61
//Subjects=30
-6  28  -20 
-52  -38  -14 
-28  58  -4 
44  40  8 
-6  -48  30 
-30  -62  -24 
-30  2  -40 
24  14  -46 

//Reference=MNI 
//nullstudy_62
//Subjects=28
-14  6  -38 
8  34  18 
-18  -56  -38 
-16  -60  8 
-62  -36  14 
-26  12  -4 
18  18  16 
-56  -52  26 

//Reference=MNI 
//nullstudy_63
//Subjects=28
-40  -16  22 
-6  -80  42 
-10  -24  -6 
26  12  -28 
-48  -8  14 
8  42  24 
-36  16  -18 
-48  -78  24 

//Reference=MNI 
//nullstudy_64
//Subjects=33
-28  6  -30 
-40  26  8 
24  64  22 
-4  56  12 
4  20  68 
-66  -24  -24 
-10  -90  -24 
-20  58  0 

//Reference=MNI 
//nullstudy_65
//Subjects=31
-54  38  -4 
-14  -86  -22 
38  56  -12 
-36  58  -2 
8  40  22 
-20  -76  52 
-42  12  26 
50  10  -40 

//Reference=MNI 
//nullstudy_66
//Subjects=30
-4  -20  34 
-2  -70  60 
18  20  -8 
-12  -100  0 
-40  -8  60 
12  8  70 
30  18  -44 
-64  -38  -4 

//Reference=MNI 
//nullstudy_67
//Subjects=30
-32  -56  46 
-8  8  -24 
2  50  30 
-6  -8  8 
-6  -12  62 
-24  -60  64 
-34  -62  -42 
-8  -44  78 

//Reference=MNI 
//nullstudy_68
//Subjects=30
-16  -2  -34 
-40  -36  34 
-4  -22  2 
-28  -28  74 
-64  -24  -22 
22  16  -8 
-42  -24  16 
-4  -84  46 

//Reference=MNI 
//nullstudy_69
//Subjects=29
-16  4  16 
-8  42  4 
42  12  48 
36  2  -42 
0  60  6 
-44  -62  44 
-28  -46  -54 
-46  -20  38 

//Reference=MNI 
//nullstudy_70
//Subjects=31
50  50  0 
-24  30  -22 
-56  -14  -24 
30  66  10 
-30  -32  66 
32  40  -14 
-8  58  12 
-28  -50  52 

//Reference=MNI 
//nullstudy_71
//Subjects=29
12  22  48 
-52  -36  -32 
-8  -54  54 
-34  -72  -22 
-56  -32  20 
-30  -64  -4 
24  52  26 
24  14  -22 

//Reference=MNI 
//nullstudy_72
//Subjects=30
-18  2  -46 
36  44  -10 
-34  -70  -54 
-10  -78  46 
46  38  12 
-48  -60  14 
-40  -50  -48 
-16  -40  -32 

//Reference=MNI 
//nullstudy_73
//Subjects=31
-30  18  -28 
22  8  54 
-14  -80  -44 
-24  0  10 
24  18  -22 
-24  40  42 
-28  14  -42 
-54  -46  -32 

//Reference=MNI 
//nullstudy_74
//Subjects=29
-52  -22  48 
-38  -22  62 
-52  -10  -34 
4  8  66 
-10  50  -4 
10  24  42 
-6  -14  38 
-18  -62  38 

//Reference=MNI 
//nullstudy_75
//Subjects=30
-62  -34  38 
-24  68  2 
-2  -88  36 
-46  -66  2 
50  22  -22 
4  28  -18 
24  14  52 
-56  0  24 

//Reference=MNI 
//nullstudy_76
//Subjects=29
-16  -72  -24 
0  50  42 
-18  -22  8 
2  62  -6 
-54  -50  44 
4  38  -24 
-18  -10  -16 
-18  -34  60 

//Reference=MNI 
//nullstudy_77
//Subjects=27
0  42  24 
-58  -10  42 
-52  -38  24 
34  6  58 
-58  -28  -22 
-10  24  -14 
-10  -20  -16 
12  30  60 

//Reference=MNI 
//nullstudy_78
//Subjects=30
-12  56  18 
-38  -76  -42 
-58  6  -20 
-8  30  20 
46  4  -36 
-12  -34  14 
2  48  40 
48  16  34 

//Reference=MNI 
//nullstudy_79
//Subjects=29
-52  0  32 
-56  -46  -2 
-4  48  -18 
-36  -36  36 
10  12  66 
-4  -92  -16 
36  32  -18 
-38  -62  -16 

//Reference=MNI 
//nullstudy_80
//Subjects=31
-42  -78  -20 
-10  -90  -36 
34  4  16 
-52  -36  -8 
-34  -82  12 
40  26  -26 
-52  -44  46 
-42  -74  -8 

//Reference=MNI 
//nullstudy_81
//Subjects=30
-26  30  38 
-44  -48  -14 
60  22  4 
-48  -24  -28 
-32  62  4 
46  6  10 
-38  -72  -2 
-4  -34  -48 

//Reference=MNI 
//nullstudy_82
//Subjects=30
-62  4  -12 
-12  38  18 
-12  60  12 
52  42  -2 
42  42  6 
8  4  8 
46  2  10 
50  6  -42 

//Reference=MNI 
//nullstudy_83
//Subjects=29
-34  52  8 
14  68  8 
-16  68  12 
-46  -44  16 
-44  30  24 
-50  -30  36 
-32  24  -4 
-52  42  8 

//Reference=MNI 
//nullstudy_84
//Subjects=31
-46  -38  56 
-6  -66  48 
14  18  52 
30  32  54 
-38  -66  44 
-8  -66  4 
18  32  -18 
-8  -64  24 

//Reference=MNI 
//nullstudy_85
//Subjects=30
-34  -44  0 
-42  -52  22 
-20  58  -12 
38  22  4 
-58  -66  -20 
-10  26  66 
-22  40  32 
36  46  4 

//Reference=MNI 
//nullstudy_86
//Subjects=31
-44  12  -8 
-24  38  38 
-20  -92  16 
-6  2  60 
-2  44  30 
-38  -58  -10 
-30  -24  46 
28  50  2 

//Reference=MNI 
//nullstudy_87
//Subjects=30
-56  -38  -4 
-28  -18  74 
-24  -84  -22 
-28  -50  -42 
-34  6  44 
-6  -48  -12 
-24  -86  14 
-36  36  34 

//Reference=MNI 
//nullstudy_88
//Subjects=29
42  24  0 
46  10  8 
-42  -50  -24 
-4  -102  -6 
-52  -70  38 
54  42  -8 
-12  -104  10 
52  12  6 

//Reference=MNI 
//nullstudy_89
//Subjects=30
-56  -60  24 
-14  44  -8 
58  14  28 
38  56  0 
-12  -48  -42 
14  2  -34 
-50  -36  -26 
42  58  -10 

//Reference=MNI 
//nullstudy_90
//Subjects=29
-4  -54  -66 
-16  -54  58 
-42  -66  -36 
-34  36  40 
-16  2  0 
-60  -42  -6 
-26  -62  30 
32  50  -12 

//Reference=MNI 
//nullstudy_91
//Subjects=31
-38  -60  -24 
-20  -42  -12 
12  44  22 
-12  -50  60 
4  20  -22 
-28  -40  10 
-40  -42  58 
-52  -56  -42 

//Reference=MNI 
//nullstudy_92
//Subjects=31
-34  -70  -42 
-62  -20  30 
48  36  -6 
32  28  48 
-62  0  2 
-28  -2  48 
-10  -2  52 
-24  -52  54 

//Reference=MNI 
//nullstudy_93
//Subjects=32
-48  -38  0 
-28  14  -44 
-56  -46  20 
-42  -86  -20 
-20  12  -12 
-16  -50  64 
-48  -26  8 
-8  12  14 

//Reference=MNI 
//nullstudy_94
//Subjects=29
-42  -86  24 
42  40  20 
-20  10  -10 
-20  -54  -12 
16  20  -26 
-6  -32  -8 
-10  -16  6 
-50  -10  -42 

//Reference=MNI 
//nullstudy_95
//Subjects=28
-24  -40  58 
-46  -80  -16 
-50  -20  -36 
-50  -4  32 
-4  46  -18 
-4  -40  2 
20  18  56 
-52  -42  4 

//Reference=MNI 
//nullstudy_96
//Subjects=30
14  44  32 
2  26  62 
-40  42  -16 
-10  -64  -42 
-36  -12  52 
-46  -22  48 
-24  -72  50 
-36  -82  -10 

//Reference=MNI 
//nullstudy_97
//Subjects=31
-8  -76  34 
56  16  -12 
-62  -38  8 
-28  -8  46 
2  38  -16 
-8  16  -26 
-36  -38  58 
-8  -48  0 

//Reference=MNI 
//nullstudy_98
//Subjects=30
-18  14  56 
-46  -34  -30 
32  4  66 
6  4  -10 
38  26  0 
14  30  58 
-44  0  -24 
-42  -80  28 

//Reference=MNI 
//nullstudy_99
//Subjects=30
-30  -90  -16 
-44  -22  -26 
14  54  -2 
-12  -38  -12 
-40  48  10 
-2  20  -20 
-16  -24  -6 
-2  -24  0 

//Reference=MNI 
//nullstudy_100
//Subjects=31
-8  2  -6 
-10  -24  68 
-50  24  4 
-4  -48  -12 
-42  -56  20 
-6  26  -24 
36  12  38 
6  6  68 

