//Reference=MNI 
//truestudy_1
//Subjects=30
46  -67  -5 
46  -65  -5 
46  -64  -8 
44  -67  -6 
44  -66  -5 
45  -66  -6 
44  -65  -5 
47  -67  -6 

//Reference=MNI 
//truestudy_2
//Subjects=30
48  -66  -7 
46  -66  -7 
45  -66  -6 
46  -67  -5 
46  -66  -5 
46  -67  -5 
47  -67  -6 
48  -66  -6 

//Reference=MNI 
//truestudy_3
//Subjects=29
47  -66  -6 
46  -67  -7 
47  -66  -6 
46  -66  -6 
44  -67  -6 
47  -66  -6 
45  -66  -5 
47  -67  -6 

//Reference=MNI 
//nullstudy_1
//Subjects=30
-10  -28  22 
10  54  8 
38  28  30 
26  4  -42 
38  20  -38 
-56  -2  -20 
-32  -12  -32 
-30  14  48 

//Reference=MNI 
//nullstudy_2
//Subjects=30
36  6  56 
-28  56  -10 
8  12  -14 
-36  -4  14 
56  16  -4 
40  26  36 
-42  -50  28 
-26  -70  50 

//Reference=MNI 
//nullstudy_3
//Subjects=29
40  16  34 
-26  48  -4 
-2  -60  30 
10  62  10 
-56  -46  -30 
-4  26  54 
-28  -90  -20 
8  46  52 

//Reference=MNI 
//nullstudy_4
//Subjects=31
-10  -90  -22 
38  18  -38 
22  30  36 
12  70  -4 
-64  -48  14 
-54  -22  40 
-6  -86  -6 
8  20  -28 

//Reference=MNI 
//nullstudy_5
//Subjects=28
-50  -2  40 
-18  -58  -56 
-30  34  -22 
-34  -80  42 
-2  -56  -14 
-42  -38  24 
4  38  -10 
6  50  2 

//Reference=MNI 
//nullstudy_6
//Subjects=31
-64  -10  2 
-48  -58  12 
-22  -40  8 
-2  -42  -46 
-36  -30  16 
0  56  38 
36  38  34 
-12  -2  68 

//Reference=MNI 
//nullstudy_7
//Subjects=31
-42  -72  -34 
34  16  -32 
-42  16  -32 
-66  -28  -10 
-2  6  46 
38  20  -20 
-32  4  -22 
-8  -56  22 

//Reference=MNI 
//nullstudy_8
//Subjects=30
-24  -36  -38 
-40  -10  -30 
-46  -64  44 
-44  42  0 
42  10  -14 
46  4  4 
-20  -88  12 
32  24  2 

//Reference=MNI 
//nullstudy_9
//Subjects=30
-24  22  56 
-46  -62  -40 
-16  18  -2 
-48  -32  10 
-54  -72  24 
-52  -18  36 
-8  -64  -4 
-34  -20  -12 

//Reference=MNI 
//nullstudy_10
//Subjects=30
42  14  -28 
44  30  26 
-32  12  4 
48  26  24 
-6  -62  56 
-46  -64  -48 
-32  54  20 
-56  -44  -6 

//Reference=MNI 
//nullstudy_11
//Subjects=30
36  46  0 
12  16  2 
-12  -28  66 
-4  14  28 
-32  8  -10 
-16  -104  -4 
-52  -4  -6 
-22  -36  -12 

//Reference=MNI 
//nullstudy_12
//Subjects=30
-50  0  38 
-26  16  -10 
-12  -46  -58 
-68  -16  24 
-12  24  28 
-32  -78  12 
36  8  -14 
-4  -38  4 

//Reference=MNI 
//nullstudy_13
//Subjects=29
-10  -72  -48 
-34  -88  -14 
6  24  64 
30  52  -16 
-24  52  32 
-50  -20  48 
10  18  -24 
28  10  44 

//Reference=MNI 
//nullstudy_14
//Subjects=31
-18  -30  12 
-20  -34  -40 
-22  40  -10 
-26  50  34 
32  10  -24 
-32  -72  14 
-32  -62  -4 
52  12  -8 

//Reference=MNI 
//nullstudy_15
//Subjects=29
-10  -66  -54 
8  16  28 
-20  -68  30 
-32  10  54 
-58  -58  16 
-2  34  30 
-46  -18  32 
-52  -34  50 

//Reference=MNI 
//nullstudy_16
//Subjects=29
-16  -8  -40 
-42  -10  -38 
0  58  -2 
-8  -4  44 
-30  22  -14 
-10  12  -12 
0  30  -14 
-18  -86  36 

//Reference=MNI 
//nullstudy_17
//Subjects=31
-40  -64  -38 
-24  -2  -46 
28  36  24 
-4  -30  -48 
-54  -20  20 
-10  -90  22 
-18  -54  -14 
-16  -32  16 

//Reference=MNI 
//nullstudy_18
//Subjects=31
22  42  -18 
2  52  38 
-8  -38  -54 
-36  24  46 
-10  -62  68 
-36  -36  -8 
-44  -58  -22 
-18  -64  -50 

//Reference=MNI 
//nullstudy_19
//Subjects=29
-2  -52  -8 
46  2  42 
-42  -90  10 
-24  -42  -4 
-26  44  40 
58  10  -30 
-58  0  12 
-4  46  52 

//Reference=MNI 
//nullstudy_20
//Subjects=30
-60  -42  -2 
-18  36  -14 
-18  -58  -12 
-62  -28  30 
10  12  -6 
-26  -70  40 
-42  -80  2 
-38  2  -42 

//Reference=MNI 
//nullstudy_21
//Subjects=29
-50  -10  6 
-56  -16  -12 
20  2  72 
38  20  28 
2  26  22 
4  6  68 
-36  -74  30 
-54  -4  -42 

//Reference=MNI 
//nullstudy_22
//Subjects=29
8  44  50 
-56  4  10 
-40  -50  -14 
-12  -46  54 
-10  -62  -22 
-60  18  12 
-10  -16  56 
10  52  -2 

//Reference=MNI 
//nullstudy_23
//Subjects=30
26  54  10 
-18  -38  68 
6  10  -2 
-10  24  4 
62  8  26 
2  30  24 
-10  -34  8 
48  50  -12 

//Reference=MNI 
//nullstudy_24
//Subjects=30
-20  -66  30 
-22  -64  46 
-14  -8  -28 
-56  18  18 
-16  -62  -18 
-2  -40  40 
-62  -4  12 
60  4  -12 

//Reference=MNI 
//nullstudy_25
//Subjects=30
16  46  -12 
-44  38  -4 
-40  -2  48 
52  2  4 
-10  -56  -26 
-42  48  2 
22  12  0 
-42  28  12 

//Reference=MNI 
//nullstudy_26
//Subjects=31
-48  0  -12 
24  50  -2 
18  4  72 
-10  54  44 
4  48  6 
-44  -74  14 
-28  52  2 
-50  -52  16 

//Reference=MNI 
//nullstudy_27
//Subjects=29
-2  4  56 
-36  34  14 
-14  0  18 
-10  -26  66 
34  12  -44 
46  16  34 
-26  -4  -48 
-28  -32  -16 

//Reference=MNI 
//nullstudy_28
//Subjects=30
-2  10  -6 
-34  -42  42 
14  14  -14 
-68  -38  10 
56  12  10 
-16  -68  0 
-12  50  8 
56  8  44 

//Reference=MNI 
//nullstudy_29
//Subjects=30
52  40  22 
-36  -42  66 
-56  6  30 
-6  -52  34 
-8  -70  -2 
-60  -54  10 
-40  -14  -46 
-30  -56  -42 

//Reference=MNI 
//nullstudy_30
//Subjects=30
-30  -4  -40 
-40  12  56 
-28  -30  -22 
-6  4  58 
2  26  -6 
30  4  -14 
-24  30  -26 
-34  18  50 

//Reference=MNI 
//nullstudy_31
//Subjects=30
-42  -24  40 
12  22  54 
6  6  60 
8  46  -8 
-46  -20  38 
-42  16  -30 
40  6  -16 
30  6  60 

//Reference=MNI 
//nullstudy_32
//Subjects=30
-68  -34  26 
36  10  -44 
-18  -4  -22 
-6  52  -28 
12  20  -14 
-46  -70  32 
22  12  70 
2  66  26 

//Reference=MNI 
//nullstudy_33
//Subjects=30
2  6  -18 
-18  -14  22 
-12  -46  -38 
-64  -4  -20 
-64  -16  -6 
-28  -56  -44 
-30  32  22 
-14  -26  -36 

//Reference=MNI 
//nullstudy_34
//Subjects=30
-68  -42  -14 
-28  20  -28 
-34  -6  -6 
-38  -82  30 
-12  -58  60 
-56  -10  18 
-40  -24  2 
-6  -26  20 

//Reference=MNI 
//nullstudy_35
//Subjects=31
44  48  24 
-6  -48  46 
-52  -26  4 
-26  -50  64 
-12  -46  30 
18  56  32 
-18  38  -28 
-34  -28  46 

//Reference=MNI 
//nullstudy_36
//Subjects=30
12  40  2 
-62  -10  36 
-12  -76  -6 
16  32  42 
-44  10  46 
-34  0  -28 
2  22  56 
28  40  46 

//Reference=MNI 
//nullstudy_37
//Subjects=30
-26  -84  -36 
48  22  46 
44  2  -34 
-6  -44  40 
24  8  48 
-56  -16  -8 
-36  -6  12 
24  20  38 

//Reference=MNI 
//nullstudy_38
//Subjects=30
-10  -60  20 
-24  -70  -46 
-52  16  0 
50  44  18 
-22  44  44 
-24  -70  56 
-56  -42  -30 
-30  -66  -44 

//Reference=MNI 
//nullstudy_39
//Subjects=29
-6  -20  38 
-8  -40  42 
-52  -62  32 
-34  -26  64 
-14  -8  -16 
-32  -56  38 
-44  18  -34 
8  6  58 

//Reference=MNI 
//nullstudy_40
//Subjects=30
-40  -18  -36 
46  2  46 
12  50  34 
-34  -10  64 
-64  0  22 
-18  -38  20 
24  46  16 
-22  -34  68 

//Reference=MNI 
//nullstudy_41
//Subjects=29
-6  -36  -40 
-36  -78  -6 
36  16  22 
56  26  22 
-12  -60  64 
-16  22  -28 
30  44  40 
54  32  8 

//Reference=MNI 
//nullstudy_42
//Subjects=29
50  18  -34 
-60  -10  18 
-40  -56  12 
-8  22  26 
-50  12  -30 
-44  32  14 
-46  -6  0 
-2  38  50 

//Reference=MNI 
//nullstudy_43
//Subjects=31
28  50  -10 
8  10  -6 
-6  -66  0 
-28  -56  4 
-8  -58  -60 
-4  -50  26 
20  56  0 
36  18  42 

//Reference=MNI 
//nullstudy_44
//Subjects=29
-2  -22  -20 
-46  -66  -48 
-52  0  -4 
-6  18  -16 
16  18  8 
-16  -62  -32 
-26  22  -30 
-40  -40  42 

//Reference=MNI 
//nullstudy_45
//Subjects=31
-16  16  -12 
-44  -40  14 
-56  -56  28 
-18  24  46 
-18  44  42 
-30  -50  42 
-64  -40  -18 
8  42  26 

//Reference=MNI 
//nullstudy_46
//Subjects=31
-6  68  18 
-46  -40  -30 
-12  -60  30 
-14  -22  62 
-12  -80  36 
2  30  -16 
32  14  -30 
-40  -10  -34 

//Reference=MNI 
//nullstudy_47
//Subjects=31
36  44  -14 
-20  46  -16 
50  26  28 
-46  8  -20 
-24  -86  34 
18  64  -14 
-2  -86  -18 
-4  -24  16 

//Reference=MNI 
//nullstudy_48
//Subjects=29
-12  10  20 
-14  -6  76 
18  10  0 
-64  -26  12 
-8  34  62 
-64  -24  -2 
-24  -82  -26 
10  32  36 

//Reference=MNI 
//nullstudy_49
//Subjects=30
-38  36  -16 
-2  46  22 
40  18  8 
-10  -64  -48 
46  12  -40 
-8  30  46 
32  36  -4 
6  62  -24 

//Reference=MNI 
//nullstudy_50
//Subjects=30
-52  -70  -12 
-4  -18  34 
46  52  -8 
-12  -16  18 
26  52  26 
-42  -26  46 
-20  -40  -54 
-30  -12  -36 

//Reference=MNI 
//nullstudy_51
//Subjects=31
36  2  52 
6  44  -12 
-6  -62  62 
0  16  54 
-14  -94  24 
-52  -38  34 
-32  -52  56 
-6  30  26 

//Reference=MNI 
//nullstudy_52
//Subjects=29
-6  40  -8 
-22  -100  -16 
4  48  -30 
-48  0  -8 
-8  -8  12 
-20  -6  70 
-30  -64  -48 
-14  -58  18 

//Reference=MNI 
//nullstudy_53
//Subjects=32
-24  -60  -40 
-58  -2  16 
-30  -68  34 
-38  -58  8 
-14  -46  32 
-58  -18  32 
6  8  34 
-16  -50  30 

//Reference=MNI 
//nullstudy_54
//Subjects=31
-4  -26  -50 
30  56  -8 
-30  2  12 
-58  12  -12 
-36  -42  58 
-32  0  4 
0  36  -2 
-34  -38  -48 

//Reference=MNI 
//nullstudy_55
//Subjects=31
-46  -54  -22 
52  20  12 
14  42  36 
-24  -98  12 
48  6  4 
-40  28  -16 
-62  -52  0 
14  68  -6 

//Reference=MNI 
//nullstudy_56
//Subjects=29
44  40  -20 
-10  8  12 
40  18  4 
34  6  60 
36  6  -26 
-34  -6  10 
-34  22  -14 
-60  -6  20 

//Reference=MNI 
//nullstudy_57
//Subjects=31
-8  30  16 
6  16  -6 
-66  -50  -4 
-30  -66  -24 
-4  4  46 
10  52  -20 
10  50  48 
-36  30  6 

//Reference=MNI 
//nullstudy_58
//Subjects=29
-24  50  38 
-28  -48  2 
8  30  -10 
-24  20  64 
-34  28  54 
-38  -56  50 
10  6  48 
-44  -22  8 

//Reference=MNI 
//nullstudy_59
//Subjects=30
-60  -20  -30 
-26  -90  -16 
-16  66  -8 
26  44  12 
-22  6  -14 
-10  12  36 
-26  52  12 
58  26  12 

//Reference=MNI 
//nullstudy_60
//Subjects=29
-12  -36  60 
-16  -28  12 
-30  -42  50 
-46  4  -6 
-26  -88  2 
-18  64  2 
-40  -18  -34 
-34  -64  -52 

//Reference=MNI 
//nullstudy_61
//Subjects=29
12  26  36 
-28  -2  -6 
-16  -16  66 
-30  -54  66 
32  8  -30 
-10  -6  74 
-24  20  64 
20  4  58 

//Reference=MNI 
//nullstudy_62
//Subjects=30
-18  -90  -6 
-14  -66  14 
-24  -62  -28 
-18  -40  -28 
44  38  8 
42  44  -12 
-64  -20  -30 
-46  -52  58 

//Reference=MNI 
//nullstudy_63
//Subjects=29
-24  -48  -10 
46  30  12 
-34  0  16 
48  32  10 
-42  -62  -6 
-52  -52  48 
-38  -34  52 
2  42  4 

//Reference=MNI 
//nullstudy_64
//Subjects=29
-42  52  8 
-32  10  -10 
-40  30  -22 
-10  -78  20 
-26  -56  70 
2  62  -18 
-52  22  6 
-20  -66  24 

//Reference=MNI 
//nullstudy_65
//Subjects=30
-22  64  4 
12  58  -20 
-34  18  -32 
-8  -12  -22 
34  38  -18 
52  30  20 
-28  42  30 
54  6  -20 

//Reference=MNI 
//nullstudy_66
//Subjects=30
-8  -60  -8 
-6  -28  -42 
-10  -18  44 
-8  58  0 
-38  2  -42 
-14  -22  72 
-54  4  4 
26  10  -46 

//Reference=MNI 
//nullstudy_67
//Subjects=28
32  56  16 
-10  -82  -38 
-44  54  -6 
14  56  0 
-34  56  20 
32  6  -30 
-44  -70  36 
-56  -10  -22 

//Reference=MNI 
//nullstudy_68
//Subjects=30
-34  20  -42 
-14  -48  66 
-6  -42  38 
-50  0  -40 
-40  -34  -30 
-28  -54  -48 
-32  -24  54 
-18  -56  56 

//Reference=MNI 
//nullstudy_69
//Subjects=31
-52  4  -42 
-16  -44  10 
-44  -50  4 
-26  36  -18 
-8  -88  10 
-58  -66  6 
-14  -10  -38 
-20  6  48 

//Reference=MNI 
//nullstudy_70
//Subjects=30
-30  -94  -6 
10  58  12 
-44  8  10 
24  42  24 
36  40  -18 
-20  -10  -44 
-36  -48  54 
38  52  6 

//Reference=MNI 
//nullstudy_71
//Subjects=30
-46  48  10 
42  4  -12 
-12  64  6 
-44  -24  48 
40  30  -14 
30  12  32 
-6  -8  40 
-6  66  8 

//Reference=MNI 
//nullstudy_72
//Subjects=29
-32  -52  -38 
28  8  2 
-60  -24  0 
-52  -20  -16 
60  6  4 
-50  -18  -14 
-32  -8  50 
-32  8  48 

//Reference=MNI 
//nullstudy_73
//Subjects=31
-10  34  -16 
4  22  60 
56  20  14 
2  44  52 
-48  -44  30 
-14  -16  -18 
-34  16  6 
-58  -4  38 

//Reference=MNI 
//nullstudy_74
//Subjects=31
28  22  -28 
26  36  -20 
-22  68  4 
-8  -12  -18 
-48  -18  56 
-48  -40  32 
40  44  -10 
-12  -24  -4 

//Reference=MNI 
//nullstudy_75
//Subjects=31
-38  32  6 
-4  4  -10 
-14  54  28 
-14  -104  4 
48  18  10 
-48  -30  6 
2  4  8 
-2  -36  28 

//Reference=MNI 
//nullstudy_76
//Subjects=29
-32  2  -38 
-10  14  -30 
-26  20  -32 
-20  -38  -40 
-40  -14  42 
-6  -30  44 
-48  10  18 
-26  -50  -30 

//Reference=MNI 
//nullstudy_77
//Subjects=31
-4  -38  44 
-56  -2  6 
0  34  36 
-28  52  -14 
-10  52  18 
-10  40  50 
-36  48  -2 
-14  60  -6 

//Reference=MNI 
//nullstudy_78
//Subjects=30
-40  -8  -2 
-36  -96  -2 
-4  0  -10 
-22  -80  -28 
-14  -30  -14 
-46  -22  8 
46  2  -28 
-30  2  -2 

//Reference=MNI 
//nullstudy_79
//Subjects=29
-32  -82  -22 
-52  -46  52 
-22  -30  -14 
-34  -62  28 
-40  -56  -38 
-28  -8  -12 
-10  -30  -28 
-8  -52  10 

//Reference=MNI 
//nullstudy_80
//Subjects=29
-12  -20  22 
-6  4  -6 
10  2  -28 
-56  -30  50 
-30  -74  54 
-6  56  -18 
-36  -50  -40 
-50  10  -12 

//Reference=MNI 
//nullstudy_81
//Subjects=31
-4  -20  6 
-34  22  12 
34  12  38 
-36  -34  70 
40  2  -20 
-34  -28  -32 
-6  -24  44 
54  20  -4 

//Reference=MNI 
//nullstudy_82
//Subjects=30
-10  -98  -14 
-42  0  -14 
-36  -78  0 
-66  -30  -20 
-2  -80  -44 
8  54  -18 
-36  -66  -32 
-38  -58  -40 

//Reference=MNI 
//nullstudy_83
//Subjects=31
-50  -50  56 
-46  -14  42 
6  32  -10 
-28  60  24 
18  36  42 
-38  -84  12 
-38  30  8 
-32  6  -22 

//Reference=MNI 
//nullstudy_84
//Subjects=29
2  6  44 
-8  22  -14 
-22  -76  22 
-12  -66  64 
-60  -8  -12 
2  14  -12 
-58  -12  -22 
-30  -10  -46 

//Reference=MNI 
//nullstudy_85
//Subjects=30
-30  -30  68 
-40  -62  -16 
-10  -34  -38 
-24  -12  48 
30  10  30 
-8  -66  38 
-40  -26  66 
2  46  -12 

//Reference=MNI 
//nullstudy_86
//Subjects=30
-2  10  40 
-4  -28  -26 
-24  -78  -6 
-16  -46  48 
-40  -34  -32 
-58  -18  26 
24  12  -30 
-24  2  50 

//Reference=MNI 
//nullstudy_87
//Subjects=30
42  8  34 
-18  -76  -56 
-16  -22  2 
48  16  -18 
-10  -8  6 
-58  -60  8 
32  38  44 
-2  26  56 

//Reference=MNI 
//nullstudy_88
//Subjects=30
-16  -98  -12 
48  10  42 
-2  6  50 
-8  -14  76 
-22  -58  -46 
-18  -56  18 
-50  -54  -14 
36  20  -14 

//Reference=MNI 
//nullstudy_89
//Subjects=29
-8  -46  10 
-34  10  46 
-30  -24  -16 
-24  24  -4 
-48  -72  -18 
-22  -36  6 
52  20  -28 
-46  16  -34 

//Reference=MNI 
//nullstudy_90
//Subjects=30
-22  -52  -6 
38  4  -22 
38  26  -2 
-24  26  42 
-30  -10  -8 
-4  2  48 
-42  -10  -38 
8  28  24 

//Reference=MNI 
//nullstudy_91
//Subjects=29
-36  40  -14 
-34  -68  56 
-38  -60  22 
-16  52  26 
-54  -2  48 
4  18  30 
12  2  -20 
4  24  60 

//Reference=MNI 
//nullstudy_92
//Subjects=31
-40  58  0 
-36  -38  -26 
-38  -12  10 
-30  -72  -52 
-36  -4  60 
4  36  24 
-2  -22  14 
12  72  12 

//Reference=MNI 
//nullstudy_93
//Subjects=31
-44  -20  12 
34  4  32 
-32  62  -6 
-46  -56  2 
-42  -40  -32 
-10  -16  -34 
-6  -82  20 
-6  -96  -16 

//Reference=MNI 
//nullstudy_94
//Subjects=29
-18  22  10 
48  22  2 
-28  -2  -48 
-64  -54  16 
-12  44  -8 
-44  18  -8 
-42  -10  -44 
-18  58  36 

//Reference=MNI 
//nullstudy_95
//Subjects=29
24  34  34 
-56  -36  44 
38  44  -8 
-30  6  42 
-16  -12  -16 
-68  -34  26 
-62  -18  -30 
-60  -34  50 

//Reference=MNI 
//nullstudy_96
//Subjects=30
-18  4  60 
-2  -2  -18 
-4  -94  22 
-10  -20  4 
-58  -12  2 
-6  -38  48 
10  42  50 
-20  36  -26 

//Reference=MNI 
//nullstudy_97
//Subjects=30
-22  -76  -24 
-62  -52  2 
4  4  64 
-40  -42  64 
-38  2  -38 
-2  -8  78 
-2  28  40 
-34  10  8 

//Reference=MNI 
//nullstudy_98
//Subjects=31
-34  18  38 
-32  50  -6 
-38  -20  -32 
32  24  42 
-18  -30  60 
-8  -86  -28 
-6  64  18 
16  60  -20 

//Reference=MNI 
//nullstudy_99
//Subjects=30
42  52  0 
-8  -50  -28 
-6  70  -2 
-42  -16  20 
-30  -52  50 
-46  50  8 
-4  -28  -32 
56  34  10 

//Reference=MNI 
//nullstudy_100
//Subjects=30
-8  -26  -14 
-28  -2  -38 
-2  6  18 
-54  4  28 
-14  56  -6 
-10  38  46 
38  28  8 
-58  -22  -12 

