//Reference=MNI 
//truestudy_1
//Subjects=18
46  -67  -6 
45  -66  -7 
46  -67  -4 
46  -65  -7 
45  -64  -6 
46  -66  -6 
47  -66  -6 
46  -66  -7 

//Reference=MNI 
//truestudy_2
//Subjects=19
45  -66  -6 
47  -67  -7 
46  -63  -5 
47  -67  -4 
48  -67  -5 
44  -66  -6 
46  -66  -5 
46  -64  -7 

//Reference=MNI 
//truestudy_3
//Subjects=20
44  -66  -6 
47  -66  -5 
48  -66  -7 
48  -66  -6 
44  -64  -6 
47  -67  -7 
46  -64  -5 
46  -67  -5 

//Reference=MNI 
//nullstudy_1
//Subjects=18
-2  -66  32 
-30  -54  -8 
-20  4  10 
64  2  8 
-22  10  -36 
-26  66  16 
-12  -44  48 
-16  6  -6 

//Reference=MNI 
//nullstudy_2
//Subjects=19
-28  2  -44 
-16  46  46 
-66  -52  16 
-26  -50  68 
-2  -22  70 
-54  -36  -32 
-6  56  -6 
-10  18  6 

//Reference=MNI 
//nullstudy_3
//Subjects=20
-26  -12  -48 
-10  -84  26 
34  26  42 
-44  8  56 
-48  -22  -28 
-6  26  44 
16  48  -2 
-68  -20  4 

//Reference=MNI 
//nullstudy_4
//Subjects=21
44  12  -8 
-48  -8  -22 
-46  -26  6 
-18  -28  -4 
-58  0  -28 
-4  -88  -6 
-38  6  0 
18  20  14 

//Reference=MNI 
//nullstudy_5
//Subjects=21
-24  -66  -6 
-48  38  -2 
-22  -84  22 
-34  -64  34 
18  40  -20 
-8  -22  28 
-4  -44  -46 
-68  -36  -8 

//Reference=MNI 
//nullstudy_6
//Subjects=21
-2  22  -12 
4  24  -16 
-38  38  8 
-48  -60  -26 
4  2  42 
-12  58  18 
-4  -36  -34 
24  30  40 

//Reference=MNI 
//nullstudy_7
//Subjects=19
-2  30  -30 
10  50  50 
-28  48  16 
-4  6  52 
-16  -72  -20 
22  30  36 
-56  -20  28 
-56  -20  24 

//Reference=MNI 
//nullstudy_8
//Subjects=20
26  20  -10 
-36  -90  -14 
-46  -48  22 
-68  -20  14 
-24  -74  24 
6  4  -30 
-52  -32  -16 
-42  -48  -38 

//Reference=MNI 
//nullstudy_9
//Subjects=21
-50  -36  -6 
-60  -54  30 
-52  -18  36 
40  34  -8 
-56  20  -4 
-68  -48  0 
38  2  -48 
-18  -50  -10 

//Reference=MNI 
//nullstudy_10
//Subjects=19
-46  -48  -46 
-8  58  30 
-8  22  38 
-36  44  24 
-6  -66  -18 
-8  -32  -4 
-36  -30  44 
32  32  44 

//Reference=MNI 
//nullstudy_11
//Subjects=20
-48  22  18 
-32  -82  -16 
14  6  48 
28  36  24 
-16  -62  8 
-30  -38  -2 
-56  2  20 
-18  -38  6 

//Reference=MNI 
//nullstudy_12
//Subjects=19
-32  -34  52 
-14  22  0 
12  6  38 
-10  -14  46 
30  22  -16 
46  16  16 
-42  -52  38 
-22  -22  74 

//Reference=MNI 
//nullstudy_13
//Subjects=20
-20  -42  2 
-18  -84  30 
-4  -20  -16 
-16  56  -20 
-62  -24  46 
16  60  -8 
-58  -62  -16 
-42  -22  56 

//Reference=MNI 
//nullstudy_14
//Subjects=20
-32  10  24 
-16  28  -22 
56  14  -14 
-42  -12  8 
36  24  -18 
-36  14  22 
30  44  42 
-50  4  30 

//Reference=MNI 
//nullstudy_15
//Subjects=20
-26  -80  -48 
-42  -88  2 
-30  -82  -26 
-56  -60  32 
-24  8  54 
-30  -20  4 
-12  14  30 
-2  -24  -28 

//Reference=MNI 
//nullstudy_16
//Subjects=21
-38  -4  66 
-60  -26  14 
34  50  32 
14  62  -18 
-10  26  2 
-8  38  -14 
-6  -40  44 
-40  -48  38 

//Reference=MNI 
//nullstudy_17
//Subjects=21
-58  -8  -36 
-62  -50  34 
-54  -4  10 
-62  -44  6 
-8  -40  42 
48  32  34 
-62  -42  -24 
-48  10  30 

//Reference=MNI 
//nullstudy_18
//Subjects=20
-56  -28  4 
-34  -62  62 
-6  60  38 
-26  -80  -2 
-2  46  40 
-26  -60  38 
-34  -58  42 
48  48  -6 

//Reference=MNI 
//nullstudy_19
//Subjects=20
-32  -82  20 
-34  -50  -20 
-40  -42  -38 
-26  -68  -44 
10  46  -26 
12  24  64 
-14  28  56 
-20  -26  66 

//Reference=MNI 
//nullstudy_20
//Subjects=22
54  36  12 
2  54  4 
-36  -48  -42 
-20  -52  -60 
-12  -82  -2 
-16  20  -10 
-30  -86  20 
12  38  -12 

//Reference=MNI 
//nullstudy_21
//Subjects=20
-32  24  -38 
-18  -46  0 
2  14  -22 
-24  -62  60 
-38  -10  60 
-34  -32  -12 
-28  -64  34 
-62  -34  -28 

//Reference=MNI 
//nullstudy_22
//Subjects=20
-18  -60  34 
-48  12  38 
-14  -88  -10 
-54  -24  2 
-30  -24  74 
-30  2  40 
-56  -28  46 
-38  24  -18 

//Reference=MNI 
//nullstudy_23
//Subjects=20
-4  -84  -18 
-38  -36  50 
50  14  12 
8  42  -16 
52  38  10 
-22  -2  -20 
-14  22  12 
-52  22  2 

//Reference=MNI 
//nullstudy_24
//Subjects=21
-16  0  -14 
-20  -48  -6 
-8  -34  -38 
-22  -64  -10 
-8  2  16 
-38  -78  34 
-54  -42  -2 
-44  -58  30 

//Reference=MNI 
//nullstudy_25
//Subjects=20
-16  -14  -10 
-34  -28  -26 
-8  10  48 
32  58  -6 
58  28  14 
-30  -26  14 
-28  -96  -6 
-12  -44  -52 

//Reference=MNI 
//nullstudy_26
//Subjects=18
-28  4  58 
18  48  -24 
-58  8  8 
32  48  40 
-20  -46  -4 
-30  24  0 
-28  18  -26 
-56  -16  -8 

//Reference=MNI 
//nullstudy_27
//Subjects=21
48  20  26 
-20  -32  -30 
-24  -72  54 
-42  -14  -46 
-28  -20  -32 
38  8  58 
-4  -36  -10 
-40  46  -2 

//Reference=MNI 
//nullstudy_28
//Subjects=22
30  48  6 
10  8  -18 
-32  -30  64 
26  28  44 
12  66  -8 
-24  -64  46 
-48  -14  -12 
-60  -44  46 

//Reference=MNI 
//nullstudy_29
//Subjects=20
-4  -64  58 
22  28  38 
56  22  10 
46  26  46 
42  14  42 
-34  -30  66 
-10  -32  80 
-10  -38  52 

//Reference=MNI 
//nullstudy_30
//Subjects=19
-8  36  -8 
-26  -54  50 
-48  -66  16 
-8  -98  -6 
-32  -14  -10 
-24  32  -16 
-20  20  -22 
-14  -58  66 

//Reference=MNI 
//nullstudy_31
//Subjects=20
-56  -28  -12 
-52  18  -10 
-52  -60  -40 
-32  -92  -10 
4  8  -8 
-30  -42  34 
-18  -86  6 
-42  -26  46 

//Reference=MNI 
//nullstudy_32
//Subjects=20
58  14  -18 
-34  -8  -4 
-6  -20  40 
38  24  44 
30  50  32 
30  26  44 
-18  -36  12 
-62  -8  32 

//Reference=MNI 
//nullstudy_33
//Subjects=20
-26  -52  -12 
10  30  56 
-20  -12  58 
-36  -20  58 
-20  -58  -14 
-28  16  -42 
34  10  54 
-48  -36  20 

//Reference=MNI 
//nullstudy_34
//Subjects=19
-64  -32  -16 
-4  32  0 
-60  -14  8 
-40  -62  -10 
-16  52  38 
-54  6  -34 
-62  -24  6 
40  8  58 

//Reference=MNI 
//nullstudy_35
//Subjects=21
14  16  68 
-44  -34  18 
-8  32  62 
-40  16  58 
-4  -10  0 
-28  -58  40 
24  36  48 
28  12  58 

//Reference=MNI 
//nullstudy_36
//Subjects=20
-62  -28  -18 
-40  24  -18 
12  28  36 
-32  -86  -26 
-12  -28  46 
-48  38  -2 
-58  -2  40 
-48  14  -4 

//Reference=MNI 
//nullstudy_37
//Subjects=20
-12  -28  -12 
28  24  -38 
-4  -64  30 
38  22  26 
-20  -24  -24 
-24  20  48 
-12  -78  -18 
-8  -36  80 

//Reference=MNI 
//nullstudy_38
//Subjects=21
-22  -38  54 
-20  62  24 
36  54  20 
10  32  -20 
-10  -70  26 
-16  -106  -8 
4  14  14 
-4  44  -30 

//Reference=MNI 
//nullstudy_39
//Subjects=20
-48  40  10 
-6  -24  54 
-14  16  -30 
-46  -56  48 
-10  8  48 
46  46  18 
-36  48  2 
-12  -14  -36 

//Reference=MNI 
//nullstudy_40
//Subjects=21
-20  -46  -30 
-34  32  38 
-30  12  2 
-18  -22  12 
-10  -60  2 
28  20  -4 
-8  -60  54 
32  24  -34 

//Reference=MNI 
//nullstudy_41
//Subjects=20
-68  -14  26 
-16  -48  62 
-62  -56  20 
-36  -8  42 
-16  12  6 
-48  -48  52 
-40  -82  -26 
8  32  48 

//Reference=MNI 
//nullstudy_42
//Subjects=19
-36  -66  -30 
-24  -98  -16 
-2  -60  44 
-18  -62  36 
-40  -62  -60 
-12  6  -26 
-22  -72  -18 
-4  -42  -48 

//Reference=MNI 
//nullstudy_43
//Subjects=21
-34  22  48 
-56  -16  -18 
-14  -22  28 
-6  -64  -54 
-30  52  24 
-10  -58  10 
-42  0  42 
-18  -52  -60 

//Reference=MNI 
//nullstudy_44
//Subjects=21
-64  -8  24 
-48  -60  -18 
-6  -60  18 
-30  -86  -4 
-40  -86  -12 
-52  -46  -44 
-60  -60  -6 
-36  54  18 

//Reference=MNI 
//nullstudy_45
//Subjects=22
-6  -44  -28 
-38  6  -20 
0  56  -22 
-2  10  34 
-28  -74  -52 
-2  -66  56 
-52  -36  12 
-52  28  6 

//Reference=MNI 
//nullstudy_46
//Subjects=18
6  22  -10 
16  2  -28 
-58  -14  -14 
-38  -24  18 
40  16  -4 
-4  -60  -26 
-10  -54  -46 
38  20  40 

//Reference=MNI 
//nullstudy_47
//Subjects=21
-6  40  -6 
-36  22  -28 
-54  30  22 
-12  -14  80 
-48  44  -14 
-32  8  58 
-8  -58  10 
-6  -24  -22 

//Reference=MNI 
//nullstudy_48
//Subjects=20
-18  36  -12 
-50  8  36 
-20  -26  -36 
-64  -22  32 
-16  0  -28 
-42  36  -4 
-12  16  8 
-28  -48  42 

//Reference=MNI 
//nullstudy_49
//Subjects=20
-16  -20  -2 
-18  -92  28 
-24  -94  0 
-56  -38  -12 
-8  -36  4 
-28  -58  -64 
-36  26  -32 
-6  -70  -20 

//Reference=MNI 
//nullstudy_50
//Subjects=19
-28  -40  -24 
38  32  -20 
-54  -30  58 
50  2  -36 
26  56  -6 
48  50  14 
-6  -48  0 
-42  -56  16 

//Reference=MNI 
//nullstudy_51
//Subjects=18
-26  -80  -46 
-62  -36  44 
-64  -24  24 
-12  -14  44 
-62  -8  -24 
-30  -50  36 
-30  4  -16 
26  16  60 

//Reference=MNI 
//nullstudy_52
//Subjects=20
-6  -32  6 
-24  -54  -14 
-52  12  14 
16  6  -4 
-34  32  30 
-62  -2  -30 
-14  -58  -6 
-32  -48  38 

//Reference=MNI 
//nullstudy_53
//Subjects=20
6  44  -12 
-8  36  -24 
12  50  40 
-22  10  -14 
18  66  6 
-46  -50  -40 
-34  -44  -48 
-42  -68  -20 

//Reference=MNI 
//nullstudy_54
//Subjects=21
30  40  16 
-48  -32  32 
26  10  8 
44  4  -22 
48  4  54 
-66  -54  8 
-36  -8  8 
-2  -64  56 

//Reference=MNI 
//nullstudy_55
//Subjects=21
34  52  14 
-56  -12  -8 
42  16  34 
-4  -30  -42 
18  16  -4 
-4  34  32 
10  22  -26 
-46  26  -18 

//Reference=MNI 
//nullstudy_56
//Subjects=20
-38  -18  -34 
-26  -8  -24 
-28  -58  -4 
-30  -66  30 
-8  -28  66 
-18  -76  -54 
-32  12  -30 
-10  -28  44 

//Reference=MNI 
//nullstudy_57
//Subjects=20
-54  4  26 
-8  -54  -28 
24  54  18 
-28  -28  12 
-18  66  8 
-34  -60  -28 
46  48  20 
-28  14  -8 

//Reference=MNI 
//nullstudy_58
//Subjects=20
-14  -2  -16 
-20  -30  -10 
-2  -74  -48 
-58  2  -16 
-6  24  60 
48  38  -18 
-8  -54  -12 
-38  -62  16 

//Reference=MNI 
//nullstudy_59
//Subjects=17
-32  -56  -62 
-26  -18  74 
-10  -28  16 
-4  -24  -30 
-14  -94  -24 
40  38  -6 
-8  -50  46 
-54  4  36 

//Reference=MNI 
//nullstudy_60
//Subjects=20
-54  -44  12 
-26  -14  -38 
-26  26  40 
-36  -60  26 
-44  16  46 
-64  -16  20 
-50  26  18 
10  42  -14 

//Reference=MNI 
//nullstudy_61
//Subjects=20
-42  -12  8 
-22  -20  76 
-28  -68  -14 
-4  -62  44 
-2  -50  -52 
-46  -32  4 
-24  -54  -52 
-26  -60  -46 

//Reference=MNI 
//nullstudy_62
//Subjects=22
-36  -42  60 
-20  6  -32 
-2  30  26 
-20  44  -10 
-56  4  30 
-16  8  -32 
-4  -40  -16 
-50  -20  -24 

//Reference=MNI 
//nullstudy_63
//Subjects=20
28  26  36 
-66  -48  -12 
-46  26  24 
-64  -56  -12 
-48  24  -20 
54  6  -32 
-40  -58  32 
-22  -2  66 

//Reference=MNI 
//nullstudy_64
//Subjects=19
44  6  52 
-36  -52  -48 
-14  22  14 
-22  -66  -8 
-36  -62  4 
52  32  -8 
36  44  12 
-14  -68  32 

//Reference=MNI 
//nullstudy_65
//Subjects=20
-28  0  -24 
-2  10  60 
-34  8  -10 
-46  42  -18 
-32  -58  40 
-14  -88  22 
-2  -14  30 
-12  16  60 

//Reference=MNI 
//nullstudy_66
//Subjects=21
-24  -52  -46 
-28  58  22 
-60  -10  -22 
48  24  40 
32  18  -44 
-18  -60  2 
-40  12  -30 
-44  -88  -4 

//Reference=MNI 
//nullstudy_67
//Subjects=20
-4  -42  -50 
-44  -46  44 
-50  -18  30 
-16  28  6 
-2  12  28 
-32  -16  -30 
14  2  66 
-44  -10  32 

//Reference=MNI 
//nullstudy_68
//Subjects=21
-22  34  -10 
66  2  -6 
-30  24  12 
-14  -26  -36 
2  44  28 
-46  -16  40 
-26  -74  22 
-52  28  -4 

//Reference=MNI 
//nullstudy_69
//Subjects=18
-12  -4  12 
-10  -18  80 
12  54  -20 
62  18  20 
-8  -60  22 
-68  -36  -6 
16  28  54 
-48  -74  10 

//Reference=MNI 
//nullstudy_70
//Subjects=18
-12  -70  -58 
-32  -38  42 
-32  -4  -26 
10  56  22 
-4  -42  -42 
-20  14  54 
-8  -56  -40 
-50  -2  24 

//Reference=MNI 
//nullstudy_71
//Subjects=20
-6  -40  -60 
-24  -16  -18 
-24  -80  -50 
-14  -58  -2 
-44  -10  -28 
12  48  44 
-30  30  48 
-32  54  -16 

//Reference=MNI 
//nullstudy_72
//Subjects=20
-50  -46  44 
-38  42  18 
-36  -80  0 
-18  14  0 
-6  56  6 
-52  -36  -28 
-56  -24  2 
52  32  2 

//Reference=MNI 
//nullstudy_73
//Subjects=21
-36  -54  -26 
-8  -96  -4 
-50  -58  46 
0  8  -18 
-16  -56  68 
-46  34  32 
-4  -26  4 
46  42  0 

//Reference=MNI 
//nullstudy_74
//Subjects=20
-14  -42  34 
-44  -76  -42 
-32  12  -4 
-52  -20  34 
-8  52  36 
12  36  12 
-28  -52  46 
-66  -24  10 

//Reference=MNI 
//nullstudy_75
//Subjects=21
-10  -94  -2 
-44  6  -36 
-6  62  24 
-42  -60  6 
64  4  -14 
-24  -8  -44 
-54  -12  40 
14  44  40 

//Reference=MNI 
//nullstudy_76
//Subjects=20
-10  -60  -36 
12  12  72 
28  6  -18 
44  10  6 
8  38  6 
42  34  6 
-26  0  -8 
-32  -64  -4 

//Reference=MNI 
//nullstudy_77
//Subjects=22
-10  -36  4 
-48  -42  -28 
-48  -82  12 
-24  8  8 
-24  -14  62 
32  28  4 
-58  -24  46 
6  16  -26 

//Reference=MNI 
//nullstudy_78
//Subjects=20
16  54  2 
-12  -62  36 
-18  -26  -4 
-44  -42  8 
-48  -66  44 
-54  12  2 
-70  -20  -16 
38  6  -42 

//Reference=MNI 
//nullstudy_79
//Subjects=21
8  8  20 
40  6  -34 
-26  -74  42 
-26  -64  -10 
-56  -48  -18 
-34  -20  46 
-24  -74  2 
42  42  12 

//Reference=MNI 
//nullstudy_80
//Subjects=21
36  6  -36 
-2  12  -2 
-14  -64  54 
-18  -10  -36 
-20  -50  50 
-6  -10  72 
2  16  4 
-38  -26  -10 

//Reference=MNI 
//nullstudy_81
//Subjects=19
-46  2  -6 
-4  -66  14 
-36  -44  52 
-26  2  56 
-50  -62  -2 
-40  -76  22 
-26  -74  6 
-10  52  -4 

//Reference=MNI 
//nullstudy_82
//Subjects=19
50  18  48 
-42  -64  -2 
-10  -72  -48 
-20  -86  38 
-54  -34  38 
6  22  48 
-12  -20  -6 
24  40  20 

//Reference=MNI 
//nullstudy_83
//Subjects=22
-50  42  12 
-30  30  36 
-44  -56  -34 
-50  -46  -38 
-34  -54  58 
-60  -30  -20 
0  6  -16 
-12  -62  32 

//Reference=MNI 
//nullstudy_84
//Subjects=21
-40  -22  -32 
-42  12  -4 
-28  -92  10 
-4  -72  -46 
46  56  2 
-16  -4  74 
-24  -40  64 
-12  -76  -36 

//Reference=MNI 
//nullstudy_85
//Subjects=19
-50  -78  12 
-6  10  -24 
-32  20  28 
32  32  30 
-30  -4  64 
34  56  22 
-32  -2  38 
40  18  30 

//Reference=MNI 
//nullstudy_86
//Subjects=19
-34  30  -10 
26  10  -22 
-12  -102  2 
-32  38  20 
-6  -42  46 
0  16  68 
-54  -26  -4 
-12  -50  -16 

//Reference=MNI 
//nullstudy_87
//Subjects=20
8  4  62 
-30  38  32 
42  26  -20 
-8  2  46 
-18  -4  -26 
-52  -64  -38 
-28  -82  -4 
-8  -100  12 

//Reference=MNI 
//nullstudy_88
//Subjects=18
16  12  -30 
-32  32  -24 
-12  -76  -48 
52  44  12 
-24  -66  -42 
-40  -20  -4 
-50  -44  42 
-32  -72  -58 

//Reference=MNI 
//nullstudy_89
//Subjects=20
30  30  26 
-56  -10  -2 
-44  -78  -8 
6  64  -22 
-20  46  32 
48  4  40 
14  2  -12 
-48  -20  6 

//Reference=MNI 
//nullstudy_90
//Subjects=18
-38  -34  -12 
-12  -40  46 
-36  -36  18 
20  40  40 
-12  64  20 
8  8  6 
16  26  -22 
36  62  4 

//Reference=MNI 
//nullstudy_91
//Subjects=20
-24  -52  14 
-28  -44  66 
-44  -66  -48 
-6  -46  40 
-46  12  40 
48  40  -12 
-22  -50  -42 
-38  -38  -14 

//Reference=MNI 
//nullstudy_92
//Subjects=20
-4  48  -26 
-22  -46  -50 
-18  18  52 
-54  -62  -8 
-32  -66  -62 
-4  34  34 
-22  -56  -18 
6  50  -14 

//Reference=MNI 
//nullstudy_93
//Subjects=21
-10  -94  24 
36  6  40 
-64  -8  0 
-20  -58  36 
-30  -64  -6 
-6  12  50 
30  42  26 
10  40  14 

//Reference=MNI 
//nullstudy_94
//Subjects=20
-28  36  34 
-48  -38  34 
8  2  -20 
-52  -20  32 
-44  -78  -10 
-40  26  -24 
-46  -34  -26 
-18  -12  -32 

//Reference=MNI 
//nullstudy_95
//Subjects=20
-32  -92  18 
-20  -8  54 
-56  -46  10 
2  28  -30 
-58  -68  -10 
-32  56  26 
-46  -54  20 
-38  -84  -8 

//Reference=MNI 
//nullstudy_96
//Subjects=21
-50  -30  30 
-46  -66  -28 
-2  20  -12 
-38  -28  -16 
-46  4  22 
-56  -18  10 
-42  -16  -24 
-2  -24  -50 

//Reference=MNI 
//nullstudy_97
//Subjects=22
12  24  54 
-32  -80  16 
-6  -78  36 
-52  -28  2 
-46  -26  16 
-48  -76  -2 
-20  -42  -56 
-40  46  -16 

//Reference=MNI 
//nullstudy_98
//Subjects=21
-20  -72  24 
-32  -50  -6 
-10  -98  -8 
-4  -26  -24 
-40  -44  20 
-4  48  34 
12  54  0 
28  12  6 

//Reference=MNI 
//nullstudy_99
//Subjects=20
8  40  22 
-26  -76  54 
-2  -76  6 
-62  -2  -16 
-6  -18  -34 
-34  -66  38 
0  28  54 
-16  -70  44 

//Reference=MNI 
//nullstudy_100
//Subjects=19
-26  -52  -30 
-26  -48  -10 
-10  -56  -4 
-8  -6  14 
22  12  -20 
-6  -56  -18 
-50  2  -24 
-30  -28  64 

