//Reference=MNI 
//truestudy_1
//Subjects=21
47  -66  -6 
47  -65  -7 
46  -66  -6 
47  -65  -6 
46  -66  -7 
46  -66  -6 
44  -68  -7 
46  -66  -6 

//Reference=MNI 
//truestudy_2
//Subjects=18
46  -65  -7 
47  -66  -6 
45  -66  -7 
47  -66  -7 
45  -66  -6 
45  -66  -5 
48  -66  -6 
46  -67  -8 

//Reference=MNI 
//truestudy_3
//Subjects=19
43  -67  -7 
46  -66  -5 
46  -65  -6 
46  -66  -6 
46  -67  -6 
47  -68  -7 
47  -67  -4 
46  -67  -3 

//Reference=MNI 
//nullstudy_1
//Subjects=21
24  46  24 
-36  16  22 
-36  -66  18 
-28  -38  40 
-4  -24  44 
-46  -46  0 
-2  -52  -42 
-44  -44  4 

//Reference=MNI 
//nullstudy_2
//Subjects=18
-44  -88  -10 
-62  -54  22 
24  16  -24 
-52  0  40 
38  24  -24 
-24  -14  -6 
-40  -48  56 
-38  -66  10 

//Reference=MNI 
//nullstudy_3
//Subjects=19
-42  -58  -54 
14  50  -6 
-28  -76  -2 
-40  48  4 
-22  -44  16 
-22  -42  60 
-12  -56  24 
54  28  12 

//Reference=MNI 
//nullstudy_4
//Subjects=20
34  6  -20 
-6  -10  40 
-28  -66  -56 
-26  0  -24 
-58  -32  -14 
-6  -60  18 
26  50  18 
14  36  54 

//Reference=MNI 
//nullstudy_5
//Subjects=20
-30  -8  64 
14  14  2 
-48  8  26 
-6  -40  -30 
46  54  2 
-4  -76  24 
40  6  44 
-16  -76  -16 

//Reference=MNI 
//nullstudy_6
//Subjects=21
-18  -104  8 
36  4  -48 
-44  -68  -48 
14  10  10 
-38  18  -36 
52  12  -8 
-52  -22  18 
-10  12  -6 

//Reference=MNI 
//nullstudy_7
//Subjects=19
-28  -32  -14 
36  36  -10 
-52  -42  42 
-14  -56  -48 
50  8  30 
-6  -94  28 
-4  48  16 
-2  -52  -26 

//Reference=MNI 
//nullstudy_8
//Subjects=20
22  42  -18 
-30  -52  -54 
-2  -36  4 
-22  -38  60 
-38  -14  50 
-58  -50  -12 
4  6  -24 
-28  -20  -34 

//Reference=MNI 
//nullstudy_9
//Subjects=21
50  14  6 
-2  54  -24 
-50  -64  -40 
-42  24  -18 
-56  28  -2 
-42  -16  -42 
-28  -8  -14 
58  2  4 

//Reference=MNI 
//nullstudy_10
//Subjects=18
-2  56  18 
-12  34  -20 
40  40  2 
2  26  -22 
58  6  14 
-56  20  28 
-34  -46  42 
-22  8  -32 

//Reference=MNI 
//nullstudy_11
//Subjects=21
12  52  24 
-12  -78  2 
-30  10  -36 
-2  -38  -6 
-4  -86  -30 
-44  6  42 
-14  38  -30 
-8  -32  16 

//Reference=MNI 
//nullstudy_12
//Subjects=20
-38  -2  34 
-32  24  28 
-8  -10  50 
-24  2  -26 
-36  -48  -56 
-6  30  18 
-34  -38  -42 
16  58  2 

//Reference=MNI 
//nullstudy_13
//Subjects=20
-32  -66  36 
0  20  48 
8  18  56 
-34  -36  -14 
-42  -28  -18 
-44  -26  36 
-4  -54  -38 
38  14  -40 

//Reference=MNI 
//nullstudy_14
//Subjects=21
-54  -36  52 
-4  32  52 
-6  -58  -8 
-4  32  -6 
-16  -58  56 
-8  -8  -12 
-48  -64  22 
-30  -100  -6 

//Reference=MNI 
//nullstudy_15
//Subjects=18
-22  2  -30 
54  4  10 
-58  -2  40 
-4  -72  18 
-44  -8  50 
34  30  -6 
-32  30  26 
-24  10  -2 

//Reference=MNI 
//nullstudy_16
//Subjects=18
8  62  14 
16  8  16 
12  44  -16 
-40  -12  32 
24  12  46 
-40  -4  42 
56  32  -4 
-54  -40  18 

//Reference=MNI 
//nullstudy_17
//Subjects=22
-50  -80  -2 
32  10  10 
-50  -80  8 
30  14  10 
-14  -106  4 
-10  -70  50 
-44  12  -24 
-46  -24  62 

//Reference=MNI 
//nullstudy_18
//Subjects=22
-40  -28  66 
-24  -46  62 
-56  -2  22 
-30  -76  30 
-6  -60  -52 
-36  -44  -46 
-50  -4  -28 
-22  -18  -20 

//Reference=MNI 
//nullstudy_19
//Subjects=22
-42  12  -10 
-20  -4  68 
-6  6  10 
-22  4  -44 
-30  58  24 
-4  30  -20 
10  32  -18 
40  22  0 

//Reference=MNI 
//nullstudy_20
//Subjects=20
-66  -22  18 
-48  12  48 
-28  -18  58 
-60  -22  28 
36  20  -40 
-10  -88  20 
-4  -34  74 
30  30  34 

//Reference=MNI 
//nullstudy_21
//Subjects=20
-38  -66  -18 
-46  46  6 
-60  -50  4 
-12  -58  -52 
-6  38  -30 
-22  -18  70 
32  40  42 
50  44  -2 

//Reference=MNI 
//nullstudy_22
//Subjects=18
38  54  -6 
0  12  38 
54  12  32 
-60  4  -22 
-40  -76  6 
-56  -50  -14 
6  14  48 
0  14  56 

//Reference=MNI 
//nullstudy_23
//Subjects=19
-56  24  18 
-22  2  -20 
-4  -26  44 
-8  -66  -14 
-56  -50  -2 
-4  -22  2 
-62  2  24 
36  14  -2 

//Reference=MNI 
//nullstudy_24
//Subjects=21
-2  28  26 
8  36  -16 
-52  -30  36 
-12  62  -6 
-30  2  12 
-50  -48  -26 
-34  -42  -44 
-34  2  44 

//Reference=MNI 
//nullstudy_25
//Subjects=20
22  20  48 
-14  -36  -20 
2  6  64 
-50  -28  -28 
22  10  -46 
2  8  74 
2  12  52 
6  20  -12 

//Reference=MNI 
//nullstudy_26
//Subjects=22
-2  -34  -28 
26  48  -10 
-46  -66  -36 
-18  -68  -4 
0  24  40 
-2  -102  -6 
-18  32  -26 
-50  0  0 

//Reference=MNI 
//nullstudy_27
//Subjects=21
-46  -36  60 
40  26  -4 
-4  -60  18 
2  18  60 
-44  8  -26 
-42  -22  16 
50  2  -34 
-2  -28  -50 

//Reference=MNI 
//nullstudy_28
//Subjects=20
18  30  -28 
30  2  -4 
16  66  -2 
-18  -44  -24 
-48  26  6 
8  50  46 
-12  -46  60 
6  4  30 

//Reference=MNI 
//nullstudy_29
//Subjects=20
58  8  2 
10  36  20 
-6  -10  24 
-34  26  -32 
-2  18  -22 
-22  -60  -32 
-30  12  64 
44  46  20 

//Reference=MNI 
//nullstudy_30
//Subjects=19
-26  -62  44 
-8  -70  24 
-32  6  54 
-16  -4  -4 
-6  -90  36 
-48  -32  -24 
0  34  54 
8  24  66 

//Reference=MNI 
//nullstudy_31
//Subjects=20
-18  6  54 
-44  -8  -42 
-26  -68  -62 
-16  18  50 
-28  -16  50 
14  4  -16 
22  2  -24 
-2  -18  18 

//Reference=MNI 
//nullstudy_32
//Subjects=21
-46  -48  22 
-10  44  -14 
-14  6  64 
-2  -42  38 
-28  40  36 
8  54  -14 
-34  -66  -58 
-48  -48  56 

//Reference=MNI 
//nullstudy_33
//Subjects=18
-32  -62  -56 
-44  10  14 
36  14  -30 
-12  -56  -32 
-34  30  32 
-40  30  -8 
-64  -32  -12 
-20  -10  52 

//Reference=MNI 
//nullstudy_34
//Subjects=21
-32  -74  36 
-38  20  22 
44  8  30 
-62  -10  16 
40  28  18 
6  48  -24 
-24  -10  54 
-36  -44  -6 

//Reference=MNI 
//nullstudy_35
//Subjects=19
-2  -40  -64 
-4  18  26 
12  8  -34 
-42  52  20 
32  54  22 
-10  -22  -36 
-46  4  10 
2  50  -20 

//Reference=MNI 
//nullstudy_36
//Subjects=22
-22  16  -12 
-30  -70  -40 
-16  -62  -24 
32  8  2 
28  6  -2 
-28  -76  -28 
36  42  -2 
26  36  54 

//Reference=MNI 
//nullstudy_37
//Subjects=20
-32  -66  -22 
-46  -58  -54 
32  60  10 
-40  30  6 
4  48  38 
-38  -28  44 
22  8  -28 
-46  -26  62 

//Reference=MNI 
//nullstudy_38
//Subjects=21
-6  -46  62 
-28  -92  2 
-6  18  36 
-6  2  54 
48  20  34 
-24  -92  -22 
-16  -36  -14 
44  6  58 

//Reference=MNI 
//nullstudy_39
//Subjects=20
-42  -2  -10 
-28  18  44 
-54  6  -22 
-32  -94  6 
28  46  -14 
-24  -78  44 
22  28  -24 
54  16  -24 

//Reference=MNI 
//nullstudy_40
//Subjects=21
44  52  -16 
34  40  -20 
-12  70  6 
-34  -64  48 
-68  -28  28 
-6  -100  0 
-16  -48  70 
-32  38  8 

//Reference=MNI 
//nullstudy_41
//Subjects=20
-8  -28  76 
16  14  64 
-18  30  44 
-32  26  -22 
-50  38  6 
40  38  -22 
-36  -88  -8 
-28  -58  66 

//Reference=MNI 
//nullstudy_42
//Subjects=21
-26  -68  40 
2  48  36 
-50  -66  24 
-66  -50  -16 
32  24  44 
-52  26  6 
-46  -32  8 
-2  30  10 

//Reference=MNI 
//nullstudy_43
//Subjects=20
-66  -24  16 
28  56  34 
46  34  10 
-16  -68  -22 
-10  34  -24 
-36  -36  14 
-36  -62  14 
-22  -64  12 

//Reference=MNI 
//nullstudy_44
//Subjects=20
18  2  -32 
4  66  14 
-62  -8  -10 
24  16  4 
-14  4  -30 
22  50  -20 
-32  -28  50 
-18  -76  -56 

//Reference=MNI 
//nullstudy_45
//Subjects=23
-12  -56  54 
-20  -90  28 
-8  -66  -12 
-62  -40  16 
-28  -94  8 
-32  -42  2 
-4  50  28 
-12  -92  2 

//Reference=MNI 
//nullstudy_46
//Subjects=18
-46  12  38 
-12  -14  18 
20  10  -12 
-6  -8  18 
8  10  70 
40  24  48 
-10  -20  40 
-42  -12  34 

//Reference=MNI 
//nullstudy_47
//Subjects=20
52  8  32 
-50  -20  24 
24  44  30 
-52  -46  4 
8  22  34 
-4  36  44 
-2  14  -6 
34  32  -8 

//Reference=MNI 
//nullstudy_48
//Subjects=20
-44  -12  -38 
-58  -60  -28 
-48  6  16 
-26  -58  48 
-54  -6  -18 
-24  20  64 
-36  -4  46 
26  42  50 

//Reference=MNI 
//nullstudy_49
//Subjects=19
-56  -6  -14 
34  24  -36 
-30  -50  66 
-34  58  -8 
-56  -66  36 
-26  -92  -30 
-20  -84  -18 
-38  8  46 

//Reference=MNI 
//nullstudy_50
//Subjects=20
8  54  40 
-8  -82  -28 
52  40  18 
-44  22  20 
-44  -74  16 
-16  -28  18 
50  20  -10 
26  10  60 

//Reference=MNI 
//nullstudy_51
//Subjects=21
-38  -68  -46 
-38  -76  -28 
2  40  -12 
-54  -22  -12 
-16  -64  56 
-36  -68  -42 
-18  -42  -34 
-56  -54  18 

//Reference=MNI 
//nullstudy_52
//Subjects=18
34  16  -22 
54  28  30 
12  22  36 
-52  -54  -36 
36  10  -2 
14  32  50 
-14  -24  10 
-32  16  56 

//Reference=MNI 
//nullstudy_53
//Subjects=20
-2  -42  -10 
-34  -12  16 
-36  -84  -10 
-20  -76  -18 
-8  28  -16 
-6  -64  -24 
-46  -48  32 
52  40  2 

//Reference=MNI 
//nullstudy_54
//Subjects=20
-24  -22  54 
-46  -58  8 
-42  -88  16 
-10  -54  8 
30  2  -2 
-38  -84  -6 
-60  -46  26 
-16  -70  48 

//Reference=MNI 
//nullstudy_55
//Subjects=21
-44  -14  58 
-34  -56  36 
-56  -14  20 
38  42  -12 
-8  36  -26 
-14  24  52 
-12  46  18 
-12  -20  10 

//Reference=MNI 
//nullstudy_56
//Subjects=20
-20  -66  14 
6  22  -6 
-30  -10  -16 
-14  -34  22 
-44  -38  38 
50  26  20 
-24  -68  18 
0  4  36 

//Reference=MNI 
//nullstudy_57
//Subjects=20
-42  16  8 
-24  -70  32 
-12  52  32 
-18  -36  -32 
-40  -38  48 
-10  -4  -8 
-8  -34  -6 
-36  -8  -10 

//Reference=MNI 
//nullstudy_58
//Subjects=21
-12  -28  72 
-22  28  -18 
46  24  20 
-30  -58  46 
-50  -62  -22 
36  22  12 
54  30  10 
10  32  -18 

//Reference=MNI 
//nullstudy_59
//Subjects=19
-60  -32  14 
8  20  22 
-46  -14  40 
12  30  -14 
-8  -2  74 
-58  -56  -26 
52  32  22 
-46  -14  -18 

//Reference=MNI 
//nullstudy_60
//Subjects=19
32  30  24 
-14  68  2 
-4  -90  4 
-10  -82  2 
-12  36  42 
20  10  -30 
18  46  28 
-50  -62  50 

//Reference=MNI 
//nullstudy_61
//Subjects=19
-24  46  16 
-52  -46  12 
-54  2  26 
-8  -10  50 
40  8  28 
-14  -36  68 
36  20  -22 
-30  58  14 

//Reference=MNI 
//nullstudy_62
//Subjects=21
4  24  52 
-44  -64  44 
-64  -38  -10 
-36  -42  -54 
-46  16  8 
42  50  -8 
-68  -34  -10 
-2  4  -2 

//Reference=MNI 
//nullstudy_63
//Subjects=21
-24  -42  -16 
-14  70  -4 
66  2  -6 
-22  24  -26 
-22  12  -32 
-20  0  72 
-46  12  42 
-56  -42  -4 

//Reference=MNI 
//nullstudy_64
//Subjects=23
-16  -52  -32 
16  10  68 
-18  -94  -24 
-8  -76  -4 
-4  22  36 
16  6  56 
42  16  4 
-8  -28  10 

//Reference=MNI 
//nullstudy_65
//Subjects=20
-40  -88  24 
-4  -52  72 
58  22  18 
-36  6  -48 
-32  62  -10 
-54  10  10 
-6  18  8 
-32  -64  -32 

//Reference=MNI 
//nullstudy_66
//Subjects=20
-20  -86  20 
-14  -72  62 
48  6  26 
-50  -18  20 
-36  -48  -48 
-8  -58  6 
-50  6  6 
-14  -42  46 

//Reference=MNI 
//nullstudy_67
//Subjects=21
56  16  36 
-18  -72  -18 
-6  -84  -4 
-2  -60  50 
-18  36  -18 
-54  -24  -6 
54  26  20 
-62  -4  -14 

//Reference=MNI 
//nullstudy_68
//Subjects=20
-18  38  -20 
-28  20  -20 
44  20  16 
-16  6  16 
38  22  -36 
62  6  12 
-46  -10  52 
-70  -20  -10 

//Reference=MNI 
//nullstudy_69
//Subjects=20
6  24  52 
10  54  46 
-6  24  68 
28  2  -26 
-10  -2  50 
-14  -82  -8 
-30  -98  -4 
-34  -18  -28 

//Reference=MNI 
//nullstudy_70
//Subjects=19
-44  2  -34 
-44  -58  -22 
-30  -72  -56 
-16  -30  38 
20  70  -6 
62  12  20 
-26  -60  -32 
-36  28  -20 

//Reference=MNI 
//nullstudy_71
//Subjects=19
-32  46  26 
50  18  44 
-58  -52  40 
-12  -80  44 
-42  -12  -38 
-6  -52  -56 
-22  -34  -36 
26  12  -26 

//Reference=MNI 
//nullstudy_72
//Subjects=20
26  8  -16 
-62  -58  -4 
12  26  26 
-24  -76  -14 
-38  -8  66 
-44  32  34 
-30  -80  16 
-32  -82  36 

//Reference=MNI 
//nullstudy_73
//Subjects=20
-22  22  38 
34  14  34 
-2  -84  38 
-44  -10  30 
52  18  26 
2  26  22 
-2  14  -26 
-32  56  22 

//Reference=MNI 
//nullstudy_74
//Subjects=21
-36  -88  8 
42  30  46 
-44  26  10 
-28  -70  -4 
-10  -14  66 
-14  -22  -30 
-30  -42  -4 
-62  -30  12 

//Reference=MNI 
//nullstudy_75
//Subjects=20
-38  -28  4 
-52  -42  28 
14  52  32 
-20  62  -8 
-18  -34  76 
-46  -18  -30 
-38  -40  52 
4  4  -4 

//Reference=MNI 
//nullstudy_76
//Subjects=18
-28  -74  -26 
-50  8  8 
-28  22  12 
-2  58  26 
-54  4  0 
-30  12  -34 
-46  22  -2 
-2  60  10 

//Reference=MNI 
//nullstudy_77
//Subjects=20
12  6  -34 
40  2  -40 
-6  -42  30 
-32  -2  -34 
-54  -34  -14 
4  12  70 
-12  -28  -46 
-36  0  -26 

//Reference=MNI 
//nullstudy_78
//Subjects=20
24  36  54 
-6  -92  -20 
-38  4  -22 
-14  -8  -16 
-50  26  14 
-38  22  -22 
-20  -36  -46 
10  36  -20 

//Reference=MNI 
//nullstudy_79
//Subjects=19
-66  -34  14 
-40  26  8 
10  66  8 
-42  -48  -26 
-12  -32  36 
26  24  -26 
-22  -36  -14 
0  16  22 

//Reference=MNI 
//nullstudy_80
//Subjects=20
32  10  40 
-12  4  -28 
30  48  38 
-8  -74  -28 
-10  -8  66 
-56  -34  48 
-14  -90  38 
-2  52  -18 

//Reference=MNI 
//nullstudy_81
//Subjects=19
-36  -54  50 
-12  -84  44 
-12  0  62 
44  22  40 
44  34  -4 
-46  22  42 
8  24  22 
-28  -92  18 

//Reference=MNI 
//nullstudy_82
//Subjects=20
32  16  26 
-6  -54  16 
-22  32  46 
-20  -88  -16 
-60  -16  24 
-20  68  8 
-28  -74  54 
-8  -10  -16 

//Reference=MNI 
//nullstudy_83
//Subjects=20
-12  42  -18 
-2  -42  12 
-6  56  -4 
-54  -12  44 
42  20  -12 
30  22  -4 
-50  -20  -16 
-2  58  22 

//Reference=MNI 
//nullstudy_84
//Subjects=19
44  14  46 
-4  -18  -40 
-48  -12  -46 
-46  20  -20 
-30  52  -14 
-16  -10  66 
-6  -48  -60 
-30  -78  -56 

//Reference=MNI 
//nullstudy_85
//Subjects=21
-8  0  60 
-36  -18  -14 
-12  48  48 
-10  -12  72 
-50  -58  30 
-12  -44  38 
-28  -94  -8 
-46  6  -6 

//Reference=MNI 
//nullstudy_86
//Subjects=19
-58  -2  40 
-10  -28  42 
-12  -60  -2 
-18  -36  14 
26  42  24 
-20  -62  28 
0  36  -20 
-14  42  -20 

//Reference=MNI 
//nullstudy_87
//Subjects=19
-48  -30  -26 
-38  12  10 
26  18  58 
-30  -78  -36 
38  4  32 
-2  -20  -10 
-14  -20  -32 
-40  -50  52 

//Reference=MNI 
//nullstudy_88
//Subjects=19
-4  26  50 
-50  -48  0 
56  8  18 
-30  -64  50 
54  14  42 
-30  -38  44 
-24  -78  -22 
-2  -84  34 

//Reference=MNI 
//nullstudy_89
//Subjects=18
-38  10  24 
4  32  38 
-60  -42  44 
-20  64  16 
-52  22  12 
-50  -16  14 
32  8  46 
-22  10  -46 

//Reference=MNI 
//nullstudy_90
//Subjects=20
-24  38  28 
-8  56  36 
24  8  48 
-30  -58  -12 
-62  -40  -4 
-36  -32  42 
-44  24  4 
-64  -54  30 

//Reference=MNI 
//nullstudy_91
//Subjects=19
-8  46  -6 
-44  20  26 
-30  -58  -46 
-26  18  40 
-42  -60  -40 
-22  20  -28 
-22  -50  -36 
-60  2  0 

//Reference=MNI 
//nullstudy_92
//Subjects=21
-16  -16  4 
0  4  -10 
26  6  64 
-20  -96  26 
-54  -8  10 
40  14  22 
-12  -68  -42 
-50  -32  12 

//Reference=MNI 
//nullstudy_93
//Subjects=21
-32  -80  -4 
-14  68  8 
0  28  -30 
-8  52  14 
-32  -12  56 
-4  -14  72 
-2  38  24 
-52  -34  -24 

//Reference=MNI 
//nullstudy_94
//Subjects=20
-54  -24  18 
36  8  -28 
-6  -58  -12 
-36  -80  -24 
-22  -80  36 
-18  -68  52 
-38  -66  20 
-50  -56  -50 

//Reference=MNI 
//nullstudy_95
//Subjects=20
-66  -24  20 
-46  -52  -56 
-16  -54  -20 
-42  -68  -26 
-6  -44  -38 
-42  6  -46 
-46  -34  14 
-46  -72  24 

//Reference=MNI 
//nullstudy_96
//Subjects=22
-8  6  -4 
52  22  -6 
-22  -66  -48 
4  34  54 
-18  -44  -28 
-36  -38  -42 
8  44  -14 
-38  -48  44 

//Reference=MNI 
//nullstudy_97
//Subjects=21
-2  32  24 
-50  -46  -48 
-30  -36  -40 
-32  -8  -36 
-44  8  -26 
-10  -56  -34 
-26  -46  -22 
-38  -46  60 

//Reference=MNI 
//nullstudy_98
//Subjects=21
-46  -54  42 
30  34  -18 
-64  -36  -14 
-30  -52  54 
-20  42  -12 
-14  -14  68 
-32  -14  14 
-8  -70  -42 

//Reference=MNI 
//nullstudy_99
//Subjects=20
-44  -58  -34 
-40  -64  -4 
-68  -36  -20 
-8  -48  -10 
-36  -82  -10 
6  34  4 
-24  -98  -20 
-8  -48  10 

//Reference=MNI 
//nullstudy_100
//Subjects=20
40  2  18 
-24  68  4 
-6  30  -30 
-2  38  10 
-40  -70  -50 
-62  -12  -2 
-14  -48  -30 
-64  -26  32 

