//Reference=MNI 
//truestudy_1
//Subjects=28
46  -66  -7 
46  -65  -6 
47  -66  -7 
46  -66  -6 
45  -66  -6 
46  -67  -7 
47  -67  -7 
46  -65  -6 

//Reference=MNI 
//truestudy_2
//Subjects=31
44  -66  -8 
46  -67  -7 
45  -68  -6 
45  -66  -7 
48  -65  -6 
46  -66  -7 
47  -65  -7 
46  -66  -7 

//Reference=MNI 
//truestudy_3
//Subjects=29
45  -67  -5 
47  -65  -6 
46  -67  -7 
45  -65  -6 
46  -66  -6 
47  -67  -8 
47  -68  -6 
45  -66  -7 

//Reference=MNI 
//nullstudy_1
//Subjects=28
-58  -46  -6 
-58  -54  10 
-46  12  38 
-48  4  22 
-6  -38  -46 
50  32  20 
-16  16  60 
-16  58  -2 

//Reference=MNI 
//nullstudy_2
//Subjects=31
-20  26  -26 
0  36  12 
-26  -42  -16 
-12  2  -8 
36  32  42 
-12  -66  -8 
-44  -26  40 
-16  -90  -8 

//Reference=MNI 
//nullstudy_3
//Subjects=29
-30  -8  -22 
0  22  50 
-32  -74  -6 
20  24  -28 
44  22  8 
-6  -64  38 
-44  -58  50 
-20  -44  -20 

//Reference=MNI 
//nullstudy_4
//Subjects=29
26  6  8 
-8  26  66 
-38  36  26 
-40  24  -8 
-28  -30  54 
28  4  -18 
-18  -100  8 
-4  50  -20 

//Reference=MNI 
//nullstudy_5
//Subjects=30
-40  -84  -12 
-40  12  -26 
-22  -96  -2 
-18  -70  26 
36  2  14 
-42  -42  -28 
-40  12  22 
42  6  20 

//Reference=MNI 
//nullstudy_6
//Subjects=30
-40  36  -8 
-12  -36  -8 
-18  16  10 
-12  -82  32 
26  60  -18 
-6  -82  -50 
-22  -62  4 
-14  -72  20 

//Reference=MNI 
//nullstudy_7
//Subjects=29
-32  -22  -2 
-2  -12  -14 
-2  -90  32 
60  2  -4 
-8  2  -8 
-30  44  8 
-20  62  -6 
-22  -60  -22 

//Reference=MNI 
//nullstudy_8
//Subjects=30
-44  -10  14 
-58  -8  30 
-66  -12  22 
-34  18  -42 
-54  -48  44 
-20  -72  10 
-14  8  -34 
-10  46  20 

//Reference=MNI 
//nullstudy_9
//Subjects=32
-28  -96  -14 
46  16  0 
-60  -10  6 
-24  -76  -6 
-2  28  16 
-2  -42  68 
-56  -30  48 
-8  70  0 

//Reference=MNI 
//nullstudy_10
//Subjects=30
-10  -102  -14 
-6  -34  50 
-30  16  14 
20  54  42 
-50  -34  -26 
-28  -66  44 
-2  -80  0 
-12  -46  -60 

//Reference=MNI 
//nullstudy_11
//Subjects=29
-22  -68  -22 
52  44  6 
-40  -8  62 
40  30  -18 
42  2  62 
-64  -30  -10 
-10  64  8 
-56  -56  10 

//Reference=MNI 
//nullstudy_12
//Subjects=32
-6  4  60 
-16  -54  -58 
-30  -4  -4 
-6  -70  26 
-30  -64  54 
-18  -78  30 
-34  -48  32 
-36  10  46 

//Reference=MNI 
//nullstudy_13
//Subjects=32
-2  -74  -26 
-18  20  -18 
-24  -86  4 
-40  12  54 
-16  54  -10 
-46  48  -14 
-40  -66  50 
14  6  -18 

//Reference=MNI 
//nullstudy_14
//Subjects=30
-48  12  28 
-20  -86  -46 
-28  50  28 
-64  -6  24 
-38  2  -6 
-8  58  18 
-2  52  6 
-28  -76  18 

//Reference=MNI 
//nullstudy_15
//Subjects=30
14  12  -4 
40  26  36 
-54  -40  -18 
22  54  22 
-16  -20  28 
-68  -24  26 
-4  40  16 
34  36  -6 

//Reference=MNI 
//nullstudy_16
//Subjects=31
4  26  52 
-18  -24  -10 
-26  -8  52 
-12  40  -18 
-32  -30  -12 
-20  -70  2 
30  38  40 
-36  -88  16 

//Reference=MNI 
//nullstudy_17
//Subjects=29
-30  50  -8 
0  52  38 
2  40  -32 
-14  -92  -28 
48  2  0 
-36  8  50 
-2  -62  28 
-26  -14  58 

//Reference=MNI 
//nullstudy_18
//Subjects=29
44  10  18 
-52  4  -34 
62  6  36 
-8  10  10 
52  38  2 
-8  70  2 
0  10  40 
-10  50  -8 

//Reference=MNI 
//nullstudy_19
//Subjects=30
10  64  28 
-2  -44  46 
-28  44  22 
-8  52  10 
-36  -26  40 
-8  34  -2 
-6  -74  -46 
-12  -66  64 

//Reference=MNI 
//nullstudy_20
//Subjects=30
16  72  0 
-38  -74  -22 
44  10  30 
38  56  10 
-24  -72  -42 
-30  4  -18 
-30  -72  -30 
-34  -74  40 

//Reference=MNI 
//nullstudy_21
//Subjects=31
-2  26  52 
-56  -36  30 
-18  -66  22 
-62  -54  28 
-44  24  10 
-28  -58  -52 
-50  6  -30 
-14  -44  -8 

//Reference=MNI 
//nullstudy_22
//Subjects=29
-40  -38  48 
-12  -80  4 
8  2  -16 
-14  -70  -10 
-22  -34  56 
-62  -4  28 
-38  -80  20 
-36  -4  58 

//Reference=MNI 
//nullstudy_23
//Subjects=30
-4  -14  48 
34  32  34 
44  52  12 
-8  42  40 
-56  -64  34 
38  46  28 
-16  -30  -38 
38  32  8 

//Reference=MNI 
//nullstudy_24
//Subjects=30
44  8  40 
-30  -16  -42 
4  38  14 
-26  -60  60 
-30  -6  58 
54  34  -4 
0  14  0 
-56  -24  -2 

//Reference=MNI 
//nullstudy_25
//Subjects=31
-12  60  20 
-26  -52  -44 
-46  -68  30 
36  52  14 
48  48  14 
-10  66  22 
-6  38  -32 
34  62  2 

//Reference=MNI 
//nullstudy_26
//Subjects=28
-34  -86  30 
24  8  48 
-6  32  -32 
-16  66  -6 
-12  -68  -26 
32  28  4 
34  4  4 
-6  -38  68 

//Reference=MNI 
//nullstudy_27
//Subjects=30
-26  -34  8 
-62  -46  20 
-28  -6  48 
-8  -48  -58 
-36  -84  -2 
-64  -56  -8 
-52  22  10 
-2  -68  36 

//Reference=MNI 
//nullstudy_28
//Subjects=31
-46  -64  52 
-8  -82  8 
20  66  14 
20  6  50 
-28  12  -40 
-4  44  -14 
-38  24  4 
-56  -56  26 

//Reference=MNI 
//nullstudy_29
//Subjects=27
-16  -70  4 
-12  -64  -30 
6  22  64 
-18  -80  -34 
-12  -28  -44 
14  38  -22 
-60  6  26 
-10  16  14 

//Reference=MNI 
//nullstudy_30
//Subjects=29
-26  -70  -30 
66  2  8 
-28  -8  -20 
14  14  14 
38  36  26 
12  62  -12 
-6  -58  20 
60  14  22 

//Reference=MNI 
//nullstudy_31
//Subjects=30
-48  -24  -8 
6  14  50 
-20  -2  -36 
6  28  58 
-22  12  -8 
-6  28  -14 
-24  28  36 
-22  -58  56 

//Reference=MNI 
//nullstudy_32
//Subjects=31
-46  26  20 
-12  -62  -56 
-6  -18  -38 
44  26  16 
-22  -82  -52 
-4  -92  0 
-34  -62  -38 
-50  -62  -32 

//Reference=MNI 
//nullstudy_33
//Subjects=29
-34  -48  -60 
32  4  16 
22  66  16 
54  20  20 
48  10  44 
0  36  56 
34  38  28 
-32  -44  -52 

//Reference=MNI 
//nullstudy_34
//Subjects=30
-38  10  -20 
-18  -78  4 
-4  -12  64 
-68  -34  12 
-12  -84  46 
-6  24  62 
-46  -40  -40 
-2  -56  -26 

//Reference=MNI 
//nullstudy_35
//Subjects=30
-52  -14  50 
-38  -74  40 
-10  2  20 
12  22  50 
32  48  32 
-16  -72  8 
-54  -2  8 
-20  50  -6 

//Reference=MNI 
//nullstudy_36
//Subjects=31
-32  -46  -50 
34  44  20 
-36  -44  -58 
-8  26  48 
-44  -32  2 
28  60  2 
-40  -68  -6 
-28  26  -18 

//Reference=MNI 
//nullstudy_37
//Subjects=31
2  30  6 
16  10  10 
-6  8  28 
-40  -24  52 
-6  -68  -18 
-46  -70  -16 
-42  -44  6 
-32  56  -10 

//Reference=MNI 
//nullstudy_38
//Subjects=30
-34  40  4 
-42  18  -6 
26  14  -8 
4  42  38 
-44  -6  -6 
-24  -78  42 
36  8  -34 
-62  -22  22 

//Reference=MNI 
//nullstudy_39
//Subjects=30
38  58  -14 
-24  -86  30 
-26  -54  -44 
-30  24  56 
-40  -28  -32 
-44  -70  20 
-14  42  2 
-64  -52  28 

//Reference=MNI 
//nullstudy_40
//Subjects=30
-34  6  -4 
-56  -66  24 
-28  -70  48 
-54  -4  10 
4  26  22 
-10  -54  4 
22  8  -44 
-4  -84  -40 

//Reference=MNI 
//nullstudy_41
//Subjects=29
-66  -6  -4 
-8  -44  -58 
-4  -24  16 
-6  -12  40 
-66  -30  2 
-12  -60  32 
-54  -74  18 
-2  36  -2 

//Reference=MNI 
//nullstudy_42
//Subjects=30
-48  0  44 
-30  34  -14 
-12  8  -18 
34  30  32 
-10  -20  12 
0  34  -14 
30  44  38 
26  2  -26 

//Reference=MNI 
//nullstudy_43
//Subjects=30
-6  20  -2 
-12  -26  42 
0  2  -20 
38  32  46 
-42  -6  -30 
56  6  4 
-6  -32  -2 
-40  -90  6 

//Reference=MNI 
//nullstudy_44
//Subjects=30
32  30  -20 
4  6  52 
-32  20  10 
-6  -60  34 
-34  -46  60 
-44  38  -22 
-58  -52  24 
4  8  40 

//Reference=MNI 
//nullstudy_45
//Subjects=30
-8  22  -14 
-34  16  -30 
-44  -64  2 
44  2  42 
-34  -90  -26 
-16  -66  58 
50  12  38 
-24  -4  -16 

//Reference=MNI 
//nullstudy_46
//Subjects=30
-26  -82  -10 
-6  14  8 
-34  48  6 
36  42  12 
-50  -64  -16 
-30  -72  -26 
-44  26  46 
34  32  26 

//Reference=MNI 
//nullstudy_47
//Subjects=30
-6  26  42 
52  20  44 
-6  -66  20 
-2  -8  -16 
-6  48  40 
-4  54  6 
-40  32  22 
-16  -56  2 

//Reference=MNI 
//nullstudy_48
//Subjects=29
-12  -74  -56 
2  54  42 
-42  42  14 
24  52  -10 
-38  -6  16 
-24  -22  64 
-30  -42  44 
-30  -26  10 

//Reference=MNI 
//nullstudy_49
//Subjects=30
-18  -4  -12 
34  64  8 
-32  -50  32 
-34  -84  14 
-2  -62  68 
-34  -60  56 
22  66  6 
-4  68  -14 

//Reference=MNI 
//nullstudy_50
//Subjects=30
-60  -48  26 
-32  -12  72 
-8  -30  -28 
-44  -22  52 
-32  -72  -32 
52  6  50 
0  10  -6 
32  38  -22 

//Reference=MNI 
//nullstudy_51
//Subjects=31
-48  -42  -20 
44  30  -18 
-6  -10  38 
62  2  -20 
-18  44  -16 
-8  -32  2 
-46  -84  -8 
-50  -20  -2 

//Reference=MNI 
//nullstudy_52
//Subjects=29
-32  -40  44 
-16  -52  -24 
-8  -52  72 
26  54  36 
-16  -60  -30 
-22  -64  -24 
-24  -12  -40 
14  66  -4 

//Reference=MNI 
//nullstudy_53
//Subjects=28
-4  -36  26 
0  58  0 
-10  56  28 
48  14  18 
50  18  48 
-42  -12  -14 
-30  -44  -48 
66  4  18 

//Reference=MNI 
//nullstudy_54
//Subjects=31
38  6  -42 
56  20  -6 
30  16  -10 
-48  -14  -36 
-54  -6  -14 
6  34  32 
-56  -58  -4 
22  42  42 

//Reference=MNI 
//nullstudy_55
//Subjects=29
62  4  12 
-18  -52  -24 
-26  -22  54 
-12  -14  76 
-40  24  50 
-26  -88  -34 
26  24  -4 
-26  -44  50 

//Reference=MNI 
//nullstudy_56
//Subjects=31
-10  -62  2 
-44  -70  44 
-28  -12  0 
0  44  -14 
-12  -34  64 
-6  -52  -12 
-50  0  -34 
-42  54  14 

//Reference=MNI 
//nullstudy_57
//Subjects=31
20  22  40 
2  6  70 
-8  -38  76 
-28  -94  16 
-38  -54  -16 
-28  -26  14 
-18  -76  32 
-28  -26  -30 

//Reference=MNI 
//nullstudy_58
//Subjects=31
-36  36  32 
38  12  -2 
-14  -96  -2 
-8  46  30 
18  2  26 
20  2  -4 
-22  42  28 
-36  4  -16 

//Reference=MNI 
//nullstudy_59
//Subjects=29
-36  -32  22 
-42  -62  -42 
-46  14  24 
-14  -70  64 
-22  -92  -36 
-62  -54  30 
-10  56  12 
16  14  58 

//Reference=MNI 
//nullstudy_60
//Subjects=30
-42  -2  62 
-10  14  50 
-36  -66  -56 
42  10  -38 
-20  60  24 
-16  10  8 
52  8  -26 
-40  -6  -10 

//Reference=MNI 
//nullstudy_61
//Subjects=29
-16  6  -8 
-64  -28  -20 
-14  68  12 
14  36  18 
-58  10  6 
-32  2  30 
-24  -62  -36 
12  72  12 

//Reference=MNI 
//nullstudy_62
//Subjects=29
-48  50  2 
24  38  -10 
-52  -4  10 
-20  -54  0 
-10  46  36 
-54  -10  2 
30  28  -6 
-34  16  -40 

//Reference=MNI 
//nullstudy_63
//Subjects=28
-34  62  4 
-50  -42  30 
-56  -36  46 
-6  -56  -8 
-48  -74  -24 
-64  -22  2 
10  68  8 
-10  -4  72 

//Reference=MNI 
//nullstudy_64
//Subjects=30
-8  -10  6 
38  10  -20 
46  14  -14 
-44  -56  -24 
-20  -56  6 
46  32  20 
10  58  12 
-44  -50  32 

//Reference=MNI 
//nullstudy_65
//Subjects=30
20  56  -14 
-16  42  38 
-26  22  -34 
-2  -18  22 
-24  -22  -32 
-50  -18  56 
38  16  48 
-32  -70  -16 

//Reference=MNI 
//nullstudy_66
//Subjects=31
-54  14  -22 
-64  -8  -2 
-66  -18  24 
-56  -72  18 
0  18  4 
-34  30  48 
-14  -68  50 
-26  -76  40 

//Reference=MNI 
//nullstudy_67
//Subjects=29
54  14  4 
-4  -18  18 
20  2  54 
-10  28  32 
10  8  60 
-34  -70  40 
-38  24  36 
-46  -38  -32 

//Reference=MNI 
//nullstudy_68
//Subjects=31
-42  34  14 
-26  20  -26 
-64  -52  -16 
-42  -66  26 
-10  68  16 
-56  -26  46 
-6  -66  -46 
18  14  2 

//Reference=MNI 
//nullstudy_69
//Subjects=29
14  26  -22 
-10  28  20 
-10  40  8 
-50  -48  22 
-22  28  56 
20  10  -26 
-46  -2  4 
-52  -20  12 

//Reference=MNI 
//nullstudy_70
//Subjects=30
-50  4  6 
-52  -2  -16 
-2  -28  -52 
-14  -98  22 
-8  46  44 
52  20  22 
54  8  16 
-54  -62  14 

//Reference=MNI 
//nullstudy_71
//Subjects=30
-54  32  20 
-14  6  64 
34  22  -18 
-46  -2  -32 
-8  -30  72 
32  8  48 
8  4  -10 
-6  -46  26 

//Reference=MNI 
//nullstudy_72
//Subjects=31
-34  -34  -20 
-36  -80  40 
48  26  30 
-28  -40  -26 
-4  -28  -28 
-48  -30  62 
8  2  74 
-32  -4  66 

//Reference=MNI 
//nullstudy_73
//Subjects=30
-38  -38  14 
-40  -10  -28 
-36  -54  30 
-28  46  -10 
10  10  -22 
-8  4  -4 
-32  -40  68 
-2  -68  -42 

//Reference=MNI 
//nullstudy_74
//Subjects=30
18  12  -32 
-12  -20  -14 
-54  22  28 
48  52  4 
-52  -50  -10 
-28  -44  58 
-26  64  2 
-14  62  18 

//Reference=MNI 
//nullstudy_75
//Subjects=29
-20  -74  38 
-16  -58  -50 
-14  -52  -48 
-44  -56  54 
-16  -72  46 
-38  30  42 
-6  -16  48 
-46  6  -24 

//Reference=MNI 
//nullstudy_76
//Subjects=31
-18  -96  10 
-46  16  -12 
-24  26  -16 
38  2  36 
-16  -80  32 
-10  -54  2 
26  20  -26 
-2  36  -2 

//Reference=MNI 
//nullstudy_77
//Subjects=29
-10  -30  -24 
-12  -16  -16 
-28  -62  8 
-8  24  56 
40  2  -48 
24  8  58 
36  12  36 
-42  -6  40 

//Reference=MNI 
//nullstudy_78
//Subjects=30
4  10  62 
-6  -26  16 
-14  -70  -4 
66  8  14 
-38  -38  42 
6  48  4 
-44  38  -2 
-18  -30  -30 

//Reference=MNI 
//nullstudy_79
//Subjects=30
-30  -86  16 
-64  -8  -16 
-24  -92  -26 
-42  -74  -12 
16  12  12 
-20  -54  48 
-58  -68  -8 
-54  -54  -4 

//Reference=MNI 
//nullstudy_80
//Subjects=30
-54  6  20 
-44  24  28 
32  10  46 
-44  42  2 
-34  -16  40 
-36  56  -6 
-34  -76  24 
-8  -4  58 

//Reference=MNI 
//nullstudy_81
//Subjects=32
-56  -46  -18 
-42  -38  36 
-56  -10  14 
24  12  -26 
-46  -62  48 
-12  -104  -8 
-36  -42  -12 
0  30  2 

//Reference=MNI 
//nullstudy_82
//Subjects=29
48  28  16 
-44  36  24 
-32  22  -20 
-62  8  4 
-66  -42  30 
-6  -10  -18 
34  46  18 
-14  30  44 

//Reference=MNI 
//nullstudy_83
//Subjects=30
32  34  -14 
-54  -24  16 
-46  -44  -22 
22  48  -10 
8  58  40 
-4  -22  30 
-4  30  -2 
-22  34  30 

//Reference=MNI 
//nullstudy_84
//Subjects=30
-42  -72  -16 
16  12  8 
-40  -54  8 
16  46  -4 
-52  20  -14 
-12  -60  46 
-8  14  -16 
-46  0  -36 

//Reference=MNI 
//nullstudy_85
//Subjects=30
50  4  46 
-10  12  -8 
-24  52  8 
34  10  34 
-62  -50  18 
-54  -42  30 
34  34  50 
-14  -60  -22 

//Reference=MNI 
//nullstudy_86
//Subjects=31
-18  -2  -36 
-36  18  34 
-12  -82  -44 
-18  -52  54 
58  18  16 
-20  32  36 
-6  -92  -10 
-34  46  -10 

//Reference=MNI 
//nullstudy_87
//Subjects=31
36  22  -28 
-46  -2  -16 
-34  -88  -22 
52  14  28 
-8  -68  -28 
-10  20  56 
-12  -30  34 
34  42  38 

//Reference=MNI 
//nullstudy_88
//Subjects=32
-44  -44  26 
-36  -68  -34 
-2  -14  -22 
-34  48  12 
-26  0  -38 
-18  -88  -10 
-52  -26  24 
-42  -82  34 

//Reference=MNI 
//nullstudy_89
//Subjects=29
-6  -88  8 
26  4  10 
-8  48  -24 
-38  18  6 
-56  -30  28 
-22  -98  4 
-56  -48  -24 
14  6  -26 

//Reference=MNI 
//nullstudy_90
//Subjects=30
-42  -14  16 
-2  -42  30 
-64  -30  8 
-10  -20  26 
-52  10  44 
-2  -58  46 
-6  20  10 
-34  18  40 

//Reference=MNI 
//nullstudy_91
//Subjects=29
-24  -64  48 
48  8  -22 
0  44  -4 
-58  0  38 
-24  -62  8 
52  6  -14 
-24  -76  -26 
-6  -16  64 

//Reference=MNI 
//nullstudy_92
//Subjects=29
-40  -42  -34 
20  10  60 
-56  -6  38 
-8  -68  -18 
-34  50  -4 
-44  -8  52 
-36  -62  14 
-10  -28  72 

//Reference=MNI 
//nullstudy_93
//Subjects=29
-10  -76  38 
6  6  20 
-64  -20  -16 
36  12  -20 
-26  38  28 
2  10  48 
-14  44  -26 
2  52  34 

//Reference=MNI 
//nullstudy_94
//Subjects=28
-6  -8  -18 
46  42  28 
-34  50  34 
-12  -8  72 
-18  -64  -14 
-2  42  34 
-8  -66  -40 
-16  -52  74 

//Reference=MNI 
//nullstudy_95
//Subjects=29
-66  -18  -10 
-34  -68  -60 
4  34  4 
-38  14  -40 
-2  50  -14 
-18  38  -12 
-4  34  28 
-16  -90  30 

//Reference=MNI 
//nullstudy_96
//Subjects=29
-28  18  62 
-46  26  38 
-6  -60  -32 
-50  -62  44 
-6  -14  44 
-62  -12  22 
0  4  14 
-60  -4  12 

//Reference=MNI 
//nullstudy_97
//Subjects=30
-40  -56  24 
-2  -54  0 
-48  36  -2 
24  52  28 
-42  -70  -22 
-8  -74  -40 
-22  -84  -32 
44  4  -6 

//Reference=MNI 
//nullstudy_98
//Subjects=30
-62  -30  6 
42  12  18 
-18  -4  -4 
-2  -60  12 
40  60  4 
-34  -82  26 
-14  -102  18 
-8  -72  -4 

//Reference=MNI 
//nullstudy_99
//Subjects=30
-6  -20  4 
-20  -6  60 
-60  -48  -10 
-28  -76  -6 
-46  44  18 
30  44  22 
14  68  24 
-18  18  -24 

//Reference=MNI 
//nullstudy_100
//Subjects=31
-18  -56  -56 
-44  -30  -8 
-2  68  20 
-46  -14  0 
-36  -70  -56 
-38  -82  30 
-20  6  -30 
-12  -22  16 

