//Reference=MNI 
//truestudy_1
//Subjects=20
46  -68  -6 
46  -66  -6 
44  -67  -7 
44  -65  -6 
46  -66  -6 
46  -67  -6 
47  -67  -5 
45  -66  -5 

//Reference=MNI 
//truestudy_2
//Subjects=20
45  -65  -7 
46  -66  -8 
46  -67  -7 
47  -65  -8 
47  -66  -7 
45  -67  -5 
47  -66  -6 
46  -66  -6 

//Reference=MNI 
//truestudy_3
//Subjects=20
47  -65  -8 
46  -66  -7 
44  -66  -7 
46  -68  -7 
47  -66  -6 
48  -66  -7 
47  -67  -7 
47  -64  -7 

//Reference=MNI 
//nullstudy_1
//Subjects=20
-32  -46  -8 
-18  -42  -14 
14  2  -38 
42  6  -48 
-40  -78  10 
-14  60  -14 
28  24  44 
-38  34  -12 

//Reference=MNI 
//nullstudy_2
//Subjects=20
-6  -12  -26 
-44  -88  4 
-22  62  -2 
32  12  40 
-62  -4  34 
-16  2  -6 
-58  -2  30 
46  24  18 

//Reference=MNI 
//nullstudy_3
//Subjects=20
-52  -50  34 
4  54  -6 
-8  -64  -62 
-48  22  12 
-68  -48  8 
4  14  58 
-36  -10  44 
-16  66  16 

//Reference=MNI 
//nullstudy_4
//Subjects=19
-8  36  -20 
6  52  -16 
-4  -36  -54 
8  24  56 
-20  -62  -36 
-48  -68  4 
-54  -24  54 
-8  -10  54 

//Reference=MNI 
//nullstudy_5
//Subjects=22
-6  -44  58 
-40  28  2 
0  6  60 
-10  68  -2 
-16  -40  38 
-30  28  24 
-42  -22  40 
-56  -20  34 

//Reference=MNI 
//nullstudy_6
//Subjects=20
16  32  -20 
-22  20  -14 
-14  -26  18 
52  20  -18 
-62  -48  -14 
-24  -58  -30 
-22  -14  -6 
-22  -94  -16 

//Reference=MNI 
//nullstudy_7
//Subjects=21
-18  -88  34 
-2  -20  -6 
-40  10  -16 
48  42  -18 
-50  8  -18 
-50  22  16 
-16  -58  54 
-14  -48  -38 

//Reference=MNI 
//nullstudy_8
//Subjects=20
-42  -34  36 
-2  16  62 
-26  -26  48 
60  2  32 
28  54  10 
-24  -78  -44 
-32  -84  22 
0  18  -6 

//Reference=MNI 
//nullstudy_9
//Subjects=20
8  60  -18 
10  4  42 
12  40  -30 
-32  -36  20 
-62  10  14 
40  36  28 
48  14  -10 
-2  -76  -30 

//Reference=MNI 
//nullstudy_10
//Subjects=22
38  58  -6 
-18  2  58 
6  34  62 
-20  -56  -48 
-30  54  -18 
-8  50  28 
-26  52  32 
-56  18  26 

//Reference=MNI 
//nullstudy_11
//Subjects=21
-6  -8  66 
50  4  40 
8  42  -18 
-14  -22  10 
-2  34  2 
-32  -98  6 
36  22  50 
38  50  -8 

//Reference=MNI 
//nullstudy_12
//Subjects=21
-4  -14  6 
-22  56  8 
-8  -12  -14 
-48  -30  52 
-12  -36  -18 
-44  0  44 
-28  -50  42 
-46  -32  26 

//Reference=MNI 
//nullstudy_13
//Subjects=20
-16  -86  40 
-16  -90  -4 
-58  -54  -22 
-4  60  10 
-28  -66  -40 
-2  -80  16 
-18  -68  -42 
-8  -28  42 

//Reference=MNI 
//nullstudy_14
//Subjects=20
-40  14  56 
-24  -72  36 
6  32  10 
58  18  12 
-26  -58  -18 
48  6  52 
-26  -70  -56 
-36  2  -36 

//Reference=MNI 
//nullstudy_15
//Subjects=20
-2  -62  -38 
-6  -10  -36 
26  2  -34 
-16  56  -10 
-32  50  14 
-26  -10  -16 
-24  -76  52 
30  20  -16 

//Reference=MNI 
//nullstudy_16
//Subjects=19
-46  -60  -28 
-42  38  22 
48  8  46 
-14  -82  30 
-8  -56  -56 
8  58  -18 
-6  -20  76 
-10  -44  -10 

//Reference=MNI 
//nullstudy_17
//Subjects=19
-20  44  18 
12  20  64 
-44  -36  12 
-56  -6  -10 
-28  -32  -10 
8  60  -6 
-20  36  30 
-4  -28  36 

//Reference=MNI 
//nullstudy_18
//Subjects=19
-14  -46  -14 
8  64  16 
-6  -84  -42 
-10  -44  64 
-32  -28  18 
-38  4  48 
-16  18  16 
20  8  14 

//Reference=MNI 
//nullstudy_19
//Subjects=19
-52  -22  -36 
4  10  16 
44  44  28 
-50  -20  -14 
-20  -38  -38 
0  28  54 
-34  26  -32 
-4  24  -8 

//Reference=MNI 
//nullstudy_20
//Subjects=18
-32  -70  -34 
-6  -90  12 
-12  38  10 
-48  -46  30 
14  4  64 
-44  8  52 
-34  -34  -8 
-46  -80  -14 

//Reference=MNI 
//nullstudy_21
//Subjects=20
34  10  -48 
-26  -12  48 
-50  -30  -24 
-50  -70  -34 
14  52  -12 
-46  -82  12 
32  38  36 
60  12  -6 

//Reference=MNI 
//nullstudy_22
//Subjects=20
-26  -48  -38 
-20  -4  -48 
-20  -28  76 
-32  -40  36 
-24  34  -18 
-8  -6  -12 
-30  8  54 
-8  -76  52 

//Reference=MNI 
//nullstudy_23
//Subjects=21
-14  -22  40 
-30  -58  56 
-8  -56  68 
46  14  28 
-32  26  -14 
-52  -80  2 
-46  -10  -2 
-56  -24  -26 

//Reference=MNI 
//nullstudy_24
//Subjects=20
-56  -42  -28 
38  46  -14 
28  6  -30 
30  48  0 
14  50  44 
-46  44  16 
4  58  -20 
-48  -34  -2 

//Reference=MNI 
//nullstudy_25
//Subjects=21
-28  -62  -36 
-34  44  -8 
-2  18  30 
-4  -64  -36 
-56  10  2 
-8  -44  -10 
-8  -6  -30 
46  40  -16 

//Reference=MNI 
//nullstudy_26
//Subjects=22
-14  -52  8 
-56  -40  8 
28  38  40 
-40  -22  54 
-2  0  58 
-48  -66  -48 
-8  -26  -32 
40  22  -34 

//Reference=MNI 
//nullstudy_27
//Subjects=21
-50  -64  -30 
-46  18  28 
-50  24  26 
-20  0  4 
-18  40  28 
-8  60  18 
38  6  -40 
-52  -48  38 

//Reference=MNI 
//nullstudy_28
//Subjects=19
-38  38  4 
10  62  -6 
-38  -10  48 
42  54  -6 
-6  -48  -6 
16  48  -22 
-36  18  -10 
-42  26  -18 

//Reference=MNI 
//nullstudy_29
//Subjects=20
-36  -74  -12 
-38  50  4 
-18  -58  -12 
-12  -62  2 
-14  -56  46 
-22  10  42 
0  34  14 
-14  -30  0 

//Reference=MNI 
//nullstudy_30
//Subjects=21
20  8  52 
-34  20  -36 
-36  24  34 
-8  42  0 
8  30  48 
2  2  16 
-12  -16  64 
-48  22  -8 

//Reference=MNI 
//nullstudy_31
//Subjects=20
-6  -12  60 
-20  -18  0 
-16  -90  22 
14  12  8 
-44  44  -16 
4  30  -26 
-10  -56  42 
34  14  -40 

//Reference=MNI 
//nullstudy_32
//Subjects=21
-60  -28  -24 
-46  38  28 
38  20  44 
-4  -48  2 
-22  -52  60 
60  10  -6 
-16  2  -2 
38  38  -14 

//Reference=MNI 
//nullstudy_33
//Subjects=19
-10  44  8 
-10  18  42 
-8  -16  -40 
-12  68  4 
50  20  -32 
-46  -56  -50 
24  16  4 
-54  16  12 

//Reference=MNI 
//nullstudy_34
//Subjects=21
4  36  6 
26  8  44 
-28  -64  60 
0  60  -8 
40  24  -24 
-44  -14  12 
-4  -8  34 
-22  -90  8 

//Reference=MNI 
//nullstudy_35
//Subjects=20
-14  -50  70 
-38  -28  -24 
-28  -56  -34 
-44  18  38 
-2  30  -30 
2  34  26 
-18  -60  12 
-52  6  12 

//Reference=MNI 
//nullstudy_36
//Subjects=20
-42  -48  6 
-30  -66  60 
-6  22  -8 
40  18  -42 
12  14  54 
-6  -44  50 
-8  30  60 
-20  -56  -28 

//Reference=MNI 
//nullstudy_37
//Subjects=19
-34  58  18 
4  30  -24 
-30  -32  54 
-44  -42  34 
-8  -6  -2 
-12  -74  56 
-54  -24  22 
4  14  62 

//Reference=MNI 
//nullstudy_38
//Subjects=21
-28  48  14 
-14  -26  68 
64  6  28 
-48  -68  -18 
-12  2  -18 
14  26  58 
-52  -52  -10 
-16  -102  8 

//Reference=MNI 
//nullstudy_39
//Subjects=19
-62  -16  -6 
-20  12  -6 
-36  -46  38 
-30  -20  52 
-30  -68  38 
-14  -16  12 
-52  -74  -12 
50  8  40 

//Reference=MNI 
//nullstudy_40
//Subjects=19
18  2  -42 
-40  -42  62 
42  34  34 
-26  -62  -18 
12  42  -14 
-32  -86  -38 
-32  -92  10 
-48  -70  22 

//Reference=MNI 
//nullstudy_41
//Subjects=20
-16  -70  -30 
-60  4  20 
-30  -56  -4 
-52  -64  -30 
-56  -60  -36 
-58  -66  -4 
-28  24  8 
-42  0  60 

//Reference=MNI 
//nullstudy_42
//Subjects=20
-38  18  6 
-14  -42  -54 
-22  -32  -14 
6  32  2 
-12  -86  44 
-10  18  -6 
26  14  50 
-46  26  20 

//Reference=MNI 
//nullstudy_43
//Subjects=22
-42  44  2 
-12  -28  -6 
36  16  38 
-32  28  2 
-22  14  42 
-52  2  6 
48  20  2 
-52  -72  -14 

//Reference=MNI 
//nullstudy_44
//Subjects=21
-50  -60  42 
-32  -42  60 
-62  -8  28 
24  50  40 
-10  -28  -38 
-48  -14  0 
-2  -22  42 
-52  18  38 

//Reference=MNI 
//nullstudy_45
//Subjects=19
-6  -46  -2 
34  8  42 
-2  14  68 
-8  38  34 
-8  -20  -10 
8  64  10 
-46  12  -10 
-30  6  -24 

//Reference=MNI 
//nullstudy_46
//Subjects=19
-22  8  64 
-54  -44  -20 
-40  -68  -24 
-50  -12  -36 
-14  -44  4 
-44  4  22 
4  32  36 
-2  12  -22 

//Reference=MNI 
//nullstudy_47
//Subjects=21
-60  20  12 
-64  -20  -12 
-48  28  24 
-8  38  56 
-6  -86  -36 
60  20  20 
-36  -14  66 
-22  -26  74 

//Reference=MNI 
//nullstudy_48
//Subjects=20
-38  -82  30 
-8  -22  4 
50  44  6 
-48  -30  -24 
-14  -30  -44 
-20  2  -4 
-12  -76  50 
-68  -28  -14 

//Reference=MNI 
//nullstudy_49
//Subjects=20
-12  -20  44 
-22  -60  -10 
-42  32  18 
-64  -32  -28 
-66  -20  36 
54  4  -40 
-6  -76  50 
-10  -84  -38 

//Reference=MNI 
//nullstudy_50
//Subjects=19
12  64  14 
24  10  -30 
-62  -50  0 
-12  -42  30 
40  14  10 
30  10  62 
-14  -62  -48 
-48  -18  -6 

//Reference=MNI 
//nullstudy_51
//Subjects=20
-56  -58  -24 
24  46  -10 
-46  -72  -46 
-46  -48  58 
-6  -74  -2 
-18  -14  24 
-42  -46  -32 
-16  -64  -46 

//Reference=MNI 
//nullstudy_52
//Subjects=19
-46  -68  8 
-2  6  66 
10  26  -30 
-16  -94  20 
-2  -12  20 
-16  -6  -44 
-34  -22  -30 
-40  4  54 

//Reference=MNI 
//nullstudy_53
//Subjects=20
-6  -44  30 
-30  -76  -8 
-18  34  46 
4  50  0 
-36  -64  12 
-4  -18  38 
-66  -22  30 
-18  44  -12 

//Reference=MNI 
//nullstudy_54
//Subjects=21
-6  -82  18 
-26  -46  74 
-30  4  -10 
-50  -64  -4 
16  8  -12 
-66  -4  -14 
-36  50  4 
46  4  12 

//Reference=MNI 
//nullstudy_55
//Subjects=21
-54  18  16 
-12  -22  10 
-44  8  -24 
44  32  16 
-48  -8  26 
-38  -12  34 
-34  -56  30 
-48  -10  -34 

//Reference=MNI 
//nullstudy_56
//Subjects=21
-42  -82  -14 
-28  -84  30 
-4  38  -24 
-4  -8  -6 
-16  -40  -36 
-36  -20  -26 
8  22  46 
-22  -40  20 

//Reference=MNI 
//nullstudy_57
//Subjects=20
-46  -54  -16 
-2  2  12 
-12  36  16 
-26  -78  -42 
-44  -58  -56 
-26  10  8 
2  8  8 
30  64  6 

//Reference=MNI 
//nullstudy_58
//Subjects=20
-20  -36  -12 
-12  -56  14 
-62  6  10 
-58  -56  -18 
-18  -70  22 
48  2  54 
-14  -76  4 
4  14  -8 

//Reference=MNI 
//nullstudy_59
//Subjects=19
-32  4  -30 
-12  40  56 
-48  -34  -4 
34  50  30 
32  54  -12 
-26  26  30 
50  14  0 
-42  0  46 

//Reference=MNI 
//nullstudy_60
//Subjects=21
-20  18  48 
36  32  30 
26  40  36 
14  60  0 
-20  40  36 
-52  2  4 
-22  -14  -38 
-6  4  -10 

//Reference=MNI 
//nullstudy_61
//Subjects=20
-6  18  28 
-26  30  -10 
34  22  2 
-4  24  -26 
-42  4  -42 
20  34  50 
-52  -18  -34 
-32  20  48 

//Reference=MNI 
//nullstudy_62
//Subjects=22
16  22  -24 
18  10  62 
-12  -52  -42 
-4  -70  -26 
-28  38  40 
-2  -70  48 
-24  -70  38 
-30  -14  -16 

//Reference=MNI 
//nullstudy_63
//Subjects=20
4  6  70 
40  20  30 
-36  52  4 
60  14  4 
-14  22  -24 
-54  -2  16 
-8  2  -10 
-44  24  20 

//Reference=MNI 
//nullstudy_64
//Subjects=21
-34  -8  -38 
-50  -2  -34 
-6  -84  4 
-52  -18  38 
-18  -18  78 
-22  10  -32 
-56  -58  -16 
-38  36  4 

//Reference=MNI 
//nullstudy_65
//Subjects=20
-32  28  -24 
-18  -16  -24 
22  32  -10 
-42  -10  62 
-16  -40  4 
46  10  -18 
-14  2  16 
-10  -12  72 

//Reference=MNI 
//nullstudy_66
//Subjects=21
-42  -50  -26 
-44  -38  54 
40  4  12 
-36  26  42 
44  54  -8 
0  50  -14 
-46  -38  0 
-26  -22  -20 

//Reference=MNI 
//nullstudy_67
//Subjects=18
-14  6  -4 
42  12  6 
6  12  2 
-2  -70  -18 
-30  2  54 
22  6  46 
-58  -6  14 
-34  -78  -20 

//Reference=MNI 
//nullstudy_68
//Subjects=21
-2  54  42 
-64  -26  4 
-4  24  -24 
-48  -2  32 
18  44  44 
-14  -20  -2 
34  18  -20 
-52  -28  16 

//Reference=MNI 
//nullstudy_69
//Subjects=19
-66  -14  -14 
36  20  -18 
-16  4  74 
-56  20  6 
-6  40  52 
-52  -32  -6 
34  2  -18 
-30  -42  66 

//Reference=MNI 
//nullstudy_70
//Subjects=22
-50  2  -4 
-10  -40  4 
-46  -70  -6 
40  20  38 
-18  -100  6 
38  14  8 
48  14  20 
-8  -72  -24 

//Reference=MNI 
//nullstudy_71
//Subjects=19
-48  -12  36 
-28  10  -44 
-4  32  -12 
-54  -70  -18 
-10  -54  24 
-34  -54  -32 
-6  42  18 
-66  -18  10 

//Reference=MNI 
//nullstudy_72
//Subjects=20
-6  70  -8 
38  30  16 
-46  40  22 
-38  -52  -8 
-54  -54  44 
-10  -12  -14 
-52  -30  52 
-14  -30  -30 

//Reference=MNI 
//nullstudy_73
//Subjects=20
-42  32  16 
-28  54  26 
20  22  -14 
-58  -32  -12 
-10  -90  36 
-52  10  4 
-12  -12  8 
36  12  -36 

//Reference=MNI 
//nullstudy_74
//Subjects=21
14  14  -28 
-44  -28  -16 
-10  -66  60 
0  8  40 
-22  -60  38 
-16  -78  -26 
-14  -26  62 
-42  -76  -40 

//Reference=MNI 
//nullstudy_75
//Subjects=21
0  54  26 
42  24  0 
52  20  10 
-8  -58  -6 
-50  -42  -24 
54  26  -8 
-34  -44  60 
4  54  34 

//Reference=MNI 
//nullstudy_76
//Subjects=21
-2  18  66 
-24  62  18 
-32  6  -38 
-52  -62  -34 
-20  8  -28 
6  34  24 
-38  -6  8 
-8  28  24 

//Reference=MNI 
//nullstudy_77
//Subjects=20
-44  -86  20 
-34  -26  54 
-60  -68  4 
50  18  -24 
-10  -80  -20 
-4  -48  -22 
-52  -76  -4 
-20  -64  60 

//Reference=MNI 
//nullstudy_78
//Subjects=20
-44  20  2 
20  2  -22 
-42  -70  28 
-38  18  -22 
-36  0  60 
-14  -62  -28 
-4  -94  14 
-42  -78  24 

//Reference=MNI 
//nullstudy_79
//Subjects=21
-22  30  56 
44  18  -8 
-16  -76  -12 
-24  -88  20 
-48  -6  -38 
-16  48  32 
-58  -52  0 
-16  -50  2 

//Reference=MNI 
//nullstudy_80
//Subjects=19
-12  -28  24 
34  60  4 
-26  22  -28 
-4  -4  30 
20  22  42 
-56  -56  38 
6  50  28 
-48  -38  6 

//Reference=MNI 
//nullstudy_81
//Subjects=20
-24  -34  -8 
-10  -66  66 
-58  -26  2 
-2  38  46 
-18  -84  -2 
-12  -58  34 
-56  14  -6 
-36  22  -18 

//Reference=MNI 
//nullstudy_82
//Subjects=22
-2  -22  -30 
-54  -22  38 
-10  -6  -22 
30  54  14 
-26  -22  -20 
-44  -52  38 
-36  10  -20 
-36  -68  -56 

//Reference=MNI 
//nullstudy_83
//Subjects=21
4  48  2 
-12  16  -26 
-28  56  4 
-48  -18  6 
-8  50  34 
-40  -10  16 
18  52  -12 
-10  50  -14 

//Reference=MNI 
//nullstudy_84
//Subjects=20
18  28  58 
-2  -22  44 
14  12  48 
-22  48  2 
-12  -52  46 
-14  -68  44 
-6  -20  46 
6  44  22 

//Reference=MNI 
//nullstudy_85
//Subjects=21
-44  4  24 
-14  -30  -14 
-22  -66  -2 
-38  20  24 
-52  -70  32 
-58  -34  -12 
-42  12  -18 
-32  52  -14 

//Reference=MNI 
//nullstudy_86
//Subjects=20
-16  -8  22 
36  8  -8 
-22  -38  -48 
-48  -42  -16 
-46  -30  -18 
14  50  2 
-64  -36  -6 
-2  -52  -56 

//Reference=MNI 
//nullstudy_87
//Subjects=19
-42  -38  46 
-10  70  14 
-12  -6  68 
-6  -64  48 
-26  -38  4 
-60  -18  -38 
-44  26  -6 
34  4  8 

//Reference=MNI 
//nullstudy_88
//Subjects=20
64  10  12 
2  38  52 
-36  -30  -12 
-40  -6  2 
-26  -36  62 
-20  -98  6 
-64  -52  8 
-20  -76  -54 

//Reference=MNI 
//nullstudy_89
//Subjects=19
-12  52  8 
52  12  -30 
2  2  0 
-26  -58  64 
-22  -2  8 
-42  -70  -36 
18  46  32 
-30  -70  -42 

//Reference=MNI 
//nullstudy_90
//Subjects=20
-4  -14  4 
14  70  8 
-46  16  6 
-8  -58  -32 
-36  -74  -10 
-32  -90  24 
-62  -46  32 
-4  -62  -28 

//Reference=MNI 
//nullstudy_91
//Subjects=21
-8  20  -28 
-42  48  8 
-18  -34  -4 
-30  -38  -42 
-24  -32  -30 
-10  -60  68 
-32  26  32 
-14  -72  16 

//Reference=MNI 
//nullstudy_92
//Subjects=20
-30  -26  54 
-46  -40  52 
-2  -20  52 
-60  0  40 
-64  -26  -12 
-8  8  42 
-4  -36  -10 
-34  -60  32 

//Reference=MNI 
//nullstudy_93
//Subjects=21
-36  -74  2 
-22  -26  64 
16  6  -12 
-2  -12  34 
-6  -36  -6 
-8  -36  80 
52  34  -8 
-62  -12  10 

//Reference=MNI 
//nullstudy_94
//Subjects=19
-12  -88  -26 
2  20  62 
8  8  -18 
-24  -6  10 
40  56  18 
26  40  -18 
-12  -16  -10 
-22  -20  72 

//Reference=MNI 
//nullstudy_95
//Subjects=21
-8  -64  -56 
-40  -38  24 
-6  -54  -20 
24  18  -30 
-2  4  0 
2  56  -18 
-14  -28  8 
30  54  0 

//Reference=MNI 
//nullstudy_96
//Subjects=20
-24  42  20 
28  56  28 
-38  -22  58 
-2  -46  8 
-38  -80  -42 
-26  36  36 
-12  -54  -62 
-42  -36  4 

//Reference=MNI 
//nullstudy_97
//Subjects=20
-8  48  10 
-40  -62  -48 
-14  -88  -42 
-18  -82  -18 
4  48  34 
-52  -44  -22 
-50  12  -24 
-18  -100  6 

//Reference=MNI 
//nullstudy_98
//Subjects=20
0  22  -24 
-68  -42  -10 
-28  16  -4 
16  16  8 
-26  -52  62 
48  16  22 
-42  10  -22 
46  10  18 

//Reference=MNI 
//nullstudy_99
//Subjects=21
-44  0  -42 
-44  -54  10 
-42  -20  -32 
44  2  6 
-60  -12  8 
-32  -88  30 
46  14  46 
-2  -48  -4 

//Reference=MNI 
//nullstudy_100
//Subjects=20
-40  34  24 
48  8  -22 
-10  0  -12 
-22  -2  -26 
18  64  -2 
-20  -80  28 
-6  -16  16 
-36  -74  8 

