//Reference=MNI 
//truestudy_1
//Subjects=30
46  -67  -7 
44  -65  -7 
47  -68  -5 
47  -66  -5 
46  -67  -6 
46  -66  -7 
46  -66  -6 
46  -65  -8 

//Reference=MNI 
//truestudy_2
//Subjects=29
46  -66  -6 
46  -67  -5 
45  -66  -5 
48  -66  -5 
46  -66  -5 
46  -67  -6 
45  -67  -5 
46  -67  -5 

//Reference=MNI 
//truestudy_3
//Subjects=30
45  -64  -7 
47  -66  -7 
45  -67  -5 
47  -66  -7 
46  -65  -7 
45  -66  -6 
46  -67  -6 
46  -67  -6 

//Reference=MNI 
//nullstudy_1
//Subjects=30
-36  -20  14 
-52  -64  -38 
-2  26  30 
-22  16  58 
-42  26  18 
-36  24  -6 
-54  28  -8 
-58  -56  -20 

//Reference=MNI 
//nullstudy_2
//Subjects=29
-44  -50  12 
8  40  6 
-54  -52  -28 
34  26  52 
-32  -98  6 
-2  -78  18 
-24  -54  -22 
10  46  -2 

//Reference=MNI 
//nullstudy_3
//Subjects=30
42  58  -10 
-10  -72  42 
8  68  -4 
40  58  14 
-56  -74  2 
-6  64  -10 
-26  56  -4 
-10  -72  -2 

//Reference=MNI 
//nullstudy_4
//Subjects=30
-16  -36  -36 
26  50  12 
38  40  8 
-28  52  -2 
-52  -60  8 
-42  -44  4 
-50  -2  -4 
-46  -38  62 

//Reference=MNI 
//nullstudy_5
//Subjects=29
2  58  6 
-2  -40  58 
60  28  8 
-16  -60  62 
-46  -56  2 
-8  54  12 
44  28  -14 
-52  -60  -8 

//Reference=MNI 
//nullstudy_6
//Subjects=30
-38  28  30 
6  66  -4 
4  2  50 
-12  -34  6 
-62  -12  -14 
16  14  -34 
26  58  4 
-6  -34  28 

//Reference=MNI 
//nullstudy_7
//Subjects=29
42  20  6 
-44  -56  -16 
-12  -60  -22 
-2  8  -20 
-8  16  52 
42  24  8 
-22  20  48 
-16  -6  -10 

//Reference=MNI 
//nullstudy_8
//Subjects=32
58  4  2 
-26  -48  -8 
-26  8  -36 
-10  -44  54 
-14  -4  78 
10  58  -10 
-32  -80  -2 
-6  52  16 

//Reference=MNI 
//nullstudy_9
//Subjects=30
-26  -74  24 
-24  -62  48 
-14  62  20 
-22  44  44 
-16  -6  62 
12  36  -2 
-66  -32  32 
-22  -78  -28 

//Reference=MNI 
//nullstudy_10
//Subjects=29
-16  26  -24 
-32  -70  52 
-12  -8  -26 
-26  -52  6 
10  40  42 
54  16  12 
34  32  20 
-24  -10  64 

//Reference=MNI 
//nullstudy_11
//Subjects=30
-46  -26  2 
6  18  68 
-36  -86  34 
-12  -92  -28 
-10  -34  48 
-34  -52  -60 
-22  -104  -10 
-6  70  10 

//Reference=MNI 
//nullstudy_12
//Subjects=30
-54  -20  -16 
-4  -76  -52 
-6  4  76 
-30  -60  -40 
-46  10  -26 
-26  -10  64 
-4  -30  -40 
-42  -46  -22 

//Reference=MNI 
//nullstudy_13
//Subjects=32
36  52  4 
-10  -68  6 
-38  -78  24 
-26  -58  12 
-34  -70  36 
-32  22  -12 
48  20  26 
-2  -56  -54 

//Reference=MNI 
//nullstudy_14
//Subjects=29
36  18  20 
-48  -16  46 
-6  22  60 
40  6  -18 
-18  -60  -34 
-40  34  -10 
-22  -52  10 
-18  0  -12 

//Reference=MNI 
//nullstudy_15
//Subjects=30
30  28  52 
-34  46  18 
-50  14  40 
-26  16  56 
-8  -82  30 
-20  -10  54 
-40  12  -2 
-22  -6  50 

//Reference=MNI 
//nullstudy_16
//Subjects=30
-52  0  38 
-34  -26  -24 
-52  36  8 
-34  -20  68 
2  54  20 
20  2  4 
-10  8  38 
-12  34  -28 

//Reference=MNI 
//nullstudy_17
//Subjects=30
-32  -80  26 
20  16  -6 
-8  0  -10 
-22  38  -20 
-12  -60  42 
-28  -94  0 
-2  24  56 
-8  -96  -10 

//Reference=MNI 
//nullstudy_18
//Subjects=31
46  20  28 
-30  -52  34 
-2  -74  -38 
-6  -60  44 
-46  18  -6 
4  42  38 
-22  -40  -54 
-2  -64  6 

//Reference=MNI 
//nullstudy_19
//Subjects=30
-20  -102  6 
60  12  28 
-2  -54  24 
-10  66  22 
-30  -8  2 
-10  -60  14 
-34  -26  62 
16  10  70 

//Reference=MNI 
//nullstudy_20
//Subjects=29
-20  28  36 
-6  -32  -40 
-14  -24  62 
12  20  52 
-38  -60  6 
-4  -100  20 
-22  -40  70 
36  28  38 

//Reference=MNI 
//nullstudy_21
//Subjects=30
36  12  -2 
36  34  -4 
-44  2  0 
-12  50  -24 
24  58  28 
-34  -20  -24 
48  2  20 
28  2  -42 

//Reference=MNI 
//nullstudy_22
//Subjects=30
-48  -22  36 
-20  -84  -14 
2  38  -22 
54  6  8 
-22  -90  18 
-16  -98  26 
-28  22  38 
-24  18  -6 

//Reference=MNI 
//nullstudy_23
//Subjects=30
-14  -96  18 
-46  -4  -20 
-2  -48  -64 
-28  -60  -2 
-16  -4  64 
-42  -74  -36 
-6  -60  40 
4  14  48 

//Reference=MNI 
//nullstudy_24
//Subjects=32
0  50  24 
20  56  -8 
-58  -36  32 
-6  -68  4 
-16  52  42 
-44  16  26 
-46  -2  -26 
-66  -46  -12 

//Reference=MNI 
//nullstudy_25
//Subjects=31
56  8  32 
6  2  40 
-40  34  42 
-30  -84  -38 
-16  -74  -4 
12  22  32 
-16  -4  -10 
-66  -42  28 

//Reference=MNI 
//nullstudy_26
//Subjects=31
-24  -44  64 
-2  -40  72 
-66  -10  -14 
-36  -72  -10 
-26  -12  60 
-46  46  8 
-52  28  10 
-36  -50  -38 

//Reference=MNI 
//nullstudy_27
//Subjects=31
-36  16  -36 
-24  -68  -10 
-2  24  52 
-38  10  48 
-32  -12  56 
-58  18  28 
-50  -16  48 
-6  -80  -30 

//Reference=MNI 
//nullstudy_28
//Subjects=31
-26  -14  52 
-26  -76  -24 
28  10  60 
-16  64  -14 
-12  16  -18 
-50  -4  -12 
-54  -42  50 
-6  -56  -24 

//Reference=MNI 
//nullstudy_29
//Subjects=30
16  8  -12 
-2  -78  -30 
-36  -32  12 
-22  -54  48 
-40  -30  -14 
46  26  22 
10  14  62 
-18  -78  -46 

//Reference=MNI 
//nullstudy_30
//Subjects=32
-10  -48  -38 
-18  18  -8 
38  12  58 
48  16  48 
0  2  4 
-2  -10  -20 
6  18  28 
26  24  60 

//Reference=MNI 
//nullstudy_31
//Subjects=32
24  28  36 
32  12  30 
18  16  54 
0  46  -4 
-44  -46  18 
-40  -22  -22 
-10  -14  -20 
-56  -52  -14 

//Reference=MNI 
//nullstudy_32
//Subjects=30
-6  -34  66 
-58  -54  6 
-22  -84  28 
-30  56  -8 
-46  -24  -10 
-26  -60  -52 
-6  -46  22 
-54  26  22 

//Reference=MNI 
//nullstudy_33
//Subjects=31
-4  -88  -2 
-56  -14  18 
-44  4  8 
0  28  60 
-18  -40  -12 
-42  12  52 
-38  -12  62 
-50  -6  -32 

//Reference=MNI 
//nullstudy_34
//Subjects=31
-32  -92  -18 
-2  4  46 
-14  -78  -10 
-12  38  44 
-12  -72  52 
42  34  12 
-20  -14  -14 
-36  -14  60 

//Reference=MNI 
//nullstudy_35
//Subjects=30
-58  -54  8 
-38  -48  -32 
-26  60  -8 
-8  54  18 
50  22  16 
22  16  -28 
-54  -40  28 
-26  10  52 

//Reference=MNI 
//nullstudy_36
//Subjects=30
-30  4  -6 
-18  -26  12 
-28  -68  28 
16  44  32 
-18  -18  70 
-32  -18  -26 
-20  -50  -14 
16  36  50 

//Reference=MNI 
//nullstudy_37
//Subjects=30
-42  -52  36 
-8  54  -28 
-6  -56  10 
-34  16  -32 
42  24  38 
-6  42  -28 
-10  -8  38 
-60  8  32 

//Reference=MNI 
//nullstudy_38
//Subjects=31
-32  -62  -30 
-46  26  44 
-6  -34  78 
-30  -94  -12 
-40  -46  -56 
-28  56  12 
-18  -62  68 
38  46  -2 

//Reference=MNI 
//nullstudy_39
//Subjects=31
-34  -44  -54 
6  54  24 
-16  16  70 
10  12  -16 
52  12  -36 
26  56  0 
-12  -20  16 
24  24  38 

//Reference=MNI 
//nullstudy_40
//Subjects=29
-48  -24  12 
-20  -82  -52 
-4  -14  18 
46  44  4 
-64  -28  6 
24  62  14 
-6  -18  52 
-28  -62  -28 

//Reference=MNI 
//nullstudy_41
//Subjects=29
-36  -30  18 
-14  -66  64 
-2  -4  16 
-34  -60  62 
-2  -30  80 
-4  -46  -66 
-36  2  16 
-2  46  -26 

//Reference=MNI 
//nullstudy_42
//Subjects=29
48  38  4 
26  20  46 
36  10  4 
-28  18  -44 
2  30  60 
-58  -2  -4 
-40  -72  -24 
-34  40  16 

//Reference=MNI 
//nullstudy_43
//Subjects=29
42  16  -36 
52  4  44 
22  32  58 
-48  -34  30 
-46  -66  2 
28  22  36 
-12  20  52 
-20  -74  50 

//Reference=MNI 
//nullstudy_44
//Subjects=31
-32  -60  36 
16  70  -6 
-24  -66  -6 
36  24  8 
-4  6  42 
-58  -44  24 
16  10  60 
-4  0  60 

//Reference=MNI 
//nullstudy_45
//Subjects=31
-28  -36  68 
-50  30  30 
-46  -66  -12 
54  10  8 
-46  -60  10 
-30  28  52 
-12  50  38 
26  16  -30 

//Reference=MNI 
//nullstudy_46
//Subjects=31
-30  -28  54 
-44  -2  50 
-2  -38  40 
-12  50  -22 
-2  -52  24 
20  10  64 
-44  -22  54 
-40  38  10 

//Reference=MNI 
//nullstudy_47
//Subjects=29
-8  -36  -8 
20  54  -10 
-26  -52  -36 
-60  -56  -8 
-58  -64  -24 
-14  -4  22 
26  6  8 
46  42  20 

//Reference=MNI 
//nullstudy_48
//Subjects=29
-42  -24  60 
-8  -82  -12 
-44  -32  62 
-24  -38  54 
-48  -66  -40 
58  24  -2 
2  30  36 
-10  -34  -2 

//Reference=MNI 
//nullstudy_49
//Subjects=29
-58  14  22 
-12  54  -6 
-60  -8  4 
-24  -56  -6 
-28  -22  -32 
-56  -8  12 
32  40  12 
34  2  60 

//Reference=MNI 
//nullstudy_50
//Subjects=30
-34  -80  38 
-32  -2  -38 
40  12  -18 
-22  -76  -12 
-54  34  8 
-38  -40  22 
64  2  -20 
-2  -22  -4 

//Reference=MNI 
//nullstudy_51
//Subjects=30
36  62  10 
-58  26  8 
18  16  -18 
-46  -44  -22 
-16  30  48 
-44  -16  -40 
8  46  -22 
-6  -98  14 

//Reference=MNI 
//nullstudy_52
//Subjects=29
-14  6  -26 
-32  -30  58 
46  8  4 
-12  -30  -2 
-22  -92  -14 
-2  26  24 
-44  -66  -6 
-34  -40  68 

//Reference=MNI 
//nullstudy_53
//Subjects=32
-30  -76  10 
-30  6  -40 
-10  58  38 
-44  -42  -34 
-2  -78  52 
-30  32  -20 
-8  -100  -14 
-4  16  28 

//Reference=MNI 
//nullstudy_54
//Subjects=30
-22  -90  20 
-2  -54  -64 
-6  -18  -18 
-62  -26  -26 
-18  50  44 
-16  -82  -20 
-52  -44  22 
42  40  24 

//Reference=MNI 
//nullstudy_55
//Subjects=29
-32  22  -8 
-10  -62  -32 
-10  -86  10 
-32  52  32 
-52  -54  -28 
-58  -30  24 
-22  62  8 
-34  26  24 

//Reference=MNI 
//nullstudy_56
//Subjects=31
-48  -22  -2 
38  10  -44 
-60  -36  -18 
-24  -34  -48 
8  10  18 
4  36  -18 
-48  8  48 
0  6  62 

//Reference=MNI 
//nullstudy_57
//Subjects=30
-44  -44  38 
8  2  50 
-26  56  30 
-42  -74  34 
-20  20  -26 
30  10  60 
-48  -78  30 
-52  -42  -14 

//Reference=MNI 
//nullstudy_58
//Subjects=29
-6  -84  -38 
-6  -16  16 
-44  -32  48 
-48  0  16 
-8  -50  -4 
-16  -92  18 
-26  30  34 
-14  -50  52 

//Reference=MNI 
//nullstudy_59
//Subjects=30
2  44  -28 
34  36  -10 
-18  -58  -4 
-10  -66  64 
-8  -46  58 
-16  40  52 
-8  -34  28 
-46  -24  10 

//Reference=MNI 
//nullstudy_60
//Subjects=30
-54  -32  2 
-46  -18  36 
-42  8  60 
-48  -82  -12 
-10  -6  38 
12  4  74 
-32  -86  34 
14  60  -12 

//Reference=MNI 
//nullstudy_61
//Subjects=30
52  20  -28 
-26  -66  46 
-2  -16  44 
-48  46  -4 
-50  -50  -22 
28  16  48 
-30  38  14 
4  2  22 

//Reference=MNI 
//nullstudy_62
//Subjects=31
-26  -82  -8 
-38  -42  -36 
-10  -90  32 
-22  -92  -14 
-28  64  0 
-34  -52  0 
-2  -78  -16 
-30  -70  54 

//Reference=MNI 
//nullstudy_63
//Subjects=29
-36  -10  48 
28  2  -6 
-26  -100  -16 
-14  -68  -24 
-16  10  62 
-50  -52  -14 
-6  -10  24 
-58  -54  -12 

//Reference=MNI 
//nullstudy_64
//Subjects=30
-36  -74  -34 
-2  20  46 
-4  28  -8 
12  4  -30 
-40  18  34 
-12  -44  -12 
-20  -12  -42 
-28  6  -18 

//Reference=MNI 
//nullstudy_65
//Subjects=29
6  24  26 
2  64  -10 
-44  22  -28 
-22  -60  52 
4  54  22 
48  24  4 
62  18  14 
-8  -30  -6 

//Reference=MNI 
//nullstudy_66
//Subjects=31
-10  -48  -8 
28  2  -48 
-38  -82  36 
-18  -36  -42 
4  60  2 
0  14  2 
54  12  44 
-56  -50  26 

//Reference=MNI 
//nullstudy_67
//Subjects=30
-12  -68  42 
-34  54  -12 
-56  -28  36 
44  18  -20 
4  18  -24 
-62  -4  36 
2  28  -26 
-16  30  -4 

//Reference=MNI 
//nullstudy_68
//Subjects=31
-54  30  4 
-52  -30  48 
-20  -48  56 
-32  -54  52 
8  46  46 
-36  -28  -8 
-4  34  38 
-26  -6  -36 

//Reference=MNI 
//nullstudy_69
//Subjects=30
46  30  6 
-44  -78  26 
-8  -58  26 
-42  -4  -44 
-4  26  64 
-54  -20  -18 
-46  8  28 
-12  2  12 

//Reference=MNI 
//nullstudy_70
//Subjects=30
-32  -42  -10 
-32  26  2 
-10  -90  30 
-16  -30  34 
-48  14  -26 
-64  -22  12 
32  8  8 
2  38  -24 

//Reference=MNI 
//nullstudy_71
//Subjects=31
54  8  22 
-20  -92  10 
-16  -78  2 
-54  -6  -10 
-34  -68  56 
-2  -28  2 
-10  32  -22 
-14  22  60 

//Reference=MNI 
//nullstudy_72
//Subjects=30
-52  -50  14 
-20  -28  6 
-40  -66  24 
-34  4  32 
-36  -68  22 
-34  54  28 
46  16  26 
-56  4  12 

//Reference=MNI 
//nullstudy_73
//Subjects=31
-56  -10  28 
40  40  40 
-14  -56  -2 
34  52  14 
14  10  16 
-8  -64  32 
-8  -44  -64 
-20  48  22 

//Reference=MNI 
//nullstudy_74
//Subjects=31
-52  -24  8 
-14  -22  72 
44  26  18 
-18  -74  44 
-14  54  36 
44  10  -2 
-56  -66  0 
-38  16  50 

//Reference=MNI 
//nullstudy_75
//Subjects=30
-62  -16  26 
-62  -40  26 
-46  20  10 
-48  -48  -4 
-8  -62  -10 
-56  -64  12 
18  30  38 
-18  -40  -26 

//Reference=MNI 
//nullstudy_76
//Subjects=31
32  12  46 
-46  24  30 
-28  -8  -6 
-40  -10  32 
26  56  -20 
6  4  38 
-20  18  44 
62  2  8 

//Reference=MNI 
//nullstudy_77
//Subjects=31
-18  -54  -56 
22  16  56 
-14  -32  36 
44  34  22 
-46  -20  -36 
-12  -74  18 
-38  -60  56 
-18  -84  44 

//Reference=MNI 
//nullstudy_78
//Subjects=29
-68  -32  -20 
28  6  0 
-32  -78  16 
-8  -30  -24 
-44  -6  8 
-28  12  -34 
0  24  -14 
-28  54  -18 

//Reference=MNI 
//nullstudy_79
//Subjects=30
-26  -42  -58 
-48  -64  -2 
-8  2  -14 
-56  22  2 
30  24  10 
-4  -66  66 
-6  -8  76 
18  30  -26 

//Reference=MNI 
//nullstudy_80
//Subjects=28
6  18  66 
-6  6  4 
-42  -52  32 
38  12  -36 
-18  -66  -12 
-66  -30  -20 
-2  -26  8 
-46  -38  2 

//Reference=MNI 
//nullstudy_81
//Subjects=30
-8  -50  -22 
-12  10  54 
38  2  -22 
-46  -32  -20 
-24  -60  -54 
-54  -30  -20 
6  16  48 
-10  26  -24 

//Reference=MNI 
//nullstudy_82
//Subjects=31
-40  42  2 
64  4  -10 
-30  -12  64 
32  14  58 
-16  -14  18 
-16  -68  -32 
-40  -34  22 
26  50  40 

//Reference=MNI 
//nullstudy_83
//Subjects=30
-24  -74  26 
-18  -38  -38 
-60  -58  10 
42  44  -2 
-16  -64  48 
60  10  8 
14  24  -24 
-32  -62  -56 

//Reference=MNI 
//nullstudy_84
//Subjects=31
34  2  -2 
20  12  -36 
10  60  -6 
-12  0  -8 
-8  -52  60 
-54  -14  -18 
-2  -42  -42 
-30  2  68 

//Reference=MNI 
//nullstudy_85
//Subjects=31
34  50  22 
-10  8  -16 
-44  -68  48 
-22  6  -6 
-4  -12  68 
-32  -88  6 
52  4  -8 
-18  18  46 

//Reference=MNI 
//nullstudy_86
//Subjects=29
-20  -44  -22 
-4  28  -12 
2  32  -14 
-14  -66  38 
-6  -78  -16 
-16  -18  -32 
-28  -56  -24 
-34  -46  -58 

//Reference=MNI 
//nullstudy_87
//Subjects=29
-60  -28  42 
0  36  22 
-8  -64  -20 
-40  -50  52 
-64  -10  -8 
58  4  40 
36  32  20 
-12  28  -20 

//Reference=MNI 
//nullstudy_88
//Subjects=30
-48  -48  24 
-46  -50  34 
-6  -64  -28 
-10  -34  -26 
-34  32  -14 
-4  -14  64 
40  8  28 
-4  -66  -50 

//Reference=MNI 
//nullstudy_89
//Subjects=29
-28  -76  50 
-48  -68  10 
-24  48  6 
-28  -12  -4 
-54  -12  46 
26  20  50 
46  10  12 
-60  -10  14 

//Reference=MNI 
//nullstudy_90
//Subjects=29
-14  4  -38 
18  6  -16 
-50  -36  40 
-34  -48  48 
8  42  18 
-60  -40  -18 
6  50  18 
-10  44  -12 

//Reference=MNI 
//nullstudy_91
//Subjects=29
12  58  38 
28  2  -42 
-18  6  58 
50  10  -42 
-10  48  -24 
-36  28  50 
-16  40  -20 
24  14  -22 

//Reference=MNI 
//nullstudy_92
//Subjects=28
-14  -6  18 
10  6  -8 
-2  -16  44 
-34  26  42 
-50  -42  54 
-2  -44  72 
-32  12  0 
-38  28  28 

//Reference=MNI 
//nullstudy_93
//Subjects=30
-48  -4  -12 
-14  -84  -24 
-18  -100  -14 
42  8  26 
-4  -66  2 
-6  -16  -30 
-12  -92  -12 
-44  -80  6 

//Reference=MNI 
//nullstudy_94
//Subjects=32
-48  -8  -32 
-4  -46  12 
-48  -38  28 
-22  -66  56 
2  8  0 
18  68  4 
18  34  54 
36  52  8 

//Reference=MNI 
//nullstudy_95
//Subjects=29
-24  -72  40 
-6  -94  -14 
-2  -48  62 
-50  -70  30 
-14  -66  -18 
2  46  28 
-50  -50  6 
-20  -92  -12 

//Reference=MNI 
//nullstudy_96
//Subjects=32
-16  -76  12 
-38  18  30 
-38  22  -32 
-4  52  -28 
-16  2  18 
-34  -18  -20 
-24  -68  -56 
-28  30  54 

//Reference=MNI 
//nullstudy_97
//Subjects=28
-2  -46  -26 
0  4  68 
-24  -92  -2 
16  10  68 
-32  4  60 
-40  -10  18 
30  52  -6 
-16  54  24 

//Reference=MNI 
//nullstudy_98
//Subjects=30
-22  -32  -42 
-32  -64  58 
-8  -34  54 
34  16  46 
-18  4  -34 
-8  -90  10 
24  6  0 
-12  -40  -28 

//Reference=MNI 
//nullstudy_99
//Subjects=29
-20  0  -4 
-56  -12  42 
-10  52  46 
-30  -16  -32 
-30  0  -48 
-28  -38  46 
36  26  36 
-8  -12  18 

//Reference=MNI 
//nullstudy_100
//Subjects=28
-4  -104  2 
-20  48  22 
-48  -2  -22 
-14  -80  -42 
26  60  -14 
-54  -66  12 
24  10  -4 
22  64  22 

