//Reference=MNI 
//truestudy_1
//Subjects=20
44  -66  -5 
47  -66  -4 
45  -66  -7 
46  -66  -4 
45  -65  -6 
44  -66  -5 
46  -64  -7 
46  -67  -6 

//Reference=MNI 
//truestudy_2
//Subjects=19
46  -67  -4 
46  -66  -6 
45  -67  -8 
46  -66  -6 
44  -65  -6 
44  -64  -6 
47  -64  -4 
47  -68  -4 

//Reference=MNI 
//truestudy_3
//Subjects=20
46  -65  -6 
46  -68  -6 
46  -64  -5 
44  -66  -5 
46  -67  -7 
46  -66  -5 
44  -64  -5 
44  -63  -7 

//Reference=MNI 
//nullstudy_1
//Subjects=20
-10  -82  -30 
-56  -10  40 
-4  -18  -22 
-64  -54  2 
-30  -62  -22 
-36  6  -36 
-60  8  24 
-22  -52  -12 

//Reference=MNI 
//nullstudy_2
//Subjects=19
-26  -46  -2 
-10  -78  -4 
46  4  -46 
-14  -42  -12 
32  10  -30 
-4  -52  -60 
-18  -86  28 
-24  -64  42 

//Reference=MNI 
//nullstudy_3
//Subjects=20
-46  -12  0 
6  34  20 
-2  14  0 
-14  -42  -62 
-8  28  44 
-36  -62  20 
22  58  20 
-26  -68  -56 

//Reference=MNI 
//nullstudy_4
//Subjects=20
-42  -38  -18 
-26  26  50 
-42  -16  56 
-54  2  30 
-46  -8  -4 
20  40  52 
-28  16  -22 
-6  -46  22 

//Reference=MNI 
//nullstudy_5
//Subjects=19
-8  -26  0 
40  4  -28 
-6  -82  -16 
-22  -20  60 
-24  8  -38 
-24  -54  -44 
-18  42  -24 
-42  0  24 

//Reference=MNI 
//nullstudy_6
//Subjects=18
-42  -8  40 
-8  8  -8 
-30  -36  38 
-2  20  10 
-16  -30  -44 
-48  6  34 
-34  -88  -32 
20  52  14 

//Reference=MNI 
//nullstudy_7
//Subjects=21
-40  -48  46 
28  6  -12 
4  12  34 
-4  44  18 
-22  -70  42 
-8  -58  34 
-42  12  -8 
32  34  2 

//Reference=MNI 
//nullstudy_8
//Subjects=20
-28  -60  30 
-16  52  -22 
-10  -82  -24 
-8  30  -14 
-22  -56  -54 
20  8  -44 
-14  -74  44 
-4  -50  6 

//Reference=MNI 
//nullstudy_9
//Subjects=20
-56  -14  24 
-54  -26  -2 
-24  -96  12 
-26  -24  70 
-46  -26  24 
66  4  22 
-12  -58  -62 
-4  48  44 

//Reference=MNI 
//nullstudy_10
//Subjects=19
-34  -52  54 
-2  64  16 
-40  -72  -28 
40  56  -6 
-38  38  -14 
46  8  -40 
-22  -68  0 
-50  -12  -42 

//Reference=MNI 
//nullstudy_11
//Subjects=21
-8  -28  -10 
-16  16  58 
-6  -26  36 
-66  -48  -2 
-18  56  -10 
-18  -72  -2 
-12  -42  -12 
-14  -50  62 

//Reference=MNI 
//nullstudy_12
//Subjects=19
54  4  -16 
0  8  72 
-40  20  42 
-8  6  22 
22  4  -12 
18  50  26 
-46  -70  26 
-16  -68  -48 

//Reference=MNI 
//nullstudy_13
//Subjects=21
-20  52  32 
2  50  -8 
-40  -72  0 
-68  -16  -4 
-24  -16  68 
-4  -76  -20 
-4  40  0 
-42  -16  36 

//Reference=MNI 
//nullstudy_14
//Subjects=20
-18  -58  50 
-32  32  36 
-20  18  -2 
46  4  -18 
-6  -68  -36 
-44  -6  -30 
-36  -34  -22 
-12  -42  -16 

//Reference=MNI 
//nullstudy_15
//Subjects=21
-60  -42  20 
28  54  22 
50  14  28 
-10  -52  12 
-14  -18  36 
-46  -46  42 
-16  -28  -34 
34  16  -14 

//Reference=MNI 
//nullstudy_16
//Subjects=22
10  34  32 
-28  -22  68 
-6  -16  -40 
-14  -78  -4 
-42  -70  -36 
8  34  -12 
-28  -38  56 
44  46  -6 

//Reference=MNI 
//nullstudy_17
//Subjects=21
-28  6  -36 
-44  4  58 
-24  -36  18 
-60  -20  24 
-26  6  -34 
-28  -30  70 
14  32  56 
-40  -24  68 

//Reference=MNI 
//nullstudy_18
//Subjects=19
-62  -48  -6 
-50  -2  -10 
-30  -24  -12 
-48  -24  -24 
-42  -28  -18 
-18  -80  -26 
-28  26  -22 
24  16  -32 

//Reference=MNI 
//nullstudy_19
//Subjects=20
-10  6  12 
-16  48  -14 
-10  -92  0 
50  46  -6 
-26  62  6 
-28  -8  -10 
30  14  64 
-20  46  -16 

//Reference=MNI 
//nullstudy_20
//Subjects=20
2  8  18 
-38  -82  -36 
-26  44  -10 
-42  -26  14 
-12  -28  -8 
0  20  40 
20  48  -22 
-10  -98  2 

//Reference=MNI 
//nullstudy_21
//Subjects=20
-54  -68  -30 
-12  8  46 
48  22  44 
-18  -54  -10 
-4  8  -14 
0  44  -28 
-16  -82  -52 
-12  -46  28 

//Reference=MNI 
//nullstudy_22
//Subjects=19
20  12  -16 
-8  -34  -4 
-36  16  32 
26  18  -12 
22  6  -44 
-6  -24  30 
-68  -48  0 
-6  26  26 

//Reference=MNI 
//nullstudy_23
//Subjects=21
8  66  6 
-8  -66  46 
-6  -86  -46 
-16  -14  78 
6  46  50 
-26  -30  74 
-68  -22  -2 
-20  -56  44 

//Reference=MNI 
//nullstudy_24
//Subjects=21
-32  -68  -24 
10  54  4 
58  8  8 
-52  -20  12 
-26  -18  -12 
-8  -40  -36 
-32  26  -2 
14  64  22 

//Reference=MNI 
//nullstudy_25
//Subjects=21
-16  -90  10 
-60  -32  30 
-20  -14  -36 
-62  -48  -22 
-60  -20  26 
-40  30  44 
-2  40  16 
-10  -84  -28 

//Reference=MNI 
//nullstudy_26
//Subjects=21
2  2  -8 
-22  -46  -60 
-22  -74  -22 
32  16  24 
-46  8  36 
24  4  -36 
-32  -16  14 
20  22  -14 

//Reference=MNI 
//nullstudy_27
//Subjects=19
-12  -42  -52 
-6  -84  26 
36  8  -8 
26  2  -44 
-24  36  -12 
-18  -26  72 
12  40  48 
16  66  -16 

//Reference=MNI 
//nullstudy_28
//Subjects=20
-44  -48  56 
2  22  56 
-14  38  -18 
14  40  40 
50  46  12 
-24  -72  40 
40  16  -26 
-56  22  14 

//Reference=MNI 
//nullstudy_29
//Subjects=21
-52  32  14 
-16  -66  -36 
20  14  4 
18  62  -14 
-12  -46  -8 
-14  -60  -6 
-32  26  56 
-6  -62  -20 

//Reference=MNI 
//nullstudy_30
//Subjects=20
2  42  18 
-8  50  2 
-46  -76  -40 
-32  -2  -30 
-10  -88  -32 
-10  -2  42 
4  6  56 
-8  -60  68 

//Reference=MNI 
//nullstudy_31
//Subjects=19
-48  -24  -8 
8  56  -14 
-62  -52  32 
-34  -4  64 
-12  40  30 
16  14  -12 
-2  -52  -68 
-54  -58  -18 

//Reference=MNI 
//nullstudy_32
//Subjects=20
30  26  52 
36  36  -16 
-38  -26  -30 
-18  18  -28 
-62  -64  0 
14  36  54 
-40  10  36 
-48  -38  -32 

//Reference=MNI 
//nullstudy_33
//Subjects=20
-6  -52  -36 
-36  -56  30 
-4  50  -4 
-6  24  36 
-30  -90  26 
-30  42  28 
-4  -12  14 
-42  -74  -44 

//Reference=MNI 
//nullstudy_34
//Subjects=21
-68  -28  10 
-50  -34  24 
-20  -74  -32 
-4  44  38 
-24  -50  -50 
-12  42  -18 
-6  -54  10 
10  20  40 

//Reference=MNI 
//nullstudy_35
//Subjects=21
-22  -18  60 
-6  16  -4 
-46  -50  12 
12  28  -20 
-24  -44  -36 
56  8  -28 
42  32  18 
-36  32  20 

//Reference=MNI 
//nullstudy_36
//Subjects=20
-30  -72  40 
-16  -18  28 
-12  -62  66 
-2  20  44 
-46  20  -16 
-60  -2  40 
-34  -24  -32 
10  20  -6 

//Reference=MNI 
//nullstudy_37
//Subjects=20
30  12  -34 
-20  -36  -42 
-54  -62  6 
-26  -74  -46 
2  4  -32 
-2  -58  -36 
-30  -28  52 
58  8  -10 

//Reference=MNI 
//nullstudy_38
//Subjects=20
-68  -44  2 
-30  26  40 
-34  -34  62 
-68  -14  26 
-30  -58  -42 
-52  -34  34 
-40  18  24 
-60  -20  22 

//Reference=MNI 
//nullstudy_39
//Subjects=21
0  12  56 
-32  -80  -44 
16  2  -2 
-22  40  36 
40  4  46 
-50  14  -8 
-10  -20  -16 
-42  2  4 

//Reference=MNI 
//nullstudy_40
//Subjects=19
-26  58  2 
36  20  20 
-2  -60  -4 
-14  50  -2 
-8  6  -32 
12  20  14 
8  54  -16 
-44  34  18 

//Reference=MNI 
//nullstudy_41
//Subjects=18
-48  28  32 
18  54  -12 
-16  -72  -52 
-22  -12  -16 
-30  32  4 
-60  18  20 
-54  -34  50 
-30  -10  60 

//Reference=MNI 
//nullstudy_42
//Subjects=21
-58  -42  14 
-6  -28  -40 
-14  48  2 
-60  -62  6 
-38  28  0 
-30  -68  26 
-42  24  2 
30  16  54 

//Reference=MNI 
//nullstudy_43
//Subjects=18
-24  38  -20 
-42  40  30 
36  38  40 
-2  -30  58 
-14  -38  -26 
-30  -20  66 
-56  24  24 
8  22  8 

//Reference=MNI 
//nullstudy_44
//Subjects=18
-8  -72  2 
-16  -50  -30 
36  22  -26 
-10  50  -22 
14  10  72 
-14  -8  16 
-46  -70  -26 
-22  4  2 

//Reference=MNI 
//nullstudy_45
//Subjects=19
-54  -8  -20 
54  12  -30 
-18  44  -20 
-12  -66  4 
20  40  -12 
-50  -30  40 
-4  -64  32 
-14  26  0 

//Reference=MNI 
//nullstudy_46
//Subjects=19
52  8  12 
6  28  42 
-12  -48  34 
18  64  -14 
54  34  4 
-36  -94  -14 
-12  -94  -20 
-26  -64  28 

//Reference=MNI 
//nullstudy_47
//Subjects=21
60  24  22 
-10  2  38 
-18  20  54 
-52  -72  34 
34  10  42 
-60  -26  2 
-32  -62  -28 
10  12  14 

//Reference=MNI 
//nullstudy_48
//Subjects=20
50  12  48 
0  4  -4 
36  14  36 
22  40  -16 
42  46  32 
-10  62  -4 
4  32  10 
-30  -40  -48 

//Reference=MNI 
//nullstudy_49
//Subjects=19
-38  -4  36 
-14  -82  18 
-6  -60  70 
24  4  50 
-52  -42  50 
-28  -6  0 
54  12  -30 
18  32  -28 

//Reference=MNI 
//nullstudy_50
//Subjects=18
-38  16  -32 
-24  -38  58 
8  18  24 
-24  4  -6 
-34  -38  -18 
-38  -12  -40 
-56  20  -4 
-18  26  0 

//Reference=MNI 
//nullstudy_51
//Subjects=20
-64  -30  -16 
-46  14  34 
-58  -28  24 
-20  4  -12 
-14  -92  -38 
-12  -26  -44 
-50  -26  50 
-20  -4  74 

//Reference=MNI 
//nullstudy_52
//Subjects=20
-40  -66  -54 
-56  -34  8 
-18  -48  -8 
-2  -78  6 
-6  32  -22 
30  14  34 
-22  -32  -34 
-50  -56  6 

//Reference=MNI 
//nullstudy_53
//Subjects=21
40  42  -2 
-36  -56  -44 
12  6  10 
-48  -14  -12 
24  52  14 
48  12  24 
26  36  38 
-40  -90  -16 

//Reference=MNI 
//nullstudy_54
//Subjects=21
34  2  52 
-56  -24  30 
56  20  34 
28  32  -14 
-14  4  -26 
10  60  20 
-50  10  2 
-32  0  6 

//Reference=MNI 
//nullstudy_55
//Subjects=21
30  16  6 
-42  -46  58 
-4  -50  46 
-2  -4  16 
-18  50  -18 
-12  48  14 
-62  -22  -22 
-34  -8  -26 

//Reference=MNI 
//nullstudy_56
//Subjects=20
30  44  -12 
6  18  -18 
0  38  42 
-12  -28  14 
28  14  42 
24  14  -16 
-56  0  12 
-36  -78  -18 

//Reference=MNI 
//nullstudy_57
//Subjects=19
-4  38  -2 
-24  -90  -18 
-36  8  -26 
-4  -84  -10 
-18  -56  46 
-2  22  26 
-40  14  8 
-24  -82  42 

//Reference=MNI 
//nullstudy_58
//Subjects=20
-6  -10  50 
14  66  -12 
14  20  66 
-10  56  26 
-54  -4  8 
-58  -34  46 
22  48  42 
12  58  0 

//Reference=MNI 
//nullstudy_59
//Subjects=21
18  50  26 
-34  18  52 
-18  4  -2 
0  36  48 
-40  0  -46 
-12  -94  34 
-8  -56  -16 
-42  -58  -50 

//Reference=MNI 
//nullstudy_60
//Subjects=22
-62  -12  14 
-28  -66  56 
-28  -2  -10 
-8  -66  -10 
-64  -30  -10 
-14  -52  -16 
4  58  24 
-6  -50  -14 

//Reference=MNI 
//nullstudy_61
//Subjects=21
-18  26  -24 
28  40  30 
16  42  -6 
-18  -28  22 
-48  -2  -40 
-14  -102  -2 
-34  -18  52 
-52  -58  -4 

//Reference=MNI 
//nullstudy_62
//Subjects=19
30  54  16 
-36  12  -22 
-34  22  32 
-42  22  -34 
-52  -62  -20 
-24  -78  -8 
4  10  52 
-42  -20  -38 

//Reference=MNI 
//nullstudy_63
//Subjects=20
36  62  4 
-44  -56  -12 
-8  -32  -10 
-44  44  2 
-24  42  28 
-48  -38  40 
-38  -14  0 
46  4  56 

//Reference=MNI 
//nullstudy_64
//Subjects=21
-2  0  66 
-12  20  4 
-12  -80  -44 
-6  66  26 
-44  2  18 
54  14  18 
-4  -48  -6 
34  4  56 

//Reference=MNI 
//nullstudy_65
//Subjects=19
2  8  16 
-50  2  0 
-8  -38  -20 
-52  -62  -42 
-4  14  -4 
-56  -12  -10 
4  18  0 
-12  -2  44 

//Reference=MNI 
//nullstudy_66
//Subjects=20
-10  34  52 
48  6  26 
-16  -50  8 
12  46  12 
-4  -74  8 
-60  6  34 
30  4  -34 
-8  -38  -36 

//Reference=MNI 
//nullstudy_67
//Subjects=20
-50  -6  8 
-48  16  20 
10  66  0 
58  10  -20 
-40  48  20 
-62  -6  28 
-24  -6  -12 
-22  -40  14 

//Reference=MNI 
//nullstudy_68
//Subjects=21
16  6  58 
-40  -56  30 
-52  -72  28 
-12  -80  28 
-52  -56  8 
-10  54  -4 
-68  -46  12 
-4  2  66 

//Reference=MNI 
//nullstudy_69
//Subjects=19
-22  40  44 
-30  44  -10 
-50  -56  4 
-2  12  56 
-22  -94  -20 
-30  18  -24 
28  30  -22 
-38  -48  66 

//Reference=MNI 
//nullstudy_70
//Subjects=21
-34  30  -18 
-12  8  -26 
-54  -16  26 
-2  24  -2 
-12  -62  -14 
-4  -6  22 
-56  -18  -30 
-44  -68  44 

//Reference=MNI 
//nullstudy_71
//Subjects=20
-30  -16  66 
-26  46  -8 
-24  -60  -52 
-62  -14  28 
-8  -8  -34 
-20  -40  64 
-16  -86  -18 
-24  22  38 

//Reference=MNI 
//nullstudy_72
//Subjects=19
-20  56  -18 
-6  -86  10 
-36  -82  -42 
-48  -44  -2 
-2  6  66 
-30  -8  -38 
-14  -62  -8 
20  16  -32 

//Reference=MNI 
//nullstudy_73
//Subjects=20
-40  6  -36 
-36  28  -22 
12  10  64 
12  52  16 
-62  -54  12 
-28  -10  50 
-34  -62  -38 
-18  -14  76 

//Reference=MNI 
//nullstudy_74
//Subjects=19
-4  26  14 
66  6  22 
28  42  26 
-8  36  -16 
-30  40  20 
4  60  38 
-22  -74  -42 
-50  16  -18 

//Reference=MNI 
//nullstudy_75
//Subjects=21
-4  -36  -52 
12  24  66 
-52  -72  6 
-40  22  -16 
-48  -24  24 
20  34  30 
6  26  46 
-34  8  36 

//Reference=MNI 
//nullstudy_76
//Subjects=19
-40  -4  42 
-58  -14  22 
-34  -36  50 
-26  8  -42 
-10  -44  66 
38  44  22 
2  36  46 
-44  26  14 

//Reference=MNI 
//nullstudy_77
//Subjects=19
-50  -58  28 
-58  -48  -16 
-18  -58  26 
-28  64  4 
-46  6  0 
-22  -10  -26 
-20  -92  -32 
14  10  68 

//Reference=MNI 
//nullstudy_78
//Subjects=21
-58  -42  14 
-44  34  6 
-12  -76  -20 
-24  -28  68 
-20  -66  -8 
46  22  -12 
-42  -8  -32 
-34  -62  -8 

//Reference=MNI 
//nullstudy_79
//Subjects=20
-12  40  24 
-30  -18  -38 
8  8  60 
-32  -40  -30 
14  32  26 
-68  -40  24 
-42  -26  -32 
38  56  22 

//Reference=MNI 
//nullstudy_80
//Subjects=19
-36  32  0 
-54  -18  -24 
24  34  40 
-18  52  -6 
52  42  14 
16  22  -24 
-44  -38  34 
-48  6  20 

//Reference=MNI 
//nullstudy_81
//Subjects=20
-34  16  -4 
-8  -58  12 
-34  -44  -32 
-4  -36  62 
50  46  2 
-48  -68  -36 
-10  -54  14 
-56  -54  48 

//Reference=MNI 
//nullstudy_82
//Subjects=20
-16  -32  -34 
-30  -78  14 
-46  -26  40 
-26  22  -10 
-32  -20  12 
-24  -22  60 
-8  -32  -44 
-24  16  -42 

//Reference=MNI 
//nullstudy_83
//Subjects=19
-64  -28  28 
36  18  -12 
-64  -52  14 
-38  -18  -18 
-24  -66  -2 
24  30  -18 
60  4  -4 
-12  34  -18 

//Reference=MNI 
//nullstudy_84
//Subjects=21
10  70  4 
-26  -4  -10 
30  46  4 
-52  -44  34 
-42  -90  -10 
-26  16  2 
-20  -58  -4 
-2  -36  60 

//Reference=MNI 
//nullstudy_85
//Subjects=20
-40  -8  46 
-40  -56  -50 
-4  -78  -12 
16  18  60 
-40  -86  20 
-4  36  36 
-18  26  56 
42  38  -12 

//Reference=MNI 
//nullstudy_86
//Subjects=19
58  24  30 
-14  -54  64 
-40  -46  -26 
20  54  -12 
-36  -66  -60 
28  10  56 
-2  -2  30 
-4  -62  12 

//Reference=MNI 
//nullstudy_87
//Subjects=21
0  34  56 
-16  -54  68 
-40  22  54 
-18  26  -26 
-54  -64  24 
-14  -18  68 
-32  -20  20 
2  60  18 

//Reference=MNI 
//nullstudy_88
//Subjects=21
-2  -34  26 
-36  42  -20 
-54  -62  -26 
36  40  8 
-62  -52  6 
-8  18  48 
-54  18  30 
52  30  36 

//Reference=MNI 
//nullstudy_89
//Subjects=19
46  14  48 
-60  -18  34 
-34  0  -10 
-46  50  2 
-10  -66  26 
-54  16  -24 
-54  -62  -10 
-22  38  44 

//Reference=MNI 
//nullstudy_90
//Subjects=19
24  54  -4 
-58  -28  -30 
-28  -84  -4 
-8  52  -16 
-24  -66  60 
-32  -44  54 
-32  -4  -48 
-22  38  44 

//Reference=MNI 
//nullstudy_91
//Subjects=20
-12  44  -10 
40  28  -12 
-44  2  -48 
54  22  22 
-34  -20  6 
-52  -56  2 
-2  -42  -38 
-32  -2  -50 

//Reference=MNI 
//nullstudy_92
//Subjects=19
22  20  66 
-40  -70  -14 
-16  -16  70 
-12  24  -12 
38  16  34 
6  32  -2 
-4  -32  80 
-60  -32  -26 

//Reference=MNI 
//nullstudy_93
//Subjects=19
-22  -32  -38 
16  58  18 
-6  -82  22 
0  14  48 
-12  68  20 
-54  -24  24 
10  20  56 
-58  -20  -30 

//Reference=MNI 
//nullstudy_94
//Subjects=21
-60  -42  24 
-42  -6  4 
58  30  12 
-32  -76  -36 
-40  -72  -28 
-42  10  38 
-4  52  12 
-34  -30  10 

//Reference=MNI 
//nullstudy_95
//Subjects=19
-26  30  -10 
-46  -12  20 
16  68  -14 
40  16  -12 
-36  -34  42 
-44  -50  6 
-30  -98  12 
-32  -44  -42 

//Reference=MNI 
//nullstudy_96
//Subjects=20
-34  30  0 
-54  -66  -38 
-38  -60  56 
-44  -48  56 
-8  -92  6 
-60  -14  20 
32  60  0 
-60  10  32 

//Reference=MNI 
//nullstudy_97
//Subjects=20
34  48  -12 
-52  -72  -20 
-50  -32  -18 
16  30  52 
-12  -56  32 
38  36  42 
56  4  16 
-46  -32  -28 

//Reference=MNI 
//nullstudy_98
//Subjects=19
-54  -58  -18 
-44  -58  6 
-30  -74  -36 
0  54  18 
-12  -38  -46 
-8  -12  60 
-52  6  10 
24  2  -10 

//Reference=MNI 
//nullstudy_99
//Subjects=20
-2  62  -18 
-30  -14  -24 
46  12  4 
-22  4  -10 
-32  18  -16 
-10  -42  8 
-36  60  8 
-14  -44  74 

//Reference=MNI 
//nullstudy_100
//Subjects=19
-8  -44  26 
42  48  12 
-22  26  46 
-42  -18  -8 
-38  2  2 
-34  -32  62 
-22  6  66 
-24  -76  30 

