//Reference=MNI 
//truestudy_1
//Subjects=19
48  -65  -6 
48  -66  -7 
46  -65  -5 
45  -65  -6 
45  -65  -6 
47  -65  -6 
45  -66  -7 
47  -66  -7 

//Reference=MNI 
//truestudy_2
//Subjects=21
46  -66  -7 
45  -67  -7 
45  -67  -6 
46  -65  -5 
47  -69  -4 
48  -65  -5 
46  -66  -8 
46  -68  -6 

//Reference=MNI 
//truestudy_3
//Subjects=20
47  -66  -5 
46  -67  -5 
46  -64  -6 
44  -65  -6 
46  -65  -5 
46  -66  -6 
45  -64  -6 
45  -65  -5 

//Reference=MNI 
//nullstudy_1
//Subjects=19
-28  -16  64 
-12  42  48 
60  26  18 
20  8  -38 
-28  6  -34 
44  6  32 
-40  36  -14 
-10  22  36 

//Reference=MNI 
//nullstudy_2
//Subjects=21
-10  -98  12 
-26  -72  -56 
-44  8  -8 
36  58  20 
-10  8  44 
-8  10  40 
-42  -78  10 
-48  -14  6 

//Reference=MNI 
//nullstudy_3
//Subjects=20
-56  -10  46 
-48  2  -4 
-16  16  -10 
-40  -38  -36 
-22  -4  -12 
40  42  -14 
0  44  -12 
-38  -86  -22 

//Reference=MNI 
//nullstudy_4
//Subjects=20
-64  -24  28 
-8  -100  14 
-20  6  -20 
-18  -88  -14 
18  6  -32 
-2  54  -6 
-50  -40  0 
-26  -74  34 

//Reference=MNI 
//nullstudy_5
//Subjects=19
-14  -50  70 
-10  14  66 
12  12  20 
-6  -68  -4 
-62  0  -26 
-38  -16  64 
-8  16  48 
-10  -34  38 

//Reference=MNI 
//nullstudy_6
//Subjects=20
-10  -82  0 
-36  -30  -12 
-4  -14  48 
-26  -98  14 
-26  -52  72 
-22  -60  18 
-40  20  28 
-24  -62  -16 

//Reference=MNI 
//nullstudy_7
//Subjects=21
36  36  -6 
-22  -78  -26 
-42  18  -26 
30  26  -26 
54  36  0 
-24  8  -44 
-20  -44  -50 
24  16  -30 

//Reference=MNI 
//nullstudy_8
//Subjects=19
-4  20  48 
-52  4  0 
-4  -60  34 
-6  6  28 
-8  18  8 
-46  -86  12 
-44  -2  -30 
-60  -62  16 

//Reference=MNI 
//nullstudy_9
//Subjects=22
-58  -16  -26 
-2  40  18 
-54  -58  -8 
-50  -80  0 
-22  58  -8 
26  24  -30 
-8  -70  -6 
-10  -20  46 

//Reference=MNI 
//nullstudy_10
//Subjects=19
-36  -10  -22 
10  54  -6 
-28  20  10 
-68  -16  18 
-18  -18  -10 
-40  -44  64 
40  16  10 
-42  4  18 

//Reference=MNI 
//nullstudy_11
//Subjects=19
-30  -44  -10 
-28  -52  -62 
-34  6  66 
-8  -50  -46 
48  26  -12 
-12  -40  -32 
32  64  10 
2  34  -30 

//Reference=MNI 
//nullstudy_12
//Subjects=21
-6  -42  -32 
-54  -64  20 
-24  -28  62 
-6  -54  16 
-4  -36  -20 
-38  -72  30 
-26  -90  6 
-32  -14  70 

//Reference=MNI 
//nullstudy_13
//Subjects=21
-4  -58  -44 
-20  56  26 
-28  2  58 
-6  -70  16 
-44  -30  -30 
-64  -50  20 
-26  -88  -8 
28  28  40 

//Reference=MNI 
//nullstudy_14
//Subjects=22
-28  -44  -16 
-16  -12  26 
26  62  18 
-2  -36  -28 
12  10  38 
-6  -90  8 
-4  32  -20 
-44  -18  -38 

//Reference=MNI 
//nullstudy_15
//Subjects=19
-48  -16  52 
-22  -52  66 
-28  60  20 
0  26  56 
-50  6  20 
-48  2  -32 
16  8  -6 
36  18  32 

//Reference=MNI 
//nullstudy_16
//Subjects=20
-26  54  -6 
2  42  34 
-44  -30  6 
-66  -56  6 
-36  -10  50 
6  26  28 
26  28  44 
-38  -30  16 

//Reference=MNI 
//nullstudy_17
//Subjects=20
-36  30  12 
56  16  40 
2  64  26 
-4  -20  56 
-36  -60  42 
0  46  40 
58  14  36 
30  18  -34 

//Reference=MNI 
//nullstudy_18
//Subjects=22
-6  -28  -18 
-46  -74  -24 
-6  -10  38 
32  24  -6 
-20  -62  66 
-48  4  -14 
14  50  -6 
16  6  -24 

//Reference=MNI 
//nullstudy_19
//Subjects=19
-40  -54  8 
40  56  2 
-48  34  -20 
-6  24  58 
-36  -20  0 
12  48  -26 
-10  32  62 
32  16  2 

//Reference=MNI 
//nullstudy_20
//Subjects=21
-36  44  12 
0  44  -30 
-8  28  22 
-18  42  46 
-6  -78  2 
-54  -16  -18 
-14  -90  -34 
10  12  70 

//Reference=MNI 
//nullstudy_21
//Subjects=18
-60  -46  30 
-6  -10  -36 
-10  -88  -8 
-16  -36  2 
18  14  48 
-18  -48  -22 
-52  -8  44 
-40  -70  -54 

//Reference=MNI 
//nullstudy_22
//Subjects=18
-50  10  2 
-52  -38  12 
-56  -46  0 
-46  -6  10 
-12  -42  30 
-24  -82  2 
-12  60  -14 
50  30  10 

//Reference=MNI 
//nullstudy_23
//Subjects=19
-54  -70  12 
-34  -74  -32 
12  58  8 
-38  -60  -34 
-36  -42  58 
-46  -22  6 
56  14  -22 
-8  -78  -48 

//Reference=MNI 
//nullstudy_24
//Subjects=19
-46  -4  44 
-44  20  -14 
-6  -22  -22 
-58  10  34 
-20  46  38 
-10  -16  38 
-4  40  42 
-38  -76  -40 

//Reference=MNI 
//nullstudy_25
//Subjects=21
30  32  -20 
-38  -54  -46 
6  38  48 
-52  18  -24 
-14  -30  -2 
26  56  16 
-36  24  52 
36  14  46 

//Reference=MNI 
//nullstudy_26
//Subjects=20
46  42  -20 
-18  -98  -10 
-16  6  -34 
-10  -4  -22 
-48  -74  12 
-46  -58  -22 
-8  42  8 
-30  24  12 

//Reference=MNI 
//nullstudy_27
//Subjects=21
20  56  32 
-36  42  -16 
-22  0  -4 
-48  -36  32 
46  48  -14 
-2  42  22 
-24  -42  16 
-24  2  -20 

//Reference=MNI 
//nullstudy_28
//Subjects=20
-34  -2  68 
-44  -50  52 
-32  -32  -16 
-54  -26  -28 
-26  64  -2 
30  62  -12 
-64  -42  -16 
-56  -62  -16 

//Reference=MNI 
//nullstudy_29
//Subjects=20
-50  -8  10 
-8  -12  -12 
-12  -6  -38 
32  10  -36 
8  62  -12 
52  14  40 
12  14  -30 
-2  68  18 

//Reference=MNI 
//nullstudy_30
//Subjects=20
-22  -60  14 
-34  -60  -50 
0  2  -22 
-42  54  8 
-38  20  28 
-34  28  6 
-8  34  -8 
56  28  -6 

//Reference=MNI 
//nullstudy_31
//Subjects=19
-6  -48  -36 
-8  38  -18 
-36  -66  -40 
-4  -66  -50 
-50  -36  -12 
-62  -2  24 
-40  20  -26 
-40  -24  -16 

//Reference=MNI 
//nullstudy_32
//Subjects=20
-36  -48  -48 
-32  -24  -30 
-6  58  -8 
-10  34  -6 
2  30  14 
-62  -56  2 
24  40  50 
-8  68  -14 

//Reference=MNI 
//nullstudy_33
//Subjects=21
-24  -90  4 
-36  4  -26 
-26  -60  -42 
-42  -80  18 
-8  -78  44 
14  58  -8 
30  12  -38 
-38  30  20 

//Reference=MNI 
//nullstudy_34
//Subjects=21
-34  -14  50 
52  12  -24 
-50  8  18 
18  52  -14 
-42  -82  8 
50  8  14 
-10  -82  32 
-16  -66  -30 

//Reference=MNI 
//nullstudy_35
//Subjects=21
-18  20  -10 
-64  -58  6 
26  12  68 
30  4  48 
-16  -102  2 
-66  -18  -14 
14  46  -16 
-28  -58  -12 

//Reference=MNI 
//nullstudy_36
//Subjects=20
-26  24  2 
-38  46  16 
-38  -40  12 
-70  -22  -2 
-60  -26  24 
-30  10  62 
-60  -36  16 
-60  -10  34 

//Reference=MNI 
//nullstudy_37
//Subjects=21
8  2  74 
-38  38  -10 
-20  -48  -40 
-28  -60  -48 
26  22  -28 
-8  -46  12 
30  16  -2 
-44  -8  0 

//Reference=MNI 
//nullstudy_38
//Subjects=20
-52  -54  44 
-24  -44  -34 
-40  -74  32 
-16  26  -26 
-60  -42  -2 
-42  12  52 
6  44  -22 
-40  34  42 

//Reference=MNI 
//nullstudy_39
//Subjects=20
10  8  36 
-46  2  18 
-26  -82  36 
0  38  0 
-34  -6  18 
-34  -38  -34 
-10  -96  -6 
54  2  16 

//Reference=MNI 
//nullstudy_40
//Subjects=20
-22  -82  26 
-52  -30  48 
48  8  -38 
-22  40  36 
-48  4  28 
4  44  50 
-62  -28  32 
-12  -16  -22 

//Reference=MNI 
//nullstudy_41
//Subjects=23
-6  -72  -18 
-34  -80  -40 
-64  -40  34 
26  18  0 
-26  -72  -12 
18  10  60 
-8  -38  -44 
-20  44  -16 

//Reference=MNI 
//nullstudy_42
//Subjects=19
-50  -58  14 
-6  10  60 
-58  -30  -6 
-6  -10  44 
12  36  32 
6  64  20 
46  20  -30 
28  22  -12 

//Reference=MNI 
//nullstudy_43
//Subjects=21
-6  8  54 
12  44  8 
32  64  -2 
32  56  -8 
-2  52  36 
30  24  -32 
-4  32  -6 
-18  -28  -6 

//Reference=MNI 
//nullstudy_44
//Subjects=20
-8  -20  70 
-36  -10  12 
-6  -62  -56 
10  28  -24 
-6  42  18 
-6  -4  36 
-40  -20  -18 
-20  8  56 

//Reference=MNI 
//nullstudy_45
//Subjects=20
-56  -52  -24 
-22  10  6 
-54  -16  -26 
-38  -58  46 
-6  -44  -12 
-48  -14  4 
12  58  6 
-68  -40  4 

//Reference=MNI 
//nullstudy_46
//Subjects=20
8  14  26 
2  2  -20 
-34  -30  -20 
44  44  -10 
-4  6  -26 
-46  -40  44 
-22  -92  6 
26  28  48 

//Reference=MNI 
//nullstudy_47
//Subjects=19
-30  -84  12 
22  24  -26 
-2  -14  28 
-4  -26  18 
-10  -58  22 
-46  -62  34 
-8  -16  26 
-34  -82  -48 

//Reference=MNI 
//nullstudy_48
//Subjects=20
-36  -18  12 
-2  2  36 
14  28  -28 
12  18  48 
28  40  28 
58  6  -4 
-32  20  48 
-18  -42  70 

//Reference=MNI 
//nullstudy_49
//Subjects=19
-52  -2  22 
-38  22  -4 
-40  -30  34 
-8  -30  68 
16  56  8 
40  24  44 
-30  -20  66 
-20  2  -22 

//Reference=MNI 
//nullstudy_50
//Subjects=19
-8  -74  -6 
-12  -60  30 
-2  -38  4 
-58  -60  6 
-34  -8  -44 
-42  -20  38 
-2  -40  -64 
38  48  -2 

//Reference=MNI 
//nullstudy_51
//Subjects=21
56  2  -36 
-26  58  6 
54  14  18 
-38  -54  -42 
-56  -60  -24 
-12  -68  -34 
-14  24  54 
-4  -60  -44 

//Reference=MNI 
//nullstudy_52
//Subjects=21
38  50  0 
-50  -38  -8 
-62  -8  16 
-26  -94  -26 
18  52  -12 
-30  4  -30 
-30  14  -24 
0  14  32 

//Reference=MNI 
//nullstudy_53
//Subjects=20
-38  -72  -38 
-10  -14  -24 
-36  -30  22 
-18  -38  40 
-6  -12  14 
-46  -44  36 
48  44  8 
-8  12  -12 

//Reference=MNI 
//nullstudy_54
//Subjects=19
-2  50  8 
-58  -36  40 
-22  -48  0 
-30  -20  -18 
-52  8  22 
-20  -86  26 
26  4  -46 
4  8  38 

//Reference=MNI 
//nullstudy_55
//Subjects=19
-34  -42  -42 
-2  -72  -46 
-56  -50  20 
-62  -18  -14 
-30  -56  50 
-6  -40  70 
-26  -92  8 
-54  32  2 

//Reference=MNI 
//nullstudy_56
//Subjects=20
-10  -14  -26 
-14  68  14 
-42  -40  28 
56  28  0 
-32  -40  58 
-8  -40  -2 
-12  62  -6 
48  38  16 

//Reference=MNI 
//nullstudy_57
//Subjects=20
-16  4  24 
-8  -50  22 
-14  -88  -16 
20  10  -10 
44  42  -18 
-48  -58  -4 
-22  8  -2 
-50  -36  -4 

//Reference=MNI 
//nullstudy_58
//Subjects=19
-4  -48  14 
-10  36  26 
-48  48  4 
-14  -104  10 
32  26  2 
-40  32  -20 
-46  -72  -8 
-32  -12  -16 

//Reference=MNI 
//nullstudy_59
//Subjects=20
-10  2  16 
-22  -48  -62 
-46  -82  24 
-54  -64  0 
-8  -64  58 
-30  8  -38 
-18  -78  -36 
36  30  14 

//Reference=MNI 
//nullstudy_60
//Subjects=21
-2  -12  -20 
-30  -64  -34 
-6  18  -14 
-38  -48  42 
-18  -16  76 
-54  -16  -40 
-10  -96  -12 
26  6  -28 

//Reference=MNI 
//nullstudy_61
//Subjects=19
8  38  44 
-38  -30  64 
-70  -26  10 
2  18  12 
-52  6  -26 
-48  18  -2 
-50  -10  -10 
-8  -38  28 

//Reference=MNI 
//nullstudy_62
//Subjects=19
-40  -30  10 
-40  26  20 
-64  -2  26 
-34  -58  -24 
46  12  -16 
-40  -76  6 
-6  -54  8 
-12  -40  -46 

//Reference=MNI 
//nullstudy_63
//Subjects=20
-28  -64  46 
-40  44  16 
-38  -18  50 
-18  -66  -38 
-2  18  28 
-14  -92  14 
42  18  22 
-8  16  10 

//Reference=MNI 
//nullstudy_64
//Subjects=20
-36  6  8 
-6  -24  48 
50  24  36 
-6  -10  -36 
48  14  2 
-10  18  -14 
-12  -6  42 
-38  -20  42 

//Reference=MNI 
//nullstudy_65
//Subjects=20
-32  -54  -40 
-16  -6  64 
40  20  54 
-44  -54  24 
-36  -8  48 
-46  -52  48 
-28  28  56 
-30  34  2 

//Reference=MNI 
//nullstudy_66
//Subjects=20
-60  -4  14 
-26  -80  -42 
-56  -44  16 
-52  -54  52 
-14  -64  -62 
-10  -76  -16 
-18  -62  -40 
42  42  0 

//Reference=MNI 
//nullstudy_67
//Subjects=21
-18  -52  -58 
-8  -10  12 
-42  22  20 
2  8  -26 
24  14  -36 
32  14  -34 
-4  -52  -62 
-48  0  12 

//Reference=MNI 
//nullstudy_68
//Subjects=20
54  2  -32 
-28  12  -12 
4  50  0 
42  2  8 
-26  -4  -26 
22  18  46 
-32  18  -44 
-24  54  2 

//Reference=MNI 
//nullstudy_69
//Subjects=20
42  36  26 
-50  -16  36 
-10  -62  -50 
-6  -24  70 
-22  6  -2 
-42  -8  46 
-24  -56  -28 
-42  26  46 

//Reference=MNI 
//nullstudy_70
//Subjects=20
-60  -60  18 
20  18  -34 
16  12  72 
-28  -30  50 
-22  -64  -18 
-56  -50  48 
-14  54  26 
-2  -44  44 

//Reference=MNI 
//nullstudy_71
//Subjects=20
-40  -12  -8 
-18  -72  16 
-26  66  2 
40  30  -18 
-8  -66  52 
-26  -48  40 
-14  -72  -20 
46  8  -12 

//Reference=MNI 
//nullstudy_72
//Subjects=21
24  34  38 
-38  -70  -10 
-46  -80  -8 
-6  -66  66 
-44  -70  44 
-34  -32  44 
20  44  40 
2  6  -26 

//Reference=MNI 
//nullstudy_73
//Subjects=19
-34  -84  -36 
-34  10  8 
-60  -54  4 
-28  -40  74 
24  40  40 
-52  4  12 
-4  -34  70 
2  54  16 

//Reference=MNI 
//nullstudy_74
//Subjects=22
-10  -38  70 
-62  -16  -6 
34  42  42 
-16  -28  14 
-14  -68  -12 
-14  -48  -22 
-40  34  24 
-12  24  -14 

//Reference=MNI 
//nullstudy_75
//Subjects=19
-10  -16  38 
-6  -82  46 
-36  -30  22 
-44  6  4 
-42  34  -4 
-16  -52  -10 
-54  -60  -4 
-10  48  -12 

//Reference=MNI 
//nullstudy_76
//Subjects=20
32  14  -36 
32  18  -28 
40  60  6 
-50  2  42 
32  58  0 
-2  -72  6 
-6  18  -20 
-46  -44  -42 

//Reference=MNI 
//nullstudy_77
//Subjects=17
-22  26  32 
-46  20  24 
-10  -66  -6 
-22  -52  44 
-28  -26  -26 
12  20  -20 
-66  -52  14 
-14  -28  34 

//Reference=MNI 
//nullstudy_78
//Subjects=20
-24  -66  50 
-34  -48  52 
-46  -50  14 
-30  -32  -12 
-28  -74  -40 
-10  52  -12 
-12  46  -24 
18  60  28 

//Reference=MNI 
//nullstudy_79
//Subjects=20
-4  -36  44 
52  16  -30 
20  54  -20 
-8  -66  12 
-32  18  -8 
-54  -6  36 
-38  36  -14 
-16  -6  28 

//Reference=MNI 
//nullstudy_80
//Subjects=21
-32  40  -20 
-2  6  -2 
38  40  -2 
24  44  48 
52  6  -10 
-28  -60  -32 
-44  -72  40 
8  32  -8 

//Reference=MNI 
//nullstudy_81
//Subjects=21
-26  -74  -6 
-50  -20  10 
-20  -68  0 
-24  14  -24 
-18  -100  -18 
-6  -60  8 
-54  -6  36 
-28  -36  -34 

//Reference=MNI 
//nullstudy_82
//Subjects=20
-16  -72  -28 
-12  -66  -20 
-68  -20  16 
-36  -74  22 
-42  14  30 
-4  42  -26 
10  46  44 
-46  28  34 

//Reference=MNI 
//nullstudy_83
//Subjects=20
-36  24  -2 
-46  10  12 
50  20  -12 
-4  -38  -42 
-40  -72  -56 
-8  -92  -24 
-18  -28  6 
-62  -24  0 

//Reference=MNI 
//nullstudy_84
//Subjects=21
-64  -60  6 
38  4  42 
48  26  -16 
-58  -6  4 
42  6  -20 
-22  -6  -30 
32  28  56 
-36  -50  38 

//Reference=MNI 
//nullstudy_85
//Subjects=20
-28  -28  50 
-8  16  -26 
-10  -76  24 
-14  -68  -34 
-58  -8  -16 
-14  -42  -16 
-10  -80  48 
-36  -56  36 

//Reference=MNI 
//nullstudy_86
//Subjects=20
-36  2  62 
-42  34  14 
-40  -20  0 
-54  -30  -32 
36  56  8 
22  34  -22 
-42  8  60 
-64  -50  10 

//Reference=MNI 
//nullstudy_87
//Subjects=19
-4  24  62 
-40  -24  42 
-14  -28  -18 
-38  12  14 
10  30  52 
-6  -10  56 
-18  -88  -2 
-40  -16  -22 

//Reference=MNI 
//nullstudy_88
//Subjects=20
-24  56  -8 
-4  -52  68 
-16  22  2 
-50  -18  10 
4  48  34 
-60  -22  28 
-24  -60  16 
-60  -26  -28 

//Reference=MNI 
//nullstudy_89
//Subjects=21
-40  -12  14 
-62  -20  -2 
-8  -86  24 
-16  -8  -32 
-20  -80  -10 
-6  -52  -48 
-58  4  -18 
-22  48  36 

//Reference=MNI 
//nullstudy_90
//Subjects=20
-44  32  -14 
-38  14  2 
-40  -72  28 
-20  12  6 
-18  -34  60 
-60  -20  18 
-8  44  -20 
-16  -42  42 

//Reference=MNI 
//nullstudy_91
//Subjects=22
-24  -50  -12 
-8  -24  -6 
-26  36  26 
-4  -72  -42 
-40  -50  46 
-40  48  4 
-16  -2  70 
16  38  20 

//Reference=MNI 
//nullstudy_92
//Subjects=21
-20  -64  28 
-16  54  32 
-60  0  -14 
-34  8  38 
-10  38  -2 
-8  -60  38 
-12  42  52 
-32  -58  62 

//Reference=MNI 
//nullstudy_93
//Subjects=20
-70  -36  4 
36  36  10 
-32  50  22 
36  4  52 
10  22  26 
-6  -46  -40 
6  22  62 
32  8  -30 

//Reference=MNI 
//nullstudy_94
//Subjects=18
-4  44  22 
0  48  -12 
-38  -6  -42 
16  16  52 
-56  -38  44 
-56  -26  -14 
-44  6  -6 
34  6  54 

//Reference=MNI 
//nullstudy_95
//Subjects=22
-60  -50  16 
-22  -98  2 
-52  -2  0 
-32  -64  -30 
48  4  -46 
-28  -86  4 
-50  -22  2 
-38  -30  62 

//Reference=MNI 
//nullstudy_96
//Subjects=20
30  32  2 
64  6  12 
-22  22  -24 
20  2  60 
-20  6  2 
-16  2  70 
-6  -98  24 
6  62  12 

//Reference=MNI 
//nullstudy_97
//Subjects=19
-12  -20  64 
-52  4  40 
-12  -72  26 
-20  -72  -10 
-54  -72  22 
26  20  -4 
-18  -64  -52 
-2  8  36 

//Reference=MNI 
//nullstudy_98
//Subjects=21
-20  -18  -14 
34  2  6 
0  4  34 
-50  -72  -10 
12  46  -10 
48  24  30 
-56  0  4 
-44  -48  -20 

//Reference=MNI 
//nullstudy_99
//Subjects=19
22  40  -10 
-52  -64  24 
-44  -14  -36 
-12  -86  -48 
-40  22  12 
-6  -56  30 
-48  -22  -12 
-60  -16  -34 

//Reference=MNI 
//nullstudy_100
//Subjects=20
-58  -8  8 
28  24  46 
6  54  -18 
-50  14  28 
16  12  -28 
-42  -30  6 
-6  58  6 
34  12  40 

