//Reference=MNI 
//truestudy_1
//Subjects=9
44  -66  -7 
46  -66  -5 
45  -67  -6 
46  -64  -7 
45  -67  -5 
45  -67  -8 
46  -66  -7 
46  -65  -6 

//Reference=MNI 
//truestudy_2
//Subjects=10
45  -66  -8 
46  -66  -6 
46  -66  -7 
45  -66  -5 
45  -64  -7 
47  -65  -6 
47  -64  -6 
47  -67  -5 

//Reference=MNI 
//truestudy_3
//Subjects=8
45  -66  -5 
47  -65  -5 
45  -66  -6 
48  -65  -7 
45  -64  -6 
45  -65  -7 
47  -67  -7 
44  -68  -6 

//Reference=MNI 
//nullstudy_1
//Subjects=9
-36  -54  -26 
-20  -98  2 
-16  -48  -30 
-8  -18  0 
-12  66  -12 
-44  -74  -40 
-64  -46  30 
-20  -44  -6 

//Reference=MNI 
//nullstudy_2
//Subjects=10
-52  -46  -12 
-6  -50  -68 
-6  -90  -30 
-16  -60  -12 
6  48  -6 
0  34  -22 
-52  -12  -32 
-8  -52  68 

//Reference=MNI 
//nullstudy_3
//Subjects=8
-20  -92  -22 
54  8  30 
-10  -32  -44 
10  18  38 
-14  -88  -12 
-20  -68  -22 
-40  42  20 
-34  -88  -28 

//Reference=MNI 
//nullstudy_4
//Subjects=9
-50  16  2 
-14  -26  -8 
-12  -20  72 
-28  40  28 
-2  -16  -26 
-34  -58  22 
50  6  -10 
-56  -58  32 

//Reference=MNI 
//nullstudy_5
//Subjects=9
-2  -26  0 
-10  -90  -12 
-18  -4  -12 
-50  -52  18 
12  52  4 
-24  52  32 
-48  -4  6 
-4  10  4 

//Reference=MNI 
//nullstudy_6
//Subjects=10
24  26  -16 
40  12  0 
-18  -100  8 
-44  -68  12 
32  28  -10 
-34  -64  28 
-4  -12  -22 
22  52  -8 

//Reference=MNI 
//nullstudy_7
//Subjects=8
-70  -30  4 
-6  -64  8 
-14  -80  52 
-26  -10  -14 
-50  38  22 
-32  -16  -10 
6  18  48 
-52  -64  0 

//Reference=MNI 
//nullstudy_8
//Subjects=11
-6  -58  -28 
-28  -30  -32 
-20  -92  32 
-46  -72  -44 
-40  10  8 
-40  42  34 
-30  -54  -48 
32  40  18 

//Reference=MNI 
//nullstudy_9
//Subjects=9
20  24  8 
-26  -8  -26 
-2  2  8 
-42  14  20 
-16  2  72 
-18  12  -28 
-36  -6  -12 
-14  -84  18 

//Reference=MNI 
//nullstudy_10
//Subjects=11
-32  -60  64 
-32  -10  -38 
10  48  52 
12  66  -10 
-24  16  -26 
4  6  66 
-24  -42  58 
40  42  12 

//Reference=MNI 
//nullstudy_11
//Subjects=9
-30  30  -18 
4  38  18 
-16  -44  40 
26  12  6 
32  52  28 
-42  -58  30 
-20  -46  64 
4  10  30 

//Reference=MNI 
//nullstudy_12
//Subjects=11
-12  6  54 
-12  10  -6 
-68  -18  -18 
-36  -18  -18 
-46  -2  8 
-68  -32  16 
-38  -90  4 
30  48  22 

//Reference=MNI 
//nullstudy_13
//Subjects=9
-58  12  20 
22  66  -2 
18  26  60 
38  44  -14 
-60  2  12 
-26  -52  72 
-26  -38  -26 
24  4  58 

//Reference=MNI 
//nullstudy_14
//Subjects=11
-12  -82  -6 
-6  14  62 
-2  -48  -58 
22  6  4 
-28  -2  0 
-26  12  54 
-46  -80  6 
-34  -14  -20 

//Reference=MNI 
//nullstudy_15
//Subjects=11
-32  50  -20 
-30  -56  -48 
-22  -68  34 
-38  16  -6 
-8  32  50 
-14  -74  -50 
-24  -2  -24 
-50  -68  2 

//Reference=MNI 
//nullstudy_16
//Subjects=9
2  10  40 
-58  -60  -16 
-32  -66  34 
-70  -30  6 
-26  30  4 
-10  14  48 
-6  -16  -32 
-52  -38  26 

//Reference=MNI 
//nullstudy_17
//Subjects=10
28  28  58 
-10  -82  -24 
-30  -88  36 
-24  52  -12 
-48  26  28 
-24  -62  66 
-58  -60  6 
-28  4  -46 

//Reference=MNI 
//nullstudy_18
//Subjects=9
-12  -92  4 
38  14  62 
-30  14  -46 
32  10  -2 
-42  -64  42 
-56  -50  -4 
-34  12  44 
-56  -24  -30 

//Reference=MNI 
//nullstudy_19
//Subjects=10
-14  70  12 
30  18  46 
-64  -8  34 
-38  -66  36 
-18  26  -24 
-54  20  34 
-8  -58  60 
-58  -14  50 

//Reference=MNI 
//nullstudy_20
//Subjects=10
-14  -58  4 
-16  -38  48 
-2  -10  -26 
-14  -20  20 
40  52  20 
-10  -2  58 
-52  -20  58 
-42  -54  -42 

//Reference=MNI 
//nullstudy_21
//Subjects=10
-10  -74  34 
16  52  0 
20  56  30 
20  36  -16 
20  4  -44 
-10  36  46 
-30  -62  -30 
-28  -8  58 

//Reference=MNI 
//nullstudy_22
//Subjects=12
-58  -66  14 
8  50  -26 
-34  52  10 
-6  20  24 
-2  -46  18 
-16  4  -16 
2  16  42 
32  24  48 

//Reference=MNI 
//nullstudy_23
//Subjects=9
0  42  46 
-18  -20  26 
38  54  -8 
14  34  56 
-60  -34  -30 
-16  -66  -54 
-2  -82  -42 
-12  52  34 

//Reference=MNI 
//nullstudy_24
//Subjects=9
-26  -62  -58 
-40  -56  18 
-4  -12  -36 
2  6  26 
-6  -46  64 
-12  -102  18 
-22  62  10 
-26  -58  -54 

//Reference=MNI 
//nullstudy_25
//Subjects=8
4  70  6 
-30  18  -32 
-24  -30  -32 
-14  10  -28 
-30  62  14 
20  30  -16 
-28  -52  -14 
-8  -66  48 

//Reference=MNI 
//nullstudy_26
//Subjects=9
-10  68  -4 
-42  14  14 
-52  8  -8 
-24  -58  -22 
-62  -4  28 
-22  -10  72 
-24  -28  64 
-34  -56  44 

//Reference=MNI 
//nullstudy_27
//Subjects=9
0  26  66 
30  14  0 
-46  16  -4 
-4  -60  44 
56  8  46 
-48  6  10 
-32  -94  10 
10  36  56 

//Reference=MNI 
//nullstudy_28
//Subjects=10
-4  -98  14 
-50  14  24 
-44  30  -12 
-46  -44  -26 
-64  -4  2 
-40  -76  -46 
-52  12  34 
-46  4  16 

//Reference=MNI 
//nullstudy_29
//Subjects=11
-4  38  56 
-12  58  -24 
-18  32  -20 
-10  6  4 
-48  6  -20 
-24  -76  -8 
-30  -12  70 
-32  -12  -12 

//Reference=MNI 
//nullstudy_30
//Subjects=10
-42  -64  -44 
36  34  -10 
38  22  12 
-36  2  0 
-46  36  20 
-66  -44  -16 
2  60  4 
-16  66  -4 

//Reference=MNI 
//nullstudy_31
//Subjects=11
12  40  -4 
-44  26  22 
-44  -18  60 
-30  -16  -24 
-60  -14  -4 
-6  -34  58 
-40  -36  50 
-44  20  40 

//Reference=MNI 
//nullstudy_32
//Subjects=11
-50  -72  34 
-22  32  30 
-28  -30  -8 
-18  12  70 
8  22  -12 
-58  -58  2 
-36  50  18 
-24  -14  -24 

//Reference=MNI 
//nullstudy_33
//Subjects=12
-50  -28  54 
-30  22  -4 
-16  -18  -30 
-6  -32  34 
28  4  6 
-8  60  -6 
-18  -26  66 
-18  -80  12 

//Reference=MNI 
//nullstudy_34
//Subjects=9
-58  -12  -4 
-58  -16  24 
-10  -64  2 
18  52  -8 
-58  -18  50 
-58  -22  -10 
42  56  -10 
-52  -78  0 

//Reference=MNI 
//nullstudy_35
//Subjects=9
-6  -20  28 
-6  -20  64 
6  52  26 
44  50  2 
-44  -24  22 
-12  -6  -38 
-64  -24  -32 
6  40  20 

//Reference=MNI 
//nullstudy_36
//Subjects=10
-30  -36  -30 
32  4  -10 
10  12  68 
0  40  18 
-12  -66  -50 
-62  -48  12 
52  12  12 
-40  -56  22 

//Reference=MNI 
//nullstudy_37
//Subjects=10
-40  8  0 
-18  -16  64 
-14  -88  -16 
6  38  -24 
38  12  62 
40  54  -14 
-2  -60  -24 
-64  -32  34 

//Reference=MNI 
//nullstudy_38
//Subjects=11
-2  -60  10 
-24  -8  64 
-26  -40  -54 
-14  10  -32 
-32  38  -22 
20  10  -42 
-44  32  26 
6  2  56 

//Reference=MNI 
//nullstudy_39
//Subjects=9
-54  34  6 
-42  -38  -24 
-8  46  -6 
-2  46  20 
-30  -88  -2 
-14  -70  16 
30  6  66 
-4  12  68 

//Reference=MNI 
//nullstudy_40
//Subjects=11
-2  -36  26 
10  32  30 
-20  56  20 
-50  -62  8 
-20  64  -6 
-12  -66  -38 
-40  16  6 
-28  -78  -44 

//Reference=MNI 
//nullstudy_41
//Subjects=9
0  28  58 
16  54  10 
10  8  -28 
6  14  10 
18  18  48 
-34  0  18 
-18  -74  -6 
-34  -54  40 

//Reference=MNI 
//nullstudy_42
//Subjects=9
52  12  -28 
-24  24  52 
-8  -72  56 
-30  -48  -36 
-8  -22  64 
42  38  -14 
-18  -66  -30 
-10  -84  38 

//Reference=MNI 
//nullstudy_43
//Subjects=10
-34  -38  18 
-48  -52  -38 
28  30  -14 
-38  42  6 
-54  -40  -18 
-8  -58  70 
-14  -82  12 
-14  -60  44 

//Reference=MNI 
//nullstudy_44
//Subjects=11
-38  -28  46 
-4  -10  -32 
-8  8  44 
-56  -4  48 
-42  -72  -28 
62  4  0 
-22  -44  -16 
-52  -64  26 

//Reference=MNI 
//nullstudy_45
//Subjects=10
-50  -4  0 
36  48  12 
-48  -32  2 
-30  -26  70 
-36  -16  56 
-32  -8  46 
-48  -80  -10 
-18  34  -22 

//Reference=MNI 
//nullstudy_46
//Subjects=10
60  8  22 
-10  -74  4 
-26  -82  -32 
-10  -16  -26 
32  52  -12 
-42  -52  40 
-12  20  52 
58  8  36 

//Reference=MNI 
//nullstudy_47
//Subjects=9
-24  56  6 
8  18  44 
-6  -32  26 
16  58  10 
-4  -60  38 
-50  -60  20 
-10  -58  -22 
36  30  20 

//Reference=MNI 
//nullstudy_48
//Subjects=10
-28  -38  -38 
12  56  -18 
16  60  -16 
-6  -92  0 
-26  -90  22 
-54  16  8 
-8  -18  60 
-24  20  58 

//Reference=MNI 
//nullstudy_49
//Subjects=10
58  24  18 
-26  -8  -44 
-40  -60  4 
-34  18  52 
10  16  44 
-14  -58  -42 
-4  -80  42 
-54  2  -34 

//Reference=MNI 
//nullstudy_50
//Subjects=11
-20  2  56 
-4  26  50 
-40  -24  22 
-44  -22  50 
-10  -38  52 
-66  -18  -2 
-12  -46  -4 
-26  -16  0 

//Reference=MNI 
//nullstudy_51
//Subjects=11
-26  -40  -40 
-52  -48  -36 
-10  48  -10 
-26  -72  -38 
-34  22  2 
22  4  -10 
24  8  -40 
-32  16  38 

//Reference=MNI 
//nullstudy_52
//Subjects=11
-50  -20  18 
-6  10  70 
-12  -20  66 
54  2  -8 
-40  -28  58 
30  40  28 
28  18  8 
-50  -50  42 

//Reference=MNI 
//nullstudy_53
//Subjects=11
-60  -16  -20 
52  36  0 
-26  0  -46 
-38  -50  -12 
32  22  -12 
-28  -60  -42 
-26  -54  -26 
-16  40  -22 

//Reference=MNI 
//nullstudy_54
//Subjects=10
34  18  38 
-2  56  12 
-8  -48  6 
-22  -50  48 
-32  -26  -10 
-4  66  6 
18  18  2 
-24  -54  60 

//Reference=MNI 
//nullstudy_55
//Subjects=11
-24  -76  26 
-44  -30  24 
-36  -60  -48 
-42  -42  -50 
-26  -8  -26 
-22  8  -42 
-42  -36  -14 
-46  20  48 

//Reference=MNI 
//nullstudy_56
//Subjects=12
-48  34  -14 
14  40  38 
10  4  52 
-24  -62  -14 
-18  -84  38 
-2  -60  36 
44  46  10 
-56  -6  -34 

//Reference=MNI 
//nullstudy_57
//Subjects=9
-12  60  14 
-26  -82  -26 
-34  12  6 
-2  -36  -12 
32  40  10 
-4  -62  52 
34  30  40 
-42  -46  -24 

//Reference=MNI 
//nullstudy_58
//Subjects=11
-30  -28  54 
48  10  0 
-10  -72  -52 
12  36  -26 
-44  6  -20 
-28  42  28 
0  14  48 
12  44  22 

//Reference=MNI 
//nullstudy_59
//Subjects=8
-2  -82  -6 
12  2  50 
30  22  8 
-48  -2  -34 
28  34  -8 
0  8  70 
58  10  34 
-18  -58  -56 

//Reference=MNI 
//nullstudy_60
//Subjects=10
-48  46  -4 
14  42  38 
48  12  2 
46  32  -2 
-4  26  28 
-36  22  -18 
2  8  68 
22  12  -14 

//Reference=MNI 
//nullstudy_61
//Subjects=11
-46  -36  34 
-18  -34  -30 
-56  -34  50 
-48  30  26 
42  44  -12 
10  20  62 
-12  12  32 
26  36  40 

//Reference=MNI 
//nullstudy_62
//Subjects=8
-6  18  2 
-22  18  -32 
14  46  0 
-26  6  -14 
-14  6  16 
-18  -20  28 
-16  -42  34 
-22  12  66 

//Reference=MNI 
//nullstudy_63
//Subjects=10
-34  -54  48 
-8  26  42 
-10  -32  -36 
56  2  26 
-14  -58  -36 
-46  -82  -8 
-32  -74  34 
-14  -16  10 

//Reference=MNI 
//nullstudy_64
//Subjects=11
-18  -48  -38 
-50  -34  36 
-12  -52  72 
38  6  -6 
-34  -70  -6 
-18  44  44 
-30  -48  -36 
-52  -66  6 

//Reference=MNI 
//nullstudy_65
//Subjects=8
4  46  -26 
-6  58  -4 
-32  -88  16 
-6  -36  -50 
-44  -72  -50 
-44  -6  -30 
-4  -34  34 
-66  -34  -26 

//Reference=MNI 
//nullstudy_66
//Subjects=10
-10  22  -18 
-28  30  44 
-6  -50  16 
-20  -90  -20 
-18  56  -16 
-4  -58  -14 
-64  -48  12 
-2  52  6 

//Reference=MNI 
//nullstudy_67
//Subjects=10
-28  -64  32 
-14  46  16 
52  10  14 
-2  4  56 
-10  -20  -6 
-30  10  -28 
-14  22  62 
34  42  38 

//Reference=MNI 
//nullstudy_68
//Subjects=10
-16  -72  -50 
60  20  20 
-4  -90  -26 
-18  58  16 
-8  26  32 
-30  -4  52 
-8  -104  10 
-20  -52  50 

//Reference=MNI 
//nullstudy_69
//Subjects=9
-36  -20  52 
-30  -54  -12 
-36  -10  -50 
-56  -12  14 
-64  -28  16 
-4  -66  -10 
-30  -52  -22 
26  12  -22 

//Reference=MNI 
//nullstudy_70
//Subjects=9
-28  -98  8 
-28  24  12 
-32  -26  46 
-58  16  10 
-42  -76  24 
-18  22  60 
-48  32  -6 
-40  -90  -14 

//Reference=MNI 
//nullstudy_71
//Subjects=10
-58  2  4 
14  42  -24 
-2  -8  -12 
-60  -32  16 
-4  -64  6 
-40  -50  52 
-24  52  24 
-32  42  16 

//Reference=MNI 
//nullstudy_72
//Subjects=10
-4  48  34 
-8  -16  -14 
-14  22  50 
14  6  64 
24  64  2 
-22  10  -28 
26  4  -30 
26  30  56 

//Reference=MNI 
//nullstudy_73
//Subjects=9
10  46  -2 
16  8  -2 
-12  -22  -22 
-24  8  -44 
-4  -22  -12 
-32  -2  52 
-20  -42  -28 
-8  -54  38 

//Reference=MNI 
//nullstudy_74
//Subjects=10
-16  8  -34 
-60  -20  32 
-8  -60  50 
-18  -62  -2 
-2  -36  -64 
-10  -6  -26 
-26  -42  64 
-16  14  -8 

//Reference=MNI 
//nullstudy_75
//Subjects=10
-18  -28  64 
12  54  14 
-16  -102  -14 
-38  -84  -34 
-38  -92  -12 
-18  -32  14 
-18  -50  2 
12  24  44 

//Reference=MNI 
//nullstudy_76
//Subjects=10
52  30  6 
28  18  44 
-20  6  -6 
-36  26  14 
-44  -44  -46 
-38  -4  36 
-6  6  70 
-64  2  12 

//Reference=MNI 
//nullstudy_77
//Subjects=9
-8  -62  4 
-12  -32  14 
-20  -90  34 
-66  -30  38 
-12  -32  -22 
-22  -46  -54 
-64  -4  -18 
-32  -44  -18 

//Reference=MNI 
//nullstudy_78
//Subjects=11
-14  -80  -12 
-48  40  -16 
-50  -60  34 
-32  -28  -18 
-2  22  22 
-6  70  -4 
-8  62  -18 
-60  -12  8 

//Reference=MNI 
//nullstudy_79
//Subjects=10
-48  -62  -32 
14  4  70 
-64  -38  -4 
-12  20  32 
-24  -6  -30 
-18  -30  58 
12  60  4 
-12  18  -4 

//Reference=MNI 
//nullstudy_80
//Subjects=8
-4  -14  18 
-46  8  8 
-16  -62  -12 
-32  -32  -28 
-10  -64  -52 
-2  -20  70 
8  42  40 
-38  8  50 

//Reference=MNI 
//nullstudy_81
//Subjects=10
-32  -86  6 
-22  40  -10 
-12  -32  70 
-48  -54  -18 
-30  -14  4 
-18  -12  54 
-30  -62  48 
-68  -30  28 

//Reference=MNI 
//nullstudy_82
//Subjects=10
-20  52  34 
18  6  -32 
-30  -66  52 
-16  -22  4 
-30  -34  -36 
58  4  14 
-16  42  42 
-52  6  8 

//Reference=MNI 
//nullstudy_83
//Subjects=11
40  18  -16 
54  20  -4 
-54  -12  -4 
-44  -10  4 
-32  -70  -4 
-10  38  -8 
-28  50  -4 
-46  0  4 

//Reference=MNI 
//nullstudy_84
//Subjects=9
-52  26  12 
-36  -18  -22 
10  68  20 
34  18  34 
-52  -50  -44 
-52  -50  -26 
-24  -50  68 
-2  -8  28 

//Reference=MNI 
//nullstudy_85
//Subjects=11
-12  8  36 
-10  -34  -30 
-30  52  -10 
-56  -48  -12 
-4  -78  -48 
22  18  46 
-40  -10  58 
-32  -24  20 

//Reference=MNI 
//nullstudy_86
//Subjects=10
-44  -44  -50 
-54  -40  34 
-26  -52  -42 
-6  -50  44 
-28  -34  -20 
8  38  -18 
-2  -30  56 
-36  -4  64 

//Reference=MNI 
//nullstudy_87
//Subjects=9
-4  2  44 
-10  -64  30 
-52  -16  -34 
-18  -4  28 
22  46  -12 
-28  -12  52 
22  18  -16 
-42  -90  -2 

//Reference=MNI 
//nullstudy_88
//Subjects=9
-12  56  -20 
-38  -26  0 
-6  -92  -4 
-56  -48  -8 
0  44  10 
-12  -76  -12 
-50  -54  -10 
-56  -46  -26 

//Reference=MNI 
//nullstudy_89
//Subjects=11
-10  -62  44 
-46  -54  22 
48  2  52 
-62  -24  22 
4  4  40 
-18  30  50 
-48  -72  26 
10  28  42 

//Reference=MNI 
//nullstudy_90
//Subjects=10
-24  -24  -10 
-32  -14  -44 
-8  40  56 
-46  -22  26 
-26  46  2 
-8  -80  -48 
50  10  -40 
-42  40  26 

//Reference=MNI 
//nullstudy_91
//Subjects=9
-4  38  22 
-26  -30  58 
-6  -74  12 
-40  -60  14 
-32  -28  -24 
-68  -44  2 
-2  -16  78 
-56  2  -4 

//Reference=MNI 
//nullstudy_92
//Subjects=11
-4  -34  44 
-32  -62  -26 
-14  -12  18 
-12  -18  -10 
22  6  2 
-22  66  10 
-34  44  0 
-20  44  32 

//Reference=MNI 
//nullstudy_93
//Subjects=11
-46  -48  18 
-50  30  16 
-42  -78  -8 
-34  26  6 
-50  -62  48 
-38  -82  -4 
26  22  -20 
-14  2  60 

//Reference=MNI 
//nullstudy_94
//Subjects=11
50  16  38 
-48  -42  18 
-12  -12  -30 
-4  30  60 
-10  -64  26 
-32  14  42 
-46  6  6 
8  14  14 

//Reference=MNI 
//nullstudy_95
//Subjects=10
-28  28  52 
-32  -42  -34 
22  6  -6 
-60  -44  44 
-10  -92  -38 
-48  2  40 
-20  -92  30 
50  14  46 

//Reference=MNI 
//nullstudy_96
//Subjects=9
54  20  -12 
-6  -50  62 
-8  30  40 
-34  -8  -16 
-34  -64  -40 
-4  50  -12 
-10  24  10 
-48  10  14 

//Reference=MNI 
//nullstudy_97
//Subjects=12
-18  -30  -32 
-30  -68  -42 
-16  14  -10 
-16  -100  -20 
-32  -46  6 
48  16  -16 
-6  -46  0 
-22  -12  64 

//Reference=MNI 
//nullstudy_98
//Subjects=11
-20  38  52 
-42  -50  -18 
36  32  52 
-66  -22  -8 
-46  -48  40 
-56  -46  4 
-20  36  -14 
-42  -66  -50 

//Reference=MNI 
//nullstudy_99
//Subjects=11
-2  -28  2 
-36  -80  32 
20  60  -10 
-52  -64  -24 
-40  -28  -30 
-38  -44  -20 
-32  24  22 
-20  -52  -24 

//Reference=MNI 
//nullstudy_100
//Subjects=11
36  46  -16 
58  6  -8 
-18  12  -24 
-50  -30  14 
-38  -46  60 
10  12  42 
-18  12  10 
-50  -14  -10 

