//Reference=MNI 
//truestudy_1
//Subjects=31
46  -65  -5 
47  -65  -7 
46  -66  -6 
47  -64  -6 
45  -66  -5 
47  -66  -6 
45  -64  -5 
46  -65  -6 

//Reference=MNI 
//truestudy_2
//Subjects=30
45  -67  -6 
47  -65  -7 
46  -68  -6 
47  -67  -4 
45  -66  -6 
46  -67  -7 
45  -65  -5 
44  -66  -5 

//Reference=MNI 
//truestudy_3
//Subjects=31
47  -67  -5 
48  -67  -6 
47  -67  -7 
46  -65  -6 
47  -67  -6 
46  -66  -4 
45  -66  -5 
45  -65  -5 

//Reference=MNI 
//nullstudy_1
//Subjects=31
-4  -28  10 
-66  -10  28 
-10  20  2 
-56  -70  20 
-22  -40  -22 
-28  -54  60 
-36  -28  -20 
0  16  0 

//Reference=MNI 
//nullstudy_2
//Subjects=30
-6  -54  -42 
-14  -52  62 
36  62  8 
-4  -60  48 
24  26  34 
-46  4  40 
6  6  -20 
-28  -88  -6 

//Reference=MNI 
//nullstudy_3
//Subjects=31
24  34  48 
6  14  50 
-32  -16  56 
50  50  0 
-36  -22  60 
20  10  0 
-32  42  -8 
-44  -42  -30 

//Reference=MNI 
//nullstudy_4
//Subjects=30
26  50  -10 
-24  -32  54 
52  6  24 
-18  52  26 
-8  40  -24 
-56  4  -26 
-48  -50  -34 
-14  -80  36 

//Reference=MNI 
//nullstudy_5
//Subjects=31
42  12  6 
-24  -64  -36 
-2  -80  50 
-32  -86  14 
32  36  -10 
-10  -34  0 
-26  -68  -46 
56  2  -22 

//Reference=MNI 
//nullstudy_6
//Subjects=29
-2  -60  -16 
10  58  38 
-62  -38  -22 
-12  10  -16 
-42  -48  -50 
-12  12  36 
-8  -58  -28 
-40  -24  60 

//Reference=MNI 
//nullstudy_7
//Subjects=29
-52  4  40 
-2  -40  38 
-8  46  40 
-24  -4  44 
-58  -52  16 
50  26  -4 
-60  -20  24 
46  10  -4 

//Reference=MNI 
//nullstudy_8
//Subjects=30
-16  50  32 
30  42  -20 
-18  -30  56 
-52  -48  4 
-4  4  -22 
-6  -62  -56 
-20  -26  -36 
-34  -98  -2 

//Reference=MNI 
//nullstudy_9
//Subjects=29
-32  -18  62 
24  60  -4 
-34  24  -22 
-52  12  22 
-68  -36  -8 
-46  -38  -18 
38  22  32 
-58  14  0 

//Reference=MNI 
//nullstudy_10
//Subjects=30
-54  26  12 
-34  -18  -22 
28  48  -14 
-2  56  16 
-30  -64  52 
44  22  -2 
36  30  20 
-44  -74  14 

//Reference=MNI 
//nullstudy_11
//Subjects=29
-54  34  14 
0  60  -8 
-4  -46  30 
42  24  26 
-60  -2  -30 
46  10  40 
-30  -8  -8 
-4  -64  -4 

//Reference=MNI 
//nullstudy_12
//Subjects=31
-56  6  30 
-60  -10  36 
-42  -22  38 
38  26  -4 
40  22  -40 
8  50  40 
32  58  18 
-56  26  2 

//Reference=MNI 
//nullstudy_13
//Subjects=31
-32  -50  44 
-50  -30  4 
-50  -42  -6 
-40  -62  48 
-34  28  16 
-2  -42  26 
-4  22  28 
-50  8  -2 

//Reference=MNI 
//nullstudy_14
//Subjects=29
-2  6  -16 
-16  -42  56 
-16  -74  20 
-54  -56  6 
44  36  4 
-22  -50  -28 
-4  -80  -22 
-32  -24  -10 

//Reference=MNI 
//nullstudy_15
//Subjects=29
50  32  -6 
-54  18  -18 
-44  -58  8 
-12  -102  2 
-32  12  -44 
-42  -20  -32 
12  44  18 
-40  -60  28 

//Reference=MNI 
//nullstudy_16
//Subjects=32
-30  -66  28 
8  60  6 
48  4  42 
-24  -44  52 
-40  -60  8 
-42  16  -22 
-34  -54  -56 
28  46  -8 

//Reference=MNI 
//nullstudy_17
//Subjects=31
-58  22  8 
-22  -30  -42 
32  30  10 
-42  36  24 
-32  -68  54 
-60  -44  -8 
44  22  50 
-14  -8  -42 

//Reference=MNI 
//nullstudy_18
//Subjects=30
-10  -4  16 
-62  -26  30 
-36  -18  -42 
6  34  -22 
-44  -32  22 
-6  -18  16 
-22  -8  -48 
30  28  28 

//Reference=MNI 
//nullstudy_19
//Subjects=32
-8  38  0 
-48  14  -38 
-34  12  -6 
-24  -50  2 
-10  -20  -30 
-46  -6  -32 
-52  -8  46 
8  64  -10 

//Reference=MNI 
//nullstudy_20
//Subjects=30
-26  56  4 
-4  56  -16 
-52  -60  -8 
-32  -96  10 
-24  -26  66 
-30  2  -20 
-16  -40  -32 
-16  -72  -12 

//Reference=MNI 
//nullstudy_21
//Subjects=31
-8  -20  -32 
-8  12  -30 
-64  -18  -6 
-38  -24  68 
-50  30  8 
-44  -70  -50 
-10  -6  -16 
-40  -14  60 

//Reference=MNI 
//nullstudy_22
//Subjects=30
-10  -10  54 
-34  -36  38 
-30  40  26 
-62  -54  -4 
50  32  22 
-14  -40  14 
-52  -54  38 
-44  -26  18 

//Reference=MNI 
//nullstudy_23
//Subjects=29
22  64  16 
12  30  -20 
-8  48  14 
-2  -78  -18 
-28  16  -40 
-40  -46  60 
-14  -62  -8 
-26  -38  10 

//Reference=MNI 
//nullstudy_24
//Subjects=32
-18  -34  0 
-12  -62  -56 
36  14  54 
30  26  56 
-18  -30  10 
-50  -30  26 
-10  -72  30 
-14  -28  6 

//Reference=MNI 
//nullstudy_25
//Subjects=28
-36  -28  22 
-52  -10  4 
40  14  -16 
-42  -70  -6 
-4  -64  0 
-26  6  0 
-36  -58  26 
-30  6  36 

//Reference=MNI 
//nullstudy_26
//Subjects=29
-46  -80  -24 
-38  -8  -18 
-36  -34  -8 
14  48  -2 
-56  -28  -26 
46  22  38 
48  26  30 
-30  56  6 

//Reference=MNI 
//nullstudy_27
//Subjects=30
-30  56  20 
-4  -18  56 
-20  -34  6 
-24  -40  68 
-16  -44  -56 
-42  -86  10 
56  36  12 
-8  10  16 

//Reference=MNI 
//nullstudy_28
//Subjects=31
40  60  12 
-52  -18  -34 
34  28  12 
-2  -8  34 
-14  -58  -16 
44  22  -6 
2  48  32 
-16  6  -42 

//Reference=MNI 
//nullstudy_29
//Subjects=31
-46  6  32 
14  52  26 
-32  16  -24 
8  36  22 
-2  -50  44 
18  36  -24 
-4  -104  2 
16  60  4 

//Reference=MNI 
//nullstudy_30
//Subjects=30
-18  -74  -2 
30  8  68 
-26  -26  74 
-6  -32  28 
-36  -42  -20 
-48  -58  -48 
-20  -82  28 
34  30  -2 

//Reference=MNI 
//nullstudy_31
//Subjects=30
-4  42  -26 
14  52  0 
-66  -14  10 
-42  18  34 
46  16  34 
44  8  -16 
-36  -2  50 
-50  -62  6 

//Reference=MNI 
//nullstudy_32
//Subjects=30
54  18  -14 
-36  -22  70 
-12  16  -10 
18  32  -26 
50  2  22 
-44  -54  8 
54  6  -8 
-16  -80  -14 

//Reference=MNI 
//nullstudy_33
//Subjects=31
-40  -48  -20 
-60  -10  -12 
-54  12  30 
-8  -52  2 
-16  14  60 
-36  -4  10 
-16  -80  -28 
-28  -70  -60 

//Reference=MNI 
//nullstudy_34
//Subjects=32
-6  -86  28 
-6  -30  -22 
-6  -68  -26 
-48  -78  -4 
-26  -64  44 
-64  -22  12 
-10  50  -22 
-32  -72  38 

//Reference=MNI 
//nullstudy_35
//Subjects=28
-52  -58  -42 
32  24  0 
6  8  58 
-32  54  30 
50  2  -18 
-66  -48  -14 
-48  -12  20 
-46  -30  16 

//Reference=MNI 
//nullstudy_36
//Subjects=28
-12  8  4 
-46  -76  -10 
-18  -76  52 
-36  -26  50 
-58  -38  -14 
-14  -70  -58 
24  34  58 
-30  -52  -46 

//Reference=MNI 
//nullstudy_37
//Subjects=30
-2  -18  70 
-24  -54  -14 
-32  -32  -26 
-2  -26  48 
-62  -44  0 
-16  62  2 
36  34  -22 
-44  -34  24 

//Reference=MNI 
//nullstudy_38
//Subjects=30
42  26  18 
-52  -2  -8 
-16  -64  48 
-20  -98  -10 
-48  -70  6 
-16  26  46 
-22  -46  -10 
-32  -8  -46 

//Reference=MNI 
//nullstudy_39
//Subjects=31
-12  62  14 
34  6  -18 
-2  10  70 
50  18  40 
-36  -22  70 
-46  -38  62 
18  58  36 
8  26  66 

//Reference=MNI 
//nullstudy_40
//Subjects=30
-10  -26  44 
-10  -48  52 
-24  -88  14 
-4  50  36 
-10  48  -20 
18  58  26 
-8  16  -24 
-26  60  8 

//Reference=MNI 
//nullstudy_41
//Subjects=31
-32  -14  50 
-50  32  -4 
-24  -52  4 
-54  -30  30 
-54  -28  -4 
4  40  54 
-42  -50  -22 
-44  -12  28 

//Reference=MNI 
//nullstudy_42
//Subjects=31
-40  -54  -14 
-30  -70  -42 
22  50  40 
-54  -62  -10 
-50  -16  52 
-14  36  -30 
-46  30  -16 
-6  -16  80 

//Reference=MNI 
//nullstudy_43
//Subjects=30
-44  -70  18 
48  10  40 
-32  -20  10 
30  20  38 
-8  54  10 
-20  4  -28 
-12  18  58 
-10  -4  50 

//Reference=MNI 
//nullstudy_44
//Subjects=30
-60  -54  -26 
-14  -94  8 
-64  2  14 
6  42  -30 
-14  8  -8 
-66  -18  24 
16  4  24 
32  66  4 

//Reference=MNI 
//nullstudy_45
//Subjects=31
-12  -64  -4 
-26  -54  -50 
-50  -28  12 
-22  14  -14 
-32  2  52 
-26  54  -14 
-30  8  -18 
36  50  18 

//Reference=MNI 
//nullstudy_46
//Subjects=29
-60  -52  -18 
-4  -22  -34 
-28  -44  70 
-46  -12  -38 
-32  -6  2 
-58  -16  -40 
-62  -28  4 
-4  56  6 

//Reference=MNI 
//nullstudy_47
//Subjects=30
-56  -56  -42 
-44  36  -22 
-10  12  -26 
30  34  -14 
-20  -38  10 
-2  -8  64 
54  32  28 
14  6  -34 

//Reference=MNI 
//nullstudy_48
//Subjects=30
0  52  18 
-24  -62  20 
24  64  16 
-36  -14  54 
58  2  -24 
-8  -12  4 
-16  -52  -44 
-2  46  40 

//Reference=MNI 
//nullstudy_49
//Subjects=30
-4  -22  -12 
-14  -52  58 
-44  -56  8 
-40  -66  30 
4  20  -26 
-50  -76  2 
40  2  -44 
2  24  -30 

//Reference=MNI 
//nullstudy_50
//Subjects=30
14  8  56 
-34  -84  -34 
-14  -70  54 
-10  -12  38 
-16  -8  60 
48  6  -16 
-2  -50  -44 
-40  8  -18 

//Reference=MNI 
//nullstudy_51
//Subjects=30
6  28  14 
-42  -36  26 
-40  -8  -38 
-34  -78  26 
10  24  8 
-48  -32  38 
28  54  -20 
-8  32  48 

//Reference=MNI 
//nullstudy_52
//Subjects=32
-10  -46  6 
-4  -74  -18 
-26  -70  22 
-20  42  46 
4  28  -24 
-54  -64  34 
34  44  -2 
40  30  -12 

//Reference=MNI 
//nullstudy_53
//Subjects=30
-18  -70  -38 
-26  24  -6 
0  26  -14 
-36  10  -16 
-18  0  -42 
-20  42  26 
-44  4  2 
-2  -98  10 

//Reference=MNI 
//nullstudy_54
//Subjects=31
20  8  -6 
-48  6  -16 
28  56  4 
-36  16  2 
-2  -50  -24 
-8  -32  -14 
-36  -30  60 
-2  38  20 

//Reference=MNI 
//nullstudy_55
//Subjects=32
-26  2  -46 
-6  -52  28 
-14  -78  -2 
-44  -80  14 
-34  -30  -18 
4  10  60 
-24  -50  10 
24  36  46 

//Reference=MNI 
//nullstudy_56
//Subjects=30
-64  -34  44 
24  34  -12 
-30  12  12 
-36  -24  54 
-42  12  -2 
-52  -8  16 
-4  -64  30 
-26  -46  0 

//Reference=MNI 
//nullstudy_57
//Subjects=31
-16  48  -20 
-12  6  68 
26  38  22 
10  54  8 
-4  -76  -16 
-12  40  -4 
-62  -48  -20 
26  34  36 

//Reference=MNI 
//nullstudy_58
//Subjects=29
-34  32  28 
-34  -4  -44 
36  22  -14 
38  26  6 
-58  14  -2 
48  18  8 
32  14  42 
-14  22  -10 

//Reference=MNI 
//nullstudy_59
//Subjects=30
-38  -72  24 
40  54  -2 
-40  38  -20 
48  40  2 
-44  54  -6 
12  18  -2 
38  4  58 
-10  4  68 

//Reference=MNI 
//nullstudy_60
//Subjects=32
-36  -20  -20 
-28  -72  -6 
-38  -24  -16 
0  36  -26 
-38  -70  54 
-62  -60  4 
-16  -52  -2 
-50  -56  40 

//Reference=MNI 
//nullstudy_61
//Subjects=30
-12  -30  0 
36  14  -12 
-24  -64  -14 
-14  -62  16 
10  24  60 
-4  -40  -20 
-8  56  40 
-50  24  -6 

//Reference=MNI 
//nullstudy_62
//Subjects=29
-50  -16  48 
44  36  10 
-22  68  4 
-64  -32  -18 
-46  22  -16 
-64  -18  28 
-24  58  24 
-60  8  18 

//Reference=MNI 
//nullstudy_63
//Subjects=31
-10  -86  14 
-22  -42  -24 
-4  -38  -58 
-38  -42  48 
-50  2  -10 
-54  -34  -26 
-44  12  -26 
30  8  -6 

//Reference=MNI 
//nullstudy_64
//Subjects=32
-48  -80  -20 
40  28  -20 
20  14  50 
-20  -16  70 
-54  26  2 
24  42  14 
-16  -32  -22 
-12  -28  62 

//Reference=MNI 
//nullstudy_65
//Subjects=29
-2  6  -24 
64  2  16 
-20  48  -16 
-14  32  -20 
-8  66  12 
-28  -44  46 
-34  -14  -28 
-48  24  22 

//Reference=MNI 
//nullstudy_66
//Subjects=30
48  46  16 
-48  -64  34 
-62  -18  -24 
24  52  -8 
-40  -60  60 
-14  54  30 
-48  -56  -32 
-34  -66  14 

//Reference=MNI 
//nullstudy_67
//Subjects=30
-6  -84  -42 
-52  -8  48 
6  28  18 
-16  -42  70 
-20  32  38 
-34  10  -24 
-40  52  22 
-14  -40  46 

//Reference=MNI 
//nullstudy_68
//Subjects=32
-18  -76  -30 
-46  -56  -38 
-40  -64  20 
-48  -60  18 
-2  62  30 
-14  -74  24 
-2  -60  -54 
-34  -40  -24 

//Reference=MNI 
//nullstudy_69
//Subjects=32
-12  -40  -14 
-34  -40  -38 
4  24  28 
-4  -44  42 
-52  4  46 
-4  -56  66 
10  2  6 
-26  -22  -18 

//Reference=MNI 
//nullstudy_70
//Subjects=29
4  46  40 
-6  64  28 
-6  -84  -2 
6  20  -2 
-36  -6  66 
-34  58  -4 
-28  -64  54 
-64  -16  32 

//Reference=MNI 
//nullstudy_71
//Subjects=31
-26  -84  40 
34  58  -4 
-42  0  36 
-4  -76  -50 
-38  -84  -22 
-4  -40  -38 
-38  -28  36 
-30  -84  -38 

//Reference=MNI 
//nullstudy_72
//Subjects=29
-46  18  -2 
-60  -58  0 
-18  12  46 
-18  56  32 
52  40  10 
-70  -28  -14 
24  14  -8 
-8  -72  -12 

//Reference=MNI 
//nullstudy_73
//Subjects=30
-10  -2  -32 
-40  40  38 
-8  -70  2 
2  34  60 
-20  -26  72 
40  48  24 
64  4  8 
30  20  34 

//Reference=MNI 
//nullstudy_74
//Subjects=31
-38  -66  -10 
52  4  -38 
-26  -14  -12 
-14  -2  14 
0  24  64 
-48  10  8 
-24  -52  8 
46  24  44 

//Reference=MNI 
//nullstudy_75
//Subjects=30
-40  -52  -10 
-14  62  20 
-2  -58  -40 
-36  -80  -4 
-32  -22  -18 
-36  34  36 
-32  -26  8 
2  60  28 

//Reference=MNI 
//nullstudy_76
//Subjects=28
18  24  2 
16  28  -22 
-36  -38  52 
2  48  52 
-48  -40  -32 
-44  0  12 
6  4  48 
34  32  -6 

//Reference=MNI 
//nullstudy_77
//Subjects=30
-64  -12  14 
16  24  54 
10  56  42 
-50  8  46 
-24  64  4 
-30  -82  -30 
-50  -16  50 
32  50  4 

//Reference=MNI 
//nullstudy_78
//Subjects=31
-18  2  -32 
44  52  6 
-36  30  10 
-64  -8  -22 
-18  60  26 
-40  38  -8 
-20  -56  -50 
-66  -10  -18 

//Reference=MNI 
//nullstudy_79
//Subjects=31
42  4  -10 
-8  -76  10 
22  32  34 
38  12  34 
-36  -68  44 
-26  -64  -56 
8  34  2 
-18  8  60 

//Reference=MNI 
//nullstudy_80
//Subjects=31
-36  62  2 
18  42  42 
24  56  6 
42  56  14 
-28  -80  40 
-38  54  16 
-60  -62  26 
-38  8  6 

//Reference=MNI 
//nullstudy_81
//Subjects=30
-24  -18  72 
-12  44  10 
62  4  -2 
-50  38  -10 
-30  -12  -22 
12  54  44 
-46  -10  -20 
-50  8  38 

//Reference=MNI 
//nullstudy_82
//Subjects=29
-10  46  18 
-18  -82  -26 
-14  -102  -8 
-30  -54  -44 
-28  -18  -6 
-14  -44  68 
18  20  48 
-26  -58  60 

//Reference=MNI 
//nullstudy_83
//Subjects=31
-24  -66  6 
-44  -28  26 
24  52  22 
30  22  32 
-30  -80  42 
14  8  -16 
46  14  50 
42  6  -18 

//Reference=MNI 
//nullstudy_84
//Subjects=28
48  26  38 
-36  -82  26 
-38  -80  2 
-44  -72  22 
-44  -64  -30 
-10  -88  12 
-10  -50  -6 
-56  -38  -4 

//Reference=MNI 
//nullstudy_85
//Subjects=31
12  18  16 
-6  -84  -24 
-36  -78  -8 
-44  -16  44 
-38  -62  -38 
62  10  -8 
-46  -62  -10 
50  22  -4 

//Reference=MNI 
//nullstudy_86
//Subjects=31
56  8  -24 
-42  -42  -16 
-18  28  54 
8  60  -14 
-38  24  -16 
-56  -54  0 
-54  14  -6 
0  40  4 

//Reference=MNI 
//nullstudy_87
//Subjects=31
-30  36  -16 
-60  -28  46 
-24  -40  16 
-30  48  -8 
-24  -58  -50 
-60  -42  -18 
-26  -66  -60 
-24  -32  52 

//Reference=MNI 
//nullstudy_88
//Subjects=30
36  18  26 
20  38  -16 
-52  8  -14 
0  30  54 
0  34  6 
-48  10  -24 
30  50  -16 
-2  -6  68 

//Reference=MNI 
//nullstudy_89
//Subjects=29
-14  -20  -36 
-18  -92  -12 
-28  -82  -8 
-22  -40  68 
-56  -48  52 
46  12  -2 
54  10  -32 
-50  -46  24 

//Reference=MNI 
//nullstudy_90
//Subjects=29
-28  40  16 
22  64  20 
34  18  -24 
-58  -62  34 
8  70  0 
-20  -52  -38 
-16  -102  12 
-52  -30  60 

//Reference=MNI 
//nullstudy_91
//Subjects=30
-8  -52  10 
-36  22  -40 
-8  18  -28 
-32  -2  -50 
-42  -14  -46 
-24  -72  -36 
-10  -28  -36 
-62  -34  48 

//Reference=MNI 
//nullstudy_92
//Subjects=33
-12  68  16 
-4  -32  30 
0  26  62 
-58  10  -12 
-2  14  36 
52  38  0 
4  44  -28 
-30  -4  42 

//Reference=MNI 
//nullstudy_93
//Subjects=31
-12  64  20 
-24  -32  -6 
-42  -68  -38 
-42  -48  46 
-32  10  -2 
48  34  10 
-26  -78  12 
-46  -48  14 

//Reference=MNI 
//nullstudy_94
//Subjects=29
-40  -74  16 
-32  -16  18 
-42  10  -34 
-42  -62  -18 
-64  -6  -26 
14  18  -26 
36  20  44 
-44  -66  -24 

//Reference=MNI 
//nullstudy_95
//Subjects=30
-48  34  0 
-4  -56  40 
-26  -8  -24 
8  4  2 
-10  -32  70 
-6  -74  16 
44  46  -2 
-28  14  64 

//Reference=MNI 
//nullstudy_96
//Subjects=31
-28  -74  -36 
4  12  44 
12  10  2 
-42  8  58 
-20  -72  10 
-42  52  -4 
-32  40  2 
26  32  26 

//Reference=MNI 
//nullstudy_97
//Subjects=30
-50  0  -12 
-58  -46  32 
-2  -80  -28 
-6  18  -26 
-6  26  40 
22  58  14 
-2  -88  34 
-40  -16  50 

//Reference=MNI 
//nullstudy_98
//Subjects=30
-36  -16  -16 
46  30  0 
22  62  -18 
40  10  24 
-12  -14  4 
-30  50  16 
-8  -86  22 
30  30  28 

//Reference=MNI 
//nullstudy_99
//Subjects=30
0  30  32 
44  50  18 
-2  -28  -4 
-24  50  -12 
-22  -88  20 
18  16  -24 
32  34  -2 
-40  -40  26 

//Reference=MNI 
//nullstudy_100
//Subjects=29
-36  14  -40 
-50  38  -8 
-18  -80  10 
-28  62  16 
24  50  -16 
-24  -42  -28 
-56  -38  30 
-4  -20  -26 

