//Reference=MNI 
//truestudy_1
//Subjects=31
49  -64  -6 
46  -66  -6 
46  -67  -7 
47  -67  -5 
47  -65  -6 
44  -65  -6 
46  -66  -6 
46  -66  -7 

//Reference=MNI 
//truestudy_2
//Subjects=30
47  -68  -3 
48  -65  -7 
46  -65  -6 
46  -66  -7 
46  -65  -7 
46  -67  -7 
46  -66  -5 
46  -68  -5 

//Reference=MNI 
//truestudy_3
//Subjects=31
47  -66  -7 
46  -65  -5 
47  -65  -4 
46  -64  -6 
44  -63  -5 
47  -66  -8 
46  -65  -6 
46  -65  -4 

//Reference=MNI 
//nullstudy_1
//Subjects=31
-22  -54  58 
-12  32  24 
-12  50  22 
-4  38  20 
-8  -34  28 
-10  -14  -34 
-16  -38  -34 
32  36  -22 

//Reference=MNI 
//nullstudy_2
//Subjects=30
-14  -54  60 
-4  10  44 
-30  62  14 
14  8  58 
-8  44  10 
20  56  4 
32  10  10 
-44  10  34 

//Reference=MNI 
//nullstudy_3
//Subjects=31
14  18  16 
-40  -84  -6 
26  60  28 
-32  -94  6 
-14  -24  -38 
-22  -28  54 
34  22  -12 
62  2  -10 

//Reference=MNI 
//nullstudy_4
//Subjects=29
12  10  8 
-4  56  14 
-28  -16  -22 
-16  -58  10 
-44  12  2 
6  2  -24 
-2  -16  14 
-18  -52  68 

//Reference=MNI 
//nullstudy_5
//Subjects=29
-50  -40  -8 
-56  24  8 
-60  -62  8 
-40  -38  18 
-52  -46  56 
-22  10  -4 
-24  4  -20 
-34  40  24 

//Reference=MNI 
//nullstudy_6
//Subjects=29
-30  30  -10 
-42  -80  6 
-52  -52  12 
-22  -90  -36 
-44  40  2 
46  16  0 
-24  66  -6 
36  26  24 

//Reference=MNI 
//nullstudy_7
//Subjects=27
-66  -38  30 
-2  58  12 
-62  -60  22 
-62  -36  46 
-52  14  4 
-20  18  -12 
-2  -14  -24 
8  32  -22 

//Reference=MNI 
//nullstudy_8
//Subjects=29
-4  48  6 
-34  -18  58 
-8  30  26 
-18  -94  28 
-30  -24  62 
38  22  18 
-20  26  -24 
-60  6  -22 

//Reference=MNI 
//nullstudy_9
//Subjects=29
-42  -74  -24 
12  8  62 
-56  -12  16 
-40  -56  -12 
-38  -54  -14 
-48  -12  -14 
-2  -18  12 
-52  -32  -24 

//Reference=MNI 
//nullstudy_10
//Subjects=32
-6  12  60 
-26  -68  4 
-42  8  6 
-38  -38  -16 
30  4  66 
-8  38  32 
-44  -34  -14 
-52  18  -12 

//Reference=MNI 
//nullstudy_11
//Subjects=30
-40  2  -20 
12  38  48 
-36  26  -22 
-56  -14  48 
-18  8  50 
-30  -34  -2 
-26  -2  -10 
-64  -20  18 

//Reference=MNI 
//nullstudy_12
//Subjects=30
50  44  -14 
-62  -14  -22 
-10  8  -22 
-52  -26  16 
-2  12  -2 
-42  -22  36 
-46  -16  -14 
48  8  52 

//Reference=MNI 
//nullstudy_13
//Subjects=30
-6  30  60 
-18  -60  -38 
-44  -64  10 
-14  -8  -30 
-14  -44  58 
-12  54  -26 
-24  -44  54 
-8  -96  2 

//Reference=MNI 
//nullstudy_14
//Subjects=30
-20  -40  -42 
-42  -28  10 
-20  -52  10 
-48  -18  58 
-34  -8  -36 
-14  14  64 
-30  38  -14 
-36  -78  34 

//Reference=MNI 
//nullstudy_15
//Subjects=29
-42  -50  -44 
60  4  18 
-12  2  60 
46  20  -14 
36  48  26 
-2  42  -4 
-14  -84  20 
18  48  20 

//Reference=MNI 
//nullstudy_16
//Subjects=29
-28  -68  -20 
38  44  12 
-50  -48  -46 
-4  52  22 
-12  -24  -22 
-26  -92  6 
38  14  14 
-48  -66  22 

//Reference=MNI 
//nullstudy_17
//Subjects=30
-28  6  2 
-38  54  -4 
54  2  52 
-24  -28  -26 
-20  -54  -26 
-46  -30  4 
-10  38  40 
-66  -34  -20 

//Reference=MNI 
//nullstudy_18
//Subjects=29
-40  -66  -28 
44  20  -30 
10  54  -26 
-36  44  28 
-66  -48  28 
-6  -90  28 
-26  -80  -14 
8  4  -22 

//Reference=MNI 
//nullstudy_19
//Subjects=32
46  54  2 
-44  12  -22 
-24  -54  44 
-22  46  -10 
-56  -16  -8 
-32  24  22 
2  50  16 
-52  -40  -22 

//Reference=MNI 
//nullstudy_20
//Subjects=32
54  6  4 
-62  -4  8 
-6  -94  10 
-48  0  2 
32  14  -26 
30  20  -12 
-32  -80  36 
-28  -78  40 

//Reference=MNI 
//nullstudy_21
//Subjects=30
-32  -44  -24 
-50  24  -2 
-52  -28  26 
-14  26  0 
-10  26  2 
-28  -66  40 
-46  -44  -46 
-58  -52  -26 

//Reference=MNI 
//nullstudy_22
//Subjects=30
-36  -4  -50 
4  14  66 
-2  30  -10 
-30  -8  6 
-52  -62  -4 
-36  -90  -18 
-30  20  40 
-16  -82  -20 

//Reference=MNI 
//nullstudy_23
//Subjects=32
0  16  64 
-26  2  -48 
38  32  44 
14  18  -12 
-2  18  0 
-36  -56  -12 
52  24  16 
-54  2  -10 

//Reference=MNI 
//nullstudy_24
//Subjects=30
12  66  0 
18  4  -26 
40  40  -8 
-52  0  30 
-12  -46  42 
-12  -44  -10 
4  44  40 
-26  -40  -8 

//Reference=MNI 
//nullstudy_25
//Subjects=28
-46  -48  32 
-2  62  -20 
-24  -68  6 
-4  -46  -66 
-18  -78  6 
-4  -40  -38 
-12  -94  -26 
48  4  40 

//Reference=MNI 
//nullstudy_26
//Subjects=28
38  18  -36 
12  62  2 
-4  -20  -24 
12  12  36 
-40  -8  -14 
-48  14  34 
-4  -82  40 
-50  -16  -28 

//Reference=MNI 
//nullstudy_27
//Subjects=29
8  14  62 
-24  16  48 
-10  50  20 
-44  -74  6 
-4  -62  -54 
-32  -8  44 
-10  -42  -22 
4  34  22 

//Reference=MNI 
//nullstudy_28
//Subjects=30
-24  4  66 
42  30  -20 
-52  -22  -14 
32  22  38 
-12  -72  -54 
-44  54  -4 
-46  32  24 
26  18  -42 

//Reference=MNI 
//nullstudy_29
//Subjects=30
-52  -30  50 
-46  -34  -20 
-12  -60  54 
-8  70  0 
12  12  6 
-4  -58  46 
-20  -22  24 
-20  42  44 

//Reference=MNI 
//nullstudy_30
//Subjects=30
-18  -20  -20 
12  70  -6 
-62  10  16 
-12  26  22 
-22  0  0 
50  4  -16 
-24  -14  -34 
6  46  -26 

//Reference=MNI 
//nullstudy_31
//Subjects=30
60  20  0 
-50  -54  -8 
-32  24  32 
-42  12  58 
-16  -16  24 
34  40  -18 
20  38  38 
-12  50  0 

//Reference=MNI 
//nullstudy_32
//Subjects=29
-32  -42  4 
-26  30  48 
-44  -60  28 
-42  -30  18 
-26  -74  20 
14  18  -18 
-10  18  30 
-40  10  -18 

//Reference=MNI 
//nullstudy_33
//Subjects=31
-24  -58  70 
-20  -92  -14 
-56  -40  28 
-10  -104  0 
-4  -22  26 
-44  -20  36 
32  38  30 
-58  10  -4 

//Reference=MNI 
//nullstudy_34
//Subjects=29
-4  -74  40 
-14  -20  42 
-14  -84  14 
-44  14  30 
-30  -64  48 
-14  -54  -4 
-28  48  40 
-50  -54  -18 

//Reference=MNI 
//nullstudy_35
//Subjects=28
-52  -4  -6 
16  34  40 
-8  -54  32 
-12  -52  70 
-18  -30  6 
56  4  46 
-40  28  2 
-56  -64  26 

//Reference=MNI 
//nullstudy_36
//Subjects=31
-28  4  46 
-48  16  24 
-22  -26  74 
-6  6  56 
-64  -58  6 
-48  -58  10 
-6  -60  -56 
8  42  48 

//Reference=MNI 
//nullstudy_37
//Subjects=31
-58  -64  -22 
-56  22  -2 
6  46  -22 
-60  18  22 
14  18  -4 
22  44  18 
36  12  -42 
-32  42  -10 

//Reference=MNI 
//nullstudy_38
//Subjects=30
-18  -2  22 
-16  16  16 
-4  -42  -22 
24  14  -18 
8  32  30 
-32  -42  -16 
-50  -34  -10 
-34  56  10 

//Reference=MNI 
//nullstudy_39
//Subjects=29
46  40  26 
-22  -60  -4 
-6  -84  -14 
-32  -82  -16 
-66  -32  -10 
-48  -12  -36 
-60  -20  20 
18  48  4 

//Reference=MNI 
//nullstudy_40
//Subjects=29
-26  -50  -24 
-46  -86  2 
6  68  0 
12  56  -22 
-52  -60  32 
30  28  40 
-44  -84  -18 
-58  -26  -2 

//Reference=MNI 
//nullstudy_41
//Subjects=30
4  42  24 
-6  28  66 
-8  -22  -2 
-32  -38  -12 
-52  -4  34 
-30  -44  -4 
-6  -60  -42 
-40  -56  -10 

//Reference=MNI 
//nullstudy_42
//Subjects=30
-70  -28  6 
-22  -80  -18 
14  26  8 
-4  68  14 
0  14  2 
-20  -86  -38 
-14  -82  -20 
-36  48  2 

//Reference=MNI 
//nullstudy_43
//Subjects=30
-8  54  24 
-10  52  38 
36  8  -34 
-18  -32  -20 
12  8  16 
-20  -40  -4 
-6  -56  38 
14  22  38 

//Reference=MNI 
//nullstudy_44
//Subjects=30
56  20  -8 
30  2  -30 
-54  -70  28 
-2  -82  6 
-40  -12  -6 
-28  -2  -12 
12  18  36 
-10  70  18 

//Reference=MNI 
//nullstudy_45
//Subjects=28
-8  52  4 
-16  -52  -52 
-4  -54  -24 
-40  -56  30 
-38  -18  2 
-68  -28  4 
-58  14  20 
-16  10  -40 

//Reference=MNI 
//nullstudy_46
//Subjects=30
-36  -68  2 
-8  -66  40 
-14  -26  72 
-20  -62  32 
-52  -6  -14 
40  16  38 
-22  -38  -36 
-6  -24  0 

//Reference=MNI 
//nullstudy_47
//Subjects=30
-62  -38  22 
-50  -72  36 
-48  -50  4 
-14  -90  -42 
-58  18  12 
-42  38  0 
40  14  6 
-32  -20  64 

//Reference=MNI 
//nullstudy_48
//Subjects=32
-28  -42  -30 
-38  -4  -36 
-26  10  46 
-28  -94  -14 
-16  -82  22 
-16  30  38 
-14  -46  -32 
-60  -20  -26 

//Reference=MNI 
//nullstudy_49
//Subjects=30
-50  24  8 
-46  -4  42 
-28  -82  -10 
42  36  12 
-10  -6  44 
-16  -84  32 
-46  6  -12 
-60  -14  28 

//Reference=MNI 
//nullstudy_50
//Subjects=30
-44  -24  64 
20  36  28 
38  14  52 
54  24  2 
-18  28  -26 
-22  2  -16 
24  6  -10 
-40  18  18 

//Reference=MNI 
//nullstudy_51
//Subjects=29
-30  -48  60 
-22  48  14 
-6  12  -6 
-56  -42  -16 
20  56  -8 
42  22  -12 
4  26  -24 
-32  -72  54 

//Reference=MNI 
//nullstudy_52
//Subjects=29
-60  -6  30 
-10  -18  54 
8  24  0 
-30  -96  -8 
26  40  -20 
-40  36  4 
48  6  8 
-22  -36  -24 

//Reference=MNI 
//nullstudy_53
//Subjects=32
-6  -32  -24 
48  40  -20 
-52  -8  32 
-24  48  -8 
-22  -62  68 
-48  4  48 
40  8  -24 
32  12  -26 

//Reference=MNI 
//nullstudy_54
//Subjects=32
-44  -36  8 
-10  -58  -50 
-44  -50  16 
-22  -46  4 
-12  -66  14 
-64  -14  40 
42  26  -32 
58  20  18 

//Reference=MNI 
//nullstudy_55
//Subjects=30
-40  -18  -36 
-12  -68  26 
-12  12  -26 
-24  -74  -26 
-26  -72  58 
-44  -54  30 
-16  -84  20 
-36  -58  -60 

//Reference=MNI 
//nullstudy_56
//Subjects=29
50  22  26 
-26  -48  -52 
-26  -22  -28 
-16  40  -26 
-2  -20  -34 
-60  -42  -18 
-42  6  46 
4  32  6 

//Reference=MNI 
//nullstudy_57
//Subjects=30
12  8  72 
-20  -36  0 
-32  -90  -30 
-14  2  -34 
-22  0  -26 
-22  46  -14 
-6  -36  64 
34  4  -14 

//Reference=MNI 
//nullstudy_58
//Subjects=30
-24  -14  48 
24  2  -16 
-52  -28  0 
36  8  -36 
-36  -12  -48 
-44  -58  -40 
-36  -28  14 
-14  36  40 

//Reference=MNI 
//nullstudy_59
//Subjects=29
-12  -92  -28 
-32  30  24 
-12  -42  72 
-2  24  34 
-6  -26  8 
-36  -68  18 
-46  38  -14 
12  38  8 

//Reference=MNI 
//nullstudy_60
//Subjects=30
12  54  -22 
-6  -46  54 
-12  -18  64 
-30  -44  -52 
-42  -48  -22 
36  36  2 
-30  -74  -42 
14  4  -8 

//Reference=MNI 
//nullstudy_61
//Subjects=30
-2  4  46 
-60  -40  48 
20  56  12 
-4  2  -20 
-28  22  -4 
56  4  2 
-30  -60  66 
-40  -2  -18 

//Reference=MNI 
//nullstudy_62
//Subjects=28
-50  14  -18 
46  46  -6 
-64  0  -12 
-38  -92  -14 
-2  8  36 
28  2  2 
-4  6  50 
-22  -92  -2 

//Reference=MNI 
//nullstudy_63
//Subjects=30
-28  -48  38 
-6  -86  -16 
28  68  0 
-2  36  58 
-26  30  -18 
-36  -2  -44 
-28  46  42 
-38  32  46 

//Reference=MNI 
//nullstudy_64
//Subjects=30
-14  26  0 
-46  16  2 
-38  40  -18 
-20  -64  -30 
-14  48  44 
50  2  56 
-52  -34  -22 
-54  -62  -4 

//Reference=MNI 
//nullstudy_65
//Subjects=30
-54  8  8 
2  2  56 
-32  -10  12 
-4  -60  38 
-58  -46  16 
-4  4  -32 
-34  34  -14 
12  50  -10 

//Reference=MNI 
//nullstudy_66
//Subjects=29
-36  -70  36 
-26  -16  -40 
-36  -70  10 
-34  -28  72 
22  42  -14 
-52  -62  -22 
-60  -46  14 
-44  16  46 

//Reference=MNI 
//nullstudy_67
//Subjects=30
-42  -84  -6 
52  18  44 
-34  -8  64 
-24  -8  -20 
-56  -36  -18 
36  34  8 
-46  -20  54 
-58  18  20 

//Reference=MNI 
//nullstudy_68
//Subjects=31
42  16  58 
-52  -62  12 
-48  2  -40 
-42  -28  60 
-42  -66  -34 
-68  -28  -22 
-56  -32  -14 
40  8  -40 

//Reference=MNI 
//nullstudy_69
//Subjects=29
6  46  18 
-50  -72  16 
-48  -62  32 
-10  -88  16 
-10  46  50 
-4  -26  72 
-38  34  -14 
-32  -26  10 

//Reference=MNI 
//nullstudy_70
//Subjects=29
-36  44  -8 
-20  -52  2 
-46  -2  14 
18  62  -10 
2  30  -24 
-2  -2  52 
-30  -26  60 
-34  -80  -4 

//Reference=MNI 
//nullstudy_71
//Subjects=29
-52  -76  -10 
-40  30  40 
-4  -48  50 
-18  -34  -42 
-4  36  -22 
-42  24  -30 
-42  -46  -12 
-48  -8  30 

//Reference=MNI 
//nullstudy_72
//Subjects=31
-34  26  40 
48  8  4 
-14  -4  68 
-8  -46  74 
48  4  42 
-52  0  22 
-42  -46  -8 
-42  34  4 

//Reference=MNI 
//nullstudy_73
//Subjects=31
-24  66  14 
-54  6  34 
-28  10  42 
16  8  56 
-30  -22  70 
-36  -46  48 
-50  -8  32 
-44  -26  42 

//Reference=MNI 
//nullstudy_74
//Subjects=29
-10  22  -16 
4  40  -18 
28  14  60 
-44  28  24 
-8  62  36 
-4  2  -16 
-4  -64  -22 
-46  -34  16 

//Reference=MNI 
//nullstudy_75
//Subjects=29
-8  -20  -4 
-58  6  2 
-38  -56  18 
-10  -56  -54 
-52  4  -40 
-12  -28  -38 
-48  -40  32 
-48  40  -10 

//Reference=MNI 
//nullstudy_76
//Subjects=28
-14  -28  -8 
20  40  -22 
0  54  2 
4  16  32 
-54  6  -12 
-8  -68  -14 
-20  -14  -32 
38  50  6 

//Reference=MNI 
//nullstudy_77
//Subjects=29
-10  10  56 
-4  2  -8 
-40  20  44 
-8  -94  -24 
-42  42  10 
-50  -20  58 
-6  -16  -16 
8  6  46 

//Reference=MNI 
//nullstudy_78
//Subjects=29
-42  -18  16 
-4  -24  4 
16  24  -22 
-4  -34  -18 
64  10  26 
10  66  -14 
-8  34  48 
-6  -60  -18 

//Reference=MNI 
//nullstudy_79
//Subjects=31
-48  26  8 
20  12  -34 
6  28  36 
-40  -26  -24 
-64  -4  14 
-46  -6  58 
-48  16  6 
-32  -4  -24 

//Reference=MNI 
//nullstudy_80
//Subjects=31
-16  14  18 
-38  6  50 
12  18  -18 
-6  -12  40 
-2  -72  60 
-18  -74  -18 
-24  -36  6 
48  4  6 

//Reference=MNI 
//nullstudy_81
//Subjects=31
58  2  0 
-42  -76  -36 
-10  -76  10 
-38  -28  22 
-2  -44  -38 
-10  -56  72 
-46  -16  62 
-6  -76  -32 

//Reference=MNI 
//nullstudy_82
//Subjects=30
-8  -2  -8 
-24  40  30 
-42  14  -22 
42  16  22 
24  28  44 
4  28  56 
-28  -70  -18 
-10  -98  -20 

//Reference=MNI 
//nullstudy_83
//Subjects=30
-24  -14  -8 
38  8  36 
-26  -48  0 
-46  24  -16 
-22  -94  14 
-12  -82  -12 
-44  -32  12 
-50  -22  -34 

//Reference=MNI 
//nullstudy_84
//Subjects=30
0  38  32 
-16  8  0 
-36  0  10 
8  4  -24 
24  64  -10 
-2  52  -18 
-30  34  -16 
22  12  -10 

//Reference=MNI 
//nullstudy_85
//Subjects=29
18  10  68 
-8  50  10 
-24  -76  -50 
-24  -72  -30 
38  16  8 
26  22  -14 
-26  -38  -6 
2  24  38 

//Reference=MNI 
//nullstudy_86
//Subjects=31
-12  -50  54 
46  32  -18 
-54  -42  54 
-50  46  0 
-44  12  38 
-10  8  34 
56  28  16 
44  10  36 

//Reference=MNI 
//nullstudy_87
//Subjects=30
48  46  -2 
-24  50  26 
18  62  26 
8  22  42 
-38  -46  -48 
-26  60  12 
0  14  64 
58  8  -2 

//Reference=MNI 
//nullstudy_88
//Subjects=29
-36  -4  -46 
-4  52  4 
-6  -20  -16 
6  66  12 
-20  0  -28 
-32  20  14 
34  34  38 
-6  -2  60 

//Reference=MNI 
//nullstudy_89
//Subjects=31
58  4  -4 
-36  -44  -4 
-64  -2  -22 
-4  -102  6 
-6  -16  -34 
-18  44  40 
-12  -20  8 
-50  10  -14 

//Reference=MNI 
//nullstudy_90
//Subjects=30
-34  -18  4 
14  24  6 
-50  -14  -26 
-56  -28  44 
-10  46  20 
-32  -46  -12 
-32  42  40 
24  22  56 

//Reference=MNI 
//nullstudy_91
//Subjects=30
6  14  72 
12  44  -16 
-48  18  40 
-36  -86  -20 
-40  26  -12 
-30  -56  -44 
-28  -50  -8 
-38  -34  38 

//Reference=MNI 
//nullstudy_92
//Subjects=30
-32  -56  -42 
-20  -62  6 
-14  -66  -48 
-20  -44  -10 
-2  -28  -2 
-36  2  10 
-10  -100  18 
-38  42  14 

//Reference=MNI 
//nullstudy_93
//Subjects=31
-6  -64  -6 
-36  58  -4 
40  60  -6 
-22  18  66 
-30  -48  60 
-8  -62  66 
8  60  -18 
4  62  -4 

//Reference=MNI 
//nullstudy_94
//Subjects=31
36  40  40 
-14  -8  60 
-10  -86  -44 
-62  -56  30 
-42  24  30 
-40  -46  60 
6  12  -10 
-2  -2  44 

//Reference=MNI 
//nullstudy_95
//Subjects=30
-54  -66  6 
6  24  54 
-8  -10  68 
-32  -58  -28 
-22  -24  68 
-20  -34  72 
4  16  2 
-34  -52  40 

//Reference=MNI 
//nullstudy_96
//Subjects=30
-16  -78  56 
-32  -74  -26 
34  28  18 
-28  -40  42 
-12  -56  -14 
16  66  26 
58  2  -20 
-30  -70  -52 

//Reference=MNI 
//nullstudy_97
//Subjects=29
-32  -76  16 
-18  26  54 
38  28  -12 
38  18  42 
-44  -4  -16 
-4  -46  42 
-38  -20  42 
-8  58  -10 

//Reference=MNI 
//nullstudy_98
//Subjects=30
-2  36  -24 
-52  32  28 
-26  -34  70 
-36  -62  20 
-24  10  -30 
18  8  -14 
-18  -38  46 
-32  48  12 

//Reference=MNI 
//nullstudy_99
//Subjects=29
-10  8  -12 
-38  -78  22 
4  56  32 
36  6  -36 
-14  -50  -24 
-54  -34  36 
-44  -76  -30 
-12  -44  -44 

//Reference=MNI 
//nullstudy_100
//Subjects=31
16  44  -16 
-22  -76  18 
-14  -24  78 
-24  -22  -32 
-26  -4  2 
0  30  -4 
-52  -12  -34 
20  24  42 

