//Reference=MNI 
//truestudy_1
//Subjects=8
46  -65  -4 
46  -66  -7 
47  -66  -7 
47  -66  -6 
48  -66  -6 
46  -67  -6 
47  -67  -6 
48  -64  -6 

//Reference=MNI 
//truestudy_2
//Subjects=9
46  -66  -6 
45  -64  -5 
48  -65  -6 
46  -66  -6 
46  -65  -6 
46  -67  -6 
47  -66  -8 
47  -66  -6 

//Reference=MNI 
//truestudy_3
//Subjects=11
47  -65  -6 
45  -64  -7 
46  -65  -7 
46  -65  -7 
46  -66  -5 
46  -67  -7 
46  -64  -6 
47  -66  -5 

//Reference=MNI 
//nullstudy_1
//Subjects=8
-40  32  -2 
-26  -48  14 
30  28  42 
12  52  32 
40  6  44 
-66  -44  12 
-22  42  44 
-30  32  40 

//Reference=MNI 
//nullstudy_2
//Subjects=9
-34  2  26 
-30  -86  -24 
-10  -32  76 
8  18  26 
-12  -2  -6 
-22  -34  -32 
-26  36  38 
-6  16  14 

//Reference=MNI 
//nullstudy_3
//Subjects=11
-44  -10  58 
-60  -28  -16 
4  6  0 
-16  -34  -6 
26  40  16 
-52  -2  -4 
-2  24  -26 
-22  -36  18 

//Reference=MNI 
//nullstudy_4
//Subjects=9
-8  30  20 
-34  -24  56 
-32  -92  2 
-10  40  10 
30  12  -32 
30  22  -10 
-26  -76  -8 
-42  0  46 

//Reference=MNI 
//nullstudy_5
//Subjects=9
-48  -12  -22 
-34  -38  68 
-2  -68  -44 
28  32  -6 
-54  -8  8 
-2  -38  28 
-58  -30  -28 
-34  58  10 

//Reference=MNI 
//nullstudy_6
//Subjects=10
-32  48  -6 
52  6  34 
-18  -76  -2 
-32  -44  -22 
-30  -8  -24 
-38  16  -10 
-10  -88  2 
-38  30  32 

//Reference=MNI 
//nullstudy_7
//Subjects=11
-38  -26  -32 
24  50  40 
-10  -68  60 
-12  -34  64 
-20  -64  2 
-6  -52  22 
-50  -34  14 
34  14  58 

//Reference=MNI 
//nullstudy_8
//Subjects=10
10  20  32 
-38  48  2 
-16  30  -2 
48  42  10 
-28  -48  34 
16  42  50 
-20  36  -26 
-56  -12  0 

//Reference=MNI 
//nullstudy_9
//Subjects=9
-54  14  16 
-64  -26  34 
18  58  -18 
-48  -54  10 
-38  -20  -26 
-62  -48  0 
-64  -42  20 
-2  -20  8 

//Reference=MNI 
//nullstudy_10
//Subjects=11
-10  -24  66 
-52  -12  4 
-40  -66  -6 
-26  -52  -50 
-48  -2  -14 
-20  10  50 
-38  -74  -10 
-18  -74  -4 

//Reference=MNI 
//nullstudy_11
//Subjects=9
34  42  20 
-34  -74  32 
54  12  12 
-18  -76  -28 
-22  -32  56 
36  24  54 
30  54  24 
4  50  34 

//Reference=MNI 
//nullstudy_12
//Subjects=10
-66  -48  20 
-18  18  -6 
-28  -54  8 
-30  -10  -36 
-36  -38  -4 
-4  -68  34 
-26  48  30 
20  12  -32 

//Reference=MNI 
//nullstudy_13
//Subjects=10
-22  12  -32 
-6  10  66 
-30  -52  -38 
26  20  62 
-70  -32  -12 
-36  -30  46 
-56  24  26 
0  62  34 

//Reference=MNI 
//nullstudy_14
//Subjects=11
40  22  30 
-40  -28  16 
-24  10  -8 
44  4  -34 
52  18  12 
-10  -70  -38 
-16  20  -16 
14  14  66 

//Reference=MNI 
//nullstudy_15
//Subjects=10
22  6  -14 
-12  -6  20 
54  20  0 
-18  -92  -28 
-50  -50  30 
20  52  -20 
-30  34  -2 
-28  -38  -48 

//Reference=MNI 
//nullstudy_16
//Subjects=9
-30  6  6 
-14  66  -16 
-68  -34  -20 
-52  -44  46 
-30  2  68 
-64  -10  2 
-6  34  62 
-2  -44  -48 

//Reference=MNI 
//nullstudy_17
//Subjects=10
-56  -20  -20 
-6  -44  -4 
-4  68  0 
-52  -36  -22 
-26  -62  -50 
-34  32  28 
6  46  8 
-62  -26  48 

//Reference=MNI 
//nullstudy_18
//Subjects=11
-30  -92  -12 
-32  -68  -26 
-8  -18  -24 
26  38  -8 
6  26  52 
12  14  -4 
58  14  32 
30  8  0 

//Reference=MNI 
//nullstudy_19
//Subjects=9
52  32  14 
-40  -24  -16 
4  26  -12 
-6  -102  -4 
-32  -54  -28 
-4  -76  -12 
-16  -8  18 
-14  -72  -58 

//Reference=MNI 
//nullstudy_20
//Subjects=9
0  26  -12 
34  28  -2 
10  4  52 
48  32  18 
-28  -8  -22 
-10  18  30 
-2  -40  34 
-10  56  30 

//Reference=MNI 
//nullstudy_21
//Subjects=9
-38  28  -10 
-8  8  -10 
-44  6  -16 
-6  70  10 
-44  -20  42 
-26  -96  14 
8  30  62 
-14  18  58 

//Reference=MNI 
//nullstudy_22
//Subjects=10
-30  -32  -10 
-66  -20  28 
-4  -22  68 
-16  6  -44 
-24  -40  50 
4  8  70 
-54  16  -14 
-22  -30  10 

//Reference=MNI 
//nullstudy_23
//Subjects=11
-52  2  36 
8  32  64 
28  16  -6 
44  20  46 
-2  18  54 
-6  -54  -22 
-52  -6  20 
-40  16  34 

//Reference=MNI 
//nullstudy_24
//Subjects=9
-20  -62  40 
-38  -56  -34 
34  6  -48 
-30  -86  40 
-40  44  -4 
-52  -20  -18 
34  16  6 
-54  -20  50 

//Reference=MNI 
//nullstudy_25
//Subjects=10
-36  -8  -26 
-62  -4  -6 
-2  -52  -14 
-50  14  24 
-10  -12  54 
-6  -14  12 
26  14  42 
16  52  -6 

//Reference=MNI 
//nullstudy_26
//Subjects=10
-16  -50  62 
-24  -34  -32 
-18  58  30 
-10  6  68 
-44  -44  56 
-50  -60  52 
-60  -2  34 
-32  -24  16 

//Reference=MNI 
//nullstudy_27
//Subjects=9
-58  6  38 
-2  -4  22 
10  48  42 
-2  -18  40 
-38  -6  -46 
6  48  -12 
-38  56  -10 
-6  -38  4 

//Reference=MNI 
//nullstudy_28
//Subjects=10
-8  38  38 
-6  12  -10 
-32  -68  -62 
-64  4  8 
-50  -12  12 
-26  42  12 
-62  -50  14 
-20  -26  -22 

//Reference=MNI 
//nullstudy_29
//Subjects=11
-38  -40  -46 
-46  8  32 
18  6  72 
-28  6  60 
38  4  -26 
36  12  54 
-56  -22  34 
-24  -60  54 

//Reference=MNI 
//nullstudy_30
//Subjects=10
-52  -66  42 
-34  -10  0 
6  24  24 
-26  -50  10 
42  36  8 
-2  -50  24 
44  22  34 
-14  -36  -16 

//Reference=MNI 
//nullstudy_31
//Subjects=11
34  18  10 
-26  -16  6 
-52  -2  -6 
-50  -72  34 
-16  -98  8 
-40  50  -10 
-20  -6  -28 
-24  -60  -28 

//Reference=MNI 
//nullstudy_32
//Subjects=9
38  34  24 
-6  -52  64 
-24  -50  44 
-32  50  16 
-18  -48  -16 
-2  -58  42 
-46  26  34 
-50  10  -34 

//Reference=MNI 
//nullstudy_33
//Subjects=10
-26  32  -24 
-26  -76  26 
12  42  14 
-42  -16  30 
-30  18  -38 
-32  -86  36 
-18  -52  -32 
-36  50  -18 

//Reference=MNI 
//nullstudy_34
//Subjects=8
8  52  -2 
16  24  -20 
28  24  50 
-40  2  44 
-52  26  8 
-50  -70  28 
-18  -68  48 
-40  -68  6 

//Reference=MNI 
//nullstudy_35
//Subjects=9
-54  -16  8 
-8  38  -8 
-64  0  8 
-6  58  14 
-8  -54  64 
-20  -52  0 
-42  -38  -30 
-38  -52  -60 

//Reference=MNI 
//nullstudy_36
//Subjects=12
-50  8  22 
46  28  26 
-42  -4  2 
10  38  16 
-46  12  -12 
-6  -60  -44 
-38  14  -34 
36  38  38 

//Reference=MNI 
//nullstudy_37
//Subjects=10
-52  22  -6 
-32  -6  58 
8  66  20 
-4  -38  54 
52  4  6 
-30  -88  6 
-26  -34  -12 
38  8  -16 

//Reference=MNI 
//nullstudy_38
//Subjects=9
-24  -90  30 
-40  32  14 
-54  8  -6 
-34  30  52 
-50  -14  20 
16  10  14 
-16  38  -26 
18  54  20 

//Reference=MNI 
//nullstudy_39
//Subjects=10
-18  -22  70 
-42  -10  -30 
52  12  40 
-2  -76  -34 
14  4  -18 
-28  52  6 
-18  -78  -8 
44  26  4 

//Reference=MNI 
//nullstudy_40
//Subjects=10
-58  0  28 
-18  -22  64 
-2  14  60 
4  52  2 
-66  -14  22 
-58  -58  8 
50  12  46 
-8  -32  14 

//Reference=MNI 
//nullstudy_41
//Subjects=7
-12  -26  76 
-20  -62  -8 
-24  -84  24 
32  26  10 
-44  -72  42 
-32  32  4 
-16  -60  -46 
-64  -52  24 

//Reference=MNI 
//nullstudy_42
//Subjects=11
-34  -50  -2 
-12  54  -8 
48  4  -36 
16  8  -22 
-56  -10  18 
0  22  66 
26  44  8 
-46  26  2 

//Reference=MNI 
//nullstudy_43
//Subjects=12
24  18  -12 
-52  0  -30 
-60  -50  40 
-36  8  34 
-38  62  0 
40  8  62 
8  42  20 
-40  -30  38 

//Reference=MNI 
//nullstudy_44
//Subjects=10
-34  6  -42 
-14  -82  48 
32  2  -20 
-8  -64  68 
-36  -40  -40 
-8  14  -8 
-52  -28  30 
-2  -18  44 

//Reference=MNI 
//nullstudy_45
//Subjects=12
-24  -34  66 
-12  -62  64 
-26  18  50 
-6  8  -28 
-8  -86  32 
24  40  30 
-20  -88  28 
-32  -56  30 

//Reference=MNI 
//nullstudy_46
//Subjects=12
-32  -60  -42 
8  28  32 
10  46  4 
-8  20  54 
-34  -4  48 
-4  -44  32 
-48  20  -12 
-52  -52  -46 

//Reference=MNI 
//nullstudy_47
//Subjects=11
6  22  8 
-20  -36  -10 
30  26  -14 
8  40  38 
8  38  12 
-48  34  24 
-10  16  58 
-36  30  34 

//Reference=MNI 
//nullstudy_48
//Subjects=8
-20  -34  -28 
28  60  24 
54  40  16 
-60  -22  50 
-48  -66  18 
-20  -16  0 
-8  -100  6 
-24  -52  -36 

//Reference=MNI 
//nullstudy_49
//Subjects=10
24  6  -8 
-58  -36  36 
-6  -8  -24 
-40  0  62 
-20  26  34 
-2  68  12 
-20  -86  -32 
12  56  42 

//Reference=MNI 
//nullstudy_50
//Subjects=8
-42  2  -18 
-36  -68  -54 
-2  -50  -20 
-4  -36  -20 
-20  0  6 
-54  -20  -22 
-28  -10  46 
-20  50  42 

//Reference=MNI 
//nullstudy_51
//Subjects=8
-20  -30  62 
-20  -16  -26 
-58  -32  44 
-4  -82  10 
-30  -32  -22 
30  48  -12 
-22  -62  16 
-26  -54  60 

//Reference=MNI 
//nullstudy_52
//Subjects=10
-22  68  0 
-30  -6  52 
24  12  -12 
-14  4  66 
-12  -94  -30 
-44  52  -12 
-50  32  -10 
-60  -24  -24 

//Reference=MNI 
//nullstudy_53
//Subjects=10
-42  -30  -16 
-40  -68  8 
-28  -12  -28 
-12  -90  -28 
-12  6  -34 
-4  -14  6 
6  2  74 
-48  -4  -10 

//Reference=MNI 
//nullstudy_54
//Subjects=10
32  52  16 
-30  50  4 
-48  -22  14 
-22  52  10 
-50  -42  6 
-4  62  -16 
4  34  -22 
-44  18  4 

//Reference=MNI 
//nullstudy_55
//Subjects=10
-28  -84  -16 
-44  -52  14 
12  46  50 
-16  64  0 
-30  56  -16 
-6  -8  78 
42  12  -20 
-38  -16  8 

//Reference=MNI 
//nullstudy_56
//Subjects=10
54  32  -8 
-20  34  54 
-12  -78  -42 
-38  4  50 
-22  -60  58 
46  4  -8 
-36  22  -20 
-44  -64  44 

//Reference=MNI 
//nullstudy_57
//Subjects=11
12  62  14 
-38  18  -36 
-18  14  -30 
-8  -68  -20 
-12  38  -24 
52  14  34 
2  26  -24 
-6  -54  14 

//Reference=MNI 
//nullstudy_58
//Subjects=11
-34  44  -16 
-32  48  38 
-30  -50  -56 
30  30  -4 
-64  -16  -18 
-30  22  -28 
-12  2  14 
-34  -66  52 

//Reference=MNI 
//nullstudy_59
//Subjects=9
-56  0  6 
16  20  -18 
40  26  40 
34  46  16 
-36  -38  -10 
-44  10  8 
-50  -52  30 
-38  -4  -38 

//Reference=MNI 
//nullstudy_60
//Subjects=10
-38  -58  36 
12  50  -12 
-32  16  30 
-34  52  -12 
-50  -64  -2 
-6  -98  0 
-40  -4  34 
-18  -84  -10 

//Reference=MNI 
//nullstudy_61
//Subjects=10
-14  -80  -32 
48  4  4 
-48  -18  32 
24  10  50 
-62  -10  -6 
-8  -82  12 
-38  10  48 
-24  10  -40 

//Reference=MNI 
//nullstudy_62
//Subjects=8
-38  -30  24 
-40  -30  50 
-28  8  4 
-66  -28  24 
-4  14  -8 
-62  -34  -14 
-52  -42  50 
50  46  4 

//Reference=MNI 
//nullstudy_63
//Subjects=9
-20  54  4 
-32  -20  -6 
-24  -42  -16 
-16  62  4 
-28  -8  -50 
20  22  40 
-52  -46  32 
-52  -76  18 

//Reference=MNI 
//nullstudy_64
//Subjects=10
-14  4  26 
-24  -78  42 
-22  -8  -30 
-10  54  4 
-46  -20  22 
-6  -48  0 
-12  -92  -20 
-54  2  38 

//Reference=MNI 
//nullstudy_65
//Subjects=9
26  40  16 
-66  -34  -18 
-36  -80  18 
4  50  36 
-12  -80  -18 
-32  -76  40 
-38  -42  44 
-36  -38  66 

//Reference=MNI 
//nullstudy_66
//Subjects=8
-36  -82  24 
-38  -72  16 
-14  40  38 
-2  -8  -8 
40  32  34 
-14  54  -14 
-6  -46  32 
-60  -30  -30 

//Reference=MNI 
//nullstudy_67
//Subjects=10
10  18  -20 
-2  -86  -14 
-10  -74  -54 
-48  -80  12 
-8  30  -20 
30  40  36 
-16  -16  20 
-2  -34  50 

//Reference=MNI 
//nullstudy_68
//Subjects=9
-50  -68  32 
-24  -62  -12 
-62  -18  -26 
-42  -72  -32 
-18  14  48 
24  58  18 
-14  -16  20 
-26  -50  -58 

//Reference=MNI 
//nullstudy_69
//Subjects=10
-54  24  14 
-6  46  28 
32  40  16 
32  12  -8 
-34  -82  -8 
-8  -28  -42 
18  46  30 
-60  -62  -6 

//Reference=MNI 
//nullstudy_70
//Subjects=10
32  4  -14 
-64  -30  -18 
-40  -16  6 
50  32  28 
-22  34  -26 
-2  34  48 
-54  -8  46 
-34  16  60 

//Reference=MNI 
//nullstudy_71
//Subjects=10
-24  58  -12 
24  8  70 
-22  2  -24 
28  18  -4 
-28  6  46 
-12  36  -10 
48  48  -8 
-42  46  24 

//Reference=MNI 
//nullstudy_72
//Subjects=8
-6  54  -24 
-46  -76  4 
-2  -62  -52 
-6  54  -18 
-12  50  18 
-54  -18  38 
-2  48  30 
-50  4  -24 

//Reference=MNI 
//nullstudy_73
//Subjects=8
6  56  0 
-6  6  72 
-34  54  4 
-40  -48  -10 
32  52  8 
-12  -64  -58 
-12  -36  -32 
-2  -46  66 

//Reference=MNI 
//nullstudy_74
//Subjects=11
-30  58  0 
-30  -30  -26 
-2  18  22 
-30  48  30 
54  24  -4 
-8  -34  -10 
-4  22  38 
-36  -10  -14 

//Reference=MNI 
//nullstudy_75
//Subjects=11
-12  66  -10 
-66  -40  12 
38  18  -18 
-16  28  0 
-46  -6  40 
-20  -64  -56 
-26  -100  -10 
-8  -48  64 

//Reference=MNI 
//nullstudy_76
//Subjects=14
-18  10  70 
14  4  48 
-26  -6  -18 
40  48  20 
48  36  6 
-48  4  -22 
-42  56  6 
-32  16  -18 

//Reference=MNI 
//nullstudy_77
//Subjects=9
-18  -28  4 
2  10  -10 
14  48  16 
8  34  4 
-52  -30  28 
-42  -30  -22 
-38  -26  22 
-16  -22  18 

//Reference=MNI 
//nullstudy_78
//Subjects=8
-4  -22  30 
-2  -28  4 
-30  -46  66 
-28  -48  -44 
-14  -20  -4 
-40  40  20 
-30  52  30 
-12  -68  -4 

//Reference=MNI 
//nullstudy_79
//Subjects=11
-58  -18  -30 
28  46  -8 
-30  -92  4 
-4  -56  -52 
46  12  -14 
-14  -90  8 
-48  14  18 
-14  -88  -44 

//Reference=MNI 
//nullstudy_80
//Subjects=9
-8  -88  32 
-40  -62  -10 
6  20  40 
-36  -40  -34 
-4  -70  -46 
48  46  12 
-58  -4  18 
-62  -8  30 

//Reference=MNI 
//nullstudy_81
//Subjects=9
24  68  14 
-10  -36  56 
-24  -38  2 
-30  14  14 
20  16  -16 
-26  -54  70 
8  6  -20 
-10  -14  52 

//Reference=MNI 
//nullstudy_82
//Subjects=11
50  10  0 
-12  28  -14 
-34  -48  68 
-2  -6  -6 
-50  -24  28 
-48  -50  46 
-44  -2  48 
-30  56  -14 

//Reference=MNI 
//nullstudy_83
//Subjects=9
-30  -18  -32 
-22  -70  -48 
-44  -4  -24 
32  18  12 
2  36  -12 
42  8  2 
-30  -12  -12 
-24  -4  -12 

//Reference=MNI 
//nullstudy_84
//Subjects=9
-8  -6  14 
14  32  54 
42  8  -6 
-54  -56  -24 
-54  -24  52 
-4  -22  16 
-20  32  40 
32  4  64 

//Reference=MNI 
//nullstudy_85
//Subjects=9
42  46  -14 
-2  -64  -22 
-48  22  34 
-50  -78  14 
-4  -8  36 
-40  30  8 
-58  -32  46 
-6  30  50 

//Reference=MNI 
//nullstudy_86
//Subjects=9
-26  -58  -16 
8  6  -16 
-18  -56  -18 
44  10  -28 
-38  -78  6 
-26  -24  60 
-34  50  4 
-42  -24  -30 

//Reference=MNI 
//nullstudy_87
//Subjects=8
-54  -16  12 
48  14  24 
-44  -74  -34 
-18  -22  66 
-60  -48  18 
-36  -48  -6 
-40  -52  48 
-52  -30  16 

//Reference=MNI 
//nullstudy_88
//Subjects=9
52  18  -4 
-26  -30  68 
2  8  -26 
-6  42  40 
-50  -68  22 
-50  -62  38 
-8  30  36 
12  8  -34 

//Reference=MNI 
//nullstudy_89
//Subjects=9
-40  -28  50 
42  6  38 
24  44  20 
-44  -60  36 
-14  42  4 
-28  56  -12 
-28  -32  -2 
-34  -44  48 

//Reference=MNI 
//nullstudy_90
//Subjects=10
-32  -12  58 
-38  42  24 
-24  -6  -10 
-12  -50  -26 
-12  -42  -18 
-32  -78  42 
-54  -6  10 
-54  -14  12 

//Reference=MNI 
//nullstudy_91
//Subjects=12
-16  34  40 
-60  -2  -14 
-4  58  -16 
-50  18  24 
22  70  0 
-32  -18  16 
-8  -2  -8 
-32  36  -18 

//Reference=MNI 
//nullstudy_92
//Subjects=10
-10  -54  4 
-14  -66  -26 
42  22  52 
-30  -68  60 
-4  40  -18 
-16  -86  20 
-38  -46  36 
-8  -24  80 

//Reference=MNI 
//nullstudy_93
//Subjects=11
-40  -66  -40 
-52  2  -10 
-28  2  48 
-14  14  60 
-30  10  36 
-10  20  0 
0  8  34 
6  54  20 

//Reference=MNI 
//nullstudy_94
//Subjects=9
-10  56  34 
-40  -26  -14 
-20  -52  -44 
8  50  16 
8  42  50 
-44  -72  -32 
-42  38  22 
-12  36  60 

//Reference=MNI 
//nullstudy_95
//Subjects=9
-38  -4  -14 
-28  8  58 
-26  -6  -40 
-26  -32  -22 
-34  -12  2 
-20  -70  -56 
-44  -56  54 
-12  -42  42 

//Reference=MNI 
//nullstudy_96
//Subjects=11
-20  4  -48 
-34  -76  50 
10  56  26 
-26  -14  -40 
-16  -2  -22 
-6  46  16 
38  34  -22 
-2  -30  40 

//Reference=MNI 
//nullstudy_97
//Subjects=9
22  22  48 
-64  -38  16 
-6  0  60 
-70  -28  -12 
-18  22  60 
16  26  -4 
-8  -46  28 
44  20  -38 

//Reference=MNI 
//nullstudy_98
//Subjects=9
-10  12  62 
-60  -58  -28 
-18  -60  -48 
-28  52  10 
-28  -2  -50 
-22  -94  24 
50  42  20 
-12  32  58 

//Reference=MNI 
//nullstudy_99
//Subjects=11
-6  -14  78 
-14  10  4 
42  58  2 
-24  -68  48 
-48  18  16 
-4  -16  -8 
-38  -80  -8 
-6  16  40 

//Reference=MNI 
//nullstudy_100
//Subjects=9
-20  -44  4 
-2  -80  22 
-8  36  40 
60  6  18 
-30  -92  26 
-30  26  -8 
-30  -8  50 
-24  -54  0 

