//Reference=MNI 
//truestudy_1
//Subjects=28
47  -66  -5 
48  -65  -6 
46  -66  -7 
45  -67  -5 
46  -66  -5 
45  -66  -6 
46  -66  -6 
46  -68  -5 

//Reference=MNI 
//truestudy_2
//Subjects=31
46  -65  -7 
46  -67  -4 
47  -66  -6 
44  -65  -7 
45  -67  -6 
46  -64  -6 
47  -65  -6 
47  -66  -5 

//Reference=MNI 
//truestudy_3
//Subjects=29
46  -65  -8 
45  -66  -6 
46  -66  -5 
47  -66  -6 
47  -66  -7 
46  -66  -5 
49  -66  -6 
45  -67  -5 

//Reference=MNI 
//nullstudy_1
//Subjects=28
14  46  42 
-20  -6  72 
-32  -4  6 
58  12  -24 
-50  6  10 
36  46  -10 
-56  14  2 
-62  -40  4 

//Reference=MNI 
//nullstudy_2
//Subjects=31
16  58  6 
-56  -22  10 
-38  50  26 
-4  -16  -42 
-26  6  -44 
36  58  -8 
38  24  22 
4  30  38 

//Reference=MNI 
//nullstudy_3
//Subjects=29
8  62  4 
-10  18  -22 
32  34  -6 
-32  -90  28 
-22  50  24 
-10  26  -30 
-30  -30  60 
-56  -42  -30 

//Reference=MNI 
//nullstudy_4
//Subjects=31
-34  16  -4 
-48  36  0 
-44  20  2 
-30  -48  -2 
-44  -70  -48 
-36  16  12 
-30  -80  34 
-16  -100  -2 

//Reference=MNI 
//nullstudy_5
//Subjects=29
-46  0  -20 
-20  -96  20 
-34  28  50 
-6  2  12 
-50  -20  54 
-20  -86  -14 
-46  -34  -2 
6  20  66 

//Reference=MNI 
//nullstudy_6
//Subjects=32
12  66  28 
-30  -22  -24 
-58  -62  -14 
20  6  56 
-50  -28  -30 
-28  34  32 
22  58  32 
28  16  -8 

//Reference=MNI 
//nullstudy_7
//Subjects=31
12  48  -6 
-34  16  44 
-38  -94  4 
-12  48  -20 
-16  -80  20 
-22  46  8 
-26  -40  -38 
40  8  -32 

//Reference=MNI 
//nullstudy_8
//Subjects=31
-34  0  28 
-58  -52  -18 
8  32  32 
-22  -86  44 
-16  18  58 
-10  -10  62 
-10  -28  54 
-22  28  -24 

//Reference=MNI 
//nullstudy_9
//Subjects=31
28  58  16 
-50  14  -2 
-28  -54  32 
36  48  -2 
44  10  34 
-22  -2  58 
52  10  36 
-32  -70  52 

//Reference=MNI 
//nullstudy_10
//Subjects=31
-8  -40  -28 
4  34  54 
14  12  62 
-50  -22  -6 
-18  40  50 
-10  -78  -34 
26  16  -28 
12  60  -10 

//Reference=MNI 
//nullstudy_11
//Subjects=31
-50  -30  20 
-36  12  -6 
54  30  14 
-2  56  36 
0  16  -20 
26  48  -20 
-28  52  12 
38  4  -36 

//Reference=MNI 
//nullstudy_12
//Subjects=32
30  16  -42 
-38  46  6 
-48  26  -12 
22  18  0 
56  18  0 
-4  -94  -24 
-54  36  -2 
28  44  -12 

//Reference=MNI 
//nullstudy_13
//Subjects=29
0  28  -28 
48  24  6 
-10  64  32 
-4  -82  -34 
-8  66  -16 
-16  66  16 
22  58  -6 
-38  -84  -38 

//Reference=MNI 
//nullstudy_14
//Subjects=31
-58  -62  24 
-34  22  38 
26  6  48 
-52  -16  0 
28  2  -32 
-26  -20  -12 
-16  -84  -18 
-42  -62  14 

//Reference=MNI 
//nullstudy_15
//Subjects=29
-38  -50  -8 
-52  -68  -24 
28  42  36 
-8  -64  42 
-60  -16  -28 
-26  -66  28 
-14  -102  -14 
-36  52  -8 

//Reference=MNI 
//nullstudy_16
//Subjects=30
-66  -34  34 
-12  -34  -4 
-50  -16  6 
-32  38  34 
-8  -48  44 
-20  -28  -36 
-12  -26  76 
-40  -16  64 

//Reference=MNI 
//nullstudy_17
//Subjects=29
10  22  -24 
-52  -50  8 
-38  12  -24 
56  26  22 
-38  -66  -8 
-14  -84  42 
-30  -14  0 
-52  -64  18 

//Reference=MNI 
//nullstudy_18
//Subjects=28
-8  -4  38 
-22  38  -16 
-26  30  56 
-54  -16  30 
-46  -30  -2 
-20  -74  -56 
-40  8  8 
-52  -68  -18 

//Reference=MNI 
//nullstudy_19
//Subjects=29
-12  8  66 
56  2  -20 
-24  8  58 
42  4  30 
-2  -40  -12 
-6  70  2 
-28  -54  62 
-48  -26  -12 

//Reference=MNI 
//nullstudy_20
//Subjects=29
-26  -80  32 
-10  -30  72 
-50  -32  8 
-50  -16  22 
38  16  6 
-40  -54  -34 
-16  -68  -48 
-42  24  46 

//Reference=MNI 
//nullstudy_21
//Subjects=31
-28  -36  -30 
-30  52  14 
-38  6  20 
-28  -38  -54 
-18  -88  -26 
-10  -64  -46 
-10  52  18 
64  14  18 

//Reference=MNI 
//nullstudy_22
//Subjects=29
-52  30  14 
-30  -68  40 
-2  -22  78 
-38  6  -24 
-10  4  -22 
-34  48  -10 
-44  -76  38 
8  42  4 

//Reference=MNI 
//nullstudy_23
//Subjects=30
-32  -42  -50 
-30  -26  18 
-10  -18  22 
-36  -62  58 
-12  -26  42 
52  32  16 
-38  32  18 
32  38  14 

//Reference=MNI 
//nullstudy_24
//Subjects=31
-44  -68  46 
-46  4  10 
-2  54  46 
-34  -30  64 
-56  -4  8 
-4  -46  72 
-12  -4  16 
-16  -74  -26 

//Reference=MNI 
//nullstudy_25
//Subjects=29
-46  -38  -4 
-2  -64  42 
52  20  40 
-52  -36  38 
-58  -8  -38 
50  32  0 
-40  -10  66 
24  54  12 

//Reference=MNI 
//nullstudy_26
//Subjects=30
-36  2  64 
36  46  14 
-12  46  0 
-30  -40  48 
-10  -32  74 
-2  -74  -38 
-36  -62  -36 
-32  -36  -18 

//Reference=MNI 
//nullstudy_27
//Subjects=31
-2  -30  -20 
-26  -12  66 
64  2  30 
-36  60  6 
-46  -20  -14 
54  12  -20 
10  44  -8 
24  46  46 

//Reference=MNI 
//nullstudy_28
//Subjects=30
-52  -6  46 
-32  22  14 
-12  4  58 
-50  -60  -14 
-14  -78  -22 
24  60  8 
-38  -82  26 
-44  4  -44 

//Reference=MNI 
//nullstudy_29
//Subjects=29
48  24  14 
-38  -82  38 
50  10  40 
-16  -92  28 
4  30  -18 
6  70  0 
-2  -72  16 
-52  -70  16 

//Reference=MNI 
//nullstudy_30
//Subjects=31
50  30  22 
-28  -98  6 
-34  36  -10 
-30  -66  62 
-32  -10  18 
-42  -86  -16 
-46  -58  22 
16  58  8 

//Reference=MNI 
//nullstudy_31
//Subjects=29
-34  -56  60 
-38  -54  -28 
-20  -70  -30 
-4  -40  -42 
-12  -98  -18 
28  42  22 
10  68  -2 
-46  36  -14 

//Reference=MNI 
//nullstudy_32
//Subjects=30
-38  46  -12 
-6  40  16 
-36  -86  -6 
-56  0  -8 
-54  26  16 
-40  -70  -42 
-52  18  2 
-20  -72  58 

//Reference=MNI 
//nullstudy_33
//Subjects=30
-30  12  16 
-12  -76  -18 
-14  -54  -48 
-58  -32  -14 
-2  -18  80 
-44  -24  -22 
-30  -22  -18 
44  18  20 

//Reference=MNI 
//nullstudy_34
//Subjects=30
-24  4  -24 
-38  -72  44 
20  2  -46 
-20  -50  -38 
-22  34  -12 
-6  -50  24 
-38  58  8 
-18  0  24 

//Reference=MNI 
//nullstudy_35
//Subjects=29
-12  -66  -4 
-24  -10  -12 
-2  -38  -22 
-20  -72  -30 
-26  50  14 
-30  -74  -26 
-12  20  6 
-28  -12  74 

//Reference=MNI 
//nullstudy_36
//Subjects=28
-50  -8  -30 
-38  -62  -54 
12  10  -8 
-38  -74  -42 
-18  -64  0 
52  42  -6 
-28  -46  68 
-46  10  -4 

//Reference=MNI 
//nullstudy_37
//Subjects=31
-20  -44  70 
-20  -52  -32 
-22  -86  34 
-8  54  2 
6  64  -16 
-26  46  22 
-38  -46  -10 
-2  40  -28 

//Reference=MNI 
//nullstudy_38
//Subjects=31
-4  -48  -18 
-28  -26  -14 
-12  -46  52 
-34  -34  66 
-32  -4  -32 
-2  48  20 
8  50  6 
-6  34  18 

//Reference=MNI 
//nullstudy_39
//Subjects=29
-36  -64  52 
28  4  -26 
-6  46  16 
-10  52  38 
-8  -82  -28 
-50  -62  -20 
-58  8  -28 
22  40  30 

//Reference=MNI 
//nullstudy_40
//Subjects=31
-12  -104  -4 
-24  -68  -26 
-54  -10  16 
-42  -62  20 
-22  50  2 
-8  -82  -38 
-26  -2  64 
-36  -22  46 

//Reference=MNI 
//nullstudy_41
//Subjects=31
0  40  18 
-16  -60  -24 
-26  64  12 
-44  -54  58 
36  54  26 
-48  -58  24 
22  2  -8 
-12  -42  -36 

//Reference=MNI 
//nullstudy_42
//Subjects=29
-54  6  4 
34  30  22 
-28  -12  -18 
-48  42  10 
-26  -64  40 
-36  -6  -6 
-22  -60  30 
0  42  40 

//Reference=MNI 
//nullstudy_43
//Subjects=30
-48  -18  -32 
-30  -18  62 
-16  -28  58 
-26  26  -12 
-30  -38  54 
-68  -18  -2 
-10  -48  -64 
24  4  68 

//Reference=MNI 
//nullstudy_44
//Subjects=30
-10  -24  64 
-30  22  -10 
-14  -60  -56 
-14  -34  12 
-30  -34  18 
-64  -26  -2 
-32  -18  -38 
-26  -98  6 

//Reference=MNI 
//nullstudy_45
//Subjects=30
48  20  10 
-12  -96  -22 
-8  -86  32 
-14  -44  -28 
-44  -76  -44 
-24  -34  18 
42  12  -44 
-18  -64  52 

//Reference=MNI 
//nullstudy_46
//Subjects=30
-20  -44  -42 
40  62  -4 
-10  12  -30 
-14  24  -4 
-24  -44  -4 
-50  -22  28 
-40  42  14 
30  10  -26 

//Reference=MNI 
//nullstudy_47
//Subjects=30
-26  22  -6 
-32  -32  20 
-62  -64  4 
-44  16  -38 
-28  -48  38 
-62  -22  2 
-58  -42  22 
-16  -42  50 

//Reference=MNI 
//nullstudy_48
//Subjects=32
-54  -52  20 
-18  -66  -6 
-50  -30  -12 
-30  4  -26 
-6  -6  -10 
-62  8  28 
48  30  2 
-28  6  68 

//Reference=MNI 
//nullstudy_49
//Subjects=29
32  46  -16 
-14  -62  62 
-16  4  -6 
-4  -84  30 
2  6  -14 
10  38  6 
-18  18  -2 
-66  -28  18 

//Reference=MNI 
//nullstudy_50
//Subjects=30
-30  -92  -2 
-44  -14  -34 
-18  -82  34 
-24  -14  -18 
-38  12  28 
-8  -48  62 
-28  -34  -28 
-36  -54  28 

//Reference=MNI 
//nullstudy_51
//Subjects=30
42  8  30 
-46  -42  28 
16  58  -16 
-44  4  58 
-2  50  46 
-4  -26  8 
-38  -78  20 
-4  56  4 

//Reference=MNI 
//nullstudy_52
//Subjects=28
4  56  -14 
-42  -26  22 
-2  28  -8 
-24  -54  -62 
-34  44  2 
-20  -84  2 
-68  -22  0 
42  34  2 

//Reference=MNI 
//nullstudy_53
//Subjects=30
-14  -78  -10 
44  52  16 
6  38  8 
-8  -66  22 
-10  12  30 
-28  60  14 
-44  -82  -2 
-28  12  10 

//Reference=MNI 
//nullstudy_54
//Subjects=31
-12  -72  -40 
24  46  42 
42  44  -16 
-6  -96  26 
-24  18  -14 
-6  64  -18 
-62  -34  -28 
34  14  4 

//Reference=MNI 
//nullstudy_55
//Subjects=30
-12  -70  -50 
-12  52  -14 
32  36  50 
-34  14  38 
-6  -36  44 
-22  14  54 
-56  -30  26 
10  50  8 

//Reference=MNI 
//nullstudy_56
//Subjects=30
-26  -42  46 
-4  -46  -64 
-24  -80  -40 
-6  -82  -40 
4  46  6 
-42  -46  -24 
-50  28  14 
-6  28  -22 

//Reference=MNI 
//nullstudy_57
//Subjects=30
-8  -98  8 
-46  -44  -46 
-44  -78  26 
-12  -14  22 
-42  18  -4 
-12  -74  -52 
-52  -14  -34 
-34  16  -16 

//Reference=MNI 
//nullstudy_58
//Subjects=30
-46  -46  -14 
2  14  70 
-46  16  -38 
-22  -82  -2 
-44  -62  -18 
4  20  46 
-52  -42  2 
-52  14  -20 

//Reference=MNI 
//nullstudy_59
//Subjects=29
-22  -80  46 
-40  -68  -22 
-16  14  -16 
6  40  -6 
-46  -4  36 
42  20  42 
-6  18  -24 
-56  -24  26 

//Reference=MNI 
//nullstudy_60
//Subjects=32
-42  36  16 
26  28  56 
-30  16  -44 
52  18  -16 
46  48  -12 
18  12  -38 
-22  -50  0 
-62  -4  -12 

//Reference=MNI 
//nullstudy_61
//Subjects=30
-34  -64  -42 
-46  2  38 
-48  -74  -28 
40  6  4 
-54  -58  -22 
36  48  6 
10  50  -22 
-60  -32  -2 

//Reference=MNI 
//nullstudy_62
//Subjects=28
18  26  10 
-4  -24  20 
-24  -40  54 
-8  -56  46 
-28  -50  40 
42  4  -24 
6  50  14 
46  8  30 

//Reference=MNI 
//nullstudy_63
//Subjects=31
-40  36  -16 
-58  -40  16 
-30  16  -28 
32  14  12 
-36  -60  -28 
38  28  52 
-48  -54  -44 
-8  52  32 

//Reference=MNI 
//nullstudy_64
//Subjects=29
-20  -26  62 
20  56  30 
-66  -12  -10 
-8  -96  -22 
-16  -20  -26 
-18  -86  -50 
-8  -64  -4 
-56  -38  -22 

//Reference=MNI 
//nullstudy_65
//Subjects=30
64  6  10 
-46  -16  36 
-6  -84  8 
-30  -46  54 
-16  0  16 
-18  -64  -56 
-24  66  12 
-56  16  8 

//Reference=MNI 
//nullstudy_66
//Subjects=29
-44  16  -26 
-60  12  2 
28  46  -10 
-18  56  0 
4  58  -12 
44  22  -12 
-26  10  -4 
-2  -60  -16 

//Reference=MNI 
//nullstudy_67
//Subjects=30
-30  12  -18 
-38  -10  -8 
-44  -34  54 
-30  -20  -10 
-46  -32  20 
8  36  46 
8  52  -16 
-6  -24  2 

//Reference=MNI 
//nullstudy_68
//Subjects=28
46  8  -12 
-4  38  12 
-4  0  58 
-4  56  28 
-22  34  28 
38  38  4 
-64  -30  -8 
-6  30  20 

//Reference=MNI 
//nullstudy_69
//Subjects=29
-58  -4  -26 
20  10  -32 
-46  -30  20 
-38  -18  -26 
-2  -82  -26 
0  54  -8 
-12  -10  -16 
16  52  46 

//Reference=MNI 
//nullstudy_70
//Subjects=30
52  22  32 
-46  36  -12 
6  12  2 
-26  -18  72 
52  20  -28 
-30  64  -6 
24  58  24 
-32  32  6 

//Reference=MNI 
//nullstudy_71
//Subjects=32
14  24  52 
-32  -22  60 
24  62  -4 
-30  32  28 
6  50  12 
-14  -36  -34 
-60  -12  6 
-34  -92  -22 

//Reference=MNI 
//nullstudy_72
//Subjects=31
-6  14  -18 
-10  -74  -4 
-40  -58  18 
34  30  10 
-12  -82  40 
-60  -22  -18 
26  4  66 
8  20  50 

//Reference=MNI 
//nullstudy_73
//Subjects=30
-42  -48  -44 
-58  -20  40 
24  12  -44 
-4  46  10 
6  48  -24 
-2  -72  24 
-24  -90  -4 
-34  0  34 

//Reference=MNI 
//nullstudy_74
//Subjects=29
-24  -34  76 
-58  -60  34 
-34  -86  24 
38  56  -4 
-40  -36  -20 
-36  -52  -18 
-48  42  10 
-10  -104  -6 

//Reference=MNI 
//nullstudy_75
//Subjects=30
18  24  14 
-14  30  26 
10  44  -28 
-4  8  -12 
12  34  36 
-48  30  8 
-48  -24  6 
8  52  24 

//Reference=MNI 
//nullstudy_76
//Subjects=28
-8  -54  34 
-46  32  18 
-30  30  54 
48  34  -12 
-62  -18  -2 
-2  -56  -28 
46  4  2 
-44  -18  64 

//Reference=MNI 
//nullstudy_77
//Subjects=30
-58  -24  30 
-54  -20  -6 
-36  -74  12 
48  6  -42 
-48  24  2 
-48  6  -30 
-36  8  24 
-38  -60  -26 

//Reference=MNI 
//nullstudy_78
//Subjects=31
0  40  -22 
0  54  26 
-40  -62  -26 
-16  46  46 
-66  -8  -6 
-10  -56  -2 
46  28  0 
-4  16  -4 

//Reference=MNI 
//nullstudy_79
//Subjects=29
-4  46  -18 
-4  -68  14 
8  22  46 
-6  -52  12 
-6  64  -10 
-42  8  -18 
-4  -78  -20 
8  56  0 

//Reference=MNI 
//nullstudy_80
//Subjects=30
-60  6  -2 
24  4  70 
-48  -56  34 
54  2  0 
-48  42  6 
-34  -70  16 
-16  -58  -14 
-18  -40  58 

//Reference=MNI 
//nullstudy_81
//Subjects=30
-12  -96  16 
-38  -44  -36 
-26  -72  58 
-50  -50  -50 
-56  -38  -18 
-24  -38  -36 
-22  -38  -32 
-12  -82  -38 

//Reference=MNI 
//nullstudy_82
//Subjects=31
-14  26  -4 
-34  -56  20 
26  22  -14 
-4  70  12 
-2  -26  36 
-8  -92  4 
-14  -52  -6 
-34  -14  12 

//Reference=MNI 
//nullstudy_83
//Subjects=32
-18  14  -40 
-4  46  16 
22  46  16 
-32  -70  -44 
-24  -2  -14 
46  40  12 
-46  -18  -38 
-38  6  -44 

//Reference=MNI 
//nullstudy_84
//Subjects=29
-28  -2  -36 
-2  -24  -34 
-56  -12  18 
54  24  14 
-6  -74  46 
-38  34  -20 
12  32  -22 
-58  8  -8 

//Reference=MNI 
//nullstudy_85
//Subjects=30
-48  20  38 
-38  -84  2 
-22  -102  -6 
40  4  -28 
-24  -74  -20 
-2  20  -12 
12  56  36 
-38  -4  -6 

//Reference=MNI 
//nullstudy_86
//Subjects=30
-28  30  4 
-6  48  -24 
0  26  64 
-54  -52  -30 
-18  22  54 
54  34  -2 
-34  -36  56 
-12  -90  -30 

//Reference=MNI 
//nullstudy_87
//Subjects=30
-34  -6  -6 
-34  -20  12 
-38  34  -16 
32  38  22 
24  26  38 
-56  -52  4 
-34  -50  -48 
-14  -64  -30 

//Reference=MNI 
//nullstudy_88
//Subjects=30
-2  26  58 
-12  -102  16 
-36  -52  30 
-22  46  -18 
-64  -50  22 
-14  -40  34 
-52  -60  10 
-66  -46  2 

//Reference=MNI 
//nullstudy_89
//Subjects=31
-36  -52  -46 
-32  46  26 
-40  -80  -30 
-26  -40  2 
-40  24  46 
-52  -34  16 
-42  -68  -32 
-40  -82  -36 

//Reference=MNI 
//nullstudy_90
//Subjects=32
64  4  -10 
-24  38  52 
-64  -42  6 
-20  -76  -56 
-22  66  6 
-50  -4  22 
-62  -22  -30 
14  6  16 

//Reference=MNI 
//nullstudy_91
//Subjects=29
-36  -32  14 
18  18  58 
34  8  60 
-42  4  -16 
12  34  30 
30  22  -8 
4  18  20 
-30  -58  30 

//Reference=MNI 
//nullstudy_92
//Subjects=31
-36  44  -4 
14  6  -2 
-50  32  -14 
30  16  -28 
-50  -62  -10 
-32  -82  -18 
-40  -42  42 
-56  14  36 

//Reference=MNI 
//nullstudy_93
//Subjects=29
20  60  -2 
20  28  58 
-42  16  -42 
40  6  -44 
-34  10  34 
14  40  22 
-6  50  -2 
-60  -10  -30 

//Reference=MNI 
//nullstudy_94
//Subjects=30
4  20  -10 
-42  -34  18 
18  32  60 
-18  -100  -2 
8  66  8 
-50  -14  -30 
-14  46  36 
-36  -6  -8 

//Reference=MNI 
//nullstudy_95
//Subjects=29
-44  4  14 
40  10  42 
-22  -56  -46 
-24  -84  28 
-14  -48  68 
-22  8  -46 
-38  -84  26 
-14  -50  -46 

//Reference=MNI 
//nullstudy_96
//Subjects=30
-42  52  -10 
-38  -42  -46 
-16  -6  -30 
-62  -26  14 
-46  6  -22 
-68  -16  -14 
-12  -60  -54 
-42  36  2 

//Reference=MNI 
//nullstudy_97
//Subjects=29
-6  -44  28 
-42  -4  -4 
34  26  24 
-52  -68  -6 
-24  -38  -24 
-8  -8  6 
-26  22  -6 
-52  -40  2 

//Reference=MNI 
//nullstudy_98
//Subjects=30
-10  -18  20 
-6  -78  28 
-50  -32  2 
-52  -28  0 
-24  -80  18 
-20  52  -18 
-60  -34  -26 
-32  -26  46 

//Reference=MNI 
//nullstudy_99
//Subjects=30
-18  -44  -50 
-10  16  10 
-42  -40  -18 
-46  -50  -30 
0  32  2 
-54  -26  50 
-30  6  54 
-24  4  50 

//Reference=MNI 
//nullstudy_100
//Subjects=31
4  30  0 
-62  -60  -14 
-4  12  26 
12  38  -22 
-2  -64  -34 
-28  -78  12 
-46  -34  8 
-56  6  -18 

