//Reference=MNI 
//truestudy_1
//Subjects=11
45  -65  -6 
46  -65  -7 
46  -66  -5 
47  -65  -6 
44  -67  -7 
47  -67  -7 
45  -66  -5 
45  -66  -5 

//Reference=MNI 
//truestudy_2
//Subjects=9
46  -67  -7 
46  -65  -6 
44  -66  -6 
46  -67  -7 
46  -66  -6 
46  -66  -7 
46  -66  -5 
48  -66  -5 

//Reference=MNI 
//truestudy_3
//Subjects=10
46  -67  -6 
46  -65  -4 
47  -66  -4 
43  -68  -6 
46  -65  -6 
47  -68  -5 
44  -66  -7 
46  -66  -5 

//Reference=MNI 
//nullstudy_1
//Subjects=11
-20  -78  -28 
-18  -100  6 
-64  -46  8 
-36  -62  40 
-30  -62  -40 
-38  -8  20 
-36  42  -4 
-16  -60  -56 

//Reference=MNI 
//nullstudy_2
//Subjects=9
-58  -36  -2 
-16  -54  -16 
-28  -82  -38 
-42  -42  6 
-66  -28  32 
-4  68  16 
-58  12  8 
-40  -18  68 

//Reference=MNI 
//nullstudy_3
//Subjects=10
-14  -36  12 
-66  -16  16 
-54  -38  32 
-34  4  -32 
-18  4  6 
-40  26  30 
-4  -38  -52 
-36  32  10 

//Reference=MNI 
//nullstudy_4
//Subjects=10
-22  -70  -20 
-24  -72  -58 
56  6  42 
0  50  40 
-6  -12  42 
-6  60  10 
-42  10  52 
-44  -18  -4 

//Reference=MNI 
//nullstudy_5
//Subjects=9
-66  -12  30 
-42  -58  -34 
-2  4  68 
-22  -100  12 
-40  -26  -24 
-56  28  0 
2  22  42 
-34  8  2 

//Reference=MNI 
//nullstudy_6
//Subjects=9
4  32  38 
-32  4  -28 
-28  30  0 
16  54  -18 
-42  -80  -12 
-16  -84  40 
-70  -20  -14 
-14  36  -18 

//Reference=MNI 
//nullstudy_7
//Subjects=11
-14  -84  46 
-6  -14  30 
-8  10  42 
-64  0  12 
-16  22  -10 
64  2  4 
36  42  -18 
48  2  -28 

//Reference=MNI 
//nullstudy_8
//Subjects=9
32  12  -2 
-8  -76  -40 
8  6  12 
-18  -18  70 
-20  -58  10 
-50  -20  -6 
20  54  12 
-14  -42  30 

//Reference=MNI 
//nullstudy_9
//Subjects=8
2  34  -28 
-6  -64  40 
-66  -28  12 
-44  -66  30 
-48  -20  -8 
12  30  62 
-48  -62  -32 
-4  -48  14 

//Reference=MNI 
//nullstudy_10
//Subjects=12
-16  10  0 
-28  -60  62 
-26  -8  -44 
-40  -44  38 
44  28  48 
-32  52  -2 
-34  -44  -20 
-58  -8  -4 

//Reference=MNI 
//nullstudy_11
//Subjects=10
44  14  52 
-12  -60  64 
-20  4  -2 
-12  10  -28 
2  14  44 
42  46  30 
-4  -88  18 
-24  -50  -54 

//Reference=MNI 
//nullstudy_12
//Subjects=10
30  36  28 
-44  40  4 
-56  -32  -12 
-42  2  12 
-42  -52  6 
-22  -22  -20 
-24  -58  -22 
-54  -74  -8 

//Reference=MNI 
//nullstudy_13
//Subjects=10
-28  32  -24 
0  24  64 
-24  -38  -56 
30  8  4 
-48  -40  -30 
-10  2  10 
-34  26  28 
-34  34  -22 

//Reference=MNI 
//nullstudy_14
//Subjects=10
48  12  24 
-2  -36  -10 
-4  -94  30 
30  54  26 
-60  -32  30 
-26  34  36 
-40  34  2 
-2  -54  54 

//Reference=MNI 
//nullstudy_15
//Subjects=10
-8  46  -26 
-12  4  -2 
-10  -80  8 
-2  -24  -14 
-38  0  6 
-26  -42  -32 
-34  6  -2 
-52  -6  48 

//Reference=MNI 
//nullstudy_16
//Subjects=9
10  24  64 
-28  6  -14 
-2  -32  52 
-6  -22  -48 
-36  -66  -40 
-38  -80  -14 
-30  24  32 
-34  -10  -2 

//Reference=MNI 
//nullstudy_17
//Subjects=10
-32  -42  2 
-2  -56  -54 
-12  -106  -4 
-10  32  46 
26  54  -14 
-2  50  -6 
-36  -32  10 
-38  -62  -16 

//Reference=MNI 
//nullstudy_18
//Subjects=10
-52  -34  58 
-48  16  34 
18  22  52 
28  6  -32 
-32  -52  -46 
-26  -22  -14 
-52  18  -2 
-32  -60  -18 

//Reference=MNI 
//nullstudy_19
//Subjects=10
-58  -30  2 
-38  -72  -22 
-30  -96  2 
-10  -56  54 
-56  10  18 
-30  16  -12 
22  12  -24 
-28  8  66 

//Reference=MNI 
//nullstudy_20
//Subjects=11
-40  -24  44 
-34  56  2 
24  60  -10 
-44  -60  -20 
-36  34  -4 
-6  -18  32 
10  50  12 
-6  28  62 

//Reference=MNI 
//nullstudy_21
//Subjects=10
-22  -74  -60 
-48  6  10 
12  36  -20 
-62  4  -6 
16  18  14 
-8  -74  -48 
-12  12  14 
10  6  18 

//Reference=MNI 
//nullstudy_22
//Subjects=12
44  50  -2 
-34  -46  -26 
-48  46  -6 
18  2  -40 
-4  -32  2 
-10  -78  46 
-44  -54  56 
14  48  4 

//Reference=MNI 
//nullstudy_23
//Subjects=12
-32  8  30 
-2  4  58 
-22  6  58 
34  2  6 
-4  -70  -10 
-26  -4  66 
4  34  38 
-24  -86  -6 

//Reference=MNI 
//nullstudy_24
//Subjects=9
-38  -84  16 
-4  -36  78 
-42  46  22 
-42  -4  0 
-48  0  -24 
-40  28  -16 
12  40  46 
-4  54  -28 

//Reference=MNI 
//nullstudy_25
//Subjects=9
-10  -32  -2 
26  16  -4 
34  42  0 
-30  -66  44 
-14  -42  -8 
-14  -84  42 
-34  -72  -24 
-10  -24  14 

//Reference=MNI 
//nullstudy_26
//Subjects=11
-22  -68  -40 
-2  30  -8 
-20  -38  -30 
-32  40  8 
-24  -50  -26 
56  2  2 
-8  44  46 
-8  4  20 

//Reference=MNI 
//nullstudy_27
//Subjects=8
-24  -66  60 
-46  -70  46 
-28  -6  -10 
36  48  -14 
-10  -54  -30 
8  12  68 
-26  50  -16 
-20  -104  -2 

//Reference=MNI 
//nullstudy_28
//Subjects=9
-46  -86  -10 
-6  -82  -40 
40  38  26 
12  42  4 
42  52  -10 
2  54  6 
-2  -14  64 
-42  -32  48 

//Reference=MNI 
//nullstudy_29
//Subjects=7
-42  -74  18 
-20  -38  -18 
-46  50  -12 
-24  -4  -50 
4  54  6 
-46  -32  14 
26  8  -26 
-64  -2  22 

//Reference=MNI 
//nullstudy_30
//Subjects=11
52  4  44 
-28  22  50 
24  6  -4 
-42  -48  -18 
-2  -6  14 
-6  56  42 
-24  -90  26 
-36  2  60 

//Reference=MNI 
//nullstudy_31
//Subjects=9
-46  30  36 
30  22  -12 
-52  -64  26 
36  64  6 
-20  -64  58 
-60  -10  0 
-42  14  32 
18  26  -14 

//Reference=MNI 
//nullstudy_32
//Subjects=11
4  22  56 
62  2  34 
6  12  -20 
-20  -68  -52 
24  22  -18 
46  18  6 
-40  8  18 
-2  32  62 

//Reference=MNI 
//nullstudy_33
//Subjects=9
-6  28  32 
-26  -64  -34 
32  32  4 
-8  -66  -30 
-48  -66  32 
-2  -86  30 
22  60  -12 
-48  -24  -28 

//Reference=MNI 
//nullstudy_34
//Subjects=9
-44  -14  46 
-4  -92  12 
2  10  -16 
-6  -14  20 
-26  -40  -10 
-4  -24  -44 
-16  -76  20 
-18  -70  -34 

//Reference=MNI 
//nullstudy_35
//Subjects=11
-8  6  -20 
28  2  2 
-10  0  12 
-28  2  -46 
-48  -42  26 
-38  16  -36 
-26  46  20 
48  48  12 

//Reference=MNI 
//nullstudy_36
//Subjects=10
-64  -20  34 
-32  26  24 
-28  -76  -36 
-60  -42  -2 
-28  0  -14 
-16  36  50 
-26  -18  -8 
-12  42  12 

//Reference=MNI 
//nullstudy_37
//Subjects=10
-52  2  -30 
30  24  -34 
-54  -28  -12 
0  28  58 
-62  -48  30 
-18  -52  -34 
-42  44  -20 
-54  -40  -22 

//Reference=MNI 
//nullstudy_38
//Subjects=9
-46  -74  -8 
-8  -54  44 
-6  -54  -8 
-26  -78  -32 
-8  4  -20 
-6  38  56 
-36  -34  -12 
38  14  50 

//Reference=MNI 
//nullstudy_39
//Subjects=10
56  20  34 
-20  -76  -52 
-20  52  12 
32  32  4 
-48  -42  4 
-24  -78  -42 
-24  -44  -36 
4  18  10 

//Reference=MNI 
//nullstudy_40
//Subjects=10
-6  18  -20 
-42  -66  24 
-18  -20  62 
-2  20  50 
46  12  2 
-34  36  32 
-46  -74  42 
34  10  38 

//Reference=MNI 
//nullstudy_41
//Subjects=10
-56  -54  -22 
-36  6  36 
-54  -4  50 
-10  34  54 
-30  -8  -8 
-30  -24  50 
-6  -52  -28 
-10  -94  32 

//Reference=MNI 
//nullstudy_42
//Subjects=9
-18  -26  -32 
8  22  -26 
-18  54  20 
-44  -18  42 
-64  -28  -20 
-42  -16  4 
0  30  34 
-32  -16  12 

//Reference=MNI 
//nullstudy_43
//Subjects=9
36  30  -2 
44  20  -22 
40  32  42 
-62  -26  -4 
-36  -58  24 
-2  -72  -42 
-44  -48  20 
-4  2  40 

//Reference=MNI 
//nullstudy_44
//Subjects=10
-8  46  -30 
-32  -46  -24 
-32  38  -16 
-30  -60  -18 
-8  -82  32 
-10  -42  -14 
62  12  26 
-20  -16  -12 

//Reference=MNI 
//nullstudy_45
//Subjects=10
-14  -56  -14 
26  54  -14 
20  62  14 
-54  -8  6 
-60  -34  36 
-34  24  36 
-32  -8  64 
-34  -68  32 

//Reference=MNI 
//nullstudy_46
//Subjects=10
-16  12  70 
38  2  -24 
18  52  -6 
-20  -86  -22 
-44  -16  -28 
-14  -74  6 
36  18  -16 
-22  -36  24 

//Reference=MNI 
//nullstudy_47
//Subjects=10
26  64  12 
-6  58  30 
50  2  -6 
46  42  26 
14  6  -10 
20  56  -18 
-46  -42  38 
-6  -84  48 

//Reference=MNI 
//nullstudy_48
//Subjects=10
30  12  54 
-22  62  -6 
-50  42  12 
-42  -84  30 
16  8  -42 
-58  -68  -8 
-20  -86  4 
6  40  54 

//Reference=MNI 
//nullstudy_49
//Subjects=11
26  8  -14 
-36  -58  -14 
-40  -72  -40 
-48  -6  -6 
-16  -78  -10 
-58  -64  -10 
-16  -76  -4 
-14  -90  -18 

//Reference=MNI 
//nullstudy_50
//Subjects=9
-46  -12  20 
12  60  -24 
48  38  32 
-24  -52  46 
-60  -10  26 
-2  -62  18 
-28  -44  -30 
48  12  -10 

//Reference=MNI 
//nullstudy_51
//Subjects=12
-18  -76  -34 
-28  -40  -40 
-4  -84  42 
-46  -38  28 
-4  -72  16 
-16  -42  36 
-20  38  30 
-50  -46  50 

//Reference=MNI 
//nullstudy_52
//Subjects=12
-66  -6  -8 
28  34  34 
-2  36  52 
-36  -34  66 
-6  -102  2 
-46  -26  -4 
-2  -22  40 
-28  -50  -44 

//Reference=MNI 
//nullstudy_53
//Subjects=10
-2  -30  -52 
-20  -28  -10 
8  30  32 
38  32  26 
-10  -24  48 
-46  -20  54 
50  10  44 
-14  -62  -30 

//Reference=MNI 
//nullstudy_54
//Subjects=9
12  66  -14 
4  18  12 
58  10  -24 
-8  -40  48 
0  26  62 
-30  -42  -18 
-12  -84  10 
-68  -22  20 

//Reference=MNI 
//nullstudy_55
//Subjects=9
-24  -8  -40 
-46  -30  26 
-66  -8  -4 
-8  -30  6 
-58  -56  16 
-18  -28  22 
-44  36  -18 
-32  -2  -10 

//Reference=MNI 
//nullstudy_56
//Subjects=11
-50  -58  -18 
-22  16  -22 
-58  -16  -26 
-30  22  -40 
-4  34  44 
50  16  -22 
-8  4  42 
-10  -64  -22 

//Reference=MNI 
//nullstudy_57
//Subjects=9
-6  -20  -24 
-18  -68  18 
16  52  -2 
40  22  -34 
-2  -60  58 
-30  62  -8 
-6  -12  -18 
-20  14  54 

//Reference=MNI 
//nullstudy_58
//Subjects=11
-50  -50  -26 
-8  34  -16 
-50  -62  -28 
54  18  10 
-12  28  -14 
-12  -72  54 
-56  -16  42 
-54  -16  32 

//Reference=MNI 
//nullstudy_59
//Subjects=10
-16  66  20 
-8  -42  -54 
-16  60  -16 
-34  0  -28 
-14  -48  44 
-22  -44  60 
-4  -62  -22 
-26  28  52 

//Reference=MNI 
//nullstudy_60
//Subjects=11
-12  -70  64 
20  30  -20 
18  28  56 
-34  -50  -2 
-48  -52  -50 
-10  -46  56 
-6  -54  10 
-50  42  -8 

//Reference=MNI 
//nullstudy_61
//Subjects=10
24  48  30 
-2  -8  0 
-48  -8  -34 
36  50  20 
-6  50  14 
-2  -42  -34 
-52  -18  -6 
-14  -46  72 

//Reference=MNI 
//nullstudy_62
//Subjects=11
-48  18  -2 
-36  -60  -34 
-24  -34  -24 
44  6  -46 
-50  -20  46 
-24  -68  -40 
-52  -34  18 
-38  -14  54 

//Reference=MNI 
//nullstudy_63
//Subjects=9
-18  70  12 
-16  -58  60 
-30  28  -4 
16  2  16 
-54  -66  -32 
-44  -76  36 
-20  -60  -24 
-38  16  10 

//Reference=MNI 
//nullstudy_64
//Subjects=10
-8  -58  58 
44  48  16 
2  24  34 
-4  50  -24 
-34  -72  46 
20  16  54 
46  4  18 
16  16  -2 

//Reference=MNI 
//nullstudy_65
//Subjects=10
-38  48  4 
30  10  -46 
-24  -12  6 
-24  52  34 
2  30  22 
-32  28  10 
-8  52  26 
-48  -16  38 

//Reference=MNI 
//nullstudy_66
//Subjects=10
-50  -62  26 
24  16  -14 
-28  56  32 
-34  -46  60 
-52  4  22 
-16  -40  58 
32  18  -38 
-28  0  50 

//Reference=MNI 
//nullstudy_67
//Subjects=11
-46  6  10 
-22  -40  -14 
30  24  36 
-8  -62  -40 
8  52  42 
36  22  -20 
44  32  26 
-6  -44  0 

//Reference=MNI 
//nullstudy_68
//Subjects=12
-46  -64  -46 
-40  -78  -38 
-30  12  -24 
20  4  -22 
50  38  -6 
22  12  -34 
10  44  -26 
-28  2  10 

//Reference=MNI 
//nullstudy_69
//Subjects=9
-26  -64  -50 
-38  -92  -10 
6  28  26 
-4  -50  46 
-14  -74  -26 
-40  26  16 
44  2  16 
44  46  24 

//Reference=MNI 
//nullstudy_70
//Subjects=11
-48  -54  -2 
-46  18  6 
34  4  -12 
-6  -54  -8 
-44  -90  -4 
44  22  18 
-52  -28  56 
-4  8  -2 

//Reference=MNI 
//nullstudy_71
//Subjects=8
-2  -28  -50 
-6  -42  -52 
50  42  16 
-32  -72  32 
-20  56  -20 
8  32  42 
16  2  18 
2  16  -22 

//Reference=MNI 
//nullstudy_72
//Subjects=10
-52  -22  6 
-12  -46  -6 
-56  -14  12 
-38  -2  -18 
46  10  36 
-30  10  30 
-22  -92  -20 
-28  -48  -50 

//Reference=MNI 
//nullstudy_73
//Subjects=9
-46  2  36 
-28  -4  48 
20  14  12 
-42  -68  20 
-60  -58  20 
-40  26  -10 
-34  8  -20 
-18  -58  22 

//Reference=MNI 
//nullstudy_74
//Subjects=9
-22  -14  -26 
-56  -22  -36 
-42  -64  22 
28  20  -22 
-22  -64  30 
44  4  52 
-50  -72  -36 
-32  -8  50 

//Reference=MNI 
//nullstudy_75
//Subjects=12
-12  -38  -14 
-12  -60  -8 
-4  -18  -10 
-42  -12  -4 
-18  -80  14 
-36  12  34 
58  6  -30 
-40  -2  -32 

//Reference=MNI 
//nullstudy_76
//Subjects=10
-6  -54  -24 
-48  28  14 
24  48  18 
54  4  20 
-32  0  -18 
-42  10  54 
-20  -54  20 
16  46  50 

//Reference=MNI 
//nullstudy_77
//Subjects=9
-8  -64  6 
-44  16  10 
-2  -22  32 
10  2  70 
22  44  30 
-60  -6  34 
-54  -56  -16 
32  54  -8 

//Reference=MNI 
//nullstudy_78
//Subjects=10
42  22  4 
-54  -32  -32 
18  36  -16 
-28  -4  -18 
-50  -18  -24 
6  64  20 
24  28  52 
38  18  -12 

//Reference=MNI 
//nullstudy_79
//Subjects=8
-10  22  26 
-8  -40  -22 
-52  -28  48 
-12  -52  -34 
-34  22  20 
-14  -8  -40 
-14  -36  -28 
20  12  48 

//Reference=MNI 
//nullstudy_80
//Subjects=10
-38  -40  -50 
18  16  70 
-44  -78  -26 
-10  14  -8 
-20  -52  2 
-58  -52  -32 
-18  -38  44 
-42  -40  8 

//Reference=MNI 
//nullstudy_81
//Subjects=10
-26  -64  -22 
-40  -56  -8 
-12  -84  -4 
-2  2  60 
42  24  -30 
30  34  -10 
52  12  14 
-16  58  10 

//Reference=MNI 
//nullstudy_82
//Subjects=11
-18  -44  50 
46  12  32 
-22  -90  -16 
-12  -74  18 
-44  -18  36 
-24  36  -14 
-30  4  32 
-44  -60  54 

//Reference=MNI 
//nullstudy_83
//Subjects=9
-2  -2  36 
-6  -34  50 
-10  42  34 
32  2  10 
-6  6  68 
-44  -32  6 
34  40  -6 
-14  -80  -16 

//Reference=MNI 
//nullstudy_84
//Subjects=11
-22  48  16 
-6  10  74 
48  34  28 
38  16  42 
-32  -54  -42 
-48  38  -2 
-68  -20  0 
-12  -94  -26 

//Reference=MNI 
//nullstudy_85
//Subjects=10
-40  -30  22 
-20  -26  14 
-4  -40  68 
-30  10  34 
22  6  48 
24  10  -22 
-28  48  -16 
-20  16  -16 

//Reference=MNI 
//nullstudy_86
//Subjects=10
-10  28  44 
-36  -56  -44 
-16  -98  -2 
2  2  60 
-40  -40  58 
-42  -12  -10 
-22  -28  18 
2  54  -22 

//Reference=MNI 
//nullstudy_87
//Subjects=8
56  36  -8 
-20  -6  72 
-34  32  42 
-42  -46  -34 
-12  8  68 
-22  56  14 
18  4  26 
-60  8  -4 

//Reference=MNI 
//nullstudy_88
//Subjects=12
30  52  10 
18  6  14 
30  30  32 
-46  14  30 
-2  -20  -18 
-12  -78  -54 
-24  -76  4 
-38  -2  62 

//Reference=MNI 
//nullstudy_89
//Subjects=9
-4  34  16 
-10  -18  -20 
-52  -64  -18 
-56  -54  24 
-56  -32  -8 
-2  -44  -50 
44  34  8 
30  20  -18 

//Reference=MNI 
//nullstudy_90
//Subjects=10
-4  -58  -58 
16  56  -2 
50  12  -2 
-44  -20  38 
36  10  62 
-52  -70  28 
-4  -14  2 
-58  -44  -2 

//Reference=MNI 
//nullstudy_91
//Subjects=10
-50  16  24 
-8  -58  -34 
4  66  -4 
6  66  26 
-46  -36  14 
-22  -78  4 
32  36  38 
-60  16  18 

//Reference=MNI 
//nullstudy_92
//Subjects=10
2  22  44 
-50  32  -10 
-22  38  -12 
-16  -48  -58 
30  54  32 
-46  -38  6 
-16  4  66 
-44  38  4 

//Reference=MNI 
//nullstudy_93
//Subjects=11
-14  44  -26 
-2  22  -4 
12  20  12 
-26  -46  -12 
-58  -26  -18 
-34  18  -42 
38  30  38 
-8  -74  32 

//Reference=MNI 
//nullstudy_94
//Subjects=9
-4  -2  10 
-34  -74  36 
-4  -2  14 
-14  48  6 
10  22  52 
-14  -28  -30 
-8  24  -16 
-50  20  40 

//Reference=MNI 
//nullstudy_95
//Subjects=12
-38  2  62 
-14  -50  70 
-14  -48  48 
-6  -44  -40 
0  54  22 
-48  -42  18 
-24  36  54 
-26  -76  54 

//Reference=MNI 
//nullstudy_96
//Subjects=10
-22  -36  72 
-14  24  -24 
-32  42  38 
-48  -60  34 
-60  -2  8 
-30  -92  24 
-26  -30  -8 
-10  56  -16 

//Reference=MNI 
//nullstudy_97
//Subjects=10
-48  -58  40 
-16  26  -2 
-54  -20  24 
-10  -92  -38 
12  4  46 
-14  -18  -8 
-8  -4  36 
-4  -72  46 

//Reference=MNI 
//nullstudy_98
//Subjects=10
-54  -26  10 
-58  14  20 
-4  -78  0 
-42  32  6 
-52  -48  38 
26  22  40 
28  6  8 
-30  -22  68 

//Reference=MNI 
//nullstudy_99
//Subjects=10
-42  44  18 
-64  -42  20 
16  38  50 
-50  -16  -8 
-14  6  70 
-8  -40  6 
30  4  56 
-64  -38  36 

//Reference=MNI 
//nullstudy_100
//Subjects=10
52  38  24 
-52  -72  18 
-18  -24  28 
44  34  -12 
-6  8  58 
-2  26  -22 
-32  -46  -42 
-16  44  42 

