//Reference=MNI 
//truestudy_1
//Subjects=18
45  -67  -7 
47  -65  -6 
46  -66  -6 
47  -67  -7 
46  -65  -6 
47  -64  -6 
46  -67  -7 
45  -66  -7 

//Reference=MNI 
//truestudy_2
//Subjects=21
46  -65  -8 
47  -67  -6 
46  -67  -6 
47  -66  -6 
46  -67  -7 
49  -67  -8 
44  -66  -6 
46  -67  -7 

//Reference=MNI 
//truestudy_3
//Subjects=22
46  -67  -4 
45  -66  -7 
46  -66  -5 
45  -66  -7 
46  -65  -6 
47  -66  -5 
45  -65  -6 
46  -66  -6 

//Reference=MNI 
//nullstudy_1
//Subjects=18
36  14  -14 
28  44  28 
-46  -30  -6 
-46  -76  26 
-30  28  -6 
-38  50  28 
42  32  2 
-26  48  -12 

//Reference=MNI 
//nullstudy_2
//Subjects=21
-40  32  16 
14  12  40 
0  18  20 
-14  -26  62 
-16  -52  -64 
-64  -18  20 
-34  10  6 
-16  24  66 

//Reference=MNI 
//nullstudy_3
//Subjects=22
-54  16  4 
-24  0  -10 
-38  -32  24 
-46  -64  -6 
-28  -64  0 
-28  -90  30 
-56  -18  -26 
-24  -12  -6 

//Reference=MNI 
//nullstudy_4
//Subjects=19
-6  -80  12 
-32  -92  22 
-34  -52  66 
-6  -34  26 
46  38  -18 
-2  50  38 
-58  14  32 
-2  -12  4 

//Reference=MNI 
//nullstudy_5
//Subjects=19
-40  26  -14 
34  52  22 
-22  -4  72 
-10  -38  -10 
42  2  26 
-12  -102  10 
-28  2  12 
-22  -102  8 

//Reference=MNI 
//nullstudy_6
//Subjects=20
-2  6  62 
8  20  -2 
-14  -74  -50 
10  18  -22 
-8  -80  -36 
30  4  -30 
14  26  0 
-22  -76  30 

//Reference=MNI 
//nullstudy_7
//Subjects=20
-30  -56  -22 
-2  44  22 
-46  -60  -4 
-60  -62  4 
-50  -8  12 
-24  -72  52 
36  34  14 
-54  -6  -4 

//Reference=MNI 
//nullstudy_8
//Subjects=22
-54  2  4 
46  8  26 
-38  18  -4 
42  44  16 
60  26  6 
-48  28  30 
-34  -4  -28 
-12  -48  -66 

//Reference=MNI 
//nullstudy_9
//Subjects=19
-44  -78  -2 
46  18  50 
-32  20  -4 
-8  2  36 
10  44  -2 
-22  -84  -2 
-6  32  10 
-10  18  2 

//Reference=MNI 
//nullstudy_10
//Subjects=20
-46  18  6 
-32  -14  66 
58  6  6 
-36  -2  16 
-26  -46  62 
-24  -42  -30 
-14  -48  -20 
-40  -16  34 

//Reference=MNI 
//nullstudy_11
//Subjects=20
-2  -54  18 
-36  -74  -32 
-16  -56  16 
38  16  -30 
-28  -64  -26 
-10  -82  -14 
0  50  32 
-50  -36  58 

//Reference=MNI 
//nullstudy_12
//Subjects=20
54  38  -4 
-28  -50  52 
48  50  -12 
-8  66  6 
0  22  58 
-40  -40  42 
32  40  36 
-46  -64  -16 

//Reference=MNI 
//nullstudy_13
//Subjects=20
-40  -68  -4 
56  8  -28 
-4  2  -6 
-10  -70  -2 
-18  -94  -2 
-68  -28  22 
-54  -2  -8 
28  6  -44 

//Reference=MNI 
//nullstudy_14
//Subjects=20
-54  -70  4 
42  32  30 
-36  4  -48 
-48  48  6 
-32  -62  -26 
2  18  48 
-34  -6  42 
-60  -44  -6 

//Reference=MNI 
//nullstudy_15
//Subjects=20
-50  -12  -8 
-36  -16  64 
-38  -14  52 
-22  -86  -40 
-64  -28  10 
4  4  46 
-44  6  -32 
-66  -36  -10 

//Reference=MNI 
//nullstudy_16
//Subjects=18
-12  -70  -30 
0  16  54 
-50  28  20 
-24  10  46 
-22  -30  -14 
-22  -48  0 
46  24  26 
-38  -46  -22 

//Reference=MNI 
//nullstudy_17
//Subjects=23
-46  -56  18 
-34  -6  6 
-50  -54  -22 
10  12  -26 
6  42  28 
-62  -22  46 
-6  60  -4 
-4  8  52 

//Reference=MNI 
//nullstudy_18
//Subjects=18
34  14  2 
-18  -96  22 
0  16  32 
36  42  28 
-60  -54  2 
-50  38  16 
12  42  0 
54  18  22 

//Reference=MNI 
//nullstudy_19
//Subjects=20
16  26  -16 
-44  -18  -2 
2  4  -4 
2  32  54 
-36  -2  44 
-40  -58  -22 
52  16  46 
34  38  4 

//Reference=MNI 
//nullstudy_20
//Subjects=21
-8  -20  60 
-44  -38  30 
36  2  -16 
-40  -40  -14 
-36  -48  -56 
52  2  -20 
-32  38  16 
-46  -46  -28 

//Reference=MNI 
//nullstudy_21
//Subjects=20
-8  -58  52 
36  2  58 
-48  14  34 
-26  48  -8 
-22  -32  2 
-44  -56  -18 
-34  -74  18 
-20  -96  -16 

//Reference=MNI 
//nullstudy_22
//Subjects=20
4  6  34 
-2  -30  -50 
-18  4  -26 
32  42  14 
-10  -12  14 
-8  -32  78 
10  24  0 
-14  52  -18 

//Reference=MNI 
//nullstudy_23
//Subjects=19
-16  -30  -14 
32  48  14 
6  18  30 
-46  -30  14 
14  4  -36 
6  64  -10 
-54  -34  26 
18  20  4 

//Reference=MNI 
//nullstudy_24
//Subjects=19
-8  -62  -26 
-44  -36  64 
-8  -88  4 
28  16  -18 
-58  -46  -18 
-62  -30  18 
6  34  46 
-2  -18  64 

//Reference=MNI 
//nullstudy_25
//Subjects=20
-10  -48  58 
-22  -46  -56 
24  22  -24 
-4  -36  34 
-48  32  14 
-4  28  -6 
-38  -62  26 
-6  -52  -58 

//Reference=MNI 
//nullstudy_26
//Subjects=19
-36  -58  32 
-42  14  16 
-18  -48  -36 
-26  56  -12 
50  46  6 
-30  -60  8 
-46  0  42 
8  18  54 

//Reference=MNI 
//nullstudy_27
//Subjects=22
-2  -44  62 
-6  -8  70 
-50  -58  38 
-22  20  48 
-16  -18  0 
52  24  -14 
-36  -36  38 
4  54  6 

//Reference=MNI 
//nullstudy_28
//Subjects=21
-14  -78  8 
-42  14  8 
-52  -22  28 
-50  -28  52 
-36  -74  42 
-2  -38  -8 
-8  42  18 
-46  -46  -2 

//Reference=MNI 
//nullstudy_29
//Subjects=18
44  20  -6 
-8  10  6 
-40  -38  -26 
32  32  36 
-38  -42  -42 
-14  -28  64 
38  4  40 
-14  -42  30 

//Reference=MNI 
//nullstudy_30
//Subjects=21
30  44  8 
28  14  -40 
-2  -62  16 
42  26  46 
-8  -78  36 
-12  10  56 
-52  -34  -8 
-6  -28  68 

//Reference=MNI 
//nullstudy_31
//Subjects=20
-30  -68  30 
30  30  26 
22  8  -12 
-18  -32  -24 
-8  -28  38 
-36  12  -6 
-8  -78  42 
-34  -10  -30 

//Reference=MNI 
//nullstudy_32
//Subjects=20
-42  -26  10 
-24  4  -34 
-8  -68  34 
6  8  52 
2  10  4 
-22  -36  -20 
40  14  -40 
-10  -50  28 

//Reference=MNI 
//nullstudy_33
//Subjects=21
-58  -28  50 
-20  -8  68 
12  8  48 
-12  -38  36 
-50  44  10 
28  38  16 
-26  -98  -12 
34  20  28 

//Reference=MNI 
//nullstudy_34
//Subjects=19
-20  -76  -32 
-20  -52  -38 
-34  16  14 
4  36  30 
-26  -84  26 
38  48  -2 
6  24  -6 
58  2  -26 

//Reference=MNI 
//nullstudy_35
//Subjects=19
-38  -20  70 
-50  -2  52 
-10  -40  38 
-20  -40  -40 
-34  -60  -32 
-16  -80  -6 
-8  18  60 
-20  -50  -16 

//Reference=MNI 
//nullstudy_36
//Subjects=21
14  44  8 
-58  -24  -12 
-8  46  -28 
-12  -14  -22 
-14  -78  -12 
-34  -70  40 
-12  -22  -38 
38  26  12 

//Reference=MNI 
//nullstudy_37
//Subjects=20
-38  -60  -46 
-2  58  34 
-48  -62  4 
-52  -62  26 
-24  -34  -34 
48  10  -4 
-22  -80  -24 
-16  -90  -18 

//Reference=MNI 
//nullstudy_38
//Subjects=22
30  52  -4 
4  16  30 
-40  -8  -6 
10  32  -24 
-24  -72  50 
-2  26  -30 
8  54  -4 
38  18  -10 

//Reference=MNI 
//nullstudy_39
//Subjects=20
10  44  30 
-20  -88  8 
4  26  -30 
16  62  26 
-60  2  4 
0  22  64 
-8  -96  30 
-32  8  -40 

//Reference=MNI 
//nullstudy_40
//Subjects=20
-44  12  -8 
-32  -84  18 
10  44  -4 
-32  8  42 
-46  -72  30 
18  52  38 
-20  -22  -36 
30  18  4 

//Reference=MNI 
//nullstudy_41
//Subjects=19
-36  -42  -32 
-18  -58  2 
-14  32  -18 
-8  -90  8 
-36  4  4 
-16  -92  -2 
40  22  32 
-36  40  -8 

//Reference=MNI 
//nullstudy_42
//Subjects=18
34  38  24 
6  30  26 
-14  -36  -18 
-56  4  34 
-6  -64  -60 
-66  -12  30 
-40  -82  36 
-10  -14  -2 

//Reference=MNI 
//nullstudy_43
//Subjects=19
48  10  46 
-68  -14  12 
34  28  46 
32  20  12 
-12  64  10 
-12  -54  52 
-28  26  -20 
-56  2  14 

//Reference=MNI 
//nullstudy_44
//Subjects=21
-42  10  -42 
-16  -98  16 
-6  -52  -18 
-38  14  20 
28  24  -4 
-4  -42  0 
-22  52  20 
34  12  -18 

//Reference=MNI 
//nullstudy_45
//Subjects=20
-36  56  -4 
-40  -64  34 
-54  -22  10 
44  2  -6 
-10  62  -8 
-48  32  26 
34  4  8 
-12  -50  -18 

//Reference=MNI 
//nullstudy_46
//Subjects=19
-20  -16  -26 
-50  6  52 
50  36  -10 
-4  -26  68 
-30  -78  -52 
44  2  -8 
12  2  16 
22  12  -34 

//Reference=MNI 
//nullstudy_47
//Subjects=20
-24  -64  12 
-48  -10  46 
-2  28  -2 
-8  34  -6 
-12  -22  36 
-66  -54  4 
44  12  -44 
-4  -6  62 

//Reference=MNI 
//nullstudy_48
//Subjects=20
-42  22  44 
-2  -46  40 
-38  28  24 
-42  14  42 
-14  50  -14 
-44  34  -4 
-58  -12  -22 
-42  54  8 

//Reference=MNI 
//nullstudy_49
//Subjects=20
-52  4  -38 
-24  -42  54 
-42  -58  -2 
-56  2  44 
-2  -12  6 
-56  2  28 
-4  28  18 
-10  -24  50 

//Reference=MNI 
//nullstudy_50
//Subjects=19
44  18  -22 
-58  -44  2 
-16  10  52 
-14  14  4 
-42  -38  -24 
-24  -70  -20 
-66  -40  -18 
-30  24  32 

//Reference=MNI 
//nullstudy_51
//Subjects=21
-12  6  60 
-6  -56  -2 
-22  -26  -14 
2  50  2 
4  56  38 
-32  -56  -26 
-28  -24  -16 
-26  -4  50 

//Reference=MNI 
//nullstudy_52
//Subjects=20
36  26  -24 
-22  30  44 
-30  -64  36 
20  24  -14 
-20  48  24 
-6  28  32 
-62  -40  28 
-20  -54  0 

//Reference=MNI 
//nullstudy_53
//Subjects=19
-60  -38  2 
64  8  0 
-40  -64  14 
-30  4  -16 
-8  46  34 
-56  4  -26 
-40  46  30 
26  38  40 

//Reference=MNI 
//nullstudy_54
//Subjects=19
-4  -42  76 
10  32  10 
-10  -4  56 
28  12  -36 
-58  -44  10 
-14  -54  -14 
52  14  -12 
-2  -30  -52 

//Reference=MNI 
//nullstudy_55
//Subjects=20
-10  -28  68 
-24  52  40 
-44  -20  -30 
-2  -42  38 
-46  -10  -40 
44  16  -22 
-14  -60  32 
-38  -12  54 

//Reference=MNI 
//nullstudy_56
//Subjects=20
-36  -20  22 
-16  -56  60 
-2  -24  80 
-16  -48  -16 
54  16  -8 
34  42  36 
-34  -54  -12 
-18  -78  -36 

//Reference=MNI 
//nullstudy_57
//Subjects=19
-20  4  2 
-54  34  -4 
36  12  62 
-16  -46  -40 
-14  -62  -22 
-6  -76  -30 
-30  -20  60 
-18  -2  74 

//Reference=MNI 
//nullstudy_58
//Subjects=19
-40  -20  40 
-28  -84  36 
-42  -44  44 
24  58  30 
-24  -56  -44 
-32  -40  50 
-52  -12  18 
18  10  58 

//Reference=MNI 
//nullstudy_59
//Subjects=18
44  32  8 
-24  18  -38 
-42  -82  -26 
10  8  6 
-16  30  4 
-6  50  -20 
-44  -46  50 
-66  -16  4 

//Reference=MNI 
//nullstudy_60
//Subjects=22
-38  -50  -24 
12  20  -12 
-18  -90  34 
-2  -30  -46 
8  62  24 
-4  -32  64 
-24  -90  20 
22  18  -2 

//Reference=MNI 
//nullstudy_61
//Subjects=19
-30  -30  62 
-48  -80  10 
-22  -44  4 
-20  -88  8 
0  44  38 
-24  -68  -4 
26  48  36 
-26  30  -12 

//Reference=MNI 
//nullstudy_62
//Subjects=22
34  58  2 
-44  12  46 
-18  -68  -32 
-26  -46  -6 
-8  64  28 
-16  -36  64 
6  10  -18 
-40  2  52 

//Reference=MNI 
//nullstudy_63
//Subjects=21
-14  -70  60 
-4  6  -28 
26  12  42 
52  20  -28 
-26  22  -4 
-28  52  -8 
-12  -10  28 
-42  4  50 

//Reference=MNI 
//nullstudy_64
//Subjects=20
-52  -8  -20 
-24  -46  -26 
-50  -28  14 
-4  -80  20 
12  48  -12 
-32  -70  26 
-36  -90  -22 
-8  -74  30 

//Reference=MNI 
//nullstudy_65
//Subjects=21
-46  28  -4 
-16  10  -10 
-16  -72  -36 
-14  -62  -42 
20  60  28 
-38  6  54 
24  32  -14 
38  22  36 

//Reference=MNI 
//nullstudy_66
//Subjects=20
-6  52  -24 
40  34  14 
-26  -94  0 
-44  -52  -8 
-14  -84  -40 
-14  42  -4 
-30  -6  -48 
-14  22  62 

//Reference=MNI 
//nullstudy_67
//Subjects=22
-50  -62  48 
-30  -42  68 
-50  -70  -38 
54  22  18 
-34  -42  -44 
-12  -30  60 
-4  -2  34 
-18  22  10 

//Reference=MNI 
//nullstudy_68
//Subjects=20
-22  42  -12 
-36  -32  58 
60  10  26 
-24  -52  2 
-16  44  34 
-4  16  56 
-28  -48  40 
-38  -60  58 

//Reference=MNI 
//nullstudy_69
//Subjects=20
-12  -46  -18 
-28  -40  -22 
42  14  52 
22  6  62 
52  16  20 
-36  -2  34 
-10  -36  66 
-42  -12  58 

//Reference=MNI 
//nullstudy_70
//Subjects=20
-4  -26  38 
-44  -22  10 
-10  -66  -22 
-28  -64  -18 
28  2  -38 
-12  -20  -38 
-38  -46  -18 
-26  54  -14 

//Reference=MNI 
//nullstudy_71
//Subjects=20
32  26  -24 
-30  -70  -20 
-10  -50  -8 
-44  -26  56 
18  26  58 
-34  34  36 
8  20  36 
-8  -24  40 

//Reference=MNI 
//nullstudy_72
//Subjects=20
-6  -18  60 
-52  -66  24 
22  18  -6 
-16  10  16 
-60  10  10 
-26  0  8 
-34  -56  -28 
-2  -86  2 

//Reference=MNI 
//nullstudy_73
//Subjects=21
-58  -54  -32 
-26  -32  -4 
40  14  24 
-38  60  4 
-28  -54  -58 
-26  -86  32 
-46  6  -22 
-6  -30  28 

//Reference=MNI 
//nullstudy_74
//Subjects=21
-4  -84  -42 
20  2  -36 
-54  36  2 
-26  48  26 
-8  6  60 
-36  0  44 
-56  -34  26 
-42  -68  0 

//Reference=MNI 
//nullstudy_75
//Subjects=20
-36  -74  -22 
-46  -4  -36 
12  46  32 
-30  -62  2 
-32  38  26 
-12  -50  54 
-8  16  -10 
-46  -14  -40 

//Reference=MNI 
//nullstudy_76
//Subjects=20
20  50  42 
-48  -66  16 
-50  -68  -24 
-8  -32  12 
10  14  -28 
-18  44  34 
-20  -102  -6 
-28  60  22 

//Reference=MNI 
//nullstudy_77
//Subjects=20
-42  -4  -20 
20  54  34 
-38  -56  -32 
34  14  46 
-8  28  -22 
6  18  44 
-56  -34  32 
-10  40  44 

//Reference=MNI 
//nullstudy_78
//Subjects=19
-36  -18  2 
42  14  52 
-30  -66  -42 
32  24  26 
-8  22  46 
-10  -12  18 
8  52  22 
-16  66  0 

//Reference=MNI 
//nullstudy_79
//Subjects=20
38  12  20 
-2  -10  56 
-8  -44  -62 
-60  -18  -34 
-20  -36  -34 
-36  -42  58 
54  30  22 
34  44  4 

//Reference=MNI 
//nullstudy_80
//Subjects=21
-16  -20  -12 
-16  -42  -58 
-42  -18  48 
28  62  0 
-12  -52  48 
-2  16  70 
-62  -14  8 
-24  4  -22 

//Reference=MNI 
//nullstudy_81
//Subjects=20
-38  -72  -28 
-14  -40  44 
-18  26  -2 
-24  -82  44 
4  30  -14 
10  46  32 
-54  -60  8 
-36  -6  54 

//Reference=MNI 
//nullstudy_82
//Subjects=20
54  32  10 
-48  -44  18 
16  50  26 
-66  -30  18 
2  6  52 
-2  36  -4 
-40  -32  38 
-14  -46  4 

//Reference=MNI 
//nullstudy_83
//Subjects=19
-18  -2  -10 
-22  26  46 
-22  -102  -8 
32  46  -2 
32  12  -14 
-2  12  -10 
-6  -60  70 
-64  -52  -16 

//Reference=MNI 
//nullstudy_84
//Subjects=21
54  32  22 
-48  -76  0 
32  12  66 
-36  -66  42 
-60  -36  -16 
-54  30  -8 
-8  -76  -2 
28  10  -14 

//Reference=MNI 
//nullstudy_85
//Subjects=19
-54  0  24 
-8  -16  26 
-40  -48  -52 
-2  -50  -4 
-2  8  32 
-38  8  34 
-26  -72  22 
-22  -86  0 

//Reference=MNI 
//nullstudy_86
//Subjects=21
-26  2  -36 
8  48  4 
10  10  -10 
-44  16  54 
-54  -50  -30 
-54  32  6 
14  16  32 
6  42  -20 

//Reference=MNI 
//nullstudy_87
//Subjects=19
-4  -8  76 
-2  -30  -36 
20  22  60 
18  48  0 
-10  -64  -42 
-16  -34  12 
-50  -26  12 
-46  -42  60 

//Reference=MNI 
//nullstudy_88
//Subjects=20
-48  -56  32 
-10  -4  -28 
-4  -52  -26 
-2  -88  22 
0  4  -14 
-34  -72  -48 
-18  10  54 
-2  -20  -36 

//Reference=MNI 
//nullstudy_89
//Subjects=20
-22  -76  30 
28  30  44 
-4  -94  2 
-48  -6  42 
-20  -72  -60 
42  34  -10 
44  12  4 
-44  -6  46 

//Reference=MNI 
//nullstudy_90
//Subjects=20
-28  -8  -24 
-56  -26  -26 
0  8  -18 
-6  -6  66 
-50  -54  -32 
-18  -72  28 
-18  -98  24 
52  10  20 

//Reference=MNI 
//nullstudy_91
//Subjects=21
-30  -32  -26 
-2  4  -12 
-4  46  -8 
-42  24  -20 
-38  6  22 
-46  36  10 
-28  -14  -42 
32  60  -16 

//Reference=MNI 
//nullstudy_92
//Subjects=22
-18  10  -44 
-48  -58  36 
-36  -88  -8 
-58  -52  -34 
-34  -84  -38 
-42  -60  -16 
14  20  68 
-50  -6  -46 

//Reference=MNI 
//nullstudy_93
//Subjects=20
-22  -76  -18 
2  12  16 
4  6  46 
-14  -70  -60 
-36  -48  32 
-36  -20  10 
-4  -14  48 
-18  46  -20 

//Reference=MNI 
//nullstudy_94
//Subjects=22
4  38  -14 
-14  6  -14 
-12  34  54 
-36  44  26 
-22  -54  44 
-24  -50  -60 
-36  -54  -42 
-30  -6  2 

//Reference=MNI 
//nullstudy_95
//Subjects=21
-2  -54  34 
-10  4  14 
48  16  -30 
-34  -12  70 
-14  42  -8 
-56  -70  20 
-28  42  -8 
-8  -86  -8 

//Reference=MNI 
//nullstudy_96
//Subjects=19
-48  2  -22 
-34  -70  -22 
38  8  -34 
-22  -54  -38 
38  4  48 
-28  22  58 
40  2  2 
-42  -16  62 

//Reference=MNI 
//nullstudy_97
//Subjects=19
-46  -14  -36 
-12  -54  -18 
-36  -40  58 
58  18  6 
-16  14  2 
32  16  34 
-26  -74  -38 
-64  -60  4 

//Reference=MNI 
//nullstudy_98
//Subjects=19
12  12  60 
-54  -32  -10 
-44  -32  58 
-50  -40  26 
14  2  -8 
0  50  -10 
22  6  -32 
-54  -66  20 

//Reference=MNI 
//nullstudy_99
//Subjects=19
-48  -20  48 
-6  -42  -58 
-22  -76  30 
-54  20  4 
22  68  -10 
8  8  12 
-14  -20  74 
-6  34  34 

//Reference=MNI 
//nullstudy_100
//Subjects=21
-12  40  20 
12  40  58 
-6  0  -16 
-26  -6  -24 
-16  6  74 
4  34  -14 
-58  -4  8 
-34  -18  64 

