//Reference=MNI 
//truestudy_1
//Subjects=20
47  -67  -5 
45  -67  -6 
46  -65  -7 
48  -66  -7 
47  -64  -6 
46  -65  -7 
48  -68  -5 
47  -66  -6 

//Reference=MNI 
//truestudy_2
//Subjects=20
46  -66  -7 
47  -67  -7 
48  -64  -6 
47  -65  -6 
46  -65  -5 
45  -64  -6 
47  -65  -7 
44  -65  -6 

//Reference=MNI 
//truestudy_3
//Subjects=19
46  -66  -6 
46  -67  -6 
45  -67  -5 
46  -67  -6 
46  -69  -6 
44  -66  -6 
46  -66  -6 
47  -66  -7 

//Reference=MNI 
//nullstudy_1
//Subjects=20
-28  20  40 
-12  40  -18 
-50  -60  38 
-28  16  60 
28  22  58 
-44  -76  8 
-12  -16  50 
60  18  16 

//Reference=MNI 
//nullstudy_2
//Subjects=20
10  2  -6 
-40  26  44 
-34  -52  36 
-8  24  24 
-10  54  26 
-16  42  -20 
-10  -80  44 
-8  -76  -54 

//Reference=MNI 
//nullstudy_3
//Subjects=19
-28  -96  14 
-36  6  24 
-6  -62  -34 
26  60  30 
-30  -20  6 
-22  -14  -26 
-58  -62  6 
-48  -18  38 

//Reference=MNI 
//nullstudy_4
//Subjects=20
-62  -32  -12 
-10  -10  -18 
-12  -70  34 
-68  -12  0 
-2  14  -26 
-40  46  -16 
-44  -40  34 
-18  -24  12 

//Reference=MNI 
//nullstudy_5
//Subjects=20
52  18  -22 
-20  20  40 
-30  -90  22 
-14  52  -12 
-20  54  36 
-20  -84  -16 
-46  -4  10 
44  26  32 

//Reference=MNI 
//nullstudy_6
//Subjects=21
-4  26  -16 
42  36  24 
10  36  0 
-42  -28  20 
-52  -54  -2 
-44  -72  -32 
-46  -18  56 
-46  36  -6 

//Reference=MNI 
//nullstudy_7
//Subjects=21
-42  18  -28 
-22  -96  -16 
-8  -24  -2 
28  60  4 
36  16  60 
-30  -58  8 
-46  -42  24 
-4  -68  -20 

//Reference=MNI 
//nullstudy_8
//Subjects=20
-8  -32  50 
-22  -18  68 
-10  -52  44 
-56  -60  -28 
32  36  38 
-42  -62  -26 
-36  14  -26 
-50  10  12 

//Reference=MNI 
//nullstudy_9
//Subjects=19
-10  52  -20 
-48  6  44 
28  18  10 
10  32  50 
40  38  6 
-60  -20  -22 
-56  -66  -26 
-48  12  -30 

//Reference=MNI 
//nullstudy_10
//Subjects=21
-50  -30  58 
-42  -40  0 
-38  -86  4 
0  50  34 
-18  -56  -10 
48  42  -16 
48  24  26 
-16  -100  -2 

//Reference=MNI 
//nullstudy_11
//Subjects=20
0  8  44 
-58  -14  -22 
-34  -20  58 
-8  6  34 
-42  -70  -14 
-10  -32  2 
18  54  0 
-10  -46  -42 

//Reference=MNI 
//nullstudy_12
//Subjects=20
-42  -50  34 
-36  -84  12 
38  2  18 
-30  -2  42 
-4  -62  -26 
-44  -8  50 
16  2  -12 
-14  48  28 

//Reference=MNI 
//nullstudy_13
//Subjects=20
-16  -98  -2 
-42  -66  44 
-24  -66  12 
8  46  -8 
-20  -64  32 
-48  -40  34 
-14  -72  -2 
-22  -70  52 

//Reference=MNI 
//nullstudy_14
//Subjects=21
-38  2  -44 
-12  4  66 
-38  -82  16 
14  54  -18 
-6  -74  -20 
-30  50  20 
-56  -12  42 
-28  -72  -42 

//Reference=MNI 
//nullstudy_15
//Subjects=21
-36  16  22 
-52  -30  -18 
-56  -16  2 
-38  -32  14 
-30  -48  -36 
38  2  4 
-64  -14  -10 
-6  -56  -50 

//Reference=MNI 
//nullstudy_16
//Subjects=22
-32  20  28 
-56  -10  -40 
-8  0  -30 
-34  54  2 
-10  -70  -38 
-16  -28  -36 
-6  -10  2 
-2  -36  -62 

//Reference=MNI 
//nullstudy_17
//Subjects=22
-30  -90  -12 
-12  -24  36 
46  16  52 
40  30  8 
4  38  44 
-22  -68  -12 
-24  56  10 
-2  -4  36 

//Reference=MNI 
//nullstudy_18
//Subjects=20
62  2  34 
54  32  -4 
6  2  42 
-36  -36  -12 
-8  -82  -6 
-26  -32  -26 
-48  -12  30 
50  10  14 

//Reference=MNI 
//nullstudy_19
//Subjects=18
-2  -44  -68 
-2  -48  36 
-52  -46  30 
-18  48  20 
-38  -32  46 
-60  4  8 
-54  -22  36 
-46  -42  -44 

//Reference=MNI 
//nullstudy_20
//Subjects=20
-22  12  50 
-70  -38  8 
36  16  -16 
-44  -68  -32 
-22  2  64 
-2  -62  54 
-8  -46  -36 
32  50  26 

//Reference=MNI 
//nullstudy_21
//Subjects=18
-30  -6  -4 
28  54  -10 
-58  -34  6 
-32  -72  -40 
-56  -34  38 
-48  22  6 
-64  -48  14 
-52  -56  -40 

//Reference=MNI 
//nullstudy_22
//Subjects=19
8  66  2 
-16  -64  -62 
-14  -72  54 
-58  -4  8 
-30  2  -30 
-12  -12  -22 
-2  -66  -54 
-28  -54  -44 

//Reference=MNI 
//nullstudy_23
//Subjects=21
-32  -18  66 
16  14  -32 
-18  -40  -18 
-24  -14  74 
-34  10  28 
-32  -58  -48 
-54  -56  -46 
-52  -46  -24 

//Reference=MNI 
//nullstudy_24
//Subjects=19
-40  -72  -46 
-60  4  -14 
-18  -44  -14 
-10  -28  -40 
-50  -2  16 
-38  6  26 
-54  -36  -4 
-4  54  -8 

//Reference=MNI 
//nullstudy_25
//Subjects=20
-36  42  -6 
-58  -44  38 
-10  -60  54 
0  52  2 
12  64  -2 
-54  -18  0 
-8  4  46 
-20  -4  54 

//Reference=MNI 
//nullstudy_26
//Subjects=20
46  2  36 
-52  -44  -18 
20  58  14 
-10  -22  20 
56  18  24 
-38  -64  -30 
8  60  30 
54  4  -40 

//Reference=MNI 
//nullstudy_27
//Subjects=19
24  38  44 
-48  4  4 
-32  -88  -4 
-4  -92  26 
4  14  0 
-10  14  -20 
-22  -44  60 
-6  -12  -34 

//Reference=MNI 
//nullstudy_28
//Subjects=20
-6  -34  30 
-10  -4  20 
-38  -2  56 
-12  56  -20 
-12  -22  72 
-6  -4  -32 
4  34  -30 
-2  -22  18 

//Reference=MNI 
//nullstudy_29
//Subjects=19
-42  -82  -34 
-54  -70  28 
-46  -14  48 
-36  -26  -10 
56  10  -18 
-4  34  6 
-22  8  -44 
-28  64  18 

//Reference=MNI 
//nullstudy_30
//Subjects=18
-8  4  -2 
-46  46  6 
-36  -54  28 
50  34  30 
-60  -14  44 
-50  10  34 
-40  -74  28 
-22  6  44 

//Reference=MNI 
//nullstudy_31
//Subjects=22
46  42  14 
-32  -2  62 
-48  20  14 
34  54  0 
-58  -58  -2 
-18  44  34 
-40  34  22 
-16  -74  -34 

//Reference=MNI 
//nullstudy_32
//Subjects=21
38  38  34 
-42  -38  -34 
-56  -60  42 
-22  48  38 
-8  -8  16 
-32  -26  54 
42  40  18 
12  58  -24 

//Reference=MNI 
//nullstudy_33
//Subjects=18
-46  -36  60 
-60  -52  34 
-16  -48  54 
-6  26  32 
-4  34  60 
-58  -52  -2 
26  8  2 
-52  -10  -32 

//Reference=MNI 
//nullstudy_34
//Subjects=20
-12  -54  -42 
40  42  -2 
-48  -32  -30 
22  20  -16 
-38  36  0 
-16  -46  -64 
-52  -70  -6 
-26  16  -38 

//Reference=MNI 
//nullstudy_35
//Subjects=17
-60  -40  14 
-52  -8  44 
-56  26  -2 
-36  -58  -16 
-28  -22  -32 
-14  70  12 
-8  28  -30 
-54  -8  42 

//Reference=MNI 
//nullstudy_36
//Subjects=20
-14  -78  -2 
-24  -52  64 
-46  2  -26 
-66  -40  -16 
-14  -68  -4 
-18  54  -8 
-28  26  -24 
-22  16  66 

//Reference=MNI 
//nullstudy_37
//Subjects=20
-42  -74  0 
-20  -36  66 
-36  0  -10 
-8  -48  -44 
18  26  -6 
58  10  38 
-18  -62  -56 
-18  -24  24 

//Reference=MNI 
//nullstudy_38
//Subjects=21
6  8  70 
-14  -96  -12 
-6  6  60 
-4  34  8 
-14  62  24 
-44  -68  14 
-26  64  -14 
-2  28  -4 

//Reference=MNI 
//nullstudy_39
//Subjects=18
-28  26  58 
18  4  -16 
-26  -68  20 
2  24  22 
-10  -4  58 
-40  6  32 
-38  -22  -32 
-28  12  64 

//Reference=MNI 
//nullstudy_40
//Subjects=20
-34  -60  56 
-34  28  -20 
50  2  26 
32  10  -30 
-6  10  44 
12  12  -8 
-62  -44  14 
-34  -26  6 

//Reference=MNI 
//nullstudy_41
//Subjects=20
16  62  -12 
-18  -12  -22 
-42  -74  0 
-12  10  -2 
-30  30  36 
-40  -56  -60 
-14  -78  56 
-20  -30  2 

//Reference=MNI 
//nullstudy_42
//Subjects=21
-24  -100  2 
-24  4  -38 
-36  -66  4 
-62  -32  -18 
24  10  -48 
-44  -16  -24 
-14  66  -16 
-2  -32  32 

//Reference=MNI 
//nullstudy_43
//Subjects=19
-20  -82  -54 
22  44  34 
-28  -60  38 
26  34  52 
-10  16  62 
12  8  22 
-18  -72  60 
-18  -40  48 

//Reference=MNI 
//nullstudy_44
//Subjects=19
-56  -4  40 
58  2  2 
-26  -14  -16 
-54  20  -10 
-26  40  38 
4  42  52 
-36  4  64 
-30  -24  62 

//Reference=MNI 
//nullstudy_45
//Subjects=20
-64  -12  18 
8  38  56 
-40  52  12 
-32  26  42 
-50  -2  -28 
18  40  -24 
-38  -6  8 
-34  28  -12 

//Reference=MNI 
//nullstudy_46
//Subjects=19
-10  44  -24 
-38  44  14 
-48  40  -4 
-24  -66  48 
-54  -16  -40 
-20  -16  -24 
-46  -68  -18 
-34  -12  -4 

//Reference=MNI 
//nullstudy_47
//Subjects=20
-22  -4  60 
-6  -12  18 
-2  42  -4 
28  28  -10 
-14  -78  40 
-56  14  36 
-32  -2  -12 
-54  -62  8 

//Reference=MNI 
//nullstudy_48
//Subjects=19
2  2  -20 
10  56  -16 
-30  40  -20 
-34  -76  30 
18  52  44 
-16  -78  -28 
26  10  48 
-18  42  -20 

//Reference=MNI 
//nullstudy_49
//Subjects=20
-44  -12  0 
-14  -2  -40 
-52  -4  10 
-18  -8  72 
-14  -54  -36 
-14  -78  14 
42  10  60 
-28  -52  14 

//Reference=MNI 
//nullstudy_50
//Subjects=23
-40  8  4 
-14  12  -12 
-8  -44  66 
-42  22  6 
-4  -82  38 
-18  -78  6 
50  32  22 
-12  -30  -14 

//Reference=MNI 
//nullstudy_51
//Subjects=20
-8  24  -28 
-6  -52  -8 
-38  -28  -32 
-24  -10  -32 
-34  -52  -38 
-48  26  6 
-30  -64  34 
-6  -82  50 

//Reference=MNI 
//nullstudy_52
//Subjects=23
-26  -56  -44 
46  8  -46 
28  24  -8 
62  2  -26 
-22  -30  70 
-22  -4  -22 
32  46  -12 
-56  -62  18 

//Reference=MNI 
//nullstudy_53
//Subjects=20
-38  -20  8 
-12  8  -22 
-40  -82  30 
-44  -10  32 
-10  -50  -2 
-32  -24  10 
-56  -22  -12 
-32  -32  -36 

//Reference=MNI 
//nullstudy_54
//Subjects=19
-8  -70  -36 
-20  -54  58 
-28  -10  -32 
-44  52  14 
-30  54  32 
-36  -40  -40 
-50  -14  54 
-48  -8  50 

//Reference=MNI 
//nullstudy_55
//Subjects=19
-52  -52  0 
-18  4  -34 
10  64  -4 
-12  -28  44 
-26  -10  4 
-16  -84  0 
-4  -80  22 
-24  50  16 

//Reference=MNI 
//nullstudy_56
//Subjects=22
26  46  -12 
-24  -84  -36 
26  20  -30 
-28  46  -8 
-54  -52  -10 
-48  0  18 
-4  58  -4 
64  2  20 

//Reference=MNI 
//nullstudy_57
//Subjects=19
-52  -26  -8 
20  34  -26 
-8  -70  -42 
12  2  -10 
-30  12  38 
-48  -68  -44 
-60  -64  -4 
-24  -74  -56 

//Reference=MNI 
//nullstudy_58
//Subjects=22
-26  -78  -54 
-54  -22  -24 
-46  18  -4 
-6  -36  28 
-28  -98  -10 
-48  0  36 
-2  32  -24 
-22  -60  22 

//Reference=MNI 
//nullstudy_59
//Subjects=19
-34  18  34 
-42  -66  -36 
-36  58  -4 
10  44  -2 
-40  4  8 
8  22  8 
-30  -24  -24 
-40  48  14 

//Reference=MNI 
//nullstudy_60
//Subjects=20
-30  44  2 
58  14  32 
-24  42  42 
-2  12  36 
4  34  52 
-38  -4  8 
-52  -16  8 
-6  8  14 

//Reference=MNI 
//nullstudy_61
//Subjects=21
56  16  28 
-40  -88  -18 
-30  46  24 
36  2  32 
-20  -44  -40 
-26  -40  -48 
54  2  8 
-30  -60  42 

//Reference=MNI 
//nullstudy_62
//Subjects=20
-24  -58  -56 
-12  14  -20 
-32  -58  -42 
-8  50  14 
-50  6  20 
-26  -78  22 
-22  -4  -46 
-4  -34  30 

//Reference=MNI 
//nullstudy_63
//Subjects=19
-16  -18  60 
8  42  50 
-34  -24  8 
14  22  14 
6  54  30 
-64  -42  38 
-38  -62  24 
-10  8  10 

//Reference=MNI 
//nullstudy_64
//Subjects=21
10  12  -6 
24  2  -28 
-22  38  -16 
-34  -18  -30 
-54  -12  16 
-50  -10  46 
-32  32  44 
38  8  44 

//Reference=MNI 
//nullstudy_65
//Subjects=20
34  22  30 
-2  -48  -30 
-18  -64  48 
4  30  64 
-38  -46  52 
26  10  56 
-38  -8  48 
-28  -10  68 

//Reference=MNI 
//nullstudy_66
//Subjects=22
30  34  2 
-56  2  -28 
54  32  -8 
46  46  -16 
-22  2  -44 
-22  -40  14 
-6  8  0 
44  16  -6 

//Reference=MNI 
//nullstudy_67
//Subjects=19
-2  -56  -28 
-40  -38  40 
10  44  12 
40  14  30 
-14  -36  -44 
-32  -48  -14 
-32  -24  18 
-52  -26  -4 

//Reference=MNI 
//nullstudy_68
//Subjects=20
-46  40  -12 
-62  -28  2 
-44  -62  42 
-32  -18  -40 
38  18  48 
-50  -12  -22 
-18  10  -10 
-58  -38  2 

//Reference=MNI 
//nullstudy_69
//Subjects=20
56  8  26 
20  54  36 
-26  52  -6 
-42  -56  -28 
20  20  -28 
-24  -52  50 
-4  16  -24 
-16  -22  62 

//Reference=MNI 
//nullstudy_70
//Subjects=22
-42  -60  -12 
-64  -40  -18 
-4  -68  -10 
-42  34  38 
8  2  -10 
46  8  24 
-42  -10  14 
-26  -98  -14 

//Reference=MNI 
//nullstudy_71
//Subjects=19
-18  -22  72 
38  24  12 
-46  28  22 
26  14  -6 
-6  0  46 
-20  2  -46 
6  32  -20 
-42  -74  -10 

//Reference=MNI 
//nullstudy_72
//Subjects=20
24  38  36 
-36  -74  -32 
-10  10  74 
0  20  -24 
-6  8  54 
-18  -80  -24 
-8  10  0 
-38  -58  46 

//Reference=MNI 
//nullstudy_73
//Subjects=21
40  22  56 
12  62  10 
36  10  10 
4  56  10 
2  48  -28 
-18  -64  -20 
-24  6  -12 
-10  -36  8 

//Reference=MNI 
//nullstudy_74
//Subjects=19
-50  -76  18 
-34  0  12 
-12  -72  36 
44  20  -12 
-64  -14  12 
-36  -18  42 
62  10  28 
-34  -54  52 

//Reference=MNI 
//nullstudy_75
//Subjects=19
8  24  2 
50  22  -22 
-40  -20  -8 
4  20  46 
-6  -14  48 
-42  20  6 
6  56  -16 
-14  -66  -24 

//Reference=MNI 
//nullstudy_76
//Subjects=20
50  40  -4 
36  20  50 
-14  -4  -36 
-38  -60  36 
-10  -60  -50 
-44  -60  0 
-26  64  -10 
-52  -40  16 

//Reference=MNI 
//nullstudy_77
//Subjects=19
-6  -62  -38 
20  38  46 
-8  56  18 
-58  -22  -14 
-38  26  26 
56  24  20 
-58  -22  22 
-46  -68  38 

//Reference=MNI 
//nullstudy_78
//Subjects=21
2  14  30 
26  62  20 
-26  22  -26 
48  18  14 
-22  -6  68 
66  6  12 
-16  -4  68 
0  20  32 

//Reference=MNI 
//nullstudy_79
//Subjects=21
-44  -76  -34 
-34  -74  38 
-46  -14  16 
48  44  -18 
-40  -60  -4 
20  58  -2 
52  16  -2 
38  48  2 

//Reference=MNI 
//nullstudy_80
//Subjects=22
-8  2  -24 
-16  -42  -38 
0  12  46 
-48  -60  -10 
-44  -12  -38 
-52  -18  34 
-44  38  24 
40  12  58 

//Reference=MNI 
//nullstudy_81
//Subjects=20
-34  24  -26 
6  66  18 
46  2  8 
-4  -68  -22 
2  64  16 
-28  8  44 
6  34  0 
10  18  58 

//Reference=MNI 
//nullstudy_82
//Subjects=20
-22  10  56 
-14  -22  -30 
22  20  38 
10  56  18 
-32  -38  -30 
-2  -54  -48 
-8  -64  56 
28  62  16 

//Reference=MNI 
//nullstudy_83
//Subjects=19
8  14  60 
-24  -12  -16 
58  8  10 
-44  -70  -14 
-52  14  18 
-4  38  26 
-8  -16  -26 
-34  -66  36 

//Reference=MNI 
//nullstudy_84
//Subjects=20
-32  -82  42 
-2  -26  4 
-32  58  22 
30  28  42 
-30  -70  -12 
-12  -4  -16 
-6  -68  -50 
-42  -80  0 

//Reference=MNI 
//nullstudy_85
//Subjects=21
-16  -80  -30 
-12  64  8 
-22  -86  20 
-52  -78  -8 
38  14  -16 
18  50  20 
-48  30  -16 
-24  -80  42 

//Reference=MNI 
//nullstudy_86
//Subjects=20
-52  -20  -38 
-38  -46  -42 
-38  30  22 
-46  -16  60 
-6  26  -28 
-32  -76  48 
-12  36  10 
-4  -2  -8 

//Reference=MNI 
//nullstudy_87
//Subjects=19
10  12  6 
4  62  0 
-18  22  10 
-66  -24  -18 
-54  -16  38 
52  42  14 
-46  6  48 
-14  12  4 

//Reference=MNI 
//nullstudy_88
//Subjects=19
-6  -36  72 
-10  -96  -16 
-46  -66  48 
-58  -12  40 
-64  -2  16 
-60  0  -2 
36  26  -20 
44  16  -18 

//Reference=MNI 
//nullstudy_89
//Subjects=21
-10  -54  -50 
-28  -58  54 
-4  44  18 
-44  32  14 
-4  32  -18 
12  2  -28 
-10  28  32 
-50  -14  0 

//Reference=MNI 
//nullstudy_90
//Subjects=19
-2  54  -18 
-42  -26  -32 
-46  -66  28 
-14  -88  6 
-18  -84  -16 
-24  -50  60 
-48  -10  2 
-32  -36  -2 

//Reference=MNI 
//nullstudy_91
//Subjects=22
-4  18  -24 
-26  0  72 
8  36  -20 
-44  -42  46 
-12  -38  32 
38  24  -24 
2  12  52 
34  28  -20 

//Reference=MNI 
//nullstudy_92
//Subjects=19
-36  -34  -8 
-14  -16  64 
-14  -70  16 
-10  -30  -2 
-36  -24  -18 
-34  -4  -40 
-14  38  -20 
-34  50  22 

//Reference=MNI 
//nullstudy_93
//Subjects=21
-40  -12  -10 
-18  -72  -26 
-34  -2  38 
-42  -16  10 
-4  -94  -2 
-38  -14  38 
-30  24  -10 
-14  -46  34 

//Reference=MNI 
//nullstudy_94
//Subjects=22
-42  8  58 
14  50  10 
26  48  40 
-16  58  26 
44  20  -36 
44  40  24 
-16  -68  -28 
-56  -26  -14 

//Reference=MNI 
//nullstudy_95
//Subjects=22
2  26  58 
-42  36  2 
-18  -88  38 
-54  18  6 
-10  -24  44 
-6  -62  44 
-4  -8  -6 
30  22  38 

//Reference=MNI 
//nullstudy_96
//Subjects=21
-14  22  8 
46  20  14 
-2  -44  -48 
12  26  26 
-40  -20  -30 
-28  50  30 
12  20  58 
-16  -78  -26 

//Reference=MNI 
//nullstudy_97
//Subjects=21
-16  -50  50 
44  4  54 
-36  -60  2 
-4  22  36 
20  38  -14 
-10  -20  6 
-8  -68  -2 
-22  42  34 

//Reference=MNI 
//nullstudy_98
//Subjects=19
-40  -30  -26 
-62  -10  6 
-4  -38  34 
34  46  28 
-6  -18  72 
-40  -90  0 
-26  20  4 
-18  8  -14 

//Reference=MNI 
//nullstudy_99
//Subjects=22
-54  -68  16 
42  26  -28 
-32  -70  16 
-28  -80  8 
-8  -54  -66 
-48  24  2 
-18  -98  -14 
12  30  34 

//Reference=MNI 
//nullstudy_100
//Subjects=20
-6  22  48 
-64  -26  -32 
-44  -48  26 
-16  -38  58 
-26  42  36 
24  34  -22 
-40  -46  -18 
-8  68  8 

