//Reference=MNI 
//truestudy_1
//Subjects=29
47  -67  -7 
45  -67  -6 
47  -65  -5 
46  -68  -5 
46  -66  -6 
46  -67  -7 
47  -67  -7 
45  -67  -6 

//Reference=MNI 
//truestudy_2
//Subjects=29
46  -66  -6 
45  -67  -8 
45  -65  -5 
44  -65  -6 
45  -65  -5 
47  -66  -5 
46  -65  -6 
47  -66  -5 

//Reference=MNI 
//truestudy_3
//Subjects=29
46  -66  -8 
45  -65  -4 
46  -66  -5 
46  -66  -5 
46  -67  -7 
45  -65  -4 
46  -64  -7 
46  -66  -5 

//Reference=MNI 
//nullstudy_1
//Subjects=29
-12  -32  70 
-44  -34  -16 
-56  20  24 
-24  32  24 
-16  4  -12 
-56  -56  6 
-38  -86  32 
-66  -22  -14 

//Reference=MNI 
//nullstudy_2
//Subjects=29
-26  -50  -2 
-20  -54  -54 
-24  16  -26 
-40  -62  -52 
32  12  -46 
-30  -24  -18 
-40  12  44 
42  10  0 

//Reference=MNI 
//nullstudy_3
//Subjects=29
-62  -30  24 
-28  -62  -60 
-40  -14  22 
-10  42  -4 
-2  -28  8 
-12  -4  -14 
42  18  6 
-22  68  4 

//Reference=MNI 
//nullstudy_4
//Subjects=30
-20  -58  -24 
-24  46  -22 
-28  -38  -38 
-32  -74  -28 
10  44  48 
4  40  16 
-26  -2  66 
32  58  -4 

//Reference=MNI 
//nullstudy_5
//Subjects=29
-64  -48  6 
-8  24  6 
-2  -74  -16 
-36  18  -14 
-48  -60  -32 
-16  -68  -26 
6  52  14 
-2  24  -24 

//Reference=MNI 
//nullstudy_6
//Subjects=29
20  6  2 
58  4  12 
-46  -30  48 
-46  -24  -22 
-12  -30  14 
8  38  -12 
-52  -68  30 
-10  -10  44 

//Reference=MNI 
//nullstudy_7
//Subjects=30
-66  -24  2 
-58  8  12 
-2  62  30 
42  44  30 
-48  -32  18 
-26  50  -16 
-40  42  -12 
-46  -82  14 

//Reference=MNI 
//nullstudy_8
//Subjects=31
-58  -26  48 
-50  -26  -4 
-4  -48  -34 
-16  -26  10 
-16  -36  14 
-42  0  -38 
-10  10  68 
-28  14  40 

//Reference=MNI 
//nullstudy_9
//Subjects=29
-24  -48  -22 
-40  -34  -32 
2  2  -22 
-22  -28  -22 
-12  -54  50 
-2  -26  16 
-2  8  72 
32  4  -14 

//Reference=MNI 
//nullstudy_10
//Subjects=30
30  44  42 
-60  8  8 
-20  12  44 
-10  -58  -24 
-10  0  -14 
-50  -34  56 
6  6  66 
-60  -30  46 

//Reference=MNI 
//nullstudy_11
//Subjects=30
30  22  -12 
-48  18  26 
-48  8  8 
-52  -10  48 
-14  -26  48 
-10  -20  -26 
-4  -24  -24 
-24  -96  0 

//Reference=MNI 
//nullstudy_12
//Subjects=30
18  66  -4 
-12  36  30 
12  70  18 
4  2  -2 
-54  -38  -22 
56  12  18 
-10  -24  -36 
-54  -52  52 

//Reference=MNI 
//nullstudy_13
//Subjects=30
-44  2  2 
-40  -72  -46 
-36  -82  -12 
-50  -74  -8 
0  42  32 
-52  20  18 
30  20  40 
-46  -6  12 

//Reference=MNI 
//nullstudy_14
//Subjects=29
-32  52  -12 
-34  -26  22 
-38  46  32 
-16  -56  -58 
42  22  0 
-42  -76  -40 
-2  30  28 
-12  42  22 

//Reference=MNI 
//nullstudy_15
//Subjects=29
-24  -54  48 
-4  -70  52 
-42  2  52 
22  34  -24 
-10  66  18 
-2  -36  66 
-4  18  62 
-52  -28  4 

//Reference=MNI 
//nullstudy_16
//Subjects=29
48  34  36 
-38  -22  -30 
28  14  54 
-4  -26  58 
-26  -88  38 
2  10  52 
-2  -18  -26 
-28  -28  72 

//Reference=MNI 
//nullstudy_17
//Subjects=30
24  24  44 
12  44  52 
-62  -28  24 
-34  30  8 
-4  64  22 
12  32  40 
-4  -46  24 
-2  -68  14 

//Reference=MNI 
//nullstudy_18
//Subjects=30
62  12  -4 
46  6  -34 
-52  -26  -2 
-18  26  -26 
12  8  56 
-44  -46  56 
-22  -78  20 
-28  -10  -18 

//Reference=MNI 
//nullstudy_19
//Subjects=30
-32  -12  -36 
-60  -12  -32 
30  10  -32 
-54  -4  40 
38  22  30 
44  22  22 
36  10  -20 
-24  -76  -48 

//Reference=MNI 
//nullstudy_20
//Subjects=30
-12  -40  -34 
26  20  -8 
-4  -36  24 
-12  -48  -38 
-28  14  56 
20  22  -22 
-42  -64  -32 
-40  2  14 

//Reference=MNI 
//nullstudy_21
//Subjects=30
-8  -14  50 
-8  -2  52 
-10  -10  44 
-34  -80  42 
16  22  54 
36  62  -6 
-2  -82  2 
-8  -30  58 

//Reference=MNI 
//nullstudy_22
//Subjects=31
-30  -46  -16 
-26  -66  -38 
32  52  18 
0  30  56 
-48  -38  -6 
4  54  -16 
22  66  -10 
0  32  32 

//Reference=MNI 
//nullstudy_23
//Subjects=30
-36  -80  24 
40  46  10 
-4  -34  -42 
-36  56  0 
-50  6  20 
-28  -42  -48 
-8  -20  78 
-48  -34  -6 

//Reference=MNI 
//nullstudy_24
//Subjects=31
-60  16  2 
-34  -84  20 
-50  -50  44 
-38  -32  48 
-44  16  -16 
-52  -50  -44 
32  16  0 
-26  24  40 

//Reference=MNI 
//nullstudy_25
//Subjects=30
-4  -34  -36 
56  10  16 
-16  -38  6 
20  2  20 
-24  -88  -22 
10  8  -6 
-56  -68  26 
-2  -26  46 

//Reference=MNI 
//nullstudy_26
//Subjects=32
40  26  42 
2  56  14 
36  38  12 
-30  8  44 
-8  -78  34 
-8  -78  -2 
-4  -76  56 
-46  18  36 

//Reference=MNI 
//nullstudy_27
//Subjects=28
-40  -10  32 
-6  40  -28 
-2  -14  62 
-24  -54  -54 
-8  -66  20 
-50  -72  -28 
-42  -66  -54 
-38  10  -26 

//Reference=MNI 
//nullstudy_28
//Subjects=30
-10  -30  4 
-40  -2  -8 
2  54  -18 
10  12  -28 
-16  -16  -20 
-12  -96  -20 
-6  38  46 
-20  -12  -42 

//Reference=MNI 
//nullstudy_29
//Subjects=28
-46  0  -38 
-36  -24  52 
56  4  12 
-4  -48  30 
-30  -78  46 
-62  -36  -24 
-68  -18  -22 
-26  52  -20 

//Reference=MNI 
//nullstudy_30
//Subjects=29
-46  -48  -14 
-68  -28  18 
-36  -68  38 
-26  -88  -6 
-40  40  12 
-58  4  -14 
8  14  54 
-48  0  -24 

//Reference=MNI 
//nullstudy_31
//Subjects=31
-38  -62  -40 
-14  -86  16 
2  10  -22 
-40  -26  -24 
0  44  -14 
-14  12  10 
38  48  -2 
-56  0  16 

//Reference=MNI 
//nullstudy_32
//Subjects=31
-42  -6  -46 
16  42  -26 
-40  -8  -6 
12  18  58 
-52  10  30 
-42  48  2 
34  6  36 
22  22  60 

//Reference=MNI 
//nullstudy_33
//Subjects=30
-24  -92  20 
-4  0  -10 
-54  18  24 
4  28  14 
-60  -28  20 
16  50  -20 
32  38  38 
-6  -52  36 

//Reference=MNI 
//nullstudy_34
//Subjects=30
4  34  44 
20  64  16 
-4  -6  -30 
-64  0  10 
-26  -56  -60 
-46  12  54 
-64  -32  2 
-20  -78  -44 

//Reference=MNI 
//nullstudy_35
//Subjects=30
-56  10  -14 
-46  -66  18 
-22  -18  -34 
-12  38  -12 
-30  -76  -48 
-34  -90  28 
8  16  4 
-12  42  26 

//Reference=MNI 
//nullstudy_36
//Subjects=30
-56  -56  -26 
40  50  -6 
-12  -84  -48 
18  28  52 
54  22  22 
-54  38  6 
-36  -52  -46 
-54  -24  -2 

//Reference=MNI 
//nullstudy_37
//Subjects=27
-30  58  22 
18  32  2 
-52  0  -22 
-20  -60  -40 
14  60  -12 
6  8  2 
-4  -42  -36 
-10  -38  -16 

//Reference=MNI 
//nullstudy_38
//Subjects=32
-6  -48  12 
-20  -4  60 
-20  0  -36 
-28  20  10 
-26  -62  36 
-10  22  44 
10  52  44 
-16  0  -26 

//Reference=MNI 
//nullstudy_39
//Subjects=29
16  4  -18 
4  62  32 
-14  40  -8 
46  38  -18 
-8  44  8 
-54  6  10 
46  4  -36 
44  24  -22 

//Reference=MNI 
//nullstudy_40
//Subjects=31
-6  -34  44 
-46  -74  -32 
-32  -8  -20 
-46  -24  44 
-52  6  -40 
-48  -10  30 
-2  -2  -14 
-48  -40  56 

//Reference=MNI 
//nullstudy_41
//Subjects=31
52  14  44 
24  4  70 
-18  -62  8 
-54  2  4 
22  8  -18 
-2  -98  20 
-20  -78  6 
-2  -6  62 

//Reference=MNI 
//nullstudy_42
//Subjects=30
-56  -14  -40 
-36  38  2 
-12  2  -32 
-24  -66  44 
-38  8  -10 
-68  -24  12 
-12  38  -18 
-16  -32  42 

//Reference=MNI 
//nullstudy_43
//Subjects=30
28  22  36 
-6  -12  40 
-38  22  -28 
-30  -34  -18 
-14  -48  -8 
-8  -32  -40 
-24  -60  -50 
-10  -20  42 

//Reference=MNI 
//nullstudy_44
//Subjects=29
18  58  6 
-62  -24  -12 
-40  2  -34 
-54  -70  4 
-58  -28  -4 
-28  -70  26 
-8  -24  4 
4  66  24 

//Reference=MNI 
//nullstudy_45
//Subjects=29
-44  -64  24 
-60  -52  2 
-10  -10  18 
2  42  40 
-48  -54  -36 
2  12  62 
-34  48  8 
-40  -18  16 

//Reference=MNI 
//nullstudy_46
//Subjects=30
18  50  30 
-16  -62  -60 
-42  -72  0 
-28  16  12 
-46  -20  34 
38  8  48 
44  2  54 
-62  -30  -6 

//Reference=MNI 
//nullstudy_47
//Subjects=29
-22  -100  2 
-24  4  52 
-40  26  42 
-6  -80  20 
-2  -42  -34 
-32  -14  -8 
44  58  4 
-44  -54  28 

//Reference=MNI 
//nullstudy_48
//Subjects=30
-50  4  -28 
32  48  -4 
38  40  36 
-2  -50  52 
-64  -46  30 
-26  -60  -48 
-10  58  -18 
-4  -46  -68 

//Reference=MNI 
//nullstudy_49
//Subjects=29
30  10  62 
-46  -40  22 
-22  -62  14 
-32  12  38 
-22  -32  70 
16  68  -8 
-20  -12  72 
-2  10  36 

//Reference=MNI 
//nullstudy_50
//Subjects=29
4  8  0 
-38  -34  62 
46  18  -20 
26  10  0 
-32  -76  -8 
4  12  44 
6  16  0 
-30  -12  -44 

//Reference=MNI 
//nullstudy_51
//Subjects=31
-32  12  -22 
26  62  18 
-54  20  18 
-4  26  56 
-12  -90  36 
-44  -6  -20 
-12  -6  -20 
-20  -88  -40 

//Reference=MNI 
//nullstudy_52
//Subjects=30
-64  -20  -4 
-40  -80  -38 
38  28  48 
-40  8  -42 
14  14  14 
-4  16  64 
-58  -34  -22 
-2  -54  10 

//Reference=MNI 
//nullstudy_53
//Subjects=33
-6  -38  -6 
0  30  60 
-18  -60  -8 
24  32  -26 
54  32  -4 
-2  -90  6 
-36  -70  14 
54  24  20 

//Reference=MNI 
//nullstudy_54
//Subjects=29
-20  58  26 
-22  4  48 
-24  -82  -14 
-28  38  40 
-14  -2  -2 
-42  -38  -14 
-6  -70  -10 
-40  14  50 

//Reference=MNI 
//nullstudy_55
//Subjects=28
-64  -46  28 
-58  -66  -6 
-20  -52  4 
-24  8  -24 
-60  -54  8 
-12  30  -26 
52  26  8 
-28  -80  -36 

//Reference=MNI 
//nullstudy_56
//Subjects=29
-6  -2  36 
16  42  8 
10  42  12 
-48  -30  22 
-58  0  30 
-2  -58  -14 
-8  42  28 
-46  6  40 

//Reference=MNI 
//nullstudy_57
//Subjects=29
50  16  44 
-12  60  -6 
-44  6  18 
-20  50  -14 
-14  -58  62 
-60  -4  -26 
-38  20  28 
-28  -54  42 

//Reference=MNI 
//nullstudy_58
//Subjects=31
-32  -68  -28 
12  66  14 
-2  -48  30 
-14  -54  32 
-20  -38  -50 
10  2  6 
-36  -56  54 
-16  -26  2 

//Reference=MNI 
//nullstudy_59
//Subjects=30
-14  -28  -20 
-10  -100  -14 
-56  -54  16 
-6  14  44 
-12  42  -22 
42  46  14 
30  2  46 
-14  16  -26 

//Reference=MNI 
//nullstudy_60
//Subjects=30
-18  22  42 
-16  -74  24 
-4  14  -8 
-2  -48  48 
36  16  4 
-14  -56  -32 
26  12  -34 
10  44  52 

//Reference=MNI 
//nullstudy_61
//Subjects=30
-10  50  12 
-44  -14  38 
-46  -76  8 
-58  -32  14 
-6  30  50 
-28  48  -2 
-8  -48  -44 
-52  6  44 

//Reference=MNI 
//nullstudy_62
//Subjects=29
-36  48  -8 
38  20  -28 
24  16  -22 
-66  -28  -14 
-56  -38  4 
-60  12  20 
-46  -72  -16 
-36  8  50 

//Reference=MNI 
//nullstudy_63
//Subjects=30
12  6  -36 
-8  30  58 
-38  -80  18 
-52  -70  18 
-2  38  -20 
-48  -50  38 
-12  58  2 
-8  32  -10 

//Reference=MNI 
//nullstudy_64
//Subjects=30
-18  -70  -28 
-8  16  0 
-38  -46  -30 
-28  20  -4 
-32  -22  60 
-64  -28  -6 
-30  -54  -20 
-14  -48  -2 

//Reference=MNI 
//nullstudy_65
//Subjects=29
-8  28  18 
-44  -64  -30 
6  16  70 
-10  52  18 
-22  14  -12 
-34  -56  -10 
-50  -66  38 
-2  -4  34 

//Reference=MNI 
//nullstudy_66
//Subjects=31
-18  -16  -20 
-28  32  4 
-12  42  22 
-36  -14  64 
44  26  -8 
-48  -22  50 
-54  -12  54 
-12  -2  56 

//Reference=MNI 
//nullstudy_67
//Subjects=31
20  54  -4 
38  8  -34 
-46  -8  40 
-28  -18  4 
34  2  -24 
50  4  18 
-14  -42  -12 
2  46  40 

//Reference=MNI 
//nullstudy_68
//Subjects=29
-18  -14  -22 
-48  -64  -32 
-36  -44  54 
-40  30  16 
22  14  -30 
24  16  46 
-28  -12  72 
-14  42  -14 

//Reference=MNI 
//nullstudy_69
//Subjects=30
-42  -34  0 
-6  -88  -14 
-50  -52  -42 
-36  24  22 
-26  -90  -14 
40  10  50 
-4  -66  48 
18  62  14 

//Reference=MNI 
//nullstudy_70
//Subjects=30
-6  -40  -2 
-68  -46  0 
-2  68  -10 
58  16  10 
12  56  22 
-54  -66  30 
-14  -58  -22 
-32  34  24 

//Reference=MNI 
//nullstudy_71
//Subjects=30
-14  -52  40 
20  14  68 
-54  -18  -28 
-8  36  -24 
-34  -56  -40 
-22  -54  -62 
-20  52  -20 
-18  -96  -2 

//Reference=MNI 
//nullstudy_72
//Subjects=29
-44  -40  40 
-4  -42  52 
-32  6  -6 
52  40  -4 
-10  4  56 
-60  -22  12 
-64  -58  -6 
-46  26  -14 

//Reference=MNI 
//nullstudy_73
//Subjects=30
-38  6  -42 
30  4  56 
-10  -34  72 
-18  -48  -42 
-16  -48  32 
-10  70  2 
-24  -82  42 
-28  -82  -32 

//Reference=MNI 
//nullstudy_74
//Subjects=29
48  30  10 
28  14  -28 
-34  62  -8 
-22  60  0 
-22  18  -2 
-28  -76  -52 
-8  -94  6 
-14  -38  50 

//Reference=MNI 
//nullstudy_75
//Subjects=31
-64  -22  -22 
-30  -72  18 
-6  32  -18 
-12  -100  12 
8  26  20 
-28  -74  -26 
-14  -82  40 
-26  -40  -38 

//Reference=MNI 
//nullstudy_76
//Subjects=30
-22  10  58 
2  8  14 
-36  -68  -30 
-18  48  -20 
8  6  38 
-6  -14  58 
-10  38  38 
-16  -42  62 

//Reference=MNI 
//nullstudy_77
//Subjects=32
-38  -42  -12 
-14  -60  50 
-44  -50  -40 
-46  -14  58 
-16  -28  60 
4  38  28 
-54  30  18 
-8  38  -8 

//Reference=MNI 
//nullstudy_78
//Subjects=31
4  6  -8 
-36  22  4 
2  10  4 
16  30  50 
-6  50  -24 
28  40  -22 
18  48  22 
-46  -66  -36 

//Reference=MNI 
//nullstudy_79
//Subjects=32
30  60  8 
-28  -50  -12 
34  18  56 
-14  -56  -16 
-60  -22  -34 
-12  -46  40 
-2  24  44 
-24  50  24 

//Reference=MNI 
//nullstudy_80
//Subjects=32
38  26  16 
-34  -38  -32 
-46  22  42 
-20  -98  -18 
-18  -74  18 
-22  52  26 
-36  -72  -18 
42  2  26 

//Reference=MNI 
//nullstudy_81
//Subjects=27
-44  24  -14 
-66  -52  12 
-18  -10  -42 
0  42  -26 
-48  38  -4 
-24  -90  10 
30  4  -28 
-52  -42  -16 

//Reference=MNI 
//nullstudy_82
//Subjects=30
-2  20  48 
28  54  -8 
18  16  -30 
-8  -74  60 
-6  20  -28 
-32  12  44 
-16  -44  58 
-44  -68  -8 

//Reference=MNI 
//nullstudy_83
//Subjects=29
-26  -56  -6 
-2  -6  64 
8  52  38 
-2  26  28 
-28  52  -8 
-32  54  -4 
-8  48  2 
-8  -70  38 

//Reference=MNI 
//nullstudy_84
//Subjects=31
-50  -18  42 
-12  -36  -48 
-50  -74  -8 
-8  60  26 
-48  20  4 
-54  -48  -40 
-32  -22  18 
-4  -60  38 

//Reference=MNI 
//nullstudy_85
//Subjects=27
-26  4  -50 
-28  -68  -28 
-28  -42  -14 
-20  -8  -10 
-40  42  -20 
-36  -56  -62 
-46  -22  64 
-56  -18  48 

//Reference=MNI 
//nullstudy_86
//Subjects=30
-30  -42  -40 
-2  -90  16 
-48  2  -24 
-26  18  4 
-56  -8  30 
32  60  0 
-32  22  36 
-62  -16  -4 

//Reference=MNI 
//nullstudy_87
//Subjects=31
-46  -52  -48 
-34  -74  -14 
-12  38  -16 
-20  -104  -8 
-34  26  48 
-2  52  38 
10  38  -20 
-10  12  0 

//Reference=MNI 
//nullstudy_88
//Subjects=29
-20  -86  -48 
-12  -14  28 
-54  -26  -14 
-26  -32  72 
-6  -96  -18 
52  12  -20 
-38  -12  12 
46  26  20 

//Reference=MNI 
//nullstudy_89
//Subjects=30
-42  -80  -20 
-20  -88  -24 
8  48  36 
-38  -64  -16 
-38  -30  -16 
-50  38  -10 
-64  -20  -12 
42  18  -2 

//Reference=MNI 
//nullstudy_90
//Subjects=31
-40  -20  -2 
-42  52  6 
-40  30  38 
10  34  18 
-54  -50  48 
-8  10  60 
42  48  -18 
2  20  60 

//Reference=MNI 
//nullstudy_91
//Subjects=33
-2  -50  54 
-42  -72  46 
-28  -30  -36 
-8  70  6 
-56  -16  30 
-18  -20  64 
-8  -24  54 
34  8  10 

//Reference=MNI 
//nullstudy_92
//Subjects=29
44  24  -8 
40  56  0 
32  32  -18 
-12  -100  12 
-68  -38  -14 
-40  -2  58 
-38  -82  -44 
44  14  -18 

//Reference=MNI 
//nullstudy_93
//Subjects=32
-4  -16  46 
-32  -8  16 
-20  -60  -48 
14  6  66 
16  8  72 
-38  -62  -46 
-8  62  -4 
-28  64  -6 

//Reference=MNI 
//nullstudy_94
//Subjects=29
-18  48  44 
16  14  60 
48  50  12 
-10  -66  -58 
-34  -76  -24 
-22  22  -18 
52  4  4 
-26  -46  54 

//Reference=MNI 
//nullstudy_95
//Subjects=30
44  52  6 
-50  -72  -12 
-24  -46  64 
12  20  -16 
6  50  12 
-28  -6  44 
-8  -86  -32 
-64  -24  2 

//Reference=MNI 
//nullstudy_96
//Subjects=30
-18  -8  -36 
-14  18  58 
-42  -66  -56 
-30  -80  -42 
-44  -20  56 
-8  -52  -50 
-30  -36  42 
-28  -84  30 

//Reference=MNI 
//nullstudy_97
//Subjects=29
-4  -42  -62 
-50  -66  26 
-26  -52  -26 
58  14  -10 
-44  -16  -28 
34  26  -24 
32  40  16 
-42  -78  22 

//Reference=MNI 
//nullstudy_98
//Subjects=31
8  46  -14 
58  24  26 
0  50  50 
36  2  60 
-12  -14  50 
22  20  -20 
-20  -82  46 
-42  32  2 

//Reference=MNI 
//nullstudy_99
//Subjects=31
-40  12  44 
-50  -18  -10 
-2  50  -12 
-30  14  -6 
-28  -96  -4 
40  6  -44 
-22  -88  -24 
-8  -32  -42 

//Reference=MNI 
//nullstudy_100
//Subjects=31
0  60  -8 
6  54  30 
60  8  -14 
-32  -50  -26 
-62  -30  -24 
-8  32  -10 
-22  -68  -40 
-46  34  -4 

