//Reference=MNI 
//truestudy_1
//Subjects=18
45  -67  -8 
47  -66  -5 
45  -66  -6 
47  -65  -6 
46  -66  -6 
46  -66  -5 
45  -67  -7 
46  -68  -5 

//Reference=MNI 
//truestudy_2
//Subjects=20
45  -67  -7 
45  -66  -6 
46  -65  -6 
45  -64  -6 
47  -66  -7 
46  -65  -6 
44  -63  -7 
47  -65  -4 

//Reference=MNI 
//truestudy_3
//Subjects=21
45  -66  -5 
45  -66  -6 
46  -65  -5 
45  -66  -2 
47  -65  -7 
46  -66  -5 
44  -67  -7 
47  -65  -8 

//Reference=MNI 
//nullstudy_1
//Subjects=18
-62  -52  -16 
-18  -46  70 
-44  -74  -32 
-20  30  34 
-22  -70  42 
56  30  16 
-32  -4  -28 
-12  -64  -4 

//Reference=MNI 
//nullstudy_2
//Subjects=20
-22  -68  -30 
-20  -12  -26 
-28  0  6 
34  34  -6 
-16  -30  76 
10  22  -16 
-16  -36  -40 
-38  20  22 

//Reference=MNI 
//nullstudy_3
//Subjects=21
-42  2  -4 
-30  -82  -14 
-26  -64  38 
-10  -38  -44 
-48  -6  44 
-2  -2  -8 
-4  -34  -34 
-30  -76  32 

//Reference=MNI 
//nullstudy_4
//Subjects=19
-14  -50  64 
-46  -52  -14 
50  32  -6 
12  42  22 
-38  -26  70 
50  2  -46 
-30  -80  28 
-8  -48  -64 

//Reference=MNI 
//nullstudy_5
//Subjects=20
-38  26  50 
-24  -34  -44 
42  28  40 
-28  -72  20 
-52  -50  -10 
-46  2  -28 
-22  -12  -26 
6  42  40 

//Reference=MNI 
//nullstudy_6
//Subjects=20
-26  -28  50 
-36  -80  -14 
-6  44  34 
-20  28  -24 
-8  -18  22 
-8  -88  -26 
44  34  -8 
10  8  68 

//Reference=MNI 
//nullstudy_7
//Subjects=21
-6  46  -2 
-52  36  -2 
8  40  58 
-28  26  42 
-6  -16  78 
-40  56  -2 
-24  -84  -48 
-2  -40  60 

//Reference=MNI 
//nullstudy_8
//Subjects=23
-58  -20  28 
-58  -36  48 
-4  -44  28 
-30  58  -10 
-8  -22  60 
-36  -56  20 
0  54  -4 
-50  14  -6 

//Reference=MNI 
//nullstudy_9
//Subjects=22
-62  -26  0 
-64  -10  34 
-30  -60  -62 
-34  -92  -2 
-40  -16  8 
44  14  56 
-52  -2  8 
44  4  44 

//Reference=MNI 
//nullstudy_10
//Subjects=20
-24  -22  68 
56  18  -18 
-62  0  -14 
-34  26  4 
48  12  -28 
-38  -58  -10 
-32  -24  50 
22  62  -12 

//Reference=MNI 
//nullstudy_11
//Subjects=22
-68  -48  8 
42  8  -18 
-18  14  12 
-2  10  -20 
-8  -22  12 
-44  22  4 
2  28  62 
-12  -58  0 

//Reference=MNI 
//nullstudy_12
//Subjects=20
-24  -88  -30 
-38  -50  -50 
-42  28  2 
-42  -68  -48 
16  46  -8 
-2  -16  74 
-48  34  6 
-42  -42  -44 

//Reference=MNI 
//nullstudy_13
//Subjects=21
-6  32  18 
40  10  14 
-52  -76  8 
-8  50  -14 
-24  -30  -14 
-44  -18  18 
34  28  4 
-6  -18  46 

//Reference=MNI 
//nullstudy_14
//Subjects=20
-42  -58  34 
-10  8  10 
32  8  66 
-42  -20  58 
10  6  22 
-14  -76  32 
48  20  32 
-12  62  -20 

//Reference=MNI 
//nullstudy_15
//Subjects=20
10  18  10 
-38  -4  42 
14  32  32 
-20  -84  -14 
-12  -10  -38 
-34  10  12 
-38  14  8 
-4  -64  -58 

//Reference=MNI 
//nullstudy_16
//Subjects=21
-10  -38  -36 
-44  -62  -44 
-10  -10  -22 
-42  34  6 
2  6  74 
-40  56  8 
12  46  -22 
-36  46  22 

//Reference=MNI 
//nullstudy_17
//Subjects=19
-20  -66  -36 
8  38  38 
-36  -18  -26 
10  50  32 
-2  -14  4 
-2  2  74 
16  18  0 
-58  2  -2 

//Reference=MNI 
//nullstudy_18
//Subjects=21
-26  -46  -8 
16  8  -34 
4  12  36 
-24  -74  6 
2  36  60 
-36  -20  -38 
-16  -36  8 
-26  -56  60 

//Reference=MNI 
//nullstudy_19
//Subjects=20
-52  -24  4 
34  18  -2 
-18  -84  -32 
-42  2  -6 
-16  -44  74 
-8  -14  52 
-10  -66  -44 
-60  -34  -4 

//Reference=MNI 
//nullstudy_20
//Subjects=21
-10  -66  48 
-32  -48  58 
-2  2  50 
-46  -34  -26 
-12  -10  48 
-20  -60  36 
46  36  -16 
-24  -62  -54 

//Reference=MNI 
//nullstudy_21
//Subjects=20
-34  -72  -46 
-58  -24  0 
-16  -62  -52 
56  16  -4 
-2  -36  60 
-30  -6  56 
0  12  -18 
2  22  -8 

//Reference=MNI 
//nullstudy_22
//Subjects=20
-14  -30  16 
-40  36  -8 
-22  62  18 
12  70  8 
-8  -92  0 
-50  -58  -2 
-14  -82  -34 
-24  -38  -14 

//Reference=MNI 
//nullstudy_23
//Subjects=20
40  20  -26 
-22  24  -26 
-56  -32  36 
34  4  64 
54  6  -36 
-20  -84  -40 
54  16  34 
-6  -38  72 

//Reference=MNI 
//nullstudy_24
//Subjects=19
0  24  58 
-32  14  2 
-32  12  -40 
-12  34  -8 
20  20  2 
10  10  46 
-6  -62  30 
-22  -52  58 

//Reference=MNI 
//nullstudy_25
//Subjects=21
-44  -76  -46 
-10  -50  60 
-22  -36  20 
-34  36  -22 
-36  34  6 
38  24  26 
26  58  24 
-36  10  60 

//Reference=MNI 
//nullstudy_26
//Subjects=18
-32  -34  56 
22  64  -10 
-48  18  4 
58  16  34 
-16  -24  -16 
-34  -48  40 
-26  -10  -18 
-10  20  26 

//Reference=MNI 
//nullstudy_27
//Subjects=21
-48  -4  -38 
58  4  4 
22  66  18 
-44  -10  60 
30  58  10 
-40  40  36 
-20  8  -10 
20  56  20 

//Reference=MNI 
//nullstudy_28
//Subjects=20
-66  -16  -28 
-66  -28  -24 
-48  -84  -6 
-24  -6  50 
-42  -24  10 
-60  -48  -18 
-12  -86  30 
58  6  -22 

//Reference=MNI 
//nullstudy_29
//Subjects=20
36  46  20 
-58  -2  14 
8  6  2 
58  2  26 
-34  28  38 
-12  -104  4 
-10  -36  0 
-22  56  -14 

//Reference=MNI 
//nullstudy_30
//Subjects=20
-30  -46  56 
-34  42  -14 
-18  -18  -14 
-24  -72  -60 
-8  38  44 
-36  -80  24 
-22  46  28 
-2  -22  26 

//Reference=MNI 
//nullstudy_31
//Subjects=20
-16  -92  14 
-12  -28  60 
-30  32  32 
-64  -14  -18 
-10  10  -12 
-42  -8  -44 
-20  -30  62 
-30  -66  50 

//Reference=MNI 
//nullstudy_32
//Subjects=19
-48  40  4 
0  54  -18 
26  6  68 
-8  58  14 
-44  0  0 
34  28  50 
-56  -2  18 
-16  4  14 

//Reference=MNI 
//nullstudy_33
//Subjects=20
-58  -12  42 
0  34  6 
-54  -54  -44 
-40  6  -40 
-2  50  40 
-4  -16  52 
-8  50  -14 
-44  -14  6 

//Reference=MNI 
//nullstudy_34
//Subjects=20
-2  -10  -14 
-28  34  32 
12  60  30 
-52  6  -30 
-46  -48  -32 
-4  44  18 
-20  -76  2 
-28  -58  -28 

//Reference=MNI 
//nullstudy_35
//Subjects=21
-36  22  -2 
-56  -60  44 
-28  -26  58 
-48  2  -40 
-40  -26  -14 
-18  -60  -50 
-2  18  -20 
-42  4  18 

//Reference=MNI 
//nullstudy_36
//Subjects=21
16  30  -20 
-36  -80  -24 
-26  36  52 
-40  8  32 
-10  -64  44 
-62  -56  18 
-20  -46  -12 
6  44  -24 

//Reference=MNI 
//nullstudy_37
//Subjects=20
-22  6  2 
8  12  -22 
-32  -42  -4 
26  14  40 
14  10  -30 
-50  -70  32 
-32  -32  40 
-34  -22  0 

//Reference=MNI 
//nullstudy_38
//Subjects=19
-24  -10  -38 
-44  -82  -14 
-28  -78  -2 
-42  -50  56 
-30  52  30 
-32  -4  -40 
-2  -4  -18 
-28  -62  -34 

//Reference=MNI 
//nullstudy_39
//Subjects=21
-22  -22  76 
-2  -90  12 
-14  62  -18 
-54  -6  -36 
-22  -60  -60 
-8  -20  64 
-54  -30  44 
-28  -56  -20 

//Reference=MNI 
//nullstudy_40
//Subjects=18
-44  -56  -50 
-6  -90  12 
-38  12  -36 
-2  -72  16 
12  4  -38 
-46  -66  30 
-10  52  4 
-16  -54  52 

//Reference=MNI 
//nullstudy_41
//Subjects=18
-60  -24  -2 
-16  -102  0 
-6  -78  52 
62  8  2 
-6  -62  48 
-4  42  46 
-18  -68  -4 
-58  -60  -6 

//Reference=MNI 
//nullstudy_42
//Subjects=20
-42  -62  42 
6  22  62 
-42  -38  52 
38  6  -34 
-20  -74  44 
-44  0  -2 
-32  10  30 
12  58  -2 

//Reference=MNI 
//nullstudy_43
//Subjects=19
-38  -70  8 
-46  -34  -22 
-24  -40  64 
-12  -100  0 
8  52  40 
-54  -54  8 
-58  -42  16 
28  32  46 

//Reference=MNI 
//nullstudy_44
//Subjects=19
44  6  58 
-30  -18  52 
-34  -76  20 
34  12  28 
-6  -66  -38 
-4  36  4 
-20  -102  14 
-26  -98  -4 

//Reference=MNI 
//nullstudy_45
//Subjects=20
-6  50  -2 
-52  -34  56 
-26  -78  40 
50  2  -40 
-48  14  -18 
-30  -16  -30 
44  4  8 
-40  -28  48 

//Reference=MNI 
//nullstudy_46
//Subjects=21
-22  -62  -18 
-40  32  38 
-24  8  56 
-54  -66  18 
-64  -42  -20 
-20  -74  -42 
-50  -18  -16 
56  10  -2 

//Reference=MNI 
//nullstudy_47
//Subjects=19
38  40  32 
-40  -6  -44 
-14  40  54 
44  26  2 
-8  20  36 
-52  22  -2 
-22  -44  -34 
-50  -18  -4 

//Reference=MNI 
//nullstudy_48
//Subjects=20
-20  16  -26 
-16  16  6 
-34  14  22 
-12  -64  6 
26  24  32 
-36  14  0 
-34  -88  -8 
-12  -66  40 

//Reference=MNI 
//nullstudy_49
//Subjects=18
-44  -28  62 
-34  4  -48 
-26  -96  2 
-28  36  26 
20  14  -14 
-50  -70  -36 
-38  18  20 
-38  -44  68 

//Reference=MNI 
//nullstudy_50
//Subjects=20
40  38  -20 
-44  52  -8 
4  44  20 
-8  20  28 
-18  -88  -42 
-10  -46  72 
-32  8  -48 
-48  -64  12 

//Reference=MNI 
//nullstudy_51
//Subjects=20
-28  -44  -34 
-12  -16  60 
22  56  16 
-40  -26  -22 
-64  -22  -2 
-4  -88  -18 
-4  46  24 
-24  50  32 

//Reference=MNI 
//nullstudy_52
//Subjects=20
-42  8  -44 
46  16  34 
2  28  -14 
-46  -72  -8 
-24  -70  -40 
-48  8  10 
2  34  12 
-18  -80  28 

//Reference=MNI 
//nullstudy_53
//Subjects=21
-34  52  22 
-26  -2  56 
-28  -82  -34 
36  10  -20 
-16  -58  4 
58  18  32 
42  56  6 
-58  -58  22 

//Reference=MNI 
//nullstudy_54
//Subjects=22
-2  36  0 
-58  -40  -24 
8  26  54 
-20  -62  26 
-18  -56  -34 
44  10  -12 
-16  -40  -18 
-36  -70  -18 

//Reference=MNI 
//nullstudy_55
//Subjects=22
-58  -20  -18 
28  34  32 
-46  26  -6 
-40  6  -36 
-30  50  22 
-32  -16  -38 
4  36  -16 
-48  -72  -14 

//Reference=MNI 
//nullstudy_56
//Subjects=18
-52  8  -32 
48  18  -34 
-10  36  32 
-42  -34  8 
48  12  2 
-10  28  32 
0  48  4 
-46  -48  38 

//Reference=MNI 
//nullstudy_57
//Subjects=19
-40  -8  -48 
-36  44  32 
-34  -8  42 
10  12  56 
-4  -72  -12 
-2  -66  -26 
48  42  -18 
12  2  -24 

//Reference=MNI 
//nullstudy_58
//Subjects=21
-4  -66  20 
-38  -2  0 
-46  34  28 
-64  -36  14 
-36  -60  34 
34  24  54 
-2  -36  -34 
42  8  46 

//Reference=MNI 
//nullstudy_59
//Subjects=22
-46  22  -2 
54  10  16 
-12  -54  -38 
-48  48  10 
-18  -96  -18 
-14  -22  72 
-30  -10  46 
-40  20  -34 

//Reference=MNI 
//nullstudy_60
//Subjects=19
-30  -50  -20 
18  6  -38 
16  60  -20 
-2  -52  -68 
48  6  36 
-36  16  52 
-14  10  68 
-38  22  -30 

//Reference=MNI 
//nullstudy_61
//Subjects=19
-24  40  -14 
44  38  0 
42  2  -26 
-38  -72  -18 
-34  -68  14 
-22  -70  -54 
-26  -92  -12 
-56  -28  -10 

//Reference=MNI 
//nullstudy_62
//Subjects=20
-40  -92  0 
-34  -10  -24 
-62  -56  10 
10  6  -20 
-38  -16  -2 
16  50  36 
34  38  -10 
14  38  -4 

//Reference=MNI 
//nullstudy_63
//Subjects=21
-40  -68  -28 
-60  -22  -14 
-34  22  -24 
10  10  74 
-10  -4  -22 
2  48  42 
-40  -64  -14 
-56  -42  -26 

//Reference=MNI 
//nullstudy_64
//Subjects=19
56  4  -10 
-10  -104  12 
-68  -20  -20 
-18  -28  60 
2  38  -2 
-4  44  44 
-18  -80  -40 
-26  -58  62 

//Reference=MNI 
//nullstudy_65
//Subjects=22
-2  -44  -48 
56  8  -20 
-34  -70  -40 
-8  -80  20 
20  2  4 
-34  -42  -2 
34  48  4 
12  22  32 

//Reference=MNI 
//nullstudy_66
//Subjects=21
-44  18  30 
-26  8  8 
-2  46  -22 
-22  -102  4 
-18  -16  -18 
-24  -8  74 
-4  -100  2 
-64  -16  -8 

//Reference=MNI 
//nullstudy_67
//Subjects=19
-4  -42  8 
56  8  -30 
-62  -16  40 
-18  -4  58 
-54  -34  30 
4  34  24 
50  32  24 
8  36  12 

//Reference=MNI 
//nullstudy_68
//Subjects=19
-14  -72  -42 
-44  -10  -46 
-52  16  -30 
-48  -48  6 
-38  20  -10 
-18  -78  8 
10  40  -8 
58  18  28 

//Reference=MNI 
//nullstudy_69
//Subjects=19
-8  12  30 
26  26  -8 
-48  14  40 
-38  -28  50 
-56  4  4 
-4  -26  -24 
-34  -64  60 
12  18  54 

//Reference=MNI 
//nullstudy_70
//Subjects=21
-38  -78  -32 
-36  -22  -12 
-32  -22  -16 
48  36  10 
-58  -4  32 
-40  -80  -2 
0  22  52 
12  20  -6 

//Reference=MNI 
//nullstudy_71
//Subjects=21
-20  -30  -28 
-22  -70  22 
-26  -58  -30 
-40  -18  44 
-30  -76  -30 
-20  -46  -20 
-36  -22  2 
30  20  -30 

//Reference=MNI 
//nullstudy_72
//Subjects=20
18  32  58 
-22  -84  2 
-50  -2  36 
-26  -2  2 
-34  -30  20 
-16  20  6 
-2  24  52 
28  16  64 

//Reference=MNI 
//nullstudy_73
//Subjects=21
-44  -54  -58 
32  58  16 
-50  32  -10 
0  34  8 
16  6  -22 
-22  -72  -34 
8  30  -30 
18  42  46 

//Reference=MNI 
//nullstudy_74
//Subjects=19
-44  28  10 
-24  -44  60 
-24  -62  -28 
30  4  60 
-46  6  -34 
38  2  62 
-58  -18  -14 
-46  36  -18 

//Reference=MNI 
//nullstudy_75
//Subjects=19
8  32  48 
-38  -66  -32 
32  22  8 
-22  12  -16 
-18  -58  -32 
-32  -60  42 
6  18  24 
12  26  52 

//Reference=MNI 
//nullstudy_76
//Subjects=20
-16  -70  30 
-38  36  16 
-50  -22  -4 
20  18  -16 
-12  12  -28 
40  16  -32 
-54  -56  -22 
-54  -18  16 

//Reference=MNI 
//nullstudy_77
//Subjects=20
-44  -46  34 
22  16  0 
46  44  -12 
-10  -16  10 
-50  -24  34 
6  36  -10 
-34  -24  -34 
-46  -14  -34 

//Reference=MNI 
//nullstudy_78
//Subjects=20
8  16  -14 
-12  -18  72 
-8  -48  6 
-4  -48  -56 
-4  -54  46 
20  4  -16 
-6  -42  -54 
-32  26  48 

//Reference=MNI 
//nullstudy_79
//Subjects=19
-16  -76  44 
-40  -64  24 
42  36  -4 
-42  -62  -32 
-44  -54  8 
-22  60  -6 
-30  -30  22 
-60  -48  -10 

//Reference=MNI 
//nullstudy_80
//Subjects=21
-34  -56  66 
-30  -44  -12 
10  70  16 
0  58  -18 
-44  28  -14 
22  8  -16 
-42  -32  4 
-38  -50  -32 

//Reference=MNI 
//nullstudy_81
//Subjects=19
-18  -84  14 
-48  -40  44 
-48  -2  4 
2  22  36 
-50  -46  28 
-46  -64  -32 
16  14  8 
-52  -14  42 

//Reference=MNI 
//nullstudy_82
//Subjects=20
-22  -74  -54 
-14  -76  46 
-4  -38  -26 
4  44  38 
16  18  -4 
-42  -50  -12 
8  72  0 
-18  -72  -20 

//Reference=MNI 
//nullstudy_83
//Subjects=20
-28  -54  70 
32  20  -12 
30  2  -10 
20  30  62 
-58  4  -16 
12  20  -30 
-52  -10  48 
-30  -62  4 

//Reference=MNI 
//nullstudy_84
//Subjects=19
-8  -30  -8 
10  6  64 
6  18  34 
-52  -72  -24 
-14  22  62 
-46  -58  40 
-6  -42  -8 
-28  -70  -40 

//Reference=MNI 
//nullstudy_85
//Subjects=20
-6  -44  -40 
-20  -76  26 
-50  -54  -14 
-16  -70  -56 
-16  -62  36 
-42  -46  40 
-12  -2  -10 
-46  -64  40 

//Reference=MNI 
//nullstudy_86
//Subjects=20
-14  -14  22 
-62  0  -22 
-32  -64  -4 
-40  -58  -40 
48  42  20 
-52  -40  18 
-56  -44  -16 
-44  30  28 

//Reference=MNI 
//nullstudy_87
//Subjects=20
-36  -72  -2 
-12  -86  -28 
-26  -96  18 
48  18  32 
-44  -36  54 
-64  -20  42 
-14  -22  38 
-14  -48  -38 

//Reference=MNI 
//nullstudy_88
//Subjects=20
12  28  -24 
-12  22  14 
-30  -72  -40 
-16  -62  20 
-32  -10  -12 
-6  -34  62 
24  20  0 
-4  6  58 

//Reference=MNI 
//nullstudy_89
//Subjects=20
2  26  -22 
-2  -70  -34 
-52  -30  -4 
-26  -46  12 
-50  -12  -24 
30  6  -4 
-38  -10  -46 
54  36  -10 

//Reference=MNI 
//nullstudy_90
//Subjects=19
58  34  6 
26  34  32 
26  60  12 
-34  -80  -38 
-46  12  38 
-38  52  -12 
54  18  38 
-60  -40  38 

//Reference=MNI 
//nullstudy_91
//Subjects=19
-22  -32  62 
-56  -30  38 
-2  -32  70 
-54  16  8 
-54  -8  -8 
-30  32  50 
26  46  36 
-26  -24  -14 

//Reference=MNI 
//nullstudy_92
//Subjects=20
-40  -8  44 
34  52  30 
26  26  46 
-4  18  -18 
-54  -48  32 
32  60  8 
-20  -66  36 
-40  -20  -36 

//Reference=MNI 
//nullstudy_93
//Subjects=21
-6  -18  -14 
-44  -10  6 
-42  40  0 
-42  -22  4 
-16  66  -4 
-26  8  50 
-66  -32  40 
-16  -60  30 

//Reference=MNI 
//nullstudy_94
//Subjects=20
16  6  -16 
4  16  -10 
-32  -4  66 
-52  -6  -30 
-26  2  -44 
12  46  14 
-6  62  -18 
-14  -56  34 

//Reference=MNI 
//nullstudy_95
//Subjects=23
-14  -66  -6 
-36  36  14 
56  34  6 
-50  -64  30 
4  28  20 
-16  -38  2 
-2  14  -26 
-26  -54  -24 

//Reference=MNI 
//nullstudy_96
//Subjects=19
18  56  12 
-14  -94  4 
-18  -52  -34 
-16  -52  -36 
-12  -40  -60 
-40  -16  -2 
42  14  46 
-32  -68  52 

//Reference=MNI 
//nullstudy_97
//Subjects=20
12  60  18 
-52  -40  50 
-30  -2  -4 
-18  -18  -30 
46  48  -16 
-8  52  26 
26  14  56 
-2  -14  34 

//Reference=MNI 
//nullstudy_98
//Subjects=19
-34  -74  -24 
-28  -12  56 
-14  -8  -24 
-50  24  8 
4  28  58 
38  46  -12 
34  40  2 
-26  54  36 

//Reference=MNI 
//nullstudy_99
//Subjects=19
-4  -66  -2 
-48  48  10 
-34  -90  -24 
-4  -44  40 
-40  42  4 
-18  -56  -60 
-44  -30  -28 
42  24  -34 

//Reference=MNI 
//nullstudy_100
//Subjects=17
18  4  -36 
-30  -54  68 
38  46  34 
-30  -32  -34 
-48  -64  30 
-16  -48  -20 
-26  -10  10 
-4  30  -6 

