//Reference=MNI 
//truestudy_1
//Subjects=30
45  -66  -4 
45  -68  -5 
47  -65  -6 
45  -66  -5 
46  -66  -7 
47  -67  -5 
47  -66  -7 
45  -67  -6 

//Reference=MNI 
//truestudy_2
//Subjects=31
46  -67  -5 
46  -66  -7 
47  -65  -6 
45  -66  -7 
48  -67  -5 
46  -63  -7 
47  -66  -6 
46  -64  -6 

//Reference=MNI 
//truestudy_3
//Subjects=31
46  -66  -7 
45  -66  -3 
46  -68  -6 
46  -68  -7 
46  -65  -7 
47  -65  -6 
46  -67  -7 
48  -66  -6 

//Reference=MNI 
//nullstudy_1
//Subjects=30
-22  -42  -4 
-62  -26  -14 
-28  -40  46 
-4  -52  -64 
-26  64  18 
-18  -70  -40 
-28  8  0 
-6  -10  58 

//Reference=MNI 
//nullstudy_2
//Subjects=31
-50  -66  10 
-10  62  14 
-4  2  28 
24  10  -36 
-26  -60  68 
-6  -96  4 
-12  0  72 
-12  42  4 

//Reference=MNI 
//nullstudy_3
//Subjects=31
-16  18  18 
-16  -90  -38 
-6  -36  4 
14  52  8 
2  46  22 
-18  8  22 
-18  -78  20 
-8  2  56 

//Reference=MNI 
//nullstudy_4
//Subjects=30
-48  -24  -24 
26  10  42 
-20  -40  14 
-38  -54  40 
-12  -50  32 
-40  44  30 
-52  -38  44 
-46  -12  46 

//Reference=MNI 
//nullstudy_5
//Subjects=30
58  12  32 
-56  -70  -12 
-22  -104  -8 
-42  -14  -36 
-38  40  -2 
-52  -66  -26 
-20  0  -48 
-48  -26  -24 

//Reference=MNI 
//nullstudy_6
//Subjects=30
26  58  -18 
-22  -12  -40 
28  12  -40 
-14  -22  -16 
-4  30  24 
-14  -62  -28 
52  24  14 
-44  38  -4 

//Reference=MNI 
//nullstudy_7
//Subjects=32
-48  -38  -18 
-48  -18  24 
-12  12  6 
-20  -48  64 
-32  -30  42 
-18  -66  46 
-28  -68  30 
-56  -58  -24 

//Reference=MNI 
//nullstudy_8
//Subjects=31
-32  -32  12 
-38  -52  64 
-36  14  -18 
24  20  -4 
14  28  50 
-18  22  8 
-22  -86  -6 
-62  -56  8 

//Reference=MNI 
//nullstudy_9
//Subjects=31
18  6  2 
-22  -54  72 
42  30  8 
-42  26  6 
-14  -62  -62 
26  14  -40 
-8  -88  -24 
-4  48  -4 

//Reference=MNI 
//nullstudy_10
//Subjects=31
-16  64  20 
-4  34  48 
-30  -30  74 
-54  -20  24 
-36  -64  32 
-46  -28  62 
-10  -40  62 
-52  4  -24 

//Reference=MNI 
//nullstudy_11
//Subjects=31
-6  24  -22 
-50  -20  52 
-22  -44  -16 
-50  -60  2 
-64  -22  -10 
-4  -48  16 
-18  64  -18 
16  18  10 

//Reference=MNI 
//nullstudy_12
//Subjects=30
-58  0  44 
-34  32  -20 
-48  -74  -22 
32  26  24 
-10  60  8 
12  38  -26 
48  12  2 
24  54  32 

//Reference=MNI 
//nullstudy_13
//Subjects=30
38  28  50 
-26  -52  -56 
32  52  2 
-48  -10  -16 
-58  22  24 
-38  -72  -8 
-42  0  6 
-44  -68  -46 

//Reference=MNI 
//nullstudy_14
//Subjects=31
-16  8  20 
-34  2  -44 
-38  -58  -22 
-22  -10  -8 
-16  -46  -62 
52  2  42 
-30  -36  -48 
24  44  14 

//Reference=MNI 
//nullstudy_15
//Subjects=29
24  38  -16 
-16  -6  56 
20  50  40 
-2  -98  0 
-68  -34  -4 
22  30  50 
-8  -84  42 
-34  -58  -52 

//Reference=MNI 
//nullstudy_16
//Subjects=31
-30  -8  -4 
-10  -52  -38 
-50  -34  40 
40  50  6 
-12  24  24 
44  22  38 
28  44  -10 
-30  -48  48 

//Reference=MNI 
//nullstudy_17
//Subjects=31
-44  -52  8 
12  70  10 
-8  26  54 
44  4  60 
-64  -32  26 
-50  -70  -16 
-48  24  -8 
-62  -26  -26 

//Reference=MNI 
//nullstudy_18
//Subjects=31
-28  -40  -30 
46  42  26 
14  54  18 
-6  -56  44 
-20  -44  -42 
-40  -78  26 
-50  -14  0 
-28  -54  -16 

//Reference=MNI 
//nullstudy_19
//Subjects=30
-10  -58  -48 
-14  -72  48 
-56  10  8 
-60  -22  20 
38  24  52 
-34  60  16 
-10  32  -24 
-32  6  12 

//Reference=MNI 
//nullstudy_20
//Subjects=28
28  26  -18 
10  8  34 
-26  -6  2 
-16  -78  18 
24  42  16 
-14  -60  -18 
-40  -38  64 
-18  -58  0 

//Reference=MNI 
//nullstudy_21
//Subjects=32
-26  -16  -32 
22  46  24 
-4  -94  -24 
-8  50  44 
-34  -38  -28 
-8  -56  -26 
-46  2  18 
-34  10  24 

//Reference=MNI 
//nullstudy_22
//Subjects=28
-14  -14  10 
-6  -8  -6 
8  28  14 
-58  20  22 
48  20  48 
-36  8  44 
-2  -88  -12 
-34  2  42 

//Reference=MNI 
//nullstudy_23
//Subjects=30
-24  -40  -16 
46  18  4 
26  46  26 
-22  -82  -20 
-2  -14  -28 
-18  -70  38 
38  52  22 
-6  -66  62 

//Reference=MNI 
//nullstudy_24
//Subjects=30
-10  -44  72 
-32  -16  -6 
26  32  -20 
-4  -36  -22 
-38  -76  -44 
-22  -68  -62 
38  2  56 
-8  -98  4 

//Reference=MNI 
//nullstudy_25
//Subjects=31
24  2  -30 
30  36  -18 
-14  20  -10 
-30  12  32 
-46  -52  24 
-62  -64  -2 
-34  18  -32 
30  56  -16 

//Reference=MNI 
//nullstudy_26
//Subjects=29
-18  -80  48 
54  20  8 
28  52  -10 
-36  52  -16 
-16  -56  -10 
-30  16  38 
8  8  -6 
-28  -66  -4 

//Reference=MNI 
//nullstudy_27
//Subjects=29
26  36  34 
-10  -10  62 
-2  22  50 
-40  4  24 
-42  -66  -26 
12  42  24 
-6  -32  24 
36  30  2 

//Reference=MNI 
//nullstudy_28
//Subjects=30
-10  -68  10 
-36  0  -4 
32  4  -32 
62  6  10 
-6  -8  -20 
-22  -84  22 
-28  -4  -30 
14  6  -20 

//Reference=MNI 
//nullstudy_29
//Subjects=30
64  10  4 
-42  -2  14 
-50  0  2 
-42  10  24 
-10  44  22 
-56  -22  -4 
-42  6  -18 
-22  -86  10 

//Reference=MNI 
//nullstudy_30
//Subjects=30
-40  -18  40 
-8  18  -14 
26  38  28 
-28  -32  -22 
24  66  10 
0  58  2 
-36  22  -32 
-20  18  -22 

//Reference=MNI 
//nullstudy_31
//Subjects=29
-2  -4  66 
4  56  -16 
-36  52  10 
-38  22  -30 
-38  -12  2 
-58  -52  42 
-8  -74  -38 
20  18  -22 

//Reference=MNI 
//nullstudy_32
//Subjects=30
-50  22  -22 
-6  32  46 
-34  -86  -20 
-8  18  48 
-14  -32  -30 
-36  -14  20 
-20  56  -6 
-30  2  -4 

//Reference=MNI 
//nullstudy_33
//Subjects=30
-22  -68  34 
52  12  48 
-14  22  64 
-14  -42  -18 
-10  -68  -48 
-12  -28  38 
10  40  32 
-34  -76  28 

//Reference=MNI 
//nullstudy_34
//Subjects=31
-18  -54  58 
50  10  -28 
-50  -32  -22 
-12  14  16 
-18  -66  48 
-46  28  16 
-8  38  -4 
-44  -68  -34 

//Reference=MNI 
//nullstudy_35
//Subjects=29
-42  20  30 
-36  -24  -18 
-56  -34  54 
-44  -54  8 
-6  -32  40 
-8  -92  -12 
18  54  28 
-24  -4  -14 

//Reference=MNI 
//nullstudy_36
//Subjects=31
-18  -52  -22 
-58  12  10 
-8  -74  4 
-32  22  24 
22  28  -24 
-40  -14  -40 
-36  -50  36 
6  12  -8 

//Reference=MNI 
//nullstudy_37
//Subjects=30
-38  2  -18 
12  44  54 
-16  -66  44 
-2  -34  -12 
22  66  14 
36  58  -8 
-6  30  12 
12  48  -28 

//Reference=MNI 
//nullstudy_38
//Subjects=32
-4  -10  -30 
-24  10  42 
-54  14  32 
40  20  48 
38  6  -28 
-24  -74  28 
-14  -30  0 
-2  46  -8 

//Reference=MNI 
//nullstudy_39
//Subjects=29
-16  -24  4 
-34  6  46 
-20  -32  72 
-20  -56  10 
-12  -82  -36 
-50  -8  -14 
-26  -34  -32 
-16  46  -24 

//Reference=MNI 
//nullstudy_40
//Subjects=28
-44  -40  44 
-58  10  12 
-36  -24  70 
8  8  62 
20  58  30 
-12  -66  -38 
-38  28  -12 
-42  -54  -32 

//Reference=MNI 
//nullstudy_41
//Subjects=31
-50  -16  -6 
-38  46  -14 
0  42  54 
-22  -60  -46 
-12  -42  38 
-40  -52  36 
30  28  -4 
48  26  12 

//Reference=MNI 
//nullstudy_42
//Subjects=30
-16  34  38 
-60  -6  0 
-18  -28  -40 
-30  -52  -12 
-36  46  -18 
-18  -98  -12 
-2  26  62 
-30  14  58 

//Reference=MNI 
//nullstudy_43
//Subjects=31
42  54  18 
-44  -10  -6 
36  50  2 
-44  -26  52 
48  22  38 
-22  56  10 
-22  2  4 
-22  -30  6 

//Reference=MNI 
//nullstudy_44
//Subjects=30
-32  4  42 
-6  2  -18 
-10  -4  -12 
-6  14  -6 
-8  -52  40 
-2  -68  44 
-40  -16  58 
-26  -98  -8 

//Reference=MNI 
//nullstudy_45
//Subjects=31
36  42  32 
20  70  -2 
-34  -72  -54 
-62  10  6 
-12  0  62 
-12  -70  38 
-36  46  -6 
-40  -4  64 

//Reference=MNI 
//nullstudy_46
//Subjects=30
-10  -2  70 
-34  -68  -8 
-24  -26  -6 
-26  -62  -6 
-44  -14  -38 
-44  0  60 
-14  -68  62 
-6  -12  -8 

//Reference=MNI 
//nullstudy_47
//Subjects=31
36  34  40 
40  2  32 
-42  -66  -18 
-32  8  10 
-56  -20  -22 
-44  18  -26 
22  58  0 
-6  -24  18 

//Reference=MNI 
//nullstudy_48
//Subjects=30
18  10  -10 
-52  18  24 
46  4  58 
-16  16  2 
-12  -26  26 
40  14  -34 
56  2  -14 
-28  -16  52 

//Reference=MNI 
//nullstudy_49
//Subjects=29
-18  64  4 
-12  2  70 
-44  -72  20 
42  10  -44 
-8  -16  72 
8  42  8 
40  38  2 
-44  -66  0 

//Reference=MNI 
//nullstudy_50
//Subjects=30
46  2  -20 
14  24  -2 
-44  -10  4 
-2  -84  42 
44  36  28 
-54  -2  50 
-34  -52  42 
-10  24  -24 

//Reference=MNI 
//nullstudy_51
//Subjects=29
-10  46  -4 
40  34  -8 
-54  -66  -32 
-34  -90  -20 
-24  6  -10 
16  56  -24 
-54  -22  48 
-4  -96  -12 

//Reference=MNI 
//nullstudy_52
//Subjects=30
-6  18  -6 
6  54  16 
-12  54  -20 
-12  -16  -22 
-2  -92  -2 
-30  -20  -22 
-2  -52  2 
-46  -30  18 

//Reference=MNI 
//nullstudy_53
//Subjects=30
-2  6  -8 
-38  -22  -14 
-42  -6  -16 
4  28  -12 
-42  -24  46 
-46  -84  8 
-20  18  48 
-8  42  -16 

//Reference=MNI 
//nullstudy_54
//Subjects=33
58  4  34 
0  2  12 
2  30  0 
-2  -42  26 
-54  -20  -2 
54  40  10 
-2  -14  44 
16  62  -2 

//Reference=MNI 
//nullstudy_55
//Subjects=30
-26  -66  2 
-46  -26  48 
-38  -66  46 
-60  -26  22 
-36  38  6 
-22  -18  64 
-4  -102  -10 
-56  -26  32 

//Reference=MNI 
//nullstudy_56
//Subjects=30
-4  -8  14 
-24  -6  -26 
-26  -58  36 
-8  -26  2 
42  4  -42 
-26  28  26 
-42  -66  34 
-24  -72  22 

//Reference=MNI 
//nullstudy_57
//Subjects=29
-24  -20  -22 
54  18  -22 
-36  -56  24 
-42  -24  2 
-8  -90  -40 
-40  50  12 
2  46  -22 
-48  -24  -20 

//Reference=MNI 
//nullstudy_58
//Subjects=31
-6  36  -6 
-36  -80  -24 
-22  -26  -4 
10  60  20 
-50  -40  -26 
-18  -10  -44 
-14  24  64 
-44  36  2 

//Reference=MNI 
//nullstudy_59
//Subjects=31
44  30  -14 
-12  -38  -20 
22  6  60 
-18  -48  62 
-38  -30  -16 
-34  -88  4 
20  8  -32 
-22  -90  22 

//Reference=MNI 
//nullstudy_60
//Subjects=30
-70  -40  -6 
4  40  4 
22  32  54 
-8  2  60 
-58  -8  -38 
-40  -84  14 
-50  -48  42 
28  36  46 

//Reference=MNI 
//nullstudy_61
//Subjects=31
50  2  50 
-28  -58  -44 
-56  -2  -38 
-60  -12  -20 
-44  20  -22 
38  16  46 
-36  -40  12 
-26  -38  72 

//Reference=MNI 
//nullstudy_62
//Subjects=31
-46  30  6 
-32  0  -22 
-30  6  32 
-28  -28  56 
-50  -52  -2 
-16  -32  -28 
36  34  10 
-8  -52  -28 

//Reference=MNI 
//nullstudy_63
//Subjects=32
48  24  -2 
-12  -84  -4 
-4  4  58 
-36  20  -20 
-54  -2  32 
-20  -12  56 
46  32  32 
-56  16  34 

//Reference=MNI 
//nullstudy_64
//Subjects=29
-54  -46  44 
52  34  -12 
22  4  10 
-4  52  40 
-4  -26  -40 
-16  46  -20 
-52  -24  40 
-18  -84  -10 

//Reference=MNI 
//nullstudy_65
//Subjects=29
0  18  50 
-56  -22  -12 
-24  -88  36 
-10  -30  -8 
-20  -78  -38 
-16  -32  60 
-10  10  38 
-32  -44  -10 

//Reference=MNI 
//nullstudy_66
//Subjects=31
-34  -28  24 
-42  28  12 
16  40  4 
-4  40  -20 
-10  -98  2 
-36  -58  12 
-48  20  -14 
-60  -58  0 

//Reference=MNI 
//nullstudy_67
//Subjects=30
-24  -36  -34 
-36  -40  18 
-64  -52  28 
-18  -68  -26 
-24  -92  -8 
-56  4  6 
-44  -48  -20 
-24  -2  56 

//Reference=MNI 
//nullstudy_68
//Subjects=30
-26  -80  32 
-14  40  48 
-22  -20  -16 
-36  -22  54 
-30  -8  -20 
-44  2  -10 
40  58  6 
-40  -30  -24 

//Reference=MNI 
//nullstudy_69
//Subjects=29
-30  14  62 
-44  -40  56 
46  30  -14 
-64  0  8 
22  34  50 
-40  22  12 
-58  -18  50 
-56  -44  30 

//Reference=MNI 
//nullstudy_70
//Subjects=31
-2  -58  -38 
18  64  6 
-38  -52  -16 
-64  -22  28 
-36  -70  -36 
-54  -8  -10 
-16  2  68 
-44  24  4 

//Reference=MNI 
//nullstudy_71
//Subjects=28
-2  16  70 
-62  -46  -12 
-36  -22  14 
-46  -76  24 
-18  -48  -58 
-64  -50  4 
-34  4  60 
-28  -34  54 

//Reference=MNI 
//nullstudy_72
//Subjects=27
-16  -26  40 
-38  24  -28 
-34  -72  30 
-24  -12  -36 
-22  52  8 
-22  -30  -32 
-28  8  46 
-8  -6  -10 

//Reference=MNI 
//nullstudy_73
//Subjects=32
-50  -58  44 
-66  -48  -2 
-24  -72  58 
24  10  -24 
-44  0  40 
-4  -6  76 
-4  12  40 
-30  -48  -6 

//Reference=MNI 
//nullstudy_74
//Subjects=29
10  6  8 
26  20  -10 
-52  8  28 
26  48  10 
-22  -42  -4 
-12  -72  -40 
-30  12  38 
-32  -12  6 

//Reference=MNI 
//nullstudy_75
//Subjects=29
-52  -14  -22 
-14  -2  22 
20  64  16 
-26  -48  46 
-16  36  34 
-2  -90  -14 
-66  -18  28 
-10  -14  78 

//Reference=MNI 
//nullstudy_76
//Subjects=30
-24  -42  -12 
-10  16  30 
-18  -42  -36 
-56  -22  22 
2  14  38 
44  8  8 
-40  -62  -10 
-2  -56  56 

//Reference=MNI 
//nullstudy_77
//Subjects=33
-12  -36  6 
-38  -58  10 
-28  42  42 
-16  -72  -12 
-38  -18  -2 
-4  -60  44 
-10  -102  -12 
-56  -6  4 

//Reference=MNI 
//nullstudy_78
//Subjects=31
-50  0  -10 
-4  -88  28 
42  24  2 
26  32  -16 
-18  -58  26 
-24  30  46 
-18  -50  64 
-40  -44  48 

//Reference=MNI 
//nullstudy_79
//Subjects=31
-52  -22  26 
-32  -54  -44 
-28  -86  36 
-22  14  -20 
-32  -76  -32 
-50  0  30 
-14  -58  38 
-6  22  48 

//Reference=MNI 
//nullstudy_80
//Subjects=30
-46  -82  0 
-52  6  8 
6  30  52 
10  36  36 
-60  -10  -18 
54  42  8 
-10  32  32 
-54  -48  12 

//Reference=MNI 
//nullstudy_81
//Subjects=31
48  34  16 
-6  -20  78 
-6  -10  54 
44  4  14 
62  2  -6 
-66  -10  14 
-2  -76  -12 
-16  4  -18 

//Reference=MNI 
//nullstudy_82
//Subjects=30
0  26  40 
-44  8  -16 
-36  -28  16 
-10  -52  -30 
-4  40  42 
-40  -30  44 
54  12  -10 
28  6  -2 

//Reference=MNI 
//nullstudy_83
//Subjects=30
58  6  -8 
-44  -66  26 
-22  -48  -46 
-28  52  -2 
-30  -84  24 
40  32  -10 
-24  -14  52 
-20  2  -32 

//Reference=MNI 
//nullstudy_84
//Subjects=30
-14  42  -26 
-64  -10  -12 
-50  -54  -10 
0  36  40 
-16  44  42 
-24  -72  24 
32  52  24 
36  48  -10 

//Reference=MNI 
//nullstudy_85
//Subjects=32
-24  46  4 
-44  -66  -18 
30  22  -32 
-38  16  0 
4  44  40 
-32  -84  -10 
-2  -84  -22 
-14  -88  -36 

//Reference=MNI 
//nullstudy_86
//Subjects=30
30  26  54 
-30  -6  -30 
-32  -62  60 
-62  -4  24 
-18  58  0 
-18  -46  74 
28  32  -4 
-12  50  -16 

//Reference=MNI 
//nullstudy_87
//Subjects=30
-46  20  -6 
-30  -86  18 
46  10  4 
-14  -64  8 
36  34  40 
-22  -40  -54 
-28  -80  36 
-6  -104  4 

//Reference=MNI 
//nullstudy_88
//Subjects=29
-30  30  -22 
-34  0  -28 
10  8  38 
32  2  -30 
-14  -38  68 
22  8  -46 
-58  0  -12 
-4  52  34 

//Reference=MNI 
//nullstudy_89
//Subjects=30
-6  -72  -28 
-24  -86  16 
-50  -48  8 
-28  -72  18 
-56  -46  -32 
-34  12  58 
-52  -2  -22 
0  40  0 

//Reference=MNI 
//nullstudy_90
//Subjects=30
-22  -74  -8 
-24  40  48 
-38  -84  30 
-42  -50  -44 
-36  -40  -38 
-4  -26  20 
34  4  60 
-6  -38  -12 

//Reference=MNI 
//nullstudy_91
//Subjects=31
-36  -66  18 
-54  -42  -22 
30  10  40 
-4  -10  -22 
-46  8  -2 
-42  -42  58 
-46  38  -2 
-48  32  -4 

//Reference=MNI 
//nullstudy_92
//Subjects=30
-52  -64  -10 
-36  -28  50 
-6  50  -6 
-18  -62  -52 
-50  -54  38 
-2  52  8 
26  36  -16 
56  10  -10 

//Reference=MNI 
//nullstudy_93
//Subjects=30
-24  40  28 
10  54  26 
-2  50  46 
-16  -86  -46 
-28  -48  52 
-38  -50  32 
-40  -10  60 
30  16  2 

//Reference=MNI 
//nullstudy_94
//Subjects=30
-18  -36  22 
-22  -6  -46 
16  56  20 
-2  -48  -32 
-20  -74  42 
-12  36  20 
-20  -64  -10 
-26  -34  -4 

//Reference=MNI 
//nullstudy_95
//Subjects=30
-10  -76  -50 
-50  -22  -12 
-18  -20  -24 
-54  -22  -14 
-32  0  0 
-10  -86  36 
-26  -100  8 
-14  -64  24 

//Reference=MNI 
//nullstudy_96
//Subjects=30
10  6  -6 
-6  -100  14 
20  16  -2 
12  30  -20 
-2  -72  -18 
-6  -48  -46 
10  50  -2 
-18  -16  -32 

//Reference=MNI 
//nullstudy_97
//Subjects=30
-30  12  -24 
-2  14  12 
-16  -22  62 
-18  -42  -38 
-16  -44  -34 
-32  -8  -12 
-32  -24  -34 
44  10  20 

//Reference=MNI 
//nullstudy_98
//Subjects=30
-4  -44  -48 
-22  -38  -28 
-30  44  18 
0  4  52 
-4  14  30 
52  26  16 
-32  -48  52 
-10  -38  -20 

//Reference=MNI 
//nullstudy_99
//Subjects=30
34  16  50 
-12  -14  80 
-68  -30  20 
-32  -2  62 
4  6  60 
18  30  44 
-8  58  12 
-42  -14  0 

//Reference=MNI 
//nullstudy_100
//Subjects=31
-24  52  -2 
-36  -12  -4 
-24  -64  -40 
-20  -50  -52 
2  48  8 
-20  -58  38 
-10  -42  -46 
-14  56  28 

