//Reference=MNI 
//truestudy_1
//Subjects=20
46  -67  -7 
45  -66  -6 
46  -65  -6 
44  -65  -7 
47  -66  -6 
44  -67  -8 
47  -66  -7 
47  -65  -7 

//Reference=MNI 
//truestudy_2
//Subjects=21
45  -66  -7 
45  -68  -6 
46  -66  -7 
47  -66  -5 
48  -64  -5 
47  -66  -7 
45  -68  -5 
45  -67  -7 

//Reference=MNI 
//truestudy_3
//Subjects=21
46  -66  -6 
45  -65  -7 
46  -66  -6 
47  -66  -7 
47  -67  -4 
46  -66  -6 
46  -66  -6 
46  -66  -6 

//Reference=MNI 
//nullstudy_1
//Subjects=20
-60  -4  2 
-40  -48  -10 
10  48  4 
-30  -44  -22 
28  42  48 
-16  -24  -26 
-56  -54  38 
-18  2  26 

//Reference=MNI 
//nullstudy_2
//Subjects=21
-52  4  -22 
-20  18  -22 
-6  -48  12 
-64  -52  26 
54  2  48 
42  34  30 
-4  -88  -26 
-2  38  -16 

//Reference=MNI 
//nullstudy_3
//Subjects=21
-20  -48  8 
32  20  -42 
-38  -58  6 
-12  60  34 
32  14  36 
-6  46  0 
-38  -58  -10 
-16  44  6 

//Reference=MNI 
//nullstudy_4
//Subjects=19
-4  46  8 
-48  -50  8 
-10  -36  -34 
-6  22  42 
56  28  4 
-54  -30  12 
-46  -66  -10 
48  30  10 

//Reference=MNI 
//nullstudy_5
//Subjects=19
-22  14  64 
-6  18  4 
42  42  -22 
-56  14  -20 
-36  -68  42 
-16  -38  -14 
-60  -66  10 
28  40  18 

//Reference=MNI 
//nullstudy_6
//Subjects=20
36  50  -2 
12  28  -20 
-18  -12  -8 
-6  -54  26 
-18  -34  -14 
-12  -66  28 
50  12  20 
2  66  2 

//Reference=MNI 
//nullstudy_7
//Subjects=20
-34  -30  70 
-60  -8  -22 
4  12  -16 
-22  -42  0 
-6  -62  -50 
-48  32  26 
46  12  12 
-2  22  58 

//Reference=MNI 
//nullstudy_8
//Subjects=21
-26  -94  22 
-42  -66  -8 
-2  -58  -12 
-26  -4  70 
-6  -94  32 
0  30  -6 
-44  -58  42 
-28  -82  24 

//Reference=MNI 
//nullstudy_9
//Subjects=21
-16  -78  44 
-48  -76  -32 
22  42  28 
-28  0  12 
24  2  -48 
-26  -32  -40 
-54  32  -4 
-2  -54  -22 

//Reference=MNI 
//nullstudy_10
//Subjects=21
-38  -84  16 
26  64  -2 
-6  -16  46 
-64  -54  10 
-64  -58  10 
-30  -24  64 
-56  -2  10 
-26  24  -14 

//Reference=MNI 
//nullstudy_11
//Subjects=20
-2  -44  -40 
-44  -20  -30 
36  54  -14 
24  26  -24 
-64  -36  -20 
30  18  54 
44  26  42 
50  2  38 

//Reference=MNI 
//nullstudy_12
//Subjects=20
22  24  60 
0  56  34 
26  12  42 
-30  12  34 
-40  -54  14 
18  2  -32 
-38  -8  14 
-52  -4  22 

//Reference=MNI 
//nullstudy_13
//Subjects=20
-32  -82  4 
54  14  2 
-10  10  40 
2  42  34 
28  58  18 
-2  52  -22 
-30  18  32 
-20  -22  60 

//Reference=MNI 
//nullstudy_14
//Subjects=19
6  42  28 
-30  28  34 
12  6  -12 
32  40  -20 
-6  18  60 
-16  -62  -60 
-46  2  50 
-12  10  66 

//Reference=MNI 
//nullstudy_15
//Subjects=21
-28  -12  -18 
34  10  34 
-28  -54  46 
-24  -66  52 
-6  44  32 
-58  -32  -8 
32  4  46 
-44  14  -32 

//Reference=MNI 
//nullstudy_16
//Subjects=22
-26  -22  -18 
-2  50  -8 
40  18  -28 
-42  -78  -40 
-46  -40  -16 
-28  58  -18 
12  18  0 
6  20  -14 

//Reference=MNI 
//nullstudy_17
//Subjects=19
-56  2  40 
18  12  -32 
-34  6  -48 
8  40  52 
-46  -66  -36 
-16  4  -6 
42  28  20 
-8  -4  46 

//Reference=MNI 
//nullstudy_18
//Subjects=18
-22  -10  66 
-24  54  38 
-6  2  28 
-62  -18  -12 
-46  -86  -4 
-8  -68  54 
-40  32  -4 
-28  18  0 

//Reference=MNI 
//nullstudy_19
//Subjects=20
-10  -78  32 
32  14  8 
-14  -24  26 
10  2  -12 
-36  8  -18 
-8  -30  52 
-40  -16  6 
-4  -74  -38 

//Reference=MNI 
//nullstudy_20
//Subjects=21
-28  -80  -36 
-38  -16  -44 
-38  -50  -28 
-38  28  -20 
26  44  -16 
0  54  12 
16  10  -40 
-30  -52  -58 

//Reference=MNI 
//nullstudy_21
//Subjects=20
-12  20  64 
-32  -38  -18 
-26  20  -4 
16  26  -28 
-8  -66  -36 
-52  -72  18 
-26  -64  -32 
34  14  0 

//Reference=MNI 
//nullstudy_22
//Subjects=20
-40  -66  30 
-24  -54  -32 
-14  -2  -6 
-18  -90  -2 
6  62  0 
-66  -30  36 
-14  32  48 
-2  -68  -40 

//Reference=MNI 
//nullstudy_23
//Subjects=21
-12  -26  -30 
-30  -26  -24 
-14  48  8 
14  70  2 
-56  -10  16 
-20  54  10 
-4  -32  -4 
26  56  24 

//Reference=MNI 
//nullstudy_24
//Subjects=17
8  58  38 
32  2  58 
-44  2  -46 
-8  -68  -40 
-4  -64  32 
-28  50  20 
-12  -70  -6 
48  32  32 

//Reference=MNI 
//nullstudy_25
//Subjects=23
-6  -34  0 
48  10  44 
-34  -80  38 
-20  -60  58 
42  24  46 
-54  -10  -32 
-18  12  12 
2  44  12 

//Reference=MNI 
//nullstudy_26
//Subjects=21
-54  -12  28 
-18  -32  -42 
-16  -62  68 
-2  -40  22 
-20  -26  -24 
20  64  24 
-54  -42  12 
-18  -60  62 

//Reference=MNI 
//nullstudy_27
//Subjects=21
-6  10  -24 
-30  -36  50 
54  10  -28 
-26  18  6 
-26  8  -12 
58  2  -20 
38  4  32 
-20  -56  70 

//Reference=MNI 
//nullstudy_28
//Subjects=20
-48  -16  38 
32  14  -2 
-14  2  20 
22  14  -44 
36  18  -40 
-8  -64  66 
2  54  0 
-6  -16  52 

//Reference=MNI 
//nullstudy_29
//Subjects=19
-60  -10  0 
-42  -86  6 
-32  -34  70 
-40  -26  12 
-20  38  30 
-10  -50  38 
-54  20  28 
-44  40  -4 

//Reference=MNI 
//nullstudy_30
//Subjects=18
52  38  20 
-52  -66  -6 
26  32  26 
-56  -42  38 
-26  -84  8 
4  52  -4 
-6  -68  -26 
62  14  22 

//Reference=MNI 
//nullstudy_31
//Subjects=20
-30  -48  0 
38  48  10 
-4  -4  36 
-46  -78  -38 
-10  -66  20 
6  20  20 
-30  20  2 
-50  -74  12 

//Reference=MNI 
//nullstudy_32
//Subjects=21
-18  12  -30 
36  10  34 
4  16  -22 
-10  -62  -8 
-44  -6  -14 
-12  -72  26 
-12  -80  -46 
-2  58  -16 

//Reference=MNI 
//nullstudy_33
//Subjects=21
-56  -12  -6 
12  42  26 
24  14  64 
-38  16  -8 
-2  12  70 
-28  26  -16 
-40  42  6 
-6  -2  48 

//Reference=MNI 
//nullstudy_34
//Subjects=21
-10  -56  30 
12  34  14 
-28  -82  40 
-64  -20  -18 
22  4  -32 
-18  24  44 
48  8  -14 
-16  -82  20 

//Reference=MNI 
//nullstudy_35
//Subjects=20
-64  -16  24 
42  32  30 
-34  -54  -40 
-26  46  34 
-22  -52  60 
-32  4  62 
-66  -38  20 
-48  -42  42 

//Reference=MNI 
//nullstudy_36
//Subjects=20
-10  -54  -12 
42  22  10 
-66  -10  26 
-40  -70  -42 
-12  62  -8 
-32  -82  22 
-28  -64  4 
-18  18  56 

//Reference=MNI 
//nullstudy_37
//Subjects=20
-28  -18  8 
-20  -38  -52 
-56  -14  18 
-30  8  -36 
-6  -20  -32 
-36  -82  -46 
-16  -48  -10 
-40  -92  6 

//Reference=MNI 
//nullstudy_38
//Subjects=20
-10  44  16 
-10  -4  -36 
52  2  -36 
52  4  -40 
-18  34  44 
44  10  48 
18  8  -34 
-10  18  -14 

//Reference=MNI 
//nullstudy_39
//Subjects=21
-48  28  8 
-2  -42  -10 
-8  44  22 
-50  -10  -10 
-12  -92  -10 
-32  -64  -58 
-52  -76  0 
-6  24  -28 

//Reference=MNI 
//nullstudy_40
//Subjects=21
38  14  58 
-26  62  10 
-60  -4  26 
-4  -32  -56 
20  14  -6 
-34  -38  -16 
-30  2  -38 
-18  -70  54 

//Reference=MNI 
//nullstudy_41
//Subjects=18
-32  -56  -34 
-68  -22  -16 
-34  6  30 
16  40  12 
-42  -16  6 
-32  -64  -44 
-12  -20  -6 
12  2  -38 

//Reference=MNI 
//nullstudy_42
//Subjects=19
-12  -50  4 
-30  -42  -22 
-24  36  48 
-18  -38  12 
28  10  58 
-38  -2  32 
-6  -44  4 
-56  -50  46 

//Reference=MNI 
//nullstudy_43
//Subjects=20
-32  -50  66 
8  2  -32 
-12  -14  48 
-46  -24  24 
-18  -100  -4 
-40  -86  -6 
-50  -2  -24 
-54  -66  0 

//Reference=MNI 
//nullstudy_44
//Subjects=20
-40  42  0 
-8  26  -20 
12  28  40 
56  2  12 
-10  36  12 
14  54  30 
0  52  -2 
-40  -60  -56 

//Reference=MNI 
//nullstudy_45
//Subjects=21
-6  -74  -48 
-56  -22  -28 
-38  46  -8 
-16  44  46 
-48  -4  52 
-26  34  38 
-14  0  70 
44  16  -38 

//Reference=MNI 
//nullstudy_46
//Subjects=19
-24  -4  74 
-26  -56  48 
-12  -84  8 
-46  38  -6 
-30  -8  58 
34  6  -10 
38  42  26 
40  34  26 

//Reference=MNI 
//nullstudy_47
//Subjects=19
-32  -42  70 
-42  -18  4 
-46  -32  -8 
-52  -56  20 
-8  68  12 
18  14  18 
-40  -68  -20 
-22  -4  -24 

//Reference=MNI 
//nullstudy_48
//Subjects=20
-18  26  -16 
-30  32  -12 
-14  -66  6 
-44  -64  -30 
-20  56  22 
-14  -50  6 
-8  -26  6 
8  58  18 

//Reference=MNI 
//nullstudy_49
//Subjects=21
-30  -86  -28 
-6  -34  40 
16  2  18 
-54  -14  22 
-40  0  24 
-30  -42  -58 
-46  -68  22 
-32  24  -6 

//Reference=MNI 
//nullstudy_50
//Subjects=22
-22  -22  70 
22  6  -6 
-66  -38  18 
-28  -56  -6 
44  26  30 
-18  -44  -18 
-26  34  -24 
-30  -50  -48 

//Reference=MNI 
//nullstudy_51
//Subjects=19
-16  -40  40 
-12  -56  -20 
34  20  -20 
42  40  -14 
54  4  32 
38  16  -44 
-18  -74  60 
-16  -86  -40 

//Reference=MNI 
//nullstudy_52
//Subjects=20
-14  8  -36 
-30  -10  60 
8  14  -28 
-22  36  -12 
-34  24  12 
20  12  -36 
-48  42  6 
-20  -30  8 

//Reference=MNI 
//nullstudy_53
//Subjects=22
-18  -64  -14 
28  48  24 
-20  56  12 
-66  -4  -12 
-8  -40  -62 
16  14  54 
-32  -38  -24 
-4  28  12 

//Reference=MNI 
//nullstudy_54
//Subjects=21
-22  -88  -22 
22  10  -28 
12  30  18 
-18  -14  -10 
-24  -72  40 
-12  -38  -50 
-20  -60  -54 
-22  0  54 

//Reference=MNI 
//nullstudy_55
//Subjects=19
-54  -50  -16 
42  2  58 
-14  -96  6 
-40  -34  64 
-14  -106  -8 
-2  -86  -2 
-20  -54  60 
-6  28  48 

//Reference=MNI 
//nullstudy_56
//Subjects=20
-6  -84  -32 
-38  -78  40 
-14  -76  -14 
-10  6  8 
-6  -34  -30 
-44  12  4 
-48  -34  6 
38  4  54 

//Reference=MNI 
//nullstudy_57
//Subjects=20
-6  -94  -4 
40  10  2 
-10  -94  22 
-36  -54  14 
-24  60  22 
-36  -34  54 
2  58  22 
32  20  54 

//Reference=MNI 
//nullstudy_58
//Subjects=21
-18  38  32 
-46  -12  -36 
14  10  40 
-38  16  12 
-30  -32  16 
-52  -68  -14 
-32  -92  22 
58  16  34 

//Reference=MNI 
//nullstudy_59
//Subjects=19
-22  -86  -10 
-10  52  22 
18  10  -40 
-50  -24  6 
-34  58  8 
-8  -84  26 
2  46  14 
-30  -48  4 

//Reference=MNI 
//nullstudy_60
//Subjects=20
-14  -22  76 
-56  -30  0 
-58  24  20 
-22  -62  28 
46  36  28 
66  6  20 
-12  8  -16 
0  50  26 

//Reference=MNI 
//nullstudy_61
//Subjects=20
-60  14  14 
6  46  -12 
-62  -30  -28 
-66  -24  18 
-34  -18  -24 
-22  -54  -16 
-2  -70  46 
60  14  6 

//Reference=MNI 
//nullstudy_62
//Subjects=21
-4  54  -26 
48  22  10 
-54  -12  -32 
-14  6  22 
-46  16  44 
-44  46  -10 
-64  -42  -4 
-34  -6  -34 

//Reference=MNI 
//nullstudy_63
//Subjects=21
-28  32  46 
-40  -2  -40 
-20  -24  -34 
-12  -40  -40 
10  48  -2 
-34  -58  -56 
-36  -80  -44 
-16  -26  -30 

//Reference=MNI 
//nullstudy_64
//Subjects=21
-54  8  28 
28  16  8 
24  50  24 
-12  8  54 
32  42  40 
-12  -58  -28 
-30  -4  56 
-26  -54  6 

//Reference=MNI 
//nullstudy_65
//Subjects=20
36  10  40 
-30  -20  4 
-22  -28  6 
-24  -18  68 
-12  0  -22 
-24  18  -4 
46  18  -18 
-40  -72  12 

//Reference=MNI 
//nullstudy_66
//Subjects=20
-20  -50  8 
8  42  18 
-36  46  2 
-28  -38  10 
30  56  32 
52  4  -38 
28  16  60 
-6  -12  18 

//Reference=MNI 
//nullstudy_67
//Subjects=21
-2  -68  -14 
-20  -12  -32 
-66  -20  30 
-14  -8  26 
-12  28  0 
-22  -46  58 
-26  -50  -50 
42  56  -2 

//Reference=MNI 
//nullstudy_68
//Subjects=20
32  22  -2 
50  36  0 
-4  -40  50 
-48  -28  32 
-6  38  -26 
-66  -8  24 
22  14  -34 
42  18  -6 

//Reference=MNI 
//nullstudy_69
//Subjects=20
-56  -16  42 
-10  4  -12 
-28  -70  -32 
-12  38  28 
-14  -26  -10 
-2  52  16 
-16  -12  -22 
32  8  38 

//Reference=MNI 
//nullstudy_70
//Subjects=21
-52  -18  14 
-46  16  2 
-4  -28  8 
16  36  58 
-6  -44  64 
16  52  -18 
-12  -58  -60 
8  8  -14 

//Reference=MNI 
//nullstudy_71
//Subjects=20
28  2  -14 
46  14  -32 
-18  70  0 
-6  30  40 
-18  -64  -48 
2  40  16 
-24  -46  46 
-14  -58  22 

//Reference=MNI 
//nullstudy_72
//Subjects=20
-22  -34  68 
-4  64  8 
-30  -14  8 
-4  24  -12 
-66  -18  -18 
26  22  64 
-42  -58  -52 
-16  -46  -18 

//Reference=MNI 
//nullstudy_73
//Subjects=20
42  14  -36 
-44  -38  8 
-10  -80  -4 
-6  -58  -16 
-20  20  44 
-26  -68  -26 
-24  6  -12 
34  6  -8 

//Reference=MNI 
//nullstudy_74
//Subjects=19
-4  -56  60 
-12  -46  -24 
-16  54  22 
-36  -94  -14 
-26  -14  10 
-44  -12  60 
-52  24  34 
8  70  12 

//Reference=MNI 
//nullstudy_75
//Subjects=19
-36  18  22 
-54  12  0 
-32  -76  6 
-24  -66  24 
-22  -64  -44 
14  42  24 
36  44  24 
-24  40  42 

//Reference=MNI 
//nullstudy_76
//Subjects=21
-6  18  56 
-44  22  -2 
28  42  32 
52  28  8 
-14  8  12 
-32  12  -18 
-58  -6  -38 
-20  -36  66 

//Reference=MNI 
//nullstudy_77
//Subjects=20
28  24  -2 
-6  -8  -22 
-24  8  52 
-60  -40  10 
-4  -42  48 
-46  -10  -22 
-20  16  60 
-14  -32  -42 

//Reference=MNI 
//nullstudy_78
//Subjects=19
-38  34  -10 
-6  -38  -14 
8  54  20 
-32  -50  52 
-46  -68  -30 
-18  -80  52 
28  12  -10 
26  18  -14 

//Reference=MNI 
//nullstudy_79
//Subjects=20
-2  2  -22 
-2  38  -4 
46  18  38 
-10  -26  -24 
-40  -36  6 
46  38  -18 
-34  24  42 
-34  -94  4 

//Reference=MNI 
//nullstudy_80
//Subjects=20
-10  52  14 
28  12  -8 
-20  -32  64 
-42  -62  16 
8  64  14 
-14  -68  -58 
-50  -24  36 
-42  24  38 

//Reference=MNI 
//nullstudy_81
//Subjects=21
-48  4  -4 
-58  -14  30 
-12  -10  -26 
-44  14  -30 
46  4  0 
-46  -44  -34 
-28  30  -6 
12  14  12 

//Reference=MNI 
//nullstudy_82
//Subjects=20
-26  -78  14 
-68  -44  -14 
8  12  60 
26  46  28 
-42  -46  28 
38  26  -30 
52  16  18 
6  18  34 

//Reference=MNI 
//nullstudy_83
//Subjects=20
-32  30  26 
2  12  50 
-24  -54  58 
-10  -34  -18 
-30  -24  44 
-48  -18  12 
14  6  50 
-28  52  14 

//Reference=MNI 
//nullstudy_84
//Subjects=20
-42  12  -38 
-48  -46  38 
48  12  2 
-10  44  44 
-48  -42  26 
-2  -20  40 
-26  -84  -42 
34  48  28 

//Reference=MNI 
//nullstudy_85
//Subjects=20
-16  -38  42 
-6  -46  0 
-14  -54  48 
14  50  2 
18  40  42 
-8  -84  -40 
-8  30  -6 
6  24  -16 

//Reference=MNI 
//nullstudy_86
//Subjects=19
-2  30  18 
-46  -50  42 
-44  -42  -16 
-32  -40  -36 
14  28  54 
-46  -46  -8 
-30  -2  0 
46  18  48 

//Reference=MNI 
//nullstudy_87
//Subjects=20
-60  -28  -26 
-60  -20  38 
4  14  52 
-50  -54  30 
4  2  74 
18  4  -38 
4  52  18 
38  30  36 

//Reference=MNI 
//nullstudy_88
//Subjects=18
4  40  52 
-2  58  14 
36  26  4 
14  14  -2 
44  10  -46 
54  14  20 
-20  -6  -22 
16  50  -4 

//Reference=MNI 
//nullstudy_89
//Subjects=18
-62  -34  48 
56  10  30 
-44  -18  20 
-36  -92  16 
-22  56  -10 
-32  22  -20 
-24  -26  -18 
-50  -24  46 

//Reference=MNI 
//nullstudy_90
//Subjects=19
38  6  -46 
-2  22  -28 
-28  -76  -56 
-60  -14  6 
-46  12  -2 
-62  -40  22 
-16  -42  8 
-6  -16  50 

//Reference=MNI 
//nullstudy_91
//Subjects=21
-40  -72  -20 
-20  56  -2 
0  42  52 
-58  -12  46 
-40  8  -36 
-20  -56  52 
14  30  -20 
-6  -50  -48 

//Reference=MNI 
//nullstudy_92
//Subjects=20
-56  10  12 
-8  -78  -46 
-18  -56  -54 
-8  8  -4 
-52  -62  2 
-40  -84  22 
-18  52  22 
28  28  36 

//Reference=MNI 
//nullstudy_93
//Subjects=19
-60  -34  26 
-40  -40  14 
-4  -28  -12 
-40  -46  62 
-24  62  -4 
40  46  34 
-16  16  58 
-16  -62  20 

//Reference=MNI 
//nullstudy_94
//Subjects=21
-46  -30  12 
-46  -2  -22 
8  46  22 
-10  -80  -10 
-16  14  50 
-14  38  24 
-10  24  -14 
-22  34  52 

//Reference=MNI 
//nullstudy_95
//Subjects=20
-16  -92  24 
-42  -40  8 
16  58  2 
36  36  16 
6  2  -12 
-22  20  -24 
10  30  26 
52  34  20 

//Reference=MNI 
//nullstudy_96
//Subjects=19
-34  50  28 
-60  12  -2 
-16  44  -14 
-2  10  58 
-14  -32  -4 
-14  -12  12 
-20  -38  -46 
-4  -24  -18 

//Reference=MNI 
//nullstudy_97
//Subjects=20
-60  -66  4 
-6  -54  50 
-40  -16  44 
40  52  12 
-50  8  -38 
42  4  46 
-48  -42  44 
-14  -64  -60 

//Reference=MNI 
//nullstudy_98
//Subjects=20
-6  -102  4 
-10  -70  42 
16  22  -16 
-36  -38  -40 
-42  22  -4 
-4  -102  16 
-20  -68  -16 
-12  6  50 

//Reference=MNI 
//nullstudy_99
//Subjects=22
40  4  4 
-8  18  -22 
-52  -36  -20 
-10  42  -20 
-60  -24  10 
-40  -20  -30 
32  26  28 
12  42  -26 

//Reference=MNI 
//nullstudy_100
//Subjects=22
-28  -66  4 
4  42  28 
-16  -52  38 
-42  -76  20 
-16  -70  -30 
-50  18  4 
-6  20  38 
-14  -44  -32 

