//Reference=MNI 
//truestudy_1
//Subjects=30
48  -65  -8 
45  -66  -4 
48  -65  -6 
45  -67  -7 
46  -65  -6 
47  -66  -7 
44  -66  -5 
46  -65  -8 

//Reference=MNI 
//truestudy_2
//Subjects=30
45  -66  -7 
47  -66  -7 
46  -64  -4 
47  -66  -6 
47  -65  -5 
43  -64  -6 
45  -63  -6 
47  -65  -7 

//Reference=MNI 
//truestudy_3
//Subjects=30
46  -67  -5 
46  -65  -6 
43  -66  -7 
45  -66  -6 
47  -65  -9 
45  -66  -7 
45  -66  -8 
45  -67  -7 

//Reference=MNI 
//nullstudy_1
//Subjects=30
-24  0  64 
2  22  -16 
34  4  62 
-42  -10  -12 
-4  54  8 
-4  -46  58 
-10  -2  -30 
32  36  36 

//Reference=MNI 
//nullstudy_2
//Subjects=30
30  8  -26 
-38  32  22 
16  48  10 
-2  -28  60 
-8  -46  38 
-8  -34  -44 
44  38  -20 
36  8  34 

//Reference=MNI 
//nullstudy_3
//Subjects=30
-32  -28  -8 
-4  -52  10 
-4  -56  -52 
-26  24  -28 
-16  52  28 
-46  -50  -28 
-26  -64  -44 
-32  18  -32 

//Reference=MNI 
//nullstudy_4
//Subjects=31
52  34  28 
-14  -6  60 
-44  28  -18 
22  40  32 
-8  -24  6 
-6  -84  -10 
-26  -68  -52 
-8  -14  80 

//Reference=MNI 
//nullstudy_5
//Subjects=29
-8  -56  42 
-18  -42  2 
36  4  58 
-24  44  -16 
34  32  8 
-8  -76  46 
-14  50  48 
-48  -26  48 

//Reference=MNI 
//nullstudy_6
//Subjects=31
-12  22  28 
-6  -56  6 
-4  -60  -36 
-6  -82  22 
-18  -92  -22 
-66  -6  -18 
-48  2  -44 
-28  58  18 

//Reference=MNI 
//nullstudy_7
//Subjects=31
-36  -64  30 
-32  -36  14 
-8  -74  -16 
-36  -52  -60 
-42  -62  -6 
-58  -6  -32 
-6  -44  14 
-2  -28  -36 

//Reference=MNI 
//nullstudy_8
//Subjects=27
-10  -4  -10 
62  14  14 
-4  -50  -2 
-30  16  -44 
-8  -4  -14 
-50  -6  52 
-30  -14  60 
-22  6  62 

//Reference=MNI 
//nullstudy_9
//Subjects=31
58  18  -4 
-6  -70  10 
-30  46  -20 
-12  -12  18 
-44  20  48 
-4  -86  -36 
-8  -28  66 
-4  22  22 

//Reference=MNI 
//nullstudy_10
//Subjects=31
-38  0  32 
-22  -84  -32 
-8  -52  38 
-16  58  20 
10  30  14 
42  22  12 
62  12  30 
12  36  -18 

//Reference=MNI 
//nullstudy_11
//Subjects=32
-22  -16  50 
48  30  38 
-20  -30  22 
-38  -68  2 
-18  -48  -44 
-22  -42  72 
-8  -52  -62 
-40  -32  58 

//Reference=MNI 
//nullstudy_12
//Subjects=29
32  14  -30 
38  42  40 
-16  -28  -38 
-32  -66  -58 
-52  -50  -42 
-42  -32  -24 
-44  -70  44 
16  38  12 

//Reference=MNI 
//nullstudy_13
//Subjects=29
-6  -78  -38 
-2  20  20 
26  50  -4 
-38  -62  34 
2  38  30 
6  4  6 
-54  -34  18 
-24  -40  4 

//Reference=MNI 
//nullstudy_14
//Subjects=29
-56  -12  48 
-14  -24  38 
4  38  34 
-2  -34  -2 
-10  -78  -14 
56  10  38 
30  10  -12 
-6  -42  -38 

//Reference=MNI 
//nullstudy_15
//Subjects=30
42  30  -10 
-34  4  -18 
-18  -16  -4 
20  8  72 
28  16  -10 
-66  -54  -6 
-12  2  20 
-38  26  2 

//Reference=MNI 
//nullstudy_16
//Subjects=30
-34  42  22 
-38  -56  -42 
-14  -36  52 
-8  -32  18 
-14  -70  12 
-10  12  20 
32  18  -44 
-54  -26  6 

//Reference=MNI 
//nullstudy_17
//Subjects=27
-46  12  -32 
-6  44  -2 
-52  -74  14 
-64  -2  30 
30  48  20 
-36  4  -18 
-38  -32  16 
-56  -8  16 

//Reference=MNI 
//nullstudy_18
//Subjects=30
-36  18  12 
22  26  42 
-62  -44  10 
40  36  -16 
58  2  2 
10  44  46 
-36  -62  -50 
-46  -54  18 

//Reference=MNI 
//nullstudy_19
//Subjects=30
-52  -2  26 
46  22  14 
-54  -52  50 
-6  22  -14 
-18  -12  28 
-58  -18  44 
-16  58  4 
-52  20  32 

//Reference=MNI 
//nullstudy_20
//Subjects=30
-18  16  -10 
56  16  14 
-10  -74  -46 
-36  -12  66 
-60  -8  16 
-40  44  -6 
48  30  16 
-26  -12  0 

//Reference=MNI 
//nullstudy_21
//Subjects=29
-54  -4  30 
-40  -30  48 
-16  -68  62 
-2  -32  -38 
-36  -52  16 
-44  -18  46 
-48  32  -18 
-24  64  16 

//Reference=MNI 
//nullstudy_22
//Subjects=31
-40  -50  -46 
-66  -24  34 
-6  10  68 
-26  -84  4 
20  56  2 
-40  16  38 
-46  12  12 
-46  44  16 

//Reference=MNI 
//nullstudy_23
//Subjects=30
-60  4  32 
-36  8  34 
-68  -46  0 
-4  46  44 
-30  -18  46 
-38  30  22 
-4  -56  48 
-28  -80  -26 

//Reference=MNI 
//nullstudy_24
//Subjects=29
46  2  46 
42  6  -40 
-46  -32  -22 
-18  54  28 
-30  2  -4 
-40  -46  48 
-6  -94  26 
42  46  -18 

//Reference=MNI 
//nullstudy_25
//Subjects=30
-32  -6  -4 
-4  -82  -8 
-50  -56  -4 
10  40  38 
-4  -16  -20 
30  4  -34 
-32  -90  -26 
-42  20  38 

//Reference=MNI 
//nullstudy_26
//Subjects=30
-24  -76  -32 
-8  -38  64 
-12  -50  -30 
-46  4  50 
-4  52  48 
-16  12  0 
-44  -42  8 
-58  -30  -14 

//Reference=MNI 
//nullstudy_27
//Subjects=31
-8  8  -20 
-36  6  2 
-2  46  52 
-62  -12  34 
-26  4  -12 
-14  -66  -8 
-56  2  -6 
4  36  2 

//Reference=MNI 
//nullstudy_28
//Subjects=30
32  34  -2 
-48  -30  34 
34  52  6 
-20  -54  -36 
-54  -50  -24 
36  38  -6 
-46  -48  -26 
-42  10  46 

//Reference=MNI 
//nullstudy_29
//Subjects=30
44  12  -6 
-12  -18  18 
-34  -14  50 
-54  -22  -36 
30  50  18 
-34  4  28 
-18  -36  -28 
48  10  -40 

//Reference=MNI 
//nullstudy_30
//Subjects=30
-16  -62  2 
32  22  -10 
-36  -40  -26 
-50  -18  0 
-36  -30  -8 
58  16  -10 
-16  -52  -44 
0  22  62 

//Reference=MNI 
//nullstudy_31
//Subjects=29
-12  4  -2 
14  24  64 
-40  -20  68 
-10  32  -22 
-8  6  -6 
54  10  38 
-4  -42  -28 
-10  -52  -6 

//Reference=MNI 
//nullstudy_32
//Subjects=30
6  40  24 
-4  -88  4 
-68  -30  -10 
-30  46  10 
8  6  32 
-38  -86  26 
48  48  0 
-6  12  62 

//Reference=MNI 
//nullstudy_33
//Subjects=30
36  60  18 
18  26  40 
-18  24  38 
30  42  -16 
-22  -6  -44 
-56  -2  -10 
-34  10  -8 
-38  -36  24 

//Reference=MNI 
//nullstudy_34
//Subjects=30
-42  -24  54 
-46  -72  -4 
30  46  0 
-28  -86  40 
-42  -24  -26 
-22  6  10 
40  4  44 
-66  -44  6 

//Reference=MNI 
//nullstudy_35
//Subjects=28
14  50  6 
2  62  8 
-6  -8  48 
28  12  -48 
-48  -60  34 
-8  -64  56 
54  18  -14 
-50  40  10 

//Reference=MNI 
//nullstudy_36
//Subjects=31
-4  10  -6 
-38  6  38 
-40  4  2 
-22  -8  -12 
46  44  -16 
-12  -80  8 
-50  10  -40 
-22  -74  22 

//Reference=MNI 
//nullstudy_37
//Subjects=32
-12  46  -20 
4  8  -24 
-26  -8  54 
-48  -10  -14 
-40  -12  16 
6  44  14 
-36  -68  20 
-26  -36  -12 

//Reference=MNI 
//nullstudy_38
//Subjects=29
-50  -48  -46 
-28  10  64 
-14  -26  -38 
-48  -6  0 
38  16  36 
-30  -36  4 
-24  12  56 
52  2  4 

//Reference=MNI 
//nullstudy_39
//Subjects=29
30  32  -16 
-12  -22  54 
-4  -52  -42 
-10  -66  -10 
-40  -36  64 
-36  -88  4 
-50  -42  -24 
-44  -68  -50 

//Reference=MNI 
//nullstudy_40
//Subjects=29
-44  -4  -26 
16  70  8 
-14  28  26 
-38  -68  -36 
-12  2  72 
-14  6  -24 
-30  -38  56 
34  28  48 

//Reference=MNI 
//nullstudy_41
//Subjects=28
-4  -26  50 
54  36  8 
-32  -40  38 
-62  -42  38 
2  22  42 
-46  14  34 
-16  20  -28 
-60  -28  -10 

//Reference=MNI 
//nullstudy_42
//Subjects=30
-38  6  -8 
-50  18  -6 
-34  -26  -28 
2  52  4 
-2  -18  -20 
-32  -12  6 
-38  -62  -38 
-20  -72  56 

//Reference=MNI 
//nullstudy_43
//Subjects=31
-40  -16  0 
48  6  -24 
-26  -36  -48 
-2  -22  58 
-58  12  -12 
-28  48  34 
44  16  52 
-8  42  38 

//Reference=MNI 
//nullstudy_44
//Subjects=29
-24  -38  74 
-36  40  -18 
-36  16  -12 
40  60  -2 
14  28  60 
-46  -42  48 
44  46  -20 
-8  0  10 

//Reference=MNI 
//nullstudy_45
//Subjects=30
-8  -16  20 
-12  16  42 
-60  -56  24 
-28  -44  58 
-36  -18  16 
-38  8  36 
-16  -88  -38 
-40  -50  -26 

//Reference=MNI 
//nullstudy_46
//Subjects=28
2  32  -28 
-38  42  0 
-8  16  10 
-50  -18  -34 
-44  -74  -22 
-32  60  16 
-18  -62  12 
-52  -54  26 

//Reference=MNI 
//nullstudy_47
//Subjects=30
-10  -68  54 
-18  -96  -20 
-12  -62  40 
26  58  -4 
18  18  -4 
-18  60  22 
16  4  -18 
-64  -46  -14 

//Reference=MNI 
//nullstudy_48
//Subjects=29
-66  -52  0 
-54  14  12 
58  8  2 
-32  -66  -60 
-56  -20  26 
-26  -44  -24 
24  12  52 
-42  -62  6 

//Reference=MNI 
//nullstudy_49
//Subjects=31
-8  22  10 
-4  -50  54 
-68  -32  8 
-48  -24  0 
-26  -78  0 
-16  -20  -14 
-14  -54  -36 
-62  -42  10 

//Reference=MNI 
//nullstudy_50
//Subjects=29
30  2  -30 
-48  40  -16 
-4  -64  52 
-36  -26  -24 
48  10  -10 
-14  -46  -60 
-34  -74  -36 
-32  -48  -42 

//Reference=MNI 
//nullstudy_51
//Subjects=29
-54  -56  12 
-8  32  62 
-40  -66  -6 
-10  -56  -66 
-48  -70  -38 
-12  -8  -32 
-34  16  -6 
-28  -58  -60 

//Reference=MNI 
//nullstudy_52
//Subjects=32
-2  -4  58 
40  60  6 
24  28  34 
54  28  16 
-30  -70  52 
-14  4  18 
-28  -58  -12 
-48  -74  26 

//Reference=MNI 
//nullstudy_53
//Subjects=30
54  2  12 
-10  -16  -18 
-16  -100  14 
-20  18  0 
-58  -22  -26 
2  46  -20 
-12  -56  -28 
52  44  8 

//Reference=MNI 
//nullstudy_54
//Subjects=30
-60  -6  8 
-32  20  58 
-60  -56  -22 
14  70  16 
-46  36  2 
-6  30  52 
-60  -48  22 
-54  -68  0 

//Reference=MNI 
//nullstudy_55
//Subjects=30
24  46  14 
56  2  -10 
-70  -38  6 
-4  -58  64 
-10  52  -12 
-18  -42  56 
16  52  38 
-50  -68  -42 

//Reference=MNI 
//nullstudy_56
//Subjects=30
-36  16  -12 
-44  20  22 
44  26  32 
34  10  -26 
-26  -90  28 
-56  -24  -34 
-4  -46  68 
-22  -62  -50 

//Reference=MNI 
//nullstudy_57
//Subjects=29
-38  28  18 
-28  -14  66 
-10  -94  20 
-14  -46  0 
-2  -38  -58 
-16  -46  72 
-58  -58  -6 
-4  34  10 

//Reference=MNI 
//nullstudy_58
//Subjects=31
62  14  10 
-6  -66  20 
36  20  -4 
-64  -14  -24 
40  60  10 
-34  8  42 
26  16  0 
-32  62  -10 

//Reference=MNI 
//nullstudy_59
//Subjects=31
-22  -74  34 
-4  -28  66 
-8  58  0 
10  22  52 
-32  -86  -4 
-24  -52  12 
-16  -16  -12 
-42  26  20 

//Reference=MNI 
//nullstudy_60
//Subjects=31
-62  -54  24 
-34  -28  42 
-26  -8  62 
-26  0  -40 
-18  -34  -8 
-28  22  -10 
-44  -42  -16 
16  30  -28 

//Reference=MNI 
//nullstudy_61
//Subjects=30
-4  -58  36 
-2  -96  -10 
-22  -22  -22 
8  56  -12 
-8  58  -24 
2  66  22 
16  38  36 
-14  46  2 

//Reference=MNI 
//nullstudy_62
//Subjects=29
-48  -34  56 
40  14  2 
-6  36  22 
-22  -54  -14 
-26  20  38 
-26  -78  -28 
-2  18  68 
-24  -24  72 

//Reference=MNI 
//nullstudy_63
//Subjects=30
36  2  -34 
48  24  40 
-30  0  46 
-20  -22  66 
-52  -26  12 
-14  -34  18 
-48  -42  -10 
-24  66  16 

//Reference=MNI 
//nullstudy_64
//Subjects=29
-34  -8  2 
8  20  62 
-30  -4  -46 
-60  -12  -28 
-32  16  36 
-42  -80  -18 
12  60  32 
-14  -44  6 

//Reference=MNI 
//nullstudy_65
//Subjects=29
-8  16  10 
-24  -96  6 
-36  -70  -30 
2  50  -26 
-44  42  -12 
-54  -30  -18 
-30  -6  50 
52  40  2 

//Reference=MNI 
//nullstudy_66
//Subjects=30
-34  -6  0 
-42  6  6 
-30  -10  68 
-12  -28  78 
44  54  16 
20  12  0 
-64  -36  40 
32  44  2 

//Reference=MNI 
//nullstudy_67
//Subjects=29
-36  32  36 
-2  -32  12 
-42  20  -38 
-32  -46  -50 
-4  44  6 
-16  66  -12 
-52  -46  -34 
14  28  -26 

//Reference=MNI 
//nullstudy_68
//Subjects=31
-38  2  -2 
0  50  28 
-24  40  -14 
-10  46  -28 
-22  36  40 
-36  14  34 
-54  30  8 
-30  8  -36 

//Reference=MNI 
//nullstudy_69
//Subjects=32
26  24  60 
52  28  -4 
-26  -10  54 
-48  12  -8 
-42  -24  56 
-38  18  -22 
20  20  50 
-10  -12  8 

//Reference=MNI 
//nullstudy_70
//Subjects=30
-44  -26  8 
-42  -14  22 
8  68  -12 
-44  4  6 
-22  -94  -24 
-46  -34  -18 
-16  34  42 
38  4  8 

//Reference=MNI 
//nullstudy_71
//Subjects=31
-36  16  -36 
-4  -4  70 
-48  -48  42 
40  54  16 
30  2  -24 
-32  22  10 
-30  38  48 
32  42  22 

//Reference=MNI 
//nullstudy_72
//Subjects=31
48  28  32 
-18  -96  6 
-26  -32  -4 
-8  -30  -46 
8  26  -28 
-52  -16  52 
-26  -62  -12 
-24  -8  8 

//Reference=MNI 
//nullstudy_73
//Subjects=28
-40  6  10 
-4  -42  46 
16  68  14 
-6  -8  -8 
34  34  22 
-8  20  -16 
-24  22  46 
-8  26  56 

//Reference=MNI 
//nullstudy_74
//Subjects=30
-18  6  54 
-34  -8  0 
-54  -36  28 
-54  8  -36 
-24  -68  -32 
-12  -38  -38 
64  6  10 
-10  -16  80 

//Reference=MNI 
//nullstudy_75
//Subjects=30
10  18  -18 
-22  -8  -20 
-16  -72  -2 
-36  -72  6 
-20  -84  -28 
-4  40  -22 
-18  -48  -20 
32  10  8 

//Reference=MNI 
//nullstudy_76
//Subjects=30
40  58  8 
-24  54  -10 
-2  -36  44 
-16  -34  6 
-24  24  -14 
-30  -88  -22 
-24  -56  -50 
46  12  -10 

//Reference=MNI 
//nullstudy_77
//Subjects=29
-42  18  -14 
-68  -16  10 
54  36  10 
-2  -74  24 
-16  -26  76 
44  8  14 
-58  -16  -20 
-28  -34  -32 

//Reference=MNI 
//nullstudy_78
//Subjects=29
-54  -32  2 
-20  58  26 
54  10  40 
-34  -54  -6 
-52  -32  26 
-2  -52  -48 
18  64  -14 
-10  -62  -30 

//Reference=MNI 
//nullstudy_79
//Subjects=29
-16  -42  -6 
-32  38  -20 
-28  24  -6 
-8  -12  60 
26  64  20 
-18  -70  54 
32  2  60 
-4  -8  54 

//Reference=MNI 
//nullstudy_80
//Subjects=32
-2  6  38 
6  34  -8 
8  20  8 
6  16  -4 
-44  -58  -46 
-60  -24  -2 
-26  -92  6 
-18  -30  16 

//Reference=MNI 
//nullstudy_81
//Subjects=29
-18  56  2 
-50  28  18 
-2  -78  -18 
-4  -44  -10 
-24  12  60 
-28  -90  10 
-54  -70  28 
-14  -18  62 

//Reference=MNI 
//nullstudy_82
//Subjects=29
-6  -62  18 
16  12  54 
40  8  -44 
-54  -62  -30 
-34  -10  20 
-50  2  -22 
-58  -24  30 
-2  -70  36 

//Reference=MNI 
//nullstudy_83
//Subjects=31
10  44  -28 
26  4  56 
32  44  36 
-16  -50  -8 
-56  -30  8 
-48  -12  10 
-4  -34  66 
-34  30  -10 

//Reference=MNI 
//nullstudy_84
//Subjects=30
16  26  -20 
22  66  -14 
-44  -26  14 
-34  -52  -40 
-38  16  -42 
36  4  16 
4  40  34 
-32  20  -30 

//Reference=MNI 
//nullstudy_85
//Subjects=29
-56  -2  0 
-36  -72  6 
54  10  8 
-24  6  56 
-34  8  32 
6  56  -22 
-62  -36  36 
34  12  -48 

//Reference=MNI 
//nullstudy_86
//Subjects=31
-6  -78  8 
-12  56  -2 
-30  58  6 
12  20  44 
-16  62  8 
-20  6  -34 
-8  -76  -14 
38  44  -10 

//Reference=MNI 
//nullstudy_87
//Subjects=30
-52  -24  -26 
-8  -102  12 
36  30  16 
-64  -12  -12 
-34  -80  -52 
-44  -36  14 
46  54  0 
-22  -36  0 

//Reference=MNI 
//nullstudy_88
//Subjects=31
-24  12  54 
-24  38  32 
-30  -18  56 
20  4  56 
-32  56  24 
-26  -32  72 
-54  -34  -12 
-8  -42  36 

//Reference=MNI 
//nullstudy_89
//Subjects=30
-14  -68  40 
10  54  0 
-40  -12  -6 
-6  -106  -4 
8  48  14 
-12  -76  -32 
38  12  -8 
14  14  44 

//Reference=MNI 
//nullstudy_90
//Subjects=30
38  22  44 
-16  -58  60 
-10  2  -30 
-46  -66  42 
-14  22  -30 
-2  -62  -40 
28  24  30 
-54  -52  22 

//Reference=MNI 
//nullstudy_91
//Subjects=31
-52  -24  18 
10  38  -2 
-28  -40  -34 
-10  -46  -28 
-16  -62  -42 
38  24  -6 
-32  -42  -6 
-10  0  68 

//Reference=MNI 
//nullstudy_92
//Subjects=30
50  24  -20 
-58  -58  -26 
28  54  26 
-26  16  64 
-16  -84  32 
-22  -70  32 
-40  12  -4 
60  16  2 

//Reference=MNI 
//nullstudy_93
//Subjects=31
26  10  -2 
-62  -26  36 
6  30  12 
-6  -54  30 
-12  -16  16 
-56  -54  20 
-8  14  58 
-54  -54  -44 

//Reference=MNI 
//nullstudy_94
//Subjects=31
-2  -8  58 
-16  -44  -10 
-28  6  66 
-8  -36  -46 
34  28  54 
-8  -50  -40 
-64  -54  20 
-10  -62  12 

//Reference=MNI 
//nullstudy_95
//Subjects=30
-16  16  48 
30  62  -6 
-4  10  -26 
-8  -48  -28 
-18  -2  -30 
-38  0  54 
-26  16  -38 
-68  -22  2 

//Reference=MNI 
//nullstudy_96
//Subjects=32
-38  0  58 
32  62  -14 
-46  -50  38 
-16  -100  -6 
-14  -68  -34 
-12  -88  -8 
8  20  46 
-44  2  -4 

//Reference=MNI 
//nullstudy_97
//Subjects=30
-32  -72  -20 
2  36  8 
-46  4  8 
-50  -14  -24 
-56  -64  24 
-38  -42  60 
-2  -76  42 
-28  -84  -6 

//Reference=MNI 
//nullstudy_98
//Subjects=30
-20  -90  4 
18  42  44 
28  14  60 
36  52  14 
-58  -66  4 
-40  -48  58 
-20  -62  8 
-28  16  -36 

//Reference=MNI 
//nullstudy_99
//Subjects=29
-20  -58  50 
-58  6  34 
-58  -44  38 
-38  28  -22 
-64  -32  -26 
-40  -64  -56 
-46  -14  40 
-14  -44  66 

//Reference=MNI 
//nullstudy_100
//Subjects=33
24  2  -14 
-4  -18  50 
10  24  66 
-34  26  -32 
-48  -50  10 
-42  -68  42 
-2  -46  -54 
-32  22  10 

