//Reference=MNI 
//truestudy_1
//Subjects=30
48  -66  -8 
47  -66  -5 
48  -66  -6 
45  -66  -6 
48  -64  -7 
46  -66  -6 
46  -66  -5 
46  -67  -8 

//Reference=MNI 
//truestudy_2
//Subjects=30
46  -68  -7 
46  -66  -7 
47  -68  -6 
45  -66  -6 
46  -66  -6 
45  -67  -7 
47  -65  -6 
45  -63  -6 

//Reference=MNI 
//truestudy_3
//Subjects=31
46  -67  -6 
46  -65  -5 
48  -67  -5 
45  -66  -6 
46  -66  -7 
46  -65  -6 
47  -67  -5 
44  -65  -6 

//Reference=MNI 
//nullstudy_1
//Subjects=30
-26  -70  60 
-12  28  36 
4  8  60 
-26  54  -18 
-40  -8  62 
20  12  -6 
-44  42  -2 
-12  34  -10 

//Reference=MNI 
//nullstudy_2
//Subjects=30
-30  -92  14 
-8  -52  14 
-6  -54  30 
-24  -78  -6 
10  10  -12 
50  36  -8 
-26  6  52 
-12  66  -8 

//Reference=MNI 
//nullstudy_3
//Subjects=31
0  10  -4 
6  28  28 
-12  -58  56 
-8  60  -14 
-10  -68  8 
-4  26  -20 
-52  -58  42 
-2  -36  -50 

//Reference=MNI 
//nullstudy_4
//Subjects=30
-12  26  22 
40  22  -14 
18  48  36 
-26  -8  -12 
-40  -74  22 
-18  14  68 
12  14  54 
-56  -60  -20 

//Reference=MNI 
//nullstudy_5
//Subjects=30
-14  -82  -8 
-20  8  -32 
-46  46  -14 
0  6  10 
-26  -80  0 
10  22  -22 
-2  54  6 
-20  48  -16 

//Reference=MNI 
//nullstudy_6
//Subjects=28
-20  -18  -30 
-40  4  8 
-32  38  12 
14  34  58 
-52  12  20 
-66  -24  -12 
-38  -2  -36 
-4  -12  68 

//Reference=MNI 
//nullstudy_7
//Subjects=32
-44  -46  -20 
-22  62  -6 
-2  58  12 
28  8  -18 
-10  -54  -20 
-48  -50  44 
-2  2  60 
-4  -16  16 

//Reference=MNI 
//nullstudy_8
//Subjects=31
-12  -20  60 
-58  -60  -10 
-32  26  30 
-24  16  -2 
14  56  -10 
-4  48  -12 
-4  -30  -22 
4  36  46 

//Reference=MNI 
//nullstudy_9
//Subjects=29
-10  -46  -18 
50  18  36 
-38  -40  -50 
-10  20  48 
-26  -50  -60 
-48  -56  -22 
28  22  32 
48  26  22 

//Reference=MNI 
//nullstudy_10
//Subjects=30
4  34  54 
4  16  36 
56  8  -10 
-40  -64  -42 
-42  -64  36 
-24  18  0 
16  50  -4 
-48  6  -18 

//Reference=MNI 
//nullstudy_11
//Subjects=31
2  18  50 
-46  -80  -6 
-8  -58  66 
-36  -60  56 
-16  -66  -28 
-44  54  -4 
-2  -52  0 
-14  -18  -22 

//Reference=MNI 
//nullstudy_12
//Subjects=32
-28  -62  -56 
18  24  0 
44  16  -28 
-20  -62  46 
16  50  -24 
-4  -34  28 
-64  -18  20 
-8  34  24 

//Reference=MNI 
//nullstudy_13
//Subjects=29
32  36  20 
50  6  24 
50  24  40 
32  18  -40 
-54  -22  36 
-12  64  -6 
-50  14  28 
28  18  36 

//Reference=MNI 
//nullstudy_14
//Subjects=29
-6  -72  52 
-52  34  16 
-64  -50  6 
-6  -46  -48 
-52  2  -32 
-36  -82  0 
-46  32  -16 
2  12  -24 

//Reference=MNI 
//nullstudy_15
//Subjects=28
-38  46  10 
-32  28  52 
-4  12  58 
8  2  14 
-32  34  12 
-12  -22  8 
-48  -68  -36 
-4  -54  56 

//Reference=MNI 
//nullstudy_16
//Subjects=32
-28  -24  -20 
-26  0  -22 
-50  -68  6 
-16  -38  18 
-16  -60  2 
-8  -42  30 
-16  -94  -4 
-42  -60  -34 

//Reference=MNI 
//nullstudy_17
//Subjects=31
-30  -50  50 
-30  -54  38 
56  22  -2 
-6  -70  54 
-40  -2  -12 
-10  -58  46 
16  16  2 
40  40  -16 

//Reference=MNI 
//nullstudy_18
//Subjects=30
-28  -58  -8 
-2  64  16 
-12  50  -26 
-6  -18  6 
-4  -88  -22 
-46  -48  -48 
44  48  0 
-14  -54  68 

//Reference=MNI 
//nullstudy_19
//Subjects=30
-8  -100  18 
-26  16  -16 
-34  -70  -56 
-14  60  -16 
-16  -42  -12 
-36  24  40 
56  8  -6 
-42  -76  -6 

//Reference=MNI 
//nullstudy_20
//Subjects=30
6  34  6 
-12  10  62 
-50  -28  56 
-28  8  -14 
18  6  -32 
-10  -88  -36 
-46  -58  34 
-48  -42  60 

//Reference=MNI 
//nullstudy_21
//Subjects=28
16  2  -10 
-30  10  40 
0  32  54 
0  58  14 
-10  -74  -46 
-28  4  44 
10  24  60 
-48  -50  8 

//Reference=MNI 
//nullstudy_22
//Subjects=30
-6  16  -14 
-38  -46  -36 
-52  -2  20 
-22  -74  -4 
0  16  8 
-12  16  12 
-66  -46  -12 
-4  -14  8 

//Reference=MNI 
//nullstudy_23
//Subjects=30
36  44  -18 
-34  -80  20 
-28  -14  -38 
-56  -56  42 
-50  -34  4 
0  48  18 
-28  -52  14 
-50  8  34 

//Reference=MNI 
//nullstudy_24
//Subjects=31
-28  -16  60 
-40  -56  30 
-4  -62  28 
-26  10  44 
-32  -86  10 
-26  54  4 
-42  -26  -24 
10  22  50 

//Reference=MNI 
//nullstudy_25
//Subjects=31
-20  -36  2 
-22  -46  60 
-38  -2  28 
34  12  -30 
38  22  36 
-28  -48  -48 
-58  10  8 
-10  -62  -36 

//Reference=MNI 
//nullstudy_26
//Subjects=31
-28  -42  56 
-18  -72  44 
-58  -34  36 
-30  -82  44 
-46  -46  -20 
-4  -84  -24 
-12  10  -20 
-24  -10  -10 

//Reference=MNI 
//nullstudy_27
//Subjects=32
52  28  18 
-18  -84  8 
-40  -4  18 
30  12  4 
56  18  0 
-20  -76  -40 
-14  -100  -2 
-10  -40  -58 

//Reference=MNI 
//nullstudy_28
//Subjects=30
50  38  -6 
8  4  62 
14  62  -20 
-36  -62  34 
-12  -22  52 
-38  -30  -22 
-26  -58  46 
-12  -32  76 

//Reference=MNI 
//nullstudy_29
//Subjects=32
-22  -36  76 
-24  46  4 
-10  -88  0 
-8  -4  70 
-6  34  14 
-52  -30  -16 
-10  -30  10 
28  2  46 

//Reference=MNI 
//nullstudy_30
//Subjects=29
-46  -22  -28 
-14  -4  -40 
-36  -64  -32 
22  8  54 
-44  6  -2 
32  12  -36 
32  40  18 
-22  -52  -16 

//Reference=MNI 
//nullstudy_31
//Subjects=30
6  26  -24 
26  4  -26 
-22  26  32 
-66  -50  -10 
-48  -78  14 
-6  -24  42 
-32  -12  68 
4  26  -8 

//Reference=MNI 
//nullstudy_32
//Subjects=30
-48  20  32 
-62  6  -4 
-28  -26  -20 
4  4  2 
-36  4  -28 
36  2  56 
-68  -34  8 
-20  22  44 

//Reference=MNI 
//nullstudy_33
//Subjects=31
44  4  -48 
-6  -32  38 
-30  16  14 
-18  -4  -18 
-6  -8  -6 
-2  -34  -10 
30  18  -44 
12  64  22 

//Reference=MNI 
//nullstudy_34
//Subjects=30
-32  -28  60 
-40  -40  -42 
-40  2  -44 
-14  38  22 
-12  -94  -2 
-14  4  -16 
-48  -48  10 
-56  -24  26 

//Reference=MNI 
//nullstudy_35
//Subjects=31
-60  -40  0 
-28  -62  8 
-52  -16  30 
-32  56  8 
36  12  -4 
-42  46  20 
-50  6  44 
-2  -38  -8 

//Reference=MNI 
//nullstudy_36
//Subjects=31
-36  -80  -24 
-6  -96  26 
-52  -44  -2 
-54  -4  -28 
-34  -50  -36 
26  6  -48 
-54  18  16 
-28  -54  60 

//Reference=MNI 
//nullstudy_37
//Subjects=30
-10  -50  68 
-20  36  44 
-28  -58  4 
-44  -68  -32 
-22  42  44 
-40  -84  18 
-40  -74  6 
-10  -50  -40 

//Reference=MNI 
//nullstudy_38
//Subjects=32
-46  -28  6 
-18  -90  2 
-12  -68  -58 
-18  -62  -12 
-2  30  44 
-2  -62  -20 
30  48  8 
54  10  -6 

//Reference=MNI 
//nullstudy_39
//Subjects=30
-54  -50  -12 
26  8  -14 
-62  -16  -26 
-12  -80  -4 
26  14  42 
-28  -62  -58 
-54  2  22 
-70  -36  -6 

//Reference=MNI 
//nullstudy_40
//Subjects=31
50  4  44 
16  36  -26 
-20  34  -18 
-6  -74  12 
-16  -34  -12 
-14  40  54 
-42  10  -4 
10  18  -24 

//Reference=MNI 
//nullstudy_41
//Subjects=29
-48  12  24 
52  16  22 
-6  70  10 
-28  -24  60 
8  14  -12 
-8  70  -6 
54  40  0 
-14  -82  -4 

//Reference=MNI 
//nullstudy_42
//Subjects=31
-10  -30  -4 
-32  -78  -40 
-38  -44  50 
-56  2  14 
-24  22  62 
-6  22  68 
-44  -22  52 
-54  -70  -16 

//Reference=MNI 
//nullstudy_43
//Subjects=30
-56  -34  26 
24  60  -16 
-2  50  30 
-4  -28  68 
2  38  20 
-42  -26  6 
-44  -48  -18 
-18  -74  24 

//Reference=MNI 
//nullstudy_44
//Subjects=32
-32  -94  10 
-40  -78  -10 
-34  -80  -4 
-42  -70  40 
-60  -42  46 
-10  8  22 
-2  -58  52 
-28  -80  -40 

//Reference=MNI 
//nullstudy_45
//Subjects=30
-32  36  -14 
-6  -44  64 
-38  14  4 
6  10  34 
-18  -32  8 
-30  34  28 
-34  56  2 
-42  -54  -42 

//Reference=MNI 
//nullstudy_46
//Subjects=32
-12  -66  38 
0  10  14 
-26  -2  -16 
26  44  40 
4  22  50 
-38  -16  36 
-8  -82  -34 
-40  -60  50 

//Reference=MNI 
//nullstudy_47
//Subjects=30
26  28  -20 
-42  42  -18 
48  6  -18 
-56  -44  6 
54  28  18 
-40  -16  16 
-26  -80  -26 
52  20  8 

//Reference=MNI 
//nullstudy_48
//Subjects=29
-14  -30  60 
-8  -36  54 
-10  -8  -20 
-38  28  -2 
-28  -86  -46 
-6  -58  -14 
26  52  -18 
18  6  70 

//Reference=MNI 
//nullstudy_49
//Subjects=30
-18  28  -2 
-20  -76  -54 
46  6  32 
-44  -40  4 
-54  24  6 
-6  46  24 
-32  18  -2 
30  26  -10 

//Reference=MNI 
//nullstudy_50
//Subjects=29
8  18  -20 
14  38  56 
-34  -74  -28 
-36  -74  -8 
-12  -102  -18 
-4  -54  -30 
-4  -12  10 
60  2  -32 

//Reference=MNI 
//nullstudy_51
//Subjects=30
38  52  -10 
-16  24  -14 
-14  12  2 
-8  54  -16 
-48  -8  8 
-30  50  34 
-12  10  10 
-50  -18  26 

//Reference=MNI 
//nullstudy_52
//Subjects=29
-48  -52  8 
10  2  22 
-40  34  4 
24  22  64 
-42  -8  -44 
-50  -66  -46 
-52  -52  -12 
-50  -22  0 

//Reference=MNI 
//nullstudy_53
//Subjects=30
-42  12  46 
58  16  24 
-48  -52  -16 
-22  -6  74 
24  44  32 
-24  -52  -48 
-4  -18  44 
-62  -30  -16 

//Reference=MNI 
//nullstudy_54
//Subjects=29
-30  -8  42 
-42  -88  0 
-30  -12  54 
22  58  -18 
-50  32  18 
-18  6  24 
-24  -56  34 
-34  -44  -50 

//Reference=MNI 
//nullstudy_55
//Subjects=29
46  2  24 
32  60  4 
-22  -32  -4 
-46  -40  26 
-28  -16  66 
-56  -62  -20 
40  14  40 
44  14  -32 

//Reference=MNI 
//nullstudy_56
//Subjects=30
-6  -60  -34 
-58  -10  44 
-40  8  48 
-4  -54  -28 
-14  -74  18 
-36  58  -8 
26  14  0 
-32  -40  -14 

//Reference=MNI 
//nullstudy_57
//Subjects=31
-44  -64  -36 
-44  -58  12 
-6  -14  -16 
-34  -2  -6 
14  30  48 
16  18  16 
-60  -52  10 
-2  -42  -52 

//Reference=MNI 
//nullstudy_58
//Subjects=31
-62  -22  0 
50  4  38 
-60  -42  18 
14  58  6 
-36  -30  68 
6  38  16 
-24  -38  70 
16  6  -16 

//Reference=MNI 
//nullstudy_59
//Subjects=28
-46  -50  -8 
-38  48  24 
-24  -58  70 
30  26  -28 
-24  -50  -28 
4  52  32 
-6  -30  56 
-16  22  50 

//Reference=MNI 
//nullstudy_60
//Subjects=30
2  22  -30 
2  14  30 
-6  10  -2 
-22  14  52 
-36  -24  -22 
-8  38  50 
-18  -46  -58 
-20  -60  54 

//Reference=MNI 
//nullstudy_61
//Subjects=31
-64  -18  -20 
32  24  28 
-40  -12  60 
-36  -58  58 
-8  -38  28 
-34  -30  60 
-64  -40  -6 
-26  20  -28 

//Reference=MNI 
//nullstudy_62
//Subjects=30
-32  -94  8 
18  52  18 
-26  -58  56 
-20  -56  58 
-46  20  -18 
-34  -4  -12 
-16  -76  52 
-46  24  10 

//Reference=MNI 
//nullstudy_63
//Subjects=30
-50  -16  20 
14  44  -4 
-34  -8  -44 
-16  -14  58 
28  12  60 
-12  -36  -6 
-66  -32  12 
-22  -92  10 

//Reference=MNI 
//nullstudy_64
//Subjects=29
-34  24  4 
-14  -70  -34 
32  14  -16 
-26  -58  -38 
38  2  -36 
-34  6  42 
-18  0  -16 
30  10  62 

//Reference=MNI 
//nullstudy_65
//Subjects=29
-28  -78  -48 
-52  -24  14 
44  2  -48 
12  14  6 
-48  -30  44 
-26  -50  10 
-42  -34  -22 
-38  -74  20 

//Reference=MNI 
//nullstudy_66
//Subjects=31
-52  26  -2 
-40  -6  -38 
-48  -6  56 
-48  10  36 
-12  46  52 
48  22  4 
-8  52  38 
-10  8  -12 

//Reference=MNI 
//nullstudy_67
//Subjects=30
48  16  30 
-36  -32  50 
28  14  50 
-62  -44  34 
-64  -38  38 
42  26  22 
-18  42  -16 
-26  -98  -2 

//Reference=MNI 
//nullstudy_68
//Subjects=28
-44  -24  56 
-28  14  -30 
42  12  50 
-54  -20  -26 
46  18  0 
36  36  10 
-12  -36  -8 
18  38  -24 

//Reference=MNI 
//nullstudy_69
//Subjects=30
-2  28  20 
2  38  14 
16  30  54 
0  46  -2 
12  22  38 
-38  24  42 
-8  34  40 
-12  -22  68 

//Reference=MNI 
//nullstudy_70
//Subjects=31
22  14  54 
-14  28  46 
-54  28  -2 
-28  -6  54 
48  10  -40 
-40  -50  -16 
-38  -6  -46 
-18  -92  -10 

//Reference=MNI 
//nullstudy_71
//Subjects=31
16  20  56 
-8  -46  -6 
14  50  -12 
40  24  46 
-18  -60  14 
-10  14  42 
-42  -24  16 
32  56  -12 

//Reference=MNI 
//nullstudy_72
//Subjects=30
-52  -40  36 
-16  -22  8 
-12  -32  -16 
-40  -54  -20 
10  44  32 
-2  42  46 
-24  -66  -36 
-6  36  22 

//Reference=MNI 
//nullstudy_73
//Subjects=30
-52  -70  12 
8  14  40 
-62  -12  2 
-14  42  10 
-26  -10  -46 
20  66  -12 
-12  6  56 
26  6  0 

//Reference=MNI 
//nullstudy_74
//Subjects=30
-24  -58  -16 
-22  14  -30 
-46  -74  -36 
4  52  38 
-28  -40  -14 
-30  4  -42 
-24  -76  -52 
-20  -14  64 

//Reference=MNI 
//nullstudy_75
//Subjects=31
-36  -4  66 
-10  34  -8 
-14  16  -4 
30  60  18 
-42  14  14 
-8  52  -10 
-32  -30  14 
32  20  -12 

//Reference=MNI 
//nullstudy_76
//Subjects=31
-34  -46  -42 
-34  -92  -10 
-8  -30  -10 
-2  -34  46 
-26  -16  74 
-42  -50  -34 
8  6  22 
-46  -76  -8 

//Reference=MNI 
//nullstudy_77
//Subjects=29
-14  8  70 
44  24  28 
34  6  28 
-4  -32  -36 
-24  14  -22 
-32  -28  64 
-16  50  -14 
-40  -42  14 

//Reference=MNI 
//nullstudy_78
//Subjects=30
-4  -22  22 
-42  -36  0 
-8  -66  18 
-6  -92  -12 
-48  12  -4 
-30  28  -26 
-46  -78  8 
-62  -26  32 

//Reference=MNI 
//nullstudy_79
//Subjects=30
34  42  -10 
26  16  -40 
-26  -22  64 
16  24  50 
-18  -34  72 
-18  -86  -8 
-18  -84  -38 
-12  -66  -44 

//Reference=MNI 
//nullstudy_80
//Subjects=30
-14  50  -16 
-6  -72  -20 
-32  -54  -40 
-50  -52  22 
-50  -22  -36 
-48  -66  6 
-26  -44  62 
32  4  8 

//Reference=MNI 
//nullstudy_81
//Subjects=31
-38  30  4 
24  52  -6 
-24  56  32 
44  50  18 
-28  -90  -20 
-54  8  18 
42  42  -14 
12  22  34 

//Reference=MNI 
//nullstudy_82
//Subjects=30
32  4  8 
-38  56  -2 
-14  18  -18 
-4  6  34 
-26  -40  44 
-30  -22  2 
40  26  46 
-20  -68  12 

//Reference=MNI 
//nullstudy_83
//Subjects=30
-14  -78  38 
-18  64  22 
-4  -8  54 
22  58  24 
-16  -44  44 
-28  22  -24 
-54  2  -12 
-56  -40  4 

//Reference=MNI 
//nullstudy_84
//Subjects=30
-30  32  -4 
6  62  24 
-32  -44  46 
-26  6  10 
-26  -48  -38 
-12  -12  52 
28  4  64 
-48  -24  -30 

//Reference=MNI 
//nullstudy_85
//Subjects=28
-6  -66  -4 
-60  -2  12 
-46  8  4 
-46  20  26 
12  24  56 
10  64  4 
-16  -20  20 
-30  -72  54 

//Reference=MNI 
//nullstudy_86
//Subjects=30
-16  28  54 
-52  26  -8 
-44  -14  32 
40  2  -42 
-26  -78  42 
-38  -40  -40 
22  2  10 
-30  12  0 

//Reference=MNI 
//nullstudy_87
//Subjects=31
-10  34  22 
-36  4  38 
-6  -40  50 
-28  -4  -8 
36  20  26 
-54  10  -12 
-42  -28  46 
-64  4  14 

//Reference=MNI 
//nullstudy_88
//Subjects=29
0  36  48 
-6  -26  8 
-34  10  46 
2  42  34 
-16  -84  14 
-10  -24  66 
46  14  -32 
-32  -22  60 

//Reference=MNI 
//nullstudy_89
//Subjects=31
42  2  40 
-32  36  28 
-12  4  64 
32  34  36 
30  6  2 
26  20  -10 
-52  -54  18 
-44  -50  2 

//Reference=MNI 
//nullstudy_90
//Subjects=29
-62  -22  36 
-8  -44  -58 
-2  -36  28 
-8  28  -26 
16  14  -26 
-16  -36  -28 
-14  -50  58 
-66  -38  28 

//Reference=MNI 
//nullstudy_91
//Subjects=31
-28  34  -22 
-38  -80  20 
-28  34  26 
-24  -2  4 
-34  -84  30 
-38  -50  -32 
-6  -64  46 
-20  22  -22 

//Reference=MNI 
//nullstudy_92
//Subjects=31
42  6  -38 
-40  20  16 
-42  -66  -44 
-18  50  -22 
-46  -42  20 
-32  -10  64 
-2  -30  24 
-34  20  -22 

//Reference=MNI 
//nullstudy_93
//Subjects=30
-10  22  56 
-22  -74  50 
-8  -86  18 
2  30  16 
-20  48  -18 
-8  -16  64 
-26  -60  -62 
-14  -90  -4 

//Reference=MNI 
//nullstudy_94
//Subjects=28
-32  -52  -34 
-56  8  16 
-44  16  -14 
46  16  40 
-44  34  12 
-20  16  -18 
-58  -6  -34 
-20  -32  -8 

//Reference=MNI 
//nullstudy_95
//Subjects=30
-52  -8  48 
-54  -48  -2 
-32  -12  -12 
-46  32  20 
48  22  -18 
12  32  28 
-24  -48  -42 
20  56  2 

//Reference=MNI 
//nullstudy_96
//Subjects=30
-16  -40  -54 
-2  -18  -20 
-44  10  12 
-44  -72  22 
48  52  2 
-62  -28  -26 
-30  56  -6 
-8  18  0 

//Reference=MNI 
//nullstudy_97
//Subjects=30
6  40  -28 
60  12  -14 
-28  -90  -36 
-36  54  20 
-20  -42  -42 
-56  -66  0 
-62  -30  6 
-46  -54  -12 

//Reference=MNI 
//nullstudy_98
//Subjects=31
-46  -8  36 
-8  -80  -20 
32  50  -8 
-24  32  44 
-4  -62  -32 
36  20  -2 
-54  8  12 
-22  -6  -34 

//Reference=MNI 
//nullstudy_99
//Subjects=28
-8  -28  2 
-58  22  12 
44  52  12 
-44  6  44 
44  12  -40 
-22  -56  -50 
-10  38  4 
-22  -86  -44 

//Reference=MNI 
//nullstudy_100
//Subjects=30
10  52  8 
-26  22  40 
-36  -62  26 
-36  40  40 
-2  -88  28 
-10  -54  30 
-60  -28  -24 
-4  -48  16 

