//Reference=MNI 
//truestudy_1
//Subjects=31
46  -66  -8 
45  -67  -6 
46  -69  -6 
46  -68  -5 
44  -66  -6 
46  -64  -4 
45  -64  -5 
46  -65  -6 

//Reference=MNI 
//truestudy_2
//Subjects=30
46  -65  -7 
46  -66  -8 
46  -68  -7 
48  -67  -7 
46  -67  -5 
46  -65  -4 
47  -66  -6 
46  -65  -4 

//Reference=MNI 
//truestudy_3
//Subjects=32
47  -67  -6 
45  -66  -6 
47  -66  -5 
45  -66  -5 
46  -65  -7 
46  -67  -6 
45  -66  -7 
48  -67  -7 

//Reference=MNI 
//nullstudy_1
//Subjects=31
-60  -60  16 
-24  -10  -28 
-34  18  30 
44  56  6 
-52  6  -22 
-30  20  0 
-20  -58  -24 
-44  -16  8 

//Reference=MNI 
//nullstudy_2
//Subjects=30
-40  12  20 
60  20  18 
58  24  20 
8  22  62 
-36  14  14 
36  56  18 
-42  20  40 
-64  -58  4 

//Reference=MNI 
//nullstudy_3
//Subjects=32
-2  -64  28 
-36  -76  -18 
-4  -66  44 
-8  -46  -50 
-62  -54  -2 
-4  -96  10 
-32  -14  -46 
20  10  68 

//Reference=MNI 
//nullstudy_4
//Subjects=29
-60  -56  4 
-48  -6  10 
-52  -2  28 
-30  -64  26 
16  8  24 
-6  -74  24 
-58  4  40 
-20  64  16 

//Reference=MNI 
//nullstudy_5
//Subjects=30
4  4  62 
-16  -8  -12 
48  26  32 
-10  -16  44 
-36  -42  46 
54  36  6 
-42  -64  -32 
42  26  8 

//Reference=MNI 
//nullstudy_6
//Subjects=30
-54  -20  38 
-54  -28  54 
44  38  -6 
-26  -90  8 
-10  -42  32 
18  36  36 
10  4  66 
24  4  -14 

//Reference=MNI 
//nullstudy_7
//Subjects=30
-2  -88  -20 
-6  -18  68 
-32  -88  14 
18  60  30 
-42  -58  38 
-20  -26  -10 
28  8  -48 
-10  -2  52 

//Reference=MNI 
//nullstudy_8
//Subjects=31
36  46  -4 
-14  -6  66 
-16  60  -2 
-8  -60  -38 
-10  -102  6 
-52  -60  22 
-18  -74  -12 
-42  -32  -2 

//Reference=MNI 
//nullstudy_9
//Subjects=30
6  12  -20 
-38  52  -10 
-2  48  -10 
-10  -34  -14 
-44  -58  -42 
4  46  -8 
42  32  34 
-36  26  20 

//Reference=MNI 
//nullstudy_10
//Subjects=28
-40  -60  26 
40  26  -18 
-8  -48  -2 
-34  46  6 
-34  34  28 
-60  -42  -18 
8  10  16 
-30  12  -2 

//Reference=MNI 
//nullstudy_11
//Subjects=29
54  10  44 
0  54  -14 
-56  -28  18 
-52  -4  -26 
-62  -14  -30 
56  8  44 
-38  -82  -32 
38  26  -20 

//Reference=MNI 
//nullstudy_12
//Subjects=28
-28  -46  52 
46  24  -26 
34  4  56 
-64  -36  -22 
-30  -94  6 
-16  -38  -54 
12  42  18 
-30  -62  6 

//Reference=MNI 
//nullstudy_13
//Subjects=30
-18  -2  26 
-42  -58  0 
6  32  24 
-32  44  8 
-48  -40  -24 
-32  -42  -38 
-26  -38  66 
12  10  20 

//Reference=MNI 
//nullstudy_14
//Subjects=33
-8  -76  -48 
-24  -44  -4 
24  12  50 
16  18  56 
-18  -86  38 
-2  -60  4 
-6  -66  -54 
-6  -54  -56 

//Reference=MNI 
//nullstudy_15
//Subjects=30
-48  -50  -40 
-38  42  0 
26  50  18 
-18  14  -26 
20  22  60 
-40  -6  50 
8  40  12 
-48  30  -12 

//Reference=MNI 
//nullstudy_16
//Subjects=29
-24  58  26 
-42  -60  -12 
-46  32  16 
-34  -52  -40 
-2  -88  2 
-48  12  2 
-28  2  -50 
10  42  0 

//Reference=MNI 
//nullstudy_17
//Subjects=29
-62  -8  -2 
-52  -52  -46 
-8  34  -14 
-34  -62  -20 
-58  -38  36 
-22  -78  -30 
-46  50  -4 
-4  26  14 

//Reference=MNI 
//nullstudy_18
//Subjects=31
-42  10  -2 
-8  0  -34 
18  62  12 
-22  -6  66 
48  30  -14 
-52  -6  -2 
-22  -50  56 
-20  -58  -32 

//Reference=MNI 
//nullstudy_19
//Subjects=29
-24  18  -30 
-24  -36  -42 
-2  14  -20 
-24  -4  44 
-34  38  38 
-44  -52  4 
-40  -26  62 
-36  52  28 

//Reference=MNI 
//nullstudy_20
//Subjects=28
-18  38  32 
-20  8  70 
-8  -8  -2 
-38  18  28 
-2  58  -22 
-2  -90  -28 
-46  -38  22 
-6  -10  64 

//Reference=MNI 
//nullstudy_21
//Subjects=29
-50  40  10 
54  34  -6 
-4  14  38 
-4  58  -18 
22  42  28 
-14  -90  -40 
20  4  56 
42  28  -16 

//Reference=MNI 
//nullstudy_22
//Subjects=32
-14  -20  -22 
-24  52  26 
-28  -2  -30 
-44  -52  -42 
-6  -90  10 
42  14  -32 
18  4  -6 
-34  -2  12 

//Reference=MNI 
//nullstudy_23
//Subjects=30
54  38  8 
-44  -40  0 
40  22  20 
-38  4  48 
-26  24  -18 
-10  18  -6 
-28  -30  -26 
-12  -38  -38 

//Reference=MNI 
//nullstudy_24
//Subjects=31
-24  -44  -30 
2  60  0 
-36  0  56 
-14  -90  40 
16  4  -38 
-14  12  -20 
-30  -66  30 
-22  44  42 

//Reference=MNI 
//nullstudy_25
//Subjects=30
-30  -86  -4 
-12  -12  28 
-18  -84  42 
-10  -24  0 
-20  -80  2 
-38  -88  -16 
-26  -12  -12 
-62  6  4 

//Reference=MNI 
//nullstudy_26
//Subjects=29
-24  56  -2 
-16  8  -40 
-10  32  50 
-42  -6  46 
-58  -12  -40 
-26  -50  -2 
-16  -76  22 
-40  -72  -4 

//Reference=MNI 
//nullstudy_27
//Subjects=31
-38  -30  -14 
-46  -44  2 
-26  -2  -34 
-12  30  -24 
-58  -12  18 
60  10  26 
2  66  -14 
8  6  30 

//Reference=MNI 
//nullstudy_28
//Subjects=29
-14  -40  -52 
-8  -36  60 
14  66  14 
-54  -70  30 
-26  -70  -20 
-38  -22  8 
-2  -94  12 
26  46  -16 

//Reference=MNI 
//nullstudy_29
//Subjects=29
-30  -50  50 
-6  14  42 
-2  52  -24 
-20  -32  -14 
-60  -30  -12 
-54  -50  -40 
-4  -66  -6 
-14  -64  -54 

//Reference=MNI 
//nullstudy_30
//Subjects=29
-12  -70  8 
-8  -80  -28 
38  36  -20 
-30  -48  40 
-38  18  -16 
18  26  -6 
-36  -40  42 
-22  22  34 

//Reference=MNI 
//nullstudy_31
//Subjects=30
46  48  22 
-56  -16  52 
-54  -18  -2 
-34  -16  44 
-16  64  18 
-50  -24  60 
22  20  40 
-24  -46  10 

//Reference=MNI 
//nullstudy_32
//Subjects=30
-2  -26  26 
36  2  32 
-12  50  42 
-36  18  -6 
-22  -48  46 
8  28  -10 
-12  -38  16 
-32  -70  16 

//Reference=MNI 
//nullstudy_33
//Subjects=31
-52  40  12 
-14  -42  0 
42  40  0 
22  26  62 
-8  36  -24 
-6  -12  -30 
-24  -74  54 
-20  -8  68 

//Reference=MNI 
//nullstudy_34
//Subjects=30
-12  -94  24 
-46  -22  26 
-10  -72  38 
-2  -44  50 
-58  -14  38 
60  18  2 
-30  14  -4 
-10  2  44 

//Reference=MNI 
//nullstudy_35
//Subjects=30
-4  -78  -10 
-6  -94  8 
-32  -66  -34 
-56  -48  12 
-40  -68  -38 
34  58  26 
-12  -18  22 
56  38  -6 

//Reference=MNI 
//nullstudy_36
//Subjects=29
-50  32  -6 
-46  14  50 
-34  -74  8 
12  2  -6 
-44  22  -10 
26  2  -14 
-30  -96  16 
-36  -14  50 

//Reference=MNI 
//nullstudy_37
//Subjects=30
-4  62  18 
-58  24  4 
-52  -22  -14 
-12  8  68 
-32  -72  -58 
-40  -78  2 
-2  22  66 
-18  56  12 

//Reference=MNI 
//nullstudy_38
//Subjects=30
-12  -24  14 
-36  -48  52 
-32  46  36 
-48  8  24 
-6  16  28 
-56  8  8 
-52  18  -20 
-60  -40  8 

//Reference=MNI 
//nullstudy_39
//Subjects=30
-2  -96  -14 
-8  -72  -40 
-46  -42  -10 
-6  -42  74 
28  16  -24 
-20  -96  24 
-2  -60  -58 
12  64  26 

//Reference=MNI 
//nullstudy_40
//Subjects=29
-34  18  60 
-10  -52  -10 
-62  -50  40 
28  18  -32 
18  52  38 
-16  -6  -18 
-38  46  34 
-38  -30  58 

//Reference=MNI 
//nullstudy_41
//Subjects=30
10  60  10 
-30  -38  -46 
-10  32  26 
-24  -78  -56 
-62  -56  28 
-2  44  14 
-28  44  -8 
-8  36  -26 

//Reference=MNI 
//nullstudy_42
//Subjects=30
-58  -12  -26 
8  60  34 
-34  -18  -36 
-26  30  0 
-6  -46  56 
-8  -60  32 
-62  -20  -28 
-10  -20  46 

//Reference=MNI 
//nullstudy_43
//Subjects=28
-30  30  6 
-50  -4  -14 
-36  14  -44 
12  42  -16 
-56  26  16 
12  20  16 
10  20  -24 
-18  16  -22 

//Reference=MNI 
//nullstudy_44
//Subjects=27
-6  -82  30 
40  16  -6 
-8  -90  -26 
22  6  60 
-44  -28  48 
-22  40  38 
-36  -6  60 
38  14  -12 

//Reference=MNI 
//nullstudy_45
//Subjects=31
-44  -46  -32 
22  22  48 
-44  10  18 
40  14  -26 
-40  -6  40 
-12  -60  -58 
-6  10  -16 
38  32  -10 

//Reference=MNI 
//nullstudy_46
//Subjects=29
-30  -74  -36 
-6  -62  -54 
-16  48  -18 
60  18  6 
-12  50  20 
-2  -22  -30 
-2  -96  6 
32  62  -10 

//Reference=MNI 
//nullstudy_47
//Subjects=31
-28  50  -12 
-18  -72  30 
-52  14  -20 
-40  -68  -50 
-58  -46  12 
-46  -32  -30 
-52  2  -30 
-18  -30  14 

//Reference=MNI 
//nullstudy_48
//Subjects=30
20  2  72 
46  48  -8 
36  28  -24 
-50  -12  36 
-22  -52  58 
10  2  56 
-2  6  -12 
-34  -78  -50 

//Reference=MNI 
//nullstudy_49
//Subjects=32
34  4  -50 
-32  -76  38 
-32  -44  -16 
-48  -56  2 
-42  -76  6 
-2  22  -18 
-10  -42  -36 
-22  -72  26 

//Reference=MNI 
//nullstudy_50
//Subjects=29
-10  68  4 
-66  -38  18 
-2  -88  -30 
-54  -50  -28 
-36  48  -4 
-56  0  26 
-10  -44  -24 
-32  0  -36 

//Reference=MNI 
//nullstudy_51
//Subjects=31
-64  -22  26 
-42  34  12 
-28  14  -26 
-2  -60  -18 
-44  0  -2 
-8  -34  54 
-30  -84  8 
-40  -16  58 

//Reference=MNI 
//nullstudy_52
//Subjects=31
32  46  20 
4  10  -16 
-26  -50  -58 
-32  -46  -38 
-4  12  -28 
-50  -50  12 
-28  10  -44 
-46  -30  12 

//Reference=MNI 
//nullstudy_53
//Subjects=30
40  54  -2 
-14  44  -14 
2  30  8 
-8  -4  2 
-32  -64  -54 
-24  -88  -8 
-12  -82  -2 
-22  -2  -48 

//Reference=MNI 
//nullstudy_54
//Subjects=31
-12  -6  56 
-12  -60  -32 
-24  -32  -20 
-6  -18  -10 
-32  -32  72 
-64  -48  34 
-38  48  22 
-30  62  -12 

//Reference=MNI 
//nullstudy_55
//Subjects=31
26  34  -20 
28  2  -18 
-20  -66  -58 
-2  -84  -6 
-52  36  14 
-34  -78  -38 
-14  -2  -14 
34  14  -12 

//Reference=MNI 
//nullstudy_56
//Subjects=30
48  28  22 
-2  -34  42 
-48  -56  -44 
-4  -8  -16 
-10  12  60 
-40  -68  46 
-14  -54  -16 
44  18  -14 

//Reference=MNI 
//nullstudy_57
//Subjects=30
10  2  -12 
4  60  14 
-10  -66  2 
-6  -2  70 
-40  -26  42 
38  18  56 
-6  -16  40 
-12  -18  -16 

//Reference=MNI 
//nullstudy_58
//Subjects=29
-8  -24  -20 
-28  -64  -16 
-46  -22  38 
-36  10  38 
-4  -60  46 
10  16  56 
-16  -32  -34 
-54  -70  -14 

//Reference=MNI 
//nullstudy_59
//Subjects=32
-64  -8  26 
0  48  -4 
-32  20  -6 
48  28  10 
-44  -76  -18 
54  24  0 
-34  42  22 
-12  14  -24 

//Reference=MNI 
//nullstudy_60
//Subjects=29
-14  8  -36 
-8  -40  44 
-26  14  66 
-8  68  6 
46  12  26 
-42  4  -46 
-50  -20  -26 
-48  -48  38 

//Reference=MNI 
//nullstudy_61
//Subjects=30
-22  -64  -56 
10  58  -26 
-6  -34  58 
-28  8  -12 
-52  0  14 
-20  -92  22 
20  2  68 
-24  -2  -44 

//Reference=MNI 
//nullstudy_62
//Subjects=30
-24  48  38 
-42  -78  -24 
-2  -54  38 
-6  0  70 
20  50  4 
-4  -28  -8 
6  68  -6 
-18  14  -32 

//Reference=MNI 
//nullstudy_63
//Subjects=29
10  42  32 
-8  -34  44 
-4  -94  8 
-10  -54  40 
-48  -36  54 
-26  -56  -26 
-4  -64  -34 
10  42  -22 

//Reference=MNI 
//nullstudy_64
//Subjects=29
0  46  -22 
-16  -84  -38 
4  36  -4 
30  64  -2 
-40  -2  -18 
-8  32  32 
-44  -68  -38 
-34  -70  -30 

//Reference=MNI 
//nullstudy_65
//Subjects=30
-16  -106  2 
62  4  30 
-58  -2  30 
-32  4  10 
6  18  -24 
-30  -44  8 
-26  -52  -42 
14  46  30 

//Reference=MNI 
//nullstudy_66
//Subjects=28
-14  -26  26 
-16  54  18 
24  38  48 
-38  -62  -46 
-8  -30  -30 
-50  -50  34 
-10  34  -6 
-42  -16  46 

//Reference=MNI 
//nullstudy_67
//Subjects=30
-6  -56  54 
-32  -18  54 
-62  -6  0 
-56  30  12 
-8  -56  0 
-16  30  -26 
-34  -16  18 
-10  -84  30 

//Reference=MNI 
//nullstudy_68
//Subjects=30
-10  -64  -30 
-42  -62  -24 
-8  -4  74 
-26  -4  56 
-2  -44  4 
-2  -96  -4 
-40  28  -10 
-8  -62  -12 

//Reference=MNI 
//nullstudy_69
//Subjects=31
38  6  -32 
-18  -84  8 
58  18  12 
-20  54  38 
-4  56  10 
-46  -42  22 
46  40  -12 
-66  -20  2 

//Reference=MNI 
//nullstudy_70
//Subjects=30
42  52  14 
-22  -74  8 
-4  -74  -38 
-48  16  -12 
-56  10  6 
-6  2  64 
-6  -18  -10 
48  24  16 

//Reference=MNI 
//nullstudy_71
//Subjects=30
28  10  6 
-14  52  36 
-14  34  56 
-36  -68  -6 
-42  -2  8 
18  52  22 
8  40  34 
-24  -50  -22 

//Reference=MNI 
//nullstudy_72
//Subjects=30
56  26  28 
6  44  -8 
-44  20  22 
-60  -18  -20 
58  4  -28 
-48  -2  0 
-8  10  6 
-2  -58  -60 

//Reference=MNI 
//nullstudy_73
//Subjects=30
40  28  50 
-10  -58  18 
-54  24  4 
-32  -44  36 
-8  -12  18 
-40  4  -14 
20  56  16 
-20  -96  10 

//Reference=MNI 
//nullstudy_74
//Subjects=31
-58  0  42 
-18  56  -6 
-26  16  50 
-64  -14  10 
-60  -16  4 
-52  -26  6 
-4  28  -4 
50  30  24 

//Reference=MNI 
//nullstudy_75
//Subjects=30
-36  -90  4 
-60  -6  -26 
-12  36  14 
-8  -48  -62 
44  12  -8 
40  8  26 
38  12  46 
-38  40  -4 

//Reference=MNI 
//nullstudy_76
//Subjects=31
-52  -24  52 
-4  22  34 
-64  -56  22 
-42  -10  -16 
4  14  40 
34  20  42 
42  46  16 
-16  -84  24 

//Reference=MNI 
//nullstudy_77
//Subjects=32
-38  12  -46 
-12  -70  -30 
-8  -60  18 
-66  -14  -4 
-42  -18  18 
-18  4  0 
-8  56  -14 
60  10  28 

//Reference=MNI 
//nullstudy_78
//Subjects=28
-6  2  46 
-34  -26  44 
-14  -44  40 
-60  4  28 
28  20  10 
-6  -44  -24 
-56  -36  -20 
-8  26  52 

//Reference=MNI 
//nullstudy_79
//Subjects=30
12  30  38 
22  56  -6 
-52  -4  -30 
-52  18  32 
-16  -2  -14 
-10  -6  64 
-28  -6  -12 
-52  8  -38 

//Reference=MNI 
//nullstudy_80
//Subjects=32
-32  -54  -58 
4  50  50 
-36  10  44 
-2  -22  40 
40  34  10 
-24  -88  -26 
-60  -26  2 
-46  4  40 

//Reference=MNI 
//nullstudy_81
//Subjects=30
-18  -12  -12 
-34  30  10 
28  6  -40 
30  26  -24 
16  44  40 
-38  -56  -54 
56  24  10 
-10  14  -4 

//Reference=MNI 
//nullstudy_82
//Subjects=29
-52  -2  0 
-60  2  26 
-62  -44  10 
-34  48  20 
2  14  38 
-32  -6  -20 
10  46  14 
24  54  0 

//Reference=MNI 
//nullstudy_83
//Subjects=29
48  38  2 
-34  36  -8 
24  56  0 
-24  26  40 
8  10  -6 
-38  -24  -24 
-10  -42  -4 
-38  -88  16 

//Reference=MNI 
//nullstudy_84
//Subjects=30
26  50  30 
-10  10  18 
30  22  -14 
30  22  10 
8  50  -12 
-6  -22  76 
-36  18  50 
30  20  0 

//Reference=MNI 
//nullstudy_85
//Subjects=31
52  38  -2 
-2  -70  -44 
-6  20  42 
-6  -52  -64 
-32  -30  -12 
-66  -56  0 
4  28  52 
44  42  28 

//Reference=MNI 
//nullstudy_86
//Subjects=30
-24  -88  22 
-52  -68  -34 
-56  4  40 
-50  0  14 
-6  -64  42 
10  22  62 
-8  38  24 
-56  -24  -28 

//Reference=MNI 
//nullstudy_87
//Subjects=30
-38  -6  62 
-44  -88  4 
-38  -80  12 
-38  20  28 
-8  40  26 
-32  4  66 
26  48  -12 
16  22  60 

//Reference=MNI 
//nullstudy_88
//Subjects=29
58  6  38 
38  40  2 
-28  30  44 
-32  38  34 
-10  -82  -14 
-60  -36  -22 
-26  -42  52 
-54  -34  6 

//Reference=MNI 
//nullstudy_89
//Subjects=30
20  12  58 
-32  -70  -48 
-44  -20  38 
36  14  56 
-12  -76  -50 
-44  -66  48 
-16  -48  40 
-22  -46  18 

//Reference=MNI 
//nullstudy_90
//Subjects=31
-26  46  -12 
-22  -76  -12 
6  16  48 
-6  28  66 
-36  8  28 
-50  -52  -20 
20  56  24 
-2  -38  -30 

//Reference=MNI 
//nullstudy_91
//Subjects=29
-4  -24  38 
-24  40  36 
-18  -22  76 
8  8  52 
-40  -26  20 
46  26  0 
-24  -62  54 
-8  48  24 

//Reference=MNI 
//nullstudy_92
//Subjects=31
-32  -66  34 
-54  -16  -10 
44  2  2 
24  52  40 
-14  -66  -24 
-54  -74  14 
-18  -70  54 
-56  8  10 

//Reference=MNI 
//nullstudy_93
//Subjects=31
-62  -16  16 
-10  -32  42 
-30  -94  16 
-8  -100  0 
24  48  30 
-58  -10  -18 
-44  -24  58 
-10  18  56 

//Reference=MNI 
//nullstudy_94
//Subjects=28
-10  -26  74 
-54  18  -12 
-2  6  66 
6  22  -22 
-44  18  26 
-60  -30  -8 
-24  20  -14 
-36  -64  28 

//Reference=MNI 
//nullstudy_95
//Subjects=29
-50  -6  40 
24  14  -38 
-14  -34  52 
2  20  -8 
40  22  32 
-16  46  4 
-50  36  -14 
-8  -28  -16 

//Reference=MNI 
//nullstudy_96
//Subjects=29
-32  -12  66 
16  8  -12 
-22  -16  -28 
4  14  72 
30  22  -34 
-2  -30  -32 
-10  -100  -20 
-48  -64  42 

//Reference=MNI 
//nullstudy_97
//Subjects=29
-2  58  4 
44  48  -18 
-52  -14  -10 
-14  -70  -48 
-12  -78  18 
4  38  -24 
-2  -42  58 
6  24  -24 

//Reference=MNI 
//nullstudy_98
//Subjects=31
-54  -6  26 
-16  0  64 
-42  -70  -52 
2  42  54 
-16  -38  -28 
14  54  -22 
60  28  8 
26  16  50 

//Reference=MNI 
//nullstudy_99
//Subjects=30
-2  32  -12 
10  4  18 
-8  -50  -24 
-18  -62  -18 
-24  24  -26 
-16  46  -24 
-22  40  42 
-44  22  10 

//Reference=MNI 
//nullstudy_100
//Subjects=28
-64  -32  14 
16  56  -16 
-38  -20  -22 
-24  -78  -14 
-6  -68  6 
-46  -30  0 
42  16  -20 
-20  6  -10 

