//Reference=MNI 
//truestudy_1
//Subjects=9
46  -66  -4 
46  -66  -6 
45  -66  -8 
46  -67  -6 
45  -66  -5 
46  -65  -7 
45  -66  -6 
45  -68  -7 

//Reference=MNI 
//truestudy_2
//Subjects=11
47  -66  -5 
46  -66  -7 
46  -65  -6 
46  -66  -6 
47  -67  -6 
46  -67  -3 
45  -65  -7 
45  -66  -8 

//Reference=MNI 
//truestudy_3
//Subjects=10
46  -66  -4 
48  -67  -5 
47  -64  -6 
47  -66  -4 
45  -67  -5 
46  -67  -7 
45  -65  -5 
45  -65  -5 

//Reference=MNI 
//nullstudy_1
//Subjects=9
-10  -24  24 
-46  28  2 
-54  10  -20 
-56  -34  -10 
-56  -16  -34 
2  58  28 
-4  2  -14 
-6  16  -10 

//Reference=MNI 
//nullstudy_2
//Subjects=11
-28  -34  50 
-40  34  30 
38  42  22 
22  54  8 
-18  -64  62 
-4  -98  8 
34  10  -18 
-36  -8  -12 

//Reference=MNI 
//nullstudy_3
//Subjects=10
2  16  2 
-14  -70  34 
44  36  40 
-10  34  52 
-4  -88  -36 
-46  42  0 
-56  -62  -18 
-2  -62  -56 

//Reference=MNI 
//nullstudy_4
//Subjects=10
-20  10  -40 
-64  -46  26 
-46  -60  -48 
-12  -34  -22 
56  2  -8 
-34  -46  -12 
-36  -44  60 
8  42  22 

//Reference=MNI 
//nullstudy_5
//Subjects=10
-42  -4  -18 
-14  -94  -22 
-12  64  -8 
-54  4  -24 
2  12  46 
-28  -2  -22 
-54  12  26 
-54  -16  -36 

//Reference=MNI 
//nullstudy_6
//Subjects=9
-64  -34  -22 
-42  20  18 
-8  10  42 
-36  -8  16 
36  28  26 
-30  -28  -18 
-28  -62  -38 
-22  -74  -48 

//Reference=MNI 
//nullstudy_7
//Subjects=9
-14  -64  -18 
-4  56  34 
-8  -40  38 
-54  -46  -14 
-32  -62  52 
-38  -56  -4 
50  46  -6 
-48  -58  26 

//Reference=MNI 
//nullstudy_8
//Subjects=7
40  10  22 
-36  -44  -12 
-54  -8  34 
-20  -20  78 
-24  58  20 
-22  -66  8 
-22  -80  24 
-32  -48  -22 

//Reference=MNI 
//nullstudy_9
//Subjects=10
-32  20  -30 
-22  -72  58 
56  16  -20 
-48  -58  6 
-16  -48  -42 
-54  -18  34 
46  4  -26 
-26  -70  -16 

//Reference=MNI 
//nullstudy_10
//Subjects=10
40  18  -22 
32  50  -16 
-24  38  20 
-12  14  66 
-6  -58  -46 
14  28  -18 
-26  -92  2 
-66  -28  -16 

//Reference=MNI 
//nullstudy_11
//Subjects=9
4  64  20 
40  42  -12 
-22  12  -26 
24  62  6 
-18  -26  -10 
-26  28  -6 
-16  -38  52 
8  8  8 

//Reference=MNI 
//nullstudy_12
//Subjects=10
-38  38  -6 
24  40  44 
12  62  8 
-38  -64  -16 
-26  -42  -18 
-42  -36  -24 
46  10  16 
28  2  -14 

//Reference=MNI 
//nullstudy_13
//Subjects=9
-4  -14  30 
4  10  -8 
-36  -54  24 
-12  6  -26 
-14  -74  58 
-6  -28  -28 
-24  62  4 
-14  -60  -38 

//Reference=MNI 
//nullstudy_14
//Subjects=10
-26  2  0 
-18  -44  -30 
-26  -6  60 
-8  30  26 
16  40  -20 
-18  64  -10 
-44  -42  -32 
-32  -22  20 

//Reference=MNI 
//nullstudy_15
//Subjects=9
-38  -26  4 
-40  -54  58 
-24  -72  -38 
-14  32  46 
-24  -36  -16 
-40  40  20 
-16  -34  42 
-28  -96  4 

//Reference=MNI 
//nullstudy_16
//Subjects=9
-30  -12  -2 
-16  -82  8 
-6  -14  -34 
-30  16  54 
-38  -94  -8 
-4  -12  -14 
-2  50  2 
-4  -22  74 

//Reference=MNI 
//nullstudy_17
//Subjects=11
-8  -22  54 
-12  -66  10 
26  66  16 
-50  -68  -2 
-62  8  28 
-2  -8  -18 
-8  -104  -2 
36  40  28 

//Reference=MNI 
//nullstudy_18
//Subjects=11
-24  14  48 
-44  -46  -14 
-38  22  -22 
-16  2  20 
-6  -42  -52 
-2  -60  -34 
-22  -42  4 
14  12  68 

//Reference=MNI 
//nullstudy_19
//Subjects=9
8  14  6 
-48  -60  -14 
26  24  48 
-2  -40  26 
-6  -56  68 
-42  34  4 
-20  -76  -58 
-24  -34  -30 

//Reference=MNI 
//nullstudy_20
//Subjects=10
56  10  -4 
8  28  18 
-24  2  -46 
-60  8  -12 
-12  -54  -14 
-44  0  34 
-32  -72  -48 
-22  -96  10 

//Reference=MNI 
//nullstudy_21
//Subjects=10
-52  -12  6 
-26  40  -16 
-22  -94  10 
-68  -40  0 
36  36  26 
-28  4  50 
28  10  0 
-32  12  54 

//Reference=MNI 
//nullstudy_22
//Subjects=11
-20  -52  -60 
-22  -32  -28 
-4  -42  18 
-2  -68  -40 
-22  0  60 
38  12  30 
-36  10  6 
-4  -60  42 

//Reference=MNI 
//nullstudy_23
//Subjects=8
-34  -66  -20 
-20  -52  4 
-40  -32  54 
38  26  -34 
-66  -30  30 
-38  -16  42 
-42  -44  -30 
-2  -46  68 

//Reference=MNI 
//nullstudy_24
//Subjects=10
-30  -10  0 
32  20  46 
-12  -28  -4 
-10  -16  46 
32  60  18 
-38  -56  -56 
-28  -42  -16 
-22  58  30 

//Reference=MNI 
//nullstudy_25
//Subjects=10
32  26  50 
-42  6  -24 
-40  24  -8 
-4  -42  -14 
2  2  18 
-20  -42  -20 
26  52  10 
-2  -64  -26 

//Reference=MNI 
//nullstudy_26
//Subjects=11
-20  8  -14 
48  24  32 
-48  -26  56 
-6  -48  -34 
6  24  24 
64  2  -4 
-36  28  30 
-64  -26  34 

//Reference=MNI 
//nullstudy_27
//Subjects=10
14  46  -16 
58  4  -28 
4  6  60 
-36  12  4 
-20  -20  76 
-52  -64  -36 
-46  -56  24 
-52  40  -10 

//Reference=MNI 
//nullstudy_28
//Subjects=9
-24  16  -42 
-26  -78  -2 
-10  -10  -20 
-42  -26  48 
-62  2  22 
-12  -46  50 
-18  -36  -28 
-22  -98  12 

//Reference=MNI 
//nullstudy_29
//Subjects=10
-10  -46  -36 
-48  -74  20 
-36  -44  52 
-10  -26  46 
-12  -66  -16 
-2  12  -20 
-32  38  44 
-64  -16  14 

//Reference=MNI 
//nullstudy_30
//Subjects=9
-2  -36  -10 
-34  12  50 
56  30  24 
-36  -52  -16 
0  36  -18 
-36  14  62 
-12  -94  10 
-14  -2  -26 

//Reference=MNI 
//nullstudy_31
//Subjects=10
-32  -40  72 
-14  -94  32 
-30  -56  -26 
-32  58  6 
-4  -58  40 
-10  42  -26 
-18  -90  -40 
-24  -74  -20 

//Reference=MNI 
//nullstudy_32
//Subjects=8
22  48  14 
-36  -76  -20 
-4  -62  -56 
-14  -16  40 
-42  4  -16 
30  18  52 
-38  -92  -2 
-58  -52  14 

//Reference=MNI 
//nullstudy_33
//Subjects=10
-2  -78  22 
-6  -28  -30 
-38  -8  -14 
-30  -48  -8 
-52  -12  10 
2  20  28 
-10  -34  -46 
46  6  50 

//Reference=MNI 
//nullstudy_34
//Subjects=12
-60  -66  6 
10  6  18 
-32  -38  -34 
-52  6  12 
-40  -56  42 
-32  -36  -38 
-24  -60  -52 
-40  -66  22 

//Reference=MNI 
//nullstudy_35
//Subjects=11
-60  -46  36 
-30  2  46 
-14  -16  -10 
-10  -90  12 
32  20  26 
-4  6  74 
-2  30  60 
18  62  4 

//Reference=MNI 
//nullstudy_36
//Subjects=10
-12  -44  -58 
-34  -4  40 
28  16  -24 
-8  56  -2 
-6  12  -6 
-46  -34  60 
10  22  -16 
-12  -60  -14 

//Reference=MNI 
//nullstudy_37
//Subjects=11
-12  -44  42 
16  58  -16 
-36  -82  -46 
-48  -50  26 
-18  -104  0 
-18  -78  -16 
-12  -90  12 
-48  38  28 

//Reference=MNI 
//nullstudy_38
//Subjects=8
32  6  8 
-68  -22  24 
-68  -12  -12 
-28  -58  -38 
-18  -24  -28 
-6  58  -26 
34  26  -12 
-52  -8  16 

//Reference=MNI 
//nullstudy_39
//Subjects=10
28  2  52 
-18  -16  68 
-2  -68  34 
10  4  -10 
-14  -24  -10 
-22  -72  -12 
-50  -12  -30 
18  8  -8 

//Reference=MNI 
//nullstudy_40
//Subjects=10
-36  4  -18 
-46  -66  -10 
-8  -26  48 
6  52  4 
-20  -48  -46 
-22  -94  12 
-16  -64  40 
-50  -62  28 

//Reference=MNI 
//nullstudy_41
//Subjects=11
-24  -84  8 
-40  -58  8 
10  32  58 
28  6  -30 
-22  -56  16 
-16  24  48 
-36  8  -32 
-10  -36  50 

//Reference=MNI 
//nullstudy_42
//Subjects=11
-52  20  -6 
-46  16  22 
-54  -54  -34 
-20  -70  -44 
-28  -56  58 
-30  26  42 
-14  -78  -50 
-66  -32  -22 

//Reference=MNI 
//nullstudy_43
//Subjects=10
-18  -92  -36 
-28  12  -24 
-34  -54  38 
20  18  44 
10  66  -12 
-46  -10  28 
28  44  -14 
-38  -56  -36 

//Reference=MNI 
//nullstudy_44
//Subjects=9
48  18  26 
-38  -94  -6 
-44  -80  16 
-6  -2  8 
20  26  64 
-40  -72  -38 
-12  -68  -54 
-22  -32  68 

//Reference=MNI 
//nullstudy_45
//Subjects=9
24  16  52 
-28  -58  -64 
-28  -10  56 
-28  -70  -16 
-12  -60  42 
12  44  54 
-46  16  36 
-24  -44  -48 

//Reference=MNI 
//nullstudy_46
//Subjects=10
-22  -40  -56 
-2  -30  6 
-16  -60  64 
-38  -48  -20 
-12  50  44 
-20  -34  22 
-56  -20  -10 
-26  -62  -44 

//Reference=MNI 
//nullstudy_47
//Subjects=12
-52  2  32 
-56  -32  14 
22  10  -4 
-10  -68  -12 
-40  -60  -30 
-24  -70  -40 
-40  -56  -10 
8  14  32 

//Reference=MNI 
//nullstudy_48
//Subjects=9
-24  -62  26 
-4  -104  4 
-2  50  36 
-12  44  24 
36  20  -30 
-40  0  30 
-8  -48  4 
-24  -80  44 

//Reference=MNI 
//nullstudy_49
//Subjects=10
-22  -4  -34 
-2  -6  46 
-58  -60  -14 
-24  -94  -10 
-30  -4  44 
-6  -42  -42 
-6  10  60 
32  10  -8 

//Reference=MNI 
//nullstudy_50
//Subjects=10
-30  14  -14 
-50  -6  40 
6  34  -24 
-62  -62  -12 
-42  -70  -12 
36  14  12 
-40  -14  20 
16  36  52 

//Reference=MNI 
//nullstudy_51
//Subjects=10
-6  -10  6 
-32  18  -40 
-64  -14  -6 
-42  -56  -56 
-28  -62  -26 
-30  -46  38 
-14  -14  42 
-2  18  12 

//Reference=MNI 
//nullstudy_52
//Subjects=11
-44  -60  -46 
-28  52  -14 
54  2  38 
-52  -26  -18 
0  34  40 
12  12  10 
-38  -34  18 
12  2  -10 

//Reference=MNI 
//nullstudy_53
//Subjects=11
-40  52  -8 
-48  44  -4 
-6  22  4 
-14  -32  16 
-12  -46  42 
-16  -8  -28 
4  10  48 
-42  -62  -10 

//Reference=MNI 
//nullstudy_54
//Subjects=11
-32  10  26 
-6  -26  -6 
-26  -52  54 
-16  14  0 
-50  -68  34 
-30  -70  32 
-6  -54  -10 
54  28  30 

//Reference=MNI 
//nullstudy_55
//Subjects=11
-22  -16  50 
-68  -36  10 
-14  -52  26 
-44  40  2 
-10  -76  52 
-16  -84  36 
22  46  30 
-26  -46  -4 

//Reference=MNI 
//nullstudy_56
//Subjects=10
-22  58  16 
54  16  24 
-48  -18  -36 
-4  -24  66 
-26  -48  6 
-28  -40  -2 
-50  -40  -26 
-20  -58  22 

//Reference=MNI 
//nullstudy_57
//Subjects=9
-2  16  10 
-14  -44  36 
-34  -82  -8 
-16  -40  -8 
28  10  -48 
-26  -62  -20 
28  52  24 
-46  -18  64 

//Reference=MNI 
//nullstudy_58
//Subjects=9
-40  -18  52 
-36  -16  -40 
-28  -84  -20 
24  20  -12 
8  70  4 
-38  -86  -32 
-18  38  -26 
14  52  38 

//Reference=MNI 
//nullstudy_59
//Subjects=10
-40  -56  -40 
2  44  -22 
-66  -36  24 
-46  6  32 
2  40  -22 
-58  -38  -22 
-8  -66  32 
0  6  72 

//Reference=MNI 
//nullstudy_60
//Subjects=11
4  56  0 
-10  -28  8 
-12  -22  -4 
-30  6  -18 
20  36  -26 
-18  -36  -40 
-30  -54  -18 
-46  28  -6 

//Reference=MNI 
//nullstudy_61
//Subjects=10
-38  -48  -36 
-28  -80  -2 
-24  -76  -2 
-32  -58  34 
48  34  6 
-18  14  10 
-22  22  -28 
4  26  48 

//Reference=MNI 
//nullstudy_62
//Subjects=10
-30  -52  66 
-50  46  -4 
-40  44  10 
-8  -4  16 
-4  -42  36 
-46  -24  56 
-28  54  -14 
-34  10  -4 

//Reference=MNI 
//nullstudy_63
//Subjects=10
-56  24  22 
14  18  -2 
-2  18  -20 
-50  -74  28 
-60  8  -10 
26  14  54 
-60  -28  -22 
-2  0  -30 

//Reference=MNI 
//nullstudy_64
//Subjects=10
48  26  -2 
-10  -36  42 
-8  -58  -64 
-14  42  10 
-48  -62  -36 
64  4  24 
38  44  -2 
24  14  52 

//Reference=MNI 
//nullstudy_65
//Subjects=12
14  52  18 
-54  -50  -42 
-26  52  16 
-46  36  -10 
-12  -2  66 
-40  -36  38 
-8  -78  -20 
12  64  24 

//Reference=MNI 
//nullstudy_66
//Subjects=10
-2  -62  -44 
-32  -42  -28 
-18  52  -16 
-56  -58  8 
52  6  -4 
-30  -60  -20 
46  8  28 
-2  -68  2 

//Reference=MNI 
//nullstudy_67
//Subjects=12
-4  50  -6 
-40  36  40 
-64  -24  6 
-50  -68  28 
2  6  12 
-10  32  32 
-26  18  -2 
-2  -90  -20 

//Reference=MNI 
//nullstudy_68
//Subjects=10
-16  -4  -20 
-14  -50  68 
-8  -28  16 
-8  44  4 
-56  -30  0 
14  52  -22 
-20  -38  72 
-48  34  0 

//Reference=MNI 
//nullstudy_69
//Subjects=9
-10  28  20 
-48  -50  -6 
38  26  18 
-54  -42  0 
-8  40  32 
-16  -70  54 
-60  -60  -10 
-4  -70  -4 

//Reference=MNI 
//nullstudy_70
//Subjects=9
40  10  -18 
-58  -66  16 
-10  28  48 
12  16  -4 
-10  -60  60 
-28  10  -20 
-34  -48  -26 
-56  -20  -14 

//Reference=MNI 
//nullstudy_71
//Subjects=10
-62  -54  14 
32  4  14 
-6  -50  -28 
-20  64  12 
0  46  20 
-6  -72  50 
-42  10  -36 
-2  -52  72 

//Reference=MNI 
//nullstudy_72
//Subjects=10
-28  -38  -48 
-4  -38  68 
14  34  26 
-22  -72  46 
24  50  -14 
-4  -86  8 
54  8  -12 
-6  -58  14 

//Reference=MNI 
//nullstudy_73
//Subjects=10
-12  36  -28 
12  10  -10 
40  28  48 
-28  -50  46 
46  44  28 
16  20  68 
-60  -40  -18 
-16  -34  72 

//Reference=MNI 
//nullstudy_74
//Subjects=12
-42  42  26 
-20  42  36 
-32  -36  48 
-20  -26  -36 
6  66  -8 
24  28  -22 
-10  -2  64 
34  14  40 

//Reference=MNI 
//nullstudy_75
//Subjects=10
-16  16  6 
-42  -8  0 
-46  -32  50 
-14  62  32 
-8  -48  -40 
-24  -96  -14 
-18  -54  72 
-24  26  -22 

//Reference=MNI 
//nullstudy_76
//Subjects=10
-14  56  -24 
6  36  14 
16  8  -32 
32  48  4 
40  8  4 
32  4  -16 
18  36  36 
-8  -38  38 

//Reference=MNI 
//nullstudy_77
//Subjects=11
18  20  54 
0  2  66 
-12  -38  44 
-34  -50  -4 
-6  -52  -54 
-4  -34  -58 
-8  -102  10 
-40  -24  40 

//Reference=MNI 
//nullstudy_78
//Subjects=9
-16  -90  40 
44  16  -26 
8  26  46 
-52  -24  14 
-32  -52  60 
-16  -56  72 
42  26  20 
-6  -8  56 

//Reference=MNI 
//nullstudy_79
//Subjects=11
-64  -30  4 
-48  -38  24 
-16  -38  12 
-10  48  -12 
-36  -48  58 
-44  -56  40 
4  16  -6 
-18  -8  60 

//Reference=MNI 
//nullstudy_80
//Subjects=11
-16  46  2 
-52  16  44 
-32  40  -14 
-40  -20  66 
-20  -22  78 
-22  52  36 
-40  20  -22 
-58  -54  -32 

//Reference=MNI 
//nullstudy_81
//Subjects=10
-10  -88  -32 
-50  -64  -10 
-8  -44  18 
40  24  -38 
-44  28  40 
-8  -48  -66 
-40  8  56 
4  60  28 

//Reference=MNI 
//nullstudy_82
//Subjects=10
-26  -2  -32 
-60  0  -8 
-30  -42  -54 
-36  -66  -10 
-40  -66  -34 
-4  32  6 
-38  -50  -22 
-10  -92  20 

//Reference=MNI 
//nullstudy_83
//Subjects=10
-6  16  64 
46  36  24 
32  40  18 
-12  -44  42 
-32  -80  32 
0  20  32 
22  10  62 
10  14  -22 

//Reference=MNI 
//nullstudy_84
//Subjects=9
-40  -34  -28 
-58  -44  -8 
-28  8  -26 
-40  10  6 
-30  62  6 
2  14  32 
-24  14  -32 
-24  56  8 

//Reference=MNI 
//nullstudy_85
//Subjects=8
8  58  42 
-12  -38  -32 
-2  -22  48 
-14  18  -30 
16  42  -26 
46  30  -10 
14  40  -10 
-46  -68  -30 

//Reference=MNI 
//nullstudy_86
//Subjects=10
-34  -40  -22 
-48  30  20 
6  42  46 
-64  -6  -18 
10  60  -12 
24  2  -18 
-6  -34  -42 
32  30  -2 

//Reference=MNI 
//nullstudy_87
//Subjects=11
-4  38  46 
-60  -64  12 
-54  22  14 
44  22  -32 
-66  -10  20 
-44  -66  -4 
28  56  14 
-16  -22  16 

//Reference=MNI 
//nullstudy_88
//Subjects=12
-12  42  18 
-42  18  4 
-44  -40  -32 
-8  40  18 
10  6  60 
-14  -74  46 
50  4  44 
-22  20  50 

//Reference=MNI 
//nullstudy_89
//Subjects=9
36  6  -44 
26  2  -20 
-28  -76  -30 
-24  -34  -36 
-40  -64  -2 
-52  -4  -10 
-22  -2  48 
-34  -10  6 

//Reference=MNI 
//nullstudy_90
//Subjects=10
-36  8  64 
-18  -34  44 
8  58  -2 
-14  22  -24 
4  44  30 
-6  -58  -24 
-46  -14  40 
-34  -42  58 

//Reference=MNI 
//nullstudy_91
//Subjects=11
-54  -2  -28 
-36  -40  -16 
-16  32  -16 
38  10  62 
-34  4  0 
-16  12  -18 
50  14  34 
-40  -14  -24 

//Reference=MNI 
//nullstudy_92
//Subjects=10
-16  56  -18 
-24  -90  -8 
-24  -52  -12 
-4  -72  36 
-8  -50  26 
48  12  2 
6  44  -16 
-10  12  -6 

//Reference=MNI 
//nullstudy_93
//Subjects=12
-2  20  60 
-32  -78  12 
-66  -24  38 
-22  12  -32 
-52  -26  12 
-6  -74  36 
-44  56  -2 
-44  -54  -8 

//Reference=MNI 
//nullstudy_94
//Subjects=11
56  10  -2 
26  64  10 
-46  40  20 
-12  16  -6 
-56  16  30 
54  14  -10 
2  46  10 
-12  -8  70 

//Reference=MNI 
//nullstudy_95
//Subjects=10
-24  20  -4 
-30  -46  36 
18  20  -6 
-30  -70  -48 
-12  -2  -26 
-18  -34  78 
-2  18  8 
-10  -16  0 

//Reference=MNI 
//nullstudy_96
//Subjects=11
-22  -88  14 
0  4  56 
32  50  20 
-14  10  -34 
-56  6  12 
52  6  -22 
-2  -96  10 
-18  -80  18 

//Reference=MNI 
//nullstudy_97
//Subjects=11
28  62  -10 
-26  -50  -14 
12  44  52 
-48  26  30 
-48  18  -26 
20  60  22 
-6  -30  72 
-42  -82  -34 

//Reference=MNI 
//nullstudy_98
//Subjects=9
-22  -76  22 
52  22  -22 
-6  2  74 
-2  -50  -66 
-10  -98  12 
-68  -48  8 
34  22  -30 
-56  -66  6 

//Reference=MNI 
//nullstudy_99
//Subjects=10
-36  4  -16 
42  44  -16 
-14  -78  -30 
26  20  50 
-12  -70  60 
-26  -56  -16 
-48  -30  36 
46  30  0 

//Reference=MNI 
//nullstudy_100
//Subjects=9
10  40  -22 
-32  30  -12 
-46  -40  -22 
14  6  -4 
6  18  28 
10  24  34 
-24  16  -2 
-24  -28  66 

