//Reference=MNI 
//truestudy_1
//Subjects=29
47  -65  -6 
47  -67  -7 
46  -66  -7 
47  -65  -6 
45  -67  -7 
46  -66  -6 
46  -66  -4 
46  -67  -8 

//Reference=MNI 
//truestudy_2
//Subjects=29
46  -66  -7 
47  -67  -7 
45  -66  -4 
45  -68  -7 
46  -65  -5 
46  -66  -6 
47  -67  -8 
44  -66  -6 

//Reference=MNI 
//truestudy_3
//Subjects=30
47  -68  -5 
46  -66  -5 
45  -64  -6 
46  -67  -8 
45  -67  -6 
45  -66  -7 
46  -66  -5 
45  -66  -7 

//Reference=MNI 
//nullstudy_1
//Subjects=29
-12  48  46 
-34  -16  44 
-6  -74  -40 
-66  -16  22 
-30  -38  -20 
-4  -102  -14 
30  6  -4 
34  30  6 

//Reference=MNI 
//nullstudy_2
//Subjects=29
-20  -88  24 
-8  -22  52 
-22  -40  -20 
-42  -58  -24 
28  50  20 
-4  -86  18 
26  12  56 
-10  4  -20 

//Reference=MNI 
//nullstudy_3
//Subjects=30
40  26  46 
-2  28  -2 
-6  22  -12 
8  38  12 
-28  50  -18 
38  44  -8 
-20  -68  14 
-12  56  -22 

//Reference=MNI 
//nullstudy_4
//Subjects=31
-18  -56  44 
-40  -4  -20 
-34  -76  -44 
-22  -60  -30 
-12  64  30 
-6  20  -26 
8  38  -8 
18  14  -18 

//Reference=MNI 
//nullstudy_5
//Subjects=30
-28  46  28 
-22  48  40 
6  42  28 
-12  -60  18 
-20  44  36 
-38  44  34 
-14  -26  0 
-16  -74  -44 

//Reference=MNI 
//nullstudy_6
//Subjects=30
10  62  2 
-36  -4  60 
-40  -64  30 
-40  -56  48 
-4  -68  -54 
-36  -54  38 
-12  -68  -40 
4  50  0 

//Reference=MNI 
//nullstudy_7
//Subjects=31
-48  6  32 
-4  -44  -8 
44  20  -2 
54  4  32 
-6  -48  -6 
-18  -70  62 
20  10  4 
-6  -2  32 

//Reference=MNI 
//nullstudy_8
//Subjects=30
-42  -46  54 
-18  -42  64 
-66  -48  6 
38  32  40 
-2  -30  24 
-6  -48  8 
-48  12  4 
-26  32  -14 

//Reference=MNI 
//nullstudy_9
//Subjects=31
-26  -16  6 
10  48  -26 
-2  18  -2 
-48  -16  -12 
-48  0  2 
10  28  -26 
56  2  2 
-54  -18  -36 

//Reference=MNI 
//nullstudy_10
//Subjects=30
-60  -18  -36 
-24  50  2 
24  48  16 
-26  -10  6 
-44  -34  22 
18  34  50 
-64  -48  -14 
-4  -28  52 

//Reference=MNI 
//nullstudy_11
//Subjects=30
26  52  -18 
-48  -64  4 
-32  -62  -6 
-48  20  2 
66  8  18 
52  24  -10 
44  16  -10 
-62  -34  34 

//Reference=MNI 
//nullstudy_12
//Subjects=32
-28  -88  -4 
-12  -56  2 
-10  10  46 
10  62  10 
-38  24  -10 
-18  36  -18 
-16  -90  -40 
-6  -20  4 

//Reference=MNI 
//nullstudy_13
//Subjects=30
-12  66  -10 
-34  16  48 
-42  -18  -26 
-10  -84  -14 
-12  -18  6 
-42  -12  -38 
-38  -52  24 
-48  4  -38 

//Reference=MNI 
//nullstudy_14
//Subjects=29
-22  -66  -14 
-14  -50  -62 
-46  -68  18 
-42  -70  -26 
-48  12  26 
-10  -96  -20 
12  44  4 
-28  -58  58 

//Reference=MNI 
//nullstudy_15
//Subjects=29
-54  -34  -4 
-64  -20  10 
-20  66  16 
-26  54  -2 
-34  -14  -34 
-60  -20  0 
-4  18  28 
-24  -58  -42 

//Reference=MNI 
//nullstudy_16
//Subjects=30
-8  40  -12 
-50  20  -22 
-4  -48  -2 
-24  -94  12 
28  18  -42 
-30  16  36 
-2  -12  60 
42  6  26 

//Reference=MNI 
//nullstudy_17
//Subjects=30
18  52  18 
-22  -66  -50 
-4  -28  68 
-4  -72  50 
2  48  16 
36  6  -20 
-16  6  -34 
-36  14  34 

//Reference=MNI 
//nullstudy_18
//Subjects=34
-48  8  -24 
-42  -72  10 
-6  -42  66 
-16  -44  58 
-52  -28  26 
-12  -72  -56 
-54  16  30 
-4  54  -18 

//Reference=MNI 
//nullstudy_19
//Subjects=30
-28  -6  -46 
-44  -60  50 
-52  16  30 
24  18  54 
-56  20  4 
18  36  40 
-64  -2  -6 
36  4  -36 

//Reference=MNI 
//nullstudy_20
//Subjects=28
-16  -50  54 
-28  -64  34 
8  8  -10 
-30  28  6 
-16  52  22 
-34  -68  10 
-10  58  0 
-6  -74  44 

//Reference=MNI 
//nullstudy_21
//Subjects=31
-30  50  8 
-46  -24  52 
-56  -34  42 
-2  -96  -2 
-32  -48  -14 
-12  -58  4 
46  12  10 
-54  -32  -18 

//Reference=MNI 
//nullstudy_22
//Subjects=31
44  28  4 
-28  52  36 
16  18  52 
-6  -34  -18 
8  26  22 
-12  -22  20 
-42  -10  50 
-60  -50  -26 

//Reference=MNI 
//nullstudy_23
//Subjects=30
-6  56  28 
38  36  -8 
46  20  -28 
-2  -8  8 
26  60  -8 
-54  34  -8 
-46  34  26 
-44  -52  46 

//Reference=MNI 
//nullstudy_24
//Subjects=29
-42  58  -2 
-58  0  -34 
-24  54  10 
-30  60  2 
16  42  -24 
-60  4  -20 
-40  -58  50 
-64  -54  0 

//Reference=MNI 
//nullstudy_25
//Subjects=29
4  10  62 
42  26  -30 
-16  -18  68 
-28  -80  -10 
-30  -64  36 
58  6  4 
-48  -20  34 
-12  -70  54 

//Reference=MNI 
//nullstudy_26
//Subjects=30
-14  64  -6 
42  60  0 
-4  -34  32 
-48  36  -14 
-46  2  50 
-46  -62  -22 
-2  -66  -38 
-50  -32  54 

//Reference=MNI 
//nullstudy_27
//Subjects=31
0  30  -24 
-62  -8  28 
-22  -12  -40 
-60  -38  24 
-44  -78  30 
-44  -68  28 
38  56  8 
24  58  28 

//Reference=MNI 
//nullstudy_28
//Subjects=30
-16  52  -24 
-20  -88  -46 
-28  -46  -14 
-32  46  14 
-16  10  -32 
-22  16  -40 
-14  60  0 
-36  -28  46 

//Reference=MNI 
//nullstudy_29
//Subjects=29
-50  2  2 
-30  -70  -30 
-2  38  0 
28  22  -4 
-32  -74  -32 
0  22  66 
-16  62  -8 
12  32  28 

//Reference=MNI 
//nullstudy_30
//Subjects=30
-42  34  20 
-60  -44  34 
-16  -54  70 
-18  -6  20 
-64  -56  -12 
10  2  50 
-56  -58  42 
-8  0  76 

//Reference=MNI 
//nullstudy_31
//Subjects=29
-18  -80  42 
-10  -10  -32 
-42  10  6 
26  22  -24 
-54  -20  -12 
-28  -34  -16 
-16  12  -28 
-10  -74  56 

//Reference=MNI 
//nullstudy_32
//Subjects=31
-12  -66  0 
-36  -46  -30 
-2  -44  -24 
-18  -52  0 
24  22  48 
-50  6  -32 
12  30  50 
-14  58  -20 

//Reference=MNI 
//nullstudy_33
//Subjects=30
-42  -52  -4 
-40  -22  -34 
0  46  -18 
-48  26  32 
-12  -86  -14 
-54  -4  38 
-42  -24  40 
6  70  14 

//Reference=MNI 
//nullstudy_34
//Subjects=31
-48  -42  38 
-36  -16  66 
50  34  30 
-10  -36  34 
44  46  4 
-48  44  -16 
-38  46  -14 
-46  -2  44 

//Reference=MNI 
//nullstudy_35
//Subjects=30
-44  -28  2 
14  58  24 
-16  -44  -54 
52  44  -4 
-8  -86  -36 
-30  -4  -34 
-30  42  -16 
-30  -6  -44 

//Reference=MNI 
//nullstudy_36
//Subjects=30
-38  16  38 
-24  -22  64 
-10  -48  10 
-16  -56  -14 
-6  -4  74 
-8  -90  38 
-36  40  24 
-26  -86  -40 

//Reference=MNI 
//nullstudy_37
//Subjects=30
-16  -52  -28 
-30  10  -6 
-20  -36  22 
-54  -40  32 
-20  -62  52 
-16  -38  52 
-20  -72  46 
-20  -72  -16 

//Reference=MNI 
//nullstudy_38
//Subjects=30
-34  54  -2 
-14  -104  -8 
54  8  38 
-2  -70  -6 
30  18  64 
-56  -62  -18 
-6  8  -26 
36  42  22 

//Reference=MNI 
//nullstudy_39
//Subjects=30
16  2  68 
-52  -78  8 
32  48  -2 
-8  -88  -16 
-16  -88  20 
-8  -24  -16 
-44  -70  44 
-10  34  32 

//Reference=MNI 
//nullstudy_40
//Subjects=30
-2  -56  16 
-62  -6  -2 
-44  -20  -34 
-14  -30  -20 
-24  -64  18 
-8  64  8 
-46  10  -22 
42  2  58 

//Reference=MNI 
//nullstudy_41
//Subjects=29
-2  2  68 
-40  -22  -4 
-46  -34  -22 
-24  -10  70 
46  18  24 
-50  -72  -40 
-2  -36  -32 
-68  -28  -16 

//Reference=MNI 
//nullstudy_42
//Subjects=29
12  48  16 
8  24  68 
-46  -46  42 
54  2  2 
-58  -46  -20 
-6  -46  46 
-44  -54  -58 
10  30  46 

//Reference=MNI 
//nullstudy_43
//Subjects=29
-30  18  58 
-50  -22  48 
54  20  -10 
-32  -96  -8 
-20  -64  -54 
-42  -78  34 
-44  -30  40 
-48  -44  42 

//Reference=MNI 
//nullstudy_44
//Subjects=30
-10  -78  40 
-16  -30  64 
-4  46  42 
-2  6  -2 
40  26  -32 
-28  -50  -30 
-14  -54  18 
-60  -22  42 

//Reference=MNI 
//nullstudy_45
//Subjects=30
-10  -8  52 
-20  -68  2 
-48  24  42 
-12  28  -24 
-24  -70  48 
-60  -56  2 
-4  -2  58 
-34  -48  -60 

//Reference=MNI 
//nullstudy_46
//Subjects=31
-12  10  -20 
50  6  6 
-44  -58  -58 
-40  -30  66 
-44  14  10 
-16  -50  -32 
-38  -46  -20 
-10  -72  -10 

//Reference=MNI 
//nullstudy_47
//Subjects=32
-4  -34  -24 
-8  44  8 
-46  -72  38 
-24  -86  42 
8  60  -22 
28  18  40 
44  24  44 
-16  -52  60 

//Reference=MNI 
//nullstudy_48
//Subjects=31
-44  -54  -16 
-48  -34  12 
-8  -88  -10 
56  20  38 
-4  -92  10 
-20  -2  -10 
-32  -2  56 
32  12  6 

//Reference=MNI 
//nullstudy_49
//Subjects=30
-44  -14  -38 
-66  -36  -4 
-18  -40  8 
-52  -38  -14 
40  22  28 
-58  -44  24 
-32  14  64 
-42  -58  34 

//Reference=MNI 
//nullstudy_50
//Subjects=31
32  16  8 
-16  -18  -4 
-42  -60  -58 
-58  -18  12 
-30  -58  -54 
-10  -74  56 
12  22  -6 
-28  -60  -6 

//Reference=MNI 
//nullstudy_51
//Subjects=30
-14  -60  -22 
-14  -8  -42 
-14  -78  20 
-28  34  -12 
-18  -36  10 
-34  -48  68 
-6  -50  -56 
-42  46  -6 

//Reference=MNI 
//nullstudy_52
//Subjects=31
-44  -24  22 
-8  -72  62 
-38  -54  42 
-16  24  54 
-20  18  40 
-46  0  -18 
-46  12  34 
-28  18  -42 

//Reference=MNI 
//nullstudy_53
//Subjects=29
-38  -26  0 
-16  56  -22 
-16  -94  -2 
-48  4  -6 
30  50  12 
-46  -58  -30 
20  22  -28 
-20  64  22 

//Reference=MNI 
//nullstudy_54
//Subjects=31
14  2  14 
-46  14  -28 
-6  0  -14 
-44  -10  6 
-34  -12  62 
-10  -74  -30 
32  18  -14 
-50  -34  -22 

//Reference=MNI 
//nullstudy_55
//Subjects=29
-42  -48  -42 
-36  -6  -40 
-12  -52  14 
-40  -74  8 
-36  48  -10 
26  6  44 
-62  -18  -32 
28  30  6 

//Reference=MNI 
//nullstudy_56
//Subjects=30
-56  -62  0 
-8  -46  -36 
-2  -26  58 
-22  -72  18 
-44  32  12 
-54  -2  50 
-18  -92  -6 
-52  -10  -36 

//Reference=MNI 
//nullstudy_57
//Subjects=29
46  4  -32 
-68  -22  14 
-36  -50  38 
-56  -32  38 
16  2  66 
-52  0  -6 
-26  22  56 
-4  -34  44 

//Reference=MNI 
//nullstudy_58
//Subjects=28
-26  28  -22 
2  32  -30 
-48  12  48 
-38  -78  28 
-58  -70  6 
-22  -36  -8 
-8  -82  14 
22  60  16 

//Reference=MNI 
//nullstudy_59
//Subjects=31
-2  -28  -46 
-56  32  2 
-38  -60  32 
-6  -66  28 
-34  -10  -26 
-32  -78  -22 
-44  -48  12 
2  10  -14 

//Reference=MNI 
//nullstudy_60
//Subjects=30
-2  -54  -42 
34  20  32 
-18  -76  -18 
-12  0  -18 
-34  -68  48 
-38  -22  36 
-50  -12  -34 
-28  -48  -36 

//Reference=MNI 
//nullstudy_61
//Subjects=28
-14  -4  26 
-54  0  14 
-6  -18  46 
-36  8  -22 
-68  -34  -12 
-2  34  48 
18  30  -16 
-6  6  52 

//Reference=MNI 
//nullstudy_62
//Subjects=30
-54  38  0 
-32  -28  58 
-34  -12  50 
-48  -14  4 
-24  -78  -20 
-4  -28  -34 
-18  -84  44 
-8  -12  38 

//Reference=MNI 
//nullstudy_63
//Subjects=29
-6  22  68 
20  44  44 
32  10  -22 
46  26  -10 
-14  -102  -16 
-2  60  38 
-30  -4  -6 
-46  36  -10 

//Reference=MNI 
//nullstudy_64
//Subjects=29
-12  -24  -40 
-56  -28  46 
24  4  0 
28  20  -16 
-4  -48  2 
-28  -4  60 
-4  -58  46 
-34  -30  46 

//Reference=MNI 
//nullstudy_65
//Subjects=30
-2  -20  48 
-62  -58  10 
58  32  6 
-10  38  12 
-22  -50  -16 
-4  -44  42 
-6  34  24 
-36  16  -10 

//Reference=MNI 
//nullstudy_66
//Subjects=29
-12  -78  52 
-6  -58  32 
-24  6  -42 
48  6  -10 
-38  -76  -4 
20  64  16 
-46  16  22 
-42  -26  18 

//Reference=MNI 
//nullstudy_67
//Subjects=30
26  16  -44 
12  2  -12 
-10  -34  0 
-16  -66  30 
-16  48  -14 
-10  -26  68 
-24  8  -26 
-8  -80  -20 

//Reference=MNI 
//nullstudy_68
//Subjects=29
-46  14  30 
-24  -96  -18 
-30  38  46 
-22  20  50 
30  28  30 
-14  -54  -14 
-28  40  -14 
-24  -54  -20 

//Reference=MNI 
//nullstudy_69
//Subjects=29
-32  -40  -24 
-18  32  52 
-28  -70  6 
-8  -80  36 
-4  22  -30 
-48  -28  -6 
-2  20  36 
-16  -64  40 

//Reference=MNI 
//nullstudy_70
//Subjects=30
-6  32  0 
0  26  -18 
14  58  6 
-66  -2  16 
-20  -24  60 
-2  -46  -68 
-62  -40  6 
32  2  -36 

//Reference=MNI 
//nullstudy_71
//Subjects=29
48  10  6 
-68  -20  4 
-32  -38  -34 
-16  34  44 
-44  -58  2 
-54  30  20 
48  14  28 
26  14  -18 

//Reference=MNI 
//nullstudy_72
//Subjects=28
-26  -84  38 
28  12  -18 
-40  -8  -18 
30  38  -18 
-34  -90  6 
-68  -50  4 
46  16  30 
-14  -32  -10 

//Reference=MNI 
//nullstudy_73
//Subjects=29
-50  -48  32 
-62  -14  -10 
-2  10  -18 
42  12  22 
-34  -50  56 
-22  -44  -60 
-24  -8  -36 
-30  -100  4 

//Reference=MNI 
//nullstudy_74
//Subjects=29
-56  -58  32 
-36  18  -20 
-38  -8  6 
-50  -2  50 
-56  -54  -2 
-36  -66  0 
-34  -62  -48 
-46  -72  4 

//Reference=MNI 
//nullstudy_75
//Subjects=29
-34  -92  -8 
-64  -36  26 
-26  -74  -4 
-22  58  -16 
-28  -82  4 
-70  -38  10 
-16  0  66 
-14  -34  68 

//Reference=MNI 
//nullstudy_76
//Subjects=29
-6  -8  50 
54  10  -30 
26  16  6 
-10  -54  72 
-16  -42  -46 
-14  -62  32 
-30  42  14 
48  2  -6 

//Reference=MNI 
//nullstudy_77
//Subjects=31
-16  -82  -50 
-50  32  26 
-20  -38  -36 
0  12  24 
-30  -28  46 
-20  2  -16 
-34  -34  -8 
-28  -60  -62 

//Reference=MNI 
//nullstudy_78
//Subjects=29
34  44  -2 
58  30  20 
4  30  34 
-42  -64  -32 
-50  42  -6 
18  30  46 
30  18  62 
-14  -46  32 

//Reference=MNI 
//nullstudy_79
//Subjects=30
-20  -96  0 
-10  -6  -34 
-36  56  0 
-42  12  14 
-20  -54  62 
-22  64  -10 
-14  -8  20 
-40  20  -6 

//Reference=MNI 
//nullstudy_80
//Subjects=30
-18  -88  -38 
-52  -50  -30 
-64  -28  -26 
0  58  -12 
-2  -72  -6 
-12  0  -24 
-26  -100  -12 
-48  12  -34 

//Reference=MNI 
//nullstudy_81
//Subjects=31
-2  4  36 
-12  -20  -34 
2  12  6 
-8  8  36 
46  36  10 
30  46  16 
-8  -18  46 
-20  -50  62 

//Reference=MNI 
//nullstudy_82
//Subjects=30
34  16  -16 
-34  -72  2 
0  18  -4 
-12  -6  -32 
36  6  -32 
-44  -10  -16 
-12  -104  -2 
-54  -28  14 

//Reference=MNI 
//nullstudy_83
//Subjects=30
-4  -36  -60 
-4  8  32 
18  24  46 
-36  -42  -28 
-46  -56  -16 
-2  -78  4 
-16  -74  38 
-50  -56  -34 

//Reference=MNI 
//nullstudy_84
//Subjects=31
32  20  26 
-4  -90  14 
-46  4  -22 
-46  -68  -12 
-22  -50  -44 
-18  -12  -16 
-38  40  -4 
-4  -18  76 

//Reference=MNI 
//nullstudy_85
//Subjects=31
-18  -22  74 
38  30  36 
-22  -70  -30 
-36  -62  40 
12  56  18 
-12  -88  -30 
-14  22  -12 
-28  -58  56 

//Reference=MNI 
//nullstudy_86
//Subjects=30
-60  -34  6 
-68  -20  14 
-44  -14  8 
26  62  -16 
-48  24  22 
-34  -72  52 
42  18  -18 
22  48  16 

//Reference=MNI 
//nullstudy_87
//Subjects=31
-34  -12  48 
-4  -12  32 
-14  8  -12 
-44  -8  -44 
-32  16  36 
-52  -54  30 
6  40  -6 
-6  -58  -24 

//Reference=MNI 
//nullstudy_88
//Subjects=31
-22  26  -16 
30  34  -20 
-38  -32  24 
8  30  54 
-40  14  54 
-38  0  -46 
-2  40  34 
-54  -36  44 

//Reference=MNI 
//nullstudy_89
//Subjects=31
-32  58  12 
-66  -10  -10 
30  28  6 
-46  -72  18 
-36  -58  62 
-18  70  6 
-4  -4  -4 
-10  52  -12 

//Reference=MNI 
//nullstudy_90
//Subjects=29
-64  -42  22 
-32  18  0 
-40  -50  -6 
-32  -30  24 
-44  42  4 
-38  -56  42 
-12  -64  -50 
-26  48  14 

//Reference=MNI 
//nullstudy_91
//Subjects=30
-36  -14  54 
-10  -24  -16 
6  18  58 
-62  -34  44 
-6  -52  4 
38  6  -42 
-4  -4  14 
-22  -42  74 

//Reference=MNI 
//nullstudy_92
//Subjects=31
-50  -12  -18 
-16  -44  -28 
-56  -52  -38 
20  48  42 
-16  64  12 
-10  24  -28 
-6  28  -20 
-8  32  -16 

//Reference=MNI 
//nullstudy_93
//Subjects=29
-26  -12  -12 
-40  -52  -56 
28  8  60 
-18  -98  6 
-32  -70  -10 
-66  -50  -2 
-24  -68  -16 
-38  -62  -28 

//Reference=MNI 
//nullstudy_94
//Subjects=30
6  34  58 
-56  -16  44 
8  40  18 
-8  -34  62 
-14  -72  -6 
38  18  54 
-24  36  32 
18  60  12 

//Reference=MNI 
//nullstudy_95
//Subjects=33
-32  28  -12 
-26  -54  64 
-34  -18  -2 
-28  12  -8 
-20  70  6 
-10  66  -14 
-64  -30  -16 
58  2  -36 

//Reference=MNI 
//nullstudy_96
//Subjects=29
-36  20  4 
64  4  26 
-42  20  -6 
-38  -60  48 
-12  70  -4 
-52  -20  -38 
12  52  -2 
-16  24  -16 

//Reference=MNI 
//nullstudy_97
//Subjects=30
-8  4  -12 
-2  -24  -48 
-36  -20  56 
-8  -72  2 
-8  24  56 
-6  -18  72 
-22  -72  -56 
44  18  -8 

//Reference=MNI 
//nullstudy_98
//Subjects=30
20  64  26 
-38  -20  -24 
-68  -34  10 
-24  -76  -50 
-12  50  4 
-46  -58  -16 
-14  -44  -50 
24  46  38 

//Reference=MNI 
//nullstudy_99
//Subjects=31
38  48  -20 
-18  -62  -30 
-34  -26  60 
22  58  6 
-28  28  -26 
-36  -30  -24 
-18  -20  68 
-42  56  -8 

//Reference=MNI 
//nullstudy_100
//Subjects=32
-24  -62  -64 
-48  40  -12 
50  20  16 
4  18  58 
6  12  -26 
28  62  0 
42  18  44 
-30  -14  52 

