//Reference=MNI 
//truestudy_1
//Subjects=9
46  -65  -7 
47  -66  -5 
47  -66  -5 
46  -66  -6 
46  -66  -7 
46  -67  -5 
45  -67  -5 
47  -66  -6 

//Reference=MNI 
//truestudy_2
//Subjects=10
45  -66  -5 
45  -67  -5 
48  -67  -8 
48  -66  -5 
45  -65  -7 
47  -66  -6 
45  -67  -7 
45  -66  -5 

//Reference=MNI 
//truestudy_3
//Subjects=10
47  -66  -6 
46  -66  -6 
47  -66  -7 
46  -67  -7 
47  -66  -7 
45  -65  -7 
47  -67  -5 
45  -65  -5 

//Reference=MNI 
//nullstudy_1
//Subjects=9
28  10  4 
44  16  52 
-32  -64  28 
-44  -76  18 
-34  -68  22 
-54  -18  8 
-50  -62  -28 
26  56  34 

//Reference=MNI 
//nullstudy_2
//Subjects=10
-58  -8  -14 
-16  -86  -10 
-10  -36  54 
-42  -48  50 
20  66  -12 
-46  -70  30 
26  40  -18 
-36  -50  -44 

//Reference=MNI 
//nullstudy_3
//Subjects=10
6  28  44 
62  2  8 
8  44  24 
-18  -80  4 
-8  -74  52 
-22  22  -18 
-12  -52  50 
42  6  -30 

//Reference=MNI 
//nullstudy_4
//Subjects=12
-12  58  -8 
2  24  -6 
-50  -52  56 
30  26  -28 
14  4  20 
-36  -48  -20 
-10  -16  -14 
-22  20  36 

//Reference=MNI 
//nullstudy_5
//Subjects=10
-24  -92  14 
24  64  -16 
-24  46  28 
18  62  8 
-60  -8  -34 
-10  48  44 
-6  -26  -8 
-20  -30  -20 

//Reference=MNI 
//nullstudy_6
//Subjects=9
-46  -72  28 
-6  -20  28 
44  10  36 
-26  16  10 
-18  26  38 
-18  -56  -44 
-28  -2  -42 
-52  -12  8 

//Reference=MNI 
//nullstudy_7
//Subjects=9
-28  -10  -4 
-30  -98  -14 
-44  -8  8 
-42  -56  26 
-28  32  48 
-10  -72  0 
26  64  4 
58  26  4 

//Reference=MNI 
//nullstudy_8
//Subjects=9
12  68  24 
-22  -84  28 
-42  -66  34 
26  8  58 
-24  -78  -12 
-28  -48  -24 
6  20  -16 
-50  16  36 

//Reference=MNI 
//nullstudy_9
//Subjects=10
52  40  12 
-42  14  -2 
-56  -40  6 
6  32  2 
-2  32  44 
-34  -38  -10 
-58  -16  -16 
-14  12  -2 

//Reference=MNI 
//nullstudy_10
//Subjects=8
-42  56  6 
-8  -34  78 
-16  40  -22 
-64  -32  -26 
48  42  20 
-12  -62  20 
-32  -80  0 
-40  32  8 

//Reference=MNI 
//nullstudy_11
//Subjects=10
-38  -70  -50 
-42  -76  -22 
-22  -22  -22 
-54  6  46 
14  54  16 
-40  -20  -28 
-2  -22  -26 
-44  -6  16 

//Reference=MNI 
//nullstudy_12
//Subjects=10
4  38  -16 
-12  68  6 
-38  -30  58 
-36  -18  18 
-16  -26  36 
-28  -46  -38 
-18  -2  64 
-58  -16  -30 

//Reference=MNI 
//nullstudy_13
//Subjects=11
54  2  4 
-50  10  -38 
-8  -44  54 
-62  -8  0 
-22  50  16 
34  4  44 
-16  52  42 
-38  -84  -36 

//Reference=MNI 
//nullstudy_14
//Subjects=12
-16  -58  -26 
8  20  -10 
-36  -66  -8 
20  34  52 
-10  -54  66 
-60  -32  -6 
-2  26  -24 
-18  -88  24 

//Reference=MNI 
//nullstudy_15
//Subjects=10
-12  -64  16 
-32  -10  0 
24  48  12 
-38  0  -24 
-6  -4  62 
-2  36  -10 
-38  -60  2 
16  50  -22 

//Reference=MNI 
//nullstudy_16
//Subjects=11
-16  -60  36 
54  12  10 
-44  22  38 
-26  48  -14 
-6  -54  50 
-50  34  0 
-64  -12  -24 
-6  14  38 

//Reference=MNI 
//nullstudy_17
//Subjects=9
-28  -4  -24 
-46  -46  -38 
-2  44  -8 
-30  -84  -14 
-26  48  32 
-14  -58  -22 
-48  -24  -8 
-54  -50  14 

//Reference=MNI 
//nullstudy_18
//Subjects=12
14  48  0 
20  30  38 
-2  14  42 
-46  8  52 
-26  64  -8 
-16  -92  -22 
-34  -76  -36 
-38  6  46 

//Reference=MNI 
//nullstudy_19
//Subjects=8
-2  -56  22 
-2  -36  24 
-44  -58  54 
-38  44  8 
6  14  8 
-56  -50  10 
-4  30  38 
10  58  -8 

//Reference=MNI 
//nullstudy_20
//Subjects=10
50  24  -10 
-52  -52  -32 
-42  22  -8 
6  16  8 
-12  -80  -28 
8  16  36 
-14  58  22 
-38  -24  14 

//Reference=MNI 
//nullstudy_21
//Subjects=10
22  64  20 
-52  14  -24 
-58  -20  32 
-64  -30  6 
-34  -22  48 
16  10  12 
-4  -34  68 
-46  0  -30 

//Reference=MNI 
//nullstudy_22
//Subjects=12
-2  -18  46 
-26  14  -46 
24  12  -12 
-22  -70  58 
-54  -12  38 
-54  32  -8 
14  6  40 
40  2  30 

//Reference=MNI 
//nullstudy_23
//Subjects=9
-14  -86  -32 
-40  -74  12 
22  16  -2 
30  24  2 
-46  -16  -30 
18  60  -6 
-20  -60  -18 
32  26  -12 

//Reference=MNI 
//nullstudy_24
//Subjects=11
-6  46  -18 
-16  -42  6 
58  6  28 
-48  8  -36 
-48  -58  -26 
18  16  58 
-20  40  26 
-12  12  42 

//Reference=MNI 
//nullstudy_25
//Subjects=10
32  46  14 
-8  -40  60 
-58  -50  -4 
42  24  0 
-8  -66  38 
26  2  -36 
10  16  66 
6  14  64 

//Reference=MNI 
//nullstudy_26
//Subjects=11
-46  -12  16 
62  12  16 
-6  -78  50 
-28  48  0 
28  68  6 
-28  -56  -20 
-30  -74  32 
0  52  -18 

//Reference=MNI 
//nullstudy_27
//Subjects=10
-48  -46  -40 
-38  36  -10 
-18  -88  30 
34  56  -16 
16  14  14 
0  10  0 
4  12  58 
-24  -60  -46 

//Reference=MNI 
//nullstudy_28
//Subjects=9
-44  -72  -32 
-6  44  14 
-40  -76  4 
-52  38  -10 
-56  -52  16 
-22  26  38 
-64  -12  30 
10  60  30 

//Reference=MNI 
//nullstudy_29
//Subjects=10
-26  -46  -4 
-42  42  -4 
-34  -74  32 
-60  -22  42 
48  30  -4 
-40  -36  54 
-42  -82  26 
-22  -66  -10 

//Reference=MNI 
//nullstudy_30
//Subjects=10
10  46  28 
-24  8  -22 
8  38  46 
-12  8  34 
16  56  30 
48  2  -26 
-30  58  2 
-10  46  38 

//Reference=MNI 
//nullstudy_31
//Subjects=8
-8  -10  -22 
20  28  38 
-20  -70  42 
-4  -32  -6 
-12  -58  -10 
-42  -42  -34 
-12  -86  28 
-42  -6  10 

//Reference=MNI 
//nullstudy_32
//Subjects=9
-46  14  26 
-46  12  22 
-58  -40  -4 
-6  -68  64 
6  50  34 
-46  -60  16 
36  10  48 
-36  -88  -30 

//Reference=MNI 
//nullstudy_33
//Subjects=10
-20  -38  54 
-2  0  -6 
-38  6  -12 
2  16  -24 
-2  56  8 
34  22  28 
-36  6  44 
-16  -48  36 

//Reference=MNI 
//nullstudy_34
//Subjects=10
-18  32  -22 
8  18  54 
12  30  20 
44  24  30 
-34  4  10 
-6  -24  78 
-38  -78  -6 
56  2  -36 

//Reference=MNI 
//nullstudy_35
//Subjects=11
-20  52  -18 
16  4  0 
-12  -76  -12 
-40  36  18 
-28  -30  66 
-42  -84  -26 
-32  -80  2 
14  18  42 

//Reference=MNI 
//nullstudy_36
//Subjects=10
-20  -34  72 
-46  -48  -2 
-40  -6  38 
-24  12  -30 
16  42  -22 
0  58  16 
-50  -60  42 
-50  46  -10 

//Reference=MNI 
//nullstudy_37
//Subjects=10
-28  30  24 
28  64  18 
-4  -38  -44 
-68  -22  6 
-16  -74  -20 
16  46  -20 
-10  -84  -20 
-52  2  0 

//Reference=MNI 
//nullstudy_38
//Subjects=10
-12  -6  72 
34  50  30 
-30  10  10 
34  46  34 
-14  42  -28 
32  40  6 
18  14  58 
-32  36  12 

//Reference=MNI 
//nullstudy_39
//Subjects=9
-20  -74  -36 
34  2  38 
-42  30  -14 
-40  -32  6 
-26  54  26 
-50  -22  -36 
-32  -62  -48 
6  8  72 

//Reference=MNI 
//nullstudy_40
//Subjects=9
-4  -38  -52 
-24  16  -16 
10  54  0 
-60  -30  50 
-24  -2  66 
26  60  22 
8  54  10 
-26  12  -40 

//Reference=MNI 
//nullstudy_41
//Subjects=9
-20  24  -28 
8  8  34 
-32  -42  2 
6  6  28 
-38  -50  38 
26  34  -16 
-64  -36  36 
-44  20  38 

//Reference=MNI 
//nullstudy_42
//Subjects=10
6  24  52 
-42  18  44 
-30  -90  10 
22  4  -6 
-48  -24  46 
36  48  -2 
-2  -12  44 
-12  -72  -6 

//Reference=MNI 
//nullstudy_43
//Subjects=11
-20  -64  10 
-18  -38  -4 
-60  -52  -12 
-14  2  18 
-38  -84  18 
-22  -48  -60 
-24  -54  -16 
-30  -82  -32 

//Reference=MNI 
//nullstudy_44
//Subjects=8
-48  -6  34 
-6  -64  -54 
18  48  32 
4  52  34 
24  58  30 
-22  52  16 
16  68  -14 
-48  32  -6 

//Reference=MNI 
//nullstudy_45
//Subjects=11
-12  -80  -46 
14  24  6 
-60  -26  22 
-16  38  -22 
-62  -30  -26 
-10  -66  36 
-28  -2  2 
42  2  10 

//Reference=MNI 
//nullstudy_46
//Subjects=10
-30  -80  -40 
-34  -30  54 
-6  -94  -2 
-56  14  22 
-22  54  12 
-48  6  26 
-30  46  0 
12  6  8 

//Reference=MNI 
//nullstudy_47
//Subjects=9
-2  64  20 
-10  -62  -54 
-6  -48  36 
8  36  20 
22  8  54 
-2  -2  34 
26  32  -16 
-2  50  12 

//Reference=MNI 
//nullstudy_48
//Subjects=10
-40  42  8 
-22  30  58 
-50  -36  12 
-12  38  -8 
12  12  20 
-4  -82  46 
-50  -14  8 
-26  44  28 

//Reference=MNI 
//nullstudy_49
//Subjects=9
34  32  46 
-50  6  8 
-36  36  34 
-8  -44  26 
24  10  -6 
30  4  -32 
48  38  -16 
-18  -54  4 

//Reference=MNI 
//nullstudy_50
//Subjects=11
-54  14  2 
-36  -50  22 
42  18  56 
-10  -68  -48 
-2  30  8 
-24  -18  62 
-56  -10  16 
-56  -44  -4 

//Reference=MNI 
//nullstudy_51
//Subjects=10
-50  -26  24 
48  10  -28 
58  14  6 
-2  -4  -6 
-12  20  -16 
-34  -80  34 
-34  14  6 
-30  -60  -58 

//Reference=MNI 
//nullstudy_52
//Subjects=11
-40  -56  20 
-18  -32  -18 
-42  4  6 
16  46  34 
-12  -28  50 
-18  -50  -22 
30  64  8 
12  30  62 

//Reference=MNI 
//nullstudy_53
//Subjects=9
38  16  46 
-38  -32  -32 
-28  -46  40 
-44  12  -18 
36  36  -12 
-50  -54  34 
-60  0  -10 
-28  -32  64 

//Reference=MNI 
//nullstudy_54
//Subjects=11
56  10  -26 
14  48  -26 
32  16  34 
0  4  74 
-26  -60  -44 
28  12  46 
-10  -64  -10 
6  40  26 

//Reference=MNI 
//nullstudy_55
//Subjects=10
-4  56  18 
-28  -82  -44 
-24  16  -42 
-26  -34  -16 
-18  -48  -14 
-8  -84  -20 
-18  26  38 
20  52  32 

//Reference=MNI 
//nullstudy_56
//Subjects=11
16  26  50 
36  24  -32 
-14  -78  54 
-30  -28  68 
-52  24  -2 
-14  -34  -46 
-44  -42  -24 
-60  -22  -18 

//Reference=MNI 
//nullstudy_57
//Subjects=9
-40  -8  58 
-34  -58  -26 
-18  4  -2 
-2  -24  34 
-20  -6  -24 
-24  -44  -12 
-20  -46  -40 
-24  -34  -20 

//Reference=MNI 
//nullstudy_58
//Subjects=9
-64  -6  18 
-32  24  54 
-32  -50  -24 
-14  -20  70 
30  18  60 
-14  -84  -36 
-28  -10  66 
10  60  16 

//Reference=MNI 
//nullstudy_59
//Subjects=10
-46  -42  26 
-8  -16  40 
-14  42  0 
-46  -26  8 
-46  50  0 
16  58  26 
-38  0  -38 
-44  -52  16 

//Reference=MNI 
//nullstudy_60
//Subjects=10
-36  -38  -6 
-42  -32  -22 
-64  -8  8 
-6  -96  30 
-4  -42  46 
-42  16  54 
-10  -24  72 
36  4  -42 

//Reference=MNI 
//nullstudy_61
//Subjects=9
-28  -46  -18 
-44  30  -2 
50  36  26 
16  56  4 
-38  44  -6 
0  14  -14 
-16  -14  -16 
-56  -12  6 

//Reference=MNI 
//nullstudy_62
//Subjects=10
-34  48  34 
-36  -64  38 
-6  8  74 
8  36  22 
-16  -72  -16 
-2  -34  -16 
-62  -18  12 
2  26  -30 

//Reference=MNI 
//nullstudy_63
//Subjects=10
-50  -22  -24 
-30  -88  -14 
-36  20  -16 
-20  -44  76 
-54  -58  -34 
-14  -52  36 
-10  32  62 
-8  12  12 

//Reference=MNI 
//nullstudy_64
//Subjects=11
-4  -90  20 
-8  -26  72 
-12  -44  -26 
-12  28  2 
-10  -64  26 
-30  -88  -22 
-8  42  46 
0  50  -14 

//Reference=MNI 
//nullstudy_65
//Subjects=8
-58  -40  18 
-16  -66  -48 
-2  -6  36 
-36  -54  -22 
24  2  -6 
-42  16  16 
-22  18  -14 
2  2  -14 

//Reference=MNI 
//nullstudy_66
//Subjects=10
-28  22  52 
-34  -72  -8 
-2  -30  -30 
-50  46  0 
-14  -66  42 
-44  -68  -8 
48  12  28 
8  12  52 

//Reference=MNI 
//nullstudy_67
//Subjects=9
-66  -8  28 
6  18  40 
10  54  -6 
-38  14  44 
-44  -50  38 
-2  -26  56 
-20  62  12 
-16  -78  40 

//Reference=MNI 
//nullstudy_68
//Subjects=11
-26  8  -6 
-20  -60  20 
52  10  -30 
-34  -26  -24 
20  12  0 
-2  -50  34 
40  28  -20 
-54  8  2 

//Reference=MNI 
//nullstudy_69
//Subjects=9
22  32  30 
16  12  -22 
-6  -92  34 
-8  18  14 
-50  4  -14 
-14  -32  -16 
-30  46  22 
-52  -2  26 

//Reference=MNI 
//nullstudy_70
//Subjects=10
-54  -44  4 
-28  -76  26 
-4  -32  52 
24  56  34 
-44  -64  24 
-50  6  10 
-10  -76  50 
-20  56  8 

//Reference=MNI 
//nullstudy_71
//Subjects=10
-68  -28  8 
44  22  -12 
-18  -52  -40 
-6  42  44 
-44  -76  24 
-62  -34  26 
40  34  14 
-20  26  44 

//Reference=MNI 
//nullstudy_72
//Subjects=10
-10  -52  -10 
-40  -82  -8 
-2  -72  -34 
-40  -8  -30 
-40  -86  18 
-26  -60  -24 
-44  -38  -18 
-10  -62  -30 

//Reference=MNI 
//nullstudy_73
//Subjects=10
-10  -16  -28 
-20  58  34 
6  10  54 
-38  -46  40 
10  40  -28 
-34  -58  28 
-28  -44  -18 
-36  60  12 

//Reference=MNI 
//nullstudy_74
//Subjects=8
-4  -12  32 
-48  -4  26 
-58  -28  -26 
-4  -40  6 
-32  -42  -14 
-36  -86  -28 
-40  38  38 
-34  -12  -48 

//Reference=MNI 
//nullstudy_75
//Subjects=8
-18  -62  -48 
-20  -32  22 
-8  8  12 
-4  -16  58 
-50  -72  -6 
-16  -8  66 
-20  -72  10 
32  20  -32 

//Reference=MNI 
//nullstudy_76
//Subjects=10
22  8  56 
-60  8  4 
-2  -66  -20 
16  4  74 
-8  -14  74 
-40  16  2 
-4  -72  -52 
-12  -52  44 

//Reference=MNI 
//nullstudy_77
//Subjects=10
-14  32  50 
-16  -88  4 
-6  -100  -12 
-52  -26  20 
-10  -58  -20 
-54  -28  50 
-4  14  36 
26  60  -16 

//Reference=MNI 
//nullstudy_78
//Subjects=9
-20  -38  66 
-32  34  16 
-50  18  -20 
-20  -42  -4 
-44  -66  14 
-10  50  50 
-42  -72  36 
28  48  10 

//Reference=MNI 
//nullstudy_79
//Subjects=9
-22  -12  68 
2  50  -18 
-42  -32  14 
-50  -36  -30 
-22  58  -2 
-24  10  66 
56  26  18 
14  48  -20 

//Reference=MNI 
//nullstudy_80
//Subjects=11
-36  18  -20 
6  54  16 
-6  -42  -12 
-12  -62  -40 
-48  -26  18 
-46  -64  -52 
-34  -14  62 
-18  48  42 

//Reference=MNI 
//nullstudy_81
//Subjects=7
-16  -56  62 
-32  -20  48 
4  48  8 
-4  -2  0 
-20  -74  56 
-10  14  56 
-14  -64  -50 
-62  -36  16 

//Reference=MNI 
//nullstudy_82
//Subjects=9
24  42  22 
-24  -40  -46 
-8  40  20 
-32  -30  -12 
-22  -44  2 
-4  -84  44 
-22  -92  24 
-28  -78  -26 

//Reference=MNI 
//nullstudy_83
//Subjects=9
38  18  -16 
-50  -14  12 
-34  -8  2 
-60  -56  26 
-52  -10  14 
-2  52  -28 
-32  -18  -36 
-16  -36  10 

//Reference=MNI 
//nullstudy_84
//Subjects=8
16  68  12 
-58  -32  2 
8  4  62 
-10  -28  -30 
-62  -22  -16 
-10  6  70 
52  22  26 
-28  -82  2 

//Reference=MNI 
//nullstudy_85
//Subjects=9
12  48  -14 
30  40  32 
-32  6  -6 
-52  -44  -12 
-58  6  0 
-32  48  38 
56  6  -14 
-30  -24  64 

//Reference=MNI 
//nullstudy_86
//Subjects=9
26  32  -14 
-8  70  4 
14  64  8 
-40  -78  22 
-12  8  -4 
-52  28  30 
-14  6  -10 
-12  -54  -60 

//Reference=MNI 
//nullstudy_87
//Subjects=9
24  44  16 
-56  12  20 
-18  -62  -18 
48  2  -46 
22  36  26 
10  18  -6 
-30  32  30 
26  42  -22 

//Reference=MNI 
//nullstudy_88
//Subjects=9
-2  36  0 
-24  -64  10 
-14  -14  4 
-8  -48  42 
-8  20  34 
-44  -22  58 
6  54  24 
-46  -36  26 

//Reference=MNI 
//nullstudy_89
//Subjects=11
-16  52  38 
32  18  34 
-54  -54  38 
-52  -8  18 
-8  -60  -60 
-2  -68  20 
-16  -68  22 
-46  -66  38 

//Reference=MNI 
//nullstudy_90
//Subjects=10
-52  4  22 
-24  66  10 
-30  4  -12 
-8  -68  50 
-34  -54  -56 
34  40  -18 
14  68  2 
-22  56  16 

//Reference=MNI 
//nullstudy_91
//Subjects=9
-62  6  16 
-20  12  52 
-56  -50  6 
-56  -20  22 
-8  20  4 
44  12  -20 
-22  -4  -28 
-56  -66  30 

//Reference=MNI 
//nullstudy_92
//Subjects=9
-2  20  18 
2  56  0 
-56  -66  -20 
4  40  58 
-42  6  44 
-38  -24  -16 
-50  -52  -32 
-38  -42  44 

//Reference=MNI 
//nullstudy_93
//Subjects=10
-60  -8  -34 
-16  48  28 
-42  -24  38 
12  58  24 
-48  -4  14 
-16  -84  -28 
-44  8  2 
-6  -20  28 

//Reference=MNI 
//nullstudy_94
//Subjects=11
46  18  -4 
18  24  48 
-2  -30  80 
30  2  -32 
-2  -26  76 
-14  2  -8 
-30  46  -18 
-24  -80  -48 

//Reference=MNI 
//nullstudy_95
//Subjects=11
-52  32  -8 
34  18  -6 
-14  -10  24 
-36  4  -24 
-8  0  52 
-12  30  30 
-16  16  16 
-54  -50  -38 

//Reference=MNI 
//nullstudy_96
//Subjects=11
-38  -2  46 
-42  -44  -28 
-30  -74  -56 
24  4  56 
-34  4  -32 
-28  -30  54 
-34  -52  -42 
-22  46  -8 

//Reference=MNI 
//nullstudy_97
//Subjects=8
26  18  -44 
-24  -88  -10 
-14  14  16 
-40  -58  -28 
-6  8  52 
-24  56  -14 
-20  -12  -12 
-50  34  -4 

//Reference=MNI 
//nullstudy_98
//Subjects=8
-30  -88  2 
-8  20  42 
-32  2  46 
-26  -84  -26 
-20  -6  62 
-36  46  20 
-38  -52  40 
-36  -8  -16 

//Reference=MNI 
//nullstudy_99
//Subjects=12
-4  -12  8 
12  60  -22 
-18  -68  14 
26  4  -32 
-36  44  2 
18  8  0 
-46  18  -34 
-46  -42  6 

//Reference=MNI 
//nullstudy_100
//Subjects=9
-32  -66  -50 
-24  -50  42 
-4  48  -24 
-62  -4  -12 
-2  -52  28 
-48  -52  34 
-22  -36  12 
-24  58  6 

