//Reference=MNI 
//truestudy_1
//Subjects=30
46  -65  -7 
45  -67  -4 
48  -67  -6 
47  -65  -6 
47  -66  -6 
45  -66  -7 
47  -65  -7 
46  -66  -6 

//Reference=MNI 
//truestudy_2
//Subjects=30
46  -66  -4 
46  -66  -7 
46  -67  -6 
47  -66  -6 
47  -65  -6 
46  -65  -4 
47  -66  -4 
46  -66  -6 

//Reference=MNI 
//truestudy_3
//Subjects=28
47  -66  -5 
45  -67  -7 
47  -66  -7 
44  -65  -6 
45  -65  -7 
45  -68  -5 
47  -65  -6 
48  -64  -6 

//Reference=MNI 
//nullstudy_1
//Subjects=30
60  10  8 
-2  -18  -28 
-46  10  52 
-24  0  48 
34  4  66 
-28  -24  -18 
12  40  36 
-22  -60  -2 

//Reference=MNI 
//nullstudy_2
//Subjects=30
-40  14  -18 
64  2  -2 
8  42  6 
-40  44  30 
-6  14  52 
-14  -54  18 
-16  26  60 
-36  34  24 

//Reference=MNI 
//nullstudy_3
//Subjects=28
52  30  30 
-16  -62  -48 
-48  -22  34 
-42  -44  -54 
48  20  -20 
-52  2  -28 
-34  22  44 
44  10  58 

//Reference=MNI 
//nullstudy_4
//Subjects=30
-40  56  -14 
-14  -40  -10 
4  4  -12 
-22  14  66 
-10  4  -36 
32  54  22 
-50  -34  34 
-12  -62  -4 

//Reference=MNI 
//nullstudy_5
//Subjects=30
-44  -54  32 
-66  -34  -2 
-48  -14  40 
-14  22  -30 
-46  -18  -6 
-14  -74  56 
-6  6  74 
-44  -38  -16 

//Reference=MNI 
//nullstudy_6
//Subjects=30
-34  22  10 
-16  28  56 
-22  14  50 
-30  10  44 
-34  -22  -26 
-10  -96  16 
16  72  2 
-30  6  -44 

//Reference=MNI 
//nullstudy_7
//Subjects=30
-6  -82  -46 
14  20  -30 
-12  -78  -28 
-32  -44  68 
-60  -8  40 
44  22  -4 
-42  0  22 
-54  -60  -34 

//Reference=MNI 
//nullstudy_8
//Subjects=28
-46  10  -6 
-14  24  -14 
-24  -44  -52 
46  32  36 
-26  -78  -8 
26  8  52 
-10  16  -8 
-34  -74  -26 

//Reference=MNI 
//nullstudy_9
//Subjects=29
-54  -62  -20 
-26  -44  -40 
-16  2  -44 
-10  -68  -58 
50  10  10 
46  20  10 
-44  14  4 
-34  26  44 

//Reference=MNI 
//nullstudy_10
//Subjects=32
-48  -82  4 
6  44  -28 
4  32  20 
-2  -88  20 
-8  -16  -8 
56  6  40 
12  14  66 
40  14  34 

//Reference=MNI 
//nullstudy_11
//Subjects=32
-52  6  36 
-36  48  12 
46  10  16 
44  30  42 
-14  -88  40 
-10  -10  44 
48  16  -32 
-40  -54  -42 

//Reference=MNI 
//nullstudy_12
//Subjects=30
-32  26  0 
-6  -64  54 
-28  -14  -46 
-40  -22  -6 
-12  -42  74 
-18  -60  -20 
-34  8  -22 
10  40  -24 

//Reference=MNI 
//nullstudy_13
//Subjects=30
32  6  -38 
-24  20  56 
-28  48  18 
40  4  -26 
44  12  -30 
-24  4  52 
10  42  22 
-46  12  16 

//Reference=MNI 
//nullstudy_14
//Subjects=29
-56  -38  34 
16  42  -26 
-24  -42  -36 
-36  -78  -42 
-46  -28  36 
-36  14  -40 
-10  -64  2 
26  6  48 

//Reference=MNI 
//nullstudy_15
//Subjects=29
-8  60  -10 
-50  -10  -28 
-42  -74  22 
-30  -72  32 
-40  34  8 
-22  64  8 
44  6  36 
28  4  -30 

//Reference=MNI 
//nullstudy_16
//Subjects=28
4  6  -14 
0  14  14 
-32  44  36 
-46  46  12 
-26  -20  70 
4  8  -18 
-40  -80  -38 
-60  -16  -6 

//Reference=MNI 
//nullstudy_17
//Subjects=29
-6  -28  -6 
-4  -10  18 
24  18  -40 
-2  -28  28 
16  32  -24 
-32  -6  12 
-48  46  -4 
46  4  -22 

//Reference=MNI 
//nullstudy_18
//Subjects=30
-22  -2  -48 
-20  50  -20 
-18  52  36 
-42  -20  20 
10  12  -4 
-12  -30  -28 
-2  -48  -64 
-46  -10  -40 

//Reference=MNI 
//nullstudy_19
//Subjects=29
24  54  6 
-34  -62  -12 
-32  30  24 
56  20  -4 
-38  -36  -24 
-26  -72  -18 
-68  -40  24 
10  56  30 

//Reference=MNI 
//nullstudy_20
//Subjects=29
-14  56  34 
-62  -38  -14 
-12  56  18 
-18  4  72 
46  18  -28 
32  62  16 
-60  12  6 
-58  -32  -8 

//Reference=MNI 
//nullstudy_21
//Subjects=30
-6  -38  -44 
-54  -68  8 
-34  -80  -12 
-28  -18  -22 
4  4  2 
-24  -22  -22 
-48  14  32 
-30  -32  -8 

//Reference=MNI 
//nullstudy_22
//Subjects=29
-20  -40  74 
-50  -64  24 
-14  6  18 
-32  8  4 
-34  -42  62 
-4  64  -4 
-34  -36  38 
-44  -62  34 

//Reference=MNI 
//nullstudy_23
//Subjects=30
-66  -52  22 
-16  -26  74 
-12  -24  18 
-46  -16  56 
-10  6  18 
-18  16  4 
38  4  40 
4  36  30 

//Reference=MNI 
//nullstudy_24
//Subjects=30
-22  8  -40 
-48  -20  -24 
-16  -44  -44 
-18  -84  -48 
-8  -42  52 
-32  -40  50 
28  56  -8 
-48  14  -24 

//Reference=MNI 
//nullstudy_25
//Subjects=29
14  58  -8 
-70  -26  6 
-28  -40  -48 
10  38  26 
24  52  -4 
-16  2  54 
-52  8  -12 
-48  -74  22 

//Reference=MNI 
//nullstudy_26
//Subjects=28
-44  -28  58 
8  12  -10 
-10  -18  10 
0  28  -24 
-22  -92  4 
-56  -14  -14 
32  22  -18 
-8  -50  0 

//Reference=MNI 
//nullstudy_27
//Subjects=28
-50  -4  6 
-42  -86  6 
0  22  38 
-18  8  60 
28  30  4 
-4  28  26 
-42  -26  -20 
-32  -56  44 

//Reference=MNI 
//nullstudy_28
//Subjects=31
-60  -30  24 
-2  -64  66 
-36  -84  -38 
-6  -92  -24 
-10  24  4 
-50  18  -30 
48  8  40 
-50  -18  40 

//Reference=MNI 
//nullstudy_29
//Subjects=29
-44  -38  10 
-50  26  -6 
-6  -58  -62 
-60  -56  34 
-54  18  14 
-8  2  -34 
-68  -42  16 
-14  10  -2 

//Reference=MNI 
//nullstudy_30
//Subjects=30
-38  2  42 
-2  -66  42 
32  16  -18 
-54  -62  4 
-2  56  28 
38  18  -16 
-44  -28  8 
-46  -62  52 

//Reference=MNI 
//nullstudy_31
//Subjects=30
-8  -48  22 
-26  -88  -2 
12  20  66 
-32  -10  58 
10  32  46 
50  30  -14 
28  22  6 
-44  -64  -8 

//Reference=MNI 
//nullstudy_32
//Subjects=31
-50  -62  -4 
-6  -50  -66 
-12  58  10 
-10  -14  74 
-26  8  -36 
-44  -70  4 
-48  -50  58 
-14  34  22 

//Reference=MNI 
//nullstudy_33
//Subjects=30
-68  -16  16 
50  24  8 
-2  44  54 
-2  -30  -40 
32  64  14 
-8  -68  -16 
20  52  12 
-24  20  46 

//Reference=MNI 
//nullstudy_34
//Subjects=31
32  10  50 
-14  54  38 
-34  -90  14 
-40  -64  16 
-24  -98  -4 
-6  56  20 
0  4  72 
2  50  28 

//Reference=MNI 
//nullstudy_35
//Subjects=31
-24  6  -24 
-30  22  34 
-2  34  38 
-20  14  50 
-20  -8  60 
-10  -36  42 
-2  -84  24 
54  2  10 

//Reference=MNI 
//nullstudy_36
//Subjects=30
-20  -92  -30 
-10  -14  36 
18  48  -20 
40  32  46 
26  14  56 
-34  60  -14 
-16  50  24 
46  50  -6 

//Reference=MNI 
//nullstudy_37
//Subjects=29
44  16  -34 
-36  4  42 
12  38  4 
-2  -40  -64 
22  42  42 
-48  -64  40 
-6  -22  68 
-36  12  -46 

//Reference=MNI 
//nullstudy_38
//Subjects=31
-4  -84  10 
-56  -4  6 
-2  48  4 
-58  20  20 
-22  -54  66 
14  14  8 
-42  16  18 
-8  58  -4 

//Reference=MNI 
//nullstudy_39
//Subjects=31
-54  -6  20 
44  4  -34 
-10  -96  16 
38  8  -28 
12  22  42 
-32  8  -34 
-44  -80  -30 
-32  -74  -56 

//Reference=MNI 
//nullstudy_40
//Subjects=30
-14  -22  -30 
-64  -34  44 
-28  0  10 
-24  -102  8 
0  18  -20 
-8  -88  42 
-34  46  20 
0  8  -6 

//Reference=MNI 
//nullstudy_41
//Subjects=31
-12  -72  -52 
30  58  2 
32  52  -6 
60  14  32 
-56  -50  28 
18  46  24 
-6  -24  -14 
-58  -40  -16 

//Reference=MNI 
//nullstudy_42
//Subjects=30
-20  16  64 
-2  -94  16 
-42  -50  50 
-18  12  -24 
-50  -70  20 
-52  18  8 
-12  52  26 
2  6  20 

//Reference=MNI 
//nullstudy_43
//Subjects=30
-52  -38  26 
34  8  40 
-62  -42  40 
-10  48  -6 
-12  -6  -26 
36  2  10 
-44  -26  34 
-46  20  44 

//Reference=MNI 
//nullstudy_44
//Subjects=28
6  12  12 
-62  -46  22 
-30  34  44 
-24  38  -18 
-22  -68  -12 
-22  22  50 
32  50  32 
0  20  58 

//Reference=MNI 
//nullstudy_45
//Subjects=29
-44  -76  -8 
-54  -38  44 
-52  -60  24 
-52  -72  12 
-12  -60  -8 
4  16  54 
24  64  10 
-32  22  36 

//Reference=MNI 
//nullstudy_46
//Subjects=32
-24  -44  4 
-42  -52  18 
-26  -6  6 
8  60  38 
-28  -36  -20 
-12  -62  70 
-18  -58  20 
-16  -28  56 

//Reference=MNI 
//nullstudy_47
//Subjects=28
-36  -68  2 
-64  0  4 
-14  -44  4 
-32  22  -26 
-6  -66  2 
-40  -12  -40 
34  22  42 
-10  10  38 

//Reference=MNI 
//nullstudy_48
//Subjects=31
-14  -82  -36 
-52  8  40 
30  58  8 
-18  0  18 
10  10  -20 
-12  -14  52 
-30  -78  24 
-40  52  18 

//Reference=MNI 
//nullstudy_49
//Subjects=32
-36  -64  -42 
-14  -32  -2 
-46  -82  0 
-10  -62  -64 
20  56  14 
-30  12  66 
-4  2  -28 
16  66  18 

//Reference=MNI 
//nullstudy_50
//Subjects=30
-30  -58  -50 
46  32  -18 
-30  16  -14 
-10  38  22 
-20  -62  4 
-54  -20  14 
-44  -26  14 
60  18  10 

//Reference=MNI 
//nullstudy_51
//Subjects=29
34  50  2 
-34  14  -12 
-34  56  14 
-38  30  18 
-4  -50  0 
-26  56  22 
36  54  -18 
-10  -72  14 

//Reference=MNI 
//nullstudy_52
//Subjects=32
-40  -10  10 
-56  -52  16 
-30  44  22 
-6  -4  62 
-18  -20  -12 
-38  -28  -16 
14  52  46 
22  22  -26 

//Reference=MNI 
//nullstudy_53
//Subjects=32
-20  -54  56 
4  8  32 
40  14  38 
-36  54  0 
-26  28  -26 
-8  -62  30 
-14  -24  8 
-42  30  -12 

//Reference=MNI 
//nullstudy_54
//Subjects=29
-24  -64  30 
-6  70  2 
-42  40  -4 
-28  14  -10 
-20  -80  -42 
-64  -22  2 
-38  -74  18 
-38  -68  -40 

//Reference=MNI 
//nullstudy_55
//Subjects=30
-48  44  18 
-42  -60  -36 
-48  40  26 
-64  -16  -12 
-6  14  10 
20  16  6 
-44  34  -8 
-50  14  34 

//Reference=MNI 
//nullstudy_56
//Subjects=31
6  32  36 
-66  -48  22 
34  16  60 
-28  28  4 
-30  48  12 
-20  -50  4 
16  50  12 
-24  -62  -50 

//Reference=MNI 
//nullstudy_57
//Subjects=30
-32  54  -14 
-22  -26  52 
-70  -30  2 
-6  -44  64 
-42  -56  54 
-48  6  48 
40  20  30 
-18  -26  66 

//Reference=MNI 
//nullstudy_58
//Subjects=30
-32  -84  -12 
-20  20  50 
-38  38  4 
10  34  34 
-48  36  10 
-20  -92  -28 
-52  -12  50 
-46  -20  10 

//Reference=MNI 
//nullstudy_59
//Subjects=30
-32  26  2 
40  44  30 
-18  -62  16 
-46  0  4 
-46  -80  -20 
12  4  -38 
-26  28  28 
48  18  0 

//Reference=MNI 
//nullstudy_60
//Subjects=29
48  30  -6 
-56  -44  0 
-12  -82  -12 
-30  -60  58 
22  12  8 
-16  -68  -50 
-42  -76  -22 
-18  -86  -4 

//Reference=MNI 
//nullstudy_61
//Subjects=30
-58  -42  46 
-44  -36  52 
-20  -72  42 
42  8  -30 
-38  6  30 
-18  -56  52 
-54  -20  18 
-40  -28  -26 

//Reference=MNI 
//nullstudy_62
//Subjects=28
-64  -32  -28 
-4  28  -30 
-62  -62  -8 
-44  -54  -32 
-54  -58  -8 
42  32  -22 
24  48  0 
28  22  10 

//Reference=MNI 
//nullstudy_63
//Subjects=29
-10  -2  50 
-40  -56  60 
-36  24  -28 
28  28  48 
-50  -74  12 
-48  16  -16 
-6  -14  -26 
-4  -50  38 

//Reference=MNI 
//nullstudy_64
//Subjects=30
-22  -72  58 
-4  -74  -10 
-36  -84  34 
-26  -50  46 
-8  -68  14 
50  28  32 
-40  -86  -4 
-40  38  4 

//Reference=MNI 
//nullstudy_65
//Subjects=29
-16  -68  10 
-42  4  6 
-2  -48  10 
-48  -52  36 
-30  -28  46 
10  36  52 
-18  -36  -46 
-10  -20  -8 

//Reference=MNI 
//nullstudy_66
//Subjects=32
-28  6  -48 
-16  50  30 
-36  -86  2 
-2  -82  -18 
56  16  16 
-8  -10  -2 
-6  -26  -46 
-54  14  18 

//Reference=MNI 
//nullstudy_67
//Subjects=29
-4  -40  62 
-36  -46  36 
4  62  8 
56  14  -14 
-20  22  -18 
-26  62  8 
10  42  -26 
-18  -70  22 

//Reference=MNI 
//nullstudy_68
//Subjects=31
-6  46  -24 
-2  10  60 
-24  -80  -42 
-20  -68  4 
-12  -66  -60 
40  28  30 
-6  24  44 
-14  -54  2 

//Reference=MNI 
//nullstudy_69
//Subjects=31
-44  42  2 
-10  -22  -44 
-14  6  18 
-36  62  8 
-50  -54  -50 
-42  -34  4 
-18  -80  -46 
-10  -58  16 

//Reference=MNI 
//nullstudy_70
//Subjects=29
-16  -32  72 
22  12  0 
30  16  64 
-34  -66  -12 
42  10  22 
-4  64  16 
-16  -94  -26 
46  12  54 

//Reference=MNI 
//nullstudy_71
//Subjects=29
-48  -28  -30 
-42  14  -38 
-64  -26  -18 
34  44  18 
-16  -32  76 
-12  34  44 
-46  -8  -32 
-30  -34  -30 

//Reference=MNI 
//nullstudy_72
//Subjects=30
-32  44  36 
-2  -56  44 
-14  -30  -2 
-12  -38  8 
-26  34  -16 
4  38  -2 
-50  -44  54 
42  20  -18 

//Reference=MNI 
//nullstudy_73
//Subjects=31
26  48  -8 
-26  54  36 
22  40  26 
-16  48  32 
-48  -4  56 
-6  28  56 
-16  -38  -48 
-56  -58  -36 

//Reference=MNI 
//nullstudy_74
//Subjects=30
-8  24  28 
48  32  10 
-30  -72  44 
-52  -66  -28 
26  44  -14 
-52  -40  2 
-20  12  -38 
-34  24  54 

//Reference=MNI 
//nullstudy_75
//Subjects=29
52  10  -28 
-14  -56  -34 
14  68  -14 
-42  -26  42 
50  8  -26 
-58  -26  -14 
-42  -58  -30 
-6  70  0 

//Reference=MNI 
//nullstudy_76
//Subjects=29
32  26  -30 
16  16  12 
40  34  -14 
-56  -10  -18 
-24  38  -8 
-20  46  36 
-10  20  42 
6  44  50 

//Reference=MNI 
//nullstudy_77
//Subjects=31
-20  -80  16 
-30  8  -2 
-24  4  62 
58  16  18 
32  4  -32 
-38  -6  52 
8  54  40 
-2  -52  14 

//Reference=MNI 
//nullstudy_78
//Subjects=30
24  2  8 
-16  -38  -24 
-32  4  -4 
-2  50  -2 
-34  -2  -22 
-12  6  14 
-66  -42  20 
-28  -18  -36 

//Reference=MNI 
//nullstudy_79
//Subjects=29
32  18  32 
-16  20  -20 
-54  -66  14 
-20  16  -18 
18  48  46 
-40  -42  50 
-46  -28  -30 
-36  -24  8 

//Reference=MNI 
//nullstudy_80
//Subjects=30
14  14  38 
-42  0  -10 
12  12  14 
42  28  48 
-54  -26  56 
-32  44  28 
26  56  -12 
-66  -22  34 

//Reference=MNI 
//nullstudy_81
//Subjects=31
-20  -80  -14 
-28  -96  16 
32  20  42 
-30  -86  -38 
26  8  52 
10  40  34 
-12  -38  -18 
-20  -44  -22 

//Reference=MNI 
//nullstudy_82
//Subjects=29
-10  -58  60 
42  14  -16 
-10  -88  36 
12  18  4 
-16  -72  56 
-20  -48  -6 
-46  -46  -26 
-40  -8  46 

//Reference=MNI 
//nullstudy_83
//Subjects=30
-32  -34  18 
-32  -30  16 
-22  0  64 
52  4  -28 
16  24  -22 
48  24  18 
-6  -72  2 
-4  -58  58 

//Reference=MNI 
//nullstudy_84
//Subjects=29
-58  -48  -12 
4  44  34 
-14  -32  -18 
-28  -60  -8 
-44  -28  16 
-2  -34  -22 
-50  -10  52 
-26  -60  -22 

//Reference=MNI 
//nullstudy_85
//Subjects=31
10  4  42 
-16  -38  0 
-38  -62  48 
-36  -8  20 
-30  -86  -22 
-64  -44  8 
30  20  36 
30  16  -42 

//Reference=MNI 
//nullstudy_86
//Subjects=31
42  26  -4 
-42  16  8 
-44  48  10 
22  52  14 
-14  30  50 
62  8  24 
10  10  -8 
18  6  -2 

//Reference=MNI 
//nullstudy_87
//Subjects=31
4  2  48 
-32  26  -2 
-12  56  34 
-32  -40  -18 
-32  -36  58 
10  24  10 
-42  -64  48 
-12  -54  -52 

//Reference=MNI 
//nullstudy_88
//Subjects=31
-18  16  -8 
0  62  14 
-28  -92  24 
-64  -38  6 
-16  -78  -44 
-66  -16  32 
-56  -46  34 
12  26  56 

//Reference=MNI 
//nullstudy_89
//Subjects=29
-58  4  40 
52  16  -34 
-14  40  -22 
42  36  32 
-18  68  2 
-8  44  18 
-20  -96  -2 
-6  -6  -30 

//Reference=MNI 
//nullstudy_90
//Subjects=30
-46  38  -10 
-12  -36  -2 
-4  22  24 
20  58  20 
-32  -50  64 
48  16  -20 
-44  16  34 
-14  -76  -16 

//Reference=MNI 
//nullstudy_91
//Subjects=28
-32  -88  28 
8  32  -20 
24  6  -10 
-52  -64  12 
-40  -54  -54 
-20  -84  20 
-2  -16  -30 
-38  -52  52 

//Reference=MNI 
//nullstudy_92
//Subjects=29
-60  -32  34 
30  54  2 
4  58  10 
-28  -88  -16 
-50  -48  30 
-40  26  0 
-22  -58  -24 
-32  54  14 

//Reference=MNI 
//nullstudy_93
//Subjects=30
-24  50  10 
18  62  0 
-46  -60  54 
22  8  0 
-10  -54  -8 
-38  -66  -36 
-26  -54  -12 
-36  -68  -44 

//Reference=MNI 
//nullstudy_94
//Subjects=30
-30  0  -10 
-18  -82  4 
-24  -100  -18 
-26  4  10 
34  38  -12 
-18  -66  -6 
-20  -40  -16 
-50  -2  -36 

//Reference=MNI 
//nullstudy_95
//Subjects=29
-56  10  28 
-62  4  -14 
-42  46  28 
20  4  72 
2  24  54 
-4  -6  42 
-36  18  12 
-44  -62  2 

//Reference=MNI 
//nullstudy_96
//Subjects=29
-4  -6  76 
-26  26  -6 
-44  -40  -14 
-16  -26  -20 
6  60  10 
8  14  42 
0  10  -22 
-6  14  -2 

//Reference=MNI 
//nullstudy_97
//Subjects=29
-38  -34  70 
-58  -56  -14 
-56  -22  42 
-34  -54  -62 
-50  18  14 
-10  44  -10 
20  30  -18 
-52  -4  -18 

//Reference=MNI 
//nullstudy_98
//Subjects=30
34  28  12 
-28  -38  44 
14  40  22 
-6  -74  6 
-32  -82  16 
50  4  32 
-14  -80  -48 
20  20  4 

//Reference=MNI 
//nullstudy_99
//Subjects=30
-44  -60  56 
-22  -36  -10 
48  46  12 
12  16  -24 
-30  28  -18 
-4  -50  44 
54  20  12 
-44  -60  40 

//Reference=MNI 
//nullstudy_100
//Subjects=31
54  12  -12 
-58  -18  -16 
-52  -68  30 
-70  -32  0 
40  44  28 
-12  26  38 
-20  18  -28 
-8  -88  -38 

