//Reference=MNI 
//truestudy_1
//Subjects=21
48  -66  -6 
46  -64  -7 
46  -63  -6 
48  -65  -5 
46  -67  -8 
45  -65  -7 
45  -66  -3 
46  -65  -5 

//Reference=MNI 
//truestudy_2
//Subjects=21
46  -67  -5 
48  -67  -6 
46  -66  -6 
46  -66  -7 
48  -68  -6 
47  -65  -4 
47  -67  -6 
45  -66  -6 

//Reference=MNI 
//truestudy_3
//Subjects=19
46  -66  -5 
46  -67  -7 
48  -65  -6 
46  -65  -5 
46  -67  -6 
45  -66  -6 
45  -66  -6 
47  -65  -5 

//Reference=MNI 
//nullstudy_1
//Subjects=21
-34  -40  50 
6  44  12 
-2  -78  8 
26  24  52 
-64  -44  14 
-16  -80  -54 
-54  -52  -26 
-50  32  0 

//Reference=MNI 
//nullstudy_2
//Subjects=21
-22  -28  6 
-14  42  36 
-36  22  4 
32  20  12 
-8  -22  76 
-48  10  42 
-14  -32  70 
-22  -76  -18 

//Reference=MNI 
//nullstudy_3
//Subjects=19
-68  -26  10 
-6  -66  8 
-56  -50  50 
-50  30  4 
-40  -12  30 
60  6  -24 
-56  -14  -6 
-4  -6  72 

//Reference=MNI 
//nullstudy_4
//Subjects=19
-56  -58  28 
-18  -34  8 
-4  -58  -46 
0  20  -22 
-8  -72  48 
-14  -16  14 
-16  12  66 
48  4  28 

//Reference=MNI 
//nullstudy_5
//Subjects=22
12  48  36 
-64  -2  20 
-52  8  42 
64  14  16 
12  18  44 
-16  12  -8 
-16  -56  70 
-30  -4  -26 

//Reference=MNI 
//nullstudy_6
//Subjects=21
-12  10  -30 
20  2  52 
-34  20  -42 
-12  -60  -52 
-42  16  20 
-26  22  10 
-42  -4  -10 
-30  -26  -8 

//Reference=MNI 
//nullstudy_7
//Subjects=22
-64  -20  6 
-36  36  44 
-36  -46  -32 
-2  -30  -30 
38  54  20 
-34  -92  18 
4  34  -18 
-22  -38  6 

//Reference=MNI 
//nullstudy_8
//Subjects=20
-36  -46  -6 
10  52  -22 
-20  -72  -50 
-54  -26  28 
-8  -64  18 
-36  4  38 
-2  -48  -32 
-12  44  -4 

//Reference=MNI 
//nullstudy_9
//Subjects=19
-8  -64  6 
-16  -90  12 
8  8  10 
-50  -64  -2 
-48  -62  34 
-4  -52  70 
-10  -90  -16 
-6  -14  -20 

//Reference=MNI 
//nullstudy_10
//Subjects=20
-50  18  -24 
-20  2  -38 
-26  -48  -60 
-2  -98  -14 
-54  12  -16 
-60  -56  -22 
-36  -48  -24 
-46  -6  -30 

//Reference=MNI 
//nullstudy_11
//Subjects=20
-48  -48  -28 
-6  -24  54 
50  20  -4 
-12  62  12 
-26  -64  -32 
28  48  14 
0  38  38 
-2  22  42 

//Reference=MNI 
//nullstudy_12
//Subjects=21
-44  36  32 
-22  -12  -6 
-30  16  28 
-20  -10  48 
-12  -66  -24 
-20  -66  12 
-2  -26  80 
36  52  6 

//Reference=MNI 
//nullstudy_13
//Subjects=21
-60  -50  -8 
16  54  -8 
-46  -40  -24 
44  22  52 
-18  -70  -36 
-60  -40  2 
14  52  18 
-24  -8  -14 

//Reference=MNI 
//nullstudy_14
//Subjects=20
-32  -28  -22 
-42  16  -6 
-50  16  32 
2  48  6 
-10  -48  72 
-34  -86  32 
-20  54  22 
24  34  -20 

//Reference=MNI 
//nullstudy_15
//Subjects=20
-32  20  58 
-6  2  0 
12  52  32 
-8  -22  52 
-26  -4  -22 
16  12  56 
-46  -22  -6 
-6  -74  58 

//Reference=MNI 
//nullstudy_16
//Subjects=19
-38  26  32 
54  18  40 
-4  -10  66 
-16  -102  8 
26  10  -36 
-52  -2  36 
-36  -30  18 
-32  -2  6 

//Reference=MNI 
//nullstudy_17
//Subjects=21
-26  -4  48 
-18  -32  -20 
-24  -60  54 
12  44  24 
-2  0  20 
-14  6  18 
-4  58  18 
-10  -30  -28 

//Reference=MNI 
//nullstudy_18
//Subjects=19
-46  16  50 
2  24  -12 
-62  -14  10 
-8  46  12 
12  44  -14 
-6  -4  40 
-2  24  -28 
-18  8  -28 

//Reference=MNI 
//nullstudy_19
//Subjects=21
-34  -8  -38 
-10  -52  44 
-60  -28  30 
0  14  40 
-44  40  26 
-30  4  -40 
-62  -42  36 
-2  -76  -18 

//Reference=MNI 
//nullstudy_20
//Subjects=20
-4  10  32 
-10  -20  52 
-52  -6  -22 
-4  -44  -8 
-22  22  56 
-14  -84  36 
0  50  36 
-60  -12  -4 

//Reference=MNI 
//nullstudy_21
//Subjects=19
-18  6  24 
-12  -36  62 
-10  42  26 
-54  -44  30 
-22  20  -8 
30  8  54 
-10  62  -8 
-2  -34  -18 

//Reference=MNI 
//nullstudy_22
//Subjects=20
-10  -56  28 
-52  -58  -40 
4  60  34 
-62  -16  8 
-34  -54  -18 
-32  56  26 
-34  -2  -42 
-58  -70  10 

//Reference=MNI 
//nullstudy_23
//Subjects=19
-34  -52  34 
-28  30  -2 
-42  -24  -28 
2  56  42 
-18  -42  22 
-24  12  60 
32  10  54 
12  40  54 

//Reference=MNI 
//nullstudy_24
//Subjects=21
-42  -40  -40 
-30  -56  -6 
-2  -80  -8 
-42  -28  -26 
-36  40  0 
-4  -72  -28 
-6  18  -8 
40  24  14 

//Reference=MNI 
//nullstudy_25
//Subjects=21
-8  -72  -52 
-16  22  -28 
22  56  2 
48  18  16 
32  16  24 
46  16  54 
-10  -44  70 
-52  -8  -24 

//Reference=MNI 
//nullstudy_26
//Subjects=20
-4  -10  16 
-14  -92  14 
32  14  42 
24  16  -28 
-42  -66  -18 
-24  -16  -32 
-26  54  -14 
30  6  6 

//Reference=MNI 
//nullstudy_27
//Subjects=19
0  38  -26 
12  40  48 
-14  -12  -14 
-18  -36  -10 
12  50  -8 
4  60  -4 
-26  -4  60 
-40  26  -14 

//Reference=MNI 
//nullstudy_28
//Subjects=20
-6  44  18 
-46  16  36 
-18  -12  -30 
-38  30  48 
-2  -72  6 
-24  34  -12 
-54  -74  -12 
-14  -62  4 

//Reference=MNI 
//nullstudy_29
//Subjects=19
-16  -34  22 
-2  -52  -54 
8  40  6 
20  50  42 
-20  -54  -46 
-34  4  -44 
-54  -28  -4 
-22  -86  4 

//Reference=MNI 
//nullstudy_30
//Subjects=19
-14  -48  -42 
-32  -36  -44 
-56  -32  -22 
12  34  -10 
-38  -2  -32 
-48  -58  -34 
-58  -48  50 
-46  -26  -4 

//Reference=MNI 
//nullstudy_31
//Subjects=21
-34  -64  -28 
-30  12  38 
-48  12  -10 
60  4  40 
-42  -52  -44 
-2  62  20 
-6  -84  30 
-8  14  50 

//Reference=MNI 
//nullstudy_32
//Subjects=22
-10  -72  -6 
24  10  52 
-46  -84  4 
-64  -54  24 
-66  -22  4 
-2  -66  54 
-48  40  20 
48  6  -40 

//Reference=MNI 
//nullstudy_33
//Subjects=19
22  14  -38 
-52  -66  -14 
-2  -6  22 
-30  -6  68 
-4  -18  14 
34  28  50 
24  6  -38 
-34  22  36 

//Reference=MNI 
//nullstudy_34
//Subjects=22
38  48  2 
26  8  -22 
58  20  24 
-8  -76  -6 
18  46  4 
-34  -20  52 
16  8  -26 
-36  -60  -50 

//Reference=MNI 
//nullstudy_35
//Subjects=20
-54  -14  34 
-36  -14  22 
-30  24  58 
-14  -60  8 
-48  -34  40 
-48  10  18 
-36  -46  64 
-20  -70  2 

//Reference=MNI 
//nullstudy_36
//Subjects=20
-2  16  24 
-10  -32  -28 
-6  -82  -48 
-60  -56  38 
-44  -54  6 
-8  0  46 
-8  -14  50 
-20  -36  -18 

//Reference=MNI 
//nullstudy_37
//Subjects=22
-48  -72  -24 
-14  14  66 
-48  -2  42 
-22  -2  -46 
0  52  -2 
-54  -4  38 
-20  48  -18 
-30  -86  18 

//Reference=MNI 
//nullstudy_38
//Subjects=19
-6  34  16 
-2  -34  -6 
12  60  38 
-8  -30  28 
-50  -14  16 
-6  2  44 
-2  26  42 
-16  -78  -14 

//Reference=MNI 
//nullstudy_39
//Subjects=20
14  18  62 
-26  -74  28 
-36  48  -12 
62  12  16 
-20  -34  8 
-6  -44  -26 
-8  -88  0 
-4  -38  78 

//Reference=MNI 
//nullstudy_40
//Subjects=20
14  26  10 
18  28  60 
28  34  46 
-40  42  -2 
-38  -2  18 
2  52  40 
-28  2  -46 
-24  -52  -46 

//Reference=MNI 
//nullstudy_41
//Subjects=19
-24  -34  -2 
-14  4  22 
54  26  2 
-28  -68  -56 
-22  -98  14 
-24  -84  -36 
6  2  -12 
-44  -76  20 

//Reference=MNI 
//nullstudy_42
//Subjects=19
20  20  -4 
-20  -96  26 
-40  -58  -50 
2  8  16 
-8  -44  30 
14  40  12 
-34  -86  -16 
-8  -56  -6 

//Reference=MNI 
//nullstudy_43
//Subjects=19
-2  36  30 
-10  0  -8 
36  32  50 
-10  -68  26 
-8  -20  -44 
-10  42  -6 
-58  -18  -6 
-4  -48  48 

//Reference=MNI 
//nullstudy_44
//Subjects=19
66  2  20 
-58  -48  6 
44  6  26 
-22  -48  -28 
-46  -34  26 
18  18  -24 
-28  14  60 
34  8  52 

//Reference=MNI 
//nullstudy_45
//Subjects=20
-40  60  -4 
-18  -36  -28 
-56  -68  -2 
-54  -18  -12 
-34  40  30 
-22  0  -32 
-56  -28  40 
36  10  56 

//Reference=MNI 
//nullstudy_46
//Subjects=21
0  14  44 
-4  -64  64 
30  50  -16 
-14  50  8 
-38  14  -40 
-48  -50  -52 
-8  -82  -12 
-28  -76  50 

//Reference=MNI 
//nullstudy_47
//Subjects=19
-26  24  6 
-16  -72  -58 
-26  -12  -6 
-18  -66  14 
-32  52  22 
-6  -62  -48 
-6  -80  26 
18  16  -36 

//Reference=MNI 
//nullstudy_48
//Subjects=20
-10  -20  2 
-30  -50  -60 
-32  -36  -40 
-12  48  38 
-14  24  -8 
-52  -40  -8 
-34  56  -8 
-36  22  38 

//Reference=MNI 
//nullstudy_49
//Subjects=20
-34  -20  4 
-30  -52  -40 
8  14  54 
-26  -36  14 
22  24  -26 
-60  -56  -22 
-4  -46  56 
30  60  2 

//Reference=MNI 
//nullstudy_50
//Subjects=20
-46  10  -36 
14  16  42 
-68  -30  2 
-12  -4  72 
20  4  74 
-4  10  68 
-38  -22  50 
-24  -22  64 

//Reference=MNI 
//nullstudy_51
//Subjects=22
-50  40  8 
24  70  6 
-28  -56  -14 
-26  -42  2 
-8  30  54 
6  18  4 
-4  34  -22 
-14  -42  -4 

//Reference=MNI 
//nullstudy_52
//Subjects=18
-34  48  28 
8  6  18 
50  12  46 
-30  -86  40 
30  32  48 
-2  2  32 
-2  -86  -42 
-6  56  20 

//Reference=MNI 
//nullstudy_53
//Subjects=20
-6  4  70 
-18  -70  -22 
-48  -72  -12 
-38  -24  18 
-26  -12  70 
8  56  42 
-48  -56  -34 
64  4  2 

//Reference=MNI 
//nullstudy_54
//Subjects=20
-26  -66  -4 
48  10  24 
46  20  16 
-12  -90  -32 
-8  -64  -42 
-34  -58  52 
-4  -14  30 
-40  -52  -50 

//Reference=MNI 
//nullstudy_55
//Subjects=18
38  36  12 
-4  -30  62 
-6  38  32 
26  46  28 
-10  -32  20 
36  42  14 
48  8  52 
-4  -38  -16 

//Reference=MNI 
//nullstudy_56
//Subjects=19
26  68  10 
-30  -76  -28 
-42  -42  38 
-42  -78  26 
-34  -90  14 
14  12  50 
-54  -34  -32 
-64  -26  32 

//Reference=MNI 
//nullstudy_57
//Subjects=20
-52  -4  -24 
4  44  36 
-62  -60  -6 
-2  38  -8 
16  14  66 
-22  -4  58 
-32  -32  24 
-48  -62  -44 

//Reference=MNI 
//nullstudy_58
//Subjects=20
-68  -34  6 
-46  -10  -30 
-4  12  -20 
-50  -56  -48 
-4  36  40 
-66  -12  30 
4  22  -14 
-58  -48  48 

//Reference=MNI 
//nullstudy_59
//Subjects=19
-12  -72  60 
-38  -36  20 
-64  6  14 
-2  -2  28 
-38  -8  64 
-14  -66  -18 
-32  -54  -16 
-54  -22  32 

//Reference=MNI 
//nullstudy_60
//Subjects=20
-2  14  48 
-30  36  42 
-52  4  18 
36  10  -48 
-64  -16  -20 
52  20  36 
-48  -12  30 
-36  -70  0 

//Reference=MNI 
//nullstudy_61
//Subjects=21
-20  -84  42 
10  52  42 
-10  -24  -46 
30  20  58 
-2  16  -12 
10  46  8 
2  54  2 
-28  50  32 

//Reference=MNI 
//nullstudy_62
//Subjects=21
62  2  -16 
-34  38  16 
-20  18  46 
-38  -66  56 
-8  4  -28 
32  30  54 
-6  38  42 
-22  -100  -6 

//Reference=MNI 
//nullstudy_63
//Subjects=18
-32  -36  56 
-20  58  12 
12  66  14 
-2  -20  54 
-30  -54  56 
-4  -16  38 
-54  32  2 
-46  -68  -48 

//Reference=MNI 
//nullstudy_64
//Subjects=21
-18  28  -26 
-8  50  38 
-12  2  20 
-28  52  30 
-30  16  40 
2  12  -22 
-6  -46  -4 
-18  -28  -40 

//Reference=MNI 
//nullstudy_65
//Subjects=20
-6  -52  4 
-48  -28  28 
-62  -14  8 
-32  -80  34 
24  34  24 
-52  -78  0 
-30  10  -22 
-54  6  40 

//Reference=MNI 
//nullstudy_66
//Subjects=20
38  8  44 
-34  -74  6 
54  34  24 
-48  -22  12 
-40  -70  -50 
-14  -46  -12 
-18  -76  18 
20  32  48 

//Reference=MNI 
//nullstudy_67
//Subjects=20
-14  -66  -54 
48  10  -26 
-44  -40  -38 
-50  -46  -16 
-22  -80  -52 
-34  -20  52 
-56  -2  30 
2  16  66 

//Reference=MNI 
//nullstudy_68
//Subjects=20
42  10  40 
-12  -24  -18 
-66  -16  30 
-36  -20  42 
-8  -30  -10 
-12  -76  56 
18  8  22 
-4  48  46 

//Reference=MNI 
//nullstudy_69
//Subjects=20
-4  -16  -18 
8  56  -22 
-32  -44  -38 
-4  -74  -20 
-18  28  4 
-54  24  28 
-46  -32  14 
-30  -2  -6 

//Reference=MNI 
//nullstudy_70
//Subjects=19
-58  8  -18 
-36  -4  -50 
-10  -86  20 
-4  -22  66 
-36  -44  -40 
-28  -6  -30 
-54  6  -18 
-22  -50  64 

//Reference=MNI 
//nullstudy_71
//Subjects=21
-10  -64  68 
30  44  32 
-32  -16  18 
-2  -66  -4 
6  40  50 
-48  -54  16 
-2  -96  18 
-52  -48  36 

//Reference=MNI 
//nullstudy_72
//Subjects=20
-26  32  -24 
-6  -56  -62 
-28  66  -4 
-2  18  66 
-38  -90  -2 
-46  -70  44 
-44  -64  44 
22  28  -12 

//Reference=MNI 
//nullstudy_73
//Subjects=19
-12  50  38 
-6  -44  36 
6  34  38 
28  26  -8 
-32  26  28 
-22  -80  44 
-4  60  -14 
40  12  -8 

//Reference=MNI 
//nullstudy_74
//Subjects=20
-6  -96  -10 
-22  64  16 
-34  -26  -30 
24  26  60 
-4  -30  42 
-18  66  -10 
-44  -54  -52 
-36  -78  -42 

//Reference=MNI 
//nullstudy_75
//Subjects=19
-42  -12  -42 
40  6  50 
-24  38  26 
-12  -24  -40 
-22  -2  -32 
38  10  26 
-48  -18  -10 
-22  18  64 

//Reference=MNI 
//nullstudy_76
//Subjects=20
-28  -74  24 
-30  8  36 
-28  -40  62 
-32  -6  12 
-50  -40  34 
-62  -18  36 
-58  18  26 
8  14  30 

//Reference=MNI 
//nullstudy_77
//Subjects=20
-46  -26  -28 
-60  -46  -22 
0  46  -20 
-10  0  72 
-2  30  -12 
-8  -34  10 
-36  2  -6 
2  10  6 

//Reference=MNI 
//nullstudy_78
//Subjects=20
-16  -68  16 
-2  -8  -32 
-2  -62  26 
-12  -42  -30 
-50  -8  36 
36  14  -16 
12  38  -6 
54  24  34 

//Reference=MNI 
//nullstudy_79
//Subjects=20
-36  4  44 
-60  -52  -16 
58  32  8 
-30  10  14 
-42  18  44 
-8  -78  54 
40  16  56 
-22  24  -20 

//Reference=MNI 
//nullstudy_80
//Subjects=21
-16  -8  -14 
-34  48  10 
-50  -38  54 
-12  -38  -16 
-34  -30  24 
-16  -22  -24 
-52  -50  -2 
-2  18  -4 

//Reference=MNI 
//nullstudy_81
//Subjects=21
48  44  -18 
-26  -50  42 
-26  -54  -44 
-4  -44  -6 
-42  44  22 
-40  46  -12 
-14  4  26 
-26  0  50 

//Reference=MNI 
//nullstudy_82
//Subjects=21
10  42  48 
-54  -10  10 
0  40  -2 
-36  -44  -8 
-34  30  16 
-34  20  -6 
-24  -86  -26 
-4  -22  74 

//Reference=MNI 
//nullstudy_83
//Subjects=19
-42  -62  -8 
6  50  14 
32  4  -50 
46  18  -28 
22  16  -16 
-2  -14  58 
-18  -76  26 
-6  -4  -6 

//Reference=MNI 
//nullstudy_84
//Subjects=20
8  12  -16 
-46  -26  -18 
-24  8  -40 
-16  -18  8 
34  38  18 
-44  -82  -24 
-30  -80  10 
-20  -88  12 

//Reference=MNI 
//nullstudy_85
//Subjects=19
-54  -26  -12 
20  16  8 
-2  54  8 
-10  46  30 
-46  26  6 
-52  -66  -4 
-2  -12  72 
60  8  2 

//Reference=MNI 
//nullstudy_86
//Subjects=20
-12  -84  0 
-18  62  -8 
-26  20  44 
-18  -46  -42 
-46  -14  28 
-34  2  -50 
20  42  46 
22  44  28 

//Reference=MNI 
//nullstudy_87
//Subjects=22
-30  -72  -52 
-44  -38  14 
-52  16  -20 
-38  -76  -10 
-44  -2  0 
-18  -80  22 
-22  -84  40 
-40  24  -10 

//Reference=MNI 
//nullstudy_88
//Subjects=21
-6  -76  14 
32  8  62 
-44  -68  32 
-4  32  -18 
16  14  -16 
-38  10  14 
-52  -56  48 
-16  18  -8 

//Reference=MNI 
//nullstudy_89
//Subjects=20
-10  -66  -36 
-36  -20  -26 
-46  14  52 
-42  -26  18 
-22  54  8 
-6  -20  80 
-54  -2  40 
32  22  48 

//Reference=MNI 
//nullstudy_90
//Subjects=21
-28  -54  12 
18  66  -2 
-22  12  50 
4  62  -14 
28  8  -20 
16  12  12 
-24  -62  -8 
-6  -72  60 

//Reference=MNI 
//nullstudy_91
//Subjects=19
-18  16  66 
-46  -20  10 
6  50  2 
-58  -48  -20 
-26  -6  -10 
-4  24  -24 
-8  -36  -26 
8  36  20 

//Reference=MNI 
//nullstudy_92
//Subjects=21
-22  34  -24 
-40  -80  -4 
-10  -56  44 
-10  -18  14 
-28  -90  18 
24  2  60 
-18  -44  16 
-6  -66  28 

//Reference=MNI 
//nullstudy_93
//Subjects=20
-18  36  40 
-24  66  10 
-10  -68  32 
-38  -30  36 
-6  6  -22 
36  10  -44 
62  2  38 
14  64  8 

//Reference=MNI 
//nullstudy_94
//Subjects=22
-52  -16  32 
24  32  42 
-4  60  -18 
-14  -40  34 
10  36  24 
-6  -66  4 
-34  -82  -4 
30  20  -20 

//Reference=MNI 
//nullstudy_95
//Subjects=20
-22  42  20 
46  16  12 
-12  -34  -14 
24  54  4 
40  46  28 
-12  22  40 
-18  24  44 
-4  16  -2 

//Reference=MNI 
//nullstudy_96
//Subjects=18
-46  50  -4 
-50  -10  18 
24  2  -26 
-8  -56  34 
2  8  38 
-28  -4  66 
4  16  -18 
-8  -84  44 

//Reference=MNI 
//nullstudy_97
//Subjects=21
-30  6  32 
-14  -78  -24 
-22  -68  -22 
-48  24  38 
-10  28  60 
-34  -16  68 
-34  -56  -8 
-4  -64  34 

//Reference=MNI 
//nullstudy_98
//Subjects=19
-54  14  -8 
-42  12  22 
8  12  46 
28  56  28 
-56  -26  52 
-12  -56  -48 
-8  2  10 
50  30  10 

//Reference=MNI 
//nullstudy_99
//Subjects=21
-50  -42  -22 
-28  -62  52 
-28  -4  -20 
-28  -44  54 
2  16  -26 
-2  8  66 
36  14  62 
-30  -72  34 

//Reference=MNI 
//nullstudy_100
//Subjects=22
52  44  -4 
-50  0  22 
56  10  38 
-42  -48  54 
4  16  -14 
6  30  42 
24  14  -10 
-26  -38  -20 

