//Reference=MNI 
//truestudy_1
//Subjects=19
46  -68  -7 
45  -67  -6 
46  -65  -7 
48  -65  -4 
47  -63  -5 
46  -66  -7 
45  -66  -5 
46  -67  -7 

//Reference=MNI 
//truestudy_2
//Subjects=20
44  -66  -5 
47  -67  -7 
46  -67  -8 
45  -66  -6 
47  -67  -7 
46  -64  -6 
47  -67  -5 
45  -65  -6 

//Reference=MNI 
//truestudy_3
//Subjects=20
45  -66  -7 
46  -66  -6 
47  -67  -6 
47  -65  -7 
47  -68  -5 
46  -64  -6 
46  -66  -5 
48  -65  -7 

//Reference=MNI 
//nullstudy_1
//Subjects=19
20  14  0 
-52  -60  -20 
-2  -34  -40 
-10  -46  50 
50  34  24 
18  20  16 
-46  -22  -12 
40  12  12 

//Reference=MNI 
//nullstudy_2
//Subjects=20
-36  -4  -36 
6  26  62 
-58  20  22 
-48  -18  -24 
-20  -20  58 
8  14  28 
48  4  40 
-38  28  -24 

//Reference=MNI 
//nullstudy_3
//Subjects=20
-30  4  -12 
-14  -76  14 
26  58  30 
-4  10  44 
-12  -16  76 
-52  -20  -4 
12  38  -4 
-36  -12  52 

//Reference=MNI 
//nullstudy_4
//Subjects=20
-2  28  32 
-6  -60  -26 
-14  -76  8 
-2  -52  28 
-38  24  44 
20  4  48 
32  22  54 
-4  -84  28 

//Reference=MNI 
//nullstudy_5
//Subjects=20
40  46  22 
-14  -60  38 
-28  26  -18 
-56  -48  -32 
-52  4  -38 
48  46  -14 
-42  22  -28 
4  40  -22 

//Reference=MNI 
//nullstudy_6
//Subjects=20
-26  -60  30 
-28  20  -32 
-28  12  -36 
52  40  -14 
-2  -52  -64 
-14  -76  24 
16  20  -4 
-38  -92  2 

//Reference=MNI 
//nullstudy_7
//Subjects=20
2  32  -16 
-16  -38  48 
-18  -64  -58 
-32  -54  -54 
-38  -28  -14 
-22  -48  6 
-36  -82  6 
16  26  8 

//Reference=MNI 
//nullstudy_8
//Subjects=19
-24  18  54 
-62  -58  -2 
-22  -36  6 
54  30  -10 
6  14  64 
6  48  20 
-26  6  54 
-48  -58  -26 

//Reference=MNI 
//nullstudy_9
//Subjects=21
8  60  36 
-52  -20  -14 
4  16  -26 
-26  -64  56 
2  32  52 
2  16  34 
-22  52  24 
12  28  62 

//Reference=MNI 
//nullstudy_10
//Subjects=19
-38  -78  36 
-40  -80  -12 
-14  2  -40 
-10  2  48 
24  40  52 
-16  18  52 
-26  -38  62 
-42  26  -6 

//Reference=MNI 
//nullstudy_11
//Subjects=21
52  26  26 
-4  -56  24 
-50  0  42 
58  14  0 
-26  -40  -30 
22  10  -46 
-28  -84  -50 
-4  40  -12 

//Reference=MNI 
//nullstudy_12
//Subjects=19
-22  -72  30 
-30  22  -4 
26  32  44 
-58  -40  16 
14  2  40 
52  2  44 
56  2  -14 
-44  -78  38 

//Reference=MNI 
//nullstudy_13
//Subjects=20
-46  -36  18 
-26  -70  -34 
-26  28  -14 
48  22  42 
-34  -72  -16 
-24  -64  -14 
-20  -98  -12 
-6  4  -20 

//Reference=MNI 
//nullstudy_14
//Subjects=20
12  12  -14 
4  16  34 
-6  -102  10 
-30  56  -18 
-8  2  38 
18  38  34 
-4  20  58 
-50  24  0 

//Reference=MNI 
//nullstudy_15
//Subjects=20
-18  -78  26 
24  58  16 
-2  -80  8 
36  10  62 
-32  -70  44 
34  14  14 
-2  -16  58 
-20  -82  44 

//Reference=MNI 
//nullstudy_16
//Subjects=23
-2  42  -28 
-34  -78  -2 
-28  -90  28 
-18  -76  28 
-2  -78  40 
-48  -44  56 
-2  36  16 
-4  -8  28 

//Reference=MNI 
//nullstudy_17
//Subjects=19
-56  0  -38 
-12  -98  18 
20  44  -14 
-52  -70  -36 
34  10  -40 
38  60  -12 
4  2  -10 
-58  -26  -10 

//Reference=MNI 
//nullstudy_18
//Subjects=21
-48  -12  16 
30  2  62 
-2  -54  48 
-58  -62  24 
-38  34  -2 
-44  24  -10 
22  24  38 
50  6  -26 

//Reference=MNI 
//nullstudy_19
//Subjects=21
-40  34  -14 
46  40  -14 
36  44  36 
-44  -88  0 
-32  -64  -14 
-22  -88  -44 
60  26  18 
-2  -50  -30 

//Reference=MNI 
//nullstudy_20
//Subjects=20
-68  -22  -16 
-60  -44  28 
-22  12  -4 
-26  -48  -56 
-42  -16  44 
-62  -52  38 
-12  -92  22 
-26  48  -2 

//Reference=MNI 
//nullstudy_21
//Subjects=21
-18  -58  46 
-52  -42  -4 
44  52  -6 
-32  26  -24 
-18  -14  76 
34  42  14 
36  20  34 
28  2  54 

//Reference=MNI 
//nullstudy_22
//Subjects=18
-18  -78  -56 
36  4  26 
-54  -44  26 
-16  44  28 
52  22  -4 
-8  -62  60 
-48  -16  8 
-42  30  18 

//Reference=MNI 
//nullstudy_23
//Subjects=20
-28  -70  6 
-36  -56  26 
-2  -100  16 
-24  18  52 
32  4  -30 
-32  -42  -18 
-2  32  6 
-44  -50  -28 

//Reference=MNI 
//nullstudy_24
//Subjects=21
-4  10  44 
-36  -92  10 
-24  -38  -14 
-6  66  8 
-18  -2  60 
-30  -18  74 
-8  -50  -46 
50  26  -2 

//Reference=MNI 
//nullstudy_25
//Subjects=20
-16  0  -34 
-4  -16  -18 
-52  -12  36 
-50  -52  30 
-2  -20  -44 
2  20  -24 
-6  -48  -40 
-30  -24  44 

//Reference=MNI 
//nullstudy_26
//Subjects=20
-12  6  -10 
-36  -72  -52 
-38  -84  -16 
-14  -100  22 
-12  56  16 
-4  -10  22 
-4  -12  18 
-6  -102  -14 

//Reference=MNI 
//nullstudy_27
//Subjects=22
10  30  -16 
-40  -68  48 
-14  -16  14 
-32  -74  -22 
-56  -4  -14 
-52  -8  48 
-12  -76  18 
20  10  48 

//Reference=MNI 
//nullstudy_28
//Subjects=20
-12  6  12 
-48  12  -12 
-32  16  0 
-36  -54  -62 
-12  -76  -6 
-32  36  38 
12  6  24 
-58  0  0 

//Reference=MNI 
//nullstudy_29
//Subjects=23
-16  -54  52 
-62  -30  -28 
-40  20  -2 
-22  -82  -18 
-24  -88  -2 
-42  36  6 
-12  -56  16 
36  18  60 

//Reference=MNI 
//nullstudy_30
//Subjects=22
-8  -44  -54 
-12  10  46 
52  38  16 
-20  30  42 
6  62  22 
36  10  64 
-28  -54  -62 
22  10  68 

//Reference=MNI 
//nullstudy_31
//Subjects=19
32  38  -18 
-8  -18  -20 
-54  -72  10 
-66  -10  -14 
-6  -52  60 
42  10  4 
4  12  24 
-38  16  58 

//Reference=MNI 
//nullstudy_32
//Subjects=21
-8  4  2 
-4  -82  12 
-38  -8  56 
42  14  32 
-44  -68  -24 
-14  -20  -36 
-36  -88  -8 
-14  -22  78 

//Reference=MNI 
//nullstudy_33
//Subjects=20
-46  -20  -34 
-26  14  -8 
-2  -42  14 
-38  -68  -6 
34  24  -24 
28  40  -18 
-46  20  14 
-34  -64  -44 

//Reference=MNI 
//nullstudy_34
//Subjects=20
-10  52  2 
-4  -64  -16 
-28  12  -36 
-28  -76  -14 
-20  -16  -6 
-32  2  -46 
32  8  -8 
-20  -88  40 

//Reference=MNI 
//nullstudy_35
//Subjects=19
-36  -6  50 
-34  -10  52 
-44  8  56 
-54  20  36 
46  50  16 
26  12  8 
-58  -14  18 
-6  -14  64 

//Reference=MNI 
//nullstudy_36
//Subjects=20
-34  -60  -22 
50  14  2 
-38  -76  2 
-60  -40  40 
20  6  60 
-38  30  -12 
14  50  40 
-28  -54  -22 

//Reference=MNI 
//nullstudy_37
//Subjects=20
38  6  -28 
-38  6  -18 
0  10  58 
32  22  -22 
18  8  -32 
2  18  42 
32  52  -16 
-56  -26  -10 

//Reference=MNI 
//nullstudy_38
//Subjects=21
-38  -24  0 
-16  -24  22 
-60  -18  -32 
-58  20  24 
12  48  -14 
-18  28  -24 
-60  -44  2 
-4  -56  50 

//Reference=MNI 
//nullstudy_39
//Subjects=20
-8  -74  -54 
48  4  14 
20  6  -36 
-4  -78  -50 
-48  18  42 
-2  -20  40 
-4  -38  72 
-16  -28  -42 

//Reference=MNI 
//nullstudy_40
//Subjects=21
-56  -12  -38 
50  10  16 
10  12  60 
30  44  -14 
-50  2  -34 
44  6  -18 
16  66  20 
-4  -42  -26 

//Reference=MNI 
//nullstudy_41
//Subjects=21
-22  -104  -6 
-34  -4  56 
-54  -26  -4 
60  12  -10 
-52  -44  38 
-28  -44  -20 
-62  -42  22 
-2  -28  60 

//Reference=MNI 
//nullstudy_42
//Subjects=20
54  42  4 
-40  -60  -22 
-30  -12  -4 
-6  -72  18 
-44  -60  14 
-26  -80  22 
-12  58  -12 
-8  -20  38 

//Reference=MNI 
//nullstudy_43
//Subjects=19
26  64  6 
30  18  44 
4  38  -4 
0  4  48 
-4  6  -16 
-24  58  20 
-48  -72  -40 
-30  42  -12 

//Reference=MNI 
//nullstudy_44
//Subjects=19
-58  -4  18 
16  48  2 
28  6  68 
-62  -50  30 
-30  0  56 
32  18  40 
6  10  -26 
-44  22  18 

//Reference=MNI 
//nullstudy_45
//Subjects=19
-10  -54  -28 
-28  -46  52 
-8  58  34 
-6  -66  -58 
-28  42  44 
-4  14  68 
-32  -26  -24 
-22  -44  66 

//Reference=MNI 
//nullstudy_46
//Subjects=22
-20  -62  -4 
-12  -24  14 
0  22  -24 
-46  8  10 
12  64  -20 
-12  12  52 
22  48  24 
-6  -86  -28 

//Reference=MNI 
//nullstudy_47
//Subjects=19
-10  56  40 
-16  -104  -6 
-34  24  -28 
-62  -54  12 
-52  32  -6 
-44  16  -24 
30  22  56 
-22  -8  68 

//Reference=MNI 
//nullstudy_48
//Subjects=21
-32  -6  -10 
26  18  -26 
-48  -44  40 
-44  -18  2 
-14  -34  52 
-18  -2  58 
6  22  -28 
-52  -62  -12 

//Reference=MNI 
//nullstudy_49
//Subjects=20
6  66  -4 
-30  -62  30 
-46  -76  36 
-4  -52  30 
36  32  40 
-24  -46  -8 
38  20  -24 
-20  18  -18 

//Reference=MNI 
//nullstudy_50
//Subjects=19
-52  -32  -6 
38  12  14 
-12  -14  -30 
-2  54  44 
-56  -24  -6 
-26  -72  -8 
22  36  36 
-6  12  64 

//Reference=MNI 
//nullstudy_51
//Subjects=19
-64  -8  12 
-2  10  -18 
-22  8  62 
8  42  28 
-12  70  -6 
18  26  -4 
-16  16  -26 
4  16  4 

//Reference=MNI 
//nullstudy_52
//Subjects=19
-8  -74  58 
-16  -20  -22 
-14  -60  -58 
-2  -10  -32 
-18  44  50 
-10  -60  70 
-18  48  -24 
-20  -74  -24 

//Reference=MNI 
//nullstudy_53
//Subjects=19
-20  -40  -4 
-10  60  2 
-46  -80  -4 
-44  6  12 
54  16  -16 
-2  -8  16 
-6  -14  18 
-44  8  56 

//Reference=MNI 
//nullstudy_54
//Subjects=21
38  54  16 
-26  -78  -40 
36  12  58 
-12  -68  -28 
-6  22  54 
-20  58  -14 
-6  -2  62 
-26  -2  -14 

//Reference=MNI 
//nullstudy_55
//Subjects=22
-14  -72  28 
-54  -38  -12 
-22  0  -36 
-6  -14  -20 
-16  -42  62 
12  52  10 
-54  -14  -20 
-6  -82  -48 

//Reference=MNI 
//nullstudy_56
//Subjects=20
-30  0  -30 
-22  -4  62 
-54  -48  24 
-48  -50  -8 
-16  -8  -32 
-22  8  -34 
-42  -8  0 
-58  -32  8 

//Reference=MNI 
//nullstudy_57
//Subjects=21
30  14  -42 
-4  -60  66 
-28  -86  28 
54  16  30 
-12  44  -12 
50  44  10 
-22  -44  -16 
-34  -64  38 

//Reference=MNI 
//nullstudy_58
//Subjects=19
50  12  40 
-26  -94  -6 
-10  50  46 
-28  -4  48 
-50  -38  50 
-6  -36  68 
-12  -38  12 
-20  50  42 

//Reference=MNI 
//nullstudy_59
//Subjects=20
28  38  34 
-10  -36  -4 
-40  -58  -14 
-6  -20  -20 
-8  -72  -28 
-2  -22  70 
-38  -54  36 
-10  -62  -32 

//Reference=MNI 
//nullstudy_60
//Subjects=21
-28  -82  -44 
-14  42  -4 
-10  -80  -36 
-18  44  34 
60  4  26 
54  36  -10 
-6  28  42 
-46  -12  -32 

//Reference=MNI 
//nullstudy_61
//Subjects=19
12  18  -4 
-4  -40  -60 
-58  0  2 
-38  18  6 
-20  -24  18 
-20  -2  50 
24  6  60 
30  24  0 

//Reference=MNI 
//nullstudy_62
//Subjects=21
-44  -34  -22 
18  6  -16 
-12  -12  -16 
-20  50  8 
-12  36  16 
-38  54  6 
-30  8  56 
-48  -74  -2 

//Reference=MNI 
//nullstudy_63
//Subjects=20
46  10  -36 
-4  38  2 
-12  12  60 
-22  -38  -10 
-32  -90  -6 
26  6  46 
-36  -20  -2 
-26  -28  -12 

//Reference=MNI 
//nullstudy_64
//Subjects=20
24  8  44 
-28  -18  -26 
-52  -42  -2 
-68  -30  -8 
-50  -52  20 
-38  -70  -8 
-20  -60  50 
-64  -34  -12 

//Reference=MNI 
//nullstudy_65
//Subjects=21
26  46  -8 
-8  -66  48 
28  32  -4 
-20  18  -18 
-34  24  -2 
-52  -6  6 
24  46  46 
-24  10  42 

//Reference=MNI 
//nullstudy_66
//Subjects=21
-36  44  -8 
-46  -50  -50 
-16  -52  -40 
-46  -40  -16 
-46  -76  -30 
-44  -16  -30 
-28  -44  12 
-10  -88  14 

//Reference=MNI 
//nullstudy_67
//Subjects=21
-10  -20  68 
-40  32  18 
-4  40  -10 
-2  -62  -4 
-10  -62  20 
-32  14  52 
-52  8  48 
-10  6  -8 

//Reference=MNI 
//nullstudy_68
//Subjects=20
-40  38  40 
-4  -76  44 
-50  38  -6 
-2  -88  0 
-32  62  10 
-20  58  8 
-10  4  48 
-34  52  -12 

//Reference=MNI 
//nullstudy_69
//Subjects=19
-2  36  58 
-26  18  54 
-52  -4  14 
4  62  8 
-6  12  -10 
32  12  -14 
-28  -48  -60 
-6  -26  48 

//Reference=MNI 
//nullstudy_70
//Subjects=20
12  28  26 
-26  -64  64 
-8  30  48 
18  10  62 
-32  -76  -18 
-8  -82  -48 
-42  -28  -30 
40  40  2 

//Reference=MNI 
//nullstudy_71
//Subjects=19
-32  52  18 
14  32  30 
50  16  30 
54  24  -6 
-4  -76  22 
-18  56  -14 
-52  14  30 
-28  54  2 

//Reference=MNI 
//nullstudy_72
//Subjects=19
-18  -70  -4 
-20  -40  70 
-26  12  0 
-38  -10  60 
-4  -24  -26 
-24  24  -26 
-6  66  -14 
-12  54  16 

//Reference=MNI 
//nullstudy_73
//Subjects=21
-46  -28  -24 
-30  -80  0 
-60  -26  32 
-20  -42  -18 
-54  -34  10 
-42  -2  52 
26  2  52 
-60  -46  -12 

//Reference=MNI 
//nullstudy_74
//Subjects=20
-8  66  -18 
-52  -62  24 
-8  -8  -36 
-42  -44  42 
-46  -4  54 
-48  40  24 
36  20  36 
-42  -64  -26 

//Reference=MNI 
//nullstudy_75
//Subjects=19
-16  34  -24 
-22  -72  48 
0  44  50 
-24  -12  -14 
-34  52  -16 
-50  -34  40 
30  12  -34 
-20  -86  40 

//Reference=MNI 
//nullstudy_76
//Subjects=20
-2  -22  -24 
44  28  14 
-4  -86  -2 
-22  -48  70 
-44  36  -18 
-40  -56  -8 
16  66  24 
-34  -10  -6 

//Reference=MNI 
//nullstudy_77
//Subjects=20
56  28  -4 
-66  -30  -8 
-42  -74  -34 
-10  -82  -32 
-14  -78  -2 
-36  -30  24 
4  26  54 
-14  -70  6 

//Reference=MNI 
//nullstudy_78
//Subjects=18
-52  -2  -2 
-50  -24  -22 
-38  -2  8 
-50  22  4 
34  40  22 
20  16  12 
-44  -2  0 
32  2  4 

//Reference=MNI 
//nullstudy_79
//Subjects=20
-4  -8  -4 
-18  -46  -42 
-44  -68  -12 
-2  -88  -18 
-6  -4  78 
-16  58  28 
-12  50  32 
-48  -80  4 

//Reference=MNI 
//nullstudy_80
//Subjects=20
-42  16  24 
8  12  38 
-10  64  24 
2  48  50 
10  42  -18 
-40  14  44 
-10  -40  62 
-8  -94  22 

//Reference=MNI 
//nullstudy_81
//Subjects=19
-22  -18  -24 
-16  -78  50 
12  56  12 
-38  -72  -32 
-38  -22  -24 
-8  -76  48 
-2  -80  -40 
-20  -6  62 

//Reference=MNI 
//nullstudy_82
//Subjects=20
-16  30  38 
-20  -8  -30 
-38  -76  48 
42  10  18 
-38  -26  -30 
-4  42  10 
-32  -76  -42 
-8  28  42 

//Reference=MNI 
//nullstudy_83
//Subjects=19
-54  -74  -12 
-44  10  48 
26  34  48 
-42  32  34 
2  36  4 
-32  -14  62 
26  34  -18 
28  54  10 

//Reference=MNI 
//nullstudy_84
//Subjects=20
42  48  22 
-66  -12  -24 
-8  -62  20 
-46  2  50 
-48  22  0 
-8  0  42 
-18  -58  -46 
-30  8  -28 

//Reference=MNI 
//nullstudy_85
//Subjects=21
-8  18  56 
-34  16  -44 
-32  -88  16 
30  44  16 
-54  -2  42 
-2  40  -10 
-28  10  50 
20  24  54 

//Reference=MNI 
//nullstudy_86
//Subjects=20
0  38  58 
-14  -56  -48 
-48  -32  36 
-12  -36  76 
44  12  22 
-10  -60  -56 
-10  -66  32 
40  4  52 

//Reference=MNI 
//nullstudy_87
//Subjects=19
-6  -84  12 
-34  -60  64 
-36  -66  36 
-6  56  4 
-14  34  58 
-54  -48  22 
-2  -40  -18 
-32  -44  -4 

//Reference=MNI 
//nullstudy_88
//Subjects=19
30  64  0 
10  40  -6 
-18  -70  10 
-24  -56  44 
-38  -68  56 
2  14  -22 
-34  -78  12 
-28  4  54 

//Reference=MNI 
//nullstudy_89
//Subjects=22
-24  -94  12 
6  24  -12 
4  68  14 
-54  -28  20 
-24  -52  -62 
-8  -36  -36 
-2  -4  66 
-44  -50  -50 

//Reference=MNI 
//nullstudy_90
//Subjects=20
-22  38  -18 
0  14  62 
-6  -28  0 
-22  -36  16 
-56  -48  18 
-16  -74  -22 
-58  -24  32 
40  46  -6 

//Reference=MNI 
//nullstudy_91
//Subjects=20
-6  -6  54 
20  12  -22 
-14  -78  -26 
-24  -82  6 
-6  -14  54 
-16  -72  14 
-32  2  60 
-20  48  -18 

//Reference=MNI 
//nullstudy_92
//Subjects=19
-52  2  20 
-20  28  62 
-8  12  16 
0  46  42 
-40  4  -14 
-52  14  -8 
-20  -92  -18 
-6  40  34 

//Reference=MNI 
//nullstudy_93
//Subjects=20
-30  8  2 
-36  -44  44 
-38  2  -48 
-42  -76  16 
-26  54  8 
10  56  12 
2  42  -2 
-22  22  64 

//Reference=MNI 
//nullstudy_94
//Subjects=18
-2  -66  16 
-30  -96  -6 
-30  48  -10 
-12  -44  -36 
-12  -14  -18 
-16  -54  -18 
-34  -12  -38 
-22  -44  -24 

//Reference=MNI 
//nullstudy_95
//Subjects=17
-46  -48  -38 
-8  -60  56 
-36  2  -4 
4  62  36 
12  8  34 
-26  -86  22 
-58  -40  18 
46  38  12 

//Reference=MNI 
//nullstudy_96
//Subjects=21
-4  -80  -38 
-4  12  -8 
-18  58  -10 
-52  38  2 
-4  -76  36 
-14  12  2 
-6  -70  28 
-22  -86  40 

//Reference=MNI 
//nullstudy_97
//Subjects=19
12  64  -4 
-60  14  14 
-16  -32  -22 
-44  -20  42 
40  56  18 
6  14  66 
-10  70  -8 
-26  -46  -34 

//Reference=MNI 
//nullstudy_98
//Subjects=20
-12  -36  40 
6  62  4 
-6  -50  50 
-8  -74  -54 
-58  -64  10 
-48  -28  18 
-48  -38  46 
-16  -62  62 

//Reference=MNI 
//nullstudy_99
//Subjects=20
-30  -82  18 
-42  -2  18 
-6  -40  64 
-26  -6  -6 
22  58  8 
-40  30  -4 
-6  -16  32 
38  40  38 

//Reference=MNI 
//nullstudy_100
//Subjects=18
40  16  32 
-48  -2  -16 
-8  -36  -4 
24  22  56 
-48  -46  -16 
-4  -60  14 
22  38  46 
-48  -16  -8 

