//Reference=MNI 
//truestudy_1
//Subjects=12
45  -65  -6 
45  -67  -5 
47  -66  -6 
46  -65  -7 
44  -66  -6 
46  -67  -7 
49  -66  -7 
46  -67  -4 

//Reference=MNI 
//truestudy_2
//Subjects=9
47  -65  -6 
44  -67  -5 
46  -66  -5 
45  -66  -7 
47  -66  -7 
47  -65  -7 
46  -66  -7 
47  -65  -5 

//Reference=MNI 
//truestudy_3
//Subjects=11
45  -66  -6 
46  -66  -6 
48  -66  -6 
47  -65  -5 
46  -65  -5 
46  -67  -6 
46  -64  -4 
46  -66  -6 

//Reference=MNI 
//nullstudy_1
//Subjects=12
-26  22  -24 
-8  0  -28 
-48  -34  58 
-24  -102  -4 
-50  -60  -38 
-20  -80  16 
-28  6  62 
14  38  52 

//Reference=MNI 
//nullstudy_2
//Subjects=9
-6  -40  40 
-18  -66  -54 
-52  14  26 
34  24  -36 
-26  8  54 
-58  -62  16 
-48  -32  -2 
8  54  22 

//Reference=MNI 
//nullstudy_3
//Subjects=11
-14  -10  -18 
36  36  44 
26  22  64 
34  24  30 
-48  22  -4 
-62  -10  -12 
-6  -50  20 
-2  -96  8 

//Reference=MNI 
//nullstudy_4
//Subjects=10
-36  -52  -36 
-14  -88  -16 
-62  -48  28 
-30  -14  60 
-16  -44  50 
-10  -28  52 
-30  -80  28 
-36  42  6 

//Reference=MNI 
//nullstudy_5
//Subjects=9
-46  -70  2 
-54  -12  18 
-24  -62  46 
14  52  32 
-52  34  18 
-26  28  38 
-52  40  12 
-12  -34  -12 

//Reference=MNI 
//nullstudy_6
//Subjects=11
-16  14  14 
-22  -24  70 
-58  -62  6 
-48  28  34 
-10  42  -22 
-44  16  -30 
50  32  -4 
40  18  30 

//Reference=MNI 
//nullstudy_7
//Subjects=9
38  18  -16 
-44  36  -22 
44  14  2 
-12  14  -18 
-42  10  22 
28  18  -4 
-48  -58  48 
30  14  -32 

//Reference=MNI 
//nullstudy_8
//Subjects=9
-36  38  0 
-34  -46  -20 
-14  -88  -26 
-52  12  28 
-62  -36  30 
26  14  2 
-38  -62  4 
-8  -86  0 

//Reference=MNI 
//nullstudy_9
//Subjects=11
-2  26  12 
-24  -44  -30 
-24  -84  44 
-28  -38  68 
10  8  -24 
-18  -86  32 
26  20  -18 
-54  -2  44 

//Reference=MNI 
//nullstudy_10
//Subjects=11
6  20  62 
-2  -58  -50 
-6  20  48 
-6  -46  20 
-36  -56  -6 
-4  -32  68 
-10  -58  -20 
-14  -30  8 

//Reference=MNI 
//nullstudy_11
//Subjects=9
-6  8  -28 
-2  -44  34 
-2  -4  42 
-46  -32  8 
-12  66  6 
-14  16  64 
-26  18  60 
-36  -58  -50 

//Reference=MNI 
//nullstudy_12
//Subjects=12
-8  18  -28 
-30  -100  -4 
30  48  26 
-24  62  6 
26  14  -28 
26  26  40 
-40  -74  -24 
-20  -44  -48 

//Reference=MNI 
//nullstudy_13
//Subjects=8
16  54  24 
20  44  -14 
-34  -72  24 
30  54  34 
-40  -58  50 
-28  64  18 
-64  -8  -8 
-44  -10  -10 

//Reference=MNI 
//nullstudy_14
//Subjects=9
-6  -10  54 
4  46  -14 
-40  -14  -22 
-2  -80  0 
-20  -12  -12 
-46  2  -38 
-40  -32  20 
8  48  -12 

//Reference=MNI 
//nullstudy_15
//Subjects=10
-46  -34  16 
-52  -60  -18 
-52  -4  -26 
-12  -22  -8 
50  46  14 
-10  -40  -58 
-24  48  20 
-16  14  2 

//Reference=MNI 
//nullstudy_16
//Subjects=9
-54  -42  -18 
-12  58  16 
28  42  10 
-56  22  28 
-58  20  20 
-26  -52  8 
-2  -42  -50 
-8  -16  36 

//Reference=MNI 
//nullstudy_17
//Subjects=9
36  6  24 
14  6  -36 
-22  -74  48 
-14  -80  -26 
8  32  14 
-12  -12  70 
-40  -22  0 
-10  16  -30 

//Reference=MNI 
//nullstudy_18
//Subjects=9
34  42  -16 
-30  16  10 
-46  -74  4 
-14  -70  -18 
-34  -78  24 
6  10  8 
-40  26  -2 
-6  -32  -10 

//Reference=MNI 
//nullstudy_19
//Subjects=11
-14  36  -26 
-32  12  -36 
8  38  4 
-30  -50  36 
-68  -22  0 
26  36  42 
-30  -72  40 
34  18  26 

//Reference=MNI 
//nullstudy_20
//Subjects=11
4  18  48 
10  54  28 
34  62  -6 
-2  64  16 
-12  50  -6 
-40  14  -10 
-24  46  4 
16  48  40 

//Reference=MNI 
//nullstudy_21
//Subjects=10
30  64  2 
-56  -14  24 
-40  0  -46 
-34  -54  52 
-18  -76  56 
-28  -88  24 
-58  -4  36 
-46  -30  58 

//Reference=MNI 
//nullstudy_22
//Subjects=10
0  4  16 
-8  -80  48 
-8  -74  20 
-34  -6  50 
12  22  10 
-56  -58  -4 
-40  6  -42 
-52  -36  50 

//Reference=MNI 
//nullstudy_23
//Subjects=10
-6  2  -4 
10  10  64 
-26  -14  -44 
-66  -48  24 
-56  -52  22 
30  24  -26 
-30  -72  -52 
-38  -66  -40 

//Reference=MNI 
//nullstudy_24
//Subjects=11
-40  10  28 
-12  -76  -2 
-14  -72  24 
22  22  36 
-28  -88  8 
4  40  20 
14  26  66 
-26  -64  52 

//Reference=MNI 
//nullstudy_25
//Subjects=11
-16  64  20 
24  62  -18 
-54  -70  -14 
-12  12  -28 
-58  -42  -28 
-50  -46  -26 
-6  -16  -36 
-44  -28  36 

//Reference=MNI 
//nullstudy_26
//Subjects=9
-6  6  12 
-2  -36  -42 
-8  -24  14 
30  14  36 
-54  -42  0 
30  58  -14 
-6  -30  30 
-22  -84  16 

//Reference=MNI 
//nullstudy_27
//Subjects=10
-16  -64  44 
-38  40  8 
-54  -26  10 
-48  -52  56 
-26  44  16 
4  28  52 
42  28  -8 
52  46  2 

//Reference=MNI 
//nullstudy_28
//Subjects=10
24  56  14 
-46  -64  36 
12  54  -20 
-16  -40  -6 
26  50  28 
-2  -64  32 
-40  -66  -10 
-16  -28  42 

//Reference=MNI 
//nullstudy_29
//Subjects=10
-44  -50  26 
-44  -46  -46 
-48  -58  40 
-6  8  46 
-20  -14  -36 
-8  -22  -6 
6  26  26 
14  4  50 

//Reference=MNI 
//nullstudy_30
//Subjects=11
48  8  -24 
56  30  16 
6  4  76 
-6  -56  56 
-42  10  0 
-32  -94  6 
-44  22  0 
30  12  2 

//Reference=MNI 
//nullstudy_31
//Subjects=11
-66  -54  10 
-30  -8  2 
44  28  6 
-22  -30  54 
-40  38  -10 
-16  -74  30 
-10  -48  -50 
38  16  -24 

//Reference=MNI 
//nullstudy_32
//Subjects=10
46  2  -40 
-26  -44  36 
-6  34  40 
-16  -60  -8 
-50  8  16 
-6  -2  58 
28  6  62 
-28  -14  -44 

//Reference=MNI 
//nullstudy_33
//Subjects=9
-8  38  42 
-36  -78  -18 
-50  -2  22 
-2  -52  26 
-46  18  10 
-56  -56  -6 
-32  -4  44 
26  62  16 

//Reference=MNI 
//nullstudy_34
//Subjects=10
-20  46  18 
-20  14  -24 
24  42  26 
0  52  -20 
-6  -74  42 
56  18  12 
-6  -78  -16 
6  6  -6 

//Reference=MNI 
//nullstudy_35
//Subjects=9
-44  -2  -30 
-30  -72  20 
-8  -76  -20 
-6  50  36 
20  38  -24 
20  56  6 
-18  -94  0 
-6  -80  -38 

//Reference=MNI 
//nullstudy_36
//Subjects=9
-12  24  0 
-4  -60  -12 
14  40  -26 
-28  -60  -28 
-30  56  -6 
-8  -24  58 
-52  2  8 
-6  38  56 

//Reference=MNI 
//nullstudy_37
//Subjects=9
-36  -56  -42 
-48  -70  -6 
-34  38  -6 
-14  -94  0 
-22  -80  42 
-18  -26  -6 
-38  18  -40 
24  4  56 

//Reference=MNI 
//nullstudy_38
//Subjects=10
-62  -28  48 
12  48  -24 
14  40  -20 
-46  12  -28 
-52  -4  14 
-30  -58  50 
48  26  26 
-32  -26  -24 

//Reference=MNI 
//nullstudy_39
//Subjects=10
62  18  12 
36  34  2 
4  48  26 
2  18  42 
-36  -50  -34 
-22  34  -8 
-38  30  42 
-56  -60  -4 

//Reference=MNI 
//nullstudy_40
//Subjects=10
-40  -8  2 
-52  -12  -16 
-24  -76  20 
-6  12  58 
-44  -30  50 
-46  -8  26 
-52  -6  4 
-20  42  34 

//Reference=MNI 
//nullstudy_41
//Subjects=11
-30  -68  -46 
8  28  12 
-4  -18  -32 
-22  46  -12 
-24  58  -10 
-10  -56  -14 
18  46  -20 
-44  -66  -2 

//Reference=MNI 
//nullstudy_42
//Subjects=12
24  36  26 
-26  -12  0 
-4  -34  -6 
-28  -8  0 
-34  52  18 
-12  -66  -2 
26  58  8 
-44  -76  -20 

//Reference=MNI 
//nullstudy_43
//Subjects=11
44  18  46 
-4  -76  58 
32  4  64 
-12  -16  -28 
-48  14  -14 
-58  -54  26 
-44  -30  22 
-36  -2  58 

//Reference=MNI 
//nullstudy_44
//Subjects=8
-52  -68  38 
-8  -48  24 
-42  -2  -42 
6  20  -4 
-60  -46  -2 
30  54  -12 
40  4  -48 
-58  -58  26 

//Reference=MNI 
//nullstudy_45
//Subjects=10
36  8  26 
-40  18  32 
-50  -32  62 
-38  54  8 
-46  0  -24 
34  42  -14 
-34  54  -6 
-12  38  54 

//Reference=MNI 
//nullstudy_46
//Subjects=10
46  26  -2 
10  64  -4 
6  40  16 
-62  -54  30 
-4  -66  2 
-14  -92  -28 
-32  -42  -46 
-16  54  32 

//Reference=MNI 
//nullstudy_47
//Subjects=9
-28  50  30 
-26  -76  -12 
-32  -72  -12 
-10  -64  -4 
-4  -14  12 
-14  0  58 
-28  -54  68 
-42  -50  42 

//Reference=MNI 
//nullstudy_48
//Subjects=10
-30  12  -38 
-28  4  -16 
-14  -14  76 
-8  64  22 
14  34  60 
-62  -12  36 
-46  -4  2 
-14  -80  -34 

//Reference=MNI 
//nullstudy_49
//Subjects=10
-12  -94  -18 
-46  -56  28 
-30  -88  -20 
-18  -42  10 
28  12  -40 
-60  -44  -2 
-50  12  46 
-28  -48  66 

//Reference=MNI 
//nullstudy_50
//Subjects=9
58  4  16 
-26  30  38 
-10  28  22 
-20  -58  -2 
-56  -4  -14 
-6  -38  4 
28  48  34 
-36  -92  -16 

//Reference=MNI 
//nullstudy_51
//Subjects=11
24  54  40 
-10  -2  56 
-14  -70  -40 
0  20  32 
-46  -30  16 
-8  -16  50 
4  66  12 
-12  -22  70 

//Reference=MNI 
//nullstudy_52
//Subjects=11
38  60  -10 
-14  -62  46 
-46  6  12 
14  36  12 
-58  -2  20 
-16  24  44 
-34  20  -42 
-24  -46  8 

//Reference=MNI 
//nullstudy_53
//Subjects=10
-38  44  -12 
-2  32  46 
30  26  32 
-8  2  66 
36  12  -12 
60  18  26 
-8  -26  38 
4  66  26 

//Reference=MNI 
//nullstudy_54
//Subjects=9
-10  -4  -36 
-48  -38  44 
-28  -16  54 
-30  36  34 
4  50  -2 
2  66  -12 
-32  8  12 
-18  -44  -44 

//Reference=MNI 
//nullstudy_55
//Subjects=10
0  46  34 
50  16  36 
-22  -44  -60 
-34  -28  62 
-6  -2  66 
-28  -92  6 
-36  -66  18 
-54  -6  -44 

//Reference=MNI 
//nullstudy_56
//Subjects=11
-16  -104  -8 
14  6  18 
-16  -86  -38 
-28  52  -14 
-8  -72  8 
-34  -80  -4 
-24  2  54 
-18  -36  72 

//Reference=MNI 
//nullstudy_57
//Subjects=8
-20  2  60 
48  6  14 
30  18  56 
-2  -80  48 
-16  0  58 
-6  8  -8 
0  44  -20 
-58  -22  22 

//Reference=MNI 
//nullstudy_58
//Subjects=10
-60  18  18 
-40  24  32 
-62  -42  -14 
-36  -38  -16 
-2  -32  -18 
-32  -90  30 
-26  -48  -42 
-50  -10  36 

//Reference=MNI 
//nullstudy_59
//Subjects=9
-54  -14  -42 
-36  12  30 
-36  0  46 
-16  -104  -10 
-42  -18  -26 
-22  42  48 
-24  -36  -38 
18  12  2 

//Reference=MNI 
//nullstudy_60
//Subjects=11
-24  62  -16 
-54  0  -24 
-8  -70  46 
40  38  -14 
-42  -56  2 
-38  -44  -30 
52  14  44 
-66  -8  4 

//Reference=MNI 
//nullstudy_61
//Subjects=11
-10  36  24 
-14  -12  76 
-40  30  8 
-28  66  -2 
-18  -80  24 
36  6  0 
-4  20  -8 
-46  -80  18 

//Reference=MNI 
//nullstudy_62
//Subjects=9
-38  58  -12 
24  54  6 
2  40  -6 
-30  -48  -56 
2  18  -24 
-26  46  -12 
22  50  28 
44  4  -4 

//Reference=MNI 
//nullstudy_63
//Subjects=10
-34  -50  -14 
-38  -14  60 
-40  44  6 
-2  -36  44 
-20  -90  -28 
-2  60  34 
12  56  -20 
34  14  52 

//Reference=MNI 
//nullstudy_64
//Subjects=11
-46  -42  22 
-26  48  -14 
-8  -64  32 
62  6  -24 
-2  42  -4 
6  44  -22 
-26  -30  -18 
-64  -56  8 

//Reference=MNI 
//nullstudy_65
//Subjects=10
-28  -44  -26 
22  12  -34 
-6  -14  -28 
4  58  38 
-24  -28  -22 
-30  -42  0 
10  14  42 
-58  4  12 

//Reference=MNI 
//nullstudy_66
//Subjects=11
32  28  -4 
-2  40  28 
-16  -4  22 
-16  24  6 
58  26  22 
-10  -4  -18 
16  14  68 
-54  8  -12 

//Reference=MNI 
//nullstudy_67
//Subjects=11
-24  -56  56 
-22  -50  54 
-18  26  -20 
-52  -28  20 
8  22  -20 
-2  28  24 
-28  -52  -48 
46  36  4 

//Reference=MNI 
//nullstudy_68
//Subjects=11
-4  -44  24 
-18  -100  10 
-12  -64  -44 
-42  -70  48 
-8  -46  -10 
-38  -56  44 
-30  -6  -14 
-26  -66  64 

//Reference=MNI 
//nullstudy_69
//Subjects=9
10  58  12 
-46  -16  22 
-30  42  28 
46  30  -12 
36  20  40 
-16  -62  -56 
-70  -30  10 
2  22  -10 

//Reference=MNI 
//nullstudy_70
//Subjects=9
-16  -42  -8 
-64  -12  -2 
10  2  -14 
-4  44  -18 
-34  -54  66 
-36  -60  -12 
-60  0  14 
-32  -78  -40 

//Reference=MNI 
//nullstudy_71
//Subjects=11
-44  0  38 
-40  -48  18 
-4  14  -20 
-36  -48  -36 
30  14  48 
14  14  48 
-4  -14  44 
-14  -68  -24 

//Reference=MNI 
//nullstudy_72
//Subjects=13
-4  -64  -2 
-22  -6  -42 
-4  44  -2 
-10  -76  14 
-10  -30  36 
18  58  -6 
26  8  -18 
-34  20  60 

//Reference=MNI 
//nullstudy_73
//Subjects=11
-8  0  70 
50  46  12 
-36  -28  20 
-56  -20  10 
-42  16  18 
-34  -64  30 
-2  -50  40 
-12  42  -24 

//Reference=MNI 
//nullstudy_74
//Subjects=11
10  18  50 
4  14  60 
-16  -78  52 
12  48  -20 
-8  10  60 
-50  0  22 
22  4  66 
-38  30  24 

//Reference=MNI 
//nullstudy_75
//Subjects=9
66  2  -6 
-16  -60  -48 
-8  20  36 
36  20  22 
-10  -30  22 
-24  -22  -22 
-60  -58  -14 
-34  -16  60 

//Reference=MNI 
//nullstudy_76
//Subjects=11
22  56  22 
44  12  18 
-54  -12  26 
-14  22  -4 
-16  -86  34 
20  16  14 
10  56  -4 
4  52  26 

//Reference=MNI 
//nullstudy_77
//Subjects=11
-28  42  8 
-62  -24  6 
-20  -40  62 
-30  10  -4 
-50  -66  12 
-18  -16  60 
-40  -14  -38 
20  22  44 

//Reference=MNI 
//nullstudy_78
//Subjects=9
-22  -98  12 
-42  18  -28 
26  14  -42 
-6  -34  -10 
-18  -48  -32 
28  48  -6 
-46  44  -14 
-8  -78  22 

//Reference=MNI 
//nullstudy_79
//Subjects=9
-44  -62  36 
18  54  -18 
-68  -30  8 
-16  -8  -38 
-32  26  54 
-2  -38  -56 
-40  -36  54 
-4  -50  -66 

//Reference=MNI 
//nullstudy_80
//Subjects=12
-42  8  -2 
-46  16  26 
-4  28  50 
-16  -46  -30 
-8  -16  42 
-46  14  22 
-10  -36  48 
-30  -82  -18 

//Reference=MNI 
//nullstudy_81
//Subjects=9
-38  -14  62 
-12  36  34 
-8  -44  36 
54  10  8 
-32  32  22 
18  18  -24 
40  16  14 
-44  44  -4 

//Reference=MNI 
//nullstudy_82
//Subjects=10
8  46  -14 
34  24  -2 
26  34  48 
-44  -68  36 
-12  -32  2 
-40  -50  -46 
-26  60  -14 
46  2  60 

//Reference=MNI 
//nullstudy_83
//Subjects=9
-38  18  -42 
48  20  10 
-60  -36  -20 
-4  -40  -48 
38  30  26 
-14  -42  32 
4  46  24 
-14  -26  -24 

//Reference=MNI 
//nullstudy_84
//Subjects=11
20  2  -42 
-28  -32  -16 
6  42  54 
54  14  8 
-66  -8  -18 
-30  -64  -34 
-38  18  10 
20  48  22 

//Reference=MNI 
//nullstudy_85
//Subjects=10
-46  -16  56 
-34  12  64 
-38  -40  58 
10  56  40 
-20  -4  -22 
-30  -60  -46 
0  40  8 
-8  18  -4 

//Reference=MNI 
//nullstudy_86
//Subjects=10
-54  2  -6 
-44  -14  -38 
-32  34  28 
-48  -28  -10 
-44  -40  64 
-48  -32  8 
-36  6  -40 
-38  -28  58 

//Reference=MNI 
//nullstudy_87
//Subjects=10
-26  -68  -24 
36  14  -10 
-18  -42  50 
24  14  6 
-2  66  0 
-50  10  28 
-42  -78  10 
-54  40  2 

//Reference=MNI 
//nullstudy_88
//Subjects=10
-18  -64  -32 
-4  -46  -10 
18  26  64 
24  44  16 
-18  22  -18 
44  30  40 
-30  -20  -16 
-28  4  4 

//Reference=MNI 
//nullstudy_89
//Subjects=10
-12  -72  34 
-18  8  -2 
-2  -88  -12 
-16  -56  -6 
30  22  -36 
-22  -46  12 
46  46  -4 
-36  -28  44 

//Reference=MNI 
//nullstudy_90
//Subjects=11
-24  -50  48 
-34  -58  -58 
-18  -10  58 
-14  -80  36 
8  60  34 
-20  68  16 
-48  44  14 
32  18  6 

//Reference=MNI 
//nullstudy_91
//Subjects=10
28  48  26 
-24  -48  -46 
38  34  6 
16  68  4 
-8  -88  -14 
-42  6  2 
-42  8  -28 
-20  -30  -16 

//Reference=MNI 
//nullstudy_92
//Subjects=10
-32  28  -4 
-38  -26  52 
-56  -10  -18 
-60  -22  26 
-44  44  22 
-2  -10  -18 
-30  26  -8 
50  32  -8 

//Reference=MNI 
//nullstudy_93
//Subjects=11
34  8  56 
-26  -14  -24 
-8  -96  24 
-12  -78  34 
-12  -4  -28 
34  2  0 
22  6  -4 
-16  -66  60 

//Reference=MNI 
//nullstudy_94
//Subjects=10
-6  -92  -34 
-48  -76  -34 
-48  20  40 
-20  -42  -44 
-34  6  48 
-48  -54  -30 
-6  -4  -34 
-56  20  4 

//Reference=MNI 
//nullstudy_95
//Subjects=12
-30  -38  -52 
-16  -30  -12 
-40  -14  10 
-54  -74  24 
-44  22  38 
-28  8  -36 
-14  -26  68 
-24  -84  26 

//Reference=MNI 
//nullstudy_96
//Subjects=11
18  52  30 
-46  -14  -18 
-46  -58  -24 
-16  -54  50 
36  56  6 
-4  -58  -8 
-40  -84  8 
-48  -70  38 

//Reference=MNI 
//nullstudy_97
//Subjects=9
-16  14  -28 
-32  -96  4 
-2  40  46 
-6  -100  20 
-50  8  30 
-58  -6  -36 
-44  42  0 
-2  40  -8 

//Reference=MNI 
//nullstudy_98
//Subjects=10
12  20  -4 
-26  20  50 
-16  40  48 
-30  -10  -28 
-48  42  8 
30  26  -2 
-24  16  -2 
-38  -42  66 

//Reference=MNI 
//nullstudy_99
//Subjects=9
-26  -40  -34 
52  6  12 
-50  -40  48 
-42  -42  -46 
24  4  -4 
30  36  18 
-34  26  34 
-26  -4  -40 

//Reference=MNI 
//nullstudy_100
//Subjects=10
52  34  8 
-8  -2  46 
-54  -16  0 
-6  -26  -14 
-56  4  -12 
-18  -66  -32 
-30  22  -6 
-44  -40  24 

