//Reference=MNI 
//truestudy_1
//Subjects=9
46  -66  -6 
47  -66  -6 
47  -65  -6 
44  -64  -8 
46  -66  -6 
46  -65  -6 
47  -66  -8 
46  -65  -7 

//Reference=MNI 
//truestudy_2
//Subjects=12
47  -68  -6 
46  -66  -7 
46  -66  -7 
46  -66  -7 
45  -66  -5 
45  -66  -7 
45  -69  -5 
48  -66  -7 

//Reference=MNI 
//truestudy_3
//Subjects=9
47  -66  -7 
46  -67  -5 
46  -65  -5 
46  -66  -5 
45  -66  -6 
46  -68  -5 
47  -66  -7 
46  -66  -4 

//Reference=MNI 
//nullstudy_1
//Subjects=9
-14  -82  10 
8  32  40 
-6  -82  40 
32  24  -30 
-52  -38  14 
-12  58  20 
-8  -48  60 
34  18  32 

//Reference=MNI 
//nullstudy_2
//Subjects=12
-10  8  42 
-36  12  4 
-14  -28  10 
-4  22  8 
-40  -24  -28 
34  12  -4 
22  6  -26 
-16  -28  68 

//Reference=MNI 
//nullstudy_3
//Subjects=9
-40  -22  68 
-40  -2  16 
-6  -74  -6 
-38  2  4 
-64  -2  -16 
-48  -8  22 
-32  30  38 
-18  28  6 

//Reference=MNI 
//nullstudy_4
//Subjects=11
-22  -40  -56 
30  8  58 
-4  70  6 
-14  68  -2 
50  30  38 
-54  -74  22 
-38  -46  -50 
-2  -18  56 

//Reference=MNI 
//nullstudy_5
//Subjects=10
-4  -48  -6 
-56  -2  -10 
-28  4  6 
-40  26  4 
-20  4  -14 
38  6  -40 
42  20  20 
-40  -74  -26 

//Reference=MNI 
//nullstudy_6
//Subjects=12
48  10  -36 
-28  -8  -28 
-52  12  22 
-20  -84  44 
-42  -4  36 
-34  -80  -48 
-32  -62  48 
-40  -32  -28 

//Reference=MNI 
//nullstudy_7
//Subjects=9
-20  -4  64 
-14  -16  44 
-24  20  46 
20  20  4 
-64  -14  30 
-16  -60  0 
42  46  -14 
44  2  -42 

//Reference=MNI 
//nullstudy_8
//Subjects=11
-46  -26  48 
-32  30  52 
-52  -62  40 
-50  -26  60 
-44  -26  2 
-42  8  -12 
-38  -68  -20 
-40  0  60 

//Reference=MNI 
//nullstudy_9
//Subjects=11
-46  -58  24 
-6  -60  48 
-26  -80  -22 
-46  -60  22 
-28  -48  52 
-62  -28  -2 
-16  -18  22 
-40  20  12 

//Reference=MNI 
//nullstudy_10
//Subjects=9
-8  -10  -18 
-2  30  -28 
-12  22  -16 
-24  -8  -42 
-32  -58  -4 
48  40  -4 
-40  -20  -20 
18  62  26 

//Reference=MNI 
//nullstudy_11
//Subjects=9
-48  42  -6 
0  46  32 
0  38  8 
-34  44  16 
-26  -90  4 
-10  26  36 
-44  -60  48 
50  36  -4 

//Reference=MNI 
//nullstudy_12
//Subjects=8
-4  -94  -2 
-62  -44  18 
-20  -26  -36 
36  40  -16 
-34  -86  -10 
44  26  -12 
-36  28  20 
52  16  10 

//Reference=MNI 
//nullstudy_13
//Subjects=11
-48  -62  -20 
-50  -70  -22 
-10  16  -4 
-8  16  50 
-24  66  0 
-42  -60  8 
40  52  16 
-40  -44  -14 

//Reference=MNI 
//nullstudy_14
//Subjects=8
4  40  -2 
-28  24  4 
-28  -66  -24 
-10  6  10 
-40  -58  -28 
-2  -40  62 
-44  16  -4 
34  18  10 

//Reference=MNI 
//nullstudy_15
//Subjects=8
-4  -54  34 
-28  10  -22 
-20  -72  -6 
-6  -60  -4 
-14  -54  -30 
-4  18  36 
46  16  -2 
54  22  -6 

//Reference=MNI 
//nullstudy_16
//Subjects=9
2  22  54 
-34  -60  16 
14  60  -2 
-50  -42  -12 
-20  -24  20 
-16  -6  76 
-6  -26  12 
-18  -56  -36 

//Reference=MNI 
//nullstudy_17
//Subjects=11
-8  -76  12 
10  36  34 
50  32  22 
-32  -12  -34 
-18  -84  10 
-4  36  22 
-22  -56  -8 
-12  -68  -20 

//Reference=MNI 
//nullstudy_18
//Subjects=11
-48  -52  -4 
12  48  -26 
-30  -88  20 
-26  -54  -50 
8  6  30 
-30  -68  -20 
-38  56  14 
-34  42  30 

//Reference=MNI 
//nullstudy_19
//Subjects=8
-30  -50  54 
-22  12  -24 
-32  20  -12 
4  20  42 
-30  -26  12 
-16  -52  -58 
-34  52  -8 
-58  -22  4 

//Reference=MNI 
//nullstudy_20
//Subjects=11
46  22  12 
-8  -46  -30 
-48  -56  48 
-32  14  -40 
-46  16  44 
-52  -26  34 
4  10  24 
34  46  -14 

//Reference=MNI 
//nullstudy_21
//Subjects=9
-44  -70  -4 
-52  -36  50 
-40  -66  -26 
-38  -76  10 
-42  2  12 
-58  4  -32 
-2  40  28 
-50  14  38 

//Reference=MNI 
//nullstudy_22
//Subjects=11
-4  -52  -44 
38  24  -12 
-28  40  48 
-50  -54  36 
-20  -80  -30 
-36  -2  -2 
-20  -86  42 
-2  6  4 

//Reference=MNI 
//nullstudy_23
//Subjects=11
-14  10  10 
-46  -16  44 
-42  -18  22 
20  18  50 
30  18  -36 
-12  -26  22 
-6  -68  62 
-40  -24  2 

//Reference=MNI 
//nullstudy_24
//Subjects=11
14  52  -16 
-6  -18  -36 
0  20  -14 
34  56  24 
46  22  22 
-16  -4  -12 
-40  -6  -12 
-4  58  -4 

//Reference=MNI 
//nullstudy_25
//Subjects=9
-8  52  -12 
-22  -100  -8 
8  20  48 
-16  -34  -24 
-48  -10  -12 
-30  12  28 
-34  -42  -44 
34  44  34 

//Reference=MNI 
//nullstudy_26
//Subjects=12
-64  -42  6 
42  22  16 
-38  48  14 
-52  -34  -4 
-18  46  48 
32  4  68 
-38  -42  -38 
-50  -48  42 

//Reference=MNI 
//nullstudy_27
//Subjects=10
-4  -74  -16 
32  4  30 
8  36  -22 
18  6  -6 
-12  -84  32 
-40  38  6 
-42  -68  14 
12  24  -14 

//Reference=MNI 
//nullstudy_28
//Subjects=10
38  6  -40 
-22  -98  12 
-40  -12  32 
50  10  -26 
-40  -24  -20 
-16  -72  -32 
14  26  -20 
-6  34  0 

//Reference=MNI 
//nullstudy_29
//Subjects=10
-6  -88  12 
-40  24  4 
-18  -30  10 
-30  -68  44 
-24  28  42 
-36  -94  12 
-18  -30  0 
-64  -16  -24 

//Reference=MNI 
//nullstudy_30
//Subjects=10
-58  -50  10 
-32  -88  16 
38  12  -46 
-22  -46  6 
34  32  16 
-26  6  0 
-56  6  -32 
-44  10  56 

//Reference=MNI 
//nullstudy_31
//Subjects=11
-18  -10  -22 
-12  18  46 
-10  -58  36 
-38  -20  -20 
16  62  -2 
-50  -12  16 
-4  -22  -18 
-58  -52  30 

//Reference=MNI 
//nullstudy_32
//Subjects=10
2  44  2 
-46  -36  -20 
-26  24  48 
-18  58  -2 
-40  -58  -20 
-34  -50  -36 
-34  -34  54 
-62  -6  36 

//Reference=MNI 
//nullstudy_33
//Subjects=8
-24  -92  28 
-16  6  64 
-36  54  -18 
-38  -14  -6 
60  4  20 
54  30  -10 
46  38  -16 
-30  -52  54 

//Reference=MNI 
//nullstudy_34
//Subjects=11
-32  -38  48 
-34  -64  20 
-16  -62  -46 
-62  -24  -10 
-60  -16  -20 
-34  32  24 
-62  -52  8 
-56  -62  14 

//Reference=MNI 
//nullstudy_35
//Subjects=10
4  20  -20 
-58  10  -14 
-58  -56  -22 
-42  -56  34 
-50  -22  54 
-36  -16  -20 
-6  -94  30 
-16  -84  -50 

//Reference=MNI 
//nullstudy_36
//Subjects=10
14  10  -28 
46  10  20 
56  18  38 
-44  40  20 
52  18  46 
-8  -76  36 
36  8  4 
32  58  -18 

//Reference=MNI 
//nullstudy_37
//Subjects=11
-10  -34  76 
-10  -18  6 
-18  6  -18 
-44  -20  14 
4  66  6 
-44  8  -26 
26  4  48 
-8  -94  6 

//Reference=MNI 
//nullstudy_38
//Subjects=11
-20  -94  -16 
-58  -18  30 
-10  -24  4 
-52  -22  36 
36  40  6 
-38  -64  -36 
-34  -54  52 
-8  -6  -34 

//Reference=MNI 
//nullstudy_39
//Subjects=11
-16  -60  30 
40  4  -20 
-14  -56  60 
30  30  4 
-58  -28  -2 
-2  -20  -16 
-20  -46  -2 
-40  -4  -40 

//Reference=MNI 
//nullstudy_40
//Subjects=12
30  46  -16 
44  34  4 
-56  -52  -14 
-10  -74  -28 
-40  14  -12 
48  14  38 
-14  -42  74 
-10  -72  26 

//Reference=MNI 
//nullstudy_41
//Subjects=8
-60  -4  18 
0  42  20 
-2  -60  16 
20  48  14 
-26  -92  -8 
26  18  -44 
-46  -46  18 
-42  -38  -14 

//Reference=MNI 
//nullstudy_42
//Subjects=11
-48  2  40 
-32  54  20 
-2  0  22 
56  30  0 
-2  -102  0 
10  26  38 
-60  -42  -28 
-4  -56  -14 

//Reference=MNI 
//nullstudy_43
//Subjects=12
-14  -68  30 
-20  -48  74 
-46  40  -6 
-32  -8  18 
-22  -36  54 
6  10  -6 
-22  -48  -46 
-42  40  12 

//Reference=MNI 
//nullstudy_44
//Subjects=10
-10  -98  -2 
-58  8  -24 
-66  -8  2 
30  52  12 
-66  -52  -12 
-56  -10  -20 
-14  -90  -16 
-28  -10  -22 

//Reference=MNI 
//nullstudy_45
//Subjects=10
56  8  2 
4  34  40 
-12  -28  22 
50  42  24 
-4  -68  -6 
8  26  62 
-10  -14  66 
-20  -78  -18 

//Reference=MNI 
//nullstudy_46
//Subjects=11
-10  2  -24 
-20  58  -10 
-16  -18  24 
-38  -8  -36 
4  36  26 
-24  -20  72 
-34  60  18 
-4  -18  -16 

//Reference=MNI 
//nullstudy_47
//Subjects=10
-22  34  -22 
-20  -84  -40 
36  8  48 
-54  -14  -4 
26  10  -30 
6  44  54 
-16  -68  44 
-12  -70  46 

//Reference=MNI 
//nullstudy_48
//Subjects=9
-34  -8  48 
-10  -58  24 
-28  36  22 
-2  -56  0 
16  48  -14 
30  16  -36 
-6  -92  14 
-12  -48  -60 

//Reference=MNI 
//nullstudy_49
//Subjects=9
-4  -74  -2 
-10  -68  -58 
56  8  -14 
-66  -40  -2 
-8  -34  30 
-46  -6  -48 
-2  28  -12 
-20  -68  -12 

//Reference=MNI 
//nullstudy_50
//Subjects=9
-40  8  -40 
-22  -60  18 
-46  -42  -30 
-36  -26  20 
-36  34  -18 
14  50  10 
-48  -54  2 
-36  -72  40 

//Reference=MNI 
//nullstudy_51
//Subjects=9
24  46  40 
-14  -36  76 
-54  2  -2 
20  10  16 
-42  18  40 
-40  -14  64 
12  60  -2 
42  10  -38 

//Reference=MNI 
//nullstudy_52
//Subjects=10
-50  -28  -22 
-40  -76  -38 
-6  -72  38 
-42  -78  -26 
-8  -60  -64 
-26  -66  60 
-4  -6  32 
-18  -8  -44 

//Reference=MNI 
//nullstudy_53
//Subjects=11
34  20  -4 
-24  -46  64 
-36  4  12 
-2  -44  -40 
-54  24  -4 
-32  -56  -26 
-44  14  22 
-18  18  4 

//Reference=MNI 
//nullstudy_54
//Subjects=10
38  26  6 
4  8  56 
-12  -26  2 
-18  50  26 
-8  -42  -4 
-20  -20  -22 
-60  -20  0 
-14  -90  0 

//Reference=MNI 
//nullstudy_55
//Subjects=10
-18  -32  -8 
-50  2  40 
-40  0  -42 
14  8  22 
8  12  -20 
10  2  -24 
-64  -58  20 
-12  -36  20 

//Reference=MNI 
//nullstudy_56
//Subjects=11
-12  -52  60 
32  54  16 
-26  -40  48 
-42  -60  8 
36  60  -4 
18  22  2 
-4  -42  -22 
-16  -28  18 

//Reference=MNI 
//nullstudy_57
//Subjects=9
-44  -68  14 
-20  -50  -14 
-56  -26  44 
-44  -26  54 
-12  18  8 
4  14  -2 
-6  -40  68 
-4  10  30 

//Reference=MNI 
//nullstudy_58
//Subjects=11
-42  32  -20 
-36  8  -8 
-38  -32  68 
-34  30  -24 
-54  -64  16 
-4  -92  0 
-38  -2  -40 
2  68  -10 

//Reference=MNI 
//nullstudy_59
//Subjects=8
-48  -30  2 
30  58  6 
-8  -24  -2 
-16  -82  36 
-70  -22  4 
28  20  4 
-10  -72  -34 
12  58  20 

//Reference=MNI 
//nullstudy_60
//Subjects=12
-60  -24  36 
-60  -40  0 
40  22  12 
24  70  4 
-20  54  22 
62  18  6 
-34  14  48 
-36  -6  -10 

//Reference=MNI 
//nullstudy_61
//Subjects=11
-2  34  -8 
-4  -36  28 
-70  -36  -6 
-58  -16  22 
28  50  18 
26  14  -38 
6  36  -12 
-56  -10  -2 

//Reference=MNI 
//nullstudy_62
//Subjects=11
-30  12  52 
-10  18  68 
-6  -58  -56 
-28  -54  56 
14  30  60 
30  60  -14 
-28  -80  34 
-2  -42  76 

//Reference=MNI 
//nullstudy_63
//Subjects=9
40  16  -32 
-28  -6  70 
48  30  2 
-4  -74  10 
58  4  42 
44  8  44 
-14  -66  -22 
-24  -76  -44 

//Reference=MNI 
//nullstudy_64
//Subjects=11
-36  -22  14 
46  42  -2 
-50  -74  -18 
-34  -32  -16 
-12  -62  -38 
26  44  46 
-38  2  0 
32  24  24 

//Reference=MNI 
//nullstudy_65
//Subjects=9
12  46  4 
-22  36  22 
24  56  8 
-40  -24  22 
-14  30  56 
-40  -22  -34 
-32  -54  -60 
-16  -30  -32 

//Reference=MNI 
//nullstudy_66
//Subjects=12
-38  -72  -2 
28  4  48 
38  30  4 
12  60  14 
10  10  66 
-22  -8  -6 
-54  -36  46 
-12  -62  -26 

//Reference=MNI 
//nullstudy_67
//Subjects=11
-44  -60  34 
-22  -66  -52 
-26  -2  54 
-44  -70  22 
8  22  -12 
-40  -58  52 
-48  -2  -22 
-6  -64  -42 

//Reference=MNI 
//nullstudy_68
//Subjects=10
-4  -24  38 
-30  48  16 
-14  30  46 
56  6  4 
-44  -6  52 
-18  -52  72 
40  26  -14 
22  24  56 

//Reference=MNI 
//nullstudy_69
//Subjects=10
-2  -18  34 
-46  -46  40 
-38  40  38 
-26  -12  10 
-58  -70  4 
-62  -42  -10 
32  40  -8 
-16  -34  24 

//Reference=MNI 
//nullstudy_70
//Subjects=10
22  60  0 
-50  -22  0 
-62  -10  -26 
-26  18  -40 
-28  -34  -28 
24  48  24 
-10  -14  -16 
-32  -72  46 

//Reference=MNI 
//nullstudy_71
//Subjects=10
-62  -12  -16 
-42  22  52 
-54  0  -12 
8  8  -12 
-56  18  8 
-2  62  16 
28  8  68 
8  50  8 

//Reference=MNI 
//nullstudy_72
//Subjects=10
-34  -2  -32 
-22  -58  24 
-52  8  -20 
-48  0  42 
-66  -32  -6 
-34  14  52 
16  20  -22 
-22  -68  38 

//Reference=MNI 
//nullstudy_73
//Subjects=11
-38  10  42 
20  18  -32 
-46  0  34 
-46  2  32 
-50  -64  -30 
-28  -78  -10 
-6  30  62 
32  4  46 

//Reference=MNI 
//nullstudy_74
//Subjects=10
36  32  14 
-10  -50  -46 
32  2  -6 
-22  -36  20 
-62  -50  -24 
30  64  14 
62  6  -22 
40  48  20 

//Reference=MNI 
//nullstudy_75
//Subjects=10
-38  -40  66 
-48  -72  18 
-16  -24  -12 
-14  -102  2 
18  46  32 
4  18  -22 
-2  -68  -10 
-46  -76  -30 

//Reference=MNI 
//nullstudy_76
//Subjects=12
-30  -50  -14 
-68  -22  20 
-2  -30  -16 
-54  -34  14 
14  56  -12 
-64  -44  36 
-12  -22  6 
44  2  42 

//Reference=MNI 
//nullstudy_77
//Subjects=10
-52  -14  -44 
-8  48  36 
-54  -36  8 
-26  -34  -2 
-68  -22  24 
-46  -52  54 
-52  -8  52 
-20  -6  -20 

//Reference=MNI 
//nullstudy_78
//Subjects=8
36  18  -4 
-56  6  18 
-10  -70  -46 
-8  -90  -38 
-4  14  36 
-32  -42  38 
-12  -44  -38 
-48  -80  24 

//Reference=MNI 
//nullstudy_79
//Subjects=10
-14  -50  0 
8  48  -30 
54  8  -36 
-8  4  46 
-34  -10  -34 
-36  -48  -12 
-6  -18  -32 
-34  -28  -18 

//Reference=MNI 
//nullstudy_80
//Subjects=10
6  44  -30 
-62  -32  36 
-2  -56  6 
-20  6  -32 
-10  -84  14 
54  12  36 
-34  -34  22 
-24  16  -44 

//Reference=MNI 
//nullstudy_81
//Subjects=11
-12  -52  62 
42  14  -2 
-28  16  6 
10  62  30 
-4  56  18 
-14  -36  -40 
-32  -44  70 
-20  -30  74 

//Reference=MNI 
//nullstudy_82
//Subjects=10
-46  -70  46 
-44  -72  -2 
-48  -10  -12 
26  18  -44 
-44  -70  -2 
-4  -2  28 
-54  -54  8 
40  52  20 

//Reference=MNI 
//nullstudy_83
//Subjects=11
54  18  12 
30  28  -12 
-30  44  6 
-26  10  6 
-44  -22  -4 
-58  -24  -34 
-44  -58  6 
-2  -52  -56 

//Reference=MNI 
//nullstudy_84
//Subjects=11
-28  -58  -34 
20  50  -22 
-12  -36  48 
-58  -24  38 
-2  -86  20 
0  34  18 
-16  -60  -2 
24  16  48 

//Reference=MNI 
//nullstudy_85
//Subjects=9
-38  -8  40 
-38  -20  50 
26  24  60 
6  46  24 
16  66  6 
-12  -96  16 
-18  -56  -18 
-14  -16  18 

//Reference=MNI 
//nullstudy_86
//Subjects=11
-6  62  12 
-16  62  10 
-28  -22  4 
-40  -32  16 
-16  -68  64 
-8  26  46 
-34  -60  -40 
-26  58  20 

//Reference=MNI 
//nullstudy_87
//Subjects=12
-50  0  -12 
-42  26  28 
-42  -66  -40 
-44  -10  16 
-4  28  -28 
-62  -50  26 
-16  -56  28 
-10  22  4 

//Reference=MNI 
//nullstudy_88
//Subjects=12
-32  -6  -32 
60  6  -24 
-4  -10  68 
24  20  -34 
-50  -38  54 
-52  -62  -18 
56  2  -2 
-14  -70  20 

//Reference=MNI 
//nullstudy_89
//Subjects=10
-18  -34  38 
0  4  32 
-26  -30  -6 
-34  -44  -46 
4  26  -24 
-24  -22  62 
-50  -34  -10 
-20  42  24 

//Reference=MNI 
//nullstudy_90
//Subjects=10
-56  -8  40 
-20  -82  -28 
-12  -72  -28 
14  50  48 
-38  -46  44 
-14  -70  -10 
-30  42  28 
40  42  -16 

//Reference=MNI 
//nullstudy_91
//Subjects=9
-24  12  66 
-44  -42  50 
-12  -60  -60 
-44  -66  -4 
-32  -6  -18 
-32  -82  -8 
-48  48  10 
-46  50  -14 

//Reference=MNI 
//nullstudy_92
//Subjects=11
-52  2  32 
38  24  -24 
-46  40  6 
-4  10  -8 
-8  -80  36 
56  10  -6 
-40  -68  44 
-18  56  14 

//Reference=MNI 
//nullstudy_93
//Subjects=9
-56  -18  -28 
0  64  -4 
-30  56  24 
40  28  2 
4  38  52 
-38  -66  -56 
-26  -10  58 
-34  -20  14 

//Reference=MNI 
//nullstudy_94
//Subjects=10
-40  -46  -24 
-48  40  6 
-30  -44  -40 
-12  20  -16 
-2  -8  16 
-8  -64  56 
-16  -16  -8 
-36  -64  -26 

//Reference=MNI 
//nullstudy_95
//Subjects=10
-2  -92  6 
10  16  38 
-18  12  -14 
-2  58  24 
-42  28  4 
-36  -20  48 
-68  -20  0 
12  58  -12 

//Reference=MNI 
//nullstudy_96
//Subjects=12
-66  -20  -20 
14  32  -26 
-62  -14  -18 
-28  -56  56 
28  34  -20 
-4  -70  -28 
-52  -18  -38 
-4  -96  8 

//Reference=MNI 
//nullstudy_97
//Subjects=11
2  54  -28 
-42  -56  44 
-24  48  10 
-20  -90  -32 
-18  -52  -22 
4  70  12 
54  42  4 
-28  -28  70 

//Reference=MNI 
//nullstudy_98
//Subjects=10
-52  8  40 
6  16  2 
8  28  -24 
-26  62  12 
-32  -46  42 
-32  48  2 
-58  -44  48 
-24  48  -20 

//Reference=MNI 
//nullstudy_99
//Subjects=11
-34  22  -20 
-10  -52  26 
-48  -48  -20 
-16  68  6 
-2  36  -10 
-14  -48  -30 
-24  -24  70 
-40  -8  -34 

//Reference=MNI 
//nullstudy_100
//Subjects=9
-20  -102  -12 
42  54  16 
-16  -2  -4 
-22  68  8 
-36  -74  -12 
-16  -28  14 
-58  -4  -24 
-58  4  38 

