//Reference=MNI 
//truestudy_1
//Subjects=11
45  -67  -6 
45  -67  -7 
45  -66  -6 
46  -65  -7 
47  -67  -5 
45  -66  -6 
47  -67  -5 
44  -67  -6 

//Reference=MNI 
//truestudy_2
//Subjects=9
46  -64  -5 
45  -66  -6 
45  -67  -5 
44  -67  -6 
44  -67  -7 
45  -68  -6 
46  -65  -6 
47  -66  -5 

//Reference=MNI 
//truestudy_3
//Subjects=9
47  -65  -6 
47  -63  -5 
45  -65  -6 
45  -65  -7 
46  -64  -5 
43  -66  -6 
45  -67  -7 
46  -66  -8 

//Reference=MNI 
//nullstudy_1
//Subjects=11
-34  -44  -20 
-60  -2  -28 
-58  -54  -18 
56  14  -22 
-32  -16  48 
-8  -56  -18 
-66  -48  30 
-46  -64  -34 

//Reference=MNI 
//nullstudy_2
//Subjects=9
42  30  -12 
-28  -32  -8 
-8  -24  -8 
-46  -52  -50 
22  10  -38 
-52  -40  -20 
-24  54  24 
-20  -72  42 

//Reference=MNI 
//nullstudy_3
//Subjects=9
-58  4  36 
-36  -50  22 
-46  -4  -6 
-26  30  -20 
-44  38  -6 
-18  -72  -50 
-8  -48  -4 
-46  -4  0 

//Reference=MNI 
//nullstudy_4
//Subjects=11
-4  4  40 
-44  2  40 
-2  30  62 
-10  50  38 
-20  38  34 
-38  -92  0 
-20  62  22 
-14  -66  0 

//Reference=MNI 
//nullstudy_5
//Subjects=11
-52  30  -8 
-20  -70  4 
-48  -44  38 
-6  -84  -40 
-30  -50  70 
-22  2  -46 
-46  -26  2 
-32  -62  36 

//Reference=MNI 
//nullstudy_6
//Subjects=10
-44  -54  -50 
-34  10  -44 
-56  -68  -4 
-52  0  -16 
32  16  -44 
-50  0  -42 
-32  -92  24 
-60  -40  42 

//Reference=MNI 
//nullstudy_7
//Subjects=9
-34  -90  -12 
-40  48  14 
-42  6  -36 
-36  36  -4 
-40  50  24 
-40  -16  -10 
-4  -16  4 
38  20  -6 

//Reference=MNI 
//nullstudy_8
//Subjects=10
-6  2  -12 
22  18  -4 
-6  -50  -58 
-30  56  20 
-36  -62  48 
34  6  12 
-16  -20  26 
-12  -76  -28 

//Reference=MNI 
//nullstudy_9
//Subjects=11
-40  -6  -4 
-50  -66  34 
-6  -84  0 
-30  4  -10 
-30  -34  -8 
-32  -44  56 
2  48  -10 
-34  54  -10 

//Reference=MNI 
//nullstudy_10
//Subjects=7
-24  -16  -6 
-66  -28  12 
-28  28  10 
-34  -38  -2 
-8  -40  -14 
-30  20  -2 
-8  -50  44 
-24  52  4 

//Reference=MNI 
//nullstudy_11
//Subjects=9
58  28  6 
50  16  -8 
-24  -28  50 
14  14  -24 
-26  50  38 
-42  44  26 
40  38  4 
-24  -58  66 

//Reference=MNI 
//nullstudy_12
//Subjects=10
-8  -76  -30 
-18  -72  36 
-42  -24  52 
-66  -28  22 
6  26  24 
-24  -50  62 
26  56  -6 
-8  4  40 

//Reference=MNI 
//nullstudy_13
//Subjects=10
10  30  42 
50  22  -26 
-66  -48  24 
-34  -22  -20 
-6  48  48 
-6  -44  -10 
-46  -26  2 
0  18  62 

//Reference=MNI 
//nullstudy_14
//Subjects=9
-36  -12  12 
-54  -48  22 
-8  56  18 
22  26  60 
26  2  -22 
-10  6  58 
-6  46  4 
-38  54  20 

//Reference=MNI 
//nullstudy_15
//Subjects=10
-10  26  -14 
-14  -26  40 
-16  -54  -40 
-62  -32  -24 
-40  12  40 
-64  -34  10 
50  44  -14 
-28  -34  -22 

//Reference=MNI 
//nullstudy_16
//Subjects=10
-30  -52  62 
-20  -20  22 
-44  -56  -10 
-8  42  32 
-52  -26  16 
54  2  48 
-44  -26  0 
38  26  -6 

//Reference=MNI 
//nullstudy_17
//Subjects=11
-30  42  44 
30  48  38 
-30  -94  2 
62  4  -6 
-28  8  -34 
-38  -12  0 
32  48  34 
-8  -52  74 

//Reference=MNI 
//nullstudy_18
//Subjects=10
16  44  -26 
-60  4  32 
-64  -36  -4 
-26  -66  -32 
-8  -48  -50 
-22  -40  72 
-38  -52  -58 
-42  -40  46 

//Reference=MNI 
//nullstudy_19
//Subjects=10
-18  -48  -38 
-46  24  38 
-56  -62  -26 
-40  46  6 
-18  -62  30 
-40  34  42 
-46  -66  -8 
-18  -40  -22 

//Reference=MNI 
//nullstudy_20
//Subjects=11
20  4  -30 
-14  -58  -6 
-30  -70  -42 
-26  -72  18 
-30  8  -20 
-38  -84  -2 
-36  -18  64 
-12  34  -28 

//Reference=MNI 
//nullstudy_21
//Subjects=7
46  4  -6 
-24  -80  4 
-50  -10  44 
-44  38  8 
-34  -32  -4 
48  10  6 
20  14  50 
-44  24  32 

//Reference=MNI 
//nullstudy_22
//Subjects=10
-4  12  -24 
-22  4  -24 
-46  -58  -52 
-6  0  66 
-30  24  40 
-48  -56  -14 
-2  -20  18 
-12  -64  -14 

//Reference=MNI 
//nullstudy_23
//Subjects=11
-12  -64  -26 
52  30  36 
-58  16  22 
38  30  50 
38  12  -44 
34  42  16 
-30  -56  64 
-56  -4  -36 

//Reference=MNI 
//nullstudy_24
//Subjects=10
-66  -14  24 
-24  22  38 
-4  -86  -40 
-28  30  32 
64  4  -16 
-50  -34  0 
-22  -96  -14 
0  38  -2 

//Reference=MNI 
//nullstudy_25
//Subjects=11
-14  -38  -38 
-16  -88  2 
36  20  -40 
-12  -74  22 
14  22  -20 
56  28  30 
-24  2  10 
56  30  24 

//Reference=MNI 
//nullstudy_26
//Subjects=11
50  34  -8 
-58  8  -16 
36  16  -24 
-44  -86  -6 
-22  66  16 
22  34  52 
2  8  54 
-48  -42  -28 

//Reference=MNI 
//nullstudy_27
//Subjects=9
54  4  24 
-42  -36  50 
-18  -92  -4 
-18  -80  -6 
42  46  0 
-18  -42  -48 
-12  -42  66 
48  50  4 

//Reference=MNI 
//nullstudy_28
//Subjects=11
12  44  38 
-52  -72  30 
-10  -96  -8 
-32  36  26 
-36  40  -8 
38  22  8 
32  44  28 
-6  -40  24 

//Reference=MNI 
//nullstudy_29
//Subjects=11
48  26  16 
-18  16  -6 
-54  -70  -4 
-68  -34  -16 
-22  -22  64 
60  22  12 
46  10  28 
-46  -34  34 

//Reference=MNI 
//nullstudy_30
//Subjects=9
34  26  -32 
-24  -94  10 
-6  -42  24 
-12  -74  -10 
-50  -50  32 
-38  -48  -40 
-4  -24  -14 
-38  -66  24 

//Reference=MNI 
//nullstudy_31
//Subjects=10
-18  30  -26 
-60  -66  12 
-56  -32  48 
-56  -54  -4 
-12  -56  4 
-24  -4  46 
-36  -52  64 
-16  -28  -20 

//Reference=MNI 
//nullstudy_32
//Subjects=12
-28  -14  -36 
-8  24  6 
-14  -10  -10 
-52  8  -34 
-28  -26  -10 
-32  -14  8 
-12  -34  36 
-52  -34  6 

//Reference=MNI 
//nullstudy_33
//Subjects=9
46  6  34 
-10  -52  -42 
-60  -44  -2 
-8  -74  48 
-20  -30  -34 
-30  34  42 
18  40  30 
-4  -60  8 

//Reference=MNI 
//nullstudy_34
//Subjects=11
40  10  4 
-28  -10  50 
-8  -72  -8 
-2  -50  -24 
-38  -28  4 
-24  -78  18 
-52  -54  -30 
-16  -4  76 

//Reference=MNI 
//nullstudy_35
//Subjects=12
20  16  68 
-28  22  -20 
-22  -34  66 
-20  -4  -26 
-44  -52  -38 
24  6  50 
10  40  -10 
-20  -20  -20 

//Reference=MNI 
//nullstudy_36
//Subjects=10
-2  -4  64 
-10  40  12 
-12  52  -10 
0  6  -22 
-4  -46  -2 
-4  -82  28 
28  42  12 
-34  20  -16 

//Reference=MNI 
//nullstudy_37
//Subjects=9
-10  40  -28 
-54  20  -8 
56  10  8 
-54  -28  -4 
6  30  54 
44  32  -4 
-66  -36  26 
-16  26  42 

//Reference=MNI 
//nullstudy_38
//Subjects=11
-6  -100  -12 
4  62  -8 
-2  36  -10 
32  40  46 
-24  -86  24 
-42  -38  -28 
-20  -70  -34 
-44  36  -8 

//Reference=MNI 
//nullstudy_39
//Subjects=10
-2  42  38 
6  44  -8 
-2  44  18 
24  12  -4 
44  10  12 
-22  -60  36 
-6  30  50 
-4  -34  -46 

//Reference=MNI 
//nullstudy_40
//Subjects=10
28  50  -20 
-10  -42  -4 
-16  -40  -12 
2  30  10 
-24  -52  -44 
-54  -56  30 
-18  30  36 
-54  -22  34 

//Reference=MNI 
//nullstudy_41
//Subjects=9
-26  -48  4 
-64  -20  34 
-40  26  -6 
-22  44  -10 
-10  28  22 
28  44  -12 
10  4  18 
-8  16  48 

//Reference=MNI 
//nullstudy_42
//Subjects=9
-54  -60  -14 
-46  -40  2 
-22  -38  -28 
24  32  -14 
-26  -54  4 
-6  -42  -16 
-40  -64  -36 
-46  -40  18 

//Reference=MNI 
//nullstudy_43
//Subjects=11
-54  -36  52 
-2  34  18 
26  42  -14 
-62  -32  4 
42  20  -34 
-36  -24  70 
-58  -34  44 
-6  -64  46 

//Reference=MNI 
//nullstudy_44
//Subjects=11
36  46  2 
-24  -72  -6 
-40  -18  -8 
-14  22  60 
52  8  -42 
16  46  10 
-20  -6  70 
-20  -96  -6 

//Reference=MNI 
//nullstudy_45
//Subjects=11
-2  28  -30 
16  56  -22 
-34  48  -4 
-38  20  38 
-44  -48  -12 
-6  -78  -34 
-52  -22  -8 
-38  -64  -30 

//Reference=MNI 
//nullstudy_46
//Subjects=10
-8  18  -28 
-44  -12  2 
-38  -20  8 
-34  2  58 
0  4  72 
-56  -10  24 
-34  44  12 
-8  -14  -34 

//Reference=MNI 
//nullstudy_47
//Subjects=11
-6  8  34 
42  28  50 
-2  -76  54 
32  48  22 
-30  -20  -12 
12  50  40 
-32  16  -10 
-2  32  10 

//Reference=MNI 
//nullstudy_48
//Subjects=8
-18  60  26 
40  40  -20 
30  50  30 
-38  16  -44 
-54  -60  -4 
-32  -54  56 
-44  -2  2 
-4  -32  -50 

//Reference=MNI 
//nullstudy_49
//Subjects=10
22  36  28 
-36  8  -20 
14  38  -26 
8  8  20 
10  32  54 
-14  -78  2 
-18  -62  -44 
14  12  6 

//Reference=MNI 
//nullstudy_50
//Subjects=10
-42  -62  36 
-6  -6  2 
-14  -48  54 
24  30  -14 
-2  -72  42 
-12  -44  28 
30  40  40 
-60  -36  22 

//Reference=MNI 
//nullstudy_51
//Subjects=11
-46  30  26 
44  50  4 
-48  -36  54 
-52  -60  18 
0  12  0 
-18  -54  -64 
-32  40  18 
0  16  66 

//Reference=MNI 
//nullstudy_52
//Subjects=9
-6  30  38 
-4  56  22 
-20  -68  30 
-54  14  2 
-62  -4  30 
-50  -78  22 
-46  -58  -14 
-12  -88  -46 

//Reference=MNI 
//nullstudy_53
//Subjects=11
-22  -50  -46 
50  10  10 
-30  -36  62 
-38  50  -14 
-34  24  52 
44  6  -10 
-20  46  20 
-22  16  68 

//Reference=MNI 
//nullstudy_54
//Subjects=9
24  28  -10 
-22  -2  10 
-10  -42  -20 
36  8  46 
28  14  -32 
-26  -98  -4 
-18  46  -14 
-24  48  0 

//Reference=MNI 
//nullstudy_55
//Subjects=10
-6  -38  52 
-22  -58  -40 
-18  6  -14 
-42  -66  -6 
2  60  10 
-6  22  6 
2  8  42 
-22  44  34 

//Reference=MNI 
//nullstudy_56
//Subjects=12
-4  50  32 
26  22  -24 
-32  -72  44 
-14  60  22 
-50  -22  48 
-24  0  70 
-32  -64  -60 
-40  -44  52 

//Reference=MNI 
//nullstudy_57
//Subjects=10
-24  -70  56 
-24  62  -14 
-12  -70  -30 
-36  8  -28 
0  52  46 
-40  14  -18 
-20  40  48 
-2  36  46 

//Reference=MNI 
//nullstudy_58
//Subjects=10
4  44  40 
-24  -74  -32 
-64  -28  -30 
-10  18  -22 
-14  -78  -12 
-28  -82  -26 
-22  -50  -48 
-28  -48  -36 

//Reference=MNI 
//nullstudy_59
//Subjects=11
-60  -12  -8 
-40  24  46 
-36  -32  -22 
-36  -82  40 
-28  36  -6 
-46  -8  -2 
12  4  -32 
-32  16  -4 

//Reference=MNI 
//nullstudy_60
//Subjects=11
-10  14  62 
-44  -14  -26 
-30  -10  -16 
-6  2  -2 
-6  -66  -56 
30  18  -4 
-46  8  38 
-14  -92  -18 

//Reference=MNI 
//nullstudy_61
//Subjects=11
0  68  12 
-44  -64  54 
-34  -84  -18 
32  22  -20 
-42  -60  22 
-54  -2  20 
48  20  -32 
-2  28  42 

//Reference=MNI 
//nullstudy_62
//Subjects=9
-62  -28  -18 
2  22  50 
-10  -52  62 
-36  -56  62 
-42  -62  -58 
-8  -26  22 
-34  -26  8 
-34  -70  18 

//Reference=MNI 
//nullstudy_63
//Subjects=11
4  32  12 
20  16  4 
-38  -50  -18 
-12  -60  20 
-8  -76  4 
-18  -80  -50 
-24  6  4 
-22  52  4 

//Reference=MNI 
//nullstudy_64
//Subjects=11
-8  -42  -6 
-58  8  -4 
38  26  10 
-38  46  18 
-58  -66  -4 
-42  44  4 
-14  -38  -54 
-52  6  14 

//Reference=MNI 
//nullstudy_65
//Subjects=9
-48  32  32 
0  58  26 
-8  42  46 
-8  -82  32 
-12  62  10 
-46  -4  -10 
-62  -8  -32 
30  8  -12 

//Reference=MNI 
//nullstudy_66
//Subjects=9
-40  -54  12 
-24  -102  -8 
-30  30  -6 
-42  -38  10 
-4  -38  64 
54  36  22 
-12  -54  -56 
-2  -80  -22 

//Reference=MNI 
//nullstudy_67
//Subjects=11
2  20  28 
-58  24  20 
40  22  -38 
-18  -52  72 
-28  -40  8 
-6  -48  -22 
-8  18  68 
-46  -18  40 

//Reference=MNI 
//nullstudy_68
//Subjects=11
-38  -44  58 
26  4  12 
14  56  16 
-28  0  70 
-44  -24  -4 
-56  -20  -10 
-2  34  46 
-32  -92  16 

//Reference=MNI 
//nullstudy_69
//Subjects=9
-4  -34  -54 
-34  -28  64 
-24  -84  42 
-26  -24  68 
-10  -50  -48 
-42  -20  58 
-30  28  34 
-14  -72  62 

//Reference=MNI 
//nullstudy_70
//Subjects=11
-14  -32  36 
-22  -42  -52 
-38  -10  8 
-12  40  38 
-30  60  6 
-2  -60  50 
-62  0  -22 
-34  -40  -16 

//Reference=MNI 
//nullstudy_71
//Subjects=9
-36  24  -8 
-52  38  10 
46  8  -40 
-8  12  48 
20  54  12 
44  26  6 
-56  -46  10 
-6  -38  -56 

//Reference=MNI 
//nullstudy_72
//Subjects=13
-38  0  42 
46  42  8 
-42  32  -2 
18  52  -10 
-24  -50  70 
2  40  0 
-50  2  -10 
-24  -16  -38 

//Reference=MNI 
//nullstudy_73
//Subjects=8
18  34  -18 
-24  -46  -14 
14  72  8 
-36  -30  38 
34  40  38 
-8  52  0 
-8  -76  2 
50  28  -16 

//Reference=MNI 
//nullstudy_74
//Subjects=11
22  6  -20 
-44  -54  50 
-28  32  34 
-26  -42  -18 
-34  -16  -8 
-60  -64  -14 
-24  -68  28 
16  30  2 

//Reference=MNI 
//nullstudy_75
//Subjects=10
-34  -50  62 
-50  -46  -38 
-44  -6  -40 
-14  -30  -4 
-26  8  -6 
-38  -70  -32 
-46  -52  2 
-58  6  32 

//Reference=MNI 
//nullstudy_76
//Subjects=8
-56  -52  -34 
-28  -38  10 
-36  -76  42 
-30  32  -4 
-8  -30  44 
-10  16  62 
-52  28  16 
-6  -40  38 

//Reference=MNI 
//nullstudy_77
//Subjects=8
-42  32  18 
-14  -14  22 
-4  -96  -22 
-28  -52  4 
-4  -40  -10 
-46  -50  38 
-48  30  36 
-2  -2  -10 

//Reference=MNI 
//nullstudy_78
//Subjects=11
14  22  12 
14  4  20 
20  58  0 
-44  46  22 
58  32  10 
-30  -4  -4 
-38  -4  42 
18  12  60 

//Reference=MNI 
//nullstudy_79
//Subjects=11
-54  38  4 
-2  0  -2 
-24  -10  66 
-50  22  24 
-32  -32  -28 
-48  -82  -2 
0  44  46 
48  14  -18 

//Reference=MNI 
//nullstudy_80
//Subjects=8
-46  -6  -34 
14  44  46 
14  6  44 
-38  -6  60 
-28  -30  50 
38  14  52 
-54  -4  -24 
-20  -18  -36 

//Reference=MNI 
//nullstudy_81
//Subjects=10
-44  -32  14 
4  48  -6 
-10  -66  52 
2  22  -22 
30  16  50 
-34  -30  12 
38  30  8 
4  20  38 

//Reference=MNI 
//nullstudy_82
//Subjects=11
-8  -98  -2 
32  52  2 
-12  26  62 
-16  24  46 
0  4  -26 
-14  -48  -16 
-28  -48  2 
-4  -2  22 

//Reference=MNI 
//nullstudy_83
//Subjects=10
8  24  62 
-16  -34  36 
-18  10  50 
-8  -12  48 
34  2  -24 
-34  -22  60 
-10  -82  -2 
-24  2  -24 

//Reference=MNI 
//nullstudy_84
//Subjects=9
-14  52  32 
-34  -20  42 
46  2  8 
26  28  40 
-10  -84  26 
18  66  12 
-12  8  68 
-36  -20  2 

//Reference=MNI 
//nullstudy_85
//Subjects=11
-32  -46  -24 
4  4  -8 
-56  -38  10 
38  50  22 
-36  18  8 
34  14  26 
20  58  -2 
22  70  2 

//Reference=MNI 
//nullstudy_86
//Subjects=11
-2  -30  -6 
10  44  42 
-58  -28  12 
-16  -12  -28 
32  46  34 
-20  -50  70 
54  8  -22 
-8  -18  -20 

//Reference=MNI 
//nullstudy_87
//Subjects=11
-20  -60  46 
-8  -86  -44 
-16  -96  20 
6  38  60 
-40  -44  -48 
-52  -42  8 
-50  -52  20 
56  4  -32 

//Reference=MNI 
//nullstudy_88
//Subjects=9
-40  -14  -12 
-26  -52  64 
-14  -38  68 
-66  -20  -2 
48  42  8 
-2  -88  -24 
-8  44  50 
-14  -52  -64 

//Reference=MNI 
//nullstudy_89
//Subjects=9
-12  -38  40 
12  20  -2 
-44  -56  -28 
-40  0  16 
-24  66  -2 
-60  -14  40 
-30  -72  22 
-6  -48  60 

//Reference=MNI 
//nullstudy_90
//Subjects=10
-30  -70  -16 
-18  -60  24 
34  38  -22 
52  14  46 
22  40  38 
-54  -58  36 
-42  -20  -6 
-40  -66  14 

//Reference=MNI 
//nullstudy_91
//Subjects=9
-22  -60  -18 
-22  -34  2 
52  42  -14 
-46  18  50 
-52  -38  -14 
-16  66  -2 
-10  -64  44 
-12  -62  -48 

//Reference=MNI 
//nullstudy_92
//Subjects=10
4  2  68 
-36  -24  -2 
-40  10  -2 
44  18  8 
60  4  26 
-12  -64  66 
-12  -98  -16 
-10  -26  10 

//Reference=MNI 
//nullstudy_93
//Subjects=11
-18  -96  24 
-50  -62  22 
6  56  -22 
-44  48  20 
12  30  22 
-24  24  -8 
-46  -70  2 
-6  -50  12 

//Reference=MNI 
//nullstudy_94
//Subjects=10
4  48  18 
-48  -2  34 
-4  48  38 
-66  -30  36 
14  40  4 
-14  -22  22 
-4  46  -14 
-28  -30  70 

//Reference=MNI 
//nullstudy_95
//Subjects=12
32  34  20 
-44  54  -2 
-46  -32  8 
-4  56  18 
-58  2  24 
-64  -28  -2 
-22  -26  74 
-50  -56  26 

//Reference=MNI 
//nullstudy_96
//Subjects=11
-14  -66  -14 
-6  -78  30 
-40  -72  48 
6  30  46 
-12  50  -8 
-30  2  -40 
-20  -74  -42 
60  12  -8 

//Reference=MNI 
//nullstudy_97
//Subjects=11
40  24  -26 
4  6  -14 
-10  -30  -6 
-32  48  26 
46  10  -10 
46  24  -22 
40  40  -14 
40  12  -6 

//Reference=MNI 
//nullstudy_98
//Subjects=8
-62  -30  48 
-50  0  38 
-12  -78  -2 
2  14  -12 
-28  -58  0 
-32  50  -4 
10  54  36 
52  8  6 

//Reference=MNI 
//nullstudy_99
//Subjects=10
-20  -32  14 
-38  40  4 
-8  0  -8 
-10  -40  68 
24  54  32 
28  36  46 
-8  -14  -12 
-10  -68  -24 

//Reference=MNI 
//nullstudy_100
//Subjects=10
-10  70  -4 
-52  8  -38 
-52  12  16 
-10  4  44 
-50  -80  -12 
54  34  -6 
-6  -60  4 
2  42  -4 

