//Reference=MNI 
//truestudy_1
//Subjects=20
47  -67  -5 
46  -67  -7 
45  -67  -5 
45  -66  -8 
46  -65  -5 
45  -66  -5 
46  -67  -7 
45  -65  -6 

//Reference=MNI 
//truestudy_2
//Subjects=19
47  -66  -6 
46  -66  -6 
46  -66  -5 
46  -66  -7 
45  -65  -6 
45  -66  -6 
47  -66  -6 
46  -67  -6 

//Reference=MNI 
//truestudy_3
//Subjects=20
46  -67  -6 
47  -65  -7 
47  -66  -7 
47  -68  -7 
45  -68  -6 
46  -65  -5 
46  -65  -6 
47  -67  -6 

//Reference=MNI 
//nullstudy_1
//Subjects=20
-8  28  42 
-4  -38  26 
-50  14  -24 
10  46  -20 
-36  -86  -14 
50  10  -8 
-2  44  0 
18  42  -26 

//Reference=MNI 
//nullstudy_2
//Subjects=19
12  14  64 
-48  40  10 
36  56  8 
-28  8  -16 
-24  60  -14 
-18  10  -26 
-42  -20  40 
-2  -62  -62 

//Reference=MNI 
//nullstudy_3
//Subjects=20
-30  10  8 
-62  -16  26 
20  34  34 
56  4  20 
-6  -12  -10 
16  66  2 
-26  30  6 
2  50  30 

//Reference=MNI 
//nullstudy_4
//Subjects=19
18  40  44 
32  18  6 
-14  -64  -48 
12  32  32 
-46  12  -10 
-34  -70  -40 
-22  -70  -10 
-48  -60  26 

//Reference=MNI 
//nullstudy_5
//Subjects=19
26  48  10 
-16  -36  -36 
44  38  -4 
-30  -52  -16 
-14  -32  46 
42  24  26 
-38  -74  -2 
-4  -56  -8 

//Reference=MNI 
//nullstudy_6
//Subjects=21
-54  -56  32 
14  16  62 
-26  -52  -4 
-46  -66  -46 
56  22  -4 
-20  4  64 
-22  14  56 
28  46  16 

//Reference=MNI 
//nullstudy_7
//Subjects=20
-52  -50  46 
18  64  26 
-28  44  16 
36  40  8 
-42  -76  -44 
24  12  -4 
12  30  -30 
32  36  24 

//Reference=MNI 
//nullstudy_8
//Subjects=20
-66  -20  6 
-20  -74  -6 
2  32  24 
6  8  54 
-26  12  -4 
-14  68  20 
-46  -52  -48 
6  22  -26 

//Reference=MNI 
//nullstudy_9
//Subjects=20
-46  -58  -46 
-12  -48  -42 
-30  -60  -44 
-2  -92  -18 
-38  -16  -18 
22  10  54 
-18  10  -36 
36  56  4 

//Reference=MNI 
//nullstudy_10
//Subjects=20
-50  20  42 
-24  -20  -20 
28  50  28 
-62  -8  8 
48  12  32 
-28  4  2 
-62  -2  12 
-42  -46  38 

//Reference=MNI 
//nullstudy_11
//Subjects=22
-64  -20  -30 
-42  -60  -48 
-6  -72  -18 
-22  -36  56 
-28  -32  -18 
-44  26  36 
-46  48  -6 
-16  -18  -26 

//Reference=MNI 
//nullstudy_12
//Subjects=22
-50  -62  -50 
-30  -8  -46 
-20  32  32 
-18  -32  -42 
-44  -46  -24 
-20  -54  0 
-24  -4  -42 
-14  -70  -2 

//Reference=MNI 
//nullstudy_13
//Subjects=21
18  8  66 
-18  -66  -48 
-22  -20  -20 
-18  -100  -12 
-48  -34  28 
-44  -58  24 
46  10  -18 
0  54  46 

//Reference=MNI 
//nullstudy_14
//Subjects=21
-2  10  48 
42  40  24 
-50  -22  -32 
-16  -52  -62 
-64  -22  40 
-4  -96  -8 
-8  -56  -40 
-46  -58  -36 

//Reference=MNI 
//nullstudy_15
//Subjects=19
-10  46  20 
24  30  -16 
-26  40  -14 
-14  -62  -62 
-50  18  46 
-4  10  -12 
-40  2  42 
16  4  14 

//Reference=MNI 
//nullstudy_16
//Subjects=20
-54  8  -36 
24  52  -20 
-24  -2  12 
-20  -68  -58 
28  16  -16 
-6  40  24 
-18  -70  6 
2  4  0 

//Reference=MNI 
//nullstudy_17
//Subjects=20
-48  -42  -4 
-8  -84  -14 
-16  -64  4 
34  44  -18 
-2  -8  68 
-48  -26  62 
-56  -18  -22 
-12  -78  -46 

//Reference=MNI 
//nullstudy_18
//Subjects=21
-54  6  22 
4  28  30 
-6  -2  42 
-24  -100  10 
4  30  50 
32  24  -20 
48  14  32 
-40  22  -18 

//Reference=MNI 
//nullstudy_19
//Subjects=20
-52  44  -4 
-10  -58  52 
-36  36  -16 
6  40  30 
-42  -88  -16 
-8  -100  -2 
-14  -14  74 
-28  -16  -24 

//Reference=MNI 
//nullstudy_20
//Subjects=19
-42  26  10 
-26  -46  -38 
-2  -40  56 
-22  -80  -48 
-34  -74  24 
-50  30  6 
-14  -76  -32 
-50  -38  -32 

//Reference=MNI 
//nullstudy_21
//Subjects=22
20  54  20 
-22  -24  -10 
-2  50  8 
-38  6  28 
-14  -60  58 
-34  -64  -56 
24  34  58 
-26  22  -4 

//Reference=MNI 
//nullstudy_22
//Subjects=19
-46  -66  26 
-12  -18  36 
60  10  2 
-52  -54  -10 
-20  -10  -24 
-58  -34  -20 
-34  42  32 
-24  -74  -52 

//Reference=MNI 
//nullstudy_23
//Subjects=21
-34  10  -14 
-38  4  38 
-44  -2  16 
52  8  14 
-60  -34  26 
-38  -52  46 
-24  20  -38 
20  4  58 

//Reference=MNI 
//nullstudy_24
//Subjects=21
-60  -22  50 
16  42  -6 
-36  -80  -12 
-32  -70  -52 
32  12  46 
46  10  22 
-22  -10  -42 
-56  -10  38 

//Reference=MNI 
//nullstudy_25
//Subjects=20
-44  42  -16 
-68  -30  30 
52  32  -2 
-10  -6  -30 
-38  -62  40 
-14  -80  -40 
-42  -50  -56 
32  20  -10 

//Reference=MNI 
//nullstudy_26
//Subjects=20
-44  46  -10 
24  40  36 
-8  -54  -10 
-28  24  44 
-26  -66  -38 
-10  -28  -6 
0  56  10 
-2  0  50 

//Reference=MNI 
//nullstudy_27
//Subjects=20
56  8  -22 
-6  62  8 
-22  56  20 
-28  -62  32 
-56  30  12 
-34  -16  -10 
-26  -70  24 
-12  -76  -30 

//Reference=MNI 
//nullstudy_28
//Subjects=18
-2  30  -8 
-2  -82  -36 
24  6  64 
24  6  68 
-66  -22  -20 
-40  -52  -44 
-4  -86  4 
-44  8  28 

//Reference=MNI 
//nullstudy_29
//Subjects=22
-32  -76  -30 
-34  52  4 
-38  -74  -28 
44  44  24 
-48  -42  60 
16  52  -22 
-4  -46  72 
-52  28  -12 

//Reference=MNI 
//nullstudy_30
//Subjects=19
10  38  -22 
-22  66  16 
14  2  46 
8  18  58 
-46  30  12 
-4  -38  -48 
-36  60  8 
-60  -24  16 

//Reference=MNI 
//nullstudy_31
//Subjects=21
44  22  6 
-10  54  -26 
-32  -36  -4 
4  38  -32 
-42  -44  60 
-10  -42  -36 
-46  -74  -6 
-56  -52  2 

//Reference=MNI 
//nullstudy_32
//Subjects=20
-10  -44  0 
-14  -22  70 
-42  50  12 
10  44  50 
-42  -68  -34 
40  22  14 
-20  -60  4 
-12  -12  -30 

//Reference=MNI 
//nullstudy_33
//Subjects=20
-8  -6  76 
-30  40  22 
22  48  18 
4  68  -12 
-16  -74  -8 
-52  -20  -10 
-68  -46  18 
-20  -92  34 

//Reference=MNI 
//nullstudy_34
//Subjects=22
-58  -10  46 
-32  4  -20 
-50  -60  36 
-24  -18  56 
-46  -70  -8 
38  18  12 
-10  38  32 
-16  -58  -64 

//Reference=MNI 
//nullstudy_35
//Subjects=21
-34  20  24 
-6  70  -6 
-18  -66  52 
24  10  -18 
-42  10  -42 
-6  8  20 
-4  14  -26 
32  24  10 

//Reference=MNI 
//nullstudy_36
//Subjects=21
40  56  14 
-22  12  58 
-48  -58  54 
-38  14  60 
-46  -6  -32 
-10  -32  42 
-4  -62  -8 
26  16  -12 

//Reference=MNI 
//nullstudy_37
//Subjects=20
-36  -50  54 
4  52  38 
-24  18  -38 
34  4  52 
-12  22  -22 
-16  -50  40 
-34  -54  42 
-36  -88  10 

//Reference=MNI 
//nullstudy_38
//Subjects=20
-48  12  12 
44  44  -4 
-2  46  -12 
-2  -42  6 
-22  -80  42 
-2  -40  -40 
-32  -16  -2 
-16  -48  -34 

//Reference=MNI 
//nullstudy_39
//Subjects=19
4  68  12 
-28  20  60 
-34  -36  -4 
40  16  -30 
-30  60  16 
26  24  52 
-24  -24  -14 
-26  8  8 

//Reference=MNI 
//nullstudy_40
//Subjects=19
-4  -40  24 
-44  -42  6 
-20  36  38 
-42  -58  54 
-10  66  -6 
8  28  34 
56  2  46 
-58  -12  4 

//Reference=MNI 
//nullstudy_41
//Subjects=21
-6  -24  74 
-64  -24  4 
-50  -28  8 
4  44  -28 
-32  -50  42 
-42  -48  14 
-52  -48  52 
-22  -56  70 

//Reference=MNI 
//nullstudy_42
//Subjects=21
-18  -72  -56 
-34  18  -14 
30  2  -6 
10  60  2 
-28  16  -12 
-20  -50  -42 
-50  28  -2 
-56  -18  28 

//Reference=MNI 
//nullstudy_43
//Subjects=21
-44  36  8 
-50  -12  -34 
-4  2  72 
-2  -90  -4 
-4  36  4 
-48  -30  26 
-16  -82  -26 
-70  -26  -10 

//Reference=MNI 
//nullstudy_44
//Subjects=19
-38  -8  8 
-20  -82  -4 
-16  -60  -4 
-42  8  -20 
0  56  40 
-16  -30  -14 
-68  -40  8 
-8  34  -10 

//Reference=MNI 
//nullstudy_45
//Subjects=22
-50  40  16 
-6  40  12 
24  40  32 
-54  -6  -6 
-8  6  34 
-42  40  -16 
-18  44  36 
-6  -78  -46 

//Reference=MNI 
//nullstudy_46
//Subjects=20
-10  62  4 
-16  -78  -6 
-50  -54  22 
-8  -54  46 
-4  -14  66 
-6  22  52 
-40  -76  -8 
-22  -32  70 

//Reference=MNI 
//nullstudy_47
//Subjects=20
-54  -10  22 
-6  4  -22 
-46  26  -14 
-28  -2  58 
-20  -66  26 
-36  -90  -8 
-6  -58  -22 
-6  20  12 

//Reference=MNI 
//nullstudy_48
//Subjects=19
-22  16  -16 
-8  -6  42 
30  14  -10 
28  34  -8 
-36  -12  68 
-12  -38  48 
-50  -72  -34 
-2  26  -18 

//Reference=MNI 
//nullstudy_49
//Subjects=22
-2  58  26 
-46  20  -8 
-64  -30  -10 
-36  2  40 
-26  -78  34 
-30  -4  -26 
-34  -30  58 
-2  -36  -30 

//Reference=MNI 
//nullstudy_50
//Subjects=19
-12  -10  40 
-18  60  -20 
-16  -82  -30 
12  46  8 
-36  -22  48 
-52  36  -8 
-24  -52  -32 
14  2  26 

//Reference=MNI 
//nullstudy_51
//Subjects=20
-20  -26  64 
0  10  28 
-52  -62  18 
-38  46  -18 
18  22  52 
10  44  -26 
-6  -106  6 
-38  -4  20 

//Reference=MNI 
//nullstudy_52
//Subjects=19
4  2  48 
-26  -68  -10 
-10  -58  24 
-52  -54  -10 
26  44  -16 
6  4  -4 
-6  -84  -20 
-48  -6  30 

//Reference=MNI 
//nullstudy_53
//Subjects=19
-32  -8  54 
-8  -46  2 
40  58  -4 
-32  -10  -20 
32  10  6 
-14  -42  -62 
-2  -4  34 
-58  -16  18 

//Reference=MNI 
//nullstudy_54
//Subjects=17
-2  -36  68 
-50  -20  22 
58  20  2 
-6  -56  8 
-66  -28  -6 
-48  -34  50 
54  2  46 
-56  4  -12 

//Reference=MNI 
//nullstudy_55
//Subjects=19
-30  -80  -52 
-6  -58  -42 
-48  -40  -16 
10  8  10 
-26  52  10 
2  20  -12 
-40  22  -30 
-46  -34  -26 

//Reference=MNI 
//nullstudy_56
//Subjects=19
-46  -80  24 
52  4  -28 
-6  18  24 
-6  -62  64 
20  54  16 
36  28  -24 
-2  -54  48 
-52  -62  20 

//Reference=MNI 
//nullstudy_57
//Subjects=22
-6  6  -22 
-8  48  26 
-26  18  -38 
-28  0  -38 
-14  -80  6 
46  44  20 
44  22  -4 
-28  12  -6 

//Reference=MNI 
//nullstudy_58
//Subjects=20
-14  -22  12 
-42  -28  14 
-26  -68  48 
-40  30  -6 
-46  26  8 
-60  12  28 
18  44  -18 
-38  -78  -48 

//Reference=MNI 
//nullstudy_59
//Subjects=19
-36  -60  62 
30  30  24 
-66  -48  -2 
-24  -88  12 
-28  -66  -34 
46  16  -40 
-4  0  -6 
4  34  4 

//Reference=MNI 
//nullstudy_60
//Subjects=20
-26  60  -4 
-44  -62  12 
-32  -2  -34 
-10  -54  -58 
4  48  14 
34  36  50 
-30  -8  -30 
-26  -54  36 

//Reference=MNI 
//nullstudy_61
//Subjects=21
14  8  -28 
-6  -60  -16 
-68  -36  4 
-2  -24  -2 
-60  -46  -8 
-58  -36  10 
-38  6  -38 
-52  -46  -2 

//Reference=MNI 
//nullstudy_62
//Subjects=21
6  56  22 
-16  -88  -46 
16  40  18 
22  32  38 
-12  -48  -60 
-20  -44  72 
-28  8  -36 
-42  -28  62 

//Reference=MNI 
//nullstudy_63
//Subjects=19
34  8  28 
-34  -54  -50 
-24  -74  -54 
-16  4  -16 
-54  -66  30 
-12  -58  46 
0  50  -18 
-24  -34  -18 

//Reference=MNI 
//nullstudy_64
//Subjects=18
-38  26  18 
-62  -6  20 
-28  -80  16 
-14  -56  -36 
18  14  -16 
14  2  -24 
-30  6  -8 
-10  -20  -2 

//Reference=MNI 
//nullstudy_65
//Subjects=19
-16  -90  -30 
0  44  24 
-64  -32  -24 
-32  18  12 
-36  -80  14 
-38  -28  68 
-66  -10  14 
-48  -54  -54 

//Reference=MNI 
//nullstudy_66
//Subjects=20
-48  20  24 
-50  0  10 
-26  -12  64 
-30  28  -2 
42  8  14 
60  28  16 
-40  60  2 
-52  -42  42 

//Reference=MNI 
//nullstudy_67
//Subjects=20
-28  -30  48 
-2  -90  -18 
-10  -86  -28 
12  16  14 
-54  -8  36 
-40  14  -26 
-38  28  -24 
-24  38  30 

//Reference=MNI 
//nullstudy_68
//Subjects=20
-28  46  -10 
-40  38  2 
-42  26  36 
-14  -74  -34 
-44  18  -36 
44  4  -26 
60  2  32 
-6  32  -32 

//Reference=MNI 
//nullstudy_69
//Subjects=20
44  34  4 
-24  -6  2 
-34  -4  38 
52  14  4 
14  18  2 
-6  -12  -2 
-42  14  28 
-32  -80  36 

//Reference=MNI 
//nullstudy_70
//Subjects=20
-22  -94  -14 
-4  22  24 
-24  -94  0 
-4  54  38 
-18  -50  74 
-34  -84  14 
-60  -60  -12 
-24  -44  -46 

//Reference=MNI 
//nullstudy_71
//Subjects=20
-26  20  62 
-24  -82  4 
-22  -96  2 
-36  42  10 
-48  -22  -34 
-4  -54  -34 
-38  -50  28 
-14  -16  44 

//Reference=MNI 
//nullstudy_72
//Subjects=20
14  10  62 
-2  10  26 
46  28  26 
-30  -62  -38 
60  14  2 
-40  4  56 
-16  -68  -50 
-22  -74  -10 

//Reference=MNI 
//nullstudy_73
//Subjects=21
-28  -78  12 
-52  -18  -34 
8  6  30 
-14  -86  30 
-2  -20  12 
28  14  -24 
-4  -74  58 
18  10  56 

//Reference=MNI 
//nullstudy_74
//Subjects=21
-32  -18  56 
36  10  -20 
-38  -16  -20 
-10  24  -16 
-34  -4  2 
64  8  30 
-40  10  22 
-12  6  8 

//Reference=MNI 
//nullstudy_75
//Subjects=20
-36  -78  -52 
-48  -32  -30 
-54  -50  14 
38  60  14 
-26  -62  42 
42  18  8 
-44  -80  10 
28  40  48 

//Reference=MNI 
//nullstudy_76
//Subjects=19
-36  -42  -26 
18  50  -14 
-28  -70  -54 
-48  -64  0 
-26  -82  -34 
-44  -80  24 
-22  60  22 
-44  4  30 

//Reference=MNI 
//nullstudy_77
//Subjects=21
34  36  44 
-46  -16  34 
20  66  -16 
-36  12  8 
-12  8  4 
-24  38  24 
-46  2  -4 
-30  -66  -14 

//Reference=MNI 
//nullstudy_78
//Subjects=19
-10  -104  -6 
-40  -74  14 
-6  -6  48 
12  2  -22 
-38  -62  -12 
-18  14  -34 
-4  64  -16 
-44  -78  26 

//Reference=MNI 
//nullstudy_79
//Subjects=19
-42  -62  4 
-14  -26  -30 
-16  -84  46 
-8  -56  42 
-28  8  52 
14  40  52 
-62  -54  -16 
8  58  0 

//Reference=MNI 
//nullstudy_80
//Subjects=19
44  36  -4 
-6  -96  2 
-28  -60  -8 
-64  -56  18 
-36  60  2 
-10  -90  2 
-52  -30  -18 
-16  2  60 

//Reference=MNI 
//nullstudy_81
//Subjects=20
-28  56  18 
-16  -56  8 
12  12  34 
-4  10  18 
-60  -52  -18 
-62  -4  36 
-20  -34  58 
-22  -90  -36 

//Reference=MNI 
//nullstudy_82
//Subjects=21
-22  -70  -50 
-8  -70  -2 
-10  -94  34 
-2  -66  -36 
-36  2  -16 
-24  -50  -56 
8  46  6 
28  66  -6 

//Reference=MNI 
//nullstudy_83
//Subjects=20
-6  -12  22 
-2  -88  0 
-14  -28  8 
4  22  -12 
36  50  26 
-2  24  -16 
36  4  34 
-38  36  0 

//Reference=MNI 
//nullstudy_84
//Subjects=21
-6  -50  64 
-30  54  -16 
20  30  -22 
-4  -28  -20 
-42  -76  18 
-22  -32  16 
42  32  12 
42  2  10 

//Reference=MNI 
//nullstudy_85
//Subjects=22
-46  -68  -20 
-42  -50  -36 
-40  -32  -14 
-20  -72  40 
-42  -8  -6 
-58  -46  34 
-4  24  36 
-28  -10  54 

//Reference=MNI 
//nullstudy_86
//Subjects=20
-44  -70  12 
-22  -30  60 
12  20  -20 
-12  22  32 
54  34  8 
-54  10  -14 
-4  -54  52 
2  18  54 

//Reference=MNI 
//nullstudy_87
//Subjects=20
26  30  36 
-66  -26  28 
-10  -64  4 
-20  -12  -38 
2  64  16 
-48  6  26 
-8  -86  -42 
-20  -20  -18 

//Reference=MNI 
//nullstudy_88
//Subjects=21
-58  -28  -30 
-10  -60  2 
-34  -72  -58 
-50  -28  -18 
-30  -66  -62 
-36  12  -18 
-10  12  16 
-34  -58  -60 

//Reference=MNI 
//nullstudy_89
//Subjects=20
-22  18  48 
-6  -90  -22 
-52  -72  -12 
12  6  -24 
-56  -34  52 
-62  -16  -26 
-36  -38  54 
-24  56  -10 

//Reference=MNI 
//nullstudy_90
//Subjects=20
-38  -86  -22 
-38  42  26 
32  24  56 
-52  -28  -4 
-22  10  -42 
10  18  58 
-10  -82  42 
-64  -4  16 

//Reference=MNI 
//nullstudy_91
//Subjects=21
-14  -26  8 
-10  -66  22 
-48  -18  48 
-54  -38  18 
40  24  38 
36  2  46 
-54  -44  -18 
-54  -2  46 

//Reference=MNI 
//nullstudy_92
//Subjects=21
-16  -46  66 
-10  -66  66 
-8  -6  -26 
-12  -48  -66 
-48  -36  54 
-24  16  -28 
4  18  52 
-18  -64  -46 

//Reference=MNI 
//nullstudy_93
//Subjects=18
50  2  32 
-2  -94  -12 
30  24  58 
-14  -76  -32 
-32  -22  10 
-2  38  -10 
-34  -6  -32 
-38  -54  -38 

//Reference=MNI 
//nullstudy_94
//Subjects=20
-12  -24  6 
-58  -26  34 
-22  -2  -22 
-18  -58  42 
-2  -10  -12 
-14  -4  -16 
-50  -72  -34 
-18  -56  -30 

//Reference=MNI 
//nullstudy_95
//Subjects=20
-12  -24  18 
-12  56  12 
36  24  -20 
-12  -54  66 
-44  12  -30 
-10  -98  -20 
-22  54  34 
-14  -62  40 

//Reference=MNI 
//nullstudy_96
//Subjects=22
-30  -76  -56 
-46  -72  12 
-34  36  -6 
-10  18  0 
-54  -44  36 
-34  54  10 
-40  -22  48 
-12  36  30 

//Reference=MNI 
//nullstudy_97
//Subjects=19
-58  -54  42 
22  8  54 
-20  -72  -16 
58  12  -6 
-10  -86  38 
-50  -12  42 
-60  -44  38 
-8  -66  -30 

//Reference=MNI 
//nullstudy_98
//Subjects=20
-30  -36  -10 
-60  -48  -6 
-2  -4  32 
34  20  -12 
44  56  6 
-28  52  10 
24  8  56 
-18  -60  12 

//Reference=MNI 
//nullstudy_99
//Subjects=20
-18  -58  -4 
-8  4  -18 
6  16  34 
-8  -34  40 
-50  0  20 
-40  6  12 
-28  -74  48 
4  50  6 

//Reference=MNI 
//nullstudy_100
//Subjects=19
-32  -20  -16 
-16  -94  10 
2  30  24 
32  30  44 
-50  -18  -8 
-40  52  0 
-16  -80  -50 
-26  -42  -18 

