//Reference=MNI 
//truestudy_1
//Subjects=29
47  -67  -7 
45  -64  -6 
45  -67  -6 
46  -66  -7 
47  -66  -5 
42  -66  -7 
46  -65  -6 
46  -66  -6 

//Reference=MNI 
//truestudy_2
//Subjects=30
45  -66  -5 
46  -66  -4 
45  -65  -5 
46  -66  -6 
47  -67  -8 
48  -67  -7 
45  -66  -5 
46  -65  -5 

//Reference=MNI 
//truestudy_3
//Subjects=29
46  -66  -7 
46  -65  -6 
46  -66  -6 
44  -65  -5 
45  -68  -5 
48  -68  -6 
47  -67  -7 
47  -65  -7 

//Reference=MNI 
//nullstudy_1
//Subjects=29
-48  -54  38 
16  52  -16 
-14  -26  -10 
-50  -64  24 
16  8  20 
-30  -56  -52 
-2  -32  38 
-6  20  62 

//Reference=MNI 
//nullstudy_2
//Subjects=30
-10  -64  -56 
-38  58  -4 
-2  -74  -30 
2  58  -10 
-36  -36  42 
-2  46  50 
26  28  -20 
-46  20  14 

//Reference=MNI 
//nullstudy_3
//Subjects=29
-60  -20  22 
-16  70  14 
30  44  22 
-8  -24  -40 
-14  -42  -14 
44  6  58 
-30  -62  46 
44  20  40 

//Reference=MNI 
//nullstudy_4
//Subjects=31
-24  26  32 
38  16  56 
14  10  44 
-4  -32  -16 
-42  10  -40 
-42  -16  14 
16  40  -28 
-62  -14  4 

//Reference=MNI 
//nullstudy_5
//Subjects=29
-62  -38  30 
-30  64  10 
-16  8  -40 
38  8  -20 
50  10  24 
-60  -22  22 
-28  2  54 
-34  -82  26 

//Reference=MNI 
//nullstudy_6
//Subjects=31
-26  -66  42 
-60  -28  -22 
-30  -42  2 
-38  -6  -2 
-40  -34  -24 
-18  22  -8 
-32  -40  -14 
-30  10  52 

//Reference=MNI 
//nullstudy_7
//Subjects=30
40  8  -20 
-4  -50  -4 
-28  32  -24 
-30  -50  -8 
4  10  38 
34  34  -12 
-26  0  60 
-4  -60  -64 

//Reference=MNI 
//nullstudy_8
//Subjects=29
-4  26  52 
2  44  0 
-22  20  58 
-16  -48  -8 
-4  -68  50 
-38  -14  10 
52  16  -20 
26  50  6 

//Reference=MNI 
//nullstudy_9
//Subjects=32
-50  -44  50 
-26  -46  74 
-38  0  38 
-12  26  2 
4  4  60 
-28  4  52 
-38  8  -14 
-12  46  -28 

//Reference=MNI 
//nullstudy_10
//Subjects=31
-12  -60  58 
-42  -52  40 
-34  -64  -50 
-42  -72  44 
-2  -88  -34 
-24  -76  -56 
-34  26  4 
26  42  48 

//Reference=MNI 
//nullstudy_11
//Subjects=30
-34  -88  18 
56  16  32 
-6  -22  -46 
2  38  12 
-8  -72  -34 
16  54  -22 
-58  -10  -28 
46  6  -46 

//Reference=MNI 
//nullstudy_12
//Subjects=31
14  34  22 
-34  10  58 
-24  -66  34 
36  4  54 
12  30  -14 
-26  -14  10 
-2  32  32 
-32  -66  38 

//Reference=MNI 
//nullstudy_13
//Subjects=30
-30  0  58 
-44  6  -22 
-10  -86  -12 
-6  -74  -24 
-36  -10  -4 
-36  54  18 
-38  -50  32 
-42  -66  24 

//Reference=MNI 
//nullstudy_14
//Subjects=30
-34  32  -4 
-4  18  34 
-48  -38  42 
-12  6  -20 
-28  16  -34 
-30  -56  -46 
-34  6  36 
-58  -70  -4 

//Reference=MNI 
//nullstudy_15
//Subjects=29
-48  -64  -10 
48  16  26 
-16  -68  -44 
-44  10  40 
28  6  -24 
-20  14  -14 
-14  -2  76 
8  46  -20 

//Reference=MNI 
//nullstudy_16
//Subjects=29
-42  0  -10 
-8  -76  -38 
2  42  46 
46  56  -2 
24  10  6 
-8  -76  -50 
42  26  -12 
-10  -44  -22 

//Reference=MNI 
//nullstudy_17
//Subjects=31
-26  -76  -4 
-10  -52  14 
-30  24  -6 
-30  28  -6 
-2  -40  -26 
28  30  6 
-42  -34  50 
6  40  -22 

//Reference=MNI 
//nullstudy_18
//Subjects=30
-54  -16  34 
-36  -24  46 
-40  -82  18 
-14  60  18 
-2  -42  44 
-14  -30  48 
54  28  34 
-6  58  -2 

//Reference=MNI 
//nullstudy_19
//Subjects=30
-18  -60  -18 
-8  -54  -58 
-10  54  38 
-20  -82  30 
-36  28  22 
36  24  50 
-46  -80  4 
-62  -28  -24 

//Reference=MNI 
//nullstudy_20
//Subjects=30
-44  16  -36 
-12  -74  42 
-14  16  2 
-50  34  -2 
-44  -78  -22 
-66  -16  18 
-22  54  -8 
-16  -96  4 

//Reference=MNI 
//nullstudy_21
//Subjects=30
-28  -10  -44 
36  22  -26 
-48  -70  20 
16  22  4 
30  18  -20 
-12  -50  -46 
-48  -30  12 
-24  56  0 

//Reference=MNI 
//nullstudy_22
//Subjects=32
-6  -14  -24 
-34  8  -6 
28  38  -20 
-36  16  60 
-28  22  48 
-42  2  -34 
-4  -80  -38 
-28  -86  -44 

//Reference=MNI 
//nullstudy_23
//Subjects=32
-18  34  -16 
-30  36  16 
-12  -44  78 
-48  -50  -34 
-10  -14  70 
60  4  -12 
-4  52  6 
-48  -62  46 

//Reference=MNI 
//nullstudy_24
//Subjects=30
-8  -22  36 
-62  -18  -24 
-14  -22  -8 
-4  -34  -48 
-6  -6  44 
-26  56  10 
-40  -8  14 
-16  -34  -6 

//Reference=MNI 
//nullstudy_25
//Subjects=31
36  22  -24 
-62  -34  -20 
-64  -30  -26 
42  18  -14 
-16  2  0 
-32  -14  -38 
38  48  14 
0  60  -22 

//Reference=MNI 
//nullstudy_26
//Subjects=31
-34  32  46 
-54  -62  12 
-56  20  6 
-12  58  -20 
-48  4  14 
-22  58  -4 
-32  28  48 
-30  -58  52 

//Reference=MNI 
//nullstudy_27
//Subjects=30
-62  6  -4 
-26  48  42 
-24  8  70 
-22  -80  -32 
4  56  42 
-2  -34  54 
-58  -60  -18 
-52  -4  8 

//Reference=MNI 
//nullstudy_28
//Subjects=31
56  2  -26 
-36  -28  70 
6  6  64 
-56  -2  22 
-10  22  54 
-66  -22  20 
-8  2  46 
-18  -32  62 

//Reference=MNI 
//nullstudy_29
//Subjects=28
-22  24  40 
4  66  -8 
-16  -44  -24 
20  56  22 
-18  -98  -22 
-10  -46  -40 
-10  36  -26 
10  60  36 

//Reference=MNI 
//nullstudy_30
//Subjects=31
-46  20  -34 
-20  56  -2 
-58  -22  30 
-36  -4  -44 
-60  -52  -16 
-36  -86  -12 
32  2  -34 
-6  14  -28 

//Reference=MNI 
//nullstudy_31
//Subjects=31
2  18  70 
10  20  -10 
4  36  -6 
54  2  30 
-2  -16  58 
-52  4  -4 
-30  -92  -2 
-48  14  18 

//Reference=MNI 
//nullstudy_32
//Subjects=30
-12  -98  -18 
-8  -70  44 
-36  -14  -10 
-52  -30  52 
-2  -22  58 
-20  -34  -10 
2  26  -6 
-34  2  -18 

//Reference=MNI 
//nullstudy_33
//Subjects=31
-2  44  36 
4  4  40 
-22  -6  74 
-50  12  34 
-20  28  58 
-24  -68  56 
-2  -66  -56 
-38  12  38 

//Reference=MNI 
//nullstudy_34
//Subjects=32
24  12  54 
48  14  38 
-20  -78  24 
-6  -60  24 
-44  -10  60 
38  14  62 
-52  26  32 
30  64  -2 

//Reference=MNI 
//nullstudy_35
//Subjects=30
12  36  -20 
6  2  -20 
-14  68  4 
40  16  -24 
-8  -92  -16 
0  30  -8 
-54  -36  28 
-4  -44  22 

//Reference=MNI 
//nullstudy_36
//Subjects=31
8  12  -12 
-42  -42  8 
34  26  -34 
-4  -26  18 
-52  42  2 
16  10  54 
48  24  8 
-50  -68  -38 

//Reference=MNI 
//nullstudy_37
//Subjects=31
44  28  38 
-44  -68  -20 
-4  -64  44 
-8  -42  -40 
-28  -48  -32 
-12  -38  42 
-12  -68  -20 
-30  -34  -36 

//Reference=MNI 
//nullstudy_38
//Subjects=32
30  8  -38 
-44  -34  -30 
-12  0  50 
-36  -38  36 
-14  -74  16 
0  48  26 
-48  -16  38 
6  62  10 

//Reference=MNI 
//nullstudy_39
//Subjects=30
-26  28  -22 
-22  8  -48 
-40  22  -38 
-46  -62  -30 
-38  12  22 
20  40  -12 
-30  -92  -2 
-38  -46  -38 

//Reference=MNI 
//nullstudy_40
//Subjects=32
-54  -56  -2 
-12  -60  46 
-20  -42  -24 
26  56  14 
18  32  -28 
-16  -10  64 
-34  -30  -18 
50  34  34 

//Reference=MNI 
//nullstudy_41
//Subjects=29
-46  -46  60 
30  24  -30 
-44  -40  -30 
-24  24  -2 
46  36  2 
-46  -60  -16 
-60  -32  -26 
-16  -18  -24 

//Reference=MNI 
//nullstudy_42
//Subjects=31
2  24  34 
-42  -12  38 
2  36  12 
-30  4  -50 
-10  -40  -22 
60  22  26 
-8  -96  -16 
-2  -68  -42 

//Reference=MNI 
//nullstudy_43
//Subjects=29
-40  -26  52 
-10  -70  -42 
-42  26  -10 
36  8  48 
-48  -60  36 
-4  -24  52 
-30  -20  4 
-28  -50  58 

//Reference=MNI 
//nullstudy_44
//Subjects=31
36  20  32 
-50  -62  30 
-28  -26  -16 
-30  -52  -34 
44  42  -20 
42  20  2 
-2  -76  -50 
-16  -76  14 

//Reference=MNI 
//nullstudy_45
//Subjects=29
-30  -52  0 
22  50  40 
-12  48  -12 
-42  -32  42 
-54  10  38 
-36  4  44 
-14  -64  8 
-4  -104  12 

//Reference=MNI 
//nullstudy_46
//Subjects=30
-36  -14  -22 
-18  8  -10 
44  6  -40 
-2  36  56 
22  14  -10 
-66  -34  -6 
-14  -8  -20 
26  26  -14 

//Reference=MNI 
//nullstudy_47
//Subjects=32
4  40  10 
-54  -50  -22 
-2  -76  -36 
-40  -28  60 
48  30  -14 
-42  -16  22 
-4  -46  -20 
-6  8  50 

//Reference=MNI 
//nullstudy_48
//Subjects=30
-54  -22  -24 
-16  64  -16 
-60  -28  42 
-4  -76  46 
-56  -4  -2 
30  64  18 
-36  -60  -48 
-4  -28  70 

//Reference=MNI 
//nullstudy_49
//Subjects=28
44  30  34 
-38  -66  -12 
36  10  -2 
-18  -44  -18 
-38  -58  -32 
46  16  40 
-16  -28  74 
-38  -72  -10 

//Reference=MNI 
//nullstudy_50
//Subjects=31
-46  2  56 
-22  -54  6 
-34  54  8 
-54  -16  0 
36  6  54 
-14  4  18 
-54  -4  44 
-26  -74  -30 

//Reference=MNI 
//nullstudy_51
//Subjects=31
-66  -24  -4 
38  2  18 
-50  -8  40 
-34  -84  4 
-10  6  40 
-44  -24  4 
28  52  16 
-44  -54  -50 

//Reference=MNI 
//nullstudy_52
//Subjects=32
-10  28  40 
60  24  16 
24  18  50 
66  4  18 
-26  48  18 
-6  -10  12 
-2  54  8 
-16  -84  -6 

//Reference=MNI 
//nullstudy_53
//Subjects=30
34  2  -16 
-62  -8  18 
-60  -34  -28 
24  70  2 
-38  36  24 
-42  36  -14 
-36  -70  8 
-36  -2  18 

//Reference=MNI 
//nullstudy_54
//Subjects=30
-52  6  30 
-24  54  36 
-54  18  22 
-28  -62  -48 
-36  -32  -8 
22  48  -2 
-38  0  -26 
-60  -42  -14 

//Reference=MNI 
//nullstudy_55
//Subjects=31
-38  -26  70 
-70  -22  -14 
-22  8  48 
28  32  42 
-30  -8  -32 
-50  8  -6 
-20  60  20 
14  52  34 

//Reference=MNI 
//nullstudy_56
//Subjects=32
-40  -32  -20 
36  2  2 
-40  -20  34 
-44  -80  0 
-10  -22  38 
-38  40  12 
-38  -36  -32 
-8  -32  16 

//Reference=MNI 
//nullstudy_57
//Subjects=30
-36  24  -16 
-24  -76  4 
-8  -46  24 
-4  -56  -12 
-34  30  -16 
-4  -62  -54 
-56  -58  -20 
-52  -10  34 

//Reference=MNI 
//nullstudy_58
//Subjects=30
24  10  -32 
-38  -50  -24 
58  8  -22 
-40  -80  -38 
-24  -32  -42 
-6  -60  -58 
-46  -30  60 
12  44  42 

//Reference=MNI 
//nullstudy_59
//Subjects=29
58  10  -24 
-30  -12  -8 
-44  16  6 
-12  -54  10 
18  34  36 
32  38  28 
20  66  10 
26  26  46 

//Reference=MNI 
//nullstudy_60
//Subjects=31
-26  -54  -8 
-46  28  -16 
16  12  -24 
-30  10  40 
38  24  26 
-52  -32  -12 
-40  -78  -34 
12  10  16 

//Reference=MNI 
//nullstudy_61
//Subjects=30
-20  -66  6 
-54  -24  14 
-30  4  -34 
-34  -84  34 
-52  -36  -14 
-42  8  2 
26  40  -22 
-8  -6  66 

//Reference=MNI 
//nullstudy_62
//Subjects=30
-56  -64  -18 
-52  -16  -18 
-28  -70  -24 
-24  -68  -62 
-14  26  62 
-26  14  44 
-4  -64  38 
-30  -30  14 

//Reference=MNI 
//nullstudy_63
//Subjects=29
-40  -36  -16 
-42  38  -20 
52  16  4 
-56  -58  -8 
24  6  -4 
-8  -32  16 
-44  34  28 
-62  -38  -14 

//Reference=MNI 
//nullstudy_64
//Subjects=31
-30  -38  48 
-48  -22  -36 
-4  -46  4 
-10  -70  12 
-28  48  24 
56  32  -4 
-18  -72  62 
42  18  24 

//Reference=MNI 
//nullstudy_65
//Subjects=31
-10  -2  -12 
-32  -90  -26 
-32  -90  24 
-10  -32  80 
-20  -68  64 
-44  -42  42 
-48  -62  32 
-62  -44  -2 

//Reference=MNI 
//nullstudy_66
//Subjects=29
-18  40  -22 
-6  -62  64 
-52  -64  -36 
-60  -8  6 
-12  38  -18 
-28  -82  -40 
-50  -54  32 
-4  54  22 

//Reference=MNI 
//nullstudy_67
//Subjects=29
-18  -32  -20 
-32  52  22 
-10  -56  -46 
46  14  -2 
-28  -96  2 
-14  46  -6 
-52  -42  -32 
-40  8  -36 

//Reference=MNI 
//nullstudy_68
//Subjects=31
28  52  -18 
-4  58  8 
-8  -96  -20 
50  40  0 
54  16  24 
-2  22  20 
-14  -86  -34 
6  64  -20 

//Reference=MNI 
//nullstudy_69
//Subjects=30
20  16  -22 
26  60  -10 
-38  12  30 
-6  -64  -52 
6  50  -8 
14  28  -2 
-60  -12  34 
-18  -72  18 

//Reference=MNI 
//nullstudy_70
//Subjects=30
8  26  32 
0  8  54 
24  44  18 
-2  30  8 
-44  -6  52 
-4  -26  48 
-50  -36  36 
-30  -16  -38 

//Reference=MNI 
//nullstudy_71
//Subjects=28
-38  34  44 
42  2  10 
-56  -24  8 
-56  -32  20 
-14  -14  -14 
-8  -38  58 
10  36  60 
-32  24  -10 

//Reference=MNI 
//nullstudy_72
//Subjects=32
-28  -86  40 
40  10  14 
-8  -40  -2 
-10  4  58 
-22  18  -30 
-40  -70  38 
4  8  -16 
42  22  -24 

//Reference=MNI 
//nullstudy_73
//Subjects=30
-44  -64  10 
-10  -82  -34 
30  16  42 
-24  0  -38 
-46  -34  16 
-8  8  -12 
-10  -74  60 
-14  62  16 

//Reference=MNI 
//nullstudy_74
//Subjects=31
-4  70  8 
-16  -80  6 
-10  -22  -42 
-6  8  -28 
-12  -30  4 
26  46  12 
36  12  6 
-28  -84  -8 

//Reference=MNI 
//nullstudy_75
//Subjects=29
0  38  -4 
-14  -26  36 
-6  -66  50 
-26  -94  24 
18  20  62 
34  32  -6 
2  50  26 
50  38  16 

//Reference=MNI 
//nullstudy_76
//Subjects=29
36  2  8 
20  68  18 
-44  -90  -2 
4  48  -16 
-16  -4  -40 
6  12  70 
-36  52  12 
-4  -98  -2 

//Reference=MNI 
//nullstudy_77
//Subjects=30
-20  4  -6 
-12  -42  40 
-18  56  6 
8  38  -6 
-22  8  64 
-12  -46  28 
-12  -62  34 
-52  -70  -38 

//Reference=MNI 
//nullstudy_78
//Subjects=30
30  26  -26 
-46  -68  -24 
42  6  -2 
-22  -76  -32 
-8  -60  50 
10  14  62 
20  2  56 
28  22  -16 

//Reference=MNI 
//nullstudy_79
//Subjects=30
-38  -50  50 
32  32  0 
0  48  46 
-60  -32  -12 
-44  -44  60 
14  24  38 
-12  -92  20 
-32  -50  -28 

//Reference=MNI 
//nullstudy_80
//Subjects=28
-12  -50  -48 
-32  -28  56 
-6  -34  -36 
24  42  16 
-48  -20  -6 
42  34  -8 
-46  -2  -6 
-64  -20  -10 

//Reference=MNI 
//nullstudy_81
//Subjects=32
-50  -50  6 
-34  4  -6 
-22  -64  -34 
12  60  20 
-28  2  -42 
-48  -56  4 
58  10  -8 
-64  -46  18 

//Reference=MNI 
//nullstudy_82
//Subjects=30
-18  -94  -20 
40  36  -20 
10  30  54 
-16  -76  32 
-10  -38  70 
22  18  -24 
-10  -40  -32 
32  6  0 

//Reference=MNI 
//nullstudy_83
//Subjects=30
-24  -26  -28 
-18  -38  8 
28  22  12 
-10  -44  -18 
-50  -6  -14 
-10  4  56 
46  8  -8 
-4  -36  -54 

//Reference=MNI 
//nullstudy_84
//Subjects=28
-46  -54  -32 
-6  -86  26 
-12  -34  42 
-14  -72  32 
-18  -98  -4 
-50  -54  -26 
-34  22  -34 
-34  44  -6 

//Reference=MNI 
//nullstudy_85
//Subjects=31
-34  -10  18 
-16  -66  -40 
-12  40  -12 
2  64  22 
-38  18  36 
-18  -90  16 
-52  -48  36 
54  12  -8 

//Reference=MNI 
//nullstudy_86
//Subjects=31
26  4  50 
-34  -32  -20 
26  16  -36 
-2  -70  60 
-2  -2  56 
-12  -48  28 
50  16  26 
-30  -92  18 

//Reference=MNI 
//nullstudy_87
//Subjects=29
-16  -16  -24 
-16  -60  6 
-36  -28  24 
-16  -90  -32 
48  4  -10 
-8  56  26 
20  56  6 
-22  -38  10 

//Reference=MNI 
//nullstudy_88
//Subjects=30
-10  -76  -36 
22  56  32 
-22  -70  -50 
-50  -6  36 
-50  -70  -2 
-6  -78  12 
-8  -62  52 
-16  -48  -36 

//Reference=MNI 
//nullstudy_89
//Subjects=29
24  30  -22 
42  22  24 
-28  -8  2 
-36  28  14 
-38  -72  -52 
14  42  8 
-48  -24  54 
-8  -12  10 

//Reference=MNI 
//nullstudy_90
//Subjects=29
-18  -86  26 
-48  26  28 
-30  -70  26 
20  56  24 
-20  -54  58 
44  38  -18 
-36  -58  -36 
-56  -30  28 

//Reference=MNI 
//nullstudy_91
//Subjects=30
22  60  -16 
56  4  -38 
-4  -46  -22 
-24  -16  -18 
-36  -86  18 
52  20  36 
-28  4  68 
-48  4  -22 

//Reference=MNI 
//nullstudy_92
//Subjects=30
-56  -38  12 
40  10  28 
-18  -96  16 
-8  -32  70 
-14  44  34 
-12  -100  -20 
-10  8  40 
-22  -14  54 

//Reference=MNI 
//nullstudy_93
//Subjects=30
-24  -82  -6 
-46  -20  -14 
-26  36  30 
-52  -30  52 
-44  -32  0 
-40  52  22 
-32  -34  -16 
52  8  18 

//Reference=MNI 
//nullstudy_94
//Subjects=29
42  2  8 
38  46  -4 
-42  -12  -34 
4  52  -30 
22  44  -20 
-20  6  4 
-12  14  -20 
-34  10  60 

//Reference=MNI 
//nullstudy_95
//Subjects=29
8  64  12 
-36  24  -10 
0  54  -24 
6  26  62 
-2  -70  -52 
-42  30  42 
-6  -26  -32 
10  24  -28 

//Reference=MNI 
//nullstudy_96
//Subjects=30
-6  -54  -48 
-6  42  10 
-22  -38  8 
-14  -100  22 
-8  -36  -34 
28  24  2 
28  4  -38 
-36  -86  4 

//Reference=MNI 
//nullstudy_97
//Subjects=30
-4  -62  -26 
-60  -18  -2 
-32  -36  -12 
56  14  -24 
0  30  20 
32  4  34 
-6  -72  48 
2  30  64 

//Reference=MNI 
//nullstudy_98
//Subjects=30
-14  -78  -54 
-42  -52  46 
2  16  20 
-26  0  54 
-10  12  -4 
-10  -84  -20 
-16  60  14 
-8  -12  -22 

//Reference=MNI 
//nullstudy_99
//Subjects=30
-34  22  26 
-18  -14  -34 
-32  52  18 
-12  -100  -2 
-30  -66  -6 
10  50  14 
-10  -46  42 
-50  32  16 

//Reference=MNI 
//nullstudy_100
//Subjects=31
54  14  -16 
44  56  -8 
-24  -54  -8 
56  16  24 
-2  -102  -6 
-18  -74  -52 
-6  38  56 
-20  -70  14 

