//Reference=MNI 
//truestudy_1
//Subjects=30
45  -67  -4 
45  -66  -6 
46  -66  -5 
47  -67  -7 
45  -66  -5 
47  -67  -7 
46  -65  -5 
46  -68  -5 

//Reference=MNI 
//truestudy_2
//Subjects=30
46  -68  -7 
48  -65  -5 
46  -67  -7 
45  -68  -6 
46  -67  -8 
45  -65  -6 
46  -67  -6 
46  -68  -5 

//Reference=MNI 
//truestudy_3
//Subjects=29
48  -65  -6 
46  -67  -6 
47  -68  -6 
47  -66  -6 
45  -65  -9 
45  -67  -6 
46  -66  -8 
47  -64  -9 

//Reference=MNI 
//nullstudy_1
//Subjects=30
-16  -96  -20 
-32  -52  -4 
12  28  2 
-8  -48  40 
-30  -36  -28 
36  42  20 
-52  -38  -2 
26  68  12 

//Reference=MNI 
//nullstudy_2
//Subjects=30
-52  14  12 
-8  -10  62 
-2  -4  60 
8  64  -2 
12  44  28 
-38  -16  -28 
-34  -34  -6 
-36  34  22 

//Reference=MNI 
//nullstudy_3
//Subjects=29
-14  -40  40 
54  22  12 
8  28  48 
-26  -62  54 
-40  -80  -12 
-8  -36  -30 
-2  -42  2 
-34  -58  60 

//Reference=MNI 
//nullstudy_4
//Subjects=29
-62  -32  2 
-18  -26  58 
-42  -54  -18 
-12  -8  20 
-32  -34  22 
-38  -74  -28 
44  22  8 
30  60  14 

//Reference=MNI 
//nullstudy_5
//Subjects=31
-34  58  -16 
-58  -12  -12 
-6  50  46 
-56  -50  36 
-36  -72  -58 
-10  -38  76 
2  62  28 
-10  -42  -54 

//Reference=MNI 
//nullstudy_6
//Subjects=30
-2  -50  40 
-12  -54  4 
-16  -62  -18 
-58  -22  6 
-16  -50  30 
-56  -32  22 
-50  -42  34 
-32  -52  -30 

//Reference=MNI 
//nullstudy_7
//Subjects=30
-8  58  2 
14  40  -24 
14  2  -20 
32  32  -22 
24  52  28 
-18  12  -4 
-10  -80  16 
-2  -46  -8 

//Reference=MNI 
//nullstudy_8
//Subjects=30
-8  -98  20 
-14  -16  -16 
-4  32  46 
-20  -24  -22 
-24  46  16 
-12  -36  80 
-50  6  -34 
-12  42  50 

//Reference=MNI 
//nullstudy_9
//Subjects=31
-2  42  56 
-12  -10  18 
42  6  -36 
0  18  -10 
-36  -38  -40 
-52  2  -24 
-54  2  -10 
-32  -86  38 

//Reference=MNI 
//nullstudy_10
//Subjects=31
0  32  22 
30  44  14 
42  56  6 
-32  -52  38 
-40  -44  58 
14  48  0 
56  14  -28 
-2  -38  -44 

//Reference=MNI 
//nullstudy_11
//Subjects=29
-32  36  26 
14  18  62 
22  14  -10 
-48  2  48 
14  62  18 
-34  -74  -58 
-10  -94  -16 
-6  38  -28 

//Reference=MNI 
//nullstudy_12
//Subjects=32
-44  -80  0 
-10  -2  42 
-56  -56  44 
-44  6  44 
-24  -76  -28 
-52  8  -8 
-42  34  6 
-12  -84  12 

//Reference=MNI 
//nullstudy_13
//Subjects=29
40  2  62 
-44  -26  22 
-4  -22  60 
-26  -38  58 
18  14  62 
-38  -46  36 
58  20  20 
46  14  46 

//Reference=MNI 
//nullstudy_14
//Subjects=29
-46  -76  -16 
-20  -76  22 
36  48  10 
-40  -42  66 
-18  -24  24 
52  14  4 
34  32  36 
-14  -68  -26 

//Reference=MNI 
//nullstudy_15
//Subjects=29
-6  -78  -14 
20  56  10 
-20  -88  0 
-32  -6  -32 
-24  -46  -18 
-24  -4  -20 
-18  18  10 
-50  14  42 

//Reference=MNI 
//nullstudy_16
//Subjects=32
58  20  30 
52  38  0 
14  34  46 
36  8  40 
-8  48  30 
-52  10  -20 
24  30  -24 
-2  66  8 

//Reference=MNI 
//nullstudy_17
//Subjects=32
-30  12  -32 
-14  -56  6 
-18  60  10 
-26  -66  34 
2  64  -20 
-12  60  36 
-14  -26  16 
38  46  -20 

//Reference=MNI 
//nullstudy_18
//Subjects=31
-2  22  34 
48  40  4 
-10  -32  50 
36  50  12 
-56  34  8 
-16  -66  48 
-40  16  -12 
-60  -12  24 

//Reference=MNI 
//nullstudy_19
//Subjects=31
-6  -70  -18 
-16  -38  -20 
-36  -14  0 
-50  -24  -30 
-36  -58  -22 
-12  -8  -20 
20  64  -14 
6  20  -8 

//Reference=MNI 
//nullstudy_20
//Subjects=29
-68  -12  -8 
12  64  26 
-22  -12  -42 
-14  8  -6 
6  42  26 
14  52  10 
-12  -20  52 
-20  -78  -44 

//Reference=MNI 
//nullstudy_21
//Subjects=30
-22  -86  -12 
-50  -2  0 
-20  -84  -28 
-46  -20  20 
-18  6  62 
-26  10  44 
6  36  -12 
-4  16  12 

//Reference=MNI 
//nullstudy_22
//Subjects=29
-16  -4  56 
44  2  -28 
34  52  8 
-6  26  30 
-18  -90  -18 
-52  -36  34 
50  50  0 
-40  -2  10 

//Reference=MNI 
//nullstudy_23
//Subjects=30
-60  -12  10 
-48  -40  62 
38  24  -10 
-46  24  24 
-18  8  -22 
-30  -16  -26 
-54  -2  40 
-66  -12  -10 

//Reference=MNI 
//nullstudy_24
//Subjects=32
-18  -28  -16 
-16  -46  64 
-24  -24  66 
-26  -92  4 
-2  48  -16 
-8  -36  -38 
-24  48  10 
-30  14  -30 

//Reference=MNI 
//nullstudy_25
//Subjects=30
-36  -14  20 
-54  -56  -34 
-40  42  20 
-16  -30  38 
-30  -80  -38 
-28  -16  66 
46  24  -32 
-12  -58  -28 

//Reference=MNI 
//nullstudy_26
//Subjects=30
42  10  -22 
-30  -18  -32 
-14  -60  -46 
-2  -56  -22 
-60  -48  44 
14  16  64 
-32  -50  -4 
-52  6  -12 

//Reference=MNI 
//nullstudy_27
//Subjects=28
-8  -68  18 
-20  6  6 
-32  -50  6 
8  22  -28 
26  10  -6 
-10  -94  8 
-4  44  -16 
-24  -80  16 

//Reference=MNI 
//nullstudy_28
//Subjects=30
-14  -42  32 
-42  -20  20 
-18  -90  12 
-14  -46  -52 
12  12  -18 
-20  -74  38 
-30  -86  -8 
-26  4  68 

//Reference=MNI 
//nullstudy_29
//Subjects=32
-44  -76  -14 
-2  -14  4 
-18  -58  46 
-24  -36  58 
-4  -78  -42 
-48  -66  32 
42  8  -4 
0  4  56 

//Reference=MNI 
//nullstudy_30
//Subjects=30
-26  40  14 
-16  -82  -34 
-8  52  40 
-44  42  -8 
-40  30  28 
-2  -36  78 
-8  52  6 
8  18  -4 

//Reference=MNI 
//nullstudy_31
//Subjects=28
36  56  -2 
-2  -18  8 
-56  12  26 
-26  -22  60 
30  26  46 
-36  -2  32 
-14  12  -26 
-34  46  8 

//Reference=MNI 
//nullstudy_32
//Subjects=31
-26  -68  32 
-4  46  0 
-52  -26  -10 
28  24  46 
-6  -94  24 
16  4  62 
-4  10  68 
-12  18  36 

//Reference=MNI 
//nullstudy_33
//Subjects=30
6  12  -10 
-4  -22  -18 
-60  -4  32 
-30  -82  28 
-32  4  10 
-60  -36  8 
-64  -54  24 
-28  -46  -54 

//Reference=MNI 
//nullstudy_34
//Subjects=29
-58  -12  -8 
44  20  -12 
2  40  40 
-2  -80  32 
-10  -54  10 
-32  -16  44 
-58  -30  18 
-8  -70  20 

//Reference=MNI 
//nullstudy_35
//Subjects=31
-56  0  46 
-16  26  -18 
-16  -24  -14 
20  70  6 
26  60  24 
22  60  -18 
52  22  32 
12  54  20 

//Reference=MNI 
//nullstudy_36
//Subjects=32
-48  16  38 
-56  -6  20 
-32  -24  -18 
-42  -52  26 
-50  -22  54 
22  24  -22 
-16  -88  20 
2  36  58 

//Reference=MNI 
//nullstudy_37
//Subjects=30
12  30  56 
6  10  42 
-14  0  68 
40  26  -10 
-2  46  -18 
36  18  52 
-56  -64  12 
50  6  -24 

//Reference=MNI 
//nullstudy_38
//Subjects=27
-22  -48  -28 
-10  18  44 
-56  -6  16 
-46  -24  6 
-18  12  -22 
-12  -66  26 
-2  -86  36 
-44  -54  -6 

//Reference=MNI 
//nullstudy_39
//Subjects=31
0  12  50 
-12  -12  74 
-16  -90  34 
-6  20  10 
12  66  -4 
-32  -70  40 
-36  -24  16 
-12  -78  46 

//Reference=MNI 
//nullstudy_40
//Subjects=29
-14  -10  62 
-56  24  -2 
-12  -60  -60 
2  52  6 
-18  36  -24 
10  48  38 
-34  -28  -8 
-12  -20  -34 

//Reference=MNI 
//nullstudy_41
//Subjects=31
-44  20  -20 
-52  -50  18 
-46  4  34 
18  30  58 
-16  32  36 
22  6  -24 
0  34  32 
16  56  -18 

//Reference=MNI 
//nullstudy_42
//Subjects=29
2  24  32 
-6  -12  24 
-30  -18  64 
-38  -78  -22 
-2  52  -26 
-62  -36  8 
6  26  -14 
-8  58  34 

//Reference=MNI 
//nullstudy_43
//Subjects=31
-46  40  2 
-10  4  62 
6  64  2 
-18  -46  -60 
-46  -42  26 
28  58  -16 
-14  -72  -32 
-42  -56  -42 

//Reference=MNI 
//nullstudy_44
//Subjects=30
-44  -52  12 
-10  70  10 
36  24  -12 
-2  -6  16 
-18  12  -14 
-48  -10  -4 
-36  -52  -54 
-26  34  30 

//Reference=MNI 
//nullstudy_45
//Subjects=31
-44  10  -14 
-16  -84  20 
-8  -92  30 
-46  -40  28 
-36  18  -10 
54  16  -8 
-32  -72  -14 
-26  -40  66 

//Reference=MNI 
//nullstudy_46
//Subjects=30
-22  -2  54 
-6  -32  -22 
-60  -8  0 
18  4  62 
32  20  42 
-28  -40  -24 
-22  -64  62 
-20  62  8 

//Reference=MNI 
//nullstudy_47
//Subjects=29
6  14  2 
6  4  -26 
-24  -40  -46 
-50  -20  10 
-26  -78  12 
-2  14  62 
-12  18  66 
10  20  12 

//Reference=MNI 
//nullstudy_48
//Subjects=29
-16  12  54 
32  16  52 
-12  -8  8 
-32  -60  -16 
-16  4  62 
-2  -68  -6 
30  42  18 
28  8  -32 

//Reference=MNI 
//nullstudy_49
//Subjects=30
-14  -76  34 
-8  -42  -18 
22  26  -14 
-28  -66  48 
22  16  -28 
38  34  2 
-32  -84  30 
-20  -74  18 

//Reference=MNI 
//nullstudy_50
//Subjects=29
-26  -76  36 
4  42  -12 
-40  40  -18 
-50  -20  20 
-52  -20  44 
-22  -10  56 
-32  -90  4 
-48  -16  56 

//Reference=MNI 
//nullstudy_51
//Subjects=29
-8  2  -32 
28  64  20 
-20  -18  -22 
-46  28  40 
-42  -58  -58 
-26  40  -10 
-36  28  -12 
-4  -36  56 

//Reference=MNI 
//nullstudy_52
//Subjects=29
-52  -4  8 
-4  -30  40 
20  36  58 
-12  -24  22 
-40  -26  54 
-22  -4  54 
18  8  60 
-54  12  12 

//Reference=MNI 
//nullstudy_53
//Subjects=30
34  10  12 
-32  10  54 
-6  -30  -48 
-66  -32  40 
-2  56  42 
-44  -40  -42 
-22  -42  58 
-38  -18  50 

//Reference=MNI 
//nullstudy_54
//Subjects=29
8  28  44 
-42  -6  62 
2  54  16 
-30  -44  -10 
-12  -58  -64 
-44  28  20 
-10  -30  42 
-10  60  38 

//Reference=MNI 
//nullstudy_55
//Subjects=29
30  22  60 
-54  -16  46 
-52  -60  2 
-8  54  -2 
-26  -50  -58 
-28  -82  -52 
-30  -24  44 
60  12  -4 

//Reference=MNI 
//nullstudy_56
//Subjects=31
-56  -44  -20 
-18  -48  2 
36  48  24 
30  48  14 
-16  -58  -4 
-6  12  70 
-52  -26  32 
-6  32  18 

//Reference=MNI 
//nullstudy_57
//Subjects=30
-14  44  20 
22  32  50 
-6  -80  38 
-22  -60  -16 
-26  -6  10 
-20  -66  46 
6  54  46 
-2  -40  24 

//Reference=MNI 
//nullstudy_58
//Subjects=29
-66  -28  -10 
34  8  -22 
-28  46  16 
-20  4  64 
-68  -32  12 
0  4  16 
-48  -46  -38 
-30  -16  -18 

//Reference=MNI 
//nullstudy_59
//Subjects=30
-26  -62  -10 
-36  -6  4 
-32  -42  -44 
-46  -40  16 
-16  14  10 
-52  -28  -6 
-4  -18  4 
14  62  -18 

//Reference=MNI 
//nullstudy_60
//Subjects=30
-36  -34  60 
-34  -72  38 
-12  -28  -24 
-10  -40  40 
-24  -14  70 
-42  0  16 
-20  26  34 
18  64  24 

//Reference=MNI 
//nullstudy_61
//Subjects=30
-58  -12  46 
-44  -12  -34 
12  10  64 
28  16  -18 
-32  22  -28 
-50  -44  54 
-64  -24  -26 
-40  -28  -24 

//Reference=MNI 
//nullstudy_62
//Subjects=30
-34  -64  -16 
-18  -34  58 
20  48  -12 
-4  -98  -20 
12  26  64 
-44  -74  0 
-2  52  14 
-6  40  0 

//Reference=MNI 
//nullstudy_63
//Subjects=31
-12  -68  66 
-22  -80  -38 
30  18  -44 
8  22  6 
-34  32  12 
-50  -52  -20 
-50  30  6 
-46  4  -6 

//Reference=MNI 
//nullstudy_64
//Subjects=31
-20  62  -4 
-28  -82  14 
2  48  6 
-2  -94  12 
-18  -68  54 
-30  48  0 
56  14  0 
-42  32  -6 

//Reference=MNI 
//nullstudy_65
//Subjects=30
-36  -18  -42 
52  26  -4 
-58  6  -20 
-4  -26  -4 
-24  26  -22 
4  10  24 
-24  -62  38 
-24  -4  -42 

//Reference=MNI 
//nullstudy_66
//Subjects=30
58  8  16 
-30  -34  -2 
0  30  4 
-8  -14  -10 
-54  0  -40 
-22  6  -38 
40  2  12 
-28  -6  -44 

//Reference=MNI 
//nullstudy_67
//Subjects=30
-30  52  34 
-50  -14  54 
20  24  42 
-20  -28  -20 
-14  -76  30 
38  34  -4 
-10  48  -12 
-24  -90  20 

//Reference=MNI 
//nullstudy_68
//Subjects=29
-4  -58  30 
-50  -12  42 
-36  34  28 
32  44  8 
-32  -16  6 
-56  8  -22 
-56  -12  2 
-8  -8  -14 

//Reference=MNI 
//nullstudy_69
//Subjects=31
-6  -44  -64 
-42  -44  54 
-28  -2  0 
4  46  -18 
-2  -96  -6 
-34  -82  16 
-32  42  42 
-34  -56  -50 

//Reference=MNI 
//nullstudy_70
//Subjects=31
38  4  34 
-16  -20  22 
-2  -80  -44 
-32  -42  68 
-54  -18  44 
30  42  20 
-6  -18  58 
-46  12  -30 

//Reference=MNI 
//nullstudy_71
//Subjects=30
-42  34  -8 
-4  -16  -22 
-10  36  38 
-52  28  10 
-56  -8  -26 
36  26  -18 
-52  -46  -34 
-8  -12  58 

//Reference=MNI 
//nullstudy_72
//Subjects=31
-32  50  -2 
-32  10  62 
12  42  56 
-4  0  -14 
-24  -76  -14 
-50  -12  -8 
0  14  34 
-44  -36  6 

//Reference=MNI 
//nullstudy_73
//Subjects=31
-50  -10  6 
-48  -70  -34 
-30  -4  -4 
-34  8  62 
-32  -90  0 
2  6  28 
-32  -54  32 
-60  -22  20 

//Reference=MNI 
//nullstudy_74
//Subjects=29
-32  -44  -28 
-2  28  64 
0  32  14 
-30  -30  -20 
-2  -58  -6 
-62  8  0 
-4  34  2 
-30  32  30 

//Reference=MNI 
//nullstudy_75
//Subjects=32
-6  14  28 
-30  -30  70 
-8  -74  12 
-20  -92  18 
-46  -8  26 
-16  -62  -58 
0  24  -12 
18  58  18 

//Reference=MNI 
//nullstudy_76
//Subjects=29
-8  -36  -18 
14  68  22 
-50  -26  2 
-24  -60  -16 
-34  -10  58 
18  12  -22 
-40  0  -22 
-12  -82  16 

//Reference=MNI 
//nullstudy_77
//Subjects=31
-42  -70  38 
38  50  -14 
-58  -36  42 
-44  8  -46 
-34  -72  46 
56  28  8 
-34  -76  6 
-12  6  -6 

//Reference=MNI 
//nullstudy_78
//Subjects=29
2  34  -26 
26  34  44 
-52  14  -22 
38  16  60 
-34  20  -34 
-2  -48  -16 
-52  -18  58 
-4  -32  44 

//Reference=MNI 
//nullstudy_79
//Subjects=30
-10  -96  -10 
-62  -38  -22 
-26  -72  -50 
-46  -60  32 
-14  -82  -8 
-10  -6  -14 
40  8  -32 
-20  40  22 

//Reference=MNI 
//nullstudy_80
//Subjects=30
8  32  46 
38  26  20 
-46  -22  38 
-44  -66  -38 
-56  -52  -24 
-14  14  18 
-18  6  -28 
-16  -82  40 

//Reference=MNI 
//nullstudy_81
//Subjects=31
-16  16  56 
-36  0  36 
52  4  -42 
-20  -46  -16 
-12  -80  -52 
52  6  24 
-10  -56  -4 
-56  -50  -40 

//Reference=MNI 
//nullstudy_82
//Subjects=30
-10  44  -22 
40  52  0 
-2  -12  58 
-20  8  -24 
-52  -66  14 
44  28  -22 
60  24  14 
16  50  44 

//Reference=MNI 
//nullstudy_83
//Subjects=30
-46  -34  54 
-12  -66  -4 
-56  -62  -2 
-28  -52  -28 
-46  28  22 
-68  -36  -20 
30  4  -14 
22  62  -10 

//Reference=MNI 
//nullstudy_84
//Subjects=31
-6  -48  6 
-12  -78  -18 
-54  -48  -4 
-8  44  -18 
-12  -30  54 
-26  -46  16 
-22  -48  -2 
4  66  12 

//Reference=MNI 
//nullstudy_85
//Subjects=28
-4  -42  66 
-26  -66  60 
46  8  -20 
-62  -22  -8 
-46  -20  -12 
-10  48  34 
22  6  -44 
-2  14  40 

//Reference=MNI 
//nullstudy_86
//Subjects=29
-36  -84  16 
-8  -12  -20 
-42  4  14 
-40  -76  -34 
24  24  60 
-10  -12  -18 
58  12  8 
-14  -62  -54 

//Reference=MNI 
//nullstudy_87
//Subjects=27
46  20  4 
-44  16  -6 
-10  58  -2 
-40  -12  14 
-50  -64  12 
-42  -32  2 
-30  38  30 
-8  -50  -20 

//Reference=MNI 
//nullstudy_88
//Subjects=30
-30  -26  -14 
-20  66  10 
-10  -70  44 
50  18  34 
-54  -26  -4 
-56  -34  10 
-52  0  32 
-34  -4  -24 

//Reference=MNI 
//nullstudy_89
//Subjects=31
-24  -54  8 
-18  34  44 
-6  -50  -8 
-38  -36  60 
-44  -32  62 
-10  -24  18 
-68  -32  18 
2  32  -22 

//Reference=MNI 
//nullstudy_90
//Subjects=28
-16  -36  14 
-8  -84  6 
-16  -68  6 
-24  -76  -26 
-58  -18  36 
-56  -52  -8 
10  38  26 
16  24  58 

//Reference=MNI 
//nullstudy_91
//Subjects=29
-28  46  40 
-2  -6  52 
-50  -60  40 
-24  -74  22 
-46  26  6 
-36  -42  56 
-46  -58  -46 
-14  -22  46 

//Reference=MNI 
//nullstudy_92
//Subjects=29
-26  -80  4 
-50  18  14 
-2  -96  18 
-44  -10  -2 
-32  18  -28 
-58  -24  46 
-44  -44  -14 
-20  44  50 

//Reference=MNI 
//nullstudy_93
//Subjects=29
-36  -76  2 
-28  60  14 
-16  66  -2 
2  32  -6 
-54  8  -32 
-14  -96  24 
20  14  50 
50  12  28 

//Reference=MNI 
//nullstudy_94
//Subjects=31
-18  -64  48 
-22  18  42 
-8  12  54 
-46  -12  -28 
6  34  46 
-8  -96  -8 
60  14  26 
20  6  52 

//Reference=MNI 
//nullstudy_95
//Subjects=31
2  38  54 
-12  26  6 
-18  6  52 
22  40  22 
-36  -6  -16 
0  8  12 
64  4  6 
56  6  0 

//Reference=MNI 
//nullstudy_96
//Subjects=30
18  48  -16 
-62  -54  4 
52  30  32 
-30  -30  -30 
-2  56  8 
-32  -94  -4 
-20  -18  -36 
-28  -94  8 

//Reference=MNI 
//nullstudy_97
//Subjects=30
-52  -34  50 
-24  -34  -24 
38  12  32 
20  22  -24 
-14  -34  -6 
-48  -6  28 
-2  -30  -14 
-24  -86  4 

//Reference=MNI 
//nullstudy_98
//Subjects=30
-44  34  18 
-2  -16  28 
32  48  -14 
-8  56  20 
-44  -30  24 
-22  16  46 
-48  42  -12 
-46  48  2 

//Reference=MNI 
//nullstudy_99
//Subjects=30
-2  66  4 
-28  -70  22 
-48  16  36 
-8  22  46 
-34  -42  -24 
4  42  -26 
-62  -4  18 
8  18  32 

//Reference=MNI 
//nullstudy_100
//Subjects=30
-50  -52  -48 
-18  46  32 
-4  0  0 
-28  -2  6 
-14  -16  14 
-8  16  58 
-4  44  -6 
-6  14  46 

