//Reference=MNI 
//truestudy_1
//Subjects=10
47  -66  -5 
48  -65  -7 
46  -68  -5 
47  -66  -7 
46  -66  -3 
46  -66  -5 
45  -66  -8 
45  -66  -5 

//Reference=MNI 
//truestudy_2
//Subjects=11
45  -67  -6 
46  -66  -5 
46  -66  -6 
46  -66  -7 
46  -66  -6 
45  -67  -8 
46  -66  -6 
47  -65  -6 

//Reference=MNI 
//truestudy_3
//Subjects=11
45  -67  -5 
44  -66  -6 
45  -65  -8 
45  -65  -7 
44  -66  -6 
46  -65  -5 
47  -66  -7 
46  -67  -8 

//Reference=MNI 
//nullstudy_1
//Subjects=10
-36  14  30 
-56  -26  56 
22  10  8 
-32  -6  44 
-38  -16  -4 
40  34  8 
26  4  -10 
-34  22  -16 

//Reference=MNI 
//nullstudy_2
//Subjects=11
-34  -76  -28 
48  26  -22 
14  18  6 
-10  -40  -16 
-52  -66  8 
-38  40  -12 
36  22  -4 
-16  50  22 

//Reference=MNI 
//nullstudy_3
//Subjects=11
-16  12  -10 
-16  -64  -28 
-22  -46  -54 
-52  -10  -32 
-58  4  -24 
-52  28  14 
-40  36  28 
-68  -20  -4 

//Reference=MNI 
//nullstudy_4
//Subjects=9
8  6  20 
24  66  0 
-12  -50  -54 
26  34  34 
-34  32  8 
36  2  4 
4  40  46 
-32  -96  -12 

//Reference=MNI 
//nullstudy_5
//Subjects=11
-64  -8  -28 
-40  44  0 
-2  -12  32 
-28  -6  72 
-8  -92  36 
-34  36  -6 
-30  -96  16 
-34  -48  68 

//Reference=MNI 
//nullstudy_6
//Subjects=10
-28  -24  52 
52  10  -30 
22  24  54 
-32  22  30 
18  42  -26 
48  30  40 
-6  60  8 
-60  -8  -24 

//Reference=MNI 
//nullstudy_7
//Subjects=10
-38  -24  38 
32  4  54 
-38  -60  -20 
-58  22  4 
4  16  64 
-40  30  -22 
-8  20  -10 
-10  -102  4 

//Reference=MNI 
//nullstudy_8
//Subjects=11
22  50  6 
-36  58  -14 
-40  24  8 
-16  -16  -18 
-44  -16  22 
-44  6  6 
-4  -34  52 
-28  -94  2 

//Reference=MNI 
//nullstudy_9
//Subjects=10
54  12  46 
-46  8  -36 
-18  -80  26 
-12  14  48 
-30  -76  -22 
6  22  44 
-6  0  8 
-26  38  50 

//Reference=MNI 
//nullstudy_10
//Subjects=9
-46  14  42 
36  10  -8 
-12  -24  -8 
-12  -102  14 
-46  14  -16 
-8  -46  -24 
-16  -16  74 
-2  -30  60 

//Reference=MNI 
//nullstudy_11
//Subjects=8
24  10  48 
-42  -54  -16 
20  6  2 
-42  -18  -24 
-38  18  50 
-48  -20  10 
-12  -52  -16 
42  16  42 

//Reference=MNI 
//nullstudy_12
//Subjects=10
10  48  34 
-32  -42  -36 
-8  -16  -20 
10  30  62 
36  34  -4 
-38  -26  10 
-58  -32  24 
-6  44  16 

//Reference=MNI 
//nullstudy_13
//Subjects=10
-2  -28  -42 
-20  -88  -20 
-38  -16  52 
-46  -48  -30 
-14  -52  4 
-12  50  16 
-54  -10  52 
-28  -74  -14 

//Reference=MNI 
//nullstudy_14
//Subjects=10
2  18  -28 
-18  36  -22 
22  34  -22 
20  38  38 
-52  -40  -30 
-2  22  42 
2  44  12 
-52  -66  -30 

//Reference=MNI 
//nullstudy_15
//Subjects=9
-54  -40  -14 
-14  -84  30 
52  12  48 
-20  -30  -14 
-54  -16  14 
-20  -94  -24 
-18  -38  -12 
-24  -34  -36 

//Reference=MNI 
//nullstudy_16
//Subjects=11
-18  -36  -50 
8  14  70 
26  34  44 
2  58  -8 
32  22  -18 
-4  24  -30 
-16  -18  -30 
-28  -40  -28 

//Reference=MNI 
//nullstudy_17
//Subjects=9
-38  -72  4 
-44  -56  0 
-12  -56  54 
-26  -26  -8 
-36  -38  44 
50  50  -2 
-60  -16  -24 
10  26  58 

//Reference=MNI 
//nullstudy_18
//Subjects=9
-62  -48  10 
-8  -14  -22 
54  2  34 
-22  54  14 
-14  -48  72 
-22  -56  36 
-4  -88  -26 
-42  -8  -30 

//Reference=MNI 
//nullstudy_19
//Subjects=11
-28  -70  -6 
36  12  60 
-48  -44  32 
-22  -12  56 
-2  14  0 
-30  -8  68 
-42  -76  2 
-52  0  -10 

//Reference=MNI 
//nullstudy_20
//Subjects=10
-46  42  16 
-30  28  -26 
-12  28  0 
52  22  40 
-54  -70  18 
-50  -2  -40 
-44  -32  38 
18  42  30 

//Reference=MNI 
//nullstudy_21
//Subjects=10
46  30  8 
36  18  52 
14  14  -20 
-42  -40  10 
-26  -90  12 
-18  48  34 
-70  -22  -6 
8  24  42 

//Reference=MNI 
//nullstudy_22
//Subjects=9
20  14  56 
-34  26  24 
-26  -14  56 
24  46  30 
-12  4  48 
-50  -26  4 
-20  -76  -52 
-24  -62  46 

//Reference=MNI 
//nullstudy_23
//Subjects=10
14  40  22 
-52  20  -14 
10  4  8 
-32  -46  58 
48  12  -18 
32  14  -4 
-18  16  60 
-20  -2  -44 

//Reference=MNI 
//nullstudy_24
//Subjects=7
-52  -66  6 
-8  -98  22 
-46  18  40 
-24  -76  22 
-22  16  38 
-22  -42  54 
-46  -30  -28 
-2  -8  -14 

//Reference=MNI 
//nullstudy_25
//Subjects=9
16  28  52 
-4  24  -24 
26  40  -8 
-16  32  50 
-28  -12  0 
-26  54  10 
-12  56  -16 
-28  -88  -34 

//Reference=MNI 
//nullstudy_26
//Subjects=10
30  50  22 
-10  -4  72 
-4  0  28 
-26  -32  68 
-22  -74  -48 
-14  -44  -16 
-38  58  2 
-14  -74  38 

//Reference=MNI 
//nullstudy_27
//Subjects=10
-40  -44  44 
-46  -86  -12 
-20  -84  -28 
-32  -32  14 
-62  -54  -6 
-8  -56  -40 
-54  -68  6 
-16  -48  -54 

//Reference=MNI 
//nullstudy_28
//Subjects=10
-30  -32  -30 
-16  -76  -30 
30  60  20 
-32  30  0 
42  4  48 
-28  24  -28 
-2  -20  40 
-16  26  2 

//Reference=MNI 
//nullstudy_29
//Subjects=9
-40  -28  22 
-8  -66  -2 
-28  28  -2 
-8  -78  18 
-66  -6  -6 
-54  10  -16 
-22  -96  10 
-38  12  12 

//Reference=MNI 
//nullstudy_30
//Subjects=9
62  12  6 
-38  -78  8 
-6  -92  4 
-18  -18  -28 
-36  40  18 
-6  -56  -12 
-60  16  4 
-52  12  -16 

//Reference=MNI 
//nullstudy_31
//Subjects=10
50  6  8 
-26  -36  70 
22  52  -8 
-42  10  -22 
-54  10  8 
-16  -52  -54 
-66  -40  12 
-18  -94  -2 

//Reference=MNI 
//nullstudy_32
//Subjects=11
28  42  46 
-18  -52  0 
26  4  -20 
-6  2  32 
-6  4  46 
22  58  20 
4  68  0 
-32  -58  56 

//Reference=MNI 
//nullstudy_33
//Subjects=10
-38  -26  64 
28  42  10 
-22  -72  -12 
-2  10  -26 
-60  -66  -6 
-34  -16  -6 
40  10  -16 
-10  -2  22 

//Reference=MNI 
//nullstudy_34
//Subjects=11
-42  -72  44 
-54  -44  46 
10  26  28 
-12  14  14 
-10  -66  -40 
58  6  26 
-32  -44  -8 
50  8  -2 

//Reference=MNI 
//nullstudy_35
//Subjects=10
52  34  2 
0  62  22 
-20  -86  8 
14  6  -6 
-10  -44  -40 
-14  -60  36 
-56  -58  18 
-26  -20  -32 

//Reference=MNI 
//nullstudy_36
//Subjects=9
18  64  -10 
46  28  32 
-38  12  48 
18  6  60 
-36  -6  -34 
28  60  -6 
-8  -10  -6 
-20  -64  -16 

//Reference=MNI 
//nullstudy_37
//Subjects=9
-20  -70  50 
-12  -60  -50 
-44  -40  22 
-46  6  -16 
-6  -74  10 
-8  -8  42 
-28  36  -12 
-8  6  66 

//Reference=MNI 
//nullstudy_38
//Subjects=9
-14  -86  4 
-6  -100  -14 
44  16  10 
-50  -2  48 
-2  -16  14 
0  8  -20 
-60  -12  38 
32  32  -22 

//Reference=MNI 
//nullstudy_39
//Subjects=11
8  66  22 
20  34  56 
34  8  -42 
56  2  16 
-42  26  -10 
6  68  8 
32  32  20 
-68  -16  -18 

//Reference=MNI 
//nullstudy_40
//Subjects=12
-10  -94  -2 
16  32  40 
-30  -28  -32 
42  6  28 
-26  -74  -56 
-36  -74  -44 
-18  -42  2 
-4  6  44 

//Reference=MNI 
//nullstudy_41
//Subjects=9
-44  -2  -46 
-14  2  60 
-52  -10  -38 
2  42  30 
-58  -4  40 
-4  -76  -46 
-16  -76  28 
-2  -52  60 

//Reference=MNI 
//nullstudy_42
//Subjects=13
-20  -64  58 
-6  -28  -50 
-6  8  -26 
-56  -4  28 
-42  -4  -36 
-24  48  8 
-60  -54  -18 
-58  -16  26 

//Reference=MNI 
//nullstudy_43
//Subjects=10
6  48  30 
-52  -62  42 
-22  -70  -60 
24  6  -18 
-20  32  -22 
-8  68  12 
-40  -64  -16 
-36  4  16 

//Reference=MNI 
//nullstudy_44
//Subjects=11
-40  -82  16 
-28  -74  18 
-4  -82  -36 
-26  50  26 
-36  -34  -34 
-20  -82  6 
48  4  -32 
-4  -84  -22 

//Reference=MNI 
//nullstudy_45
//Subjects=10
34  40  28 
-54  -58  -40 
-26  -8  8 
-22  -46  12 
-12  -72  38 
8  14  14 
-32  -42  -44 
-50  -26  4 

//Reference=MNI 
//nullstudy_46
//Subjects=9
-24  -74  54 
6  40  -8 
-30  46  2 
30  30  4 
48  32  0 
40  10  22 
8  58  -20 
-24  30  42 

//Reference=MNI 
//nullstudy_47
//Subjects=8
2  46  22 
-6  -32  32 
8  58  -24 
-4  42  24 
-14  -22  46 
-40  -66  -44 
-22  -56  0 
-32  -68  -38 

//Reference=MNI 
//nullstudy_48
//Subjects=9
60  2  40 
-64  -52  28 
-54  12  4 
-34  -80  14 
-30  -56  40 
-48  4  2 
-12  -40  -60 
-12  -64  2 

//Reference=MNI 
//nullstudy_49
//Subjects=11
-4  -102  2 
22  14  60 
44  2  44 
-46  -46  -18 
-64  -50  -6 
-18  -74  -38 
-58  -54  -32 
-32  22  -40 

//Reference=MNI 
//nullstudy_50
//Subjects=11
24  56  -2 
8  56  36 
-32  38  -18 
32  26  28 
28  32  4 
-64  -16  -4 
-6  -30  -46 
-26  -54  52 

//Reference=MNI 
//nullstudy_51
//Subjects=9
58  22  4 
-18  -38  -42 
28  12  -46 
-42  18  10 
-52  -62  -26 
-10  -18  -32 
-18  -46  76 
2  20  -8 

//Reference=MNI 
//nullstudy_52
//Subjects=11
-46  -48  10 
-14  -68  20 
10  52  -12 
-12  14  54 
-38  -4  34 
46  48  18 
10  16  0 
-2  -4  38 

//Reference=MNI 
//nullstudy_53
//Subjects=10
-16  0  0 
-60  6  -20 
-16  -48  2 
-16  -56  70 
-6  42  8 
-22  -6  66 
-22  42  22 
-46  22  0 

//Reference=MNI 
//nullstudy_54
//Subjects=10
-46  -60  4 
-12  -28  -14 
28  14  -14 
-18  8  -4 
-66  -38  6 
30  16  -18 
-24  -20  70 
0  66  0 

//Reference=MNI 
//nullstudy_55
//Subjects=11
-62  -10  6 
-36  10  -12 
26  14  -30 
18  42  54 
52  6  38 
-14  -82  -2 
-16  12  -20 
-46  -26  -32 

//Reference=MNI 
//nullstudy_56
//Subjects=10
-36  -30  48 
-20  -8  -38 
-40  -50  36 
18  20  64 
46  40  34 
12  2  -6 
-30  -50  -50 
-40  22  -30 

//Reference=MNI 
//nullstudy_57
//Subjects=12
40  16  -36 
-18  0  -2 
-44  34  -10 
-2  -96  2 
-6  38  26 
38  28  0 
-44  10  36 
-12  -28  -4 

//Reference=MNI 
//nullstudy_58
//Subjects=10
2  38  0 
-26  -86  -42 
-32  -86  6 
-52  -36  -28 
-44  6  -44 
-46  16  0 
-60  -18  46 
-56  -24  -14 

//Reference=MNI 
//nullstudy_59
//Subjects=9
-26  56  0 
-20  -46  56 
-2  -26  -4 
-14  -60  26 
-50  -78  -14 
-10  -14  -38 
-32  -4  -48 
-34  36  30 

//Reference=MNI 
//nullstudy_60
//Subjects=11
-8  36  44 
-20  -30  -4 
16  38  -24 
-44  20  48 
44  24  42 
-32  44  14 
-2  2  28 
-58  -28  26 

//Reference=MNI 
//nullstudy_61
//Subjects=9
-20  -70  12 
0  22  -26 
-32  8  56 
-64  -30  -16 
-36  -68  4 
-12  -40  -2 
-60  -36  -30 
-48  -62  6 

//Reference=MNI 
//nullstudy_62
//Subjects=11
-44  -58  -10 
-40  34  -20 
-58  -24  4 
-20  -62  48 
4  42  50 
-44  -8  -10 
8  50  28 
-24  -42  -46 

//Reference=MNI 
//nullstudy_63
//Subjects=11
-62  -34  14 
32  26  50 
-12  24  30 
-40  -82  30 
-14  -32  68 
-14  -74  -28 
-8  -26  -2 
16  4  74 

//Reference=MNI 
//nullstudy_64
//Subjects=10
-8  -12  -28 
-42  -80  -38 
12  26  46 
-4  -62  -14 
18  66  -6 
6  66  10 
-42  -82  -20 
-24  -64  44 

//Reference=MNI 
//nullstudy_65
//Subjects=10
-18  8  70 
-20  -48  -48 
-50  30  18 
-16  -6  -16 
-6  66  -10 
-54  -38  30 
-26  -62  66 
14  10  14 

//Reference=MNI 
//nullstudy_66
//Subjects=10
-54  -14  -38 
-4  20  -14 
-28  -12  72 
0  20  24 
-54  6  14 
-18  -26  -14 
-28  42  24 
-6  -62  6 

//Reference=MNI 
//nullstudy_67
//Subjects=11
-46  -70  26 
-20  -92  -10 
50  24  20 
-38  -66  44 
-4  -50  62 
-20  -22  -22 
-26  -60  40 
-24  -72  20 

//Reference=MNI 
//nullstudy_68
//Subjects=10
-12  -56  72 
-28  52  -10 
-20  -38  -48 
18  4  -6 
-38  -32  -18 
-44  2  36 
32  14  -20 
44  16  28 

//Reference=MNI 
//nullstudy_69
//Subjects=12
32  40  -20 
-40  44  -8 
12  6  -18 
-4  -72  20 
-34  6  24 
-18  -80  -46 
-12  -6  24 
-64  -34  -26 

//Reference=MNI 
//nullstudy_70
//Subjects=12
-44  -48  32 
-22  12  -6 
-34  -40  -54 
-50  18  24 
2  34  46 
-16  62  4 
-14  -48  34 
-12  -48  -40 

//Reference=MNI 
//nullstudy_71
//Subjects=10
30  50  6 
34  12  56 
44  4  18 
30  22  -18 
-20  -34  76 
-12  -46  34 
-58  -10  8 
14  2  -34 

//Reference=MNI 
//nullstudy_72
//Subjects=10
-10  -56  70 
-34  -56  32 
-10  40  38 
38  14  22 
52  28  4 
42  28  32 
-2  -52  10 
-16  -58  -38 

//Reference=MNI 
//nullstudy_73
//Subjects=10
-46  -50  56 
-10  -16  2 
-6  -64  14 
-22  8  6 
60  12  28 
-46  -80  12 
62  14  24 
-36  4  -44 

//Reference=MNI 
//nullstudy_74
//Subjects=8
-26  -64  32 
-48  10  10 
-34  -16  -24 
-42  44  8 
-10  -64  -4 
-12  54  40 
-26  -66  -8 
20  14  60 

//Reference=MNI 
//nullstudy_75
//Subjects=11
-26  -36  72 
-28  20  -6 
-26  2  12 
28  58  -2 
-68  -38  -18 
-44  -66  16 
-14  -58  70 
-34  -44  68 

//Reference=MNI 
//nullstudy_76
//Subjects=10
50  2  -10 
-14  34  24 
38  2  -38 
52  14  8 
-60  2  -30 
-2  -26  24 
-42  -6  0 
-34  30  42 

//Reference=MNI 
//nullstudy_77
//Subjects=8
-54  -18  -18 
-24  -30  -32 
-28  6  2 
-62  -24  14 
-44  -68  4 
46  52  10 
-10  0  22 
-64  -8  -14 

//Reference=MNI 
//nullstudy_78
//Subjects=9
-34  44  30 
-2  -68  34 
-44  36  34 
58  14  22 
-26  60  0 
-40  -4  -38 
-46  -66  -32 
-6  64  2 

//Reference=MNI 
//nullstudy_79
//Subjects=9
24  62  20 
-46  4  2 
-10  -26  -30 
-14  -96  -22 
-48  50  -4 
-30  2  -6 
12  60  6 
-56  -52  -16 

//Reference=MNI 
//nullstudy_80
//Subjects=9
32  48  20 
-16  -78  30 
-52  -24  56 
0  14  48 
-46  -36  36 
-32  -2  -10 
-28  -68  20 
-14  -48  64 

//Reference=MNI 
//nullstudy_81
//Subjects=10
-62  10  24 
-22  -2  -6 
2  12  72 
-32  42  -18 
10  40  -26 
-2  -62  58 
-26  -88  32 
-6  -44  -32 

//Reference=MNI 
//nullstudy_82
//Subjects=12
-52  -30  -20 
-32  -46  -38 
-38  -14  20 
-42  -18  6 
34  16  -42 
-44  -64  -26 
-50  8  8 
-32  -14  6 

//Reference=MNI 
//nullstudy_83
//Subjects=12
-20  6  68 
48  12  28 
-32  -2  2 
48  42  16 
-30  -56  32 
34  44  26 
-60  -12  -2 
-42  -76  -24 

//Reference=MNI 
//nullstudy_84
//Subjects=11
18  62  22 
-18  42  -18 
44  6  -20 
-56  -66  14 
-30  14  2 
-42  -2  30 
12  6  -24 
-2  -40  -52 

//Reference=MNI 
//nullstudy_85
//Subjects=10
-10  58  28 
-56  -10  -20 
-46  0  -40 
-8  -38  54 
-32  -28  22 
-26  -50  52 
-64  2  12 
40  2  10 

//Reference=MNI 
//nullstudy_86
//Subjects=11
-36  -2  -18 
-20  -12  -8 
64  4  -14 
-36  -20  12 
48  14  36 
-26  -30  66 
-6  36  50 
-16  44  -20 

//Reference=MNI 
//nullstudy_87
//Subjects=11
-30  -40  -8 
-48  46  10 
-12  -60  -16 
-18  -36  -14 
-24  -20  60 
28  2  -30 
-50  -24  48 
22  40  52 

//Reference=MNI 
//nullstudy_88
//Subjects=9
30  14  54 
-38  -60  10 
-28  -28  -28 
-30  18  6 
-36  -54  42 
-58  -58  32 
-8  42  8 
-26  -20  -24 

//Reference=MNI 
//nullstudy_89
//Subjects=10
-18  54  -2 
-22  -48  -14 
-50  -34  6 
12  38  4 
4  44  18 
-6  32  -20 
-52  8  -4 
14  58  28 

//Reference=MNI 
//nullstudy_90
//Subjects=10
-10  -58  42 
-2  -10  66 
50  22  22 
-32  46  40 
-62  -20  -16 
-30  -78  30 
-42  0  -22 
-6  4  76 

//Reference=MNI 
//nullstudy_91
//Subjects=11
-48  34  -2 
10  26  30 
-46  -26  -6 
-44  2  -36 
-48  14  -16 
-16  48  0 
-6  50  -28 
-48  -74  22 

//Reference=MNI 
//nullstudy_92
//Subjects=9
2  40  32 
-40  -36  16 
-58  -2  -24 
-20  -28  -14 
-2  -26  70 
-52  26  32 
-12  12  54 
-44  -30  42 

//Reference=MNI 
//nullstudy_93
//Subjects=9
36  6  6 
-62  -44  12 
-44  -32  22 
-48  -72  20 
-2  -12  0 
-16  52  40 
-40  -16  38 
-54  -20  42 

//Reference=MNI 
//nullstudy_94
//Subjects=9
36  20  52 
-24  -10  -12 
-4  -76  -20 
-40  22  54 
-8  44  50 
4  20  18 
-36  36  -20 
-28  -66  34 

//Reference=MNI 
//nullstudy_95
//Subjects=10
-2  -72  -34 
-12  -84  -20 
-28  -24  -10 
-48  -6  -12 
16  22  16 
-36  32  28 
64  4  24 
-60  14  22 

//Reference=MNI 
//nullstudy_96
//Subjects=10
2  50  30 
42  2  60 
-16  -62  -42 
18  4  -10 
2  68  18 
-52  34  -2 
-6  -92  -30 
-8  2  10 

//Reference=MNI 
//nullstudy_97
//Subjects=10
-44  14  4 
-62  -22  30 
-16  -20  72 
-6  66  8 
-6  -72  -48 
-44  -14  54 
-16  -44  -10 
22  6  -48 

//Reference=MNI 
//nullstudy_98
//Subjects=9
-14  -64  -44 
-56  30  10 
-8  -78  32 
2  4  10 
38  38  32 
-14  -82  -52 
-20  10  -22 
-58  -56  6 

//Reference=MNI 
//nullstudy_99
//Subjects=10
42  28  40 
-22  -84  32 
-56  -28  -30 
36  44  14 
18  58  -4 
28  40  22 
46  14  22 
-32  -54  -12 

//Reference=MNI 
//nullstudy_100
//Subjects=10
-10  -28  70 
-28  -62  -44 
-16  16  -14 
-14  -36  -22 
-56  -58  44 
-2  -46  -56 
-38  -80  -22 
34  54  0 

