//Reference=MNI 
//truestudy_1
//Subjects=9
48  -66  -7 
45  -66  -6 
47  -65  -5 
46  -64  -5 
47  -65  -5 
45  -67  -6 
46  -65  -7 
47  -65  -4 

//Reference=MNI 
//truestudy_2
//Subjects=10
48  -67  -7 
46  -65  -6 
46  -66  -7 
46  -66  -7 
44  -67  -6 
46  -64  -5 
47  -66  -4 
45  -67  -6 

//Reference=MNI 
//truestudy_3
//Subjects=11
47  -66  -7 
47  -66  -6 
48  -66  -6 
47  -65  -6 
47  -65  -6 
47  -67  -7 
46  -66  -6 
47  -66  -8 

//Reference=MNI 
//nullstudy_1
//Subjects=9
0  34  60 
38  34  -14 
-34  -34  68 
-2  -14  0 
-10  -50  62 
-50  -44  -44 
-18  -18  26 
-6  -78  38 

//Reference=MNI 
//nullstudy_2
//Subjects=10
-10  -66  60 
-20  -48  8 
-40  -88  2 
6  28  -8 
-50  -28  -28 
-10  -52  46 
-8  46  32 
50  12  -12 

//Reference=MNI 
//nullstudy_3
//Subjects=11
-16  -22  64 
-44  -48  62 
-38  -10  68 
-26  8  60 
-62  -20  34 
-42  -60  26 
-50  -82  4 
32  4  46 

//Reference=MNI 
//nullstudy_4
//Subjects=8
-56  4  -32 
-38  -70  -54 
-26  0  44 
-2  -94  14 
-6  -58  -42 
-52  -36  14 
22  18  -8 
-8  66  10 

//Reference=MNI 
//nullstudy_5
//Subjects=10
-12  -16  26 
-48  -24  -10 
-20  -12  -44 
-12  -72  -38 
34  20  54 
-12  6  -24 
6  36  48 
-20  -6  66 

//Reference=MNI 
//nullstudy_6
//Subjects=9
-24  32  -10 
-24  56  28 
-34  52  6 
-10  -36  4 
34  48  28 
-28  18  -44 
-20  38  28 
-10  -74  -34 

//Reference=MNI 
//nullstudy_7
//Subjects=11
-10  -46  66 
-18  -60  4 
-2  -58  46 
-8  2  -34 
60  16  0 
6  10  -22 
-18  10  -26 
-6  70  12 

//Reference=MNI 
//nullstudy_8
//Subjects=9
14  36  -22 
32  2  38 
-46  -60  22 
4  36  50 
8  20  38 
-6  54  24 
2  36  -2 
-44  36  -14 

//Reference=MNI 
//nullstudy_9
//Subjects=8
36  26  28 
-22  -58  -22 
-16  -50  62 
-14  -34  -34 
34  38  -6 
-46  -62  2 
-42  -62  -28 
-26  -68  62 

//Reference=MNI 
//nullstudy_10
//Subjects=9
-48  -58  22 
-40  -46  44 
-54  6  22 
-16  -48  50 
-6  -50  -12 
-40  12  18 
-28  -60  -44 
-36  -68  -12 

//Reference=MNI 
//nullstudy_11
//Subjects=9
2  40  10 
-8  -40  -34 
-40  16  48 
-40  22  -4 
-2  -52  -56 
-6  -96  20 
50  36  6 
-56  -8  38 

//Reference=MNI 
//nullstudy_12
//Subjects=12
-18  18  -22 
60  12  34 
-2  4  -18 
-8  -66  56 
-46  -38  -16 
-46  28  32 
-28  -78  52 
-32  -8  12 

//Reference=MNI 
//nullstudy_13
//Subjects=8
-6  54  4 
-26  -80  -18 
-2  -90  10 
-6  -8  40 
-22  20  -30 
54  2  -38 
-58  -48  -8 
-32  38  8 

//Reference=MNI 
//nullstudy_14
//Subjects=12
-16  -70  -24 
-50  -38  24 
2  52  8 
-28  4  0 
26  14  46 
-6  -18  -40 
-18  -78  6 
-20  46  28 

//Reference=MNI 
//nullstudy_15
//Subjects=9
0  36  12 
-42  28  0 
-52  -20  52 
-32  28  -18 
28  12  44 
-6  4  -4 
-32  0  -46 
18  6  -6 

//Reference=MNI 
//nullstudy_16
//Subjects=10
-2  -46  22 
-4  24  -24 
-54  -34  46 
-6  -12  78 
-54  -16  48 
-6  -74  60 
44  18  18 
-58  4  28 

//Reference=MNI 
//nullstudy_17
//Subjects=11
18  8  12 
2  56  -22 
-2  20  24 
-14  -70  14 
-18  -76  28 
-40  -12  0 
-38  -64  -22 
-38  -48  -28 

//Reference=MNI 
//nullstudy_18
//Subjects=11
46  2  50 
-18  -70  -60 
-38  -26  -24 
-6  -24  18 
-58  0  -10 
-52  -38  58 
-54  -8  -32 
-16  22  62 

//Reference=MNI 
//nullstudy_19
//Subjects=9
-46  0  24 
28  48  36 
-48  -50  -28 
-8  -44  -42 
18  6  18 
-28  -42  0 
-20  10  48 
-6  62  -22 

//Reference=MNI 
//nullstudy_20
//Subjects=9
18  36  56 
-36  -6  52 
-30  42  36 
6  22  50 
12  46  12 
-6  -6  38 
-36  -14  36 
52  10  2 

//Reference=MNI 
//nullstudy_21
//Subjects=11
-40  -82  -18 
0  8  64 
-52  -12  40 
-54  -56  46 
6  8  64 
-24  -66  -24 
-6  0  46 
-32  -38  -30 

//Reference=MNI 
//nullstudy_22
//Subjects=10
-20  -64  -58 
-8  -10  -18 
-50  -66  14 
38  8  -4 
-38  42  -2 
-30  -36  4 
-22  -52  60 
-34  -58  28 

//Reference=MNI 
//nullstudy_23
//Subjects=11
-22  -82  -18 
-28  10  0 
-10  -64  -50 
0  18  46 
-36  6  10 
46  26  38 
-10  -38  42 
34  40  32 

//Reference=MNI 
//nullstudy_24
//Subjects=11
-20  -78  48 
-32  -64  -28 
-28  -52  64 
-26  36  24 
-4  48  40 
22  4  50 
-10  -78  -14 
-24  -42  -22 

//Reference=MNI 
//nullstudy_25
//Subjects=9
-54  8  -4 
-32  -2  -42 
46  6  14 
-8  -46  4 
20  64  6 
-46  8  -30 
-8  -84  -44 
-50  -32  12 

//Reference=MNI 
//nullstudy_26
//Subjects=10
-10  -48  -22 
-20  10  -14 
52  4  -8 
-42  -50  -4 
-44  -62  22 
26  50  0 
-34  14  52 
-14  -28  40 

//Reference=MNI 
//nullstudy_27
//Subjects=9
-38  -38  -40 
-8  56  -6 
-16  56  24 
-16  -6  -12 
6  38  52 
-18  -30  -30 
-26  -2  -26 
-42  -58  -4 

//Reference=MNI 
//nullstudy_28
//Subjects=8
20  54  42 
-30  24  2 
-24  28  54 
-48  -24  14 
-66  -8  -22 
30  24  12 
-50  -56  -26 
40  28  -6 

//Reference=MNI 
//nullstudy_29
//Subjects=11
-48  -26  0 
40  46  32 
20  8  68 
-62  4  26 
50  38  20 
10  34  62 
-46  2  -36 
-6  -36  70 

//Reference=MNI 
//nullstudy_30
//Subjects=11
-46  -52  16 
-18  -48  6 
2  44  10 
-58  6  -20 
-24  -100  12 
-10  -6  -36 
-28  20  -38 
52  40  2 

//Reference=MNI 
//nullstudy_31
//Subjects=11
-66  -20  -16 
52  22  -20 
-36  6  58 
-36  -64  10 
-60  -16  -26 
-2  20  24 
-26  -50  68 
-28  -60  52 

//Reference=MNI 
//nullstudy_32
//Subjects=10
-14  -34  -18 
-26  20  64 
-6  -24  -6 
-50  26  38 
-48  0  -26 
56  14  -8 
-62  -10  6 
-34  -32  -26 

//Reference=MNI 
//nullstudy_33
//Subjects=10
-34  -86  36 
-44  -62  -50 
34  32  -12 
-18  -24  16 
-18  -4  24 
-10  -64  -48 
22  28  32 
-62  -46  6 

//Reference=MNI 
//nullstudy_34
//Subjects=12
18  4  -36 
-12  54  2 
-52  -24  6 
34  4  12 
-14  -38  54 
-2  -22  38 
-18  -38  -42 
-42  -66  46 

//Reference=MNI 
//nullstudy_35
//Subjects=10
-30  22  54 
50  12  -16 
-28  4  -32 
-28  -62  -56 
-18  40  44 
-60  -42  -4 
-54  18  -10 
-28  -88  34 

//Reference=MNI 
//nullstudy_36
//Subjects=10
-30  -92  26 
-48  44  0 
4  16  -28 
-56  -66  34 
-32  -64  -52 
-20  -36  10 
-48  -44  -24 
48  8  -8 

//Reference=MNI 
//nullstudy_37
//Subjects=10
-34  30  -6 
4  52  18 
-56  -44  40 
42  28  -12 
-66  -32  24 
8  4  66 
-18  -36  68 
20  12  -36 

//Reference=MNI 
//nullstudy_38
//Subjects=10
54  18  14 
-52  -68  -28 
-46  -70  22 
-30  34  -12 
-54  2  -10 
-14  -38  -14 
0  36  -6 
12  38  10 

//Reference=MNI 
//nullstudy_39
//Subjects=10
16  50  36 
-62  -20  -24 
-34  -82  -20 
8  46  44 
-40  26  -16 
-4  30  26 
38  40  -10 
56  40  2 

//Reference=MNI 
//nullstudy_40
//Subjects=9
-44  18  -34 
-16  -26  -12 
-44  -68  -14 
-40  42  6 
-22  -90  2 
-38  22  -28 
-40  -20  68 
-56  -32  50 

//Reference=MNI 
//nullstudy_41
//Subjects=10
34  14  -16 
-30  -22  48 
-14  54  32 
-12  -46  -24 
-28  -30  -6 
8  38  2 
-8  -88  0 
-50  -16  60 

//Reference=MNI 
//nullstudy_42
//Subjects=11
36  28  -6 
-4  22  50 
-42  44  -6 
-22  -56  70 
40  16  -36 
-36  -56  -44 
-20  42  30 
-8  -56  40 

//Reference=MNI 
//nullstudy_43
//Subjects=11
20  4  70 
-28  -74  16 
-18  10  14 
26  30  -12 
-38  -36  66 
50  18  42 
-10  4  22 
-16  -62  -2 

//Reference=MNI 
//nullstudy_44
//Subjects=12
-22  -76  -56 
-10  -72  58 
-52  -26  46 
-20  -26  -28 
42  22  -36 
-40  -24  -4 
-48  -66  26 
-30  -36  0 

//Reference=MNI 
//nullstudy_45
//Subjects=10
-58  -50  -32 
-4  -34  -22 
-48  -64  50 
-26  12  58 
-16  -44  -50 
-48  -24  -26 
22  54  10 
-44  2  44 

//Reference=MNI 
//nullstudy_46
//Subjects=10
-2  20  -16 
50  34  -4 
48  2  56 
-24  -2  60 
-40  14  -26 
2  12  -26 
-28  -52  -56 
-26  18  -16 

//Reference=MNI 
//nullstudy_47
//Subjects=11
-20  -26  -28 
6  40  -28 
-50  -22  -30 
-46  -82  -6 
-64  -46  32 
-26  10  -34 
-58  -40  28 
-22  -52  -18 

//Reference=MNI 
//nullstudy_48
//Subjects=9
-16  -56  60 
-16  -76  6 
-26  -74  48 
-58  -66  24 
-26  14  -22 
-40  38  -10 
-60  6  12 
-2  -50  -10 

//Reference=MNI 
//nullstudy_49
//Subjects=10
-6  30  10 
-56  -70  -18 
-12  54  26 
-20  38  38 
-36  -4  42 
-30  10  48 
-10  -86  -44 
-42  -6  50 

//Reference=MNI 
//nullstudy_50
//Subjects=9
-42  -58  28 
-30  -52  -24 
-54  -16  -26 
36  62  -12 
42  4  -18 
44  16  24 
-40  4  20 
4  2  50 

//Reference=MNI 
//nullstudy_51
//Subjects=12
-26  -22  62 
-16  -28  38 
-60  -10  12 
-10  34  42 
-10  -46  -32 
-24  -92  -20 
-16  -54  -52 
-54  -8  -6 

//Reference=MNI 
//nullstudy_52
//Subjects=11
8  18  60 
-26  -30  -16 
-64  -34  22 
-14  38  38 
8  36  12 
-8  22  38 
-56  -74  6 
22  42  -14 

//Reference=MNI 
//nullstudy_53
//Subjects=9
-34  -12  -46 
26  44  16 
-26  -78  38 
-36  -42  42 
-8  -80  -46 
0  32  22 
-40  -2  50 
-30  -18  74 

//Reference=MNI 
//nullstudy_54
//Subjects=12
-6  58  16 
-44  -38  46 
-20  18  -8 
-12  -32  -14 
-18  -94  32 
-22  60  8 
-54  -64  40 
-52  -32  -32 

//Reference=MNI 
//nullstudy_55
//Subjects=10
-22  -56  58 
-10  -38  38 
4  54  -10 
-44  22  -30 
-14  42  -12 
-24  -88  -20 
-28  -60  -32 
-12  -58  -40 

//Reference=MNI 
//nullstudy_56
//Subjects=11
-58  2  8 
26  34  28 
-32  -82  -40 
36  34  50 
-68  -36  -16 
-42  -60  -24 
20  24  -20 
30  22  -16 

//Reference=MNI 
//nullstudy_57
//Subjects=9
-56  -34  44 
-12  -42  48 
-24  -42  -4 
-14  -34  -18 
-46  -68  -4 
-60  16  24 
6  16  4 
-8  8  60 

//Reference=MNI 
//nullstudy_58
//Subjects=10
-30  -76  -38 
-4  -70  42 
8  20  -14 
-58  10  34 
-58  24  10 
-12  20  40 
-24  -66  -16 
4  34  62 

//Reference=MNI 
//nullstudy_59
//Subjects=10
22  40  32 
-8  -64  -10 
-70  -26  -6 
-10  -30  40 
-28  -32  58 
-14  -22  20 
28  54  -18 
8  4  12 

//Reference=MNI 
//nullstudy_60
//Subjects=10
-4  30  36 
-42  -14  32 
-24  -16  -16 
20  64  14 
-52  -16  6 
6  24  52 
36  10  58 
-34  -4  18 

//Reference=MNI 
//nullstudy_61
//Subjects=9
-48  2  -16 
-66  -54  10 
46  24  46 
-52  -60  32 
-50  -44  50 
-14  -44  -46 
52  18  10 
-2  -64  36 

//Reference=MNI 
//nullstudy_62
//Subjects=10
-58  -26  52 
-6  -54  -28 
-10  -56  12 
-10  -80  0 
-24  2  6 
12  66  -16 
-32  -82  14 
2  16  54 

//Reference=MNI 
//nullstudy_63
//Subjects=8
16  66  -6 
-40  -20  54 
58  2  42 
-52  -64  6 
-50  -2  2 
-46  -18  50 
-28  -62  48 
-40  -56  -42 

//Reference=MNI 
//nullstudy_64
//Subjects=11
-4  -36  56 
-50  2  40 
-32  62  -10 
0  48  28 
-34  -6  40 
-24  -10  -10 
-48  40  -6 
-40  -60  -46 

//Reference=MNI 
//nullstudy_65
//Subjects=9
44  8  6 
-22  -88  -44 
-52  -14  -20 
44  2  -8 
8  42  36 
-60  -28  -14 
-26  -26  62 
60  6  -2 

//Reference=MNI 
//nullstudy_66
//Subjects=9
-42  -8  54 
-10  8  46 
54  42  0 
-42  -28  68 
-42  50  2 
-4  -30  -12 
-28  -70  54 
-2  -74  22 

//Reference=MNI 
//nullstudy_67
//Subjects=10
-8  20  0 
-22  -2  2 
-46  -56  48 
-54  -34  -22 
14  10  56 
38  10  22 
-38  10  28 
54  24  22 

//Reference=MNI 
//nullstudy_68
//Subjects=10
-28  4  -8 
-28  58  12 
-22  58  10 
-16  -48  32 
-34  30  42 
44  48  10 
-8  -98  -6 
32  6  -4 

//Reference=MNI 
//nullstudy_69
//Subjects=10
-16  -84  -44 
-58  -64  28 
4  40  -26 
-36  22  24 
-44  22  -34 
8  16  70 
10  16  62 
-18  -64  -42 

//Reference=MNI 
//nullstudy_70
//Subjects=10
-12  -72  16 
50  8  -32 
22  56  -2 
8  46  -22 
-40  -4  -34 
-8  -54  -12 
-38  10  -46 
-46  -30  28 

//Reference=MNI 
//nullstudy_71
//Subjects=9
-18  -26  16 
-12  -46  -14 
-60  -44  26 
-28  -54  12 
-2  -48  -58 
52  4  -24 
-30  10  -4 
-40  -2  58 

//Reference=MNI 
//nullstudy_72
//Subjects=13
-2  -78  2 
0  68  18 
-26  -20  58 
-58  -50  10 
-44  -78  -22 
-56  30  18 
-50  12  30 
-14  -62  -38 

//Reference=MNI 
//nullstudy_73
//Subjects=10
-52  -58  46 
-68  -20  30 
-22  -60  36 
2  34  52 
-38  10  -2 
-32  2  -8 
-38  -12  16 
-44  -80  -6 

//Reference=MNI 
//nullstudy_74
//Subjects=10
-22  -44  -28 
8  10  46 
-46  -32  26 
-4  -14  -14 
0  26  -12 
-2  -38  -48 
-8  20  -6 
-50  -20  46 

//Reference=MNI 
//nullstudy_75
//Subjects=9
-22  -92  30 
-54  8  38 
-52  -74  -14 
-64  -16  12 
-66  -50  2 
-20  -104  8 
20  34  48 
-50  -22  2 

//Reference=MNI 
//nullstudy_76
//Subjects=9
-22  -36  74 
-20  -80  -2 
-58  12  20 
-62  -10  -14 
-46  -38  -28 
-8  38  34 
-28  -50  62 
-42  -22  46 

//Reference=MNI 
//nullstudy_77
//Subjects=10
-22  -78  36 
-22  -54  -22 
52  12  28 
6  44  10 
-34  6  4 
-6  -28  -44 
28  16  42 
34  32  -6 

//Reference=MNI 
//nullstudy_78
//Subjects=9
-6  -22  70 
-40  -50  56 
-30  32  -12 
-42  -12  4 
-12  18  -24 
-52  -6  50 
-50  14  -30 
-14  54  36 

//Reference=MNI 
//nullstudy_79
//Subjects=10
-6  -26  28 
-10  4  8 
-52  44  -2 
-14  -12  60 
2  52  0 
60  6  28 
-50  -20  60 
-64  -8  -8 

//Reference=MNI 
//nullstudy_80
//Subjects=10
-28  38  18 
-32  -90  -14 
-40  -4  -38 
-56  -32  54 
-16  -58  24 
6  4  -6 
-36  44  34 
-36  38  2 

//Reference=MNI 
//nullstudy_81
//Subjects=9
-34  -14  58 
-54  -20  -16 
-10  4  14 
-56  -70  -14 
-4  -26  -20 
-56  -36  18 
32  58  10 
-30  -58  34 

//Reference=MNI 
//nullstudy_82
//Subjects=10
-12  24  -20 
-50  -52  -48 
34  16  46 
-36  32  -6 
20  54  -8 
-40  -24  36 
60  14  22 
0  22  54 

//Reference=MNI 
//nullstudy_83
//Subjects=10
-18  36  -20 
-56  2  -10 
-48  24  22 
-20  64  12 
-28  -2  0 
-20  4  60 
-62  10  8 
-54  -10  4 

//Reference=MNI 
//nullstudy_84
//Subjects=10
-62  -8  -22 
46  50  16 
-2  -34  0 
-20  10  68 
20  56  2 
-4  -88  -18 
-24  2  12 
-18  44  24 

//Reference=MNI 
//nullstudy_85
//Subjects=8
-12  4  -12 
-42  38  28 
-32  -30  58 
-48  -40  -24 
-14  58  22 
-10  -68  62 
-40  -22  66 
-2  -74  46 

//Reference=MNI 
//nullstudy_86
//Subjects=10
-16  -82  46 
18  34  34 
-38  -72  26 
-58  -32  -12 
-40  -34  12 
-12  70  -8 
38  16  28 
-32  -56  -34 

//Reference=MNI 
//nullstudy_87
//Subjects=10
-6  -18  -16 
-12  -44  62 
-14  66  24 
-12  -74  -12 
-36  10  26 
-50  -44  -24 
44  10  28 
-28  -82  -12 

//Reference=MNI 
//nullstudy_88
//Subjects=10
-36  -52  -38 
50  10  52 
-54  4  -36 
-18  -4  54 
-46  2  26 
44  32  -16 
52  16  -12 
22  8  8 

//Reference=MNI 
//nullstudy_89
//Subjects=10
-6  -80  26 
50  2  10 
-28  -32  -4 
-38  18  -8 
-18  -38  -46 
-22  -74  58 
-18  -38  14 
-6  18  54 

//Reference=MNI 
//nullstudy_90
//Subjects=13
14  2  -24 
50  40  12 
-62  -10  0 
-34  -4  0 
12  44  20 
16  66  12 
-44  10  -32 
-2  48  0 

//Reference=MNI 
//nullstudy_91
//Subjects=8
-2  -36  78 
-14  -16  -34 
-16  -96  -22 
12  18  52 
-16  -14  74 
-4  -8  34 
-14  0  14 
-48  -4  -30 

//Reference=MNI 
//nullstudy_92
//Subjects=9
-32  -76  -24 
-20  -16  -18 
-62  2  10 
-28  22  40 
-34  -72  54 
26  40  -10 
-36  -60  -28 
-36  -90  12 

//Reference=MNI 
//nullstudy_93
//Subjects=10
-36  -38  -18 
-56  -60  34 
-12  10  12 
-2  -30  -38 
-16  24  12 
-56  -50  -8 
12  46  36 
-46  10  -44 

//Reference=MNI 
//nullstudy_94
//Subjects=9
-60  14  26 
-40  -84  12 
2  6  46 
-4  44  16 
-8  -90  40 
-30  -20  6 
-18  -46  76 
22  54  32 

//Reference=MNI 
//nullstudy_95
//Subjects=11
-38  -48  48 
22  14  -24 
4  18  46 
-16  -90  16 
-12  -16  0 
4  42  30 
-6  -76  4 
-32  54  14 

//Reference=MNI 
//nullstudy_96
//Subjects=8
-12  30  -24 
-18  -82  48 
-36  -10  -12 
-30  -86  38 
-2  -18  -30 
-44  24  38 
-30  -58  4 
-22  48  22 

//Reference=MNI 
//nullstudy_97
//Subjects=9
-46  -48  -52 
-8  -22  56 
6  8  2 
-26  -88  -38 
-32  -24  20 
-10  -50  -14 
-40  -6  64 
-42  48  14 

//Reference=MNI 
//nullstudy_98
//Subjects=9
-52  6  2 
58  4  34 
-40  28  42 
-28  12  -44 
-46  -64  18 
40  14  20 
-18  -64  44 
-28  -14  -42 

//Reference=MNI 
//nullstudy_99
//Subjects=8
-32  -62  32 
46  38  -20 
58  10  30 
-24  -86  42 
-14  -56  28 
-62  -34  2 
-28  60  24 
-30  18  56 

//Reference=MNI 
//nullstudy_100
//Subjects=11
-18  -68  -52 
-44  -70  -8 
-12  38  40 
6  22  32 
-24  -70  -44 
4  56  10 
0  56  40 
-60  -6  2 

