//Reference=MNI 
//truestudy_1
//Subjects=10
47  -66  -6 
46  -67  -6 
46  -66  -6 
47  -68  -6 
45  -66  -7 
46  -67  -5 
46  -66  -6 
47  -66  -6 

//Reference=MNI 
//truestudy_2
//Subjects=12
45  -67  -5 
47  -66  -6 
47  -68  -8 
45  -67  -5 
46  -66  -5 
45  -66  -6 
46  -65  -5 
45  -67  -6 

//Reference=MNI 
//truestudy_3
//Subjects=9
44  -67  -6 
45  -66  -7 
45  -66  -6 
46  -66  -5 
47  -66  -5 
46  -66  -4 
44  -65  -6 
46  -66  -5 

//Reference=MNI 
//nullstudy_1
//Subjects=10
-52  -30  32 
26  56  14 
-52  -50  14 
2  36  26 
-58  -40  -16 
-4  50  28 
-36  34  26 
14  10  20 

//Reference=MNI 
//nullstudy_2
//Subjects=12
-26  -80  -50 
-18  -4  28 
-32  -44  58 
-26  -60  -40 
6  42  -12 
-12  32  -14 
4  60  2 
-20  -10  -22 

//Reference=MNI 
//nullstudy_3
//Subjects=9
-22  -76  -46 
-8  32  -20 
-14  4  -16 
-4  -92  24 
-10  -42  60 
-22  -92  16 
-24  4  -50 
-32  46  12 

//Reference=MNI 
//nullstudy_4
//Subjects=9
-36  2  -4 
-22  -30  12 
34  56  -2 
-50  -6  14 
20  12  48 
26  18  38 
-56  -16  -12 
-36  -30  8 

//Reference=MNI 
//nullstudy_5
//Subjects=10
-62  -4  36 
-38  -76  4 
48  22  22 
-4  22  56 
-52  -54  -24 
6  38  -20 
-6  -4  52 
-30  54  8 

//Reference=MNI 
//nullstudy_6
//Subjects=9
26  56  16 
-26  -46  -12 
-60  -32  24 
-44  16  26 
14  20  -24 
-26  12  58 
-2  34  16 
50  16  42 

//Reference=MNI 
//nullstudy_7
//Subjects=11
-14  38  48 
6  36  4 
0  12  62 
-60  -16  18 
-24  -62  10 
46  30  28 
-56  -12  46 
-40  34  38 

//Reference=MNI 
//nullstudy_8
//Subjects=10
-60  -22  24 
18  12  -14 
40  6  54 
38  44  20 
-24  -12  -34 
-26  58  20 
-16  52  28 
20  32  -20 

//Reference=MNI 
//nullstudy_9
//Subjects=11
-40  36  6 
10  14  58 
6  42  36 
-38  -16  -24 
18  60  -8 
-12  12  22 
-14  -48  60 
-60  4  -8 

//Reference=MNI 
//nullstudy_10
//Subjects=9
-8  10  -12 
-12  8  56 
-18  52  38 
-2  -50  24 
56  28  4 
-38  -56  52 
-24  30  30 
36  22  58 

//Reference=MNI 
//nullstudy_11
//Subjects=9
38  52  0 
34  8  6 
-30  -44  -28 
-34  54  22 
42  2  -20 
8  6  0 
-14  -54  30 
-50  -78  18 

//Reference=MNI 
//nullstudy_12
//Subjects=11
4  4  68 
-10  16  14 
-44  -34  56 
-28  2  -38 
-10  4  20 
48  10  -16 
-52  6  36 
-28  -80  -6 

//Reference=MNI 
//nullstudy_13
//Subjects=12
36  14  14 
-16  28  -22 
-44  -26  44 
-12  -28  -28 
-6  52  20 
-70  -22  -6 
-60  -62  14 
-12  54  10 

//Reference=MNI 
//nullstudy_14
//Subjects=8
-42  -26  20 
-26  -74  36 
-36  10  6 
-2  -54  32 
-34  40  38 
-18  -56  -50 
-34  -14  70 
-8  -76  16 

//Reference=MNI 
//nullstudy_15
//Subjects=8
-10  -42  46 
26  36  32 
-24  12  0 
40  22  8 
-64  -26  -2 
-70  -26  0 
-18  -24  66 
-28  8  68 

//Reference=MNI 
//nullstudy_16
//Subjects=10
-34  0  40 
18  40  30 
-16  -54  -24 
-50  -16  12 
-22  -14  60 
-8  -88  -32 
-8  58  -8 
34  20  -22 

//Reference=MNI 
//nullstudy_17
//Subjects=11
-16  -16  64 
-42  -66  44 
-6  68  -14 
-10  -12  60 
16  8  -12 
-8  -4  66 
-26  -58  -54 
-10  -24  46 

//Reference=MNI 
//nullstudy_18
//Subjects=9
-30  -42  -56 
-38  20  -16 
-46  -20  40 
-24  -58  10 
-40  12  -6 
-52  40  2 
6  12  28 
-8  52  -16 

//Reference=MNI 
//nullstudy_19
//Subjects=10
-10  -2  16 
62  4  -26 
-8  34  50 
-2  18  -26 
-12  -44  -54 
-22  -90  -42 
-38  -82  -38 
38  56  -8 

//Reference=MNI 
//nullstudy_20
//Subjects=11
-42  0  22 
-70  -34  -2 
-14  -100  -18 
-18  -14  -14 
64  4  18 
30  58  -16 
12  52  -4 
50  10  34 

//Reference=MNI 
//nullstudy_21
//Subjects=11
8  2  -2 
-26  54  -2 
-14  54  8 
0  36  48 
6  22  40 
-4  62  24 
-60  -32  -22 
12  62  -2 

//Reference=MNI 
//nullstudy_22
//Subjects=11
-56  -54  -26 
30  18  58 
-20  -74  56 
-26  -26  64 
2  2  -24 
-38  42  -12 
-40  -62  -58 
-16  30  52 

//Reference=MNI 
//nullstudy_23
//Subjects=9
-58  -24  10 
-34  -10  -46 
-12  -62  -26 
6  4  -32 
-60  -8  -24 
-62  -30  -18 
-34  10  -46 
-10  -68  12 

//Reference=MNI 
//nullstudy_24
//Subjects=10
-16  -54  -6 
-50  12  -22 
4  58  -2 
-28  -26  68 
-54  -70  -16 
2  10  -26 
-4  -10  22 
-22  32  -18 

//Reference=MNI 
//nullstudy_25
//Subjects=8
-16  -60  2 
-28  -70  -50 
-34  0  32 
32  8  -26 
-2  -20  68 
-12  -24  0 
2  46  30 
6  24  42 

//Reference=MNI 
//nullstudy_26
//Subjects=8
-38  40  0 
-40  -20  54 
-10  -46  -10 
-18  -44  20 
-24  56  12 
-16  -28  6 
-62  -60  -12 
-6  64  -18 

//Reference=MNI 
//nullstudy_27
//Subjects=11
42  42  34 
20  18  52 
-2  8  -26 
-48  -4  -38 
-38  -52  -20 
-52  -38  -32 
10  2  74 
10  62  28 

//Reference=MNI 
//nullstudy_28
//Subjects=10
-36  -14  -26 
-20  -98  4 
46  12  -20 
-2  -28  54 
-26  -74  -2 
-62  -38  40 
2  42  10 
-14  22  -16 

//Reference=MNI 
//nullstudy_29
//Subjects=10
-4  12  -2 
-20  0  48 
-26  -96  -14 
-26  -38  -20 
10  12  -16 
-28  -84  32 
28  8  -22 
18  36  -16 

//Reference=MNI 
//nullstudy_30
//Subjects=10
-54  -34  28 
-58  -34  -2 
-28  -30  18 
-6  -28  10 
-2  -98  -14 
-4  -20  48 
4  40  -14 
-50  -22  10 

//Reference=MNI 
//nullstudy_31
//Subjects=8
-4  -56  8 
34  22  38 
-48  -60  36 
36  12  2 
-40  -84  22 
-8  38  36 
-10  -60  -32 
50  2  -18 

//Reference=MNI 
//nullstudy_32
//Subjects=11
-2  -64  52 
6  10  30 
-34  -50  40 
-32  -14  70 
24  50  -10 
46  52  -8 
-38  -24  -22 
-30  -2  56 

//Reference=MNI 
//nullstudy_33
//Subjects=13
-12  -52  -28 
-6  -82  8 
-16  -12  76 
18  18  -26 
-24  -38  16 
-54  -42  16 
-46  -84  2 
-42  -28  -28 

//Reference=MNI 
//nullstudy_34
//Subjects=11
-22  -14  -26 
-54  -12  -40 
60  8  20 
-10  -62  58 
-24  54  4 
-52  -10  -44 
-42  8  -2 
54  18  18 

//Reference=MNI 
//nullstudy_35
//Subjects=12
-38  -70  50 
-6  52  -2 
6  68  16 
-2  -74  -48 
-26  10  -4 
-10  -52  -48 
-46  -40  48 
-52  -26  -30 

//Reference=MNI 
//nullstudy_36
//Subjects=8
-40  46  24 
-40  20  -38 
-4  -6  0 
-58  -48  -10 
6  68  -6 
-8  -18  44 
-32  8  -16 
-34  -74  10 

//Reference=MNI 
//nullstudy_37
//Subjects=10
-26  -62  -62 
-14  -42  -18 
-28  -82  -38 
18  20  -4 
14  38  42 
-46  -80  24 
-36  -26  6 
44  32  18 

//Reference=MNI 
//nullstudy_38
//Subjects=9
-52  -14  -42 
-6  -60  -16 
-10  -88  -20 
-34  50  34 
-68  -34  -6 
-16  -28  72 
-6  -8  52 
-8  -84  -24 

//Reference=MNI 
//nullstudy_39
//Subjects=8
44  54  10 
-14  2  12 
-16  16  -4 
8  40  22 
-18  -36  74 
32  26  52 
6  48  12 
-6  -16  76 

//Reference=MNI 
//nullstudy_40
//Subjects=10
-16  48  42 
-10  -36  42 
-18  -72  -44 
-16  62  26 
-58  -52  -28 
16  28  44 
-48  -70  -36 
2  52  -20 

//Reference=MNI 
//nullstudy_41
//Subjects=9
-46  -24  34 
-34  -30  24 
40  8  -32 
-18  -54  66 
-46  -58  14 
-58  -20  -36 
38  12  -26 
-4  -80  52 

//Reference=MNI 
//nullstudy_42
//Subjects=10
52  28  14 
12  20  32 
-20  -38  70 
34  2  38 
10  52  -22 
-22  -86  -2 
-10  -72  -28 
-36  16  40 

//Reference=MNI 
//nullstudy_43
//Subjects=9
-26  -62  -52 
-34  -68  -14 
6  6  34 
-28  16  -4 
58  14  4 
-40  -66  50 
2  42  4 
-48  -8  48 

//Reference=MNI 
//nullstudy_44
//Subjects=7
-24  -60  -52 
6  14  24 
-8  6  60 
-10  30  -28 
18  66  14 
-32  58  14 
56  14  -8 
-44  -8  -34 

//Reference=MNI 
//nullstudy_45
//Subjects=8
-22  -90  30 
30  26  -14 
-16  58  8 
-46  -30  26 
-6  -42  36 
2  44  52 
48  34  -16 
24  52  36 

//Reference=MNI 
//nullstudy_46
//Subjects=8
-16  40  40 
-32  -18  12 
28  62  2 
-14  32  22 
-20  -90  18 
-4  -82  -46 
2  34  60 
38  40  2 

//Reference=MNI 
//nullstudy_47
//Subjects=11
10  46  40 
-8  -40  -20 
-66  -42  24 
-34  -50  -48 
-38  34  2 
-6  -48  40 
-40  -82  -8 
-6  -74  -30 

//Reference=MNI 
//nullstudy_48
//Subjects=10
-60  -40  28 
-12  -18  54 
-52  -30  54 
-46  -58  -50 
12  54  24 
34  20  -8 
-10  -78  -38 
-10  -8  -14 

//Reference=MNI 
//nullstudy_49
//Subjects=10
24  28  -14 
-22  -4  -18 
-64  -46  -10 
-60  -4  4 
-4  -84  -4 
22  10  -10 
32  24  -32 
-40  -28  60 

//Reference=MNI 
//nullstudy_50
//Subjects=8
-2  26  54 
-44  -52  -34 
-44  -54  -16 
-38  -52  36 
-10  -30  78 
-24  -52  -16 
-8  42  46 
8  58  -8 

//Reference=MNI 
//nullstudy_51
//Subjects=10
-18  10  -26 
-6  -92  -10 
-60  -60  -24 
-40  56  -6 
24  6  -24 
-26  -84  2 
-38  8  -32 
4  22  62 

//Reference=MNI 
//nullstudy_52
//Subjects=9
-44  -58  28 
-8  -20  52 
-34  -34  46 
-54  12  32 
-34  24  6 
-18  -82  -34 
-30  2  10 
10  22  26 

//Reference=MNI 
//nullstudy_53
//Subjects=12
0  18  -16 
-60  -36  4 
-6  -78  20 
-32  -34  40 
-36  -2  40 
30  54  -8 
10  56  -22 
-22  -88  -14 

//Reference=MNI 
//nullstudy_54
//Subjects=8
-16  14  16 
-18  -40  -56 
-2  -40  -10 
-12  22  -4 
-14  -58  72 
-40  -54  40 
-18  -36  -18 
32  20  54 

//Reference=MNI 
//nullstudy_55
//Subjects=10
-2  -76  -14 
-22  -70  8 
-20  -4  66 
-42  32  14 
-12  -82  -24 
-14  36  54 
-34  -24  42 
-14  -82  -8 

//Reference=MNI 
//nullstudy_56
//Subjects=8
-18  -74  34 
-10  -38  -46 
-22  -66  40 
-24  -46  -2 
-62  -8  -10 
40  4  -32 
-32  -56  -28 
-16  -46  -50 

//Reference=MNI 
//nullstudy_57
//Subjects=10
-48  -50  26 
-26  -40  46 
40  60  -4 
-20  -30  64 
-26  -12  6 
10  40  56 
-22  -48  -18 
6  52  22 

//Reference=MNI 
//nullstudy_58
//Subjects=9
-22  -62  -8 
-30  -78  -12 
10  2  50 
-62  -6  -32 
-34  16  34 
-40  -16  -38 
-10  -26  -40 
-32  -16  -20 

//Reference=MNI 
//nullstudy_59
//Subjects=11
-16  46  32 
-40  -78  -16 
-30  60  -14 
12  14  36 
-42  -24  -20 
-32  -26  -20 
28  46  -10 
20  56  26 

//Reference=MNI 
//nullstudy_60
//Subjects=9
-52  -58  -8 
2  62  14 
-2  -78  -20 
-22  -78  2 
-26  -24  -26 
-20  -38  -44 
-26  -4  0 
-22  -38  20 

//Reference=MNI 
//nullstudy_61
//Subjects=9
-22  -94  30 
-32  -6  -6 
-10  70  -6 
64  2  -18 
-26  -64  -14 
-28  4  -22 
-40  20  30 
12  8  44 

//Reference=MNI 
//nullstudy_62
//Subjects=10
-46  -50  -20 
-6  -18  -42 
-14  -20  -34 
-20  -32  56 
48  12  -10 
-34  12  8 
-48  -26  -18 
56  4  -6 

//Reference=MNI 
//nullstudy_63
//Subjects=10
-30  -60  28 
-46  20  36 
-14  42  22 
18  34  44 
-24  26  54 
-24  34  52 
-44  -54  -32 
-6  -10  -16 

//Reference=MNI 
//nullstudy_64
//Subjects=9
10  16  -4 
-14  0  -20 
-28  -66  -4 
28  22  34 
-32  -44  -20 
-16  -50  -46 
-46  14  30 
-38  -26  50 

//Reference=MNI 
//nullstudy_65
//Subjects=10
-8  -32  -8 
-52  -54  2 
-48  -72  -28 
-16  -34  -2 
-62  -26  -6 
-22  62  -4 
-26  -4  -22 
-54  2  12 

//Reference=MNI 
//nullstudy_66
//Subjects=11
2  2  34 
48  2  -24 
62  14  2 
28  20  0 
-42  10  48 
-62  -4  -14 
-42  -60  28 
44  50  -12 

//Reference=MNI 
//nullstudy_67
//Subjects=11
42  36  -10 
-34  -32  -26 
28  4  -2 
-50  -20  -4 
18  56  -10 
-16  -40  -18 
-64  -12  0 
-62  -44  -4 

//Reference=MNI 
//nullstudy_68
//Subjects=11
0  34  16 
-52  34  18 
-4  -40  -64 
48  24  22 
-2  -20  42 
-16  -90  20 
28  6  -24 
-8  16  38 

//Reference=MNI 
//nullstudy_69
//Subjects=9
-14  -2  22 
-46  -70  6 
-54  -12  -4 
-40  -50  50 
-34  16  22 
42  2  18 
-36  -64  22 
56  10  -16 

//Reference=MNI 
//nullstudy_70
//Subjects=10
26  20  -24 
-44  -2  32 
-36  -16  -30 
4  14  30 
36  42  28 
-38  -10  18 
-46  -74  -6 
-38  14  4 

//Reference=MNI 
//nullstudy_71
//Subjects=11
-14  62  32 
-32  -24  64 
-4  36  48 
22  18  42 
-26  20  48 
-18  -40  10 
-38  0  -34 
-46  -6  48 

//Reference=MNI 
//nullstudy_72
//Subjects=9
-36  -60  46 
-30  64  4 
-8  4  -30 
-12  -44  54 
-26  30  6 
-4  -72  2 
-40  -18  52 
-24  -22  -30 

//Reference=MNI 
//nullstudy_73
//Subjects=10
-54  -6  -44 
0  16  66 
-46  -18  42 
-28  -2  -48 
-8  -80  -4 
-16  -6  -44 
-24  60  -18 
-30  -10  6 

//Reference=MNI 
//nullstudy_74
//Subjects=9
-6  -100  -8 
-48  -64  2 
-36  -44  -38 
-4  -62  -6 
20  10  66 
-40  18  44 
-36  -4  46 
32  52  8 

//Reference=MNI 
//nullstudy_75
//Subjects=11
-4  44  52 
-48  -42  18 
-30  -88  22 
-10  -64  30 
-46  22  -24 
-32  -32  40 
-18  -54  -40 
-28  -78  -28 

//Reference=MNI 
//nullstudy_76
//Subjects=11
-36  -54  -16 
-22  18  40 
-34  30  -12 
-34  8  64 
0  20  46 
48  4  54 
-10  -22  18 
10  46  -16 

//Reference=MNI 
//nullstudy_77
//Subjects=10
-6  -38  70 
-46  -58  -44 
-14  52  24 
-4  66  4 
-8  -22  76 
-10  -46  30 
-38  -40  -24 
-34  20  8 

//Reference=MNI 
//nullstudy_78
//Subjects=10
36  8  -38 
2  44  -12 
-12  -24  -32 
-6  -74  -44 
-36  -78  10 
-52  -34  26 
-20  -78  -40 
-64  -36  -12 

//Reference=MNI 
//nullstudy_79
//Subjects=11
24  2  4 
-8  -44  -42 
-66  -10  -24 
4  4  -14 
46  18  -20 
-18  -22  2 
-32  -6  -10 
32  4  -6 

//Reference=MNI 
//nullstudy_80
//Subjects=10
24  58  -16 
32  14  -44 
-12  46  18 
-32  -44  -52 
-36  -74  -10 
-30  -66  52 
-2  -12  70 
-50  -66  2 

//Reference=MNI 
//nullstudy_81
//Subjects=8
50  4  32 
-58  4  36 
-16  -50  -60 
-44  -24  62 
36  38  -12 
-18  -74  -50 
8  68  6 
-22  -10  48 

//Reference=MNI 
//nullstudy_82
//Subjects=10
34  8  48 
18  40  -22 
-60  -66  -10 
-50  -40  -10 
-40  -28  64 
-38  -50  -22 
-58  4  -16 
-8  4  48 

//Reference=MNI 
//nullstudy_83
//Subjects=11
34  20  38 
-20  -58  -50 
-4  14  66 
-22  -56  -10 
-12  24  -20 
-32  -88  -34 
-20  -46  -8 
-60  8  -2 

//Reference=MNI 
//nullstudy_84
//Subjects=11
-12  -28  38 
-58  -26  20 
-18  -70  54 
-6  -52  56 
-48  -24  40 
-38  -62  -58 
2  54  28 
-28  -16  4 

//Reference=MNI 
//nullstudy_85
//Subjects=10
-20  34  -10 
-12  -62  70 
-10  44  34 
-10  -4  14 
-22  10  -26 
-52  2  -10 
-50  -50  -12 
38  14  54 

//Reference=MNI 
//nullstudy_86
//Subjects=9
-30  -68  -28 
24  16  -22 
-46  -2  -16 
-62  -30  48 
-42  8  -6 
-2  20  2 
-30  14  -6 
-8  -4  60 

//Reference=MNI 
//nullstudy_87
//Subjects=10
-38  12  6 
-6  -68  32 
50  16  38 
-60  6  26 
38  8  44 
58  30  12 
-6  -70  -20 
-60  -24  26 

//Reference=MNI 
//nullstudy_88
//Subjects=9
-44  -20  62 
2  42  2 
0  28  24 
-32  28  -4 
-50  -50  -18 
40  34  30 
-18  -72  30 
-2  -90  26 

//Reference=MNI 
//nullstudy_89
//Subjects=8
-66  -6  -12 
-12  -6  -32 
-24  -66  -44 
-36  -64  54 
-44  20  -16 
-24  -4  -48 
-38  24  38 
20  12  52 

//Reference=MNI 
//nullstudy_90
//Subjects=10
-20  -34  -26 
-10  8  -20 
-16  0  60 
-30  -30  -20 
58  12  8 
-10  -12  0 
-28  44  28 
16  40  20 

//Reference=MNI 
//nullstudy_91
//Subjects=10
-28  -98  2 
56  24  30 
-48  4  -44 
-22  -58  16 
-26  -40  -26 
32  10  -12 
-8  -62  -36 
-26  -66  -36 

//Reference=MNI 
//nullstudy_92
//Subjects=9
52  10  40 
-6  60  12 
-16  -16  78 
-68  -36  -10 
22  26  -16 
-4  -42  68 
-10  -48  -30 
-6  -14  -34 

//Reference=MNI 
//nullstudy_93
//Subjects=9
2  40  -30 
-32  -16  12 
36  24  42 
-30  -54  44 
-4  -92  -8 
-4  28  60 
-10  20  -14 
-10  -24  -36 

//Reference=MNI 
//nullstudy_94
//Subjects=11
8  36  -24 
-36  -74  -50 
40  8  62 
10  6  66 
-8  32  -14 
-4  22  52 
-18  34  48 
-52  34  14 

//Reference=MNI 
//nullstudy_95
//Subjects=11
-6  10  66 
-56  -64  -8 
-52  -2  -32 
-64  0  26 
2  52  38 
-14  -30  -10 
-56  6  0 
26  34  -16 

//Reference=MNI 
//nullstudy_96
//Subjects=10
-16  -48  -32 
26  10  4 
-34  4  38 
-48  0  18 
-10  12  10 
-54  -72  22 
-44  -8  50 
26  6  54 

//Reference=MNI 
//nullstudy_97
//Subjects=10
-50  -2  -16 
-26  -22  54 
-8  16  -24 
-48  32  -6 
-8  14  30 
-44  20  20 
-42  14  6 
-36  -18  -30 

//Reference=MNI 
//nullstudy_98
//Subjects=9
-26  -18  -30 
2  52  24 
-2  -6  66 
-32  -98  6 
-40  -72  38 
-34  -32  36 
-46  30  24 
34  42  36 

//Reference=MNI 
//nullstudy_99
//Subjects=10
-46  42  2 
-4  -50  -54 
-18  -16  -36 
-36  -10  16 
-46  -58  4 
-4  8  32 
-40  18  36 
-56  -6  -4 

//Reference=MNI 
//nullstudy_100
//Subjects=11
-6  -50  -38 
8  52  -26 
-10  -70  -24 
-8  4  58 
-52  -16  2 
22  20  42 
-30  4  56 
-26  -4  -40 

