//Reference=MNI 
//truestudy_1
//Subjects=31
47  -66  -5 
44  -65  -5 
48  -66  -5 
46  -65  -6 
46  -66  -4 
45  -68  -8 
46  -66  -7 
45  -65  -7 

//Reference=MNI 
//truestudy_2
//Subjects=29
47  -65  -6 
46  -67  -7 
46  -66  -7 
45  -67  -4 
47  -67  -6 
46  -65  -5 
46  -65  -5 
47  -66  -5 

//Reference=MNI 
//truestudy_3
//Subjects=30
47  -67  -7 
46  -65  -4 
46  -65  -6 
46  -67  -7 
45  -66  -5 
46  -65  -5 
45  -66  -8 
47  -65  -6 

//Reference=MNI 
//nullstudy_1
//Subjects=31
-34  12  32 
-52  -52  -48 
-48  -50  52 
-6  -70  20 
-52  -56  16 
34  20  -26 
-22  -30  -4 
-60  -8  -16 

//Reference=MNI 
//nullstudy_2
//Subjects=29
-14  -54  30 
-18  -38  42 
34  62  0 
-10  -36  -12 
2  14  38 
40  38  16 
-38  -32  8 
38  22  22 

//Reference=MNI 
//nullstudy_3
//Subjects=30
-24  52  30 
-8  32  16 
38  58  14 
26  8  -4 
-46  -72  -26 
6  28  20 
32  18  -38 
-6  10  58 

//Reference=MNI 
//nullstudy_4
//Subjects=30
-24  -32  10 
-18  -78  18 
40  26  -18 
-4  28  38 
-26  -62  52 
-22  -92  6 
-28  0  -42 
-44  -60  14 

//Reference=MNI 
//nullstudy_5
//Subjects=30
-18  -36  78 
-6  36  22 
-12  -8  -36 
-32  42  6 
-10  2  72 
42  6  0 
-56  -36  4 
-28  16  38 

//Reference=MNI 
//nullstudy_6
//Subjects=31
-50  -56  14 
-52  -34  48 
4  34  48 
-20  -50  -40 
-28  58  0 
-8  20  -6 
36  12  -42 
-18  -82  28 

//Reference=MNI 
//nullstudy_7
//Subjects=29
-34  -24  -30 
-6  -40  -44 
-66  -18  24 
-34  2  14 
-62  -58  22 
-50  32  16 
28  24  46 
-42  -46  -54 

//Reference=MNI 
//nullstudy_8
//Subjects=28
-4  -40  4 
-24  -2  -50 
-36  0  48 
-14  -68  56 
-50  -76  -16 
-6  -50  -46 
-20  -86  -8 
-34  -36  20 

//Reference=MNI 
//nullstudy_9
//Subjects=30
48  8  36 
-20  -24  10 
-28  -66  -38 
-44  -78  -2 
-18  -6  56 
-2  -30  64 
-30  28  50 
36  22  -40 

//Reference=MNI 
//nullstudy_10
//Subjects=29
52  14  -14 
-12  -94  -4 
-32  -50  -26 
-32  -94  4 
18  16  4 
-14  -84  -20 
-18  40  46 
12  50  -22 

//Reference=MNI 
//nullstudy_11
//Subjects=32
-60  10  6 
-16  -82  26 
46  50  10 
-16  -76  -12 
-16  30  42 
12  6  12 
-14  -50  -4 
-14  -26  12 

//Reference=MNI 
//nullstudy_12
//Subjects=30
-56  -4  2 
-36  -32  40 
40  40  -4 
-8  -84  38 
-40  26  10 
-4  -58  40 
-68  -24  -6 
16  16  -22 

//Reference=MNI 
//nullstudy_13
//Subjects=29
-2  38  -18 
-18  48  32 
-30  -38  -10 
-48  -30  32 
-56  -6  16 
-12  -42  2 
-40  -64  38 
-22  -38  -42 

//Reference=MNI 
//nullstudy_14
//Subjects=29
-22  -12  -20 
48  22  48 
-10  -12  50 
-52  16  -14 
-44  -16  -34 
-34  -80  -48 
-6  -94  -26 
-60  -34  12 

//Reference=MNI 
//nullstudy_15
//Subjects=30
10  68  -14 
-14  -56  10 
12  38  32 
4  6  0 
-10  -94  -20 
-26  4  -36 
30  14  -30 
52  12  30 

//Reference=MNI 
//nullstudy_16
//Subjects=28
-40  -22  16 
6  58  24 
-6  -62  24 
38  34  -12 
-28  -70  24 
-52  -22  -18 
-14  -66  12 
42  38  -16 

//Reference=MNI 
//nullstudy_17
//Subjects=30
-50  -30  4 
-24  6  -24 
10  64  26 
-46  -70  -12 
-46  -14  -12 
-12  -60  38 
-10  -92  -8 
-10  -82  -42 

//Reference=MNI 
//nullstudy_18
//Subjects=30
-10  -62  -42 
-20  -82  8 
-52  -24  12 
-24  -18  54 
-2  10  66 
20  38  -20 
-32  -18  38 
40  6  60 

//Reference=MNI 
//nullstudy_19
//Subjects=28
-26  -84  -28 
10  58  0 
-6  -56  -54 
-40  -76  -8 
-14  0  0 
-2  22  -18 
-10  -80  -20 
22  10  52 

//Reference=MNI 
//nullstudy_20
//Subjects=29
-36  -70  6 
-60  -12  14 
-10  36  0 
-18  20  -24 
-38  -52  20 
44  4  26 
-28  -2  -2 
18  48  -14 

//Reference=MNI 
//nullstudy_21
//Subjects=31
-30  -38  44 
-34  36  16 
18  2  -36 
-10  -56  42 
-20  66  6 
-12  24  38 
-54  10  -4 
-38  -72  -36 

//Reference=MNI 
//nullstudy_22
//Subjects=29
-48  10  -26 
-18  28  46 
42  14  6 
-42  -14  32 
-46  12  8 
-30  -78  -16 
-52  -78  -6 
-22  18  -16 

//Reference=MNI 
//nullstudy_23
//Subjects=29
38  8  -40 
-62  -46  10 
32  24  -22 
-8  -62  36 
2  24  30 
16  62  6 
-14  -28  76 
-60  -22  34 

//Reference=MNI 
//nullstudy_24
//Subjects=28
-6  -86  34 
-50  -40  -30 
-18  -54  -24 
-64  -44  2 
-4  -22  36 
34  6  48 
-8  18  40 
4  38  34 

//Reference=MNI 
//nullstudy_25
//Subjects=28
-26  56  -10 
56  24  22 
-14  -50  44 
-16  58  10 
-2  -70  -38 
-50  -2  52 
60  4  28 
-52  -4  -40 

//Reference=MNI 
//nullstudy_26
//Subjects=31
-2  58  36 
-22  20  -18 
22  46  30 
44  10  -36 
-62  -22  6 
-24  -2  -44 
56  12  6 
-40  -46  -42 

//Reference=MNI 
//nullstudy_27
//Subjects=29
8  20  24 
-44  -36  44 
0  10  70 
0  68  0 
-8  -88  24 
-48  -70  -16 
-10  -72  32 
-18  -92  -28 

//Reference=MNI 
//nullstudy_28
//Subjects=31
36  52  -6 
-20  -32  -48 
-12  20  -30 
-62  -34  24 
-24  12  56 
-24  6  12 
24  60  -16 
12  46  20 

//Reference=MNI 
//nullstudy_29
//Subjects=31
-52  -4  -22 
36  16  -24 
-2  -62  14 
-44  -36  8 
-14  -60  52 
-16  -36  76 
24  62  28 
6  62  34 

//Reference=MNI 
//nullstudy_30
//Subjects=29
-46  -58  -20 
-44  -64  -42 
-34  -24  12 
-32  -44  66 
-2  -52  60 
2  56  -24 
-16  -24  18 
26  60  18 

//Reference=MNI 
//nullstudy_31
//Subjects=31
-4  46  4 
-16  26  -20 
-60  -8  2 
-18  -68  44 
6  32  34 
-34  -58  -52 
-12  -12  18 
-12  -26  -24 

//Reference=MNI 
//nullstudy_32
//Subjects=31
24  10  4 
2  42  36 
-16  12  -34 
-10  6  46 
0  48  34 
-50  -12  -16 
-18  -82  42 
-18  -66  -32 

//Reference=MNI 
//nullstudy_33
//Subjects=29
-58  -62  -16 
-24  -4  -50 
-38  -68  44 
-56  -58  38 
-56  -30  30 
10  52  -14 
30  46  -14 
-8  -86  16 

//Reference=MNI 
//nullstudy_34
//Subjects=28
10  38  52 
-36  -82  6 
-20  54  -16 
-4  -72  22 
-24  8  -22 
-32  -78  -30 
-22  -26  76 
-28  -80  42 

//Reference=MNI 
//nullstudy_35
//Subjects=31
-38  -82  -36 
-12  -2  18 
-54  -8  24 
-66  -10  -10 
28  4  -48 
-6  -90  38 
50  18  -16 
-16  -86  -48 

//Reference=MNI 
//nullstudy_36
//Subjects=30
-2  60  12 
-2  -12  -18 
22  62  -4 
26  24  -16 
-50  18  40 
-16  -92  -26 
-54  -60  -42 
30  22  48 

//Reference=MNI 
//nullstudy_37
//Subjects=28
-46  -58  -42 
-44  -12  48 
-16  -102  -18 
-54  22  14 
48  26  22 
-2  -80  -38 
-48  8  50 
-6  -68  38 

//Reference=MNI 
//nullstudy_38
//Subjects=30
-32  -64  -4 
-56  -58  -36 
-10  -66  -46 
14  10  58 
-20  -80  -34 
-22  -68  -8 
-18  6  52 
-44  -20  -24 

//Reference=MNI 
//nullstudy_39
//Subjects=31
-28  24  36 
-54  10  -10 
10  42  18 
44  6  54 
-34  -40  48 
2  12  46 
-42  -2  -44 
-4  -86  2 

//Reference=MNI 
//nullstudy_40
//Subjects=30
46  16  -38 
-58  -58  34 
2  30  54 
-40  -56  -46 
8  66  -6 
-42  -62  -4 
4  24  14 
6  6  40 

//Reference=MNI 
//nullstudy_41
//Subjects=30
-16  18  -12 
54  12  -16 
-4  -88  -40 
14  54  12 
-36  12  60 
24  12  62 
-50  -24  0 
-18  -88  -44 

//Reference=MNI 
//nullstudy_42
//Subjects=31
-12  28  22 
-12  46  -10 
28  18  42 
-12  -18  -10 
-46  -76  -36 
-58  -26  32 
-14  -100  4 
-10  -30  38 

//Reference=MNI 
//nullstudy_43
//Subjects=31
-14  -70  -54 
-28  54  -14 
-14  56  -20 
-30  0  48 
40  58  -4 
12  58  30 
-10  18  4 
-54  -10  -22 

//Reference=MNI 
//nullstudy_44
//Subjects=30
-44  50  -12 
-40  -78  4 
-44  -64  20 
-24  -46  16 
-34  -8  14 
-42  -22  60 
-46  -82  -16 
-14  -74  46 

//Reference=MNI 
//nullstudy_45
//Subjects=28
-6  -36  -52 
-2  -52  12 
34  28  -4 
-34  -58  -38 
-18  -44  64 
52  16  14 
-30  2  50 
-42  -50  -56 

//Reference=MNI 
//nullstudy_46
//Subjects=31
-30  46  -10 
48  10  40 
-6  46  36 
-6  -22  70 
-62  -32  -22 
-36  30  -6 
-2  -52  10 
44  44  16 

//Reference=MNI 
//nullstudy_47
//Subjects=29
-14  -4  24 
38  18  10 
18  54  -18 
-26  -12  -26 
-12  -88  24 
-40  -66  -56 
-60  -10  -30 
-52  -30  10 

//Reference=MNI 
//nullstudy_48
//Subjects=30
-10  8  46 
-20  -40  64 
-20  0  -32 
-50  10  -26 
56  6  -22 
-4  -38  46 
16  60  12 
8  32  -30 

//Reference=MNI 
//nullstudy_49
//Subjects=30
-30  -28  68 
12  4  44 
4  16  40 
16  16  -18 
-6  -72  42 
-14  -22  -2 
-54  10  8 
28  46  30 

//Reference=MNI 
//nullstudy_50
//Subjects=29
52  2  -34 
-26  -16  -38 
-18  -92  -26 
-22  -36  -26 
-10  34  58 
52  6  -20 
-22  -44  -12 
-8  14  -20 

//Reference=MNI 
//nullstudy_51
//Subjects=29
-40  -72  -32 
12  68  4 
-8  -82  -24 
-28  -84  -20 
4  10  18 
-36  0  66 
-58  -64  32 
-56  12  -16 

//Reference=MNI 
//nullstudy_52
//Subjects=30
0  38  32 
-38  -52  -60 
-12  -76  -52 
2  66  26 
52  30  20 
-8  28  26 
-4  30  56 
-8  56  6 

//Reference=MNI 
//nullstudy_53
//Subjects=29
-62  -18  44 
-20  -32  22 
36  28  0 
14  14  -12 
-28  -56  60 
-28  64  -12 
2  36  38 
-42  14  30 

//Reference=MNI 
//nullstudy_54
//Subjects=32
42  6  14 
36  32  -2 
-24  -62  -58 
2  64  2 
-16  -62  40 
50  24  32 
-24  -60  54 
-24  -64  26 

//Reference=MNI 
//nullstudy_55
//Subjects=32
-10  -74  44 
-46  -74  -38 
-12  -64  28 
-30  -18  -28 
8  24  54 
-20  -76  30 
6  34  62 
-60  -18  8 

//Reference=MNI 
//nullstudy_56
//Subjects=30
-28  -42  40 
-18  10  64 
-46  -18  -32 
-40  -80  -44 
10  32  28 
-14  -82  -40 
-22  -70  22 
38  34  -10 

//Reference=MNI 
//nullstudy_57
//Subjects=29
-4  -98  16 
6  44  6 
-44  2  -40 
-6  -38  -40 
-62  -20  -30 
22  54  6 
-8  -84  -26 
38  12  -2 

//Reference=MNI 
//nullstudy_58
//Subjects=30
-52  -16  -14 
-36  42  -4 
-8  6  -12 
-16  -16  22 
-34  -48  -26 
-26  -70  -56 
-4  -42  10 
-20  -98  8 

//Reference=MNI 
//nullstudy_59
//Subjects=32
-14  -6  -26 
-2  38  38 
-58  -24  -28 
-36  -32  50 
-32  -84  4 
-24  -70  46 
-32  2  -46 
-4  34  40 

//Reference=MNI 
//nullstudy_60
//Subjects=31
-2  12  -4 
-22  -64  -38 
-6  -8  68 
-52  12  16 
-44  14  -30 
2  6  38 
-42  -42  -16 
28  62  4 

//Reference=MNI 
//nullstudy_61
//Subjects=30
-50  -38  28 
-62  -60  -4 
36  34  -10 
-26  -76  -26 
-12  12  64 
-42  -54  52 
-34  36  44 
-12  36  -6 

//Reference=MNI 
//nullstudy_62
//Subjects=29
-16  -24  -22 
-28  -42  36 
-40  -28  38 
-38  -14  66 
-16  24  -18 
-58  -54  42 
42  46  0 
-40  -6  62 

//Reference=MNI 
//nullstudy_63
//Subjects=30
-42  26  -4 
-28  -70  38 
10  24  40 
-30  -44  -2 
-48  6  24 
-46  20  34 
-6  -58  -24 
-50  10  46 

//Reference=MNI 
//nullstudy_64
//Subjects=30
-30  10  52 
22  44  34 
2  22  -30 
60  8  -4 
-2  2  -30 
-20  -8  58 
-44  -72  2 
-36  14  -40 

//Reference=MNI 
//nullstudy_65
//Subjects=30
-6  60  4 
10  54  -6 
-4  42  -26 
-58  -52  20 
-54  -4  50 
6  70  0 
12  14  60 
-64  -22  -32 

//Reference=MNI 
//nullstudy_66
//Subjects=30
-32  -44  -12 
-40  -80  2 
-66  -32  16 
-18  -14  -22 
-44  -4  48 
16  34  56 
-8  50  -20 
-54  2  26 

//Reference=MNI 
//nullstudy_67
//Subjects=30
-12  26  2 
-46  -16  10 
-4  -36  54 
14  38  -24 
-8  -52  -26 
-30  -4  -6 
-36  -80  -20 
8  4  46 

//Reference=MNI 
//nullstudy_68
//Subjects=31
-36  -28  46 
-36  -70  -6 
-20  -98  20 
4  20  18 
-12  -80  -10 
58  10  -16 
-26  34  -14 
-10  -48  -44 

//Reference=MNI 
//nullstudy_69
//Subjects=29
-68  -42  20 
52  6  -2 
-54  10  14 
-4  38  50 
-12  66  2 
-20  38  40 
-8  -70  -26 
-20  4  -6 

//Reference=MNI 
//nullstudy_70
//Subjects=29
18  70  2 
-46  -30  24 
20  14  -38 
2  10  -2 
-36  26  30 
-8  -80  48 
-6  -68  24 
-30  10  64 

//Reference=MNI 
//nullstudy_71
//Subjects=29
-6  -42  -4 
34  34  40 
18  34  50 
8  36  34 
-14  -54  14 
36  14  -26 
-50  32  -8 
10  42  22 

//Reference=MNI 
//nullstudy_72
//Subjects=30
-26  64  20 
-10  -50  68 
-2  -18  38 
-20  12  4 
-32  10  -26 
-56  -46  24 
-16  68  2 
-28  -70  48 

//Reference=MNI 
//nullstudy_73
//Subjects=30
-48  -66  2 
-4  -84  -20 
44  32  14 
-14  -40  78 
-20  -38  76 
-20  -20  72 
-26  -22  62 
32  18  48 

//Reference=MNI 
//nullstudy_74
//Subjects=29
-14  22  -30 
60  8  0 
-38  14  -26 
-12  -48  38 
-52  -8  40 
-22  -56  -56 
28  42  30 
-46  -62  -32 

//Reference=MNI 
//nullstudy_75
//Subjects=29
-14  -88  -44 
-20  -34  -6 
-4  12  16 
-2  -12  58 
-4  -76  36 
-2  52  8 
30  10  -4 
36  48  22 

//Reference=MNI 
//nullstudy_76
//Subjects=30
-16  -70  -42 
-48  -64  -26 
-6  -16  76 
-58  10  34 
26  50  -10 
-52  -8  -22 
10  2  -30 
12  60  10 

//Reference=MNI 
//nullstudy_77
//Subjects=30
-14  28  58 
34  32  -10 
-36  -46  -32 
28  24  4 
-6  38  -26 
-34  42  40 
-20  -4  70 
-12  0  -6 

//Reference=MNI 
//nullstudy_78
//Subjects=30
46  52  10 
-38  14  12 
30  18  -6 
-10  -30  6 
-40  -4  48 
-12  56  2 
-38  -52  -30 
-38  -84  -16 

//Reference=MNI 
//nullstudy_79
//Subjects=29
-12  -72  -54 
-16  -24  68 
-2  -26  -4 
12  8  36 
-28  -44  -46 
34  24  -34 
-8  -44  76 
-42  -58  -18 

//Reference=MNI 
//nullstudy_80
//Subjects=29
6  36  10 
-8  -84  -8 
-40  22  40 
-26  -16  -36 
-50  -34  -24 
12  38  2 
42  34  36 
-28  50  -12 

//Reference=MNI 
//nullstudy_81
//Subjects=30
40  48  -18 
18  50  38 
-46  -46  -42 
36  58  8 
60  6  18 
-28  -2  -48 
-18  16  54 
-8  56  22 

//Reference=MNI 
//nullstudy_82
//Subjects=31
-48  40  -10 
-40  -16  -40 
50  4  -32 
-36  -24  42 
36  24  20 
-34  -6  -12 
-26  -74  -48 
-50  2  -24 

//Reference=MNI 
//nullstudy_83
//Subjects=30
-24  -22  -20 
-28  22  54 
-8  64  18 
-16  -50  -24 
-46  -30  8 
-2  -12  -4 
42  36  16 
-14  -64  -14 

//Reference=MNI 
//nullstudy_84
//Subjects=30
-32  60  -10 
-64  -52  -6 
16  8  -24 
-16  62  16 
26  12  -48 
-4  -32  -36 
-16  -54  -2 
-42  -82  8 

//Reference=MNI 
//nullstudy_85
//Subjects=29
-8  -32  -44 
-2  -42  -14 
-24  54  -20 
-4  32  22 
-46  -6  -20 
4  70  0 
-34  36  16 
-68  -30  -20 

//Reference=MNI 
//nullstudy_86
//Subjects=30
-32  -48  38 
8  48  16 
-40  20  -16 
-10  -56  6 
-46  -46  -52 
-22  -92  28 
-20  50  18 
-26  2  -20 

//Reference=MNI 
//nullstudy_87
//Subjects=32
12  16  32 
-48  34  -12 
-12  -88  2 
-40  -6  4 
-8  -12  64 
-24  -82  12 
56  18  32 
66  2  16 

//Reference=MNI 
//nullstudy_88
//Subjects=30
-52  2  -20 
8  34  -26 
-30  10  62 
-66  -54  10 
22  54  18 
2  12  72 
24  46  30 
28  14  -20 

//Reference=MNI 
//nullstudy_89
//Subjects=30
-30  2  6 
-48  24  36 
-10  36  -10 
-2  -30  -24 
-36  -18  -36 
-32  4  -30 
-12  -70  -14 
10  4  -24 

//Reference=MNI 
//nullstudy_90
//Subjects=30
-4  -8  2 
-24  -70  -52 
0  36  6 
-38  8  -6 
-30  56  16 
-40  -46  -46 
34  42  24 
4  40  44 

//Reference=MNI 
//nullstudy_91
//Subjects=29
-8  62  6 
-2  -60  -46 
-64  -40  32 
-36  -12  -32 
-26  58  22 
-6  6  38 
-6  -52  -52 
-2  42  50 

//Reference=MNI 
//nullstudy_92
//Subjects=30
-40  -12  -30 
-66  -32  -24 
-34  32  40 
-4  -88  -18 
-50  -24  60 
-10  50  2 
42  38  -2 
-56  10  4 

//Reference=MNI 
//nullstudy_93
//Subjects=30
-62  -8  32 
2  42  8 
-18  14  56 
28  48  8 
-26  -52  0 
40  2  -24 
-64  -26  4 
-50  -60  28 

//Reference=MNI 
//nullstudy_94
//Subjects=31
-46  4  -16 
-6  -8  46 
-48  -60  34 
-18  -82  -6 
20  4  70 
-4  -36  -42 
-30  -42  54 
-22  2  -48 

//Reference=MNI 
//nullstudy_95
//Subjects=29
-52  -26  4 
-28  54  10 
-56  -4  12 
32  16  -34 
24  52  -6 
-20  10  -34 
-38  -2  2 
-36  -66  46 

//Reference=MNI 
//nullstudy_96
//Subjects=29
-34  44  14 
-24  2  64 
-64  -42  6 
34  14  -6 
-44  -44  44 
-48  40  14 
-26  -32  58 
-8  50  14 

//Reference=MNI 
//nullstudy_97
//Subjects=32
-24  -14  48 
-52  -10  2 
-2  44  -16 
-16  -36  44 
-62  -30  -6 
48  4  14 
-52  20  20 
-10  -24  10 

//Reference=MNI 
//nullstudy_98
//Subjects=31
-30  -56  62 
-24  -52  0 
14  30  64 
-4  32  4 
-28  -34  62 
30  14  40 
-36  -50  -16 
-28  6  8 

//Reference=MNI 
//nullstudy_99
//Subjects=29
-46  -66  12 
-62  -26  28 
-8  -64  -32 
-68  -40  2 
2  26  58 
-38  18  -6 
-38  40  -4 
-46  -46  36 

//Reference=MNI 
//nullstudy_100
//Subjects=31
-16  -94  -30 
10  38  -30 
-8  42  -30 
-8  -88  -42 
-46  -76  -34 
38  54  14 
28  48  -4 
-52  -50  12 

