//Reference=MNI 
//truestudy_1
//Subjects=20
46  -66  -6 
46  -66  -8 
45  -65  -5 
46  -67  -4 
46  -66  -7 
46  -65  -7 
45  -67  -4 
46  -66  -5 

//Reference=MNI 
//truestudy_2
//Subjects=21
45  -67  -6 
46  -66  -6 
47  -66  -5 
45  -66  -5 
45  -65  -6 
46  -66  -6 
46  -66  -5 
46  -65  -5 

//Reference=MNI 
//truestudy_3
//Subjects=20
46  -67  -6 
47  -67  -6 
46  -65  -5 
46  -65  -7 
46  -64  -6 
46  -67  -7 
47  -65  -6 
44  -64  -6 

//Reference=MNI 
//nullstudy_1
//Subjects=20
44  12  18 
-4  -60  12 
-16  -100  -10 
-48  -70  26 
16  66  8 
-46  -36  22 
-50  -56  -24 
-24  12  -2 

//Reference=MNI 
//nullstudy_2
//Subjects=21
-6  -80  -38 
-12  -52  -10 
-52  -44  44 
10  46  -16 
-4  -60  -26 
-46  -46  4 
-44  -8  44 
-46  -48  10 

//Reference=MNI 
//nullstudy_3
//Subjects=20
-14  -34  -2 
-20  48  28 
22  14  -6 
-14  -72  24 
14  54  16 
2  8  6 
-54  -10  34 
2  40  -26 

//Reference=MNI 
//nullstudy_4
//Subjects=19
-10  48  22 
-48  -62  -8 
30  36  50 
-30  8  10 
34  22  -26 
-4  58  6 
-34  12  62 
28  8  -8 

//Reference=MNI 
//nullstudy_5
//Subjects=20
-12  -20  -4 
-18  -20  24 
-42  -40  14 
-14  -100  16 
-6  -14  42 
60  24  16 
2  60  20 
-18  18  -2 

//Reference=MNI 
//nullstudy_6
//Subjects=19
-14  -64  -20 
28  4  62 
2  44  42 
-52  -38  -24 
-12  -36  54 
-26  -2  10 
-36  -64  10 
-24  -8  4 

//Reference=MNI 
//nullstudy_7
//Subjects=19
28  24  0 
-18  -44  0 
14  58  -16 
-50  -36  30 
30  18  -26 
-16  -48  -16 
-46  14  -6 
-34  26  -16 

//Reference=MNI 
//nullstudy_8
//Subjects=21
-44  26  24 
-44  -80  6 
28  22  -20 
36  46  36 
-38  -70  -26 
-36  -14  20 
36  38  24 
-18  32  40 

//Reference=MNI 
//nullstudy_9
//Subjects=19
0  24  -22 
-56  -8  38 
-54  -38  36 
40  50  -10 
-36  -18  54 
-28  18  38 
40  22  -2 
36  12  -44 

//Reference=MNI 
//nullstudy_10
//Subjects=21
-52  -52  -28 
-42  -34  60 
64  4  26 
-10  -64  -24 
-6  10  -2 
20  32  -12 
-48  44  14 
-36  -72  -52 

//Reference=MNI 
//nullstudy_11
//Subjects=21
-16  -72  -32 
-6  8  54 
8  26  16 
-8  -4  64 
-36  22  30 
-32  -44  -10 
-42  -36  58 
-58  -26  -6 

//Reference=MNI 
//nullstudy_12
//Subjects=20
-50  -16  60 
-52  -72  -16 
-32  -62  -12 
8  6  -24 
4  32  36 
-38  28  48 
-28  16  -12 
-14  -94  26 

//Reference=MNI 
//nullstudy_13
//Subjects=21
-32  -18  66 
-22  -44  -10 
12  16  48 
-60  -48  -26 
-44  30  0 
-4  26  -24 
-14  -56  -54 
-30  46  30 

//Reference=MNI 
//nullstudy_14
//Subjects=20
14  22  8 
-52  6  46 
-62  4  -12 
54  32  10 
-16  20  -4 
-10  -52  -8 
0  38  -14 
44  44  -20 

//Reference=MNI 
//nullstudy_15
//Subjects=19
-28  -66  -12 
-10  40  40 
-8  64  -12 
-54  -70  -18 
-14  8  66 
4  24  62 
-26  48  20 
24  32  26 

//Reference=MNI 
//nullstudy_16
//Subjects=21
-34  36  26 
48  18  46 
20  10  68 
-34  -28  -24 
-4  -56  -48 
-32  -58  32 
46  44  24 
-40  -24  38 

//Reference=MNI 
//nullstudy_17
//Subjects=19
30  10  66 
-32  -24  -24 
-58  -38  -26 
-36  -64  18 
-52  10  12 
-40  30  46 
-12  0  -4 
-2  54  -8 

//Reference=MNI 
//nullstudy_18
//Subjects=20
-2  58  14 
-2  -48  42 
-34  -58  -32 
-38  -78  12 
-30  -6  -4 
-34  -86  4 
52  22  34 
-10  -42  64 

//Reference=MNI 
//nullstudy_19
//Subjects=19
-34  18  -14 
-18  0  60 
-16  -74  2 
-34  -50  40 
-42  -56  30 
18  2  68 
38  24  -12 
-26  -46  14 

//Reference=MNI 
//nullstudy_20
//Subjects=20
-18  54  0 
-20  -78  0 
40  18  -4 
-2  -18  70 
52  42  12 
-10  68  -10 
-52  2  -14 
-28  -92  -2 

//Reference=MNI 
//nullstudy_21
//Subjects=20
-38  -56  0 
18  22  2 
-50  -20  54 
-64  -48  -18 
-24  14  -4 
6  4  -12 
4  22  66 
-4  -44  14 

//Reference=MNI 
//nullstudy_22
//Subjects=22
-38  -46  48 
-44  -68  20 
-42  34  -20 
-52  -34  8 
38  6  52 
30  12  52 
-52  -2  14 
-36  -36  12 

//Reference=MNI 
//nullstudy_23
//Subjects=20
-42  -70  6 
-44  -60  46 
38  44  -6 
-10  -4  16 
-32  -92  0 
-14  -28  18 
18  68  -4 
10  8  -16 

//Reference=MNI 
//nullstudy_24
//Subjects=19
32  16  14 
0  40  30 
-24  -14  72 
-46  -24  24 
-6  60  12 
44  18  -40 
38  46  10 
-54  -62  -18 

//Reference=MNI 
//nullstudy_25
//Subjects=20
36  10  -44 
-30  -80  -40 
-2  -28  28 
-42  -14  -26 
42  22  -6 
-14  -66  -10 
-8  -2  -20 
-38  -78  12 

//Reference=MNI 
//nullstudy_26
//Subjects=19
0  8  -6 
46  8  18 
-4  -4  14 
-24  10  -46 
-28  44  -20 
12  10  -24 
-60  -14  24 
-32  -84  0 

//Reference=MNI 
//nullstudy_27
//Subjects=20
-46  6  -8 
-16  -46  72 
-50  -24  -16 
-10  -24  -14 
-40  -58  26 
-52  10  36 
-32  -18  16 
-36  -32  50 

//Reference=MNI 
//nullstudy_28
//Subjects=21
-28  2  70 
-52  0  18 
-32  -38  -22 
-32  -40  -26 
-44  16  2 
-8  -20  -12 
-60  10  0 
-60  -32  12 

//Reference=MNI 
//nullstudy_29
//Subjects=19
-46  -14  8 
-40  -10  54 
10  56  26 
-60  -36  -2 
-42  -46  -44 
38  22  -8 
-40  -60  -50 
-18  14  18 

//Reference=MNI 
//nullstudy_30
//Subjects=20
-16  -80  2 
-26  20  -30 
-4  -42  -38 
-24  -54  4 
-20  -74  -24 
-8  -38  -46 
46  52  -6 
-36  -82  -24 

//Reference=MNI 
//nullstudy_31
//Subjects=20
-22  -76  4 
-20  4  -10 
-40  -78  4 
-14  -46  -8 
-22  22  -26 
-30  34  46 
-68  -12  6 
-4  18  -26 

//Reference=MNI 
//nullstudy_32
//Subjects=20
50  30  -6 
-68  -38  4 
-10  -84  -20 
-30  -40  60 
-12  -42  -24 
8  32  -8 
-20  -72  -2 
30  34  34 

//Reference=MNI 
//nullstudy_33
//Subjects=19
-14  -80  22 
-42  16  8 
-14  6  56 
-10  -102  12 
-30  20  42 
-30  -56  -46 
-26  -6  -30 
-60  -40  26 

//Reference=MNI 
//nullstudy_34
//Subjects=22
2  10  -26 
-2  -40  -42 
-16  54  -16 
-34  -14  2 
34  46  26 
-46  18  -26 
-46  20  -18 
-22  -56  44 

//Reference=MNI 
//nullstudy_35
//Subjects=21
6  56  -8 
-50  -36  50 
-2  22  28 
28  6  50 
36  18  -14 
-56  -26  -8 
-16  -8  76 
-32  -94  0 

//Reference=MNI 
//nullstudy_36
//Subjects=20
-10  -38  -36 
-50  -62  -4 
-40  -14  12 
-34  -8  68 
56  22  22 
-36  44  -10 
-38  -64  20 
-24  -6  -16 

//Reference=MNI 
//nullstudy_37
//Subjects=20
-32  -10  -34 
22  56  14 
-4  -44  -52 
26  56  32 
-16  -30  -22 
-10  -78  6 
-32  -70  -44 
-40  58  6 

//Reference=MNI 
//nullstudy_38
//Subjects=21
28  12  -8 
-6  -98  -18 
-14  -34  -36 
24  32  34 
-46  -56  -12 
-42  44  -12 
-34  60  12 
-12  -32  -18 

//Reference=MNI 
//nullstudy_39
//Subjects=22
-26  -88  -44 
-18  -58  -42 
-44  20  -24 
-46  20  -22 
0  64  -18 
-42  -60  -54 
10  26  32 
-36  -28  -12 

//Reference=MNI 
//nullstudy_40
//Subjects=20
-4  -86  -12 
-18  -68  22 
-4  -62  -8 
22  34  -22 
-22  -62  62 
-26  -60  -22 
-2  -94  26 
-18  -76  38 

//Reference=MNI 
//nullstudy_41
//Subjects=20
-36  -20  46 
-60  -26  -6 
-4  -66  -18 
-18  -40  14 
52  10  16 
-34  22  -4 
0  54  -4 
-24  -2  -14 

//Reference=MNI 
//nullstudy_42
//Subjects=19
-8  -20  38 
-44  -86  20 
-52  -22  -34 
32  12  -34 
-38  -12  -14 
-8  -22  -24 
50  8  -6 
-18  16  -22 

//Reference=MNI 
//nullstudy_43
//Subjects=19
-20  46  -10 
12  34  36 
38  6  48 
-28  20  34 
-30  -52  46 
-36  -60  -6 
-22  -2  66 
-48  34  -14 

//Reference=MNI 
//nullstudy_44
//Subjects=20
-48  -12  58 
2  22  18 
10  36  12 
-58  -10  10 
-60  -54  34 
-56  -64  -14 
-66  -12  6 
-38  2  -38 

//Reference=MNI 
//nullstudy_45
//Subjects=20
2  48  -24 
-8  -76  52 
-48  12  -28 
16  52  30 
32  36  34 
-18  -84  -48 
-2  -76  2 
-24  -56  2 

//Reference=MNI 
//nullstudy_46
//Subjects=21
-26  -92  -18 
-42  20  26 
-32  10  32 
6  44  16 
-20  -8  48 
-44  -82  -8 
6  20  52 
-18  28  -12 

//Reference=MNI 
//nullstudy_47
//Subjects=21
-52  26  26 
-54  16  10 
-62  -36  -14 
-46  52  -8 
-40  -62  26 
-42  -62  12 
-34  22  -34 
-24  -86  -12 

//Reference=MNI 
//nullstudy_48
//Subjects=21
32  22  38 
-18  22  -20 
-32  -80  -50 
-48  40  -12 
-4  6  62 
-6  -64  40 
42  2  -24 
-62  -6  -22 

//Reference=MNI 
//nullstudy_49
//Subjects=20
48  34  28 
-44  -2  12 
0  64  10 
-2  -42  -18 
-34  -22  -22 
-50  -28  12 
-28  0  -28 
52  26  2 

//Reference=MNI 
//nullstudy_50
//Subjects=20
-2  16  70 
-4  -46  -36 
-4  -48  -28 
-4  -20  -30 
-28  -62  -34 
-28  -56  -28 
-34  -26  64 
-52  -18  -12 

//Reference=MNI 
//nullstudy_51
//Subjects=22
-2  -50  74 
38  6  56 
-10  -22  8 
-12  -4  -6 
-4  38  44 
-2  -58  28 
22  54  -10 
-48  -10  30 

//Reference=MNI 
//nullstudy_52
//Subjects=21
26  20  -4 
-32  -70  48 
-56  20  -6 
8  34  -6 
-2  -52  6 
-14  -38  66 
-62  -34  40 
-64  -34  16 

//Reference=MNI 
//nullstudy_53
//Subjects=21
-6  -50  -30 
-36  44  -18 
-34  30  8 
-46  -44  28 
2  36  28 
22  50  28 
-48  -44  30 
-10  -80  -48 

//Reference=MNI 
//nullstudy_54
//Subjects=20
-28  -26  12 
14  20  -18 
-42  -14  42 
-34  48  36 
-40  -12  -46 
-30  -80  14 
6  34  42 
-62  -54  -16 

//Reference=MNI 
//nullstudy_55
//Subjects=21
-10  -38  -12 
58  2  8 
-6  -62  -16 
-22  34  42 
54  6  6 
-34  -10  -22 
50  16  40 
24  2  58 

//Reference=MNI 
//nullstudy_56
//Subjects=20
-42  4  34 
-14  -82  -2 
-6  -38  -50 
-18  18  66 
-68  -36  12 
56  22  22 
-40  -28  -14 
-6  -30  66 

//Reference=MNI 
//nullstudy_57
//Subjects=20
28  66  -8 
-8  -28  -14 
-28  6  -12 
20  32  56 
-24  -28  -12 
-18  -74  58 
-32  -84  6 
-56  6  10 

//Reference=MNI 
//nullstudy_58
//Subjects=21
-22  -74  52 
-2  0  10 
8  34  -14 
-56  28  8 
2  56  -8 
-48  -28  56 
-20  -12  -42 
-24  8  -14 

//Reference=MNI 
//nullstudy_59
//Subjects=22
44  4  54 
-8  -68  20 
22  6  58 
-40  -24  20 
-4  50  -6 
-14  -44  -54 
-50  -64  -6 
-46  -60  6 

//Reference=MNI 
//nullstudy_60
//Subjects=19
-8  -28  -42 
4  18  -12 
-12  -72  -48 
44  8  54 
42  6  -8 
-4  -6  38 
-6  -74  -28 
-24  -64  26 

//Reference=MNI 
//nullstudy_61
//Subjects=21
-6  62  20 
-38  -80  -26 
-44  -42  12 
-66  -20  -26 
-2  -72  -8 
-12  -60  -64 
-10  20  62 
-38  -54  26 

//Reference=MNI 
//nullstudy_62
//Subjects=20
-28  -82  -24 
30  38  -14 
-12  -36  -32 
18  32  -24 
-18  2  -12 
-6  -16  66 
-34  14  24 
-46  -78  -22 

//Reference=MNI 
//nullstudy_63
//Subjects=22
-20  -18  68 
-10  -36  48 
-28  -60  -16 
-4  -18  -40 
-18  0  76 
-40  -40  66 
-24  -56  64 
-8  60  36 

//Reference=MNI 
//nullstudy_64
//Subjects=19
30  40  26 
-62  -58  -16 
20  6  70 
56  26  8 
-52  -62  2 
10  8  -12 
-26  -2  68 
2  4  42 

//Reference=MNI 
//nullstudy_65
//Subjects=20
-30  -20  74 
-36  42  -2 
-30  -44  -58 
-22  -80  24 
50  8  4 
-12  -40  -30 
-8  -20  18 
-38  26  2 

//Reference=MNI 
//nullstudy_66
//Subjects=18
-44  -48  -22 
38  28  8 
-22  -96  0 
-14  42  50 
-60  -38  24 
30  62  -16 
-48  -76  -30 
-38  28  4 

//Reference=MNI 
//nullstudy_67
//Subjects=19
-38  -82  -36 
-44  -70  -28 
24  42  16 
-10  -72  6 
-16  44  -18 
-44  -22  -28 
-26  -2  0 
-18  -80  -4 

//Reference=MNI 
//nullstudy_68
//Subjects=20
-22  -60  62 
-22  54  32 
-50  -50  50 
-8  -24  74 
-52  -58  48 
-44  -24  -20 
-54  -48  -6 
-46  44  16 

//Reference=MNI 
//nullstudy_69
//Subjects=19
42  8  42 
-54  -10  22 
-50  -62  -44 
-20  26  -16 
-18  10  70 
-8  -2  56 
28  22  62 
-18  48  30 

//Reference=MNI 
//nullstudy_70
//Subjects=20
6  4  36 
-70  -34  -6 
-24  -66  24 
-24  -72  58 
-58  -18  -28 
-62  -34  34 
-60  -12  12 
-10  0  60 

//Reference=MNI 
//nullstudy_71
//Subjects=20
-30  -46  32 
-40  6  -28 
-32  -32  -10 
-24  -62  66 
26  32  52 
-54  12  16 
-42  -12  38 
-68  -16  -20 

//Reference=MNI 
//nullstudy_72
//Subjects=19
-30  -74  -18 
28  6  -48 
-60  -38  18 
48  28  -18 
-10  -62  -10 
-50  34  6 
-70  -24  4 
-50  -62  34 

//Reference=MNI 
//nullstudy_73
//Subjects=19
-38  -68  42 
-4  12  0 
-36  2  -18 
-40  36  -10 
34  18  10 
4  6  60 
-4  -16  -4 
-42  -20  22 

//Reference=MNI 
//nullstudy_74
//Subjects=19
-20  -8  -12 
-38  -58  10 
-6  10  52 
-40  -46  -22 
-14  12  -16 
-40  -34  12 
40  58  14 
28  16  -46 

//Reference=MNI 
//nullstudy_75
//Subjects=21
-18  -86  -44 
42  22  54 
10  18  6 
-56  -12  24 
-28  -4  -20 
-30  -4  -34 
-26  56  -18 
-54  6  18 

//Reference=MNI 
//nullstudy_76
//Subjects=21
-26  18  -10 
-36  -74  -10 
-28  -28  18 
-46  -10  -36 
-24  -68  0 
-24  -78  0 
24  40  24 
-4  -46  -40 

//Reference=MNI 
//nullstudy_77
//Subjects=18
-14  -62  14 
-14  -100  6 
-6  -12  10 
-26  -14  6 
42  10  -42 
-68  -20  6 
-6  -48  -66 
-14  4  -40 

//Reference=MNI 
//nullstudy_78
//Subjects=20
-36  26  -30 
-14  14  -4 
-30  46  26 
-66  -6  -20 
-50  8  -6 
-16  -72  -56 
0  20  -28 
-40  -80  -44 

//Reference=MNI 
//nullstudy_79
//Subjects=20
10  26  60 
-22  -88  0 
24  38  -18 
-50  4  -18 
-40  -50  34 
-58  24  10 
-46  -72  -14 
-52  -26  40 

//Reference=MNI 
//nullstudy_80
//Subjects=19
-32  -66  20 
-32  -56  -26 
-64  -28  40 
-32  -4  -4 
48  4  50 
-16  -16  64 
-34  -40  -10 
-54  -24  56 

//Reference=MNI 
//nullstudy_81
//Subjects=19
-44  -70  -40 
-2  -100  18 
-46  2  -16 
-48  -8  -8 
-34  2  -34 
-8  -76  -48 
-52  -48  38 
34  24  -26 

//Reference=MNI 
//nullstudy_82
//Subjects=19
-12  -20  -38 
-34  -18  -4 
-34  -18  -12 
0  56  -20 
-42  -38  40 
-10  66  10 
50  34  10 
-44  -46  22 

//Reference=MNI 
//nullstudy_83
//Subjects=20
48  38  18 
-32  -30  12 
-34  -10  -42 
-24  -18  76 
-8  12  -26 
-20  -68  -48 
-20  -32  2 
-40  24  -2 

//Reference=MNI 
//nullstudy_84
//Subjects=19
-54  -16  -4 
-10  -52  -56 
26  48  32 
-32  -48  -12 
32  18  48 
-40  34  32 
-42  -12  50 
-48  -16  54 

//Reference=MNI 
//nullstudy_85
//Subjects=19
14  50  38 
-14  -42  38 
-42  -80  14 
-64  -38  14 
2  28  12 
-40  30  0 
-32  -76  8 
36  8  -6 

//Reference=MNI 
//nullstudy_86
//Subjects=20
36  2  28 
16  6  -6 
-2  40  28 
22  18  2 
-4  6  -28 
-6  40  -20 
-22  -62  -62 
-22  -72  54 

//Reference=MNI 
//nullstudy_87
//Subjects=20
-36  12  0 
36  56  12 
16  62  12 
-6  68  12 
-2  16  70 
4  8  -12 
-54  -36  -12 
-14  -84  -46 

//Reference=MNI 
//nullstudy_88
//Subjects=20
-50  -26  -8 
42  52  6 
-20  -82  0 
-48  -14  -14 
-50  -2  34 
-32  34  -4 
-18  -80  8 
-14  -28  20 

//Reference=MNI 
//nullstudy_89
//Subjects=20
-42  20  -18 
-12  44  16 
-24  -64  -52 
16  64  0 
-12  -86  -32 
34  38  16 
-64  -24  34 
-50  -48  -24 

//Reference=MNI 
//nullstudy_90
//Subjects=20
-22  0  -44 
32  32  22 
-10  -34  44 
-40  50  18 
-4  18  22 
-28  64  -8 
-30  -20  46 
-16  0  62 

//Reference=MNI 
//nullstudy_91
//Subjects=18
-4  -80  40 
-16  -66  -32 
36  56  -2 
-24  2  -46 
28  12  -40 
-10  -58  70 
38  54  -14 
-18  -44  14 

//Reference=MNI 
//nullstudy_92
//Subjects=19
-2  -66  -16 
28  12  -30 
-30  -62  2 
30  46  32 
-38  -22  24 
12  60  -22 
-58  -16  46 
-24  34  -16 

//Reference=MNI 
//nullstudy_93
//Subjects=20
-58  10  0 
4  12  32 
-64  -16  34 
-4  -14  0 
26  8  0 
-34  -6  -4 
-24  -10  -24 
-38  -52  -6 

//Reference=MNI 
//nullstudy_94
//Subjects=19
-4  12  48 
0  66  26 
-32  -4  52 
-40  -74  -28 
-16  -66  -16 
-44  -74  -28 
-2  -56  -64 
-6  0  -12 

//Reference=MNI 
//nullstudy_95
//Subjects=21
-22  -34  -14 
-18  -6  24 
-18  -54  -64 
-14  -68  -6 
-30  -64  -48 
-38  -84  14 
-48  -2  50 
-36  -80  38 

//Reference=MNI 
//nullstudy_96
//Subjects=22
-24  40  -10 
-14  -82  -48 
-34  0  -28 
28  40  30 
24  14  40 
-32  6  -40 
6  18  -16 
-36  2  -32 

//Reference=MNI 
//nullstudy_97
//Subjects=21
-16  -14  72 
-40  0  -10 
-10  -18  64 
-42  6  -38 
-52  6  20 
-14  44  -10 
-44  28  0 
-4  30  50 

//Reference=MNI 
//nullstudy_98
//Subjects=20
-8  -42  44 
4  40  8 
-28  8  -28 
-10  -62  -32 
-14  -84  -34 
-14  -84  24 
-60  -10  -28 
-66  -48  -2 

//Reference=MNI 
//nullstudy_99
//Subjects=20
-26  -14  -26 
-56  12  34 
-32  -88  16 
14  4  26 
-2  14  44 
44  34  36 
-6  -18  44 
-4  6  50 

//Reference=MNI 
//nullstudy_100
//Subjects=20
-14  -96  30 
-24  28  32 
-44  4  34 
4  32  40 
-30  -46  -48 
14  6  10 
-52  6  28 
-24  -44  -2 

