//Reference=MNI 
//truestudy_1
//Subjects=31
48  -66  -6 
47  -66  -6 
46  -66  -7 
45  -64  -6 
46  -65  -6 
47  -65  -6 
44  -65  -7 
46  -66  -6 

//Reference=MNI 
//truestudy_2
//Subjects=30
46  -65  -5 
46  -66  -6 
46  -66  -6 
46  -66  -6 
47  -66  -6 
46  -65  -6 
44  -66  -6 
46  -67  -5 

//Reference=MNI 
//truestudy_3
//Subjects=29
46  -67  -7 
45  -66  -5 
48  -65  -6 
46  -65  -6 
46  -66  -7 
47  -66  -7 
48  -66  -6 
45  -68  -7 

//Reference=MNI 
//nullstudy_1
//Subjects=31
-2  4  74 
-26  14  -12 
-10  -22  52 
-16  34  56 
-30  26  -2 
-10  -12  -10 
24  46  4 
-2  -86  36 

//Reference=MNI 
//nullstudy_2
//Subjects=30
-58  -66  -4 
-52  38  0 
12  64  -12 
18  6  -20 
-26  42  24 
28  56  -12 
-6  -44  -32 
-40  58  8 

//Reference=MNI 
//nullstudy_3
//Subjects=29
-34  50  20 
-12  -36  -16 
-30  0  60 
36  50  -12 
-52  -38  10 
-28  -80  28 
-16  -34  58 
-52  -58  -38 

//Reference=MNI 
//nullstudy_4
//Subjects=31
-24  -46  -40 
-16  -34  10 
-6  36  -16 
-58  -48  -8 
-18  -76  56 
34  4  2 
-30  60  -16 
-24  -32  10 

//Reference=MNI 
//nullstudy_5
//Subjects=31
-68  -42  -16 
-4  34  46 
6  50  -16 
-54  -56  46 
-20  -56  56 
-58  -4  -12 
-2  -74  -42 
-50  0  24 

//Reference=MNI 
//nullstudy_6
//Subjects=32
-34  -48  40 
-52  -70  -22 
-10  -12  40 
-40  -48  -30 
-26  20  -16 
-12  -24  26 
-36  -82  -16 
-22  -66  -36 

//Reference=MNI 
//nullstudy_7
//Subjects=30
22  42  22 
14  22  38 
-6  -60  30 
-62  0  0 
-26  -46  -6 
24  68  -2 
-48  -68  32 
-30  34  2 

//Reference=MNI 
//nullstudy_8
//Subjects=29
44  8  38 
-8  -38  78 
-24  -68  62 
-50  -60  -4 
-6  42  50 
30  36  -8 
-32  18  -18 
-40  -6  0 

//Reference=MNI 
//nullstudy_9
//Subjects=28
-20  -50  50 
-28  -50  -34 
-32  -32  -4 
-24  -78  12 
-30  -92  10 
-2  -44  -18 
26  26  -16 
-26  -6  -4 

//Reference=MNI 
//nullstudy_10
//Subjects=30
-18  -58  -14 
-36  -88  14 
-24  -58  -42 
44  28  -10 
-36  4  44 
2  54  -14 
-50  0  26 
-60  -36  -6 

//Reference=MNI 
//nullstudy_11
//Subjects=31
-24  -84  -2 
46  14  24 
-50  -62  -4 
6  8  46 
-6  -62  42 
28  24  4 
-26  -94  -10 
0  4  -20 

//Reference=MNI 
//nullstudy_12
//Subjects=30
-12  -60  56 
26  22  -24 
-36  -30  -14 
14  58  -16 
-10  -104  12 
-38  -26  12 
-60  -64  18 
-10  -90  26 

//Reference=MNI 
//nullstudy_13
//Subjects=31
44  38  26 
-14  58  30 
-58  -16  46 
-42  -74  46 
14  6  -28 
4  14  44 
-34  50  -12 
-18  -74  -6 

//Reference=MNI 
//nullstudy_14
//Subjects=31
34  24  56 
32  58  -8 
-36  56  4 
-44  -54  0 
-28  -68  22 
-28  -58  62 
28  10  -6 
-32  -22  0 

//Reference=MNI 
//nullstudy_15
//Subjects=32
16  16  -4 
-10  18  4 
-6  -52  44 
-20  60  -2 
50  6  54 
-46  26  12 
38  14  -10 
-36  -46  -20 

//Reference=MNI 
//nullstudy_16
//Subjects=29
-6  -34  58 
-42  48  4 
-44  -12  0 
42  20  16 
-8  -74  -4 
-16  -40  -32 
-34  -34  -30 
-34  -50  -32 

//Reference=MNI 
//nullstudy_17
//Subjects=28
-12  -50  -16 
54  2  -16 
-34  -16  60 
-6  -60  -6 
34  40  -10 
-38  -42  -12 
-50  8  -42 
-10  -20  14 

//Reference=MNI 
//nullstudy_18
//Subjects=31
-56  -22  -8 
26  4  4 
-26  66  12 
38  44  28 
-6  -66  -54 
-4  -56  10 
12  14  36 
-50  -28  30 

//Reference=MNI 
//nullstudy_19
//Subjects=30
-44  -44  -50 
54  36  16 
-50  -58  36 
-40  -46  -32 
34  48  8 
-4  -88  36 
-14  -54  72 
-42  -28  8 

//Reference=MNI 
//nullstudy_20
//Subjects=31
-20  -94  -10 
0  4  -16 
-18  16  66 
-10  -68  -24 
-2  -78  12 
30  38  38 
46  26  -8 
6  6  0 

//Reference=MNI 
//nullstudy_21
//Subjects=30
-10  -50  -52 
-20  6  -6 
-34  26  4 
-14  46  -18 
-36  -6  48 
-40  -2  -4 
-12  46  -14 
-44  -14  -2 

//Reference=MNI 
//nullstudy_22
//Subjects=30
-18  24  42 
-46  22  -10 
-24  30  42 
-44  -2  0 
-8  40  12 
44  58  -2 
0  52  34 
-38  14  20 

//Reference=MNI 
//nullstudy_23
//Subjects=29
-4  50  -14 
10  6  -10 
-54  -8  24 
0  6  32 
-48  14  6 
52  22  -8 
-46  14  -28 
-42  18  -22 

//Reference=MNI 
//nullstudy_24
//Subjects=29
-38  12  36 
-4  -62  68 
30  28  -26 
38  48  -8 
-30  -44  -2 
34  48  32 
-30  -50  -12 
-18  14  62 

//Reference=MNI 
//nullstudy_25
//Subjects=30
-28  -60  8 
-42  18  -14 
34  20  36 
-58  -4  34 
-30  -48  -12 
14  12  -16 
-30  -64  42 
-14  12  58 

//Reference=MNI 
//nullstudy_26
//Subjects=31
-44  -46  6 
-20  48  -14 
-26  24  6 
-38  20  -14 
-2  -44  68 
-52  -68  -8 
20  30  46 
-20  64  6 

//Reference=MNI 
//nullstudy_27
//Subjects=30
-18  -26  -36 
-8  -62  36 
62  12  24 
-64  -28  34 
-16  6  -32 
-32  -82  4 
36  54  0 
-4  -44  52 

//Reference=MNI 
//nullstudy_28
//Subjects=31
-4  -56  -22 
-32  -52  50 
-16  -28  78 
-40  -20  68 
-8  -50  56 
-44  14  -38 
-26  -64  -48 
-14  50  38 

//Reference=MNI 
//nullstudy_29
//Subjects=30
-48  -24  -2 
-16  -78  30 
-64  -48  2 
-8  22  66 
-28  40  12 
-56  8  26 
-20  -52  -22 
26  26  -4 

//Reference=MNI 
//nullstudy_30
//Subjects=29
-46  -10  0 
42  6  52 
-6  -12  70 
34  54  8 
-36  8  -32 
40  54  -8 
-54  -56  -38 
-28  -44  -22 

//Reference=MNI 
//nullstudy_31
//Subjects=30
38  26  38 
30  26  -18 
-50  -78  -10 
-48  36  16 
-2  56  20 
44  6  28 
-10  22  62 
-38  -58  8 

//Reference=MNI 
//nullstudy_32
//Subjects=32
-12  -70  32 
24  48  26 
20  36  -16 
-20  -68  64 
26  4  8 
-12  50  0 
-12  -20  18 
0  64  10 

//Reference=MNI 
//nullstudy_33
//Subjects=31
-34  -68  -22 
-42  22  -16 
-48  18  -12 
-22  16  50 
14  12  46 
8  14  12 
-38  -86  30 
-16  22  56 

//Reference=MNI 
//nullstudy_34
//Subjects=29
-14  -50  6 
38  42  -6 
-40  2  44 
-28  -26  56 
32  40  22 
-10  -12  -10 
-40  -14  12 
-22  -42  62 

//Reference=MNI 
//nullstudy_35
//Subjects=31
-10  16  54 
-16  -42  -4 
-28  -98  -10 
50  34  30 
-14  -100  10 
18  18  -18 
-40  -4  -46 
-32  -18  40 

//Reference=MNI 
//nullstudy_36
//Subjects=31
30  34  22 
12  64  26 
-38  -46  -52 
62  6  32 
18  20  10 
56  22  4 
-44  -16  -26 
-34  -38  -6 

//Reference=MNI 
//nullstudy_37
//Subjects=30
-34  -40  -18 
-60  -44  28 
42  12  18 
30  12  32 
-48  -64  20 
10  10  -16 
-58  -2  28 
-46  -20  10 

//Reference=MNI 
//nullstudy_38
//Subjects=29
-28  -26  -26 
-34  28  -12 
-8  -76  -20 
-24  -66  -60 
-56  -6  -24 
-6  -32  -42 
-34  -96  -4 
-40  -36  64 

//Reference=MNI 
//nullstudy_39
//Subjects=32
36  44  -6 
-28  -8  60 
44  10  -20 
-2  24  66 
-40  24  50 
-24  12  -46 
58  4  0 
22  32  32 

//Reference=MNI 
//nullstudy_40
//Subjects=30
4  36  54 
42  16  -34 
-16  -42  -4 
-16  22  2 
48  40  12 
48  38  28 
-42  -28  12 
-32  52  30 

//Reference=MNI 
//nullstudy_41
//Subjects=32
-42  -66  -56 
-56  -2  2 
-34  58  -14 
-8  20  42 
-50  -68  -6 
-10  22  52 
-10  -64  -26 
-38  -60  60 

//Reference=MNI 
//nullstudy_42
//Subjects=33
20  4  -4 
-30  24  -10 
-16  -50  -42 
-16  -64  -28 
30  62  0 
34  8  8 
-6  2  64 
-40  -54  40 

//Reference=MNI 
//nullstudy_43
//Subjects=30
-28  -8  52 
-44  -40  14 
18  60  -20 
-12  -4  44 
-58  -20  48 
-18  -78  -34 
-22  -52  42 
-38  48  -10 

//Reference=MNI 
//nullstudy_44
//Subjects=31
-10  22  4 
-24  34  28 
-18  0  -40 
-2  20  -16 
32  32  54 
-4  -30  -16 
36  14  -10 
24  8  54 

//Reference=MNI 
//nullstudy_45
//Subjects=29
-12  20  54 
-60  -20  10 
-22  -44  -6 
-36  -40  -40 
-46  10  26 
42  34  26 
-18  22  52 
-2  6  30 

//Reference=MNI 
//nullstudy_46
//Subjects=30
12  24  -4 
-18  64  16 
-14  -6  -32 
-2  38  -32 
-26  -50  -50 
-26  0  52 
6  12  -18 
-64  -48  6 

//Reference=MNI 
//nullstudy_47
//Subjects=30
-30  -86  0 
38  14  36 
-56  12  32 
-38  28  -8 
-16  62  -14 
-42  -72  12 
-66  -30  -6 
58  20  16 

//Reference=MNI 
//nullstudy_48
//Subjects=31
-66  -42  -2 
-8  -80  48 
12  36  -28 
-54  -10  18 
-14  -84  -48 
-32  -50  66 
-58  0  10 
34  6  16 

//Reference=MNI 
//nullstudy_49
//Subjects=30
-62  -2  -6 
-4  -84  -42 
-46  -60  34 
-8  -40  -18 
-14  -18  8 
24  70  2 
-2  -58  24 
-34  30  38 

//Reference=MNI 
//nullstudy_50
//Subjects=28
-40  4  -26 
-26  -46  54 
-34  10  64 
30  42  26 
-18  -72  -6 
64  8  24 
34  10  46 
-36  36  -2 

//Reference=MNI 
//nullstudy_51
//Subjects=30
-48  20  38 
-4  -8  28 
-2  -10  -16 
-40  40  -18 
-50  -26  -34 
-16  -60  -42 
42  30  14 
-52  -2  20 

//Reference=MNI 
//nullstudy_52
//Subjects=29
-28  -56  -54 
28  28  50 
-34  -8  46 
54  32  6 
-12  26  30 
-2  20  0 
56  12  20 
-62  -46  28 

//Reference=MNI 
//nullstudy_53
//Subjects=28
-52  -2  -44 
4  12  -8 
-58  0  20 
8  68  6 
-18  34  40 
-52  -54  2 
-22  -70  0 
-34  -52  58 

//Reference=MNI 
//nullstudy_54
//Subjects=31
30  60  2 
-62  -50  22 
30  12  42 
-8  -6  -30 
34  42  4 
38  54  6 
-38  -70  38 
-14  -72  -46 

//Reference=MNI 
//nullstudy_55
//Subjects=30
-46  -66  10 
-18  -60  -34 
-10  18  46 
30  34  46 
-20  -38  -6 
-38  -24  -20 
-52  -72  -10 
-48  -70  10 

//Reference=MNI 
//nullstudy_56
//Subjects=31
-2  26  46 
-46  -36  36 
-12  -6  78 
-48  -72  22 
-14  -96  -26 
-34  10  46 
-44  -86  -10 
16  42  -22 

//Reference=MNI 
//nullstudy_57
//Subjects=32
-14  -40  -46 
-58  -48  28 
18  46  28 
-12  44  54 
-4  -64  16 
-42  38  -6 
-44  -10  60 
-14  -64  -54 

//Reference=MNI 
//nullstudy_58
//Subjects=28
2  48  28 
-4  28  -22 
2  28  26 
18  68  4 
8  4  -2 
-32  -68  -62 
-40  -66  -16 
-2  56  -24 

//Reference=MNI 
//nullstudy_59
//Subjects=29
8  62  -2 
-8  12  36 
-8  6  58 
44  8  6 
10  6  42 
16  4  26 
-10  -88  6 
28  14  -30 

//Reference=MNI 
//nullstudy_60
//Subjects=28
42  44  24 
-44  -82  22 
-52  -56  32 
-30  8  46 
-6  -62  -26 
-12  44  -10 
10  40  50 
-10  -58  -24 

//Reference=MNI 
//nullstudy_61
//Subjects=31
-56  -52  14 
36  16  4 
-10  -24  -40 
-58  -28  -4 
38  14  -28 
-32  -84  -4 
-64  -4  24 
-38  22  38 

//Reference=MNI 
//nullstudy_62
//Subjects=30
-56  -54  2 
-2  -78  -12 
22  50  10 
26  56  14 
8  26  66 
-10  54  -18 
-16  -82  4 
-10  -90  -14 

//Reference=MNI 
//nullstudy_63
//Subjects=31
-48  -20  20 
0  28  36 
-4  -76  56 
-16  -40  -46 
-64  -30  -2 
-42  -36  -24 
24  42  34 
-44  46  6 

//Reference=MNI 
//nullstudy_64
//Subjects=31
-36  -50  -10 
-38  6  30 
-2  -38  40 
-58  -20  -2 
24  50  -10 
28  30  50 
46  10  -20 
-26  16  -8 

//Reference=MNI 
//nullstudy_65
//Subjects=31
14  64  16 
-12  -66  -34 
-14  -42  70 
-6  32  14 
-6  -8  44 
-68  -32  -4 
-12  -38  -34 
-24  -68  18 

//Reference=MNI 
//nullstudy_66
//Subjects=30
-8  -16  -28 
10  2  10 
-2  -78  -10 
-32  -46  68 
58  16  20 
-28  -60  -4 
-12  -38  2 
-46  22  -8 

//Reference=MNI 
//nullstudy_67
//Subjects=29
-54  -64  -6 
-40  36  -2 
-24  -18  -24 
-52  -22  -16 
0  28  -22 
44  48  10 
-62  -20  16 
-44  -50  42 

//Reference=MNI 
//nullstudy_68
//Subjects=29
-12  -28  60 
-40  26  16 
-8  -8  40 
48  46  -2 
-48  8  -12 
-38  26  10 
-56  -2  -14 
12  4  64 

//Reference=MNI 
//nullstudy_69
//Subjects=28
56  4  24 
-36  40  16 
-2  46  -18 
-38  -26  10 
-8  6  14 
-2  64  -6 
-8  -24  6 
-4  -86  -22 

//Reference=MNI 
//nullstudy_70
//Subjects=30
-40  20  30 
-8  -94  8 
16  6  -42 
58  20  22 
-56  -38  -18 
-38  2  34 
-36  -58  -28 
24  4  56 

//Reference=MNI 
//nullstudy_71
//Subjects=30
-18  -2  26 
-26  -52  52 
-46  -8  -8 
-28  -64  62 
-26  -88  -8 
-50  -34  36 
-44  26  30 
-56  2  -4 

//Reference=MNI 
//nullstudy_72
//Subjects=32
-50  -48  -20 
-12  -26  48 
-8  58  4 
-24  14  -2 
42  24  0 
-28  22  4 
-4  -8  70 
-34  -70  -44 

//Reference=MNI 
//nullstudy_73
//Subjects=28
-38  18  28 
50  12  0 
-42  -70  8 
-64  -56  -10 
-42  -68  -42 
14  64  -18 
20  44  22 
-26  20  -24 

//Reference=MNI 
//nullstudy_74
//Subjects=30
-6  44  4 
-4  -34  58 
-4  48  36 
-36  -54  24 
-10  -52  -26 
32  40  22 
-24  -86  32 
-50  -56  -42 

//Reference=MNI 
//nullstudy_75
//Subjects=30
-52  -6  2 
-30  -46  -32 
-60  -6  4 
-56  -2  12 
-2  32  22 
22  52  -14 
0  38  28 
-42  14  -2 

//Reference=MNI 
//nullstudy_76
//Subjects=30
-12  -76  -50 
-36  10  58 
-20  -88  -4 
-26  44  18 
-18  -92  -12 
-38  -18  36 
-10  -22  -18 
0  36  -30 

//Reference=MNI 
//nullstudy_77
//Subjects=30
-38  -12  0 
36  58  -10 
44  36  30 
-2  -32  46 
-22  -86  -36 
-38  -50  46 
0  24  38 
10  60  -16 

//Reference=MNI 
//nullstudy_78
//Subjects=29
-20  6  -30 
-58  -42  30 
-28  56  -4 
-54  16  -16 
-18  -80  -18 
-26  -64  6 
42  22  16 
38  10  56 

//Reference=MNI 
//nullstudy_79
//Subjects=29
-10  6  6 
-52  -28  -16 
-4  -36  66 
-32  20  36 
-4  -84  14 
28  16  -34 
36  52  32 
-10  -76  40 

//Reference=MNI 
//nullstudy_80
//Subjects=29
-52  -58  36 
-42  2  -38 
50  28  22 
-64  -36  -8 
-40  -12  -28 
36  22  -40 
-16  -50  8 
-34  -14  10 

//Reference=MNI 
//nullstudy_81
//Subjects=29
30  6  -38 
-16  -102  14 
-22  -26  -4 
-30  22  44 
-6  48  40 
-18  -24  -24 
-42  -54  8 
-6  -82  46 

//Reference=MNI 
//nullstudy_82
//Subjects=30
-28  6  -6 
28  22  -30 
-8  2  8 
-12  -62  -8 
20  56  26 
-22  10  -30 
-8  -42  -22 
64  4  0 

//Reference=MNI 
//nullstudy_83
//Subjects=32
54  26  16 
-22  6  56 
-10  24  22 
0  54  4 
-56  -2  42 
-46  -54  -12 
-38  -42  -54 
6  42  20 

//Reference=MNI 
//nullstudy_84
//Subjects=30
36  50  -16 
-22  46  6 
-30  -28  -28 
-30  16  44 
-38  -28  38 
-22  -74  12 
-22  52  10 
-30  -28  64 

//Reference=MNI 
//nullstudy_85
//Subjects=30
10  32  50 
-16  -90  -22 
-6  -26  58 
36  44  -20 
-4  -50  -4 
-40  -54  -48 
52  34  24 
-44  0  -10 

//Reference=MNI 
//nullstudy_86
//Subjects=31
-12  -62  62 
18  24  -24 
-2  -34  4 
-20  -26  54 
-60  -32  46 
4  16  66 
-8  -12  24 
-32  -96  -16 

//Reference=MNI 
//nullstudy_87
//Subjects=30
-64  -16  4 
-64  -2  12 
-42  -74  0 
56  20  -10 
-14  -38  72 
-54  -12  4 
26  50  -10 
32  8  -38 

//Reference=MNI 
//nullstudy_88
//Subjects=30
-32  -70  34 
-64  -16  16 
-12  -30  44 
-28  6  50 
-18  -24  22 
-18  18  -12 
-60  4  36 
-24  -102  -6 

//Reference=MNI 
//nullstudy_89
//Subjects=32
-16  -72  32 
-24  -34  54 
-26  -56  -34 
38  58  20 
4  38  56 
-20  -68  -46 
42  8  50 
-12  -78  18 

//Reference=MNI 
//nullstudy_90
//Subjects=30
-30  -58  -38 
-34  6  -16 
-44  12  52 
-48  -26  30 
-44  -70  -20 
-36  4  32 
-42  -30  68 
22  50  -12 

//Reference=MNI 
//nullstudy_91
//Subjects=30
-44  -10  40 
-18  -84  28 
-42  28  18 
-4  -86  0 
-44  -16  36 
2  8  58 
4  32  50 
-52  -8  48 

//Reference=MNI 
//nullstudy_92
//Subjects=28
-12  -74  -8 
-48  28  -4 
-14  -28  50 
-52  20  -18 
-36  2  56 
34  40  34 
-24  -50  6 
-40  2  14 

//Reference=MNI 
//nullstudy_93
//Subjects=29
42  30  46 
28  46  -2 
-34  -22  44 
-44  -6  -8 
10  66  28 
-6  -20  4 
10  12  68 
38  24  -20 

//Reference=MNI 
//nullstudy_94
//Subjects=31
36  4  64 
-8  -22  4 
32  38  18 
-14  -70  -30 
-60  8  34 
-4  8  -8 
-4  -44  -22 
48  26  22 

//Reference=MNI 
//nullstudy_95
//Subjects=32
0  18  -10 
-36  -94  6 
-30  52  -16 
-22  -60  8 
-62  -50  -20 
8  54  8 
10  50  -16 
-20  52  2 

//Reference=MNI 
//nullstudy_96
//Subjects=30
-28  -74  -60 
-8  -12  -38 
-54  -24  28 
-28  -68  -46 
-22  8  54 
-10  -98  12 
-20  -86  8 
-26  -46  -18 

//Reference=MNI 
//nullstudy_97
//Subjects=30
-6  -54  10 
-20  -76  10 
12  38  30 
-20  14  58 
-12  46  2 
-20  6  -20 
32  24  6 
-28  -48  48 

//Reference=MNI 
//nullstudy_98
//Subjects=30
-26  -62  38 
34  4  -24 
-44  2  -12 
-36  6  -2 
42  56  -6 
-12  24  10 
-56  -70  20 
0  14  24 

//Reference=MNI 
//nullstudy_99
//Subjects=29
-56  -18  16 
-8  -60  56 
-26  -68  42 
0  34  26 
18  62  -4 
30  62  -10 
-6  -10  46 
30  64  -12 

//Reference=MNI 
//nullstudy_100
//Subjects=32
-24  30  26 
-4  -82  28 
-32  -42  50 
-52  2  24 
-22  -12  -32 
-22  -52  -40 
54  28  32 
22  44  46 

