//Reference=MNI 
//truestudy_1
//Subjects=20
47  -65  -3 
48  -66  -6 
45  -67  -4 
46  -67  -6 
44  -66  -6 
47  -67  -6 
47  -67  -6 
46  -64  -5 

//Reference=MNI 
//truestudy_2
//Subjects=20
48  -67  -5 
46  -66  -6 
44  -65  -6 
45  -67  -7 
47  -65  -4 
46  -64  -7 
46  -67  -7 
46  -66  -5 

//Reference=MNI 
//truestudy_3
//Subjects=20
45  -66  -6 
47  -65  -5 
47  -65  -5 
46  -65  -7 
46  -65  -4 
47  -66  -6 
46  -67  -6 
44  -66  -7 

//Reference=MNI 
//nullstudy_1
//Subjects=20
-4  6  30 
-36  20  54 
-46  -74  -8 
58  22  12 
-34  -60  -58 
-18  -62  52 
-10  -68  36 
-46  20  2 

//Reference=MNI 
//nullstudy_2
//Subjects=20
-10  -40  56 
-44  6  -4 
-2  -62  -44 
-6  -50  -26 
12  4  44 
6  56  12 
-2  0  2 
10  54  -10 

//Reference=MNI 
//nullstudy_3
//Subjects=20
32  28  -12 
-58  -28  42 
-38  -54  30 
-56  -54  14 
-26  4  4 
-2  36  50 
-42  -78  -10 
-62  -44  -24 

//Reference=MNI 
//nullstudy_4
//Subjects=21
-34  -14  58 
-34  -78  6 
-56  -2  0 
-10  -18  70 
-28  0  -44 
18  14  10 
-38  48  -6 
-26  -84  -42 

//Reference=MNI 
//nullstudy_5
//Subjects=20
54  14  44 
-18  -8  -36 
-20  -60  -64 
8  18  26 
48  44  8 
-52  -30  6 
54  18  22 
54  20  10 

//Reference=MNI 
//nullstudy_6
//Subjects=20
-32  -10  66 
-42  14  -20 
-50  -38  42 
-10  -70  46 
-58  -16  32 
-40  -86  -10 
-60  6  32 
-24  -2  6 

//Reference=MNI 
//nullstudy_7
//Subjects=21
8  66  16 
-26  8  -24 
-38  -76  -36 
-38  -50  -20 
36  16  44 
-56  -34  38 
-48  10  32 
-60  -14  -32 

//Reference=MNI 
//nullstudy_8
//Subjects=21
-38  32  -8 
-34  -24  64 
-34  -44  -48 
-32  -48  68 
-50  -24  -26 
-6  22  36 
16  4  -22 
-62  -38  -8 

//Reference=MNI 
//nullstudy_9
//Subjects=20
-8  46  48 
-24  -30  56 
-6  -20  -28 
-42  -32  -4 
-62  -36  -20 
-18  -42  -58 
-42  -62  -50 
-14  -68  4 

//Reference=MNI 
//nullstudy_10
//Subjects=19
-6  46  52 
-24  -8  -28 
34  26  0 
-50  -20  -34 
-12  -64  30 
58  14  20 
-22  -68  -10 
22  12  58 

//Reference=MNI 
//nullstudy_11
//Subjects=20
-60  -60  -16 
-10  -56  68 
-58  -42  -20 
64  8  18 
-40  0  -24 
-28  -74  22 
36  28  12 
-28  -38  -6 

//Reference=MNI 
//nullstudy_12
//Subjects=19
-22  -60  -56 
-54  18  10 
-14  50  -22 
-28  -94  22 
-38  -84  -16 
-44  -60  8 
-32  -28  -6 
-48  -8  -40 

//Reference=MNI 
//nullstudy_13
//Subjects=21
22  50  26 
54  18  32 
4  42  40 
24  22  -12 
-36  -82  -40 
-44  -14  20 
-42  -72  -50 
-12  36  54 

//Reference=MNI 
//nullstudy_14
//Subjects=21
-56  -70  -10 
-8  -74  28 
-30  -50  38 
-24  -58  48 
-48  -52  -8 
-26  -48  -30 
-4  -86  -28 
-60  18  18 

//Reference=MNI 
//nullstudy_15
//Subjects=20
-60  -40  32 
-22  -32  20 
-28  -52  50 
2  4  -8 
-18  12  -18 
-46  -66  -24 
46  28  6 
-54  -14  34 

//Reference=MNI 
//nullstudy_16
//Subjects=20
-44  2  26 
-30  -18  -12 
56  12  -18 
38  52  12 
-10  -36  -42 
-54  -68  14 
-34  56  -12 
6  10  70 

//Reference=MNI 
//nullstudy_17
//Subjects=21
-26  -96  14 
-22  4  -6 
-20  -38  -8 
-42  2  10 
-60  -36  50 
-54  -48  -38 
-34  -80  22 
-32  6  50 

//Reference=MNI 
//nullstudy_18
//Subjects=20
-4  8  30 
54  38  -10 
-22  -82  -44 
-32  18  48 
-40  0  -22 
-12  4  76 
-34  28  24 
-36  6  0 

//Reference=MNI 
//nullstudy_19
//Subjects=21
-16  -78  52 
-10  10  64 
36  14  -28 
-40  10  60 
6  12  46 
-22  -2  50 
-58  -46  10 
12  22  30 

//Reference=MNI 
//nullstudy_20
//Subjects=19
-22  -100  4 
-42  -50  8 
-8  -48  -56 
-18  -68  -24 
-30  -64  6 
-32  26  36 
12  42  -14 
-16  -56  -56 

//Reference=MNI 
//nullstudy_21
//Subjects=21
-44  16  -32 
-38  -26  20 
0  26  -16 
-20  -64  38 
-4  -62  8 
-50  -6  56 
-38  4  32 
-24  -40  20 

//Reference=MNI 
//nullstudy_22
//Subjects=20
10  46  20 
-10  -94  -10 
-34  -56  -50 
-32  -64  -4 
34  48  12 
-14  16  -2 
-42  48  -18 
-32  34  -8 

//Reference=MNI 
//nullstudy_23
//Subjects=19
46  8  28 
2  68  4 
12  48  30 
46  40  6 
-26  -76  -42 
26  2  -32 
16  46  -4 
-30  -78  -26 

//Reference=MNI 
//nullstudy_24
//Subjects=18
-4  -98  -8 
-32  56  20 
-24  0  -16 
-24  -46  -24 
-22  -66  30 
-42  -62  -48 
-22  -82  48 
-16  -30  -14 

//Reference=MNI 
//nullstudy_25
//Subjects=20
-18  -60  20 
-20  38  -20 
-10  -68  66 
28  56  28 
-12  -76  -48 
-36  -40  40 
2  22  50 
4  6  -16 

//Reference=MNI 
//nullstudy_26
//Subjects=21
2  18  34 
-46  -68  22 
-54  -48  -42 
10  46  12 
-12  -38  -2 
-18  -28  70 
20  22  44 
-30  -84  -24 

//Reference=MNI 
//nullstudy_27
//Subjects=20
-66  -26  -22 
-42  -64  30 
-12  24  50 
-4  30  -24 
54  12  -34 
-10  -64  68 
-8  -52  42 
-14  -36  20 

//Reference=MNI 
//nullstudy_28
//Subjects=20
14  28  4 
-6  -34  38 
-42  -42  16 
-40  10  24 
62  10  32 
56  32  14 
-18  -30  10 
26  34  -14 

//Reference=MNI 
//nullstudy_29
//Subjects=21
-18  -76  -26 
40  38  26 
-34  -16  0 
-44  -16  -40 
-14  40  52 
-18  2  66 
-64  -4  -2 
-28  -34  -34 

//Reference=MNI 
//nullstudy_30
//Subjects=20
-34  -10  68 
-4  8  70 
4  2  64 
-52  4  -14 
44  8  -18 
-26  -64  52 
26  8  -12 
-42  0  32 

//Reference=MNI 
//nullstudy_31
//Subjects=19
-18  -16  -18 
-38  16  -30 
-14  -40  38 
-54  2  36 
-68  -16  -8 
-60  2  -24 
-2  -18  16 
34  58  -6 

//Reference=MNI 
//nullstudy_32
//Subjects=21
-30  -2  -42 
-22  -70  54 
-6  -16  78 
26  22  54 
-34  26  -2 
-50  -10  46 
-24  -74  -60 
-36  36  -6 

//Reference=MNI 
//nullstudy_33
//Subjects=21
8  28  34 
36  30  14 
-30  2  -50 
-46  -10  -36 
-18  32  -24 
-4  -14  52 
12  36  14 
48  34  6 

//Reference=MNI 
//nullstudy_34
//Subjects=22
-24  -70  -28 
-8  26  -10 
-54  -6  -4 
-36  -4  42 
-50  -24  52 
42  56  -14 
-8  -28  50 
-32  -32  54 

//Reference=MNI 
//nullstudy_35
//Subjects=18
-24  14  -8 
-8  -12  16 
-10  -66  -28 
-2  -24  4 
38  34  24 
0  6  68 
-16  -34  -42 
-16  60  18 

//Reference=MNI 
//nullstudy_36
//Subjects=21
-20  50  20 
-10  -38  -28 
-28  58  24 
-28  -2  8 
-14  8  58 
30  28  -6 
-8  -28  -8 
-38  -14  50 

//Reference=MNI 
//nullstudy_37
//Subjects=19
-58  -26  -24 
-28  -30  48 
-34  -26  14 
20  52  -6 
-62  -36  8 
-2  -22  -10 
30  18  -26 
34  38  -22 

//Reference=MNI 
//nullstudy_38
//Subjects=19
-32  -24  50 
-34  -48  50 
-64  -22  -26 
-44  -40  -12 
-46  -38  24 
-52  -12  26 
-12  -98  -10 
-22  8  -34 

//Reference=MNI 
//nullstudy_39
//Subjects=20
-58  -14  48 
-60  -26  -30 
-40  26  32 
-54  -16  -12 
16  6  -34 
40  22  -32 
4  34  -20 
-4  -58  36 

//Reference=MNI 
//nullstudy_40
//Subjects=20
10  38  40 
-38  -84  -20 
22  46  34 
-48  14  14 
-32  -44  -32 
-24  -6  56 
-24  -76  50 
54  12  42 

//Reference=MNI 
//nullstudy_41
//Subjects=20
-32  -94  14 
-10  24  2 
-26  -42  -50 
-38  -48  -36 
-14  68  -8 
50  44  -4 
-8  -78  26 
-2  -44  -24 

//Reference=MNI 
//nullstudy_42
//Subjects=18
-32  50  24 
48  16  -32 
-52  34  10 
-30  44  26 
6  36  52 
24  16  -4 
-4  -22  -18 
52  6  30 

//Reference=MNI 
//nullstudy_43
//Subjects=20
-54  -60  2 
-22  52  24 
-34  -24  0 
-42  -26  10 
4  20  34 
-52  -6  2 
-50  -72  20 
-38  -58  38 

//Reference=MNI 
//nullstudy_44
//Subjects=18
-62  -8  -22 
-44  -78  -18 
10  60  18 
46  20  24 
-70  -28  6 
-54  -56  36 
-22  -76  32 
56  6  4 

//Reference=MNI 
//nullstudy_45
//Subjects=21
-20  24  54 
-42  -42  -28 
-62  -56  -16 
-54  -72  -10 
-16  -74  -52 
34  12  58 
-40  20  48 
-28  22  62 

//Reference=MNI 
//nullstudy_46
//Subjects=19
-22  -22  -24 
4  38  46 
-38  26  -10 
18  2  70 
-20  -68  10 
-58  -14  2 
-56  -4  26 
-8  8  0 

//Reference=MNI 
//nullstudy_47
//Subjects=20
-6  -10  24 
-48  -14  54 
-18  8  -42 
8  30  -26 
-20  14  66 
-14  -44  70 
-38  -22  0 
-34  -16  -42 

//Reference=MNI 
//nullstudy_48
//Subjects=20
-52  16  18 
0  20  -12 
42  30  20 
-22  -52  66 
-8  -52  48 
-16  -24  -26 
-28  -54  -36 
-46  -62  -18 

//Reference=MNI 
//nullstudy_49
//Subjects=21
-26  -44  -24 
32  44  34 
52  26  -14 
-54  -48  50 
-8  8  -12 
-10  46  22 
-60  -32  4 
-26  28  -20 

//Reference=MNI 
//nullstudy_50
//Subjects=21
-10  -40  -18 
50  22  26 
-20  -28  58 
-44  -14  36 
-66  -8  20 
-24  -98  -18 
-48  -58  -10 
-14  -68  24 

//Reference=MNI 
//nullstudy_51
//Subjects=19
-6  52  -12 
-50  0  6 
-46  -32  -16 
-16  -52  -32 
30  18  46 
-8  10  -2 
-38  -66  -40 
44  42  -16 

//Reference=MNI 
//nullstudy_52
//Subjects=19
2  14  44 
-20  54  0 
-44  10  -24 
-22  12  54 
-46  48  -6 
50  2  4 
-60  8  2 
-54  -40  0 

//Reference=MNI 
//nullstudy_53
//Subjects=20
50  18  -26 
-44  -34  8 
18  44  26 
-4  -100  10 
-40  -24  6 
-10  -44  -48 
-42  -46  50 
32  8  -18 

//Reference=MNI 
//nullstudy_54
//Subjects=22
8  70  18 
-28  -38  52 
-26  12  52 
-44  -68  50 
36  30  2 
-34  -26  70 
-54  -2  -16 
-20  -52  -56 

//Reference=MNI 
//nullstudy_55
//Subjects=18
-34  -76  -36 
-16  -60  -6 
-24  40  28 
-48  -14  -28 
-54  32  0 
-6  -30  0 
-26  -98  -8 
-26  -12  54 

//Reference=MNI 
//nullstudy_56
//Subjects=21
46  26  -22 
-54  -58  34 
-8  -70  26 
-8  -26  36 
-12  60  -12 
-44  -48  -26 
-4  -56  54 
4  4  30 

//Reference=MNI 
//nullstudy_57
//Subjects=20
-56  -56  32 
-44  26  -8 
10  32  -14 
-34  24  42 
20  44  44 
-36  -58  -8 
0  14  36 
4  28  22 

//Reference=MNI 
//nullstudy_58
//Subjects=20
-40  -20  60 
-28  32  36 
34  22  6 
-44  -80  -24 
34  24  52 
-62  -24  46 
-54  -6  -42 
-4  -58  -24 

//Reference=MNI 
//nullstudy_59
//Subjects=22
-52  -44  2 
-48  -36  4 
-8  16  -30 
-32  36  48 
-20  34  -24 
-26  -62  2 
-16  -44  -4 
46  42  12 

//Reference=MNI 
//nullstudy_60
//Subjects=20
-4  -64  -40 
-6  -82  -42 
-14  -72  -42 
26  36  28 
36  22  36 
-52  40  12 
-24  -10  58 
48  30  -14 

//Reference=MNI 
//nullstudy_61
//Subjects=19
-50  -56  40 
-34  -18  38 
-38  -80  -22 
-44  -26  -26 
20  44  34 
-30  -64  38 
-26  2  -32 
-22  -92  -4 

//Reference=MNI 
//nullstudy_62
//Subjects=20
-24  -24  50 
-4  28  24 
-36  -8  -38 
-50  -48  -16 
-42  -12  -24 
-10  14  -22 
20  64  -8 
-70  -32  -14 

//Reference=MNI 
//nullstudy_63
//Subjects=20
-18  10  64 
-12  68  -14 
-44  -32  -24 
-18  -86  -18 
-44  -44  22 
46  22  -20 
-48  -70  34 
-16  -42  76 

//Reference=MNI 
//nullstudy_64
//Subjects=22
-14  -90  -36 
-32  24  30 
-54  -10  48 
38  24  48 
-36  30  -10 
-6  36  28 
-20  44  -20 
8  38  14 

//Reference=MNI 
//nullstudy_65
//Subjects=21
50  6  16 
-28  -78  38 
-62  -44  4 
-46  -16  2 
-52  -28  60 
-6  -62  -30 
-14  -52  -38 
-28  -40  72 

//Reference=MNI 
//nullstudy_66
//Subjects=19
-10  42  8 
-32  -72  56 
12  66  -14 
0  52  -6 
-12  56  34 
40  54  -4 
12  40  12 
-6  -42  42 

//Reference=MNI 
//nullstudy_67
//Subjects=21
22  2  58 
-54  -60  -32 
44  28  -2 
8  4  4 
-32  -66  54 
-2  -42  28 
-50  -16  48 
-48  34  4 

//Reference=MNI 
//nullstudy_68
//Subjects=18
-64  -42  26 
14  34  58 
-4  -50  -10 
28  36  -14 
-38  -40  -12 
-28  -54  -50 
-32  62  8 
34  22  24 

//Reference=MNI 
//nullstudy_69
//Subjects=21
-42  28  38 
-66  -52  14 
-16  -40  6 
-14  -42  50 
-24  -24  -32 
6  54  -8 
-2  -54  58 
-12  -70  62 

//Reference=MNI 
//nullstudy_70
//Subjects=20
58  22  6 
16  64  -12 
42  16  -22 
8  40  -16 
-8  -46  36 
-10  6  -10 
-58  -38  46 
-52  -68  28 

//Reference=MNI 
//nullstudy_71
//Subjects=18
-4  -68  -24 
-42  -26  54 
-28  10  8 
-20  -46  6 
22  44  16 
-50  -4  32 
-22  66  4 
12  68  10 

//Reference=MNI 
//nullstudy_72
//Subjects=19
16  4  -12 
20  10  70 
-12  -90  -14 
-30  10  36 
-64  -20  20 
-26  -48  -22 
-30  -12  -30 
24  6  2 

//Reference=MNI 
//nullstudy_73
//Subjects=21
-56  -12  -20 
-30  6  66 
-34  -8  2 
-34  -24  -22 
-26  -54  14 
0  12  -22 
-16  -14  62 
44  10  -18 

//Reference=MNI 
//nullstudy_74
//Subjects=21
-14  -50  -54 
-34  -38  66 
-44  20  2 
-4  -86  -4 
-30  32  -22 
-20  12  -38 
-24  42  -18 
-58  -60  -30 

//Reference=MNI 
//nullstudy_75
//Subjects=18
-24  -86  -30 
-38  32  -18 
40  52  -18 
-50  -68  -30 
44  4  -6 
-4  -46  -58 
4  68  10 
4  8  56 

//Reference=MNI 
//nullstudy_76
//Subjects=19
-26  -2  -38 
-16  46  2 
-48  -68  26 
-46  -64  36 
-40  20  24 
-28  38  32 
-42  34  -10 
-22  -96  0 

//Reference=MNI 
//nullstudy_77
//Subjects=21
-4  -62  44 
2  28  52 
-40  -66  -24 
-20  -54  -10 
-16  -52  -40 
-26  26  52 
-28  40  -16 
-14  -86  -30 

//Reference=MNI 
//nullstudy_78
//Subjects=20
12  36  -28 
-48  -38  62 
-40  -42  52 
-44  -64  -4 
-52  -20  42 
-2  -10  8 
-22  -56  -40 
-4  -58  -22 

//Reference=MNI 
//nullstudy_79
//Subjects=19
-14  66  -12 
-32  6  46 
-8  56  22 
14  30  58 
42  18  -16 
-32  16  -4 
-62  -58  -8 
-40  -12  30 

//Reference=MNI 
//nullstudy_80
//Subjects=21
-22  64  4 
-6  70  12 
-14  -42  36 
-56  -20  2 
-6  12  18 
-14  -8  18 
-32  -32  64 
-24  -70  -28 

//Reference=MNI 
//nullstudy_81
//Subjects=20
12  12  -22 
-34  18  -24 
-42  28  34 
-36  -58  -12 
2  10  14 
-30  4  36 
-30  -20  52 
-44  -70  -28 

//Reference=MNI 
//nullstudy_82
//Subjects=20
-48  -12  44 
22  6  -34 
40  8  8 
-38  -4  -2 
-38  -50  36 
-20  28  44 
2  12  36 
-32  18  -44 

//Reference=MNI 
//nullstudy_83
//Subjects=20
-24  -56  -50 
-14  -2  -26 
-34  -54  28 
-8  -44  -20 
-10  -62  -22 
26  4  -38 
42  54  -2 
-4  -18  48 

//Reference=MNI 
//nullstudy_84
//Subjects=22
42  10  22 
-4  58  -6 
60  4  38 
-22  -68  54 
32  48  -20 
-46  -86  -6 
-14  -88  -36 
38  6  44 

//Reference=MNI 
//nullstudy_85
//Subjects=21
-58  -64  -4 
-64  -60  -4 
-8  -60  28 
42  20  32 
-14  62  14 
-52  -18  -28 
-30  44  -18 
14  24  50 

//Reference=MNI 
//nullstudy_86
//Subjects=21
-36  -64  -26 
-12  -50  40 
-34  -26  12 
8  44  30 
-50  -2  -42 
4  26  34 
-38  48  -4 
48  30  16 

//Reference=MNI 
//nullstudy_87
//Subjects=20
-42  -88  10 
-66  -22  18 
-6  36  24 
10  58  30 
-28  -16  68 
0  22  62 
-26  -88  -44 
18  34  48 

//Reference=MNI 
//nullstudy_88
//Subjects=21
4  54  12 
-10  -44  64 
-16  60  12 
-32  -36  -30 
18  26  46 
-2  -42  38 
20  20  50 
-18  44  32 

//Reference=MNI 
//nullstudy_89
//Subjects=20
-34  -80  -24 
-30  12  -6 
-4  -18  6 
-56  8  -4 
-52  0  -28 
-20  28  -24 
-38  20  -36 
-14  -28  46 

//Reference=MNI 
//nullstudy_90
//Subjects=21
-22  36  54 
-26  18  54 
62  16  16 
-22  -64  -56 
-38  4  2 
-40  -84  24 
-2  50  50 
-40  -74  46 

//Reference=MNI 
//nullstudy_91
//Subjects=20
6  54  -26 
6  8  40 
-4  -14  -6 
4  28  12 
0  28  -10 
-26  -44  -40 
-42  -54  -28 
-6  -10  -2 

//Reference=MNI 
//nullstudy_92
//Subjects=19
-18  50  18 
32  26  -14 
26  16  4 
-56  26  22 
-2  20  66 
-60  0  4 
-8  28  -14 
38  4  60 

//Reference=MNI 
//nullstudy_93
//Subjects=20
-18  4  24 
-34  -50  62 
-4  -36  -12 
-12  40  -10 
26  4  -34 
-52  -20  -32 
-30  -26  12 
-4  -8  14 

//Reference=MNI 
//nullstudy_94
//Subjects=20
-60  -52  4 
-42  12  -16 
-30  -70  -50 
-28  2  62 
-36  -14  -20 
-22  -66  46 
44  4  8 
36  20  -24 

//Reference=MNI 
//nullstudy_95
//Subjects=21
-60  -14  46 
20  12  50 
-22  -54  -58 
42  8  40 
32  34  34 
-4  -50  -30 
-2  -74  8 
-28  -88  30 

//Reference=MNI 
//nullstudy_96
//Subjects=19
-12  10  36 
-10  -22  6 
-64  -40  -4 
42  4  -32 
-12  58  24 
-60  -50  6 
-56  -48  -16 
-8  -58  28 

//Reference=MNI 
//nullstudy_97
//Subjects=21
-36  30  40 
-56  -28  -2 
30  18  -14 
38  42  34 
-22  48  36 
-46  18  -6 
-32  -88  -18 
-30  2  -32 

//Reference=MNI 
//nullstudy_98
//Subjects=19
-38  10  30 
-4  22  36 
-18  62  -18 
36  60  14 
-8  -28  6 
-44  -82  26 
-26  -32  72 
-44  -52  16 

//Reference=MNI 
//nullstudy_99
//Subjects=22
-34  20  34 
34  8  28 
-54  -58  -8 
-42  -20  20 
-46  -78  0 
-34  12  -40 
-48  -56  -10 
10  6  6 

//Reference=MNI 
//nullstudy_100
//Subjects=20
-54  -16  -34 
34  24  22 
52  18  -10 
-22  -64  30 
50  12  -38 
-50  26  -6 
-30  -20  -28 
-18  -68  -44 

