//Reference=MNI 
//truestudy_1
//Subjects=11
46  -64  -4 
46  -66  -6 
46  -65  -7 
46  -69  -6 
45  -66  -6 
47  -65  -8 
46  -65  -4 
46  -67  -7 

//Reference=MNI 
//truestudy_2
//Subjects=10
48  -67  -6 
47  -64  -5 
45  -65  -5 
46  -67  -7 
46  -65  -7 
46  -65  -5 
45  -66  -6 
47  -66  -6 

//Reference=MNI 
//truestudy_3
//Subjects=11
47  -66  -5 
46  -66  -6 
47  -67  -8 
46  -67  -7 
47  -64  -7 
46  -65  -7 
46  -66  -7 
45  -66  -7 

//Reference=MNI 
//nullstudy_1
//Subjects=11
-30  22  8 
-38  -20  12 
-48  -60  -2 
-52  -38  -6 
-16  -46  -48 
-38  -20  50 
-56  18  10 
8  14  42 

//Reference=MNI 
//nullstudy_2
//Subjects=10
-24  -64  54 
18  52  30 
-44  -56  -34 
20  30  -20 
46  22  14 
-36  -42  -34 
-34  58  -14 
-28  -6  52 

//Reference=MNI 
//nullstudy_3
//Subjects=11
-16  -38  16 
-12  -84  -2 
-4  34  50 
-8  -60  12 
-14  -52  66 
-16  -30  -18 
-18  -102  6 
-46  -78  -20 

//Reference=MNI 
//nullstudy_4
//Subjects=11
-10  -56  52 
22  8  54 
-14  70  -4 
-38  -74  50 
22  12  0 
40  10  -22 
-4  -20  -32 
-26  -72  -12 

//Reference=MNI 
//nullstudy_5
//Subjects=10
-60  -34  28 
-30  12  58 
-12  -12  6 
-22  36  -16 
-26  22  -36 
-10  -48  60 
-4  -40  -36 
48  38  4 

//Reference=MNI 
//nullstudy_6
//Subjects=10
-22  0  72 
-14  -94  26 
-10  -8  8 
-10  36  60 
-32  -8  -38 
-8  -70  14 
-34  -64  -62 
-2  -66  0 

//Reference=MNI 
//nullstudy_7
//Subjects=11
-54  -40  -14 
-16  -46  -50 
-22  -54  46 
-2  -70  32 
52  32  2 
-14  -4  -40 
-38  -78  22 
-12  -12  28 

//Reference=MNI 
//nullstudy_8
//Subjects=8
-56  -26  46 
-12  26  60 
44  18  -30 
-34  -92  20 
-20  -78  -32 
-28  -56  -30 
-10  -76  8 
-4  -78  -44 

//Reference=MNI 
//nullstudy_9
//Subjects=10
-10  54  38 
-28  -80  36 
-2  -50  38 
-8  -30  4 
-34  8  38 
-10  14  -30 
44  44  -12 
-10  -64  12 

//Reference=MNI 
//nullstudy_10
//Subjects=10
58  28  12 
-26  0  -4 
32  54  2 
-26  -38  -32 
10  40  44 
-58  -66  -12 
-38  -64  8 
-48  -26  -32 

//Reference=MNI 
//nullstudy_11
//Subjects=11
-56  -56  30 
-40  -68  18 
-30  -82  30 
-48  18  -32 
-44  30  10 
-38  -2  40 
-40  -16  20 
38  26  46 

//Reference=MNI 
//nullstudy_12
//Subjects=8
-2  30  54 
-36  -22  68 
-22  -96  18 
-10  -48  -18 
-16  50  38 
-56  -4  36 
-24  -82  16 
-30  -80  -2 

//Reference=MNI 
//nullstudy_13
//Subjects=10
-30  2  -26 
-10  -42  52 
-68  -16  -2 
-40  -60  10 
-44  -8  8 
-26  -10  54 
-8  -52  60 
-20  -4  76 

//Reference=MNI 
//nullstudy_14
//Subjects=10
-42  -46  -54 
34  24  -14 
56  6  -36 
-56  -42  12 
-56  -38  -28 
40  6  24 
-22  -102  2 
-36  -12  -32 

//Reference=MNI 
//nullstudy_15
//Subjects=12
-4  -16  78 
-18  -68  20 
-16  -84  18 
52  2  4 
-24  -74  -6 
-52  -4  4 
-18  -54  -58 
-22  -52  -50 

//Reference=MNI 
//nullstudy_16
//Subjects=10
-8  -72  18 
-26  60  -14 
12  68  -2 
0  6  26 
4  34  26 
-18  -16  -16 
-24  -76  22 
-10  -94  2 

//Reference=MNI 
//nullstudy_17
//Subjects=9
36  10  58 
-64  -54  -2 
-60  12  24 
-54  -44  40 
-26  -100  -8 
-10  -60  58 
44  32  -20 
-24  -54  -54 

//Reference=MNI 
//nullstudy_18
//Subjects=9
-34  -82  28 
-8  -74  -20 
-22  -68  -54 
-4  -90  -6 
-50  34  -8 
-22  48  -12 
-46  -14  56 
-10  -60  -18 

//Reference=MNI 
//nullstudy_19
//Subjects=10
-28  -64  -62 
-32  -38  -14 
-4  -86  26 
-68  -42  0 
-32  58  2 
6  48  -24 
-36  -82  -10 
14  20  -6 

//Reference=MNI 
//nullstudy_20
//Subjects=9
10  30  58 
-38  -20  20 
-56  32  -2 
-12  66  8 
-28  32  50 
-26  10  -22 
-14  -94  14 
-2  -36  -20 

//Reference=MNI 
//nullstudy_21
//Subjects=11
-20  -82  -14 
-32  -56  -62 
24  28  30 
-4  66  -10 
10  54  18 
-14  30  -18 
-4  -32  68 
-22  16  -4 

//Reference=MNI 
//nullstudy_22
//Subjects=9
-50  -2  -14 
-42  30  -22 
-26  -80  10 
-2  -40  8 
38  10  -40 
-50  -74  -18 
-30  -96  -16 
-4  -54  -44 

//Reference=MNI 
//nullstudy_23
//Subjects=11
-26  4  -38 
-24  50  4 
-42  -28  6 
20  42  34 
2  44  -16 
2  60  10 
-38  0  26 
-26  14  62 

//Reference=MNI 
//nullstudy_24
//Subjects=10
-16  -28  16 
-12  -16  38 
-22  56  32 
26  48  26 
32  14  46 
46  6  10 
-18  -14  60 
36  46  -12 

//Reference=MNI 
//nullstudy_25
//Subjects=10
-48  12  42 
42  6  4 
-30  46  -4 
-16  -48  -38 
-12  -14  -30 
-34  -86  10 
8  20  52 
-16  -56  50 

//Reference=MNI 
//nullstudy_26
//Subjects=10
-32  14  62 
-36  -18  14 
-54  -48  42 
-12  -66  54 
-58  -48  2 
-54  -60  42 
-6  -70  -4 
-46  -48  -48 

//Reference=MNI 
//nullstudy_27
//Subjects=10
-52  -18  12 
-8  -18  -12 
-32  12  -8 
-26  -78  52 
-22  -42  64 
-24  -64  30 
-2  -86  -32 
-18  0  -16 

//Reference=MNI 
//nullstudy_28
//Subjects=8
-12  -58  0 
-46  -6  -22 
14  38  44 
-20  60  30 
-64  -16  -4 
-10  -48  56 
6  36  26 
-54  -50  -32 

//Reference=MNI 
//nullstudy_29
//Subjects=9
-16  -48  74 
36  40  38 
-12  -64  -60 
-42  -14  66 
-62  -30  4 
-56  -16  22 
56  12  8 
6  36  58 

//Reference=MNI 
//nullstudy_30
//Subjects=11
-16  -56  6 
-56  -40  -30 
-58  -20  28 
-16  8  -38 
-26  -16  -34 
-26  -14  -18 
-46  -72  44 
46  12  -6 

//Reference=MNI 
//nullstudy_31
//Subjects=10
-30  -88  -30 
-68  -20  0 
-34  -36  58 
-46  4  0 
-30  -28  62 
-58  -58  18 
-48  4  54 
-42  -12  4 

//Reference=MNI 
//nullstudy_32
//Subjects=12
38  20  -12 
-36  30  46 
-14  16  -8 
-52  24  24 
-40  14  26 
-64  -38  22 
-44  0  20 
-18  -24  0 

//Reference=MNI 
//nullstudy_33
//Subjects=9
12  36  10 
56  22  24 
-44  22  16 
-16  48  2 
-44  -24  24 
-52  20  32 
8  68  8 
-8  -54  -66 

//Reference=MNI 
//nullstudy_34
//Subjects=11
-42  -48  48 
-20  -46  14 
-38  -40  34 
-38  -6  -40 
-28  -36  54 
56  24  30 
-2  -42  -48 
14  50  14 

//Reference=MNI 
//nullstudy_35
//Subjects=10
-14  -40  -4 
-4  -62  6 
-54  -34  34 
-4  -50  -46 
24  30  -12 
-6  -26  74 
-54  -56  -18 
-42  14  -4 

//Reference=MNI 
//nullstudy_36
//Subjects=10
2  50  -6 
38  6  34 
-46  -46  54 
-52  -6  -26 
-10  42  52 
50  8  44 
-8  42  8 
4  4  64 

//Reference=MNI 
//nullstudy_37
//Subjects=8
-32  -92  -2 
-18  38  52 
-8  -92  -18 
-38  -70  -6 
22  38  50 
-8  50  -20 
-10  10  -18 
-28  -52  36 

//Reference=MNI 
//nullstudy_38
//Subjects=11
-58  -40  0 
-20  -84  -48 
14  40  6 
-48  28  24 
-54  14  8 
2  12  40 
-28  -90  2 
6  24  30 

//Reference=MNI 
//nullstudy_39
//Subjects=10
-6  26  -26 
28  44  40 
-20  -50  0 
-46  -4  -20 
-48  8  28 
-22  -12  60 
6  50  -2 
-36  32  16 

//Reference=MNI 
//nullstudy_40
//Subjects=10
4  22  -30 
-32  18  -30 
14  8  -36 
-26  -44  44 
26  26  -14 
-52  -48  44 
-26  -60  0 
-32  -52  -56 

//Reference=MNI 
//nullstudy_41
//Subjects=10
-46  -62  30 
-46  -74  -36 
-48  -32  46 
-22  -82  36 
-52  -12  -12 
-30  22  50 
-22  -72  -56 
-34  -66  46 

//Reference=MNI 
//nullstudy_42
//Subjects=10
-36  10  0 
-4  -64  -16 
-10  -78  -44 
-54  -6  34 
-16  4  -8 
6  28  24 
-64  -38  -8 
-52  -54  -28 

//Reference=MNI 
//nullstudy_43
//Subjects=9
34  6  -40 
-48  -50  58 
6  66  -10 
-6  -82  -44 
-62  -50  6 
-4  -46  10 
-36  24  0 
-34  -86  -8 

//Reference=MNI 
//nullstudy_44
//Subjects=11
22  50  -6 
-12  -66  4 
10  10  -10 
12  56  24 
-12  -90  38 
-48  -14  36 
-58  -24  -10 
2  2  32 

//Reference=MNI 
//nullstudy_45
//Subjects=11
-28  0  68 
12  22  64 
-52  -30  2 
-26  -18  -26 
-14  -58  -8 
-46  -30  -20 
-12  14  66 
0  8  16 

//Reference=MNI 
//nullstudy_46
//Subjects=9
-10  -66  -6 
-20  24  50 
-16  -72  6 
-64  -38  -8 
-8  -18  -26 
-40  36  4 
-2  56  40 
12  16  66 

//Reference=MNI 
//nullstudy_47
//Subjects=9
-10  -38  52 
-20  52  -22 
-34  22  44 
-46  -28  52 
42  10  -46 
-40  -56  -20 
-32  -6  66 
-36  28  28 

//Reference=MNI 
//nullstudy_48
//Subjects=10
-54  -30  38 
24  4  -16 
8  20  -2 
-10  16  68 
-2  -18  -38 
-36  -66  26 
-20  48  -18 
-12  12  -20 

//Reference=MNI 
//nullstudy_49
//Subjects=8
-10  46  44 
24  20  -28 
-44  14  -16 
-44  12  -42 
-32  -90  -4 
-48  40  -12 
-10  -28  76 
-28  26  10 

//Reference=MNI 
//nullstudy_50
//Subjects=11
-4  -38  6 
-18  8  2 
10  16  -14 
-42  -4  44 
36  30  -8 
-4  6  -10 
36  12  10 
-16  -70  64 

//Reference=MNI 
//nullstudy_51
//Subjects=11
-14  -16  44 
-16  -4  -26 
-20  -84  28 
-24  50  10 
-40  -82  -2 
-42  -4  58 
40  16  50 
-10  28  52 

//Reference=MNI 
//nullstudy_52
//Subjects=10
-18  -8  -30 
-34  -46  -38 
-60  -48  -26 
-24  58  -6 
-18  2  60 
-46  -10  -34 
-46  -52  -14 
-10  48  -14 

//Reference=MNI 
//nullstudy_53
//Subjects=10
-20  -10  -14 
-8  -16  60 
-26  -66  -2 
-54  -56  40 
-44  -58  -42 
-8  -56  42 
24  50  0 
-14  -64  -20 

//Reference=MNI 
//nullstudy_54
//Subjects=11
-62  -34  34 
-10  40  0 
-30  -24  52 
-48  12  -30 
-56  -58  -22 
-26  -8  -22 
-6  -90  2 
-50  -66  -42 

//Reference=MNI 
//nullstudy_55
//Subjects=8
-12  -52  12 
-46  -74  -34 
48  24  0 
-38  4  40 
0  30  28 
-44  -64  -48 
-8  -66  -32 
-38  -80  14 

//Reference=MNI 
//nullstudy_56
//Subjects=9
-50  -58  24 
-16  -22  72 
-42  -52  -50 
-50  -34  4 
-22  -4  54 
0  56  16 
48  22  -16 
-36  0  52 

//Reference=MNI 
//nullstudy_57
//Subjects=12
28  50  16 
-44  -38  -20 
-50  0  -40 
-38  42  12 
-2  -66  -8 
-22  40  48 
-20  52  -16 
-38  16  8 

//Reference=MNI 
//nullstudy_58
//Subjects=10
24  8  68 
-6  8  46 
-62  -8  34 
6  8  72 
-20  -24  60 
28  32  -8 
-48  -38  50 
-12  6  60 

//Reference=MNI 
//nullstudy_59
//Subjects=10
0  18  58 
-10  -94  -24 
-36  -40  70 
12  6  38 
8  50  24 
40  2  30 
-60  -56  0 
-38  28  36 

//Reference=MNI 
//nullstudy_60
//Subjects=10
-30  -62  -30 
-40  -50  54 
-26  12  2 
-2  8  -8 
-38  28  32 
-12  -14  6 
0  52  16 
-20  -50  -14 

//Reference=MNI 
//nullstudy_61
//Subjects=10
-22  60  30 
-8  -82  -8 
-8  -38  56 
24  14  52 
-58  -46  -28 
-64  -24  40 
-18  0  64 
-4  -14  10 

//Reference=MNI 
//nullstudy_62
//Subjects=10
-4  34  34 
16  20  12 
-6  -38  -58 
-16  -42  14 
8  26  48 
-2  30  -20 
-30  -78  -14 
-2  -82  0 

//Reference=MNI 
//nullstudy_63
//Subjects=11
-50  -22  -8 
-34  -46  -10 
-22  -38  -34 
-32  6  -34 
40  38  -6 
-6  -86  -18 
44  12  -28 
30  38  34 

//Reference=MNI 
//nullstudy_64
//Subjects=8
-4  -62  -26 
-6  8  -24 
22  6  48 
12  22  -10 
-30  46  16 
28  12  -36 
12  48  -22 
-56  -34  42 

//Reference=MNI 
//nullstudy_65
//Subjects=9
-10  -2  -34 
-28  -74  -30 
-24  62  -2 
-30  -96  -12 
-32  -44  -30 
-16  24  -24 
38  28  36 
-30  -58  -44 

//Reference=MNI 
//nullstudy_66
//Subjects=11
-22  -48  -40 
-18  -38  -6 
-22  -2  -30 
-10  58  -16 
-28  -4  -16 
-4  20  -2 
34  42  0 
-44  -66  28 

//Reference=MNI 
//nullstudy_67
//Subjects=10
-58  0  36 
-14  -8  60 
-8  -12  6 
58  6  -32 
-8  -58  52 
-62  -34  18 
-12  -88  16 
-6  -82  -30 

//Reference=MNI 
//nullstudy_68
//Subjects=10
-10  -74  -40 
-40  44  26 
-56  -40  -14 
0  56  16 
42  50  8 
-32  -20  -14 
-28  -56  64 
50  10  4 

//Reference=MNI 
//nullstudy_69
//Subjects=10
-44  16  2 
-56  -48  36 
-64  0  26 
-34  -2  -10 
-30  -36  42 
-44  44  -4 
-2  -20  -24 
-26  -70  -48 

//Reference=MNI 
//nullstudy_70
//Subjects=10
-52  -2  42 
-32  14  6 
32  58  26 
-18  -16  -4 
-26  -50  58 
-30  20  40 
-38  -26  50 
-10  -68  -14 

//Reference=MNI 
//nullstudy_71
//Subjects=11
4  30  14 
20  40  32 
56  22  8 
-46  -42  60 
40  6  -36 
-22  -40  -44 
24  56  -10 
-16  -54  52 

//Reference=MNI 
//nullstudy_72
//Subjects=9
-50  -38  34 
-32  -12  8 
-32  14  -22 
-14  -42  44 
-12  -52  60 
10  66  10 
-8  -100  2 
10  36  14 

//Reference=MNI 
//nullstudy_73
//Subjects=10
-22  -66  34 
-50  -42  52 
-38  32  16 
-24  -34  18 
-8  -46  14 
-46  -18  -12 
-16  -66  32 
-14  26  -12 

//Reference=MNI 
//nullstudy_74
//Subjects=9
-42  -54  8 
-12  10  14 
30  4  -26 
-6  6  20 
-8  -28  -32 
12  14  6 
-26  -50  -58 
-26  6  -14 

//Reference=MNI 
//nullstudy_75
//Subjects=9
-2  -74  -14 
34  54  18 
-60  -14  24 
-6  -94  -20 
36  36  32 
-2  -68  2 
-24  -62  8 
4  10  24 

//Reference=MNI 
//nullstudy_76
//Subjects=10
12  48  12 
-24  -78  -48 
-46  -62  -22 
28  52  36 
-60  -18  8 
-16  -46  4 
44  6  52 
-14  -36  68 

//Reference=MNI 
//nullstudy_77
//Subjects=10
-8  38  2 
-12  -70  60 
-14  -68  -60 
-40  -88  -6 
26  22  -22 
28  10  58 
-38  -8  16 
24  8  -22 

//Reference=MNI 
//nullstudy_78
//Subjects=8
-20  4  -44 
-36  -12  58 
32  38  32 
-18  -40  48 
-26  -2  -2 
30  10  -42 
4  22  -4 
-24  -50  2 

//Reference=MNI 
//nullstudy_79
//Subjects=11
0  36  -22 
34  14  -46 
-14  -74  22 
-44  -52  22 
-34  -80  -8 
-6  24  38 
-20  10  8 
-16  42  30 

//Reference=MNI 
//nullstudy_80
//Subjects=11
-12  38  -10 
-46  -52  14 
-4  -4  14 
-58  -60  36 
-36  4  36 
18  38  -24 
-60  -68  0 
-14  -16  28 

//Reference=MNI 
//nullstudy_81
//Subjects=10
-2  -68  10 
20  64  16 
-40  -2  -6 
-16  -58  10 
-44  54  4 
-56  -14  22 
58  24  2 
-14  -50  50 

//Reference=MNI 
//nullstudy_82
//Subjects=11
-4  56  38 
12  16  10 
44  58  4 
0  42  -12 
-44  46  6 
-34  20  14 
46  46  18 
-8  0  44 

//Reference=MNI 
//nullstudy_83
//Subjects=9
-60  -52  32 
-30  40  10 
-18  -76  -58 
-24  -68  -28 
20  56  22 
20  62  28 
0  42  8 
-34  44  10 

//Reference=MNI 
//nullstudy_84
//Subjects=10
-4  8  -16 
-8  -8  8 
-28  -52  34 
-14  24  8 
-22  4  -22 
48  18  -36 
-20  -90  -42 
-4  -74  42 

//Reference=MNI 
//nullstudy_85
//Subjects=10
46  36  24 
-16  -98  16 
-34  -42  50 
-62  -38  -28 
-52  -26  -16 
-54  -2  8 
48  8  -8 
-22  0  50 

//Reference=MNI 
//nullstudy_86
//Subjects=11
-16  6  20 
-30  -12  -4 
-12  -30  -46 
-38  12  4 
-8  -80  12 
-6  -58  18 
-24  -64  -28 
10  6  52 

//Reference=MNI 
//nullstudy_87
//Subjects=10
-36  60  12 
52  10  46 
-12  -90  -34 
-54  -28  -32 
-58  4  -26 
-58  -42  -16 
-22  40  -10 
36  32  46 

//Reference=MNI 
//nullstudy_88
//Subjects=11
0  36  32 
-10  -80  42 
-42  -32  26 
-26  -18  72 
0  50  38 
-14  -74  58 
-48  -60  12 
-34  -76  -16 

//Reference=MNI 
//nullstudy_89
//Subjects=10
-22  -24  -10 
-48  4  2 
-18  -22  26 
48  24  20 
2  52  44 
28  62  20 
-26  -26  -22 
6  10  -14 

//Reference=MNI 
//nullstudy_90
//Subjects=10
-44  40  0 
66  4  12 
-54  24  26 
-12  -32  66 
-10  10  32 
0  56  4 
36  30  24 
-32  48  26 

//Reference=MNI 
//nullstudy_91
//Subjects=11
24  14  -16 
-12  20  -24 
-8  -62  -58 
28  58  -4 
-10  32  -12 
18  24  -6 
-44  -82  18 
-4  52  -8 

//Reference=MNI 
//nullstudy_92
//Subjects=12
-4  -24  38 
-26  -52  48 
-46  2  -20 
-6  -46  46 
-12  -70  -8 
-44  -24  -8 
40  16  28 
-30  -12  4 

//Reference=MNI 
//nullstudy_93
//Subjects=9
-20  50  12 
-50  12  10 
-4  -36  -36 
36  20  -34 
-12  -40  2 
-2  -24  50 
-24  18  54 
-6  -80  -32 

//Reference=MNI 
//nullstudy_94
//Subjects=10
-68  -14  22 
52  6  -38 
-28  34  -14 
8  2  32 
-2  28  28 
14  68  18 
-2  -74  22 
6  40  40 

//Reference=MNI 
//nullstudy_95
//Subjects=11
26  46  6 
-2  24  -6 
-4  -86  42 
-62  -26  20 
-54  -18  46 
-18  -74  -20 
-22  -68  52 
0  30  40 

//Reference=MNI 
//nullstudy_96
//Subjects=11
-2  -20  -14 
-42  30  -6 
-20  -84  -48 
-34  32  40 
-50  -72  -34 
26  8  -22 
-8  -52  -58 
-6  24  34 

//Reference=MNI 
//nullstudy_97
//Subjects=11
40  10  46 
-50  -52  4 
-14  -32  -2 
44  14  -26 
0  32  18 
20  34  44 
52  20  2 
-10  64  -16 

//Reference=MNI 
//nullstudy_98
//Subjects=9
24  24  34 
48  18  -24 
-20  -46  -44 
-46  14  50 
-50  -62  38 
52  22  -18 
6  12  26 
-16  -98  24 

//Reference=MNI 
//nullstudy_99
//Subjects=12
-10  -80  54 
-42  -20  66 
-12  -48  26 
-36  -72  6 
-2  -28  48 
-6  18  64 
-52  -60  36 
-16  44  46 

//Reference=MNI 
//nullstudy_100
//Subjects=10
-14  -24  4 
-56  -28  -8 
-14  52  46 
-6  42  24 
28  48  24 
-54  -24  40 
-62  -22  40 
-6  -42  -2 

