//Reference=MNI 
//truestudy_1
//Subjects=21
45  -66  -7 
45  -66  -7 
46  -67  -6 
47  -64  -7 
46  -69  -6 
45  -65  -4 
44  -67  -6 
45  -66  -8 

//Reference=MNI 
//truestudy_2
//Subjects=20
45  -67  -5 
45  -68  -6 
48  -66  -6 
47  -67  -5 
46  -66  -6 
46  -67  -5 
45  -66  -7 
48  -67  -7 

//Reference=MNI 
//truestudy_3
//Subjects=22
46  -66  -7 
46  -66  -5 
46  -67  -5 
45  -66  -6 
45  -66  -6 
48  -67  -6 
46  -67  -6 
46  -66  -5 

//Reference=MNI 
//nullstudy_1
//Subjects=21
-8  52  -20 
-34  14  -36 
6  18  28 
-12  -54  54 
-26  -64  48 
54  36  -10 
-32  -46  -48 
-16  56  -18 

//Reference=MNI 
//nullstudy_2
//Subjects=20
18  28  -24 
-10  -78  -24 
-22  -60  66 
-62  -34  24 
-10  44  2 
-26  32  38 
-40  -54  -40 
-10  -30  54 

//Reference=MNI 
//nullstudy_3
//Subjects=22
-54  -42  -2 
-8  10  -12 
-22  -50  4 
-4  46  -24 
-50  -58  -36 
-26  -76  50 
-48  -52  8 
-46  2  20 

//Reference=MNI 
//nullstudy_4
//Subjects=21
-56  -68  4 
-6  54  -22 
-28  10  -16 
-48  32  -4 
-18  68  -6 
-20  -70  32 
-8  -10  40 
-44  26  28 

//Reference=MNI 
//nullstudy_5
//Subjects=20
32  26  -30 
-62  -40  -4 
-18  48  36 
60  12  16 
-40  24  50 
-8  -84  -10 
2  20  -24 
-6  -32  10 

//Reference=MNI 
//nullstudy_6
//Subjects=20
-20  -34  -10 
-12  58  20 
-24  -30  52 
-2  -14  -34 
-16  18  18 
10  28  24 
-34  20  8 
-54  -70  -20 

//Reference=MNI 
//nullstudy_7
//Subjects=19
-50  -56  8 
-20  -60  -58 
-42  -38  -28 
-4  22  -30 
-36  -8  64 
4  50  30 
-44  -46  48 
-32  -84  -10 

//Reference=MNI 
//nullstudy_8
//Subjects=22
-14  -14  78 
-14  -22  8 
-32  14  32 
18  4  70 
-50  -38  10 
-20  0  6 
-58  -44  20 
-12  -62  18 

//Reference=MNI 
//nullstudy_9
//Subjects=20
-46  -88  -4 
-52  6  18 
-30  36  36 
14  4  -40 
-50  12  -34 
32  6  -18 
-28  42  46 
-34  -4  -4 

//Reference=MNI 
//nullstudy_10
//Subjects=21
-54  20  34 
-26  -82  -50 
26  32  46 
-16  -58  -34 
2  26  -4 
-36  -90  -16 
-26  48  14 
-30  -24  -30 

//Reference=MNI 
//nullstudy_11
//Subjects=19
34  6  4 
52  4  26 
-58  -28  42 
-20  -54  -50 
-14  -94  24 
-28  -70  2 
8  16  -4 
-8  8  -24 

//Reference=MNI 
//nullstudy_12
//Subjects=22
-8  28  64 
-54  14  14 
-6  -14  -18 
-4  -66  32 
14  12  22 
16  54  28 
-14  30  62 
-38  20  -8 

//Reference=MNI 
//nullstudy_13
//Subjects=20
-18  -48  76 
-12  -66  12 
32  26  34 
-28  28  34 
-26  -84  18 
14  4  22 
-16  -62  -44 
-6  32  54 

//Reference=MNI 
//nullstudy_14
//Subjects=18
-34  -42  52 
-34  -10  -8 
-22  -64  -36 
-12  14  -22 
-50  -72  4 
-30  -90  -12 
38  60  4 
-60  -4  36 

//Reference=MNI 
//nullstudy_15
//Subjects=21
-60  -8  16 
-54  -10  20 
-14  16  56 
-2  46  20 
-6  -62  -34 
-58  -8  12 
-42  4  60 
-40  26  14 

//Reference=MNI 
//nullstudy_16
//Subjects=20
-46  -60  -46 
-34  -16  -38 
-38  10  38 
-10  -50  -40 
20  6  -16 
20  50  -18 
-44  42  -8 
-38  50  18 

//Reference=MNI 
//nullstudy_17
//Subjects=19
-12  -70  -32 
26  16  -24 
-10  -44  68 
2  40  -14 
28  16  56 
-36  -76  -6 
-62  -42  -24 
-40  -40  52 

//Reference=MNI 
//nullstudy_18
//Subjects=20
-32  -60  -34 
-6  0  74 
6  8  20 
20  16  -10 
-22  -66  50 
20  2  74 
-22  -2  6 
-16  56  20 

//Reference=MNI 
//nullstudy_19
//Subjects=19
-10  -10  24 
-14  -84  26 
-24  30  56 
-56  -46  46 
-16  -100  -20 
48  14  46 
-30  -6  54 
-20  64  24 

//Reference=MNI 
//nullstudy_20
//Subjects=19
-52  -24  12 
-22  -72  22 
-2  -40  -14 
-16  2  70 
4  38  24 
-6  -72  26 
16  20  -24 
-28  56  10 

//Reference=MNI 
//nullstudy_21
//Subjects=19
-22  -58  16 
-36  44  30 
-56  -64  20 
-62  -18  30 
-2  -68  12 
-30  -36  -14 
42  58  -4 
-30  -68  -38 

//Reference=MNI 
//nullstudy_22
//Subjects=22
16  24  10 
-8  -16  76 
-64  -18  -20 
-26  36  42 
-44  10  -42 
-28  14  -30 
14  58  30 
-6  -62  -24 

//Reference=MNI 
//nullstudy_23
//Subjects=21
-6  -72  60 
-42  -66  4 
-14  -54  50 
-30  4  68 
-28  -58  38 
-52  -20  -22 
-18  0  24 
6  32  42 

//Reference=MNI 
//nullstudy_24
//Subjects=20
-4  60  30 
-16  -66  64 
-6  36  48 
12  40  18 
-62  0  20 
-10  -2  -12 
-4  -70  58 
-22  -4  -48 

//Reference=MNI 
//nullstudy_25
//Subjects=20
12  6  62 
-4  -28  -30 
-44  -6  54 
6  44  44 
-40  -78  16 
-32  -18  -26 
-52  -20  -4 
42  38  -8 

//Reference=MNI 
//nullstudy_26
//Subjects=21
44  6  24 
-40  -74  48 
-2  18  64 
-14  -98  8 
-32  -56  34 
38  26  40 
-18  68  8 
-50  -66  34 

//Reference=MNI 
//nullstudy_27
//Subjects=20
2  6  30 
-66  -46  16 
-10  -18  46 
-20  -46  14 
30  16  4 
-40  -74  20 
-50  -34  10 
-44  -76  -26 

//Reference=MNI 
//nullstudy_28
//Subjects=19
0  26  52 
-48  -16  14 
-8  18  30 
-54  20  16 
-60  -26  30 
-4  4  -28 
-48  -6  34 
-46  -54  -6 

//Reference=MNI 
//nullstudy_29
//Subjects=19
-22  -28  8 
-8  -20  12 
-46  -8  -32 
-46  52  -2 
-48  4  -22 
-28  2  0 
-18  8  6 
-20  8  2 

//Reference=MNI 
//nullstudy_30
//Subjects=20
-10  -38  -52 
10  62  16 
-34  14  -44 
-50  -72  8 
-38  38  2 
-56  -46  -30 
-52  24  12 
-18  46  46 

//Reference=MNI 
//nullstudy_31
//Subjects=20
14  38  44 
42  18  10 
50  22  16 
4  64  28 
-46  -72  -44 
-2  10  -4 
46  46  -8 
-44  -74  24 

//Reference=MNI 
//nullstudy_32
//Subjects=20
42  48  6 
-38  22  10 
-10  -70  58 
24  68  16 
46  4  22 
-56  -4  34 
-24  -64  44 
-42  10  36 

//Reference=MNI 
//nullstudy_33
//Subjects=19
-38  -26  68 
-6  -26  4 
-42  -18  20 
-20  -84  -50 
-20  -12  64 
16  6  -28 
-14  -34  -18 
-10  -36  42 

//Reference=MNI 
//nullstudy_34
//Subjects=19
-10  -20  38 
-44  -34  4 
-40  34  28 
32  30  -20 
4  42  4 
32  32  -4 
28  28  -22 
-30  -64  24 

//Reference=MNI 
//nullstudy_35
//Subjects=20
2  36  50 
-26  52  -4 
24  30  54 
-6  -34  -28 
-6  -54  -40 
-14  54  40 
-64  -2  -16 
-30  -66  28 

//Reference=MNI 
//nullstudy_36
//Subjects=17
38  42  18 
-28  36  -22 
-48  10  -42 
14  32  -18 
-6  -90  -38 
-18  58  0 
-12  -2  48 
-4  22  54 

//Reference=MNI 
//nullstudy_37
//Subjects=19
34  36  -12 
-22  -36  -52 
50  42  12 
-4  -62  12 
-4  -40  32 
-28  -72  -40 
-30  18  16 
-30  -36  -34 

//Reference=MNI 
//nullstudy_38
//Subjects=21
52  42  -8 
-50  2  -12 
-8  -94  -4 
-18  56  -12 
12  52  -12 
26  8  48 
-38  -4  -18 
20  50  24 

//Reference=MNI 
//nullstudy_39
//Subjects=20
-50  18  24 
-52  -30  -18 
-20  -14  -38 
14  52  24 
-4  -62  62 
26  2  44 
-14  -18  72 
-64  -16  4 

//Reference=MNI 
//nullstudy_40
//Subjects=21
-56  -22  -6 
30  2  -16 
-16  -76  18 
-38  -30  16 
-14  -64  -40 
28  20  52 
0  46  40 
-4  22  44 

//Reference=MNI 
//nullstudy_41
//Subjects=20
42  8  32 
-6  -66  36 
-48  -16  14 
-42  -12  -40 
-40  -54  38 
-20  -58  0 
-66  -20  0 
-34  -16  -24 

//Reference=MNI 
//nullstudy_42
//Subjects=20
-4  -10  -34 
-24  0  70 
-4  -62  0 
-10  62  -4 
-18  -44  64 
-22  -96  18 
-24  0  -18 
-30  4  -2 

//Reference=MNI 
//nullstudy_43
//Subjects=20
-62  -26  -26 
-4  -74  -46 
-30  -26  -18 
-12  -42  40 
-16  26  -8 
-60  -10  -32 
-8  -76  52 
-50  12  -18 

//Reference=MNI 
//nullstudy_44
//Subjects=19
-40  -80  28 
-16  -48  58 
-36  28  20 
40  34  44 
-10  -78  -44 
-2  58  8 
-6  -20  8 
-26  -34  8 

//Reference=MNI 
//nullstudy_45
//Subjects=20
44  4  30 
-10  0  42 
-22  4  -24 
22  16  42 
-8  -78  28 
-8  -56  -20 
-44  -6  -40 
-10  -78  12 

//Reference=MNI 
//nullstudy_46
//Subjects=20
-32  -72  50 
-4  -2  56 
-58  -52  0 
-66  -22  -12 
-10  -88  -12 
-56  4  -22 
-42  -64  8 
-36  -66  54 

//Reference=MNI 
//nullstudy_47
//Subjects=20
-36  -60  16 
-40  -64  24 
4  56  24 
-32  54  -10 
40  36  22 
-8  -14  74 
-26  22  34 
46  46  24 

//Reference=MNI 
//nullstudy_48
//Subjects=19
-34  -66  14 
-36  62  4 
-2  56  12 
2  62  0 
-50  2  -12 
-44  -52  22 
38  40  42 
-30  -68  60 

//Reference=MNI 
//nullstudy_49
//Subjects=20
-36  -36  -40 
-26  20  -36 
-2  -52  -56 
-26  50  12 
-32  10  60 
-60  -4  40 
-50  -38  -20 
-12  68  -12 

//Reference=MNI 
//nullstudy_50
//Subjects=20
-32  -4  68 
-28  -18  70 
-32  36  26 
-36  18  48 
-36  -84  -40 
-58  2  30 
-4  -26  42 
-66  -14  18 

//Reference=MNI 
//nullstudy_51
//Subjects=20
-36  6  48 
-28  -28  64 
-24  4  -14 
-52  -54  26 
-18  -76  -22 
-26  4  -28 
-4  60  0 
-52  -40  4 

//Reference=MNI 
//nullstudy_52
//Subjects=21
-46  22  2 
-20  -58  -44 
36  62  -6 
-8  -26  64 
-30  20  -14 
-44  -46  60 
-22  44  -16 
-48  -16  8 

//Reference=MNI 
//nullstudy_53
//Subjects=21
-48  2  12 
-26  -72  -8 
40  6  24 
-10  -78  38 
-26  50  -14 
-26  -6  -46 
-12  -68  -28 
-20  -40  -36 

//Reference=MNI 
//nullstudy_54
//Subjects=21
0  2  -28 
-54  26  -6 
-62  -42  -22 
42  40  36 
-64  -42  20 
-18  -12  -24 
52  18  -2 
-36  -62  -8 

//Reference=MNI 
//nullstudy_55
//Subjects=19
-20  -4  -18 
-36  -54  -60 
-8  -48  -16 
-2  10  42 
54  30  -10 
-12  -2  24 
-22  -16  -18 
-30  -18  0 

//Reference=MNI 
//nullstudy_56
//Subjects=20
-26  4  4 
-20  0  -30 
-12  -2  -20 
-20  56  0 
48  12  48 
-36  -74  -12 
-6  26  28 
-4  -60  -52 

//Reference=MNI 
//nullstudy_57
//Subjects=20
-12  34  -24 
-30  16  -42 
-36  -18  -42 
-24  6  -16 
-4  62  -8 
-34  -78  2 
-8  28  58 
-6  -20  18 

//Reference=MNI 
//nullstudy_58
//Subjects=19
30  42  26 
-6  -2  42 
18  58  28 
-20  -82  -6 
40  16  -36 
-46  12  32 
-40  18  40 
-6  -6  -16 

//Reference=MNI 
//nullstudy_59
//Subjects=20
-36  -84  20 
46  8  -28 
-40  26  18 
36  4  -32 
-10  -26  -40 
-22  42  16 
-6  -36  6 
24  40  38 

//Reference=MNI 
//nullstudy_60
//Subjects=23
-56  -4  14 
-42  -12  -32 
-18  -84  -12 
22  6  70 
-20  2  0 
-42  32  6 
-48  18  42 
36  58  -8 

//Reference=MNI 
//nullstudy_61
//Subjects=20
-46  4  -24 
30  2  -36 
22  18  58 
-38  -70  26 
38  6  -14 
-16  -4  -14 
-26  48  42 
-10  -82  -4 

//Reference=MNI 
//nullstudy_62
//Subjects=21
-44  -50  -40 
-10  2  66 
20  20  -18 
-8  -36  -14 
-34  10  58 
12  2  -4 
-50  14  10 
32  32  26 

//Reference=MNI 
//nullstudy_63
//Subjects=17
-44  -34  14 
-30  -30  20 
-10  32  40 
-30  -50  54 
4  14  -10 
-16  -58  22 
-40  2  2 
-38  58  6 

//Reference=MNI 
//nullstudy_64
//Subjects=22
-44  -44  -34 
-54  -44  -32 
-10  -76  -30 
-60  -34  -8 
-62  -46  32 
18  4  -24 
-40  22  2 
-12  -36  -4 

//Reference=MNI 
//nullstudy_65
//Subjects=20
42  22  12 
-58  -8  -32 
-16  -28  12 
54  28  16 
34  20  36 
-32  38  -6 
24  38  -20 
-26  28  30 

//Reference=MNI 
//nullstudy_66
//Subjects=19
-2  50  -4 
34  48  34 
-64  -26  16 
-46  -22  0 
48  10  -26 
-50  -38  44 
-60  -8  -28 
-4  -102  -10 

//Reference=MNI 
//nullstudy_67
//Subjects=19
-4  34  -32 
28  44  10 
-16  -44  -50 
-34  -72  -8 
-32  -54  66 
-50  -62  8 
62  8  -16 
-4  -96  26 

//Reference=MNI 
//nullstudy_68
//Subjects=21
-10  -60  -34 
-20  18  42 
-18  -32  -28 
-18  -12  -40 
-4  -24  -36 
44  14  20 
-36  -94  4 
-22  -72  14 

//Reference=MNI 
//nullstudy_69
//Subjects=20
-22  14  -2 
-30  -38  66 
-46  50  -14 
52  4  -16 
-28  10  -6 
-14  -20  -2 
62  8  0 
46  42  -10 

//Reference=MNI 
//nullstudy_70
//Subjects=18
-50  4  38 
-28  22  -16 
-20  0  60 
56  20  36 
34  48  14 
-42  -20  -22 
-8  22  6 
20  62  6 

//Reference=MNI 
//nullstudy_71
//Subjects=19
-10  -62  50 
-50  -44  2 
22  12  62 
-50  42  -6 
-46  -36  -28 
-24  -56  -38 
-10  -22  14 
40  56  -12 

//Reference=MNI 
//nullstudy_72
//Subjects=21
-22  -12  68 
-4  36  -12 
-64  -30  20 
32  42  14 
-40  -74  30 
-54  0  -28 
-12  -30  54 
-34  -60  36 

//Reference=MNI 
//nullstudy_73
//Subjects=21
-32  -64  42 
-54  -28  50 
-30  -70  -22 
40  38  36 
-4  60  18 
-36  26  8 
-64  -36  -22 
-36  -62  56 

//Reference=MNI 
//nullstudy_74
//Subjects=18
-32  -2  -32 
-44  -28  -28 
-40  6  58 
-58  -28  -22 
-42  4  36 
-64  -44  -18 
-18  -44  -58 
-32  4  -8 

//Reference=MNI 
//nullstudy_75
//Subjects=19
-16  32  60 
38  62  10 
-34  -66  50 
32  28  4 
12  60  26 
16  52  4 
-2  -10  -22 
38  50  8 

//Reference=MNI 
//nullstudy_76
//Subjects=21
-36  -4  12 
-32  -44  -34 
-44  -40  46 
-12  -46  -40 
-10  22  42 
-60  8  14 
-16  68  4 
-4  -46  -50 

//Reference=MNI 
//nullstudy_77
//Subjects=23
-58  -54  26 
-26  -86  0 
-10  -46  -30 
2  36  56 
54  6  -28 
-10  -66  -36 
38  36  0 
-62  -54  32 

//Reference=MNI 
//nullstudy_78
//Subjects=20
-52  -22  52 
-18  -12  -16 
40  32  -12 
-58  -56  44 
-56  -58  -14 
-32  -72  36 
-66  -20  -18 
-32  -38  42 

//Reference=MNI 
//nullstudy_79
//Subjects=20
-40  6  20 
-28  4  -30 
-2  -76  14 
-6  -70  40 
-66  -14  -2 
-40  10  22 
-16  -36  -32 
-10  -52  42 

//Reference=MNI 
//nullstudy_80
//Subjects=19
38  26  34 
-10  -86  16 
-18  0  -32 
-30  -62  -28 
16  28  -16 
-2  10  -8 
-46  -82  24 
-32  30  38 

//Reference=MNI 
//nullstudy_81
//Subjects=19
-34  -46  -28 
-6  14  40 
-60  -56  -24 
-10  -50  -48 
-10  -12  78 
-10  -28  -6 
-4  48  34 
-36  -2  36 

//Reference=MNI 
//nullstudy_82
//Subjects=22
-48  -56  10 
-40  -80  30 
-22  -84  -18 
-56  -62  14 
-2  4  72 
20  38  -16 
-60  -64  18 
-28  -54  -32 

//Reference=MNI 
//nullstudy_83
//Subjects=19
20  62  32 
-10  66  2 
-14  -36  12 
-12  -52  -16 
38  54  -2 
-32  36  -20 
-38  2  -42 
-10  -10  -38 

//Reference=MNI 
//nullstudy_84
//Subjects=21
2  68  -2 
18  30  -20 
2  26  36 
32  18  -40 
-22  -34  -22 
32  18  40 
32  12  56 
-34  -60  -34 

//Reference=MNI 
//nullstudy_85
//Subjects=21
-38  -42  50 
-34  26  -30 
-4  -12  64 
-58  -10  -34 
-42  -62  -26 
-44  -48  14 
-66  -22  -14 
-10  -68  -34 

//Reference=MNI 
//nullstudy_86
//Subjects=22
-8  -86  -14 
-18  8  -32 
-28  60  -16 
-16  -46  -26 
-54  4  -14 
-8  -70  -38 
42  42  36 
42  28  12 

//Reference=MNI 
//nullstudy_87
//Subjects=19
2  48  12 
48  4  16 
12  48  40 
-24  46  26 
-30  -86  -8 
-22  -80  -22 
-6  -56  -64 
-12  -26  -28 

//Reference=MNI 
//nullstudy_88
//Subjects=21
-30  -94  -18 
-54  14  -24 
-10  -66  -22 
-26  2  44 
-36  -26  -20 
-48  -84  -6 
-14  -88  -22 
-12  -32  -32 

//Reference=MNI 
//nullstudy_89
//Subjects=22
-6  -40  -38 
-28  -78  -2 
-30  -26  54 
-30  -68  -40 
-40  2  -16 
-12  -18  18 
26  18  -10 
-54  -64  6 

//Reference=MNI 
//nullstudy_90
//Subjects=19
-20  -94  4 
28  30  32 
-48  -10  52 
-20  14  64 
-60  0  18 
52  20  44 
-12  -92  2 
36  44  -12 

//Reference=MNI 
//nullstudy_91
//Subjects=18
52  16  30 
38  30  20 
-20  -76  -54 
12  4  20 
-32  -14  52 
46  32  38 
22  14  46 
-32  -36  38 

//Reference=MNI 
//nullstudy_92
//Subjects=21
10  10  50 
-4  -66  32 
-38  -68  8 
-16  -38  42 
-26  -84  24 
-46  2  46 
-32  -42  -4 
-64  0  2 

//Reference=MNI 
//nullstudy_93
//Subjects=20
-34  60  6 
-46  16  50 
-56  -20  -6 
-8  -74  -52 
50  6  -18 
-22  -22  -8 
-2  -92  14 
-50  -28  -4 

//Reference=MNI 
//nullstudy_94
//Subjects=18
-2  -102  4 
-2  -4  48 
-64  -28  -16 
48  32  6 
32  58  0 
-26  6  2 
16  10  12 
6  66  28 

//Reference=MNI 
//nullstudy_95
//Subjects=21
12  38  -24 
-10  38  4 
-4  68  10 
-36  -58  -36 
2  62  20 
4  8  62 
-48  -42  52 
-4  42  24 

//Reference=MNI 
//nullstudy_96
//Subjects=19
-36  4  52 
-24  -66  14 
-40  -62  14 
-6  -38  2 
-44  -66  -50 
-54  -48  -26 
42  48  22 
30  14  8 

//Reference=MNI 
//nullstudy_97
//Subjects=18
-10  -10  76 
-10  -86  18 
-20  -22  60 
-48  -54  54 
-28  4  -46 
-26  8  -46 
14  4  -14 
-2  -74  20 

//Reference=MNI 
//nullstudy_98
//Subjects=22
-28  -44  -26 
30  58  30 
-8  34  -26 
-60  -24  -8 
-32  48  -14 
-30  2  -32 
-28  22  54 
-18  -72  18 

//Reference=MNI 
//nullstudy_99
//Subjects=22
-20  22  -26 
-10  56  18 
48  42  22 
20  20  44 
-68  -36  30 
-8  -106  -4 
-44  12  24 
16  36  24 

//Reference=MNI 
//nullstudy_100
//Subjects=20
0  36  16 
28  36  40 
46  10  54 
-12  -44  -44 
-38  -40  36 
28  20  36 
-6  -18  48 
-14  -30  16 

