//Reference=MNI 
//truestudy_1
//Subjects=9
45  -66  -7 
48  -67  -6 
46  -65  -6 
46  -65  -5 
46  -67  -5 
44  -66  -8 
47  -65  -6 
46  -67  -6 

//Reference=MNI 
//truestudy_2
//Subjects=9
46  -65  -5 
46  -66  -6 
46  -65  -6 
46  -67  -6 
47  -66  -6 
46  -65  -4 
47  -66  -6 
46  -66  -7 

//Reference=MNI 
//truestudy_3
//Subjects=10
45  -67  -6 
45  -66  -7 
45  -66  -5 
46  -66  -6 
46  -66  -5 
48  -66  -8 
45  -66  -4 
47  -65  -5 

//Reference=MNI 
//nullstudy_1
//Subjects=9
-30  -54  -16 
-30  -6  62 
-60  -18  12 
-20  16  -8 
-4  -76  12 
-10  -88  -28 
-34  -48  40 
-22  18  0 

//Reference=MNI 
//nullstudy_2
//Subjects=9
16  46  10 
-32  -66  -20 
-18  68  0 
-26  -100  8 
-46  -70  44 
-8  -88  -8 
-46  -54  56 
2  66  -10 

//Reference=MNI 
//nullstudy_3
//Subjects=10
34  20  -20 
-26  -42  -52 
-38  -18  -24 
-18  -30  24 
-52  14  10 
-10  2  48 
-56  -10  -34 
-52  4  20 

//Reference=MNI 
//nullstudy_4
//Subjects=10
-4  -6  22 
36  28  24 
10  30  -8 
-10  -62  0 
-54  -42  48 
26  62  6 
-10  -36  74 
-2  -38  -6 

//Reference=MNI 
//nullstudy_5
//Subjects=10
56  10  -22 
-42  -40  -22 
-40  -60  16 
-50  -36  56 
-64  -58  12 
-40  -42  60 
-12  -54  -60 
-20  -62  42 

//Reference=MNI 
//nullstudy_6
//Subjects=9
34  30  42 
-52  -46  -20 
-26  -100  -10 
-4  -58  2 
46  6  -20 
-18  -34  -32 
40  46  22 
-38  52  -8 

//Reference=MNI 
//nullstudy_7
//Subjects=11
-52  22  -4 
-48  14  -20 
-2  -86  32 
28  34  -18 
-46  -80  -28 
-36  -38  56 
-40  -8  -30 
18  18  68 

//Reference=MNI 
//nullstudy_8
//Subjects=9
-28  22  4 
-10  56  28 
-6  18  14 
-30  -82  -50 
-4  68  4 
-10  -88  -14 
22  52  10 
-64  -8  -12 

//Reference=MNI 
//nullstudy_9
//Subjects=10
34  62  10 
-36  -42  62 
-26  0  4 
10  50  2 
6  32  -18 
-16  -50  40 
-54  14  38 
14  68  -12 

//Reference=MNI 
//nullstudy_10
//Subjects=9
-30  -38  60 
-36  -70  44 
42  4  -42 
4  28  40 
-16  -48  -36 
-8  -56  40 
-18  8  6 
-48  -52  -8 

//Reference=MNI 
//nullstudy_11
//Subjects=9
12  2  56 
-24  34  30 
-26  18  44 
42  8  56 
32  44  -8 
-4  -24  26 
6  2  10 
-38  -66  -2 

//Reference=MNI 
//nullstudy_12
//Subjects=9
34  36  16 
30  28  52 
-36  12  -32 
52  4  12 
-24  -70  -48 
-52  -58  -40 
-4  -76  -24 
42  10  -6 

//Reference=MNI 
//nullstudy_13
//Subjects=10
-26  -16  2 
4  50  -30 
30  36  -18 
-6  -34  46 
-16  4  22 
-36  16  -6 
-6  0  36 
16  16  64 

//Reference=MNI 
//nullstudy_14
//Subjects=11
-38  -28  12 
10  36  -2 
16  42  48 
-44  42  -2 
-8  -70  50 
-6  -94  -4 
52  4  -32 
-54  -44  -12 

//Reference=MNI 
//nullstudy_15
//Subjects=9
-52  6  -4 
-24  -52  -60 
46  8  48 
-32  -14  44 
4  64  4 
-28  -80  6 
0  48  26 
-46  -72  16 

//Reference=MNI 
//nullstudy_16
//Subjects=9
-52  38  10 
-46  18  40 
-2  24  24 
-10  -68  -36 
-18  16  -24 
28  12  52 
-36  -34  48 
38  6  -44 

//Reference=MNI 
//nullstudy_17
//Subjects=10
-2  -72  60 
-4  -40  -64 
-6  -14  40 
-28  -70  24 
40  22  30 
40  32  26 
-38  -42  62 
-16  -92  -38 

//Reference=MNI 
//nullstudy_18
//Subjects=10
-42  -86  2 
-38  -68  -30 
34  16  40 
-14  -100  6 
-18  -4  -22 
-36  -12  -36 
-12  -2  46 
-30  -50  70 

//Reference=MNI 
//nullstudy_19
//Subjects=9
-14  -74  -48 
-8  60  -2 
-48  -46  14 
-58  -44  -18 
26  4  -8 
-42  -54  26 
-4  -96  28 
-58  -14  -2 

//Reference=MNI 
//nullstudy_20
//Subjects=9
-44  -40  0 
-4  -82  -30 
-58  -52  46 
38  2  -8 
26  46  -20 
-14  -64  40 
-22  -50  50 
-58  -18  2 

//Reference=MNI 
//nullstudy_21
//Subjects=9
20  48  -20 
44  28  30 
-10  52  20 
-12  -22  -28 
30  26  30 
36  12  -42 
-36  20  12 
0  32  32 

//Reference=MNI 
//nullstudy_22
//Subjects=10
46  46  16 
-18  -58  6 
-36  62  8 
-48  -50  56 
-20  56  36 
-6  50  -18 
-14  -60  -2 
42  32  -20 

//Reference=MNI 
//nullstudy_23
//Subjects=10
-20  -94  -24 
58  18  0 
14  18  10 
-44  -10  18 
-10  62  -16 
-26  6  -12 
-12  -40  -40 
-10  20  -18 

//Reference=MNI 
//nullstudy_24
//Subjects=10
-46  20  32 
-12  -58  50 
4  52  0 
-34  -8  6 
-44  -72  -36 
-34  18  -18 
-2  -60  -46 
10  4  14 

//Reference=MNI 
//nullstudy_25
//Subjects=9
-2  -8  76 
36  20  6 
-10  -36  48 
10  14  -2 
-54  36  12 
32  14  -10 
-14  -68  -40 
-46  24  -26 

//Reference=MNI 
//nullstudy_26
//Subjects=10
10  32  56 
-8  -44  -48 
-10  -64  26 
-48  32  20 
10  36  48 
6  38  6 
-32  -66  -10 
-38  -16  52 

//Reference=MNI 
//nullstudy_27
//Subjects=10
42  22  4 
-4  -54  66 
-52  2  14 
-8  -72  42 
-48  -66  -38 
24  18  66 
-10  0  50 
-18  -84  10 

//Reference=MNI 
//nullstudy_28
//Subjects=9
42  6  -24 
-20  -76  -48 
-36  -10  -4 
-42  0  -32 
10  50  -12 
-2  -40  74 
36  12  58 
-28  -6  42 

//Reference=MNI 
//nullstudy_29
//Subjects=11
-4  28  32 
34  22  -20 
-38  -24  14 
8  4  4 
26  40  34 
0  68  6 
44  18  0 
-30  -78  50 

//Reference=MNI 
//nullstudy_30
//Subjects=10
-8  -48  70 
6  40  50 
-2  -80  22 
-64  -28  -26 
-38  -50  -22 
32  12  30 
-4  42  26 
20  46  50 

//Reference=MNI 
//nullstudy_31
//Subjects=9
-28  6  44 
-32  -52  -60 
26  28  54 
-54  16  22 
-64  -32  -4 
-42  -2  18 
-44  -62  0 
-2  0  76 

//Reference=MNI 
//nullstudy_32
//Subjects=11
-38  -80  18 
6  34  38 
18  34  -18 
-4  62  20 
-18  -66  -54 
-70  -26  -8 
-24  -20  -16 
-16  -34  -18 

//Reference=MNI 
//nullstudy_33
//Subjects=11
-22  -100  -8 
-30  -34  -24 
-2  -58  -62 
52  30  0 
-26  -50  48 
-46  -14  14 
48  6  -10 
48  8  46 

//Reference=MNI 
//nullstudy_34
//Subjects=10
2  24  -30 
-26  -16  -34 
-16  -94  -6 
-30  -90  -20 
-18  -70  52 
-28  50  -2 
20  12  0 
28  44  40 

//Reference=MNI 
//nullstudy_35
//Subjects=11
-44  -44  -38 
-54  -46  2 
-4  26  36 
-30  24  10 
-22  -32  -20 
14  34  -22 
-10  -40  0 
-6  -28  -6 

//Reference=MNI 
//nullstudy_36
//Subjects=9
18  36  40 
-12  -52  16 
-50  -38  -32 
-54  -60  -14 
12  44  -28 
14  14  -18 
-30  50  20 
-36  -12  64 

//Reference=MNI 
//nullstudy_37
//Subjects=10
-32  -76  -6 
-18  -54  -48 
-14  -6  22 
-12  -92  34 
-4  -44  50 
-48  -64  -44 
-52  12  -2 
-34  -2  -48 

//Reference=MNI 
//nullstudy_38
//Subjects=9
-38  -24  40 
-12  -72  42 
8  44  34 
-6  -64  44 
-52  -18  -20 
28  14  -18 
-54  8  -10 
-58  -68  -10 

//Reference=MNI 
//nullstudy_39
//Subjects=9
-32  26  -22 
-28  -78  38 
-8  -46  -46 
-46  -8  44 
-4  -70  12 
-54  -4  14 
-34  -64  -8 
-64  -2  20 

//Reference=MNI 
//nullstudy_40
//Subjects=10
-8  -60  66 
12  6  -36 
-50  -14  34 
-12  -22  44 
-54  -72  14 
-18  -78  40 
-6  44  26 
-26  -52  54 

//Reference=MNI 
//nullstudy_41
//Subjects=11
-26  -2  -42 
-30  -88  -36 
-28  62  -10 
-40  12  18 
16  36  50 
-20  60  8 
-20  -66  54 
10  32  46 

//Reference=MNI 
//nullstudy_42
//Subjects=10
-42  -14  -34 
-4  -62  -26 
48  24  -10 
-46  -30  -8 
-2  56  -14 
-38  -72  -48 
-16  -36  -20 
10  20  68 

//Reference=MNI 
//nullstudy_43
//Subjects=11
-10  -60  -56 
-10  64  -20 
-6  -4  42 
-42  -60  26 
-26  58  4 
-54  -2  6 
-42  -88  4 
-38  -62  -26 

//Reference=MNI 
//nullstudy_44
//Subjects=10
-60  -12  24 
-60  -14  -8 
-42  -80  28 
54  4  20 
-60  2  -2 
-52  -62  20 
-34  -44  -6 
-20  36  54 

//Reference=MNI 
//nullstudy_45
//Subjects=11
-10  -94  22 
-12  -90  -4 
20  14  -18 
-16  -44  34 
-4  4  56 
-2  -46  -24 
-44  8  -10 
-58  0  -4 

//Reference=MNI 
//nullstudy_46
//Subjects=10
18  18  58 
-42  -2  60 
50  32  28 
-12  30  30 
-22  -50  -28 
-14  -42  -22 
-10  -18  80 
-28  36  26 

//Reference=MNI 
//nullstudy_47
//Subjects=9
32  58  10 
26  24  56 
-52  -38  26 
50  12  38 
-40  2  32 
-20  -24  20 
-54  -54  16 
-18  8  -24 

//Reference=MNI 
//nullstudy_48
//Subjects=10
-44  -52  -24 
2  30  34 
-24  10  6 
42  8  -36 
-52  -22  -12 
-58  14  -4 
-16  22  -18 
-12  -36  -38 

//Reference=MNI 
//nullstudy_49
//Subjects=9
-6  -72  54 
24  28  -20 
-14  -82  -50 
-20  -4  72 
-18  10  -22 
48  6  22 
-2  40  -10 
12  34  58 

//Reference=MNI 
//nullstudy_50
//Subjects=9
34  2  -18 
-52  -42  40 
0  54  -4 
4  10  -18 
-52  -26  60 
-36  22  -18 
6  32  4 
-48  -46  -24 

//Reference=MNI 
//nullstudy_51
//Subjects=8
-10  -4  66 
30  24  30 
-50  -20  24 
-42  -66  26 
-34  -94  0 
-10  16  -18 
-20  -36  -50 
-48  0  -10 

//Reference=MNI 
//nullstudy_52
//Subjects=10
-26  36  -18 
-40  -68  -56 
-18  -18  74 
-38  -42  -22 
-26  -96  2 
-12  -4  54 
-54  -50  52 
40  16  -36 

//Reference=MNI 
//nullstudy_53
//Subjects=9
-12  -28  38 
-62  -50  12 
-22  -68  -12 
-32  -94  -2 
20  14  58 
-16  14  -12 
-12  -64  -26 
-28  -6  -32 

//Reference=MNI 
//nullstudy_54
//Subjects=7
-14  -36  -38 
-22  28  50 
-40  -72  14 
42  20  12 
52  42  10 
28  10  -14 
12  64  -6 
-34  48  12 

//Reference=MNI 
//nullstudy_55
//Subjects=9
-10  38  22 
-38  52  -8 
-34  -36  48 
-38  34  -22 
40  24  28 
-66  -22  6 
30  50  -16 
-8  8  4 

//Reference=MNI 
//nullstudy_56
//Subjects=9
-6  22  20 
-8  -48  -52 
-14  -46  58 
14  22  -22 
-46  32  30 
-38  2  12 
-2  8  30 
22  50  16 

//Reference=MNI 
//nullstudy_57
//Subjects=12
-22  62  -18 
2  28  -24 
-34  2  -12 
-44  32  14 
-52  -64  6 
-54  -24  56 
-36  -20  8 
38  8  -44 

//Reference=MNI 
//nullstudy_58
//Subjects=10
-36  -74  50 
-2  -62  -32 
-34  26  -22 
-20  -30  12 
-14  -80  12 
-16  -64  16 
-26  24  50 
-12  34  46 

//Reference=MNI 
//nullstudy_59
//Subjects=8
-58  -50  -20 
-6  52  28 
-46  -14  8 
-58  -14  -28 
-12  28  52 
-6  70  8 
2  46  -8 
-38  -20  -18 

//Reference=MNI 
//nullstudy_60
//Subjects=11
42  14  -26 
18  50  26 
-24  18  -32 
-6  -22  -20 
-64  -48  24 
50  2  44 
-10  -32  48 
-60  -4  36 

//Reference=MNI 
//nullstudy_61
//Subjects=10
-10  -60  26 
-4  26  62 
-48  10  -8 
-48  -34  -22 
-4  -2  44 
-24  -46  -6 
-46  -4  -48 
-58  -52  40 

//Reference=MNI 
//nullstudy_62
//Subjects=11
-48  -46  -50 
8  42  -12 
-46  -62  10 
12  62  -2 
-38  -58  62 
8  42  26 
-4  -66  -52 
-32  -4  -42 

//Reference=MNI 
//nullstudy_63
//Subjects=12
-62  0  16 
-52  -74  20 
-32  -36  16 
-28  -62  36 
-28  -34  50 
-18  58  22 
-22  -46  -34 
42  30  0 

//Reference=MNI 
//nullstudy_64
//Subjects=11
20  8  -10 
-46  -34  44 
-20  -72  2 
-32  -88  -36 
-22  -58  68 
-60  -52  -2 
-56  16  4 
6  2  50 

//Reference=MNI 
//nullstudy_65
//Subjects=11
-24  62  -14 
-46  -30  64 
-36  -78  18 
-64  -20  2 
18  22  8 
-38  -82  8 
10  60  4 
48  20  28 

//Reference=MNI 
//nullstudy_66
//Subjects=9
30  34  2 
46  18  48 
-34  -46  42 
-48  -28  4 
-46  40  18 
-20  -100  -18 
-30  -28  52 
-24  20  38 

//Reference=MNI 
//nullstudy_67
//Subjects=11
20  30  -26 
-20  60  16 
-8  0  14 
-64  -36  24 
12  20  -26 
40  42  22 
-28  -34  -22 
-28  2  -46 

//Reference=MNI 
//nullstudy_68
//Subjects=10
-36  -14  42 
-28  -66  -30 
-10  -68  -24 
-40  -80  -18 
4  44  22 
-62  -36  -24 
-60  -22  44 
-14  -10  70 

//Reference=MNI 
//nullstudy_69
//Subjects=10
-22  -16  -28 
54  14  18 
-38  22  -8 
-32  -58  46 
-58  -4  -30 
-56  -36  -18 
-6  -20  22 
-8  -60  56 

//Reference=MNI 
//nullstudy_70
//Subjects=10
-14  -64  -10 
-44  -70  -50 
0  18  6 
42  40  16 
-34  0  -48 
-42  -68  -46 
56  4  26 
34  24  -12 

//Reference=MNI 
//nullstudy_71
//Subjects=10
28  14  4 
-2  -6  68 
-6  -30  -42 
12  38  26 
-32  -72  -18 
-20  12  -30 
-32  16  48 
-14  -16  76 

//Reference=MNI 
//nullstudy_72
//Subjects=10
-38  -56  -14 
-6  34  -26 
12  54  -4 
12  8  -18 
-56  -24  -8 
6  50  2 
-56  2  -32 
-30  16  6 

//Reference=MNI 
//nullstudy_73
//Subjects=11
-18  32  -28 
-44  -50  -56 
-4  -60  -52 
-6  62  -18 
32  42  -10 
40  48  32 
-6  -66  -10 
-10  -54  14 

//Reference=MNI 
//nullstudy_74
//Subjects=13
-18  12  62 
34  62  -10 
-42  -56  50 
-40  8  -38 
-52  -12  52 
16  36  18 
26  54  22 
10  40  22 

//Reference=MNI 
//nullstudy_75
//Subjects=11
-32  12  -2 
-38  -80  8 
-8  14  -14 
12  38  24 
44  6  50 
-8  52  40 
36  34  50 
30  8  -24 

//Reference=MNI 
//nullstudy_76
//Subjects=9
10  6  72 
-40  -54  48 
-40  -80  12 
-58  -6  -16 
-34  -58  30 
-26  -92  4 
-4  -82  -12 
-30  -68  -8 

//Reference=MNI 
//nullstudy_77
//Subjects=10
-54  -56  -8 
-16  -86  26 
-30  -60  -36 
-18  -22  6 
-34  -24  44 
-12  -58  -56 
40  52  2 
18  12  -8 

//Reference=MNI 
//nullstudy_78
//Subjects=10
-28  -76  -54 
-34  -46  -18 
-62  -30  -22 
-12  12  38 
-24  -60  -36 
-38  18  4 
58  6  -12 
-26  -36  -22 

//Reference=MNI 
//nullstudy_79
//Subjects=8
-26  14  40 
-56  -16  38 
4  68  6 
-10  -68  -40 
-26  40  -22 
-28  -88  6 
26  44  12 
-36  -66  14 

//Reference=MNI 
//nullstudy_80
//Subjects=10
60  20  4 
-24  -12  6 
-40  8  54 
-48  20  -32 
16  56  32 
-24  -92  -22 
-68  -12  -6 
-2  8  24 

//Reference=MNI 
//nullstudy_81
//Subjects=11
6  14  -28 
-36  -32  -32 
-24  42  -8 
-28  -26  12 
-56  -62  40 
56  4  -14 
40  40  -16 
-14  -84  46 

//Reference=MNI 
//nullstudy_82
//Subjects=10
42  16  28 
34  10  16 
-8  -8  24 
-28  26  48 
-18  -78  -46 
-44  40  16 
-28  -78  52 
56  20  22 

//Reference=MNI 
//nullstudy_83
//Subjects=11
24  2  -40 
-28  -78  -16 
-12  -56  -60 
-32  54  14 
46  12  -42 
-6  -76  -28 
-50  -30  36 
18  38  56 

//Reference=MNI 
//nullstudy_84
//Subjects=9
34  42  -14 
-58  -18  36 
28  40  48 
-6  52  -26 
56  22  14 
-36  -74  -32 
-52  -18  14 
28  18  62 

//Reference=MNI 
//nullstudy_85
//Subjects=9
-4  2  74 
-56  -52  46 
-24  -80  -32 
-34  34  -2 
38  62  -10 
-4  -78  -18 
-24  2  -32 
0  30  60 

//Reference=MNI 
//nullstudy_86
//Subjects=9
-44  -74  -46 
-12  -78  -50 
-52  -2  10 
-40  -46  -38 
-42  6  40 
-34  -52  -26 
-44  30  -20 
-12  -8  -14 

//Reference=MNI 
//nullstudy_87
//Subjects=10
-20  -20  -24 
24  32  -10 
-4  -16  -26 
-46  16  42 
-8  0  48 
-44  -72  12 
2  32  38 
2  24  30 

//Reference=MNI 
//nullstudy_88
//Subjects=10
-4  10  2 
-30  22  -26 
6  60  22 
-36  -62  50 
-34  24  34 
22  14  -28 
10  14  16 
-52  -34  52 

//Reference=MNI 
//nullstudy_89
//Subjects=10
-4  50  -22 
28  38  -18 
54  4  16 
-30  -6  10 
-32  -48  40 
-20  -48  56 
0  10  -16 
-42  -44  -18 

//Reference=MNI 
//nullstudy_90
//Subjects=12
-54  -38  -26 
-8  -24  -32 
-40  -48  -38 
-52  -42  20 
-52  -58  -36 
-20  -26  18 
8  32  56 
-16  -66  -46 

//Reference=MNI 
//nullstudy_91
//Subjects=10
-36  -2  52 
-14  -68  48 
-52  -56  22 
-16  -86  -6 
42  14  -12 
-12  -18  74 
-68  -42  14 
32  44  14 

//Reference=MNI 
//nullstudy_92
//Subjects=11
-60  -16  -16 
-36  22  46 
-2  -94  -8 
-32  -2  50 
-60  -4  -28 
12  8  22 
-12  -72  -34 
-20  12  -38 

//Reference=MNI 
//nullstudy_93
//Subjects=9
-14  -48  66 
-28  -58  38 
-20  12  -26 
-50  4  30 
12  66  -12 
-26  -80  -28 
-44  -62  -18 
-50  -8  -46 

//Reference=MNI 
//nullstudy_94
//Subjects=10
-20  -2  -46 
-44  -16  -10 
-28  -80  12 
-18  -36  -32 
-48  -34  -8 
-2  -30  -18 
-28  -36  -48 
-30  -74  -32 

//Reference=MNI 
//nullstudy_95
//Subjects=11
18  6  -42 
-24  -64  -18 
-2  -82  -24 
8  68  8 
-14  -72  -38 
-50  -10  -42 
-54  8  -28 
-2  -48  -60 

//Reference=MNI 
//nullstudy_96
//Subjects=10
-34  -8  52 
-22  -54  -6 
-52  34  6 
-14  -92  -6 
30  58  -12 
-6  -72  -34 
-8  -46  56 
-56  -50  4 

//Reference=MNI 
//nullstudy_97
//Subjects=9
-10  -80  12 
-22  -50  70 
-32  -84  -30 
-20  58  -8 
-24  -2  58 
30  14  -26 
-4  -44  18 
-40  -88  18 

//Reference=MNI 
//nullstudy_98
//Subjects=10
14  14  -4 
-4  44  44 
-38  -70  52 
-18  20  54 
-22  -90  10 
10  28  -30 
-20  -52  -34 
-24  64  12 

//Reference=MNI 
//nullstudy_99
//Subjects=10
46  4  56 
-50  2  34 
-2  18  56 
-38  -62  -26 
56  6  44 
0  58  32 
-58  -6  42 
-6  34  -20 

//Reference=MNI 
//nullstudy_100
//Subjects=9
-42  30  -12 
12  34  -22 
-10  -68  52 
-54  -56  -2 
-12  32  48 
-12  -20  20 
-8  44  16 
10  22  44 

