//Reference=MNI 
//truestudy_1
//Subjects=31
45  -64  -6 
48  -64  -6 
46  -66  -6 
47  -66  -5 
46  -64  -6 
46  -66  -7 
46  -65  -5 
47  -66  -6 

//Reference=MNI 
//truestudy_2
//Subjects=31
47  -66  -8 
46  -65  -7 
46  -67  -6 
45  -64  -7 
45  -66  -7 
45  -68  -5 
46  -67  -5 
47  -66  -6 

//Reference=MNI 
//truestudy_3
//Subjects=29
47  -69  -6 
45  -65  -6 
45  -66  -5 
44  -65  -6 
45  -67  -5 
46  -65  -5 
46  -66  -9 
47  -64  -5 

//Reference=MNI 
//nullstudy_1
//Subjects=31
-36  -56  -20 
-50  -50  52 
-14  -84  20 
-6  -42  70 
-34  24  14 
-20  -100  14 
-50  -40  10 
0  50  20 

//Reference=MNI 
//nullstudy_2
//Subjects=31
42  40  32 
-2  -86  22 
-38  -64  10 
-44  -54  -16 
-10  -20  72 
-6  -38  -26 
-14  -30  -16 
-12  46  -12 

//Reference=MNI 
//nullstudy_3
//Subjects=29
-4  56  32 
-12  -2  -4 
-12  12  -28 
-2  -92  -18 
-46  22  -32 
-42  -54  4 
-66  -46  4 
22  44  48 

//Reference=MNI 
//nullstudy_4
//Subjects=30
-14  -80  -10 
-2  52  20 
38  10  44 
4  70  2 
34  2  10 
-64  -36  10 
-28  14  54 
-14  -48  42 

//Reference=MNI 
//nullstudy_5
//Subjects=28
-2  -4  30 
-18  -22  14 
-24  -34  -10 
-38  12  -18 
-60  -66  0 
-38  -32  -30 
8  16  42 
-16  -52  -42 

//Reference=MNI 
//nullstudy_6
//Subjects=30
2  30  44 
24  66  6 
-36  62  -4 
-66  -22  16 
-42  -20  -22 
24  34  30 
0  14  36 
-38  -22  -36 

//Reference=MNI 
//nullstudy_7
//Subjects=29
10  28  28 
-22  -38  -36 
-64  -24  0 
64  4  14 
-60  -42  46 
-20  48  18 
-8  -4  56 
0  42  -4 

//Reference=MNI 
//nullstudy_8
//Subjects=29
-56  -40  34 
-40  -66  28 
-28  -50  40 
-12  -4  -36 
-34  -74  -26 
-2  -84  -26 
10  62  -24 
-42  22  20 

//Reference=MNI 
//nullstudy_9
//Subjects=30
32  48  8 
-44  42  -10 
8  12  14 
-62  -32  14 
-10  -60  4 
-42  -54  -42 
42  14  0 
-4  46  -10 

//Reference=MNI 
//nullstudy_10
//Subjects=31
-38  -34  38 
38  20  26 
-44  -8  -16 
8  42  -22 
-64  -38  22 
-40  36  12 
-2  -48  -14 
-2  42  -6 

//Reference=MNI 
//nullstudy_11
//Subjects=30
-14  12  64 
-36  -6  10 
-34  -68  36 
-2  -64  -52 
-32  -8  16 
2  24  -12 
-28  36  -8 
-16  -64  -58 

//Reference=MNI 
//nullstudy_12
//Subjects=30
14  66  -14 
-10  -44  56 
34  4  38 
42  20  50 
-46  30  38 
56  10  -16 
-44  -12  12 
22  34  -10 

//Reference=MNI 
//nullstudy_13
//Subjects=28
-64  -50  10 
-20  48  16 
4  56  20 
38  28  -18 
-12  -10  -12 
-2  54  26 
-34  -74  52 
-30  -94  -14 

//Reference=MNI 
//nullstudy_14
//Subjects=31
-4  -52  -4 
-28  -12  -10 
-50  -46  -20 
-32  -72  -18 
-2  -50  42 
62  8  -2 
-66  -42  -20 
-30  -62  -60 

//Reference=MNI 
//nullstudy_15
//Subjects=31
56  18  -12 
20  64  6 
-50  -56  -28 
28  12  -18 
-14  28  4 
-2  62  22 
-6  42  24 
-6  -10  60 

//Reference=MNI 
//nullstudy_16
//Subjects=32
-52  -58  -32 
56  30  26 
-12  66  -14 
-58  -18  48 
-54  22  26 
-48  14  24 
44  20  54 
-14  32  54 

//Reference=MNI 
//nullstudy_17
//Subjects=28
-12  36  50 
10  50  12 
-28  -48  -48 
-34  -44  40 
-14  -48  56 
-44  6  -20 
-26  40  -22 
-66  -4  -16 

//Reference=MNI 
//nullstudy_18
//Subjects=30
-6  -16  -18 
-14  -66  60 
-30  6  -20 
-2  8  42 
6  24  -6 
-8  -6  50 
36  60  4 
-8  46  28 

//Reference=MNI 
//nullstudy_19
//Subjects=29
32  18  60 
18  60  -8 
14  54  4 
-14  -70  -40 
-10  18  -4 
-20  -6  -26 
22  4  -34 
-32  -44  -22 

//Reference=MNI 
//nullstudy_20
//Subjects=30
-26  0  12 
8  6  46 
-6  -46  60 
-48  -70  -22 
6  60  30 
-40  42  -16 
-32  -66  30 
-34  2  30 

//Reference=MNI 
//nullstudy_21
//Subjects=29
-26  -54  -6 
-18  -36  -40 
26  56  26 
-48  -42  44 
50  22  12 
-40  -56  -36 
-40  -26  50 
-50  8  -30 

//Reference=MNI 
//nullstudy_22
//Subjects=30
-42  -48  -20 
-12  44  10 
14  18  56 
-46  2  44 
-10  -84  18 
-66  -24  -24 
-8  56  -10 
38  30  2 

//Reference=MNI 
//nullstudy_23
//Subjects=31
-36  16  10 
4  32  -4 
-32  24  -20 
-48  16  26 
-2  -26  -40 
-10  -90  -22 
40  14  8 
-36  -38  42 

//Reference=MNI 
//nullstudy_24
//Subjects=30
-52  -12  38 
30  28  -8 
-18  52  -18 
-54  -10  34 
-40  4  -48 
-12  -46  -10 
32  42  -10 
-14  -36  56 

//Reference=MNI 
//nullstudy_25
//Subjects=29
-18  -60  -22 
-28  16  -12 
-48  -38  -24 
-14  2  -4 
-18  -92  -20 
-42  -42  -38 
8  4  -6 
-2  -52  -68 

//Reference=MNI 
//nullstudy_26
//Subjects=31
16  38  16 
26  46  -14 
34  14  -12 
-2  -32  -32 
52  22  18 
22  6  48 
2  46  -26 
-20  -24  70 

//Reference=MNI 
//nullstudy_27
//Subjects=29
-2  30  10 
-16  -46  72 
40  12  -26 
6  6  4 
14  12  50 
-16  18  -4 
-56  -60  -20 
-22  -54  58 

//Reference=MNI 
//nullstudy_28
//Subjects=30
-28  16  58 
-34  62  -4 
-26  -64  -40 
-30  -6  -46 
-26  40  -20 
-42  -46  28 
6  18  -18 
14  6  -16 

//Reference=MNI 
//nullstudy_29
//Subjects=32
-22  -26  -12 
56  26  26 
-66  -30  -14 
-24  -16  -36 
14  2  -12 
-58  -36  40 
-44  -8  -28 
-28  -30  56 

//Reference=MNI 
//nullstudy_30
//Subjects=31
-58  14  0 
4  6  -20 
-16  40  -22 
-40  -54  -48 
-2  22  -10 
-4  -2  -20 
-34  -30  -10 
-20  -30  -40 

//Reference=MNI 
//nullstudy_31
//Subjects=30
-66  -46  28 
-46  -48  32 
-20  -58  -56 
-16  -70  54 
-28  -46  14 
-20  -36  -44 
54  18  0 
-16  -56  -58 

//Reference=MNI 
//nullstudy_32
//Subjects=31
-2  -28  28 
-60  2  -22 
-38  -62  6 
-8  -22  14 
-12  -50  -36 
-56  24  22 
-2  56  -26 
-28  -52  -50 

//Reference=MNI 
//nullstudy_33
//Subjects=29
22  48  34 
-34  -48  -10 
0  58  34 
-6  -92  -16 
22  2  54 
-34  -60  48 
-42  -22  2 
-22  -30  76 

//Reference=MNI 
//nullstudy_34
//Subjects=31
-46  -74  -22 
50  26  10 
30  24  50 
-42  -12  50 
40  34  -10 
6  46  54 
16  44  -6 
-52  22  12 

//Reference=MNI 
//nullstudy_35
//Subjects=31
-4  -76  -18 
34  6  62 
-40  -6  -34 
10  44  -24 
-30  60  -8 
48  8  56 
-34  -8  10 
4  40  50 

//Reference=MNI 
//nullstudy_36
//Subjects=31
-22  -42  66 
52  18  -16 
-24  4  -44 
-16  -28  -18 
-66  -36  -20 
-2  -8  32 
-44  -48  -10 
14  30  -26 

//Reference=MNI 
//nullstudy_37
//Subjects=30
42  22  -32 
-16  -4  74 
-28  -78  -24 
42  28  12 
-8  -104  8 
-4  38  -28 
34  16  10 
-28  -24  58 

//Reference=MNI 
//nullstudy_38
//Subjects=30
-34  -78  2 
-18  -34  -16 
-18  -102  0 
-20  -50  -60 
-10  -44  50 
-44  -44  -26 
24  24  38 
-8  -36  48 

//Reference=MNI 
//nullstudy_39
//Subjects=28
-12  -70  44 
-36  16  26 
-26  -84  -14 
-38  30  -12 
-70  -26  -12 
-34  -6  -2 
22  32  34 
-44  -72  32 

//Reference=MNI 
//nullstudy_40
//Subjects=30
-46  6  -8 
-2  -66  -22 
-2  46  34 
-28  22  42 
-24  18  -14 
-36  0  -46 
12  10  72 
-34  -32  46 

//Reference=MNI 
//nullstudy_41
//Subjects=28
-36  -84  -22 
-22  -50  8 
-14  -104  -14 
-38  -40  18 
-58  -70  10 
8  10  -2 
50  8  44 
-44  -38  -30 

//Reference=MNI 
//nullstudy_42
//Subjects=31
-30  10  -14 
-36  -24  -14 
-52  -30  14 
-8  40  4 
50  26  10 
42  54  -8 
-14  -72  58 
-24  -52  -26 

//Reference=MNI 
//nullstudy_43
//Subjects=30
4  34  -32 
-60  -48  -12 
2  38  24 
-48  -66  6 
-32  -18  4 
-38  -42  56 
26  52  -6 
34  54  -16 

//Reference=MNI 
//nullstudy_44
//Subjects=29
-10  -74  40 
-24  36  50 
-10  8  44 
62  12  8 
-22  -54  40 
-8  -12  38 
-2  8  28 
-28  60  6 

//Reference=MNI 
//nullstudy_45
//Subjects=30
-24  -32  -10 
4  52  -24 
-8  -30  -12 
34  6  -28 
48  32  38 
-6  0  38 
-46  -52  -8 
-14  -50  62 

//Reference=MNI 
//nullstudy_46
//Subjects=30
-20  62  -12 
52  6  30 
-36  -50  -54 
-22  40  -20 
44  16  20 
-6  -44  -12 
-28  -76  -10 
-24  -58  -12 

//Reference=MNI 
//nullstudy_47
//Subjects=32
-8  -66  -36 
-10  24  44 
-6  50  -20 
-26  -84  14 
-62  -48  8 
-12  -56  60 
-34  -14  8 
-44  -20  10 

//Reference=MNI 
//nullstudy_48
//Subjects=30
-52  0  22 
2  14  -8 
-52  -4  30 
-16  -2  76 
-52  -60  -10 
-14  2  18 
-24  4  4 
4  36  22 

//Reference=MNI 
//nullstudy_49
//Subjects=29
-28  -64  60 
-4  -16  16 
-22  -84  28 
-12  -68  2 
-22  -70  36 
-4  -58  -60 
-16  -94  -20 
-20  20  -14 

//Reference=MNI 
//nullstudy_50
//Subjects=30
16  32  58 
-6  -48  12 
-36  -60  10 
-22  14  -16 
-32  -10  12 
-24  -40  60 
-12  -50  38 
-30  -20  -4 

//Reference=MNI 
//nullstudy_51
//Subjects=31
-16  -84  -18 
-12  44  2 
-14  -86  28 
-14  -72  -8 
-34  -90  -26 
-4  -24  -28 
-10  62  6 
-4  -84  44 

//Reference=MNI 
//nullstudy_52
//Subjects=29
38  8  -8 
-56  8  -4 
-58  -8  12 
-28  0  -38 
-54  -36  40 
-14  48  44 
-68  -40  -6 
-38  6  14 

//Reference=MNI 
//nullstudy_53
//Subjects=30
-6  -62  -52 
-22  -92  32 
-34  30  -18 
-50  -8  46 
0  66  2 
-36  -2  -10 
-30  14  0 
28  8  -30 

//Reference=MNI 
//nullstudy_54
//Subjects=29
-32  -8  2 
8  14  16 
26  38  42 
-50  -8  50 
-8  -16  -16 
-6  -14  44 
-52  -24  30 
22  48  14 

//Reference=MNI 
//nullstudy_55
//Subjects=30
-14  -6  -10 
-18  -28  -22 
42  32  24 
-8  -28  -14 
2  6  -22 
-70  -38  -8 
-14  16  -6 
-58  -18  -2 

//Reference=MNI 
//nullstudy_56
//Subjects=28
-2  -68  0 
-16  -24  76 
8  44  44 
-22  2  10 
-24  -42  20 
40  60  10 
18  14  50 
36  26  42 

//Reference=MNI 
//nullstudy_57
//Subjects=32
-30  -58  6 
38  30  -16 
-22  -12  -14 
-28  -82  42 
-50  -22  -34 
-30  -68  -30 
-6  62  18 
24  12  -20 

//Reference=MNI 
//nullstudy_58
//Subjects=32
-16  -36  42 
-4  -58  -2 
-44  -50  38 
-40  36  8 
48  52  6 
-38  -66  -60 
-48  -36  4 
-14  -50  0 

//Reference=MNI 
//nullstudy_59
//Subjects=30
-2  -64  -6 
-20  -90  -6 
-54  -2  -32 
-12  12  0 
-14  -58  12 
36  8  -32 
40  16  0 
-58  -6  0 

//Reference=MNI 
//nullstudy_60
//Subjects=30
56  12  16 
54  20  -4 
-38  -14  62 
-54  -46  -16 
-26  -52  -32 
2  44  28 
-64  -8  -8 
44  4  -44 

//Reference=MNI 
//nullstudy_61
//Subjects=28
-34  20  -32 
-36  28  6 
-58  -60  -28 
-42  -22  10 
-24  -46  -6 
16  30  6 
-46  -72  -8 
-40  -40  -38 

//Reference=MNI 
//nullstudy_62
//Subjects=30
-48  -42  40 
-18  34  54 
-4  8  28 
40  56  0 
-22  6  -10 
34  4  -20 
-8  4  60 
-18  38  44 

//Reference=MNI 
//nullstudy_63
//Subjects=30
-48  -70  -32 
-24  50  -16 
0  30  -32 
-28  -22  -22 
-42  -58  -24 
-2  68  -4 
-26  46  10 
-20  44  -24 

//Reference=MNI 
//nullstudy_64
//Subjects=30
-12  18  6 
-18  -40  -16 
-12  -26  -22 
-58  -18  32 
-34  -22  14 
-4  46  32 
60  2  -2 
-12  -24  10 

//Reference=MNI 
//nullstudy_65
//Subjects=31
-26  -12  -12 
-54  -62  16 
-4  -62  -56 
46  48  16 
-42  -28  6 
-38  28  -10 
54  12  -22 
-12  -42  68 

//Reference=MNI 
//nullstudy_66
//Subjects=31
-12  -94  -10 
-56  14  4 
-28  24  6 
4  14  22 
-40  -68  -26 
-38  4  22 
22  16  -4 
-36  0  -42 

//Reference=MNI 
//nullstudy_67
//Subjects=30
-22  2  -24 
-2  -32  -36 
-48  -24  -8 
42  26  26 
-34  -70  -38 
-22  6  -38 
-34  -64  42 
-24  -100  -14 

//Reference=MNI 
//nullstudy_68
//Subjects=31
-44  -44  12 
-42  -30  44 
-42  36  24 
10  40  -18 
8  16  -26 
-40  18  44 
30  6  0 
-52  -68  4 

//Reference=MNI 
//nullstudy_69
//Subjects=32
-34  -42  36 
-22  -78  22 
4  54  -26 
-12  -56  32 
-22  18  2 
-30  -52  68 
36  10  -2 
-64  -36  8 

//Reference=MNI 
//nullstudy_70
//Subjects=29
-8  -20  72 
-60  -14  14 
56  32  0 
-58  18  24 
26  26  48 
26  2  -14 
30  42  -22 
38  4  28 

//Reference=MNI 
//nullstudy_71
//Subjects=30
-48  -42  -14 
-52  34  -10 
18  60  12 
-60  -4  2 
-46  -68  -12 
48  24  12 
34  64  -6 
-12  46  14 

//Reference=MNI 
//nullstudy_72
//Subjects=29
-4  -6  36 
-32  -16  44 
20  16  54 
26  68  -2 
16  58  6 
-2  -38  -60 
-18  -14  -26 
32  10  -12 

//Reference=MNI 
//nullstudy_73
//Subjects=30
16  24  -2 
-44  -80  14 
28  66  14 
48  16  -30 
-42  50  -6 
-32  52  28 
-48  -78  0 
14  68  8 

//Reference=MNI 
//nullstudy_74
//Subjects=30
-56  -36  -20 
-40  -36  6 
-38  2  -6 
28  56  26 
2  58  -2 
-52  -12  30 
-46  -38  24 
48  6  50 

//Reference=MNI 
//nullstudy_75
//Subjects=30
-24  -88  36 
-10  -42  34 
-38  -32  -12 
-18  12  -4 
42  16  8 
-2  0  10 
-62  -44  -24 
-44  0  -40 

//Reference=MNI 
//nullstudy_76
//Subjects=32
-44  46  10 
-38  -68  -52 
-2  60  14 
8  42  18 
30  10  14 
-36  46  4 
-4  -26  68 
-14  12  -16 

//Reference=MNI 
//nullstudy_77
//Subjects=29
-48  -62  -52 
-44  -26  40 
-40  -76  16 
-30  8  -8 
-24  42  32 
-22  0  -36 
-14  -92  -40 
6  28  -6 

//Reference=MNI 
//nullstudy_78
//Subjects=29
-4  52  42 
20  18  -28 
24  8  -14 
-40  -32  36 
34  10  -4 
-42  -12  64 
2  26  24 
-8  -72  36 

//Reference=MNI 
//nullstudy_79
//Subjects=32
-2  -36  54 
-50  44  -6 
-60  -2  24 
-20  -52  -22 
-30  -60  42 
-28  -62  -38 
-10  46  -22 
38  46  30 

//Reference=MNI 
//nullstudy_80
//Subjects=31
22  8  -40 
-60  -46  36 
-2  34  46 
24  22  -32 
-56  -46  -26 
-6  6  -2 
-48  -34  50 
-44  -34  60 

//Reference=MNI 
//nullstudy_81
//Subjects=30
-44  -72  22 
-30  -90  -20 
46  10  34 
-16  60  28 
-20  50  -16 
-52  12  26 
-54  -6  -24 
-28  -22  60 

//Reference=MNI 
//nullstudy_82
//Subjects=28
26  34  38 
-30  6  46 
-42  -78  18 
-16  -104  -10 
-28  -100  -6 
-14  -44  -16 
24  18  46 
0  58  -4 

//Reference=MNI 
//nullstudy_83
//Subjects=27
-12  -36  58 
54  12  -2 
-16  62  24 
-10  -72  -44 
-16  36  -28 
-32  -86  -8 
-14  68  -8 
-6  52  18 

//Reference=MNI 
//nullstudy_84
//Subjects=30
-42  8  -32 
38  20  6 
-50  22  -24 
-36  22  38 
-6  -26  -36 
-2  -66  50 
-38  -50  66 
-34  60  6 

//Reference=MNI 
//nullstudy_85
//Subjects=32
-40  -86  -26 
6  10  -16 
-36  4  58 
52  6  -16 
-8  -16  14 
-6  32  52 
-6  -54  -20 
-52  -8  20 

//Reference=MNI 
//nullstudy_86
//Subjects=30
-8  -60  -6 
-8  -100  6 
-18  -82  22 
22  2  60 
-26  -82  -44 
-4  -88  40 
32  26  50 
-18  -38  -34 

//Reference=MNI 
//nullstudy_87
//Subjects=30
-42  -22  -4 
2  6  -20 
-32  12  -14 
34  20  -28 
38  26  50 
20  14  -16 
-12  42  6 
-36  -82  -18 

//Reference=MNI 
//nullstudy_88
//Subjects=32
12  34  20 
-28  -58  50 
-24  -82  -12 
42  20  14 
12  8  -26 
-10  6  70 
-16  -78  16 
-16  62  8 

//Reference=MNI 
//nullstudy_89
//Subjects=29
-30  38  30 
-50  2  46 
-48  18  48 
-32  40  20 
26  58  2 
-50  -66  30 
54  34  26 
-8  -12  12 

//Reference=MNI 
//nullstudy_90
//Subjects=30
-12  -16  14 
-16  -70  -6 
-16  -62  58 
-2  -40  -18 
-42  -4  58 
-58  -2  -14 
-24  32  44 
-26  -62  58 

//Reference=MNI 
//nullstudy_91
//Subjects=30
-34  -42  -54 
14  4  -10 
-12  -66  -60 
-54  -26  58 
-12  -8  64 
-58  -24  -2 
0  20  -26 
0  54  -16 

//Reference=MNI 
//nullstudy_92
//Subjects=30
-16  -72  -24 
6  46  4 
12  14  10 
-22  -70  -48 
-12  14  6 
-58  -48  -18 
-70  -30  2 
-46  36  -18 

//Reference=MNI 
//nullstudy_93
//Subjects=30
-58  -52  30 
-6  8  -10 
-50  -20  30 
14  8  -24 
-6  20  -20 
-38  48  0 
-6  -82  44 
-54  38  -4 

//Reference=MNI 
//nullstudy_94
//Subjects=30
10  8  70 
-40  -76  -40 
-12  -4  -34 
-2  28  36 
-60  -56  2 
40  8  4 
-18  -78  32 
0  42  16 

//Reference=MNI 
//nullstudy_95
//Subjects=31
-64  -12  24 
20  14  0 
54  6  0 
2  52  -28 
-54  -54  16 
10  72  8 
-28  -50  54 
-60  -64  -14 

//Reference=MNI 
//nullstudy_96
//Subjects=29
30  24  -26 
-2  -74  60 
-50  -30  24 
12  2  54 
28  8  -42 
8  56  40 
-24  24  -26 
-18  -40  56 

//Reference=MNI 
//nullstudy_97
//Subjects=30
-38  18  -20 
40  22  42 
-36  -38  -18 
-22  -42  -52 
-16  8  22 
18  18  -22 
-20  -76  -20 
52  10  -8 

//Reference=MNI 
//nullstudy_98
//Subjects=30
16  2  26 
-16  -40  -52 
-52  14  -24 
-52  -6  -8 
0  6  8 
-56  -56  32 
20  50  10 
26  56  22 

//Reference=MNI 
//nullstudy_99
//Subjects=30
-44  14  -42 
-20  40  40 
-36  -6  60 
-48  -86  -2 
-16  -34  62 
-18  38  -24 
-48  -10  -44 
-12  -28  64 

//Reference=MNI 
//nullstudy_100
//Subjects=30
-34  18  -8 
26  48  6 
-50  -2  24 
0  32  34 
-38  -28  44 
-36  -84  -40 
-50  -36  26 
4  12  0 

