//Reference=MNI 
//truestudy_1
//Subjects=30
46  -66  -6 
47  -65  -6 
46  -66  -5 
47  -65  -6 
46  -67  -5 
45  -67  -5 
47  -67  -4 
47  -66  -5 

//Reference=MNI 
//truestudy_2
//Subjects=31
48  -65  -7 
45  -66  -8 
47  -67  -5 
46  -66  -5 
48  -66  -6 
45  -66  -7 
47  -66  -5 
46  -68  -6 

//Reference=MNI 
//truestudy_3
//Subjects=30
46  -65  -5 
46  -68  -6 
49  -64  -8 
46  -67  -5 
44  -66  -6 
46  -65  -7 
47  -65  -7 
47  -65  -6 

//Reference=MNI 
//nullstudy_1
//Subjects=30
-22  -34  24 
-4  50  42 
-40  -84  -12 
-50  -48  46 
-52  -28  10 
-38  -54  -16 
-26  -68  30 
-40  -70  44 

//Reference=MNI 
//nullstudy_2
//Subjects=31
-4  -30  72 
-20  52  -16 
-24  34  52 
-36  22  4 
-28  -22  74 
-24  -48  -44 
24  44  40 
10  58  20 

//Reference=MNI 
//nullstudy_3
//Subjects=30
-36  36  6 
-28  56  12 
-32  -6  56 
-58  -32  12 
-28  -76  -32 
-8  -68  4 
-14  -36  56 
-54  -20  34 

//Reference=MNI 
//nullstudy_4
//Subjects=28
-34  4  -26 
-16  -82  -40 
-20  -62  -56 
-30  -78  -20 
-14  -50  54 
-2  -60  -48 
-28  -84  -40 
14  24  -18 

//Reference=MNI 
//nullstudy_5
//Subjects=30
-32  16  6 
-34  32  -14 
-68  -34  -14 
-54  -74  -6 
60  14  12 
4  64  30 
-6  -46  46 
-30  4  -6 

//Reference=MNI 
//nullstudy_6
//Subjects=30
-2  42  44 
-24  -4  46 
-48  -62  -30 
34  6  30 
-26  -80  50 
-4  -74  44 
-34  40  10 
-46  -2  52 

//Reference=MNI 
//nullstudy_7
//Subjects=31
20  6  -10 
-18  -12  -12 
56  32  22 
-10  -24  -14 
-26  66  16 
-52  -46  14 
-12  -24  -28 
0  20  58 

//Reference=MNI 
//nullstudy_8
//Subjects=30
-52  -4  36 
-28  -28  74 
-52  -18  -32 
4  54  6 
-66  -52  12 
-64  -56  8 
34  38  -10 
-42  54  10 

//Reference=MNI 
//nullstudy_9
//Subjects=30
30  32  0 
-70  -24  -8 
-22  -72  -20 
-34  -42  38 
-40  -62  -24 
-30  -88  -38 
-18  -40  -20 
-20  -74  26 

//Reference=MNI 
//nullstudy_10
//Subjects=30
-16  14  0 
-40  -66  20 
-38  -24  -28 
-8  -82  -46 
-58  -4  40 
-54  -30  50 
-34  36  34 
-46  -44  28 

//Reference=MNI 
//nullstudy_11
//Subjects=30
-50  -50  52 
-26  -14  -38 
-8  8  42 
4  8  52 
6  38  -6 
-20  4  0 
-10  -24  42 
4  18  48 

//Reference=MNI 
//nullstudy_12
//Subjects=29
-18  56  30 
-30  -46  -26 
42  6  26 
-12  -72  18 
28  44  -8 
40  16  -4 
-4  -94  18 
-34  -58  26 

//Reference=MNI 
//nullstudy_13
//Subjects=30
-34  -62  18 
-28  28  32 
-54  -2  18 
-10  -82  36 
52  4  -22 
-8  -78  -50 
-30  -34  -30 
-42  42  24 

//Reference=MNI 
//nullstudy_14
//Subjects=29
-6  -16  22 
-20  -74  48 
-46  8  46 
-20  -66  60 
-14  -48  -30 
-16  60  20 
-34  -60  34 
-20  -76  -46 

//Reference=MNI 
//nullstudy_15
//Subjects=30
-50  -74  12 
-50  -64  -48 
-24  -98  20 
-46  6  50 
-26  -12  52 
-22  -70  54 
-6  -58  -42 
-30  0  -40 

//Reference=MNI 
//nullstudy_16
//Subjects=29
-26  -64  54 
-56  -34  6 
-4  -90  -32 
-54  -46  8 
-42  50  -14 
-36  60  -12 
-56  18  2 
-26  -20  -30 

//Reference=MNI 
//nullstudy_17
//Subjects=30
36  4  0 
40  40  -22 
-2  -20  76 
-56  8  4 
12  50  50 
-26  -16  -38 
-24  -30  -6 
-30  30  30 

//Reference=MNI 
//nullstudy_18
//Subjects=28
-20  4  48 
-44  6  -32 
-20  48  -14 
-54  -56  4 
4  40  30 
-2  66  -10 
-34  4  -2 
-48  -58  -6 

//Reference=MNI 
//nullstudy_19
//Subjects=30
-48  20  -2 
-26  -30  -30 
-16  -76  2 
-10  -46  -50 
8  44  14 
-22  12  56 
6  52  -6 
-18  -102  8 

//Reference=MNI 
//nullstudy_20
//Subjects=29
-26  56  -8 
-6  32  -14 
16  40  52 
-38  50  12 
-18  -58  -8 
-24  68  -4 
-66  -40  -22 
-54  -48  -42 

//Reference=MNI 
//nullstudy_21
//Subjects=30
-44  38  4 
-2  -30  74 
-2  30  64 
34  16  -24 
-16  -36  -10 
-22  -50  -6 
38  20  22 
16  14  -36 

//Reference=MNI 
//nullstudy_22
//Subjects=29
18  14  10 
58  12  -8 
-14  -72  4 
-6  -88  -26 
-36  -70  6 
-64  -18  -20 
40  28  32 
-12  -86  22 

//Reference=MNI 
//nullstudy_23
//Subjects=30
-42  12  -28 
-20  -80  26 
-4  -40  -38 
-36  14  -8 
-16  16  -2 
-10  0  -36 
-20  -82  -36 
-16  -56  70 

//Reference=MNI 
//nullstudy_24
//Subjects=30
-32  20  -24 
-12  -92  0 
-18  -26  70 
-4  -98  10 
32  2  42 
-12  -2  40 
-16  -74  2 
-22  -50  -36 

//Reference=MNI 
//nullstudy_25
//Subjects=31
-30  -18  4 
-28  24  38 
-20  -8  -28 
-6  -20  4 
-4  -24  50 
-36  -72  -44 
-46  -2  40 
-52  -50  20 

//Reference=MNI 
//nullstudy_26
//Subjects=31
-12  -44  -30 
-38  -82  28 
-18  4  52 
-30  32  -18 
-26  -44  64 
-36  -80  -16 
-10  -52  -32 
-44  -56  4 

//Reference=MNI 
//nullstudy_27
//Subjects=30
32  2  -22 
40  28  26 
-48  -60  -4 
-16  -70  16 
-6  -90  12 
14  48  42 
-44  -32  -24 
-30  -24  -8 

//Reference=MNI 
//nullstudy_28
//Subjects=31
-10  -64  2 
-24  -34  56 
-2  -82  -20 
-2  50  -8 
-18  -32  12 
-46  -6  10 
-36  -40  -14 
-6  -48  42 

//Reference=MNI 
//nullstudy_29
//Subjects=30
-16  56  -10 
-46  -50  36 
-10  0  12 
-48  -28  44 
-36  -64  -32 
-32  -52  60 
6  18  -2 
-24  -32  62 

//Reference=MNI 
//nullstudy_30
//Subjects=31
-48  -58  -30 
-38  -68  22 
-16  -94  -10 
-2  0  6 
-16  -70  6 
-54  -20  18 
-16  24  -22 
-44  -34  20 

//Reference=MNI 
//nullstudy_31
//Subjects=30
-24  32  28 
-50  -44  -28 
-44  -74  -10 
-8  -76  -54 
-42  16  18 
-20  -28  78 
-54  -8  -24 
54  14  22 

//Reference=MNI 
//nullstudy_32
//Subjects=29
24  26  62 
-24  -34  16 
62  2  -2 
-8  38  -26 
-60  -44  28 
-10  -60  62 
-4  50  4 
4  68  6 

//Reference=MNI 
//nullstudy_33
//Subjects=29
-4  28  -22 
-30  -10  -30 
48  20  2 
-2  38  38 
-10  -68  -30 
2  32  -14 
-42  44  -12 
-32  20  -32 

//Reference=MNI 
//nullstudy_34
//Subjects=30
-12  -70  -12 
-26  2  56 
-38  -72  40 
6  36  32 
64  2  6 
-52  -22  -4 
-10  -6  72 
-42  26  -4 

//Reference=MNI 
//nullstudy_35
//Subjects=29
54  40  10 
28  8  -36 
-66  -32  16 
-18  30  54 
-10  -14  44 
-20  58  34 
-34  -26  -30 
-8  60  -14 

//Reference=MNI 
//nullstudy_36
//Subjects=30
-18  6  -6 
-48  28  -6 
-4  -12  46 
8  8  50 
56  38  -4 
-66  -12  18 
40  28  36 
-70  -32  -10 

//Reference=MNI 
//nullstudy_37
//Subjects=30
-6  48  -14 
-16  -28  -34 
-10  16  -28 
-68  -22  4 
-62  -22  0 
18  46  -16 
-16  50  32 
32  32  4 

//Reference=MNI 
//nullstudy_38
//Subjects=30
-32  -36  40 
-6  -42  78 
-52  -72  12 
48  24  -22 
-48  20  6 
-62  -48  28 
-68  -46  14 
-6  0  74 

//Reference=MNI 
//nullstudy_39
//Subjects=29
-22  -48  -22 
14  34  14 
-30  -10  62 
58  2  20 
-36  30  -8 
-52  12  -28 
-30  -12  -42 
-30  -54  36 

//Reference=MNI 
//nullstudy_40
//Subjects=31
38  10  32 
-34  -74  -28 
14  38  28 
-6  -38  -50 
-2  2  56 
48  22  30 
-28  -94  2 
-44  -48  -34 

//Reference=MNI 
//nullstudy_41
//Subjects=31
-32  -34  -6 
-36  -22  38 
10  58  24 
-42  -62  -12 
-58  -48  44 
-16  -40  -2 
-4  -76  -14 
24  6  56 

//Reference=MNI 
//nullstudy_42
//Subjects=29
-4  -16  66 
58  12  -18 
46  4  -46 
-8  -6  70 
-18  -12  74 
-32  -84  -12 
-44  -60  2 
-14  -60  -24 

//Reference=MNI 
//nullstudy_43
//Subjects=30
-4  24  14 
-30  -78  -10 
-22  -24  56 
-6  -94  10 
-46  34  32 
-16  -24  2 
38  18  22 
-18  -50  -32 

//Reference=MNI 
//nullstudy_44
//Subjects=29
-48  32  30 
-22  -34  72 
-58  -2  -6 
4  36  14 
-4  -32  24 
-26  -70  -56 
-14  -58  64 
-14  20  -4 

//Reference=MNI 
//nullstudy_45
//Subjects=31
-64  -42  6 
-32  12  -12 
-60  -4  34 
30  4  -38 
-6  4  38 
-42  -30  8 
-30  40  -14 
-24  -82  30 

//Reference=MNI 
//nullstudy_46
//Subjects=29
4  4  -24 
-60  -42  32 
-40  -12  -2 
-52  -76  2 
-34  34  28 
-2  -64  26 
2  38  34 
-30  -50  36 

//Reference=MNI 
//nullstudy_47
//Subjects=29
64  6  2 
46  10  -22 
-56  -72  -2 
-46  20  -34 
4  16  -22 
-54  18  -18 
-48  -24  14 
-42  -64  -46 

//Reference=MNI 
//nullstudy_48
//Subjects=31
28  20  4 
-20  -58  12 
10  20  -28 
-52  -6  -16 
2  64  14 
-2  46  6 
-44  -66  -56 
-34  -42  68 

//Reference=MNI 
//nullstudy_49
//Subjects=29
-8  -74  4 
-4  -52  18 
-4  -70  22 
0  28  -2 
-30  -70  -46 
38  48  30 
-58  -2  -2 
-4  4  28 

//Reference=MNI 
//nullstudy_50
//Subjects=30
-22  4  2 
-52  -16  10 
-40  28  46 
-40  -12  46 
-64  -8  36 
-44  -46  -22 
-40  22  -20 
-12  -84  48 

//Reference=MNI 
//nullstudy_51
//Subjects=29
-24  -84  30 
-40  22  -26 
-64  -22  8 
40  6  30 
10  6  44 
10  14  30 
46  6  2 
-20  -46  -24 

//Reference=MNI 
//nullstudy_52
//Subjects=32
-50  -34  -18 
-40  50  2 
24  36  54 
-16  -18  -18 
-4  24  16 
-12  -46  -42 
-2  -56  16 
-10  -10  14 

//Reference=MNI 
//nullstudy_53
//Subjects=30
46  40  8 
-44  -16  -24 
-52  -32  -6 
46  2  -16 
-6  42  56 
-32  -42  34 
-34  12  44 
58  6  2 

//Reference=MNI 
//nullstudy_54
//Subjects=29
-22  62  14 
-24  16  -2 
-8  6  44 
2  62  12 
-18  68  14 
-18  64  -6 
-70  -34  -10 
-32  -64  -38 

//Reference=MNI 
//nullstudy_55
//Subjects=31
-2  -36  78 
-36  -72  40 
-6  -26  -36 
2  18  8 
26  2  -30 
24  22  -36 
-66  -10  -8 
-22  -16  -22 

//Reference=MNI 
//nullstudy_56
//Subjects=30
-28  -52  50 
-26  4  -46 
-58  -50  -12 
-28  -48  6 
-64  -52  -14 
-20  -34  0 
-58  -6  34 
22  34  -22 

//Reference=MNI 
//nullstudy_57
//Subjects=30
46  10  30 
-4  66  24 
-30  56  8 
62  2  -26 
10  60  -22 
0  6  0 
54  10  -32 
-20  4  -32 

//Reference=MNI 
//nullstudy_58
//Subjects=31
54  22  -6 
-22  20  -28 
4  32  4 
-20  -78  -48 
-58  18  28 
-38  -34  -14 
-50  24  -6 
-6  -76  -26 

//Reference=MNI 
//nullstudy_59
//Subjects=30
-8  58  -6 
-32  -48  40 
-34  -22  38 
-46  -28  36 
-8  -14  20 
-24  -98  2 
-16  28  48 
-30  -44  0 

//Reference=MNI 
//nullstudy_60
//Subjects=29
28  48  32 
16  14  0 
-56  -2  20 
-20  66  -4 
-42  8  2 
-16  -4  -4 
-10  0  -16 
-12  68  -8 

//Reference=MNI 
//nullstudy_61
//Subjects=29
-4  -48  -66 
-8  -2  76 
40  40  2 
-18  -46  10 
-14  -54  -14 
26  40  20 
42  20  8 
-36  -90  20 

//Reference=MNI 
//nullstudy_62
//Subjects=28
-36  -46  56 
26  14  8 
10  62  -20 
-22  -78  -14 
-46  -58  54 
-4  -52  -18 
-56  -24  54 
-12  -60  68 

//Reference=MNI 
//nullstudy_63
//Subjects=30
2  50  -16 
-38  -46  34 
-10  -70  38 
-12  0  60 
32  20  58 
2  40  34 
20  54  16 
-34  56  4 

//Reference=MNI 
//nullstudy_64
//Subjects=31
-20  -18  -4 
-62  -28  -4 
24  8  68 
-34  -34  -10 
-28  -86  2 
-26  -94  -4 
-12  -4  -6 
-56  -50  18 

//Reference=MNI 
//nullstudy_65
//Subjects=30
-38  -50  -44 
8  18  4 
-20  -76  42 
-2  0  32 
-12  -2  -34 
-40  -24  48 
-46  -56  -8 
-58  -2  40 

//Reference=MNI 
//nullstudy_66
//Subjects=29
-16  -46  6 
-24  -48  60 
-4  -36  64 
14  34  -30 
-12  -14  12 
-20  -48  8 
18  8  64 
10  42  -12 

//Reference=MNI 
//nullstudy_67
//Subjects=30
-14  -18  36 
-2  44  -8 
46  6  54 
-68  -38  -8 
6  52  -6 
-10  -90  -42 
-48  -58  26 
-2  -46  -38 

//Reference=MNI 
//nullstudy_68
//Subjects=31
-20  -76  52 
-38  -12  62 
-22  -68  54 
-54  -62  40 
-4  24  -12 
-58  -52  -16 
-12  -12  -34 
-16  -74  30 

//Reference=MNI 
//nullstudy_69
//Subjects=30
-30  56  0 
44  50  -2 
58  18  0 
-18  -56  -30 
-52  -22  10 
-22  30  46 
-38  48  4 
-26  18  48 

//Reference=MNI 
//nullstudy_70
//Subjects=33
-38  -34  10 
14  22  62 
-44  22  16 
-20  -62  -36 
36  2  -6 
-36  -96  -6 
20  18  -34 
-12  -22  16 

//Reference=MNI 
//nullstudy_71
//Subjects=29
-42  4  -28 
-12  36  -26 
-16  -72  -54 
6  50  -14 
-2  40  -30 
-46  -10  -42 
-24  -16  64 
-48  -40  50 

//Reference=MNI 
//nullstudy_72
//Subjects=30
-44  -70  -4 
-4  -56  6 
12  52  16 
-44  -42  -48 
60  10  10 
-10  38  58 
-60  -28  38 
-24  -72  -50 

//Reference=MNI 
//nullstudy_73
//Subjects=30
-18  32  -20 
-34  30  20 
-14  -22  62 
-28  -54  -10 
0  40  -4 
-6  -72  62 
-34  4  30 
-10  -4  64 

//Reference=MNI 
//nullstudy_74
//Subjects=29
-28  2  -48 
-2  -14  32 
-4  -36  56 
-50  -28  42 
-16  -64  24 
-4  26  -24 
-12  -70  20 
-52  -54  -26 

//Reference=MNI 
//nullstudy_75
//Subjects=30
-36  10  -6 
-10  -52  36 
28  50  14 
-30  -74  46 
-8  -32  -36 
28  54  -6 
-16  20  -12 
10  18  34 

//Reference=MNI 
//nullstudy_76
//Subjects=30
-6  40  22 
-48  -6  -24 
-62  -16  40 
2  56  38 
-2  -56  26 
-42  -2  -50 
-10  -36  74 
-48  -14  56 

//Reference=MNI 
//nullstudy_77
//Subjects=29
-54  36  0 
-8  -96  30 
-30  60  14 
-28  -90  -24 
-54  -70  28 
50  18  48 
-20  4  -12 
-8  16  66 

//Reference=MNI 
//nullstudy_78
//Subjects=30
-64  -58  8 
-50  -54  -30 
-60  -44  2 
34  6  -22 
46  18  50 
-50  6  -20 
-6  -28  20 
-46  -64  52 

//Reference=MNI 
//nullstudy_79
//Subjects=30
-48  18  -14 
-10  -100  -2 
-4  40  50 
-24  -84  6 
-10  -60  2 
-36  -96  -8 
26  12  2 
42  6  -18 

//Reference=MNI 
//nullstudy_80
//Subjects=29
8  64  12 
10  22  -14 
0  60  36 
-16  2  -12 
-4  -20  58 
-4  34  2 
-10  -44  72 
-26  -54  -40 

//Reference=MNI 
//nullstudy_81
//Subjects=30
-16  -32  26 
-34  -34  12 
64  4  28 
-6  -6  70 
-24  -68  -50 
0  32  32 
50  20  38 
-46  -38  42 

//Reference=MNI 
//nullstudy_82
//Subjects=30
-28  -86  -38 
48  26  -22 
-26  -68  54 
-24  20  -16 
-20  -64  58 
-10  70  -6 
-30  -54  68 
-54  -50  34 

//Reference=MNI 
//nullstudy_83
//Subjects=30
-32  -88  -14 
-2  -78  -48 
-6  -28  -4 
38  10  -24 
-10  30  -14 
-42  12  38 
-40  -16  -40 
-36  12  46 

//Reference=MNI 
//nullstudy_84
//Subjects=29
10  64  30 
-12  -58  28 
-42  -70  38 
-18  0  -6 
-30  -88  18 
-42  -14  42 
-56  -66  4 
52  24  32 

//Reference=MNI 
//nullstudy_85
//Subjects=31
-52  -68  18 
4  58  0 
-14  -52  -16 
56  4  42 
-66  -28  18 
-52  -52  22 
-22  46  6 
-38  -16  62 

//Reference=MNI 
//nullstudy_86
//Subjects=30
-62  -28  -14 
-20  -80  -28 
-22  -68  -36 
-14  -32  -30 
-26  -74  -14 
-54  -60  -16 
-8  0  66 
-34  -6  60 

//Reference=MNI 
//nullstudy_87
//Subjects=29
-22  -76  30 
-2  4  34 
-18  -76  34 
54  32  24 
44  16  -26 
-42  44  -10 
-2  18  44 
-4  -32  74 

//Reference=MNI 
//nullstudy_88
//Subjects=30
-26  50  -20 
6  68  14 
-44  -6  -6 
-30  -4  -32 
44  32  42 
-2  28  -22 
-26  -82  -2 
-56  -2  -24 

//Reference=MNI 
//nullstudy_89
//Subjects=29
-16  -100  -12 
-32  -88  20 
-2  -48  62 
-66  -52  12 
14  60  -20 
6  58  20 
-38  -34  -22 
-10  -94  26 

//Reference=MNI 
//nullstudy_90
//Subjects=29
-18  6  -12 
50  38  -16 
-20  -56  72 
-50  -6  -36 
8  12  58 
10  56  -26 
-52  -14  -6 
-36  -70  -24 

//Reference=MNI 
//nullstudy_91
//Subjects=31
-4  36  -22 
-54  8  12 
-20  36  48 
52  12  42 
-22  -74  48 
-58  -54  -24 
-64  -36  -8 
-22  -28  74 

//Reference=MNI 
//nullstudy_92
//Subjects=31
-2  2  30 
8  40  40 
-28  -78  -32 
-18  -50  -16 
-44  12  2 
-12  12  38 
-44  28  26 
-24  52  2 

//Reference=MNI 
//nullstudy_93
//Subjects=32
54  34  20 
-36  -40  60 
-10  -8  -26 
32  56  -14 
-46  -68  -8 
-30  -68  26 
-52  -58  -26 
-12  8  58 

//Reference=MNI 
//nullstudy_94
//Subjects=30
-24  12  62 
34  14  54 
46  14  -34 
-60  8  32 
-50  -76  20 
10  44  54 
-2  -20  60 
-46  -22  16 

//Reference=MNI 
//nullstudy_95
//Subjects=30
36  52  14 
-28  -96  -10 
-40  38  -10 
-60  -12  24 
-26  -46  -18 
-2  24  28 
-8  -36  72 
16  34  58 

//Reference=MNI 
//nullstudy_96
//Subjects=30
-12  44  -2 
-48  44  -8 
14  16  -18 
-30  40  -22 
-58  2  -12 
-4  8  30 
-46  -42  34 
-12  -20  10 

//Reference=MNI 
//nullstudy_97
//Subjects=30
-6  -52  -34 
-8  -82  10 
-44  14  -18 
-36  -16  2 
-6  -78  -40 
-4  -36  -22 
-46  12  -42 
-22  14  -38 

//Reference=MNI 
//nullstudy_98
//Subjects=31
-14  20  54 
8  36  -24 
-18  -68  14 
-40  6  -48 
-30  -72  -56 
-18  -56  -38 
-36  36  -10 
-10  58  22 

//Reference=MNI 
//nullstudy_99
//Subjects=29
6  6  -20 
-8  6  64 
-2  -46  -34 
14  14  -10 
-12  -66  24 
-28  -40  -24 
-20  -72  -6 
-24  68  -2 

//Reference=MNI 
//nullstudy_100
//Subjects=31
26  14  -42 
-42  -48  -50 
-34  -60  -28 
-18  0  -30 
-32  -6  60 
-20  -58  -22 
-38  34  -22 
-18  -82  -14 

