//Reference=MNI 
//truestudy_1
//Subjects=19
45  -66  -4 
45  -66  -5 
46  -66  -7 
46  -67  -5 
47  -66  -6 
46  -67  -6 
46  -68  -5 
46  -67  -5 

//Reference=MNI 
//truestudy_2
//Subjects=20
47  -66  -7 
46  -66  -5 
45  -68  -5 
46  -65  -6 
43  -66  -5 
47  -65  -6 
45  -66  -6 
47  -66  -6 

//Reference=MNI 
//truestudy_3
//Subjects=20
47  -64  -6 
45  -66  -5 
45  -65  -8 
47  -65  -6 
45  -67  -5 
46  -66  -8 
48  -65  -7 
44  -67  -7 

//Reference=MNI 
//nullstudy_1
//Subjects=19
-14  -50  -24 
-14  -70  -36 
-60  -30  24 
-60  -64  14 
-16  -12  26 
-34  -74  16 
-12  -16  0 
-18  -30  0 

//Reference=MNI 
//nullstudy_2
//Subjects=20
-56  -34  38 
-46  44  16 
-46  -22  -32 
-16  -84  30 
-34  -58  -52 
-4  0  52 
-46  -86  -8 
-28  -68  36 

//Reference=MNI 
//nullstudy_3
//Subjects=20
-44  0  34 
-62  -12  -32 
-42  -20  -18 
-10  28  64 
-12  8  -20 
-10  -72  26 
-58  -20  42 
-32  -72  -32 

//Reference=MNI 
//nullstudy_4
//Subjects=17
-36  -42  -40 
-62  -46  30 
22  16  42 
-48  -2  24 
-52  -60  0 
-50  -66  -4 
-62  4  0 
-18  -62  -6 

//Reference=MNI 
//nullstudy_5
//Subjects=20
30  6  -14 
-56  18  6 
52  12  12 
-4  -76  20 
-18  -68  60 
-38  26  18 
-54  -2  10 
-16  -76  -44 

//Reference=MNI 
//nullstudy_6
//Subjects=20
-40  -70  32 
34  2  -14 
-8  -92  -32 
-40  8  -12 
50  12  -24 
-40  -66  40 
-26  12  -14 
-36  -64  30 

//Reference=MNI 
//nullstudy_7
//Subjects=19
-58  -32  12 
-42  24  18 
-2  -62  26 
-66  -18  12 
-32  16  30 
-32  -70  -10 
-24  -56  6 
-40  10  44 

//Reference=MNI 
//nullstudy_8
//Subjects=20
12  70  -6 
-24  34  -20 
-32  -20  16 
-20  -98  6 
-2  -62  16 
-36  -52  46 
-6  -76  -2 
-50  -78  14 

//Reference=MNI 
//nullstudy_9
//Subjects=21
38  2  -22 
-8  -32  -38 
-16  -76  -40 
32  12  -30 
22  70  10 
-18  -74  16 
-54  0  26 
18  46  30 

//Reference=MNI 
//nullstudy_10
//Subjects=21
48  42  -2 
12  56  32 
16  44  -6 
-20  -62  -52 
-68  -18  -14 
-16  -70  36 
62  8  4 
-14  58  -6 

//Reference=MNI 
//nullstudy_11
//Subjects=21
-14  -74  44 
-6  -26  44 
-32  -8  46 
38  58  -8 
-36  50  2 
20  26  -28 
22  24  36 
26  2  -28 

//Reference=MNI 
//nullstudy_12
//Subjects=19
-24  -44  48 
-48  -44  -48 
-28  -14  60 
-44  22  0 
-14  -64  52 
-64  -26  18 
40  46  26 
-20  14  -22 

//Reference=MNI 
//nullstudy_13
//Subjects=18
-24  -92  24 
-32  18  60 
-2  -82  34 
-50  -12  4 
26  26  42 
20  18  12 
-10  -14  58 
-8  -14  62 

//Reference=MNI 
//nullstudy_14
//Subjects=20
-56  -36  44 
-58  -24  -14 
-40  22  -34 
-34  -36  -2 
40  34  -12 
-6  -44  -2 
-16  -78  -50 
28  32  -4 

//Reference=MNI 
//nullstudy_15
//Subjects=21
-4  -32  72 
2  56  30 
-18  -68  -28 
-30  20  0 
-42  -20  -30 
-40  14  -30 
-52  -36  -22 
-50  10  -14 

//Reference=MNI 
//nullstudy_16
//Subjects=19
-26  -62  64 
-30  54  -18 
-28  10  -14 
-14  -28  60 
-32  28  -22 
-58  0  24 
0  18  44 
-6  70  -8 

//Reference=MNI 
//nullstudy_17
//Subjects=20
24  16  56 
-40  14  -30 
12  38  48 
12  16  18 
-44  0  -20 
-28  50  28 
-58  -14  50 
-20  56  32 

//Reference=MNI 
//nullstudy_18
//Subjects=20
-44  -28  2 
-44  -6  14 
-30  54  -10 
-30  14  42 
-8  -94  4 
-2  18  -4 
44  40  32 
-50  18  32 

//Reference=MNI 
//nullstudy_19
//Subjects=18
-40  12  -6 
34  46  -20 
-50  -46  28 
52  14  34 
-26  12  -8 
28  30  -18 
-24  -48  52 
-22  -62  46 

//Reference=MNI 
//nullstudy_20
//Subjects=21
42  44  -8 
-28  -74  28 
-66  -10  16 
18  52  -10 
-2  -90  14 
-16  -70  34 
-14  -22  -14 
-50  -52  -44 

//Reference=MNI 
//nullstudy_21
//Subjects=19
42  16  -6 
-24  -48  -52 
50  12  -4 
-44  -60  54 
-54  -12  44 
-32  -8  -50 
22  40  -12 
10  62  12 

//Reference=MNI 
//nullstudy_22
//Subjects=19
-12  -10  48 
-18  22  -24 
-38  -62  14 
-54  -14  -2 
6  32  26 
-4  -88  36 
44  22  -10 
-66  -22  16 

//Reference=MNI 
//nullstudy_23
//Subjects=20
-6  -94  16 
36  12  -26 
-28  -8  -6 
-22  -94  18 
-8  0  36 
-24  0  64 
-60  6  24 
18  62  16 

//Reference=MNI 
//nullstudy_24
//Subjects=20
30  46  40 
-16  -64  -6 
-26  -68  62 
-40  -62  18 
-4  34  -12 
-34  -32  -26 
-8  -40  -12 
-10  -26  -6 

//Reference=MNI 
//nullstudy_25
//Subjects=19
-46  -76  -34 
-36  60  8 
-10  -24  50 
-50  -52  46 
-54  -62  22 
-26  -36  74 
28  4  -8 
26  54  2 

//Reference=MNI 
//nullstudy_26
//Subjects=20
-10  16  50 
-14  -82  -14 
40  60  -8 
-30  -6  -6 
-26  12  44 
-32  22  -38 
-60  -46  -2 
-30  46  -10 

//Reference=MNI 
//nullstudy_27
//Subjects=21
-2  -74  30 
-28  -82  10 
-42  -46  -10 
-28  30  0 
-36  -20  -4 
40  54  12 
-52  34  -4 
42  18  -30 

//Reference=MNI 
//nullstudy_28
//Subjects=19
-28  -48  46 
-34  48  20 
-10  -50  -18 
-20  8  56 
-8  38  40 
48  14  2 
-20  -58  48 
-52  22  24 

//Reference=MNI 
//nullstudy_29
//Subjects=20
-4  -30  42 
58  6  -30 
-2  30  2 
-12  52  2 
-42  2  46 
-34  -36  48 
14  12  -20 
-34  -52  56 

//Reference=MNI 
//nullstudy_30
//Subjects=18
-12  36  -28 
-42  -12  62 
-18  12  -14 
-30  -42  66 
0  26  42 
-4  -50  50 
-8  68  18 
-46  -20  34 

//Reference=MNI 
//nullstudy_31
//Subjects=20
-24  -48  -46 
-10  -46  72 
-66  -18  -22 
-10  24  -4 
-44  -12  20 
-46  20  42 
-44  -56  -56 
30  18  12 

//Reference=MNI 
//nullstudy_32
//Subjects=19
24  36  52 
-2  -80  28 
-12  58  20 
-12  -44  28 
36  26  44 
-8  6  62 
-14  -76  34 
-36  -38  -36 

//Reference=MNI 
//nullstudy_33
//Subjects=20
20  36  -12 
-50  -60  -16 
-6  -42  -58 
-6  24  -4 
-4  30  42 
-52  -12  32 
-56  -32  36 
-14  -60  68 

//Reference=MNI 
//nullstudy_34
//Subjects=20
-60  -66  -2 
46  30  -2 
-12  -18  80 
34  38  8 
-10  -32  -46 
-32  -60  -16 
-14  -36  -42 
-6  -46  -44 

//Reference=MNI 
//nullstudy_35
//Subjects=20
36  10  -36 
-60  -12  -2 
-18  -78  -4 
-22  26  62 
-60  2  34 
-28  -88  -12 
-40  -74  -28 
12  44  18 

//Reference=MNI 
//nullstudy_36
//Subjects=20
-6  40  -20 
-64  -14  34 
-32  12  2 
-6  -54  64 
-22  60  -4 
-24  -88  20 
-16  -22  -18 
-46  -80  2 

//Reference=MNI 
//nullstudy_37
//Subjects=20
-40  6  24 
56  4  10 
-38  -54  50 
-28  -56  -60 
-30  38  26 
-10  12  -12 
-30  -28  10 
-24  12  66 

//Reference=MNI 
//nullstudy_38
//Subjects=21
-46  -48  -46 
-66  -6  2 
-26  14  64 
-2  -20  -36 
-54  8  44 
-32  -56  -12 
52  12  -8 
-4  -96  -6 

//Reference=MNI 
//nullstudy_39
//Subjects=20
-40  -30  -26 
-50  -36  -24 
10  14  60 
-28  -92  -26 
-22  -30  -10 
-22  -60  12 
-4  46  -26 
-4  14  24 

//Reference=MNI 
//nullstudy_40
//Subjects=21
-34  24  -16 
-30  -80  38 
-34  36  14 
-4  58  2 
46  22  16 
52  10  14 
-10  2  20 
0  6  2 

//Reference=MNI 
//nullstudy_41
//Subjects=19
-12  0  -16 
62  6  2 
36  48  10 
-44  26  -10 
-46  -32  46 
-14  -82  2 
-36  -40  64 
32  12  46 

//Reference=MNI 
//nullstudy_42
//Subjects=19
-30  -58  -16 
22  2  4 
22  50  28 
-56  20  16 
38  12  52 
-22  -78  34 
-52  18  -16 
-4  0  48 

//Reference=MNI 
//nullstudy_43
//Subjects=20
-52  20  8 
42  38  -12 
-64  -10  16 
-36  -20  0 
64  2  -14 
6  10  44 
24  32  44 
-46  34  18 

//Reference=MNI 
//nullstudy_44
//Subjects=19
-44  44  6 
-38  -36  68 
-42  50  -2 
-32  12  60 
0  58  -8 
-28  -56  -6 
-42  4  -30 
6  30  12 

//Reference=MNI 
//nullstudy_45
//Subjects=21
-6  -48  -68 
62  2  -14 
-40  58  0 
-20  -58  -30 
36  30  0 
-54  -10  16 
-32  40  36 
-12  -66  -38 

//Reference=MNI 
//nullstudy_46
//Subjects=20
-42  6  -30 
-40  -58  -16 
24  26  -14 
-48  -30  40 
-56  -4  -6 
-52  28  2 
-8  62  22 
-16  -40  60 

//Reference=MNI 
//nullstudy_47
//Subjects=21
-46  12  -26 
-14  -62  -20 
24  68  6 
-24  -68  56 
26  6  -22 
-48  -78  -24 
0  54  -20 
-20  -62  0 

//Reference=MNI 
//nullstudy_48
//Subjects=21
-22  -70  48 
-38  -6  12 
-68  -38  28 
42  4  58 
34  8  -44 
6  50  -4 
-30  -44  6 
38  2  30 

//Reference=MNI 
//nullstudy_49
//Subjects=20
-54  -66  -16 
28  32  54 
-28  -58  64 
-14  -78  24 
-2  60  18 
-50  -56  28 
-48  40  10 
44  2  12 

//Reference=MNI 
//nullstudy_50
//Subjects=22
-50  10  34 
-12  -36  -46 
-22  -76  -30 
-60  -30  16 
-2  -92  24 
-40  -26  14 
12  16  -4 
-52  -42  -14 

//Reference=MNI 
//nullstudy_51
//Subjects=22
38  20  6 
-10  -14  78 
-44  0  28 
-58  -56  -30 
-40  8  40 
30  60  6 
-8  -12  -34 
-22  -76  18 

//Reference=MNI 
//nullstudy_52
//Subjects=20
-22  -4  58 
14  2  72 
-26  -2  -16 
-50  -6  12 
24  2  56 
0  50  8 
-40  -52  56 
-4  8  20 

//Reference=MNI 
//nullstudy_53
//Subjects=22
-38  28  -20 
-26  28  -2 
-44  -26  -32 
-24  36  36 
-54  -40  -14 
-54  -54  44 
-64  -44  30 
-2  -24  -22 

//Reference=MNI 
//nullstudy_54
//Subjects=19
-10  4  6 
-30  -58  -8 
-42  -64  50 
-36  40  24 
34  10  48 
-14  4  72 
-16  24  44 
22  60  2 

//Reference=MNI 
//nullstudy_55
//Subjects=20
34  44  18 
-20  -74  26 
-36  26  48 
-34  -4  0 
30  22  50 
-54  -2  -36 
-26  40  46 
-44  -54  60 

//Reference=MNI 
//nullstudy_56
//Subjects=18
-22  4  -46 
-32  -12  -42 
2  12  54 
60  2  36 
40  24  -16 
28  10  44 
-34  -16  4 
-46  -74  -36 

//Reference=MNI 
//nullstudy_57
//Subjects=21
20  4  58 
-26  -72  56 
-8  -36  -20 
-38  -38  -8 
8  10  2 
-56  -72  20 
-2  -32  -10 
-30  60  24 

//Reference=MNI 
//nullstudy_58
//Subjects=21
-62  -24  -32 
8  8  -2 
32  8  36 
-32  8  -14 
-22  54  22 
-20  -30  -2 
-32  4  -2 
-14  -6  -34 

//Reference=MNI 
//nullstudy_59
//Subjects=19
-58  16  26 
-12  12  4 
-10  14  72 
-38  -10  10 
-16  -18  62 
-4  -32  56 
-30  -24  68 
28  54  -14 

//Reference=MNI 
//nullstudy_60
//Subjects=19
-6  -76  -52 
-4  -58  -48 
42  20  -16 
-38  -38  8 
-10  -38  76 
-12  -16  -24 
-16  -58  -40 
16  52  -18 

//Reference=MNI 
//nullstudy_61
//Subjects=19
-12  -42  46 
-4  18  -18 
36  14  -40 
-4  14  -28 
-26  -80  -48 
-2  -72  34 
-30  64  10 
-52  -30  -18 

//Reference=MNI 
//nullstudy_62
//Subjects=21
-10  -24  48 
-20  -68  -60 
-44  -16  20 
64  2  10 
-42  -20  62 
-58  8  6 
-12  -54  -40 
-10  60  -10 

//Reference=MNI 
//nullstudy_63
//Subjects=20
-6  58  36 
-36  54  8 
2  46  -12 
-36  26  36 
14  26  8 
40  30  26 
-30  14  28 
-42  -4  -6 

//Reference=MNI 
//nullstudy_64
//Subjects=20
-40  -6  -12 
48  2  -2 
-30  -86  -18 
-6  -26  8 
-30  -2  62 
-54  -62  -30 
-4  -50  2 
-24  -26  54 

//Reference=MNI 
//nullstudy_65
//Subjects=22
-6  48  50 
8  34  18 
-8  52  -12 
-6  -20  30 
42  10  10 
-36  34  42 
-4  -14  -8 
-32  8  -34 

//Reference=MNI 
//nullstudy_66
//Subjects=20
-48  -42  2 
-18  52  28 
-36  -16  48 
-34  -74  -20 
-38  -56  -2 
10  66  22 
-8  -66  26 
-36  -56  28 

//Reference=MNI 
//nullstudy_67
//Subjects=22
-44  -84  10 
-24  -86  12 
34  24  50 
-2  -72  8 
-36  20  8 
2  16  60 
-16  -56  70 
-10  32  30 

//Reference=MNI 
//nullstudy_68
//Subjects=20
-16  -8  -28 
-42  18  -24 
-26  -78  36 
-44  -60  6 
-44  -16  -26 
-14  -58  72 
-40  -36  -18 
-4  -8  -16 

//Reference=MNI 
//nullstudy_69
//Subjects=21
-26  0  -18 
-4  22  38 
-40  44  -8 
-2  -22  70 
10  28  56 
38  14  50 
-18  -78  -46 
42  52  16 

//Reference=MNI 
//nullstudy_70
//Subjects=20
2  52  40 
-2  -88  -26 
-54  -34  16 
12  28  28 
-18  8  50 
-52  -76  -12 
-2  44  -2 
-10  40  32 

//Reference=MNI 
//nullstudy_71
//Subjects=19
-14  -60  -8 
-22  -74  -46 
-16  -54  54 
12  10  68 
-14  -4  28 
-48  -56  6 
-18  0  -30 
-22  -12  46 

//Reference=MNI 
//nullstudy_72
//Subjects=19
10  42  -6 
-50  -78  10 
58  26  16 
-6  70  8 
54  2  -10 
-50  4  -12 
22  8  66 
0  14  66 

//Reference=MNI 
//nullstudy_73
//Subjects=19
-10  -48  -46 
-30  -26  -14 
8  16  -2 
-36  -44  -48 
60  10  -12 
-32  -22  52 
-10  4  66 
-16  14  -22 

//Reference=MNI 
//nullstudy_74
//Subjects=22
8  10  0 
-8  -34  44 
-16  -34  68 
-8  6  16 
0  58  28 
-38  56  6 
-12  -90  -28 
8  2  70 

//Reference=MNI 
//nullstudy_75
//Subjects=20
-18  -98  12 
-40  48  6 
-26  -90  -32 
-20  16  2 
-56  -8  -30 
-62  -34  -26 
-58  -22  -8 
-30  34  26 

//Reference=MNI 
//nullstudy_76
//Subjects=18
-10  -58  14 
-8  -22  -38 
-28  -48  -60 
50  38  22 
-32  -34  72 
-14  -80  -12 
-12  30  46 
-46  24  -16 

//Reference=MNI 
//nullstudy_77
//Subjects=20
-34  -82  32 
52  10  -18 
-24  30  34 
-36  16  26 
-12  -88  24 
-20  -60  30 
-20  -66  32 
-38  -74  34 

//Reference=MNI 
//nullstudy_78
//Subjects=19
-36  16  -10 
-2  22  -8 
-22  -74  40 
-22  4  6 
-42  20  14 
-22  -50  42 
12  24  2 
14  38  22 

//Reference=MNI 
//nullstudy_79
//Subjects=22
-8  -48  -60 
-40  -62  16 
-12  32  -30 
-46  30  26 
-24  -4  46 
-10  -80  -16 
52  28  -4 
46  22  -28 

//Reference=MNI 
//nullstudy_80
//Subjects=20
-36  4  -4 
-26  -68  -36 
18  10  -34 
-8  66  -2 
-56  -58  -38 
4  14  70 
14  8  48 
-2  -80  52 

//Reference=MNI 
//nullstudy_81
//Subjects=21
-38  -38  60 
-14  -72  58 
-46  0  50 
-14  -96  -10 
10  20  26 
-46  4  -44 
-52  2  6 
-16  -32  -10 

//Reference=MNI 
//nullstudy_82
//Subjects=23
-48  -58  8 
-34  26  44 
-48  24  -12 
-32  -8  46 
-14  -82  -26 
-10  50  44 
26  64  4 
-54  -56  48 

//Reference=MNI 
//nullstudy_83
//Subjects=18
-48  -34  -26 
-6  -102  -16 
-8  -36  -38 
38  58  16 
-2  38  -32 
-38  -88  -16 
-18  -40  -48 
-10  -54  -28 

//Reference=MNI 
//nullstudy_84
//Subjects=18
-40  18  -32 
-38  -66  0 
-50  26  22 
40  8  -34 
-40  -18  -30 
-50  38  14 
-30  -46  62 
-40  14  -12 

//Reference=MNI 
//nullstudy_85
//Subjects=20
-8  -68  -40 
8  34  -10 
-26  -32  -38 
-12  -44  -4 
18  4  60 
-48  -74  -30 
-58  -18  46 
-30  22  -14 

//Reference=MNI 
//nullstudy_86
//Subjects=20
-14  -42  6 
-20  -42  76 
-62  -36  14 
-40  -40  -22 
-52  -52  32 
-64  2  18 
-24  -52  58 
-8  62  -10 

//Reference=MNI 
//nullstudy_87
//Subjects=20
-10  -94  16 
-26  4  10 
18  14  12 
-2  8  18 
-28  -42  56 
-52  -6  -2 
-42  -72  -8 
-46  0  -42 

//Reference=MNI 
//nullstudy_88
//Subjects=19
-4  -26  34 
-18  -86  -38 
-16  -2  28 
-18  -44  18 
-22  -52  46 
-2  38  -12 
-68  -14  -20 
-66  -26  14 

//Reference=MNI 
//nullstudy_89
//Subjects=20
-50  -62  -46 
8  16  -22 
-42  6  24 
42  2  -4 
-30  6  -48 
58  26  14 
-6  -66  -18 
-44  10  24 

//Reference=MNI 
//nullstudy_90
//Subjects=20
6  26  38 
-20  -8  -16 
10  10  -10 
10  38  -6 
4  22  54 
-48  -18  32 
56  12  -24 
-58  22  22 

//Reference=MNI 
//nullstudy_91
//Subjects=21
-44  -30  62 
34  58  14 
-34  -22  -12 
-10  -56  4 
38  8  -14 
20  2  6 
-52  -18  32 
-16  66  -10 

//Reference=MNI 
//nullstudy_92
//Subjects=19
-36  34  24 
36  30  6 
-52  -36  18 
-12  -34  36 
-44  -8  -20 
-42  -22  -18 
-42  -66  -36 
-62  -20  34 

//Reference=MNI 
//nullstudy_93
//Subjects=19
-54  38  2 
-34  52  -10 
-44  -60  -26 
-38  -70  0 
12  40  6 
2  44  48 
-32  -92  24 
4  22  16 

//Reference=MNI 
//nullstudy_94
//Subjects=20
-14  -46  -64 
-24  -70  -44 
26  16  -40 
-4  -44  22 
-24  -58  54 
-26  -48  -2 
-22  -74  40 
28  66  -4 

//Reference=MNI 
//nullstudy_95
//Subjects=21
-18  -46  -40 
42  4  30 
-48  36  20 
24  6  -10 
-50  -2  36 
-22  -24  66 
-2  -4  12 
-56  -2  -2 

//Reference=MNI 
//nullstudy_96
//Subjects=19
-18  -30  66 
-44  -74  20 
32  22  54 
34  10  52 
-58  -28  -30 
46  48  -6 
-46  -14  -2 
-2  -50  44 

//Reference=MNI 
//nullstudy_97
//Subjects=20
10  8  -24 
-10  -28  54 
54  2  -4 
-12  -8  -20 
-56  8  42 
-50  -26  56 
-40  -80  -42 
-12  -58  -32 

//Reference=MNI 
//nullstudy_98
//Subjects=19
-68  -48  8 
12  14  -4 
-30  -38  0 
32  48  38 
32  54  -14 
-10  28  30 
42  24  20 
36  22  -30 

//Reference=MNI 
//nullstudy_99
//Subjects=18
16  30  -24 
-8  -20  -18 
22  48  24 
-38  14  22 
-28  -2  64 
-4  50  38 
34  10  36 
52  6  4 

//Reference=MNI 
//nullstudy_100
//Subjects=20
-14  2  74 
0  42  52 
-40  -30  68 
-8  -56  -62 
-42  -76  -16 
-66  -6  -22 
-54  -54  -16 
-68  -12  0 

