//Reference=MNI 
//truestudy_1
//Subjects=31
46  -64  -6 
46  -68  -7 
47  -66  -7 
46  -67  -5 
46  -65  -5 
47  -66  -6 
45  -67  -7 
47  -66  -8 

//Reference=MNI 
//truestudy_2
//Subjects=30
46  -66  -5 
47  -66  -6 
46  -68  -5 
46  -64  -7 
46  -67  -7 
45  -64  -7 
47  -68  -4 
43  -67  -5 

//Reference=MNI 
//truestudy_3
//Subjects=29
46  -65  -6 
50  -67  -6 
45  -65  -7 
47  -65  -7 
46  -66  -6 
46  -66  -6 
47  -65  -8 
44  -68  -6 

//Reference=MNI 
//nullstudy_1
//Subjects=31
14  8  16 
-2  -50  12 
-2  -38  58 
-22  60  6 
-46  -76  28 
-12  14  60 
-60  -12  -10 
-6  -22  22 

//Reference=MNI 
//nullstudy_2
//Subjects=30
48  34  -8 
16  64  16 
46  44  -2 
-42  -24  10 
-16  -22  -6 
-52  -22  -36 
-22  4  50 
-30  -72  -22 

//Reference=MNI 
//nullstudy_3
//Subjects=29
-6  18  -2 
-22  -38  72 
6  56  34 
-32  24  24 
-44  -34  -22 
30  16  36 
4  42  18 
-2  -20  -6 

//Reference=MNI 
//nullstudy_4
//Subjects=30
0  14  -12 
-34  -4  -14 
-28  -64  34 
-36  -32  56 
36  36  48 
-40  30  -16 
40  48  -16 
-28  -26  48 

//Reference=MNI 
//nullstudy_5
//Subjects=29
-18  -40  70 
-46  -60  12 
-24  -80  50 
-22  -74  36 
-12  54  -24 
-26  -12  8 
40  32  34 
48  32  -4 

//Reference=MNI 
//nullstudy_6
//Subjects=31
-34  -8  48 
4  68  22 
-12  -2  16 
-34  -6  16 
-62  -56  32 
-48  -36  -20 
-18  -50  -28 
-10  38  -20 

//Reference=MNI 
//nullstudy_7
//Subjects=30
22  18  -36 
10  26  2 
62  8  -14 
-16  -90  36 
-30  -76  -20 
-2  -26  16 
40  26  14 
2  28  -2 

//Reference=MNI 
//nullstudy_8
//Subjects=29
-2  -100  20 
-14  -88  6 
-8  42  10 
28  30  4 
-8  -72  -40 
-40  10  8 
-22  -74  -50 
-50  44  8 

//Reference=MNI 
//nullstudy_9
//Subjects=29
-4  20  56 
10  60  -20 
-50  -36  14 
2  22  -26 
-50  -62  -32 
36  46  -6 
-6  32  44 
-36  -74  32 

//Reference=MNI 
//nullstudy_10
//Subjects=32
-44  -28  -2 
-52  -46  44 
0  44  -10 
26  68  -2 
50  20  -4 
-58  -8  46 
12  56  14 
-28  -70  -54 

//Reference=MNI 
//nullstudy_11
//Subjects=30
-34  -34  -8 
-12  56  36 
-22  52  14 
-2  -26  -22 
30  32  28 
-30  -90  8 
-12  -94  16 
-44  -84  14 

//Reference=MNI 
//nullstudy_12
//Subjects=27
-40  -62  -22 
-54  -8  -12 
-4  -48  72 
-36  10  24 
10  34  24 
10  42  -26 
4  56  4 
-46  -24  16 

//Reference=MNI 
//nullstudy_13
//Subjects=31
-8  -16  -8 
-30  -24  50 
-44  -50  24 
-36  -30  -6 
-26  -12  -34 
-6  22  50 
-10  -80  -42 
-18  -38  -28 

//Reference=MNI 
//nullstudy_14
//Subjects=30
10  50  28 
-6  -96  20 
-44  -16  -6 
50  22  24 
-24  -72  -20 
-24  64  18 
-10  34  50 
-36  14  6 

//Reference=MNI 
//nullstudy_15
//Subjects=32
-22  -102  -4 
-18  -34  14 
-4  -68  58 
-16  -12  78 
-2  -32  4 
-48  -70  6 
-58  -42  2 
46  52  -8 

//Reference=MNI 
//nullstudy_16
//Subjects=31
-42  44  18 
0  26  -14 
54  22  -2 
-38  38  -8 
-46  28  -2 
-34  -6  40 
-48  48  10 
42  4  32 

//Reference=MNI 
//nullstudy_17
//Subjects=29
-28  -36  -50 
16  24  4 
60  12  14 
-30  -62  -56 
24  20  36 
-16  4  -26 
22  44  40 
-28  28  -24 

//Reference=MNI 
//nullstudy_18
//Subjects=29
-16  0  -32 
-4  -16  42 
-10  -10  -38 
-38  -86  -22 
2  14  70 
-10  -8  78 
-36  -72  -12 
-34  10  -42 

//Reference=MNI 
//nullstudy_19
//Subjects=31
-30  -38  -24 
10  56  -24 
40  38  28 
-42  -38  36 
18  28  -14 
-8  -62  44 
-2  -76  26 
-44  -66  38 

//Reference=MNI 
//nullstudy_20
//Subjects=30
-18  60  -16 
-6  -46  52 
-14  30  42 
-40  -58  -44 
-48  -62  -30 
-22  -70  2 
-52  -72  -22 
-26  50  16 

//Reference=MNI 
//nullstudy_21
//Subjects=30
-30  -18  -30 
-30  32  -12 
-32  18  24 
8  8  38 
-24  36  52 
-10  -60  -16 
20  18  -12 
-28  -16  60 

//Reference=MNI 
//nullstudy_22
//Subjects=31
-38  20  56 
-32  56  -16 
-28  -78  40 
-30  -32  16 
-6  42  14 
34  10  24 
-66  -24  34 
-6  -22  68 

//Reference=MNI 
//nullstudy_23
//Subjects=30
38  44  30 
-36  40  28 
-30  -42  -28 
-8  6  52 
-48  8  14 
-30  -82  32 
-26  14  66 
-8  -104  -6 

//Reference=MNI 
//nullstudy_24
//Subjects=30
12  16  44 
-4  58  36 
42  12  6 
-2  0  34 
-14  -52  68 
-30  -34  -32 
-36  -38  -40 
-48  -14  8 

//Reference=MNI 
//nullstudy_25
//Subjects=29
-30  28  -26 
-30  60  8 
-40  -50  -22 
-58  6  38 
26  42  -20 
18  60  24 
-20  -98  -10 
-42  -52  36 

//Reference=MNI 
//nullstudy_26
//Subjects=32
-16  -48  62 
0  36  -30 
28  6  4 
-2  46  -10 
-14  -80  -2 
-12  26  -26 
-28  4  -8 
-24  -6  -6 

//Reference=MNI 
//nullstudy_27
//Subjects=29
-32  22  24 
52  14  -4 
36  4  46 
6  60  -10 
-22  -14  56 
-58  20  20 
6  32  54 
-16  52  38 

//Reference=MNI 
//nullstudy_28
//Subjects=30
10  66  -8 
42  32  4 
-10  4  60 
-4  -80  50 
-40  22  22 
10  64  8 
34  26  -20 
-56  -54  42 

//Reference=MNI 
//nullstudy_29
//Subjects=29
-14  -90  -32 
-24  48  44 
24  18  -22 
-32  -68  -58 
-26  -54  66 
12  64  16 
-26  56  8 
-54  12  16 

//Reference=MNI 
//nullstudy_30
//Subjects=30
-2  -96  -6 
-2  -2  -16 
-8  -60  32 
0  14  4 
-8  -66  -10 
-56  -58  0 
-32  58  -8 
-58  -16  20 

//Reference=MNI 
//nullstudy_31
//Subjects=29
-28  22  56 
-6  -98  -8 
32  28  24 
4  12  16 
-40  12  -34 
-34  36  8 
-56  -46  -12 
-10  64  30 

//Reference=MNI 
//nullstudy_32
//Subjects=29
-22  -18  74 
28  60  -10 
-44  -2  44 
-16  -92  36 
-12  -76  0 
10  28  -20 
-26  -74  -40 
44  34  36 

//Reference=MNI 
//nullstudy_33
//Subjects=30
-50  -22  -28 
-10  -24  80 
-46  -48  14 
-26  16  -16 
-48  -20  -30 
48  4  6 
-64  -10  -6 
-52  -62  38 

//Reference=MNI 
//nullstudy_34
//Subjects=30
-48  -68  -36 
-54  -14  10 
-56  -46  -30 
-14  50  -4 
-10  32  44 
-24  -76  -50 
-46  -54  -46 
-34  -24  -20 

//Reference=MNI 
//nullstudy_35
//Subjects=29
-52  38  10 
26  20  56 
-60  -12  2 
-34  -58  -36 
-18  -4  -22 
-44  -40  22 
-50  -50  28 
28  24  36 

//Reference=MNI 
//nullstudy_36
//Subjects=31
24  38  42 
50  8  48 
0  20  32 
-10  50  34 
-44  -38  56 
14  4  62 
40  22  52 
-28  64  0 

//Reference=MNI 
//nullstudy_37
//Subjects=30
-4  -44  8 
-56  -44  38 
-70  -30  8 
-38  4  -22 
-40  32  6 
-66  -38  -16 
-30  -50  36 
-28  8  -46 

//Reference=MNI 
//nullstudy_38
//Subjects=30
-66  -18  -14 
-26  -72  30 
-22  16  66 
-6  -8  62 
-64  -8  34 
60  4  -24 
-8  36  -10 
-32  60  14 

//Reference=MNI 
//nullstudy_39
//Subjects=29
-60  -6  22 
58  20  10 
48  14  32 
-12  -26  20 
-36  -50  56 
-22  18  -38 
-26  10  60 
-58  -16  48 

//Reference=MNI 
//nullstudy_40
//Subjects=31
-20  -38  58 
-52  -48  30 
-36  48  26 
34  42  8 
-10  68  22 
-20  -64  -14 
-44  -80  -20 
26  32  56 

//Reference=MNI 
//nullstudy_41
//Subjects=29
-40  44  32 
28  12  -12 
-44  -62  -40 
-36  -82  -26 
-44  16  50 
-22  -32  -8 
26  28  56 
-12  44  -12 

//Reference=MNI 
//nullstudy_42
//Subjects=31
36  46  30 
-38  16  -40 
-34  10  -12 
-8  -2  74 
-46  -74  -4 
38  46  16 
-14  0  -18 
-20  -46  68 

//Reference=MNI 
//nullstudy_43
//Subjects=30
28  20  -42 
-42  -38  28 
44  18  18 
-38  44  32 
24  26  48 
-4  22  34 
-46  -40  14 
40  28  26 

//Reference=MNI 
//nullstudy_44
//Subjects=30
58  8  -8 
-14  -44  56 
-30  56  12 
24  24  64 
-10  18  32 
-12  -2  56 
-24  0  -10 
40  4  60 

//Reference=MNI 
//nullstudy_45
//Subjects=31
32  12  30 
-2  -2  0 
-2  -82  -32 
-52  8  -40 
-44  34  20 
-6  66  6 
6  42  36 
20  2  -16 

//Reference=MNI 
//nullstudy_46
//Subjects=29
36  32  40 
-56  30  2 
0  4  30 
-56  -6  44 
-38  16  -38 
-36  38  14 
-30  4  44 
8  20  6 

//Reference=MNI 
//nullstudy_47
//Subjects=30
0  20  52 
-6  -30  -42 
22  16  64 
-16  -78  -36 
-30  16  -6 
-14  14  12 
-6  -100  -8 
-24  30  28 

//Reference=MNI 
//nullstudy_48
//Subjects=29
-6  -46  -16 
-12  34  18 
-64  -14  24 
-54  -32  26 
-28  -48  70 
-10  -76  28 
-60  -38  -4 
-46  -72  22 

//Reference=MNI 
//nullstudy_49
//Subjects=30
24  26  -12 
38  18  22 
20  56  40 
-34  48  20 
10  10  0 
16  56  38 
-36  -72  48 
-24  -58  42 

//Reference=MNI 
//nullstudy_50
//Subjects=30
30  2  -16 
-36  -44  -40 
50  14  -16 
-8  44  30 
0  6  -6 
-34  -68  -34 
-38  18  -18 
-10  -60  -8 

//Reference=MNI 
//nullstudy_51
//Subjects=29
-56  -20  -34 
-14  -62  -42 
-20  52  30 
-22  -64  58 
60  24  20 
-32  -6  -2 
-4  -56  22 
-54  -58  42 

//Reference=MNI 
//nullstudy_52
//Subjects=29
8  4  56 
-10  -70  -32 
-66  -32  22 
-16  -72  14 
-52  -14  44 
-16  -78  30 
-30  0  -12 
-50  -42  -16 

//Reference=MNI 
//nullstudy_53
//Subjects=31
-32  -56  -52 
-36  0  -14 
-18  -86  -10 
-48  -44  -40 
-28  -4  -10 
-68  -32  -14 
12  70  -4 
-4  -18  -20 

//Reference=MNI 
//nullstudy_54
//Subjects=31
-28  56  30 
-4  -20  -2 
28  44  6 
-22  44  44 
-24  -88  -14 
-8  -16  -18 
-56  -62  6 
-34  6  60 

//Reference=MNI 
//nullstudy_55
//Subjects=30
-66  -8  -10 
8  32  4 
-52  -52  36 
-48  -14  -14 
-38  -40  -32 
-20  -28  60 
-22  -46  -48 
-20  -88  40 

//Reference=MNI 
//nullstudy_56
//Subjects=30
-54  -2  16 
48  4  -46 
-20  -76  38 
-20  -16  -26 
-22  -72  14 
-60  -6  -6 
-6  -14  50 
42  8  26 

//Reference=MNI 
//nullstudy_57
//Subjects=30
-36  22  48 
46  22  -30 
-30  38  18 
-22  -94  10 
32  24  -28 
-24  42  12 
-18  -70  24 
-62  -38  30 

//Reference=MNI 
//nullstudy_58
//Subjects=29
-48  -64  24 
-52  -44  6 
-24  -60  -8 
-66  -14  -14 
-64  -58  -6 
-42  22  22 
-26  6  62 
8  50  6 

//Reference=MNI 
//nullstudy_59
//Subjects=30
-24  -6  66 
-42  28  38 
2  38  32 
-10  -42  -22 
38  42  -14 
50  30  -4 
28  58  0 
-16  -78  14 

//Reference=MNI 
//nullstudy_60
//Subjects=28
-64  -14  18 
24  48  14 
-48  22  40 
-8  -40  -50 
-44  38  20 
-8  -4  56 
-4  28  20 
-36  20  -14 

//Reference=MNI 
//nullstudy_61
//Subjects=31
-8  -18  38 
-4  -2  28 
-36  -4  44 
-42  -56  6 
8  14  28 
0  60  26 
6  54  14 
-56  -52  32 

//Reference=MNI 
//nullstudy_62
//Subjects=32
-26  48  22 
-28  -90  -10 
60  16  20 
-4  -66  -34 
-58  18  4 
-20  -32  -6 
-24  -46  4 
-38  10  2 

//Reference=MNI 
//nullstudy_63
//Subjects=31
14  14  14 
38  22  -22 
-40  -18  -22 
14  30  64 
-64  -28  18 
-48  -82  12 
-44  -40  -34 
-10  56  38 

//Reference=MNI 
//nullstudy_64
//Subjects=30
-34  10  28 
52  4  22 
-12  20  -26 
-6  -68  58 
48  26  4 
-30  -2  54 
-32  -80  8 
-6  20  -8 

//Reference=MNI 
//nullstudy_65
//Subjects=30
-10  34  -10 
-4  -70  -12 
-60  -22  -28 
-6  -32  -24 
-34  18  22 
-44  -42  16 
-34  -18  -16 
-4  -26  -44 

//Reference=MNI 
//nullstudy_66
//Subjects=28
-32  -68  22 
-24  -56  70 
-50  -64  -36 
42  16  50 
24  8  64 
-2  64  -10 
-32  -40  42 
-16  -56  -30 

//Reference=MNI 
//nullstudy_67
//Subjects=29
38  4  4 
-40  -54  26 
-16  -76  -22 
-20  -94  -6 
12  20  46 
-34  -30  -6 
8  62  12 
50  6  18 

//Reference=MNI 
//nullstudy_68
//Subjects=31
-52  -54  -38 
2  28  -24 
24  62  -12 
-38  -14  -36 
-34  22  -14 
56  28  22 
-38  -82  -30 
-52  14  24 

//Reference=MNI 
//nullstudy_69
//Subjects=31
-24  -60  12 
-28  36  -18 
0  8  6 
-58  -6  34 
-26  -16  50 
-24  -92  22 
-42  12  -4 
38  30  20 

//Reference=MNI 
//nullstudy_70
//Subjects=31
-58  -38  28 
-4  -24  -50 
-48  -20  34 
14  16  14 
-46  0  28 
-42  -50  6 
38  6  -26 
-50  8  48 

//Reference=MNI 
//nullstudy_71
//Subjects=30
-26  56  -6 
42  24  24 
-2  -46  44 
-4  -54  -6 
16  54  -4 
32  30  0 
-48  -64  12 
22  50  10 

//Reference=MNI 
//nullstudy_72
//Subjects=32
-2  10  -20 
-30  -58  -44 
-14  -54  54 
-58  -60  40 
-22  -46  -26 
42  22  -18 
-42  -36  52 
12  46  -24 

//Reference=MNI 
//nullstudy_73
//Subjects=32
-28  -4  -24 
-38  36  14 
46  38  24 
-2  54  -18 
36  16  -30 
50  44  8 
42  36  24 
26  20  52 

//Reference=MNI 
//nullstudy_74
//Subjects=32
-6  -18  56 
-8  26  62 
-40  -16  -8 
-16  -32  60 
-42  -62  -38 
-24  -52  58 
12  38  56 
-4  -68  -26 

//Reference=MNI 
//nullstudy_75
//Subjects=32
-14  8  14 
-46  36  18 
10  32  42 
-24  -54  -14 
-32  -68  38 
22  4  70 
-60  -2  4 
-22  -54  40 

//Reference=MNI 
//nullstudy_76
//Subjects=29
62  18  24 
40  20  -34 
30  64  -8 
-58  -18  30 
-32  32  -12 
-4  -2  44 
-52  6  -32 
-2  42  48 

//Reference=MNI 
//nullstudy_77
//Subjects=30
-14  -18  -32 
20  40  26 
-42  -10  -14 
-42  56  10 
-54  36  -6 
2  42  52 
0  8  74 
18  6  52 

//Reference=MNI 
//nullstudy_78
//Subjects=30
-30  -54  -58 
-12  -88  0 
-8  -92  30 
-12  -10  72 
34  34  -8 
-28  -46  68 
2  20  -24 
28  56  6 

//Reference=MNI 
//nullstudy_79
//Subjects=29
34  38  42 
-14  -4  -12 
20  58  2 
-24  14  -34 
0  14  -14 
-16  22  48 
-36  4  62 
-2  38  -22 

//Reference=MNI 
//nullstudy_80
//Subjects=30
-8  6  34 
-8  -70  60 
-28  40  18 
-58  -30  -12 
-40  12  -4 
-52  -50  48 
-38  -30  48 
-12  54  4 

//Reference=MNI 
//nullstudy_81
//Subjects=30
-40  4  -20 
-62  -20  16 
-2  8  48 
-12  -82  -52 
12  46  -8 
-12  60  0 
-8  -48  -28 
-2  -28  -44 

//Reference=MNI 
//nullstudy_82
//Subjects=30
-44  24  16 
-40  -38  -44 
-26  8  62 
-46  26  10 
-18  -90  4 
10  34  56 
-30  16  -34 
-8  68  24 

//Reference=MNI 
//nullstudy_83
//Subjects=31
-30  -34  -30 
30  28  52 
-12  14  -8 
-40  -4  2 
-54  -58  0 
-2  -52  -16 
-4  68  12 
22  24  64 

//Reference=MNI 
//nullstudy_84
//Subjects=29
10  26  -26 
-24  -84  20 
-2  -20  -2 
-50  -12  46 
-14  -64  -42 
-8  2  16 
-28  12  -46 
-52  -64  24 

//Reference=MNI 
//nullstudy_85
//Subjects=29
-4  -58  26 
-18  54  14 
-24  -2  0 
34  30  0 
8  62  6 
-4  -78  52 
-56  18  28 
-14  -10  -38 

//Reference=MNI 
//nullstudy_86
//Subjects=30
24  34  32 
-56  -4  24 
34  2  12 
30  22  54 
-12  -10  -28 
-32  -62  30 
-24  -64  -54 
-26  -90  -26 

//Reference=MNI 
//nullstudy_87
//Subjects=30
-30  50  28 
12  50  38 
-2  -22  28 
-38  -34  -16 
-46  -50  -12 
-22  -80  -22 
-12  44  -10 
-6  -82  10 

//Reference=MNI 
//nullstudy_88
//Subjects=31
-26  -70  36 
-6  -30  -40 
-26  -96  8 
-24  4  48 
-30  -82  44 
-6  -62  12 
-6  52  14 
-28  -84  -44 

//Reference=MNI 
//nullstudy_89
//Subjects=30
-34  6  56 
-42  -58  52 
-26  54  26 
-40  8  -10 
-20  -32  -14 
-46  12  4 
-26  -70  -6 
-30  -62  -60 

//Reference=MNI 
//nullstudy_90
//Subjects=30
-32  -2  -42 
-8  -90  -12 
-34  42  4 
-48  10  -8 
28  26  -18 
-38  -78  -18 
-34  -26  18 
24  48  32 

//Reference=MNI 
//nullstudy_91
//Subjects=30
16  54  -22 
-20  28  -20 
14  54  -8 
-22  -46  -42 
-44  18  -18 
-14  -30  -24 
-48  16  -6 
-22  -92  6 

//Reference=MNI 
//nullstudy_92
//Subjects=30
-30  62  -14 
48  4  26 
-2  -54  -2 
26  22  38 
14  50  30 
-6  -48  -8 
-42  -8  -48 
64  12  10 

//Reference=MNI 
//nullstudy_93
//Subjects=30
-8  -68  34 
-4  -32  48 
22  48  0 
-4  32  16 
-4  6  60 
36  26  10 
-10  -76  -54 
-44  -12  -38 

//Reference=MNI 
//nullstudy_94
//Subjects=32
34  38  22 
-50  -58  -24 
14  12  44 
-62  -40  0 
-50  -72  -38 
-68  -28  12 
-38  -60  54 
48  44  10 

//Reference=MNI 
//nullstudy_95
//Subjects=30
-4  36  44 
-50  36  -14 
-28  -36  46 
-50  2  -40 
-18  -100  12 
-30  -24  -26 
-40  -26  46 
-24  6  44 

//Reference=MNI 
//nullstudy_96
//Subjects=31
-14  6  12 
-58  10  -6 
-40  -40  54 
-8  52  38 
-22  28  -26 
-66  -42  36 
34  58  18 
-2  -26  56 

//Reference=MNI 
//nullstudy_97
//Subjects=30
-62  -22  6 
-62  -16  8 
-10  12  -14 
-56  -74  4 
-22  -42  -4 
14  14  -2 
-28  2  -42 
-44  -50  48 

//Reference=MNI 
//nullstudy_98
//Subjects=30
42  56  -4 
-58  -56  42 
-14  -86  -34 
-20  -18  0 
-28  -22  -20 
24  64  12 
12  36  -24 
44  8  46 

//Reference=MNI 
//nullstudy_99
//Subjects=31
2  26  56 
-60  -34  50 
-16  6  14 
-32  -44  -38 
-22  -40  -36 
-50  -2  50 
-12  -78  -44 
-24  48  -14 

//Reference=MNI 
//nullstudy_100
//Subjects=30
-40  -34  -32 
-24  -90  -10 
-8  16  14 
-52  -26  4 
-48  -24  20 
26  24  -6 
-32  -52  -40 
-66  -48  12 

