//Reference=MNI 
//truestudy_1
//Subjects=11
45  -66  -6 
45  -66  -6 
46  -65  -7 
46  -65  -7 
48  -65  -8 
47  -68  -5 
45  -66  -6 
47  -66  -6 

//Reference=MNI 
//truestudy_2
//Subjects=10
45  -67  -6 
48  -66  -4 
45  -65  -8 
46  -65  -7 
45  -67  -6 
46  -67  -8 
46  -65  -8 
45  -66  -8 

//Reference=MNI 
//truestudy_3
//Subjects=11
45  -65  -7 
44  -66  -7 
46  -65  -6 
46  -66  -5 
45  -68  -7 
47  -65  -5 
45  -65  -6 
47  -66  -5 

//Reference=MNI 
//nullstudy_1
//Subjects=11
8  52  -24 
-18  46  -24 
30  6  -8 
-40  -54  10 
-22  10  62 
0  46  34 
-22  -76  -48 
-52  -8  50 

//Reference=MNI 
//nullstudy_2
//Subjects=10
-56  -34  -16 
-36  36  46 
-36  -38  -22 
24  58  8 
-50  -70  -24 
-4  -10  -4 
-48  16  -18 
-38  -82  -18 

//Reference=MNI 
//nullstudy_3
//Subjects=11
-28  2  -18 
36  2  -24 
-2  -76  0 
-14  12  -6 
-56  -54  -8 
60  2  36 
4  32  -24 
24  18  60 

//Reference=MNI 
//nullstudy_4
//Subjects=11
-2  6  36 
-26  -14  54 
-22  -46  -4 
-26  60  22 
-32  -22  -20 
48  18  -28 
64  4  32 
-62  -50  30 

//Reference=MNI 
//nullstudy_5
//Subjects=10
48  14  30 
4  36  -22 
-8  -36  -42 
-38  -4  -42 
-20  -56  -8 
-48  -16  22 
-30  -18  44 
12  24  48 

//Reference=MNI 
//nullstudy_6
//Subjects=11
-20  -82  -8 
0  20  20 
-50  -16  14 
-14  68  22 
-10  14  16 
52  44  8 
-42  -72  -12 
-42  14  -14 

//Reference=MNI 
//nullstudy_7
//Subjects=10
16  2  60 
-20  -60  -34 
-30  -40  -48 
-20  -52  -34 
-42  -22  6 
26  40  46 
-36  10  12 
4  14  -18 

//Reference=MNI 
//nullstudy_8
//Subjects=9
-4  -32  -30 
38  6  30 
-50  -2  12 
-22  54  0 
-38  -28  40 
20  10  4 
-58  -48  -8 
50  32  10 

//Reference=MNI 
//nullstudy_9
//Subjects=9
8  6  52 
-64  0  6 
-28  -54  -18 
-56  -40  -14 
8  6  -32 
-42  48  14 
-18  -82  42 
26  50  32 

//Reference=MNI 
//nullstudy_10
//Subjects=10
-22  -48  70 
22  34  54 
16  2  -14 
22  50  34 
-20  -2  -24 
-50  -66  -20 
-8  4  36 
10  10  4 

//Reference=MNI 
//nullstudy_11
//Subjects=10
36  26  50 
-14  -68  -8 
-12  56  22 
-16  18  52 
-40  -76  -32 
-12  46  32 
-36  14  -10 
-2  -36  28 

//Reference=MNI 
//nullstudy_12
//Subjects=9
-42  -8  2 
-64  -14  6 
0  12  12 
-8  -30  -8 
-24  -70  -38 
-38  -12  -22 
-6  -18  78 
-54  26  -4 

//Reference=MNI 
//nullstudy_13
//Subjects=9
-54  -44  38 
-26  24  -24 
-2  16  -24 
16  20  -22 
-2  -32  62 
24  48  -12 
30  38  48 
-18  -10  60 

//Reference=MNI 
//nullstudy_14
//Subjects=10
-24  8  -16 
-20  6  8 
-12  -64  22 
-28  -62  -50 
-40  44  -14 
-4  -36  -8 
44  20  -24 
-2  4  8 

//Reference=MNI 
//nullstudy_15
//Subjects=11
-6  -32  30 
8  16  4 
4  60  -24 
-56  -54  -12 
8  10  42 
28  34  24 
-14  -12  -30 
-4  -76  22 

//Reference=MNI 
//nullstudy_16
//Subjects=10
-18  -20  -30 
-22  14  56 
-38  -18  -24 
18  24  64 
-20  -42  -44 
-52  -66  -30 
-46  12  -18 
-24  -98  0 

//Reference=MNI 
//nullstudy_17
//Subjects=11
-48  -2  -32 
38  36  0 
40  10  50 
-44  -30  12 
-48  -36  52 
-14  -44  34 
-52  -22  50 
-52  -42  38 

//Reference=MNI 
//nullstudy_18
//Subjects=10
-10  32  -28 
-4  -58  66 
-50  12  -32 
-32  36  42 
-52  -52  -38 
-24  -30  56 
-42  -78  16 
-60  -32  50 

//Reference=MNI 
//nullstudy_19
//Subjects=9
-46  -84  14 
16  70  -2 
4  2  -28 
-20  -20  68 
-10  -80  -12 
-62  -36  -26 
-52  -42  -10 
-6  -54  34 

//Reference=MNI 
//nullstudy_20
//Subjects=12
-10  -64  10 
16  24  4 
-8  -88  -32 
30  20  14 
-22  -64  -50 
-8  -28  74 
-34  2  10 
-26  22  56 

//Reference=MNI 
//nullstudy_21
//Subjects=11
-40  -86  28 
-60  -22  -8 
-22  -78  -18 
-4  -84  26 
-22  -42  10 
-28  -44  52 
-28  -54  66 
-62  -46  -20 

//Reference=MNI 
//nullstudy_22
//Subjects=11
-44  -24  54 
24  38  -20 
-36  -2  56 
-34  -8  -46 
-20  -66  42 
-30  18  -36 
-16  -54  -8 
16  10  60 

//Reference=MNI 
//nullstudy_23
//Subjects=10
6  60  -22 
-10  18  10 
-34  -10  12 
24  8  -30 
18  28  50 
-40  -48  18 
-60  -30  -26 
-36  -60  -26 

//Reference=MNI 
//nullstudy_24
//Subjects=9
-6  -30  -24 
-58  16  12 
-44  -68  26 
-32  -4  62 
-64  -54  24 
-4  -56  -36 
-34  2  10 
48  22  24 

//Reference=MNI 
//nullstudy_25
//Subjects=11
-26  2  -32 
-44  48  20 
-22  -56  10 
-52  -56  22 
-52  -54  2 
6  24  18 
-16  -32  -16 
-14  -64  -24 

//Reference=MNI 
//nullstudy_26
//Subjects=11
14  20  58 
22  54  38 
-30  20  4 
-38  -56  56 
-60  -24  20 
-6  -46  52 
10  50  -24 
-40  -8  -30 

//Reference=MNI 
//nullstudy_27
//Subjects=13
-6  -62  -60 
-38  -58  -10 
-44  12  -38 
-32  -64  60 
-42  -56  4 
-44  -44  14 
-48  -50  8 
22  40  34 

//Reference=MNI 
//nullstudy_28
//Subjects=10
0  4  -22 
-14  -78  42 
-38  38  -18 
-28  -54  8 
-6  -56  42 
-24  8  56 
58  14  20 
-26  20  -12 

//Reference=MNI 
//nullstudy_29
//Subjects=10
-58  -20  -26 
6  36  40 
-32  -94  4 
-10  -62  -38 
-30  24  2 
-8  -12  -12 
-14  -84  -36 
-24  4  46 

//Reference=MNI 
//nullstudy_30
//Subjects=10
22  46  22 
-38  4  30 
14  54  28 
-38  2  64 
-26  -50  36 
32  38  14 
-22  16  -4 
-16  18  54 

//Reference=MNI 
//nullstudy_31
//Subjects=10
8  52  -24 
-2  -24  4 
-6  -36  66 
46  24  40 
-34  -10  56 
2  2  -12 
18  14  -16 
26  68  -4 

//Reference=MNI 
//nullstudy_32
//Subjects=9
-14  -28  16 
-38  -80  -24 
-40  -32  36 
-44  0  26 
-66  -22  -18 
-36  -60  -50 
40  54  -8 
-22  -48  -40 

//Reference=MNI 
//nullstudy_33
//Subjects=10
-56  -6  28 
-18  -70  -58 
-20  -50  -8 
-44  -74  -6 
2  58  38 
-40  -32  66 
-8  -42  -12 
-22  -78  38 

//Reference=MNI 
//nullstudy_34
//Subjects=10
-22  54  -8 
36  10  4 
-16  4  -26 
-18  -22  28 
-60  -30  36 
-62  -34  -22 
4  30  28 
-20  -94  -4 

//Reference=MNI 
//nullstudy_35
//Subjects=10
-50  -52  34 
50  10  34 
-10  -100  -12 
-32  24  38 
-4  -56  -48 
-42  -86  4 
-2  -46  -52 
-8  36  -4 

//Reference=MNI 
//nullstudy_36
//Subjects=10
-46  2  8 
-32  -82  -44 
-52  -60  4 
48  4  4 
-8  -34  -42 
-48  14  -6 
-8  -100  22 
-26  34  34 

//Reference=MNI 
//nullstudy_37
//Subjects=12
2  68  18 
-8  6  -12 
0  42  34 
56  4  -2 
-10  50  20 
10  66  -18 
-10  66  -4 
-48  -2  -46 

//Reference=MNI 
//nullstudy_38
//Subjects=11
-50  -60  -24 
-18  54  8 
-20  -38  0 
-50  -18  38 
-48  -48  -48 
-34  -94  4 
-34  -30  -18 
20  20  -4 

//Reference=MNI 
//nullstudy_39
//Subjects=11
-2  -66  46 
-10  -98  8 
-40  40  36 
-28  -70  -42 
-54  14  32 
-32  42  36 
44  10  26 
-32  -36  36 

//Reference=MNI 
//nullstudy_40
//Subjects=9
4  66  16 
-8  -34  72 
-48  -28  24 
-32  -6  -50 
-6  26  20 
-14  -90  -34 
-58  -30  4 
-42  14  34 

//Reference=MNI 
//nullstudy_41
//Subjects=10
-14  -66  -28 
-24  -58  48 
-18  -62  -42 
-66  -28  -22 
-58  -58  38 
-2  -54  -4 
-22  60  14 
-14  -40  10 

//Reference=MNI 
//nullstudy_42
//Subjects=11
-30  16  62 
12  36  -30 
-26  -88  8 
-2  34  44 
-30  0  -44 
-30  -14  64 
-28  -36  52 
-44  4  -48 

//Reference=MNI 
//nullstudy_43
//Subjects=10
0  36  -20 
-10  40  14 
-4  -96  8 
-48  -12  -16 
24  54  30 
-62  -26  -10 
26  12  44 
-22  -76  -48 

//Reference=MNI 
//nullstudy_44
//Subjects=10
26  46  28 
-12  -70  -14 
-14  -92  4 
36  2  42 
-44  -28  50 
-2  22  -14 
-38  -94  6 
-16  -60  48 

//Reference=MNI 
//nullstudy_45
//Subjects=10
26  52  36 
-20  0  -30 
-24  -2  6 
4  40  -12 
-22  -22  -16 
-62  6  0 
38  4  -20 
-32  -8  -30 

//Reference=MNI 
//nullstudy_46
//Subjects=9
-58  -46  36 
38  50  28 
-24  2  -8 
-2  -64  52 
-16  -44  -22 
-66  -36  -22 
-34  -42  -36 
-38  -12  -2 

//Reference=MNI 
//nullstudy_47
//Subjects=10
-58  -26  -18 
-22  34  50 
-6  26  18 
-54  -16  -42 
-60  -22  20 
8  38  60 
-2  -68  -26 
-28  18  -36 

//Reference=MNI 
//nullstudy_48
//Subjects=10
-20  -48  -12 
-16  -80  -2 
8  42  16 
22  14  56 
-6  22  -24 
28  12  -18 
-46  36  32 
-58  -8  4 

//Reference=MNI 
//nullstudy_49
//Subjects=13
20  2  4 
-20  -86  -34 
-28  -82  -16 
-10  24  38 
-14  14  64 
-36  -24  44 
-38  -12  -8 
-40  -22  -34 

//Reference=MNI 
//nullstudy_50
//Subjects=10
4  30  -28 
-30  -48  -56 
-8  54  -4 
-18  -40  20 
-24  -38  -36 
-40  60  -6 
28  6  58 
2  62  16 

//Reference=MNI 
//nullstudy_51
//Subjects=11
-60  -56  20 
-36  28  26 
-4  12  -20 
-48  -70  12 
48  26  36 
-50  8  -14 
-38  6  26 
-12  -44  -6 

//Reference=MNI 
//nullstudy_52
//Subjects=10
-38  -94  -4 
40  16  48 
-22  -94  30 
-10  -24  74 
-42  -46  -46 
-12  20  10 
-40  12  -16 
-22  -90  32 

//Reference=MNI 
//nullstudy_53
//Subjects=11
-4  -40  74 
-38  -14  62 
54  4  -10 
50  12  -2 
-18  -68  -52 
14  18  38 
-2  -102  14 
-34  -14  56 

//Reference=MNI 
//nullstudy_54
//Subjects=10
-8  -38  72 
-48  -52  22 
-34  -78  -28 
-16  -26  10 
-10  -76  -36 
-18  -46  -40 
-30  -88  2 
-38  -42  -46 

//Reference=MNI 
//nullstudy_55
//Subjects=12
-12  -74  -46 
-18  -64  44 
-20  -34  -4 
48  12  12 
-26  16  -14 
-50  18  -16 
-24  26  56 
48  40  28 

//Reference=MNI 
//nullstudy_56
//Subjects=12
-48  -44  12 
-18  -26  68 
4  64  2 
48  30  36 
-48  -24  -6 
-54  -36  18 
-16  -36  38 
14  40  -26 

//Reference=MNI 
//nullstudy_57
//Subjects=10
-62  -12  -28 
-58  -38  46 
-10  -52  -38 
-54  10  28 
2  36  16 
-2  34  -32 
-18  -74  -32 
42  16  16 

//Reference=MNI 
//nullstudy_58
//Subjects=10
-58  10  16 
-28  -74  -40 
12  10  56 
-26  -20  -34 
-50  -20  22 
-16  -52  72 
-10  32  36 
16  46  -20 

//Reference=MNI 
//nullstudy_59
//Subjects=9
-42  -62  -16 
14  48  42 
-2  -50  -18 
-44  50  18 
-8  -62  34 
-8  66  8 
-48  -82  0 
-6  38  -10 

//Reference=MNI 
//nullstudy_60
//Subjects=9
-20  -18  70 
36  20  36 
32  52  18 
12  60  -24 
-26  50  4 
-42  28  18 
8  46  -30 
48  4  8 

//Reference=MNI 
//nullstudy_61
//Subjects=10
-18  -52  66 
4  44  48 
-58  -32  46 
-10  -14  48 
2  50  42 
-10  -36  12 
-26  -94  -8 
-32  -90  14 

//Reference=MNI 
//nullstudy_62
//Subjects=10
18  44  -24 
-30  -24  62 
-50  -30  12 
-42  -26  60 
2  28  56 
-46  -30  4 
-40  -2  -42 
-8  -26  -48 

//Reference=MNI 
//nullstudy_63
//Subjects=10
-10  28  -10 
46  32  22 
-40  -16  44 
-16  -12  -12 
-22  -34  -14 
-50  -6  18 
52  6  28 
-34  -72  -16 

//Reference=MNI 
//nullstudy_64
//Subjects=10
-62  -52  -16 
-42  -20  -22 
-58  -24  -6 
-56  -6  -28 
-28  -8  -12 
-20  -82  -36 
-32  0  16 
-18  14  8 

//Reference=MNI 
//nullstudy_65
//Subjects=9
-10  -80  -24 
-66  -18  -16 
42  24  16 
18  46  6 
32  20  34 
-8  26  -24 
-62  -32  44 
-52  -58  -34 

//Reference=MNI 
//nullstudy_66
//Subjects=10
-36  -68  10 
-32  -76  -44 
-48  16  -24 
-14  -62  32 
-42  26  -16 
56  8  -18 
-32  12  -26 
-2  -6  22 

//Reference=MNI 
//nullstudy_67
//Subjects=9
-42  -64  30 
-6  -38  -32 
-2  -88  6 
-36  -22  4 
-52  -2  46 
-2  -44  40 
-2  -46  -6 
20  48  16 

//Reference=MNI 
//nullstudy_68
//Subjects=10
-64  -22  -20 
-18  -70  -32 
-14  -46  60 
-26  -90  -2 
20  50  -4 
-10  -20  -36 
12  52  24 
-16  14  64 

//Reference=MNI 
//nullstudy_69
//Subjects=8
-6  -48  74 
-34  -14  8 
-30  -86  24 
-40  0  40 
-64  -52  4 
-36  12  0 
44  56  -2 
-2  -28  38 

//Reference=MNI 
//nullstudy_70
//Subjects=8
30  16  -12 
-60  -56  -30 
-50  8  -12 
-32  -46  68 
-24  -12  -36 
-52  -12  12 
-22  -48  -32 
-6  -4  -8 

//Reference=MNI 
//nullstudy_71
//Subjects=10
-14  -62  66 
22  12  -10 
-4  -86  -16 
-4  -12  40 
-42  -72  -16 
-30  -2  -28 
52  18  2 
-12  -86  -48 

//Reference=MNI 
//nullstudy_72
//Subjects=11
-6  -64  52 
48  46  -12 
-20  -78  -50 
-40  -38  12 
-18  14  0 
44  16  26 
4  62  24 
-56  -38  -14 

//Reference=MNI 
//nullstudy_73
//Subjects=11
-24  -32  -16 
-24  -28  72 
22  10  -34 
-2  -72  -40 
-16  -34  68 
-6  -74  54 
-6  -80  0 
-10  -58  -14 

//Reference=MNI 
//nullstudy_74
//Subjects=11
16  30  44 
-16  -38  2 
-20  10  -8 
50  42  10 
54  32  16 
-58  -38  38 
-12  -64  -10 
-2  -70  38 

//Reference=MNI 
//nullstudy_75
//Subjects=10
8  56  40 
-16  -70  52 
-44  -58  -24 
2  42  -26 
-34  32  -6 
-44  -34  52 
-6  -26  28 
-28  -84  24 

//Reference=MNI 
//nullstudy_76
//Subjects=11
-22  24  -24 
-20  -82  -18 
-50  -38  2 
22  10  -22 
30  30  -20 
30  12  -46 
-46  -60  20 
-58  -36  -26 

//Reference=MNI 
//nullstudy_77
//Subjects=10
-32  6  -44 
4  66  8 
-16  -66  -18 
4  28  48 
-24  -62  -50 
-4  -50  -54 
-26  -46  -4 
-10  -54  -50 

//Reference=MNI 
//nullstudy_78
//Subjects=9
-16  50  -24 
38  12  -38 
-6  2  -26 
-10  -82  6 
-8  -50  8 
-40  -48  -14 
-6  -2  12 
-32  14  -16 

//Reference=MNI 
//nullstudy_79
//Subjects=9
-42  56  -2 
-46  -86  10 
-56  -22  24 
12  30  -20 
12  60  -22 
-48  0  -38 
18  30  -24 
-36  38  0 

//Reference=MNI 
//nullstudy_80
//Subjects=9
-52  -66  -10 
-34  -40  64 
-34  62  -2 
-30  16  -24 
-54  12  34 
-30  12  58 
32  28  40 
-20  42  -22 

//Reference=MNI 
//nullstudy_81
//Subjects=10
-2  16  0 
14  8  38 
-8  -88  22 
-2  20  26 
-16  -70  0 
0  52  -16 
-20  -64  40 
-12  -74  32 

//Reference=MNI 
//nullstudy_82
//Subjects=10
-54  6  -18 
-24  -56  -54 
-50  -40  46 
42  50  -16 
-40  -18  50 
-22  6  60 
-30  4  -42 
-16  -30  46 

//Reference=MNI 
//nullstudy_83
//Subjects=12
-2  -22  36 
-40  -4  -42 
-14  48  8 
-2  60  -6 
-30  -70  30 
-48  -46  -10 
-2  -74  28 
2  58  14 

//Reference=MNI 
//nullstudy_84
//Subjects=11
22  40  28 
-24  -52  10 
60  24  6 
-56  -40  26 
38  50  -4 
40  14  54 
-34  -68  52 
-24  -48  -32 

//Reference=MNI 
//nullstudy_85
//Subjects=8
-26  -84  -42 
-34  -24  -14 
-50  2  -36 
20  62  26 
-18  -76  -44 
34  24  38 
-30  -20  -24 
60  12  10 

//Reference=MNI 
//nullstudy_86
//Subjects=11
-40  10  58 
-52  -20  16 
-8  -46  -14 
12  12  -2 
-18  4  66 
-32  46  38 
50  10  24 
-24  -96  6 

//Reference=MNI 
//nullstudy_87
//Subjects=9
58  16  22 
-40  -82  10 
34  62  8 
-48  16  -34 
-56  -72  -8 
-26  -72  20 
-4  -26  -8 
-32  -16  -24 

//Reference=MNI 
//nullstudy_88
//Subjects=9
24  10  58 
-10  -70  62 
-6  -12  62 
58  2  40 
-28  -44  4 
-34  48  22 
-50  8  18 
-20  -42  -18 

//Reference=MNI 
//nullstudy_89
//Subjects=11
-56  2  0 
-16  -32  -18 
-20  16  -26 
-16  4  -12 
-64  2  2 
-34  -6  -28 
50  4  40 
32  28  44 

//Reference=MNI 
//nullstudy_90
//Subjects=10
-26  -60  -36 
54  8  -12 
-20  6  -32 
16  70  14 
-50  -60  50 
30  38  42 
-20  -50  62 
-12  -22  -22 

//Reference=MNI 
//nullstudy_91
//Subjects=10
-2  -50  56 
18  60  -4 
-20  -74  -4 
46  42  28 
-4  8  48 
-2  48  26 
-54  -10  4 
22  54  -12 

//Reference=MNI 
//nullstudy_92
//Subjects=13
-28  48  24 
40  42  36 
-50  20  30 
12  66  -16 
-16  -106  2 
34  8  -24 
56  28  0 
-50  30  -16 

//Reference=MNI 
//nullstudy_93
//Subjects=10
-60  -58  34 
-36  -48  -36 
46  44  -2 
-38  22  -6 
-24  20  58 
-14  50  14 
-6  -48  54 
-66  -44  16 

//Reference=MNI 
//nullstudy_94
//Subjects=9
-56  -10  -28 
-4  -38  60 
6  38  -16 
12  52  -14 
-10  -30  36 
-10  6  70 
44  12  2 
-30  20  -2 

//Reference=MNI 
//nullstudy_95
//Subjects=9
-18  18  -18 
-20  -78  42 
12  54  22 
-32  -4  -32 
-50  0  -6 
-30  -18  62 
10  34  58 
-46  32  36 

//Reference=MNI 
//nullstudy_96
//Subjects=9
20  4  22 
-60  -44  -14 
-60  -46  24 
6  56  0 
-14  2  -42 
-58  -18  30 
40  40  -10 
-48  -12  54 

//Reference=MNI 
//nullstudy_97
//Subjects=9
-40  -64  -42 
-44  28  14 
-28  -94  -20 
44  24  18 
-12  -20  -26 
40  48  10 
-40  -12  44 
-12  -2  66 

//Reference=MNI 
//nullstudy_98
//Subjects=12
-32  -76  -12 
-50  0  54 
-30  -30  58 
-58  -8  -6 
-14  -48  32 
-14  2  76 
-46  -8  24 
4  54  -24 

//Reference=MNI 
//nullstudy_99
//Subjects=10
-34  22  -4 
0  38  52 
-42  16  -6 
-10  -68  -40 
-66  -34  38 
2  48  -16 
-8  6  -24 
8  50  48 

//Reference=MNI 
//nullstudy_100
//Subjects=9
-32  -12  50 
-20  0  56 
-38  -60  -12 
-2  -68  42 
-8  -40  -46 
-14  62  -20 
-46  -74  -10 
-4  -44  6 

