//Reference=MNI 
//truestudy_1
//Subjects=30
47  -65  -6 
46  -66  -7 
46  -66  -5 
46  -67  -7 
46  -66  -6 
45  -68  -7 
48  -67  -5 
46  -66  -6 

//Reference=MNI 
//truestudy_2
//Subjects=31
46  -65  -5 
46  -65  -6 
44  -64  -7 
46  -67  -5 
45  -65  -5 
45  -65  -8 
47  -65  -8 
46  -67  -6 

//Reference=MNI 
//truestudy_3
//Subjects=28
45  -67  -4 
46  -65  -7 
45  -65  -6 
46  -65  -8 
46  -67  -6 
46  -66  -5 
47  -66  -6 
46  -65  -7 

//Reference=MNI 
//nullstudy_1
//Subjects=30
-46  -14  34 
-14  -80  36 
28  34  -12 
-20  -84  -2 
32  34  6 
-38  34  -12 
-26  12  46 
-8  -20  0 

//Reference=MNI 
//nullstudy_2
//Subjects=31
-18  -20  24 
-14  -80  28 
-10  -64  -36 
-58  -48  2 
-8  -66  -12 
50  4  -30 
30  18  38 
-20  -50  0 

//Reference=MNI 
//nullstudy_3
//Subjects=28
-24  -34  -36 
-2  60  -8 
-38  -58  -30 
-20  -22  4 
-32  18  -34 
-48  -6  -4 
12  46  42 
-18  -66  -38 

//Reference=MNI 
//nullstudy_4
//Subjects=29
-20  -88  4 
-8  -94  4 
-12  36  48 
-22  -50  -54 
-10  -42  6 
-2  6  -14 
-10  58  38 
-28  50  -2 

//Reference=MNI 
//nullstudy_5
//Subjects=32
-10  -92  -12 
-26  -16  -12 
-52  -70  20 
-48  -54  42 
-64  -6  26 
-16  40  -26 
54  38  -4 
-48  -64  -28 

//Reference=MNI 
//nullstudy_6
//Subjects=29
-12  -94  -24 
-32  -16  -22 
-8  -36  56 
-58  -42  -22 
-68  -46  10 
2  42  34 
8  20  46 
-24  -14  -30 

//Reference=MNI 
//nullstudy_7
//Subjects=31
-42  44  -12 
-44  12  -44 
-28  -44  58 
58  14  30 
-18  -48  76 
-36  -6  4 
-6  -42  -46 
-36  -58  -20 

//Reference=MNI 
//nullstudy_8
//Subjects=31
-42  -40  60 
-8  -34  -40 
-12  -66  66 
12  44  26 
6  10  42 
6  28  -30 
6  38  -26 
-28  22  48 

//Reference=MNI 
//nullstudy_9
//Subjects=30
-2  -84  38 
-50  -68  -42 
-16  -64  36 
-56  2  44 
58  2  -6 
-42  -50  -12 
-16  -42  -18 
48  40  26 

//Reference=MNI 
//nullstudy_10
//Subjects=29
-32  54  22 
40  8  44 
-50  -72  22 
-12  12  -10 
-34  -54  -54 
-56  -62  6 
-24  16  2 
-12  -76  -8 

//Reference=MNI 
//nullstudy_11
//Subjects=30
-22  -68  -8 
-24  50  -6 
-6  -8  62 
-22  -32  -28 
-8  -70  -22 
-28  -76  -10 
-32  -76  6 
-50  -56  12 

//Reference=MNI 
//nullstudy_12
//Subjects=30
-6  -34  -42 
-40  -36  -14 
-16  -58  -36 
6  58  -6 
-28  -4  -50 
-56  -66  -28 
-14  -102  -2 
-4  34  14 

//Reference=MNI 
//nullstudy_13
//Subjects=30
38  22  2 
-60  -40  2 
-40  -92  -6 
-12  -32  2 
-44  -44  2 
12  26  30 
-12  -64  -40 
-10  -88  42 

//Reference=MNI 
//nullstudy_14
//Subjects=30
-26  -40  50 
2  8  28 
-28  22  46 
-66  -10  16 
-44  -48  -16 
-16  46  38 
-4  -74  28 
-26  -66  -54 

//Reference=MNI 
//nullstudy_15
//Subjects=29
-44  -24  38 
-44  16  38 
-4  -54  6 
-46  26  -10 
4  48  -28 
0  50  12 
-32  -8  -2 
14  8  -28 

//Reference=MNI 
//nullstudy_16
//Subjects=29
-26  -50  10 
-8  -48  24 
-6  30  64 
26  14  50 
-68  -42  12 
-32  -64  38 
-28  -50  -14 
-6  -46  -56 

//Reference=MNI 
//nullstudy_17
//Subjects=31
-26  -42  50 
-40  50  -12 
-10  26  -14 
-16  56  30 
-2  -56  -16 
-22  -28  -34 
26  30  -22 
-16  -80  -28 

//Reference=MNI 
//nullstudy_18
//Subjects=31
34  12  28 
-4  34  24 
-36  -64  -62 
-8  -58  -32 
10  52  16 
-4  -46  -14 
-30  10  6 
-30  -30  70 

//Reference=MNI 
//nullstudy_19
//Subjects=29
-4  -100  14 
-10  -72  4 
-6  10  -30 
-34  -16  -40 
-16  -98  8 
-14  4  10 
-50  -14  20 
14  10  70 

//Reference=MNI 
//nullstudy_20
//Subjects=28
-36  -20  46 
-26  10  -28 
-64  -32  14 
-26  -92  -30 
-28  -86  -34 
-10  -56  30 
24  4  52 
-58  6  2 

//Reference=MNI 
//nullstudy_21
//Subjects=30
-40  4  40 
-52  -74  -10 
-26  42  -18 
34  24  52 
8  48  48 
-16  8  22 
-38  20  -40 
-44  -42  44 

//Reference=MNI 
//nullstudy_22
//Subjects=29
-56  -58  8 
-20  -2  64 
-16  -24  -14 
-26  -62  -64 
-44  -6  40 
-22  -58  6 
-14  -10  -12 
4  48  2 

//Reference=MNI 
//nullstudy_23
//Subjects=31
60  14  8 
-6  26  52 
-50  36  22 
-40  22  0 
66  4  8 
-22  -82  6 
-34  10  -40 
50  10  -36 

//Reference=MNI 
//nullstudy_24
//Subjects=29
-56  -62  -22 
-6  32  20 
-8  -44  -46 
10  30  36 
-48  -58  -38 
-26  -4  66 
-24  -68  -18 
-24  8  -24 

//Reference=MNI 
//nullstudy_25
//Subjects=29
-8  -92  18 
-44  -16  62 
-26  50  34 
-32  -20  -34 
-46  -80  2 
-32  -34  72 
-40  -38  60 
-16  -88  28 

//Reference=MNI 
//nullstudy_26
//Subjects=30
-48  -44  36 
-50  12  -6 
-12  -22  -38 
-14  22  60 
-6  -10  40 
-42  -76  24 
-4  -46  -44 
4  4  46 

//Reference=MNI 
//nullstudy_27
//Subjects=31
40  28  -8 
-16  46  28 
-36  -84  38 
-36  -70  4 
-22  -76  50 
-4  -96  16 
-8  -82  -10 
-40  -70  44 

//Reference=MNI 
//nullstudy_28
//Subjects=32
-34  -86  26 
-62  -38  -6 
-46  -34  48 
-42  -54  -12 
-20  -64  40 
-10  -90  -18 
-28  54  34 
-30  -44  -54 

//Reference=MNI 
//nullstudy_29
//Subjects=30
-46  -56  40 
54  20  20 
14  54  -16 
50  12  -18 
-2  -40  -28 
-50  -48  -12 
40  10  -46 
-14  14  -26 

//Reference=MNI 
//nullstudy_30
//Subjects=31
-26  -4  -4 
-54  14  30 
52  22  34 
-16  18  16 
8  64  16 
-20  20  -2 
-22  36  48 
-36  18  54 

//Reference=MNI 
//nullstudy_31
//Subjects=29
-12  -56  60 
22  12  2 
-46  -56  -38 
-8  -22  36 
-16  66  -6 
-32  30  42 
-8  44  50 
-46  -56  46 

//Reference=MNI 
//nullstudy_32
//Subjects=30
-50  -44  32 
-38  -38  -18 
-36  -72  12 
-56  -52  14 
-62  -40  10 
-4  -68  62 
-8  -86  0 
-60  -18  10 

//Reference=MNI 
//nullstudy_33
//Subjects=31
-14  -50  -52 
-14  -38  78 
-10  -4  64 
-52  -70  -10 
-10  -80  4 
-38  -64  -34 
-22  -14  56 
-28  -58  8 

//Reference=MNI 
//nullstudy_34
//Subjects=31
-26  -64  46 
-42  -74  12 
-8  62  -14 
-48  22  -18 
-32  -32  -10 
-32  20  56 
-6  -74  -48 
-38  -28  66 

//Reference=MNI 
//nullstudy_35
//Subjects=31
-2  -60  14 
-8  50  44 
4  28  -20 
-34  -80  -36 
-8  -68  40 
-52  -58  -44 
-36  -34  18 
30  50  32 

//Reference=MNI 
//nullstudy_36
//Subjects=29
-10  4  56 
-32  -2  -4 
-6  -98  -12 
12  14  58 
-4  -66  -8 
34  10  12 
-52  -42  46 
-36  -58  56 

//Reference=MNI 
//nullstudy_37
//Subjects=29
-22  -86  -8 
-8  4  4 
-8  16  -16 
10  54  40 
22  48  44 
-16  -20  70 
-56  14  -8 
-28  -42  36 

//Reference=MNI 
//nullstudy_38
//Subjects=30
-48  -76  -32 
50  22  42 
-8  -16  70 
44  40  -8 
-46  2  6 
-24  -10  50 
-28  -60  6 
-4  -54  54 

//Reference=MNI 
//nullstudy_39
//Subjects=30
-18  -72  36 
-48  -58  -18 
-18  -56  8 
-42  -58  -44 
-10  38  -18 
-10  22  -20 
-4  -88  26 
-8  -16  80 

//Reference=MNI 
//nullstudy_40
//Subjects=29
-10  50  6 
10  8  48 
-28  -22  52 
28  38  52 
-28  -84  22 
-34  -24  18 
14  8  24 
-38  -54  20 

//Reference=MNI 
//nullstudy_41
//Subjects=30
-30  8  34 
-26  16  12 
-40  52  -12 
-2  -38  28 
-6  12  32 
-12  10  22 
-14  -38  76 
-36  -24  66 

//Reference=MNI 
//nullstudy_42
//Subjects=31
-36  -24  12 
36  12  0 
-42  -4  40 
-32  -56  -16 
-10  48  -4 
22  40  42 
-18  -6  -22 
-30  -42  -36 

//Reference=MNI 
//nullstudy_43
//Subjects=31
-38  -48  -26 
4  2  36 
-36  -70  -28 
-24  30  30 
-30  -42  46 
46  10  -26 
-48  6  52 
-22  48  -4 

//Reference=MNI 
//nullstudy_44
//Subjects=29
-46  34  18 
-6  -62  30 
-4  -56  38 
-2  32  20 
26  52  -12 
-34  -50  -26 
-20  -8  70 
-14  40  -18 

//Reference=MNI 
//nullstudy_45
//Subjects=29
-40  6  48 
-48  16  40 
-22  -28  70 
14  12  16 
-14  -76  -36 
42  20  36 
-52  -12  6 
-26  -48  -2 

//Reference=MNI 
//nullstudy_46
//Subjects=31
8  70  -6 
-28  40  38 
24  2  -28 
-20  -80  26 
-4  -92  24 
-40  -36  26 
-8  -74  -40 
-38  -44  -50 

//Reference=MNI 
//nullstudy_47
//Subjects=31
-68  -44  -6 
-16  -62  -18 
-42  10  -6 
34  56  2 
34  4  -8 
60  20  22 
-32  -34  -28 
-20  -88  -16 

//Reference=MNI 
//nullstudy_48
//Subjects=30
-4  -74  -42 
38  58  14 
-4  22  42 
-30  30  28 
-16  -20  -32 
-48  -18  0 
-44  -56  -22 
0  30  16 

//Reference=MNI 
//nullstudy_49
//Subjects=29
-44  -82  4 
-18  40  -24 
-16  54  30 
14  52  6 
-40  8  56 
-28  -48  -28 
-32  -4  -12 
-10  -2  -12 

//Reference=MNI 
//nullstudy_50
//Subjects=30
-18  -52  -58 
-2  -14  72 
-8  -84  -6 
-58  -60  28 
48  30  -6 
-8  -58  -66 
-14  -86  38 
-14  -46  72 

//Reference=MNI 
//nullstudy_51
//Subjects=30
-32  -94  8 
-28  -58  -62 
-36  -10  46 
-32  -16  66 
-8  -88  -26 
-14  -72  -44 
-4  -100  20 
12  64  -14 

//Reference=MNI 
//nullstudy_52
//Subjects=32
12  68  -10 
-42  -22  64 
-34  4  -44 
-46  -34  0 
-4  -12  16 
-28  34  34 
-32  -38  42 
-12  -88  -16 

//Reference=MNI 
//nullstudy_53
//Subjects=32
-56  -74  6 
42  18  44 
-4  -58  70 
36  10  60 
54  4  -30 
-12  6  -24 
-4  20  54 
-18  64  6 

//Reference=MNI 
//nullstudy_54
//Subjects=29
-52  38  -12 
-42  0  16 
-28  0  48 
-60  -34  28 
10  4  68 
-4  -58  54 
-8  2  -32 
-20  -90  10 

//Reference=MNI 
//nullstudy_55
//Subjects=30
-28  64  -12 
54  34  8 
-32  -24  20 
6  14  -24 
-44  -84  -4 
-46  -20  -26 
-68  -14  20 
-28  62  6 

//Reference=MNI 
//nullstudy_56
//Subjects=29
32  56  8 
-44  -68  10 
-2  66  26 
-14  -76  4 
-42  -22  34 
-12  24  -18 
32  54  16 
-28  -36  -46 

//Reference=MNI 
//nullstudy_57
//Subjects=30
-26  -80  -44 
66  4  24 
-12  -22  20 
-24  -6  -46 
-34  16  8 
-22  2  50 
-28  -10  -44 
16  50  2 

//Reference=MNI 
//nullstudy_58
//Subjects=28
34  8  46 
-22  -80  -38 
-14  28  58 
-68  -18  28 
8  8  -28 
-12  -80  16 
-34  18  24 
2  68  12 

//Reference=MNI 
//nullstudy_59
//Subjects=32
-44  22  10 
-38  -20  48 
-4  -82  8 
-60  -6  16 
-46  -14  20 
-16  6  -28 
-22  46  6 
-8  -82  -50 

//Reference=MNI 
//nullstudy_60
//Subjects=30
-4  -6  58 
10  24  50 
-34  14  -8 
-4  -34  -8 
-14  -22  22 
-28  6  -48 
-20  -92  2 
-2  36  24 

//Reference=MNI 
//nullstudy_61
//Subjects=31
-38  -66  0 
48  42  26 
-2  -10  42 
-46  -6  0 
-14  -94  32 
-38  -70  -18 
46  32  2 
-34  -86  4 

//Reference=MNI 
//nullstudy_62
//Subjects=31
-46  -10  30 
52  28  -4 
-32  26  -8 
18  10  -20 
2  64  28 
-40  -66  -8 
-10  38  -24 
-52  14  -26 

//Reference=MNI 
//nullstudy_63
//Subjects=30
-14  -68  -20 
0  6  -18 
20  56  -10 
-34  -78  34 
-26  -76  -14 
12  6  40 
-44  -64  16 
-46  -10  -32 

//Reference=MNI 
//nullstudy_64
//Subjects=30
-20  4  -46 
50  12  22 
-2  -30  2 
-10  58  -6 
6  32  50 
-42  -50  -6 
-12  64  8 
-22  -52  -14 

//Reference=MNI 
//nullstudy_65
//Subjects=30
28  24  40 
-46  14  -34 
14  58  6 
-34  -86  32 
-40  2  -20 
-16  36  56 
-22  -88  32 
-38  -78  4 

//Reference=MNI 
//nullstudy_66
//Subjects=30
-32  -90  -4 
-32  28  6 
-4  30  -12 
-18  -84  -52 
-56  -42  34 
-24  -32  -34 
-38  -42  38 
36  14  -40 

//Reference=MNI 
//nullstudy_67
//Subjects=30
10  20  8 
-12  26  6 
40  28  -4 
-56  -54  48 
-34  -6  -26 
10  38  36 
-54  -50  42 
18  68  14 

//Reference=MNI 
//nullstudy_68
//Subjects=29
-10  -84  -12 
16  26  58 
-20  -86  22 
-10  24  24 
-18  4  16 
-60  -24  26 
-30  -96  2 
-22  4  52 

//Reference=MNI 
//nullstudy_69
//Subjects=29
-32  -82  0 
58  14  -2 
-36  -14  64 
-20  -80  -18 
24  18  -20 
-24  38  50 
2  24  26 
-16  -24  -28 

//Reference=MNI 
//nullstudy_70
//Subjects=31
-40  4  -42 
4  44  0 
-24  24  60 
22  18  -16 
-16  52  -18 
-52  -56  -36 
-42  36  -2 
-44  -18  34 

//Reference=MNI 
//nullstudy_71
//Subjects=29
44  10  -26 
-50  -12  -24 
-28  -50  60 
12  44  38 
-40  18  -8 
10  18  10 
-16  -42  -50 
-30  -68  -32 

//Reference=MNI 
//nullstudy_72
//Subjects=31
26  62  18 
60  14  30 
6  62  -4 
-50  -70  28 
42  12  2 
-52  4  -40 
38  24  -8 
-4  -36  -24 

//Reference=MNI 
//nullstudy_73
//Subjects=31
-4  66  16 
-4  -48  -64 
-52  -26  -22 
34  54  -6 
-62  -4  24 
-28  -70  -22 
-38  -94  0 
-6  0  48 

//Reference=MNI 
//nullstudy_74
//Subjects=31
-36  38  10 
-46  -22  38 
-12  22  56 
-38  26  -14 
0  34  16 
-36  58  -4 
-32  32  -10 
24  14  50 

//Reference=MNI 
//nullstudy_75
//Subjects=30
-10  42  10 
-28  0  6 
2  42  32 
-20  44  -10 
-48  -2  -2 
-52  -40  10 
-2  66  0 
-6  -6  -32 

//Reference=MNI 
//nullstudy_76
//Subjects=30
-14  -60  -48 
-14  -62  -32 
8  16  -2 
-38  -60  42 
4  58  14 
-20  -90  -20 
-10  6  -18 
-22  64  14 

//Reference=MNI 
//nullstudy_77
//Subjects=30
44  20  32 
-34  -40  54 
-8  -40  64 
-2  38  -16 
-2  -34  60 
-38  8  52 
-32  -10  -42 
-18  -18  78 

//Reference=MNI 
//nullstudy_78
//Subjects=30
-38  56  -16 
42  22  50 
-14  -70  -6 
-18  58  18 
-54  -6  -2 
-42  -58  -42 
-46  -78  -26 
-50  30  -8 

//Reference=MNI 
//nullstudy_79
//Subjects=29
-20  -90  18 
-20  8  2 
46  34  12 
42  12  -12 
42  28  -14 
-26  -28  72 
-10  2  22 
-26  -92  -8 

//Reference=MNI 
//nullstudy_80
//Subjects=31
-56  -22  -2 
-50  -76  -6 
-20  -8  -28 
-44  -24  -22 
-48  -74  38 
-52  -30  12 
-60  -56  34 
-24  -68  38 

//Reference=MNI 
//nullstudy_81
//Subjects=30
-32  12  12 
-24  -36  -48 
36  8  14 
-38  -22  -32 
8  32  24 
-36  -58  -46 
0  44  12 
-50  -48  56 

//Reference=MNI 
//nullstudy_82
//Subjects=29
-48  -50  -10 
-24  -78  -52 
-2  -64  20 
-10  -90  4 
-26  -64  46 
-30  -4  -16 
-32  30  -22 
-42  -78  -38 

//Reference=MNI 
//nullstudy_83
//Subjects=29
-14  40  -28 
-28  -40  64 
40  22  46 
-24  -76  -40 
-34  -76  28 
34  6  -24 
2  52  28 
40  52  -16 

//Reference=MNI 
//nullstudy_84
//Subjects=30
-40  -62  58 
-6  -66  6 
-2  -4  60 
-32  24  22 
-8  -32  -38 
26  20  62 
-6  -18  24 
-2  -60  42 

//Reference=MNI 
//nullstudy_85
//Subjects=31
20  10  4 
-18  -26  16 
46  22  28 
12  20  30 
34  52  30 
-48  -58  24 
-30  44  32 
-48  -44  -16 

//Reference=MNI 
//nullstudy_86
//Subjects=31
-48  0  16 
-4  48  24 
-24  32  30 
-32  -76  -40 
56  16  32 
16  2  24 
-24  -82  40 
2  68  8 

//Reference=MNI 
//nullstudy_87
//Subjects=30
-20  -104  -2 
30  8  56 
18  44  -22 
-12  14  -20 
-28  10  56 
-10  2  8 
-44  -42  -22 
-12  -84  -2 

//Reference=MNI 
//nullstudy_88
//Subjects=31
26  12  -14 
-30  -42  -54 
-62  -6  -22 
-48  -66  -16 
-30  60  20 
32  58  -14 
-42  -84  4 
50  24  -18 

//Reference=MNI 
//nullstudy_89
//Subjects=31
-44  -24  14 
-32  -14  -26 
-16  -80  40 
-4  -50  -60 
-4  -32  48 
2  32  30 
-58  -32  38 
-14  26  4 

//Reference=MNI 
//nullstudy_90
//Subjects=30
-2  -66  58 
-24  -50  -20 
-48  -66  46 
26  56  16 
-10  -64  -26 
32  46  38 
-12  -56  60 
34  22  -32 

//Reference=MNI 
//nullstudy_91
//Subjects=32
-16  -2  58 
2  14  -26 
-24  64  4 
-46  -46  28 
-14  24  -12 
-26  -50  -26 
60  4  20 
56  16  -6 

//Reference=MNI 
//nullstudy_92
//Subjects=31
10  70  14 
-26  -42  68 
38  26  -16 
20  8  -46 
-50  18  -2 
-42  -38  22 
36  20  26 
-28  -40  -40 

//Reference=MNI 
//nullstudy_93
//Subjects=29
-38  -84  14 
-6  52  -10 
-10  -94  -26 
10  38  -24 
-20  -58  -54 
-38  -66  46 
-4  54  -22 
-18  -56  12 

//Reference=MNI 
//nullstudy_94
//Subjects=31
-42  -28  4 
-30  20  -22 
2  24  32 
20  64  10 
-42  -64  50 
-46  -48  -12 
-20  -70  8 
-48  -46  36 

//Reference=MNI 
//nullstudy_95
//Subjects=29
-30  -100  4 
14  72  6 
-40  -48  -28 
-12  -6  66 
-32  38  -20 
48  32  30 
0  24  -18 
-32  -42  44 

//Reference=MNI 
//nullstudy_96
//Subjects=30
-8  36  48 
50  24  34 
4  38  -26 
28  6  66 
-48  -50  56 
-52  -44  52 
-22  40  46 
32  30  -8 

//Reference=MNI 
//nullstudy_97
//Subjects=30
-10  44  40 
-28  -52  -50 
-8  -46  70 
-2  -4  2 
-24  -60  14 
-18  66  6 
-24  12  -6 
-2  -42  -42 

//Reference=MNI 
//nullstudy_98
//Subjects=32
-2  -24  24 
-2  -32  50 
-28  -46  -56 
20  58  -12 
34  6  28 
6  14  22 
-40  -78  -28 
34  2  66 

//Reference=MNI 
//nullstudy_99
//Subjects=30
-12  -70  44 
-42  4  -48 
-44  -16  12 
-14  -30  40 
-36  -68  50 
-12  -48  56 
-2  64  30 
-26  -46  -58 

//Reference=MNI 
//nullstudy_100
//Subjects=31
-14  26  48 
28  8  -6 
-14  -52  14 
-34  30  -10 
-60  -30  -6 
14  50  -4 
-2  -4  68 
-8  -94  32 

