//Reference=MNI 
//truestudy_1
//Subjects=30
45  -66  -6 
47  -65  -7 
48  -66  -5 
46  -65  -5 
45  -65  -3 
48  -67  -8 
46  -64  -6 
45  -66  -5 

//Reference=MNI 
//truestudy_2
//Subjects=31
46  -65  -7 
47  -64  -5 
44  -65  -6 
48  -65  -7 
46  -67  -4 
46  -66  -5 
46  -65  -5 
47  -66  -9 

//Reference=MNI 
//truestudy_3
//Subjects=29
46  -66  -5 
45  -66  -6 
47  -66  -5 
46  -67  -6 
46  -64  -6 
46  -67  -7 
45  -67  -4 
46  -64  -7 

//Reference=MNI 
//nullstudy_1
//Subjects=30
-34  14  -26 
-48  -20  24 
-44  -20  52 
-54  20  0 
-16  -90  -34 
-30  -72  52 
46  4  10 
50  2  -22 

//Reference=MNI 
//nullstudy_2
//Subjects=31
-2  -86  16 
-38  -84  26 
28  16  -26 
30  28  56 
-54  -52  -2 
64  2  -6 
56  8  -4 
-46  0  48 

//Reference=MNI 
//nullstudy_3
//Subjects=29
-26  -96  6 
12  50  -18 
28  34  30 
-6  -14  -30 
-4  -8  14 
16  38  20 
-12  -4  -10 
-46  10  18 

//Reference=MNI 
//nullstudy_4
//Subjects=30
-34  -84  -2 
-44  8  -46 
-24  4  70 
-68  -22  6 
-16  -42  -54 
-6  -18  74 
-32  10  -42 
-6  6  12 

//Reference=MNI 
//nullstudy_5
//Subjects=30
32  20  34 
-38  -58  22 
-36  20  6 
-6  -60  -2 
18  20  56 
-60  4  20 
-38  8  -38 
-22  -14  66 

//Reference=MNI 
//nullstudy_6
//Subjects=30
-12  50  34 
-16  -16  -18 
-18  -24  28 
-34  8  -36 
-24  -86  -44 
-42  -12  32 
-52  -22  26 
-2  -52  -60 

//Reference=MNI 
//nullstudy_7
//Subjects=29
6  20  38 
28  38  -14 
-68  -40  10 
-16  -98  26 
-52  36  0 
-38  -82  -14 
-16  8  -42 
42  12  -38 

//Reference=MNI 
//nullstudy_8
//Subjects=28
-38  -84  10 
-16  -36  -16 
-22  52  34 
-20  -72  -44 
36  4  -4 
56  16  30 
-36  28  52 
8  10  -4 

//Reference=MNI 
//nullstudy_9
//Subjects=28
-6  -52  38 
42  44  -8 
-64  -38  10 
-36  -66  22 
-2  6  52 
-34  -6  56 
-16  6  -32 
-56  -58  -28 

//Reference=MNI 
//nullstudy_10
//Subjects=30
-32  4  12 
-20  -30  26 
-38  -78  20 
-42  16  -14 
-22  16  60 
-38  8  32 
-66  -42  12 
-20  -52  0 

//Reference=MNI 
//nullstudy_11
//Subjects=30
-24  -64  14 
-46  -28  32 
-50  -68  4 
-4  -84  -18 
-22  60  12 
-34  40  40 
-50  -42  -28 
-42  2  0 

//Reference=MNI 
//nullstudy_12
//Subjects=30
-64  -28  28 
-6  -40  22 
-32  -64  58 
16  38  40 
-38  12  56 
-12  30  46 
-56  -24  -14 
-56  -36  26 

//Reference=MNI 
//nullstudy_13
//Subjects=30
-12  -30  54 
-24  22  -24 
-32  -34  52 
58  24  10 
-36  -92  16 
-2  -22  42 
-44  16  50 
-64  -50  -14 

//Reference=MNI 
//nullstudy_14
//Subjects=29
-30  16  -40 
-8  28  54 
-52  -62  -38 
8  40  -4 
-44  26  36 
-40  -60  -54 
-10  -76  48 
-8  28  58 

//Reference=MNI 
//nullstudy_15
//Subjects=30
-30  -44  62 
-54  -20  -28 
-28  52  32 
-48  -26  62 
-28  -10  62 
26  44  10 
-32  -66  -56 
-34  20  -38 

//Reference=MNI 
//nullstudy_16
//Subjects=29
48  30  10 
-40  -24  18 
-2  -10  -18 
42  10  -20 
36  14  -16 
-18  34  58 
-62  -50  16 
-44  28  16 

//Reference=MNI 
//nullstudy_17
//Subjects=32
-40  -26  -30 
-36  8  -4 
26  14  -14 
-8  16  54 
36  36  38 
-8  34  24 
-34  44  38 
-38  -30  40 

//Reference=MNI 
//nullstudy_18
//Subjects=28
-46  -56  26 
-60  -54  -22 
56  24  2 
-16  -54  18 
-2  18  2 
12  40  30 
-38  -66  -24 
16  22  -16 

//Reference=MNI 
//nullstudy_19
//Subjects=30
0  8  14 
-12  -14  2 
46  18  -12 
30  14  -26 
-34  -18  58 
-28  -70  -30 
-50  -60  32 
50  44  4 

//Reference=MNI 
//nullstudy_20
//Subjects=31
-64  -14  20 
-24  -50  -56 
-58  28  6 
-16  36  44 
-4  36  2 
-12  10  8 
-40  -52  58 
-10  -72  28 

//Reference=MNI 
//nullstudy_21
//Subjects=30
-26  0  -26 
-16  18  66 
20  60  14 
-4  -36  -18 
0  54  -6 
-16  -94  30 
-18  -40  -6 
-36  30  8 

//Reference=MNI 
//nullstudy_22
//Subjects=30
54  6  -40 
-30  -72  24 
-56  14  32 
-56  -50  -24 
38  10  42 
-52  -52  -36 
26  14  48 
38  20  44 

//Reference=MNI 
//nullstudy_23
//Subjects=29
-10  52  30 
-26  -40  66 
-52  -44  -28 
-8  -6  52 
8  60  -16 
-2  -78  16 
-24  40  26 
-8  58  -2 

//Reference=MNI 
//nullstudy_24
//Subjects=28
-12  -72  -42 
-8  -52  -28 
20  12  -14 
4  6  64 
-60  -58  -4 
-2  -60  -54 
-60  -44  30 
-38  -42  -32 

//Reference=MNI 
//nullstudy_25
//Subjects=31
-42  -2  28 
-2  -26  12 
62  2  38 
-22  -42  18 
18  24  64 
-54  10  42 
-44  12  -30 
26  16  -32 

//Reference=MNI 
//nullstudy_26
//Subjects=32
-18  -80  12 
-16  60  -6 
-42  -46  10 
-36  -18  20 
-36  44  -8 
30  48  26 
-30  -72  16 
-26  -32  -16 

//Reference=MNI 
//nullstudy_27
//Subjects=29
-18  -68  -50 
-16  -80  16 
-20  -88  6 
26  4  10 
18  14  -18 
-54  2  20 
-32  -10  -34 
32  22  44 

//Reference=MNI 
//nullstudy_28
//Subjects=29
-38  50  -6 
-38  20  0 
-48  -24  -6 
-22  -44  50 
-46  -70  -10 
38  20  -20 
-32  -4  52 
-48  -28  4 

//Reference=MNI 
//nullstudy_29
//Subjects=30
-10  -12  -34 
-36  10  -14 
-44  2  -36 
-24  18  -38 
-38  -72  22 
-22  -16  0 
-4  6  -20 
36  8  -40 

//Reference=MNI 
//nullstudy_30
//Subjects=31
38  36  4 
-34  -14  -10 
12  54  -2 
8  6  30 
-46  -52  -48 
22  42  20 
44  18  48 
-38  -70  -48 

//Reference=MNI 
//nullstudy_31
//Subjects=28
-20  -28  -2 
-12  -36  66 
6  48  42 
-20  -4  68 
56  12  -6 
18  68  8 
-44  4  -4 
-48  -24  14 

//Reference=MNI 
//nullstudy_32
//Subjects=29
14  8  60 
-26  -70  -14 
-66  -38  -20 
-12  -18  74 
34  44  -2 
-30  -4  50 
44  4  34 
-36  -52  -8 

//Reference=MNI 
//nullstudy_33
//Subjects=29
0  58  6 
-30  12  -24 
-34  40  20 
-54  -22  52 
-56  -20  -2 
-20  -94  -10 
24  6  48 
-40  -54  26 

//Reference=MNI 
//nullstudy_34
//Subjects=29
-10  -56  -16 
-44  -66  50 
-8  60  -6 
6  66  26 
-16  -42  -46 
-32  8  -42 
-40  32  40 
-46  -36  12 

//Reference=MNI 
//nullstudy_35
//Subjects=31
-40  -46  -34 
-56  -62  -36 
-44  -4  16 
-32  -82  -30 
-70  -26  -8 
-20  38  -22 
-10  54  -22 
-10  12  -16 

//Reference=MNI 
//nullstudy_36
//Subjects=30
-30  -60  -26 
52  26  30 
-60  -44  40 
-56  0  -26 
62  8  16 
-16  -2  -8 
-36  -18  6 
-4  -16  32 

//Reference=MNI 
//nullstudy_37
//Subjects=30
-6  -22  -32 
44  26  -30 
-62  -6  -10 
-8  38  0 
-8  -46  52 
-52  -6  -10 
-12  -78  2 
-12  -100  -12 

//Reference=MNI 
//nullstudy_38
//Subjects=29
-18  -66  46 
-44  -52  -44 
-26  -74  2 
-6  -52  -46 
-30  16  62 
-22  -94  28 
-24  -102  2 
-50  8  -26 

//Reference=MNI 
//nullstudy_39
//Subjects=30
-36  -48  50 
-8  -2  12 
-6  -62  -58 
-4  24  54 
-6  48  4 
-42  -54  -40 
-40  -44  -18 
-46  -8  46 

//Reference=MNI 
//nullstudy_40
//Subjects=29
0  28  38 
-20  -44  -6 
-38  -94  4 
-54  -58  -22 
-38  40  -16 
-8  46  0 
28  46  28 
-50  0  -24 

//Reference=MNI 
//nullstudy_41
//Subjects=30
-42  -2  42 
-36  44  36 
-28  -34  72 
-46  -58  -6 
-6  -56  16 
-36  -86  14 
-18  -62  56 
36  18  -42 

//Reference=MNI 
//nullstudy_42
//Subjects=30
-56  -30  -2 
-10  -16  12 
-8  20  0 
-38  6  6 
22  8  -12 
-58  -30  48 
-56  -68  6 
-26  40  30 

//Reference=MNI 
//nullstudy_43
//Subjects=30
-26  24  2 
-42  -84  8 
-14  70  10 
-2  -56  62 
14  4  -6 
-40  -62  -26 
-4  -12  0 
-32  -64  -44 

//Reference=MNI 
//nullstudy_44
//Subjects=30
-40  -18  0 
-48  -22  2 
-36  16  -44 
-34  46  38 
-20  -20  -26 
34  38  36 
8  52  -18 
-22  -36  -32 

//Reference=MNI 
//nullstudy_45
//Subjects=31
-60  -60  30 
20  30  60 
-30  -94  -14 
-50  -36  -32 
-6  56  22 
54  8  12 
-32  -74  36 
22  62  -8 

//Reference=MNI 
//nullstudy_46
//Subjects=27
-58  -4  14 
6  50  40 
10  26  66 
-48  -66  8 
-10  -4  36 
22  48  10 
-38  -6  8 
-40  -56  28 

//Reference=MNI 
//nullstudy_47
//Subjects=31
-4  8  -26 
-20  10  -18 
-42  -72  46 
-50  -10  -20 
-52  -12  -42 
-4  8  48 
48  8  -32 
-44  28  -20 

//Reference=MNI 
//nullstudy_48
//Subjects=29
-30  -56  -56 
-52  -70  -2 
-26  -56  -26 
44  22  4 
-22  -4  6 
-28  -48  -8 
-10  -86  -22 
-40  36  -14 

//Reference=MNI 
//nullstudy_49
//Subjects=30
44  4  34 
-14  -58  10 
4  34  62 
54  32  20 
-32  -20  20 
36  20  42 
-34  34  38 
-34  -18  -2 

//Reference=MNI 
//nullstudy_50
//Subjects=31
-26  -32  -18 
-38  -50  -58 
-6  -52  -58 
-50  36  4 
16  70  -4 
-26  60  -14 
-50  -58  -22 
-26  -38  60 

//Reference=MNI 
//nullstudy_51
//Subjects=31
-36  8  44 
-38  -40  -12 
-24  38  -12 
-8  16  14 
-46  34  4 
-68  -34  -8 
-8  58  42 
-64  -36  32 

//Reference=MNI 
//nullstudy_52
//Subjects=30
-8  -82  -12 
-20  -40  -34 
42  40  4 
4  58  24 
-4  -68  24 
-42  16  -10 
-20  -34  -2 
28  22  32 

//Reference=MNI 
//nullstudy_53
//Subjects=29
-34  2  -18 
-24  -68  -44 
-36  -6  -34 
-32  -46  -42 
-42  20  50 
-4  8  -6 
28  20  -30 
-26  -94  4 

//Reference=MNI 
//nullstudy_54
//Subjects=29
-68  -44  0 
-42  -56  42 
24  4  66 
-6  -62  -16 
-46  -30  42 
-30  -2  -48 
30  52  12 
38  48  34 

//Reference=MNI 
//nullstudy_55
//Subjects=30
52  22  26 
10  58  18 
-32  -28  -6 
-26  -12  -40 
12  16  46 
-24  -30  -8 
-40  12  18 
-42  -2  -34 

//Reference=MNI 
//nullstudy_56
//Subjects=29
-42  -66  20 
2  46  -16 
-36  28  6 
-32  -2  8 
56  12  0 
-18  34  -24 
20  54  16 
-36  -82  -38 

//Reference=MNI 
//nullstudy_57
//Subjects=30
6  28  30 
-32  -66  32 
-24  -72  -44 
-54  -2  28 
-12  -72  58 
-26  -42  54 
-54  -74  -2 
18  8  68 

//Reference=MNI 
//nullstudy_58
//Subjects=31
-14  8  -12 
-14  -14  -22 
-46  -72  12 
30  62  12 
22  10  -4 
-32  8  -18 
-50  -34  -4 
-26  58  -14 

//Reference=MNI 
//nullstudy_59
//Subjects=29
-4  -22  -2 
-6  24  54 
-30  0  2 
20  68  4 
38  6  -48 
-50  -44  -12 
12  36  18 
-64  -42  40 

//Reference=MNI 
//nullstudy_60
//Subjects=29
-8  -50  20 
-30  0  4 
28  2  -44 
-6  -74  -30 
-40  -60  -16 
-18  -26  -8 
14  16  -20 
-46  -74  -12 

//Reference=MNI 
//nullstudy_61
//Subjects=31
-60  -56  6 
-4  34  -8 
24  8  56 
-12  48  42 
4  28  46 
-54  -26  20 
-46  -22  12 
44  2  -38 

//Reference=MNI 
//nullstudy_62
//Subjects=30
-32  -40  44 
-38  -32  -32 
-4  -80  48 
-36  2  14 
-48  -60  28 
-22  16  -28 
-22  -36  72 
-38  -36  8 

//Reference=MNI 
//nullstudy_63
//Subjects=29
-60  10  14 
-22  24  -16 
-22  -58  -40 
-40  -64  -32 
-24  -36  -34 
28  58  22 
24  48  18 
-20  -18  -10 

//Reference=MNI 
//nullstudy_64
//Subjects=30
-48  -56  22 
-22  -50  6 
24  32  34 
42  10  38 
-44  10  -14 
-2  56  6 
12  64  26 
-12  -34  -26 

//Reference=MNI 
//nullstudy_65
//Subjects=31
4  6  -24 
-10  -36  -30 
40  16  -38 
-6  -74  -54 
-30  -80  -54 
-6  -42  -54 
-64  -12  -30 
-14  14  -2 

//Reference=MNI 
//nullstudy_66
//Subjects=29
-36  -54  -8 
-38  56  14 
-6  -90  4 
-56  -26  24 
-46  -86  -6 
-8  8  -6 
-14  -82  48 
-38  12  0 

//Reference=MNI 
//nullstudy_67
//Subjects=29
-22  -88  -14 
-54  -72  16 
-68  -34  32 
-50  -34  -4 
-26  -54  -10 
18  56  20 
-20  -50  0 
-18  6  -42 

//Reference=MNI 
//nullstudy_68
//Subjects=31
-42  -52  -58 
-54  -28  -10 
-8  -72  -10 
-14  -84  -2 
-34  0  44 
-64  -34  28 
-48  -76  14 
-18  -58  26 

//Reference=MNI 
//nullstudy_69
//Subjects=31
-36  -68  36 
-28  -8  54 
-30  28  48 
2  8  -16 
-24  -60  -14 
28  10  -40 
-52  -8  16 
-46  -40  34 

//Reference=MNI 
//nullstudy_70
//Subjects=30
-60  4  24 
-26  10  -20 
8  42  28 
-20  -80  16 
-12  -32  56 
44  36  10 
20  6  -48 
0  54  38 

//Reference=MNI 
//nullstudy_71
//Subjects=29
2  12  -26 
60  12  30 
40  20  46 
0  24  60 
-22  -54  4 
-44  -74  14 
-58  -30  -22 
58  20  0 

//Reference=MNI 
//nullstudy_72
//Subjects=30
34  18  2 
-32  18  22 
-16  -22  -30 
16  6  -4 
-66  -26  -18 
-50  14  34 
-18  22  44 
62  6  -14 

//Reference=MNI 
//nullstudy_73
//Subjects=29
-36  -38  34 
-44  6  4 
-62  -2  -18 
-14  -4  -28 
-40  -56  -16 
-32  38  18 
-34  18  4 
4  30  -8 

//Reference=MNI 
//nullstudy_74
//Subjects=29
-40  10  -44 
-8  -24  -16 
-20  -4  52 
-14  38  -22 
0  58  6 
-6  36  -22 
-2  -4  30 
0  16  -10 

//Reference=MNI 
//nullstudy_75
//Subjects=30
24  16  -28 
-60  -44  -12 
-12  44  36 
-2  -56  36 
0  10  -20 
-54  -12  0 
-26  24  30 
32  56  4 

//Reference=MNI 
//nullstudy_76
//Subjects=30
-6  38  18 
-2  46  -30 
-36  -76  -20 
-4  -8  20 
-4  -46  30 
0  20  2 
-34  -48  -54 
-48  -6  58 

//Reference=MNI 
//nullstudy_77
//Subjects=30
16  48  -2 
52  44  -6 
-26  14  -38 
-38  -10  12 
-22  -82  14 
36  2  6 
-36  -14  66 
-52  22  36 

//Reference=MNI 
//nullstudy_78
//Subjects=31
-34  -68  48 
-22  -80  30 
-12  58  -2 
-48  -12  40 
-6  42  36 
52  12  20 
-10  -54  -46 
-52  -52  52 

//Reference=MNI 
//nullstudy_79
//Subjects=29
-48  -6  -12 
-10  -82  -4 
0  58  -16 
16  18  16 
-36  -78  24 
32  16  0 
-28  -30  54 
32  8  54 

//Reference=MNI 
//nullstudy_80
//Subjects=29
-6  -90  26 
-2  42  -10 
-32  40  26 
2  14  22 
-16  -70  20 
-20  -22  -36 
-30  -38  42 
52  36  0 

//Reference=MNI 
//nullstudy_81
//Subjects=30
-32  8  36 
-32  -68  34 
-20  -58  4 
-26  -94  2 
-12  -80  32 
-14  32  22 
-16  -38  72 
8  36  -24 

//Reference=MNI 
//nullstudy_82
//Subjects=30
-48  28  -2 
-52  0  -12 
-4  -96  -20 
-54  -34  48 
6  48  8 
-10  -22  56 
0  20  0 
14  48  -18 

//Reference=MNI 
//nullstudy_83
//Subjects=30
4  2  42 
-44  -58  40 
-46  -46  34 
-22  -64  0 
10  30  -8 
-8  -90  -18 
-54  -22  36 
-36  -12  68 

//Reference=MNI 
//nullstudy_84
//Subjects=31
12  2  66 
-34  -24  6 
-10  42  -24 
46  6  4 
-2  -38  76 
-4  56  -12 
-28  -54  -8 
60  6  -14 

//Reference=MNI 
//nullstudy_85
//Subjects=30
-10  -68  8 
-34  12  22 
-46  -42  -32 
0  56  20 
34  30  -20 
2  28  30 
-40  24  36 
-54  10  -28 

//Reference=MNI 
//nullstudy_86
//Subjects=31
-30  -90  30 
-60  -52  6 
-30  56  -2 
52  38  10 
-48  -40  -6 
-32  -44  -56 
-52  -20  -14 
-54  -66  -36 

//Reference=MNI 
//nullstudy_87
//Subjects=32
-12  -36  -10 
-8  48  -8 
-40  -14  -32 
-66  -22  20 
4  40  2 
-12  -46  66 
-44  -34  22 
2  28  46 

//Reference=MNI 
//nullstudy_88
//Subjects=30
-8  -6  -20 
-42  -30  -18 
-8  -32  -48 
22  42  -16 
6  60  32 
-60  -14  30 
-12  -66  50 
-16  -64  -30 

//Reference=MNI 
//nullstudy_89
//Subjects=31
-50  -54  -40 
-58  10  -2 
-2  46  -6 
-24  -68  8 
-4  -36  58 
-10  52  24 
-62  -32  40 
-14  26  -8 

//Reference=MNI 
//nullstudy_90
//Subjects=30
34  26  46 
40  48  -16 
50  28  -14 
-4  50  -26 
-38  -58  -44 
-10  46  46 
-36  -84  38 
-60  -28  40 

//Reference=MNI 
//nullstudy_91
//Subjects=30
18  56  30 
-40  54  20 
-12  60  -6 
-62  -48  -12 
-10  20  26 
26  12  48 
-34  -48  -2 
-34  -66  -40 

//Reference=MNI 
//nullstudy_92
//Subjects=32
-28  -56  66 
-28  -8  -12 
-36  -50  54 
46  14  10 
-8  -76  -4 
-8  -40  54 
22  4  6 
-46  -78  -18 

//Reference=MNI 
//nullstudy_93
//Subjects=29
-6  -70  8 
-16  -26  22 
-40  -2  -34 
-20  -94  0 
-62  -44  14 
-10  8  14 
-46  -36  54 
4  30  16 

//Reference=MNI 
//nullstudy_94
//Subjects=31
18  28  -22 
-62  -24  26 
-18  -6  62 
-58  -26  44 
24  48  28 
-4  44  26 
-14  -6  28 
-2  -24  -34 

//Reference=MNI 
//nullstudy_95
//Subjects=29
-48  34  24 
12  4  16 
12  54  40 
-14  -66  -36 
-6  16  -6 
2  46  38 
-42  -54  40 
0  30  34 

//Reference=MNI 
//nullstudy_96
//Subjects=31
-58  -18  -20 
-12  8  20 
-54  2  30 
-22  28  48 
-4  -42  64 
-24  -44  54 
-24  -54  -8 
0  2  58 

//Reference=MNI 
//nullstudy_97
//Subjects=30
-24  -24  -22 
-34  -18  10 
-14  16  18 
-18  -94  24 
-14  -28  -42 
-54  -10  10 
36  12  48 
-46  -50  14 

//Reference=MNI 
//nullstudy_98
//Subjects=29
-22  -58  16 
-26  -22  -28 
-34  28  10 
-36  2  -24 
-50  -26  -32 
-6  -34  62 
-24  12  -12 
-38  28  16 

//Reference=MNI 
//nullstudy_99
//Subjects=31
40  14  42 
-10  66  2 
-12  -40  50 
-20  -34  -24 
-50  -2  -8 
-40  -12  54 
-28  -96  10 
-22  -68  -12 

//Reference=MNI 
//nullstudy_100
//Subjects=31
8  32  -10 
-34  -2  -40 
20  44  38 
50  6  38 
-30  -34  60 
-40  -62  -12 
-12  -70  20 
-60  -4  -24 

