//Reference=MNI 
//truestudy_1
//Subjects=10
45  -67  -4 
47  -65  -6 
47  -65  -6 
47  -65  -4 
45  -67  -8 
46  -67  -6 
46  -66  -6 
47  -64  -3 

//Reference=MNI 
//truestudy_2
//Subjects=8
45  -66  -6 
44  -65  -5 
45  -66  -7 
48  -65  -5 
47  -67  -5 
47  -67  -6 
46  -66  -6 
46  -67  -6 

//Reference=MNI 
//truestudy_3
//Subjects=9
47  -66  -4 
46  -66  -7 
45  -68  -6 
46  -66  -6 
44  -66  -6 
46  -66  -7 
46  -68  -6 
47  -67  -5 

//Reference=MNI 
//nullstudy_1
//Subjects=10
8  10  -6 
28  38  36 
-44  4  42 
-50  26  30 
-14  -78  -56 
30  58  16 
-26  -80  14 
-18  -86  16 

//Reference=MNI 
//nullstudy_2
//Subjects=8
-48  -76  -14 
-46  -60  -52 
-26  -52  -50 
-2  18  48 
40  2  58 
12  16  32 
-14  -26  0 
34  22  48 

//Reference=MNI 
//nullstudy_3
//Subjects=9
-30  -48  56 
-36  -10  -34 
58  16  -10 
40  44  24 
-18  -48  -32 
-20  -82  20 
-6  18  -20 
0  56  22 

//Reference=MNI 
//nullstudy_4
//Subjects=9
-70  -30  -6 
-26  56  12 
2  16  32 
-12  -46  -4 
40  22  54 
14  32  34 
-26  -62  -8 
46  2  -4 

//Reference=MNI 
//nullstudy_5
//Subjects=11
-40  -20  62 
-8  -46  -18 
-28  16  36 
-18  -72  -8 
-64  -22  -12 
-38  -76  -20 
-30  16  62 
24  52  26 

//Reference=MNI 
//nullstudy_6
//Subjects=10
-36  -94  -8 
-18  -74  -46 
4  4  68 
-22  6  -28 
38  6  52 
-20  4  74 
-42  -38  60 
38  8  52 

//Reference=MNI 
//nullstudy_7
//Subjects=9
-6  56  -4 
-66  -26  -12 
0  60  28 
24  22  56 
-12  -20  -4 
-8  -84  -6 
28  18  38 
-24  20  -30 

//Reference=MNI 
//nullstudy_8
//Subjects=9
-6  -26  -14 
-64  -38  -18 
-10  -22  -18 
-40  -56  -18 
-6  -46  26 
12  16  -22 
-48  -10  14 
-36  52  12 

//Reference=MNI 
//nullstudy_9
//Subjects=11
-26  -44  66 
4  64  14 
52  22  22 
-64  -34  36 
-8  -40  42 
-32  6  -28 
-40  -48  40 
-32  -64  -36 

//Reference=MNI 
//nullstudy_10
//Subjects=10
14  20  -24 
-32  -12  -8 
-14  -36  -48 
-8  16  14 
-4  -28  46 
-22  -16  68 
-40  -58  58 
-12  46  -4 

//Reference=MNI 
//nullstudy_11
//Subjects=10
-4  62  4 
-30  -54  38 
-58  -24  38 
48  4  26 
-44  46  10 
2  62  26 
16  60  -6 
-20  0  58 

//Reference=MNI 
//nullstudy_12
//Subjects=10
-42  40  -16 
-42  22  -32 
-8  -78  52 
-26  -22  76 
-44  6  10 
62  6  -22 
-20  -82  -28 
10  20  10 

//Reference=MNI 
//nullstudy_13
//Subjects=9
48  42  -2 
-48  16  30 
-38  22  14 
12  30  48 
-10  -42  70 
-46  14  20 
-48  -56  10 
-38  -18  4 

//Reference=MNI 
//nullstudy_14
//Subjects=12
16  28  -26 
-54  -6  40 
-40  -58  -52 
28  20  54 
-40  -58  50 
2  44  46 
-34  22  20 
-36  -26  22 

//Reference=MNI 
//nullstudy_15
//Subjects=10
-18  -18  -30 
42  22  -18 
12  30  22 
44  38  -6 
28  6  -14 
-20  -48  52 
-28  -2  66 
48  6  42 

//Reference=MNI 
//nullstudy_16
//Subjects=10
-20  -82  -50 
-14  62  16 
-22  -70  12 
-36  30  32 
-2  36  -22 
-8  -36  -34 
-34  -18  6 
10  20  32 

//Reference=MNI 
//nullstudy_17
//Subjects=9
-28  -70  -34 
-16  -50  60 
-30  -78  28 
24  38  22 
-60  6  34 
-20  -2  -28 
-4  -14  -26 
12  56  24 

//Reference=MNI 
//nullstudy_18
//Subjects=7
-2  42  -4 
-18  -88  -12 
-16  24  -18 
0  14  -4 
-32  6  12 
2  44  2 
-2  -44  2 
-12  -56  -42 

//Reference=MNI 
//nullstudy_19
//Subjects=9
-2  -78  36 
-28  -8  -2 
20  68  10 
-38  -48  -42 
-24  -62  50 
-52  -54  -28 
-20  18  -24 
-4  -62  -16 

//Reference=MNI 
//nullstudy_20
//Subjects=10
-2  -28  -48 
-24  -54  72 
-50  6  -30 
-40  -24  52 
-32  12  -34 
38  26  44 
-2  -90  -18 
28  24  44 

//Reference=MNI 
//nullstudy_21
//Subjects=10
-2  -40  40 
-16  -60  -48 
-54  -58  12 
-2  -64  22 
20  42  30 
-60  10  12 
10  8  42 
-32  -52  2 

//Reference=MNI 
//nullstudy_22
//Subjects=9
-14  -22  6 
-30  -32  -30 
32  30  24 
44  2  -4 
-30  28  40 
16  52  -12 
-44  -84  20 
-18  -16  -14 

//Reference=MNI 
//nullstudy_23
//Subjects=10
-60  4  -26 
28  14  -46 
40  8  -14 
-40  -40  40 
-40  -80  14 
-28  40  38 
40  16  34 
-24  46  34 

//Reference=MNI 
//nullstudy_24
//Subjects=9
-42  18  36 
-40  -8  4 
16  44  16 
-24  50  -10 
-58  -68  22 
-28  -54  -4 
34  28  24 
-50  -8  56 

//Reference=MNI 
//nullstudy_25
//Subjects=10
-18  -18  78 
-38  -14  -34 
-28  -64  54 
-6  -2  30 
-20  -48  14 
-44  -62  -24 
-30  -66  -32 
-38  18  -8 

//Reference=MNI 
//nullstudy_26
//Subjects=9
-50  14  -20 
-2  -26  14 
48  44  -2 
-16  28  0 
-52  -62  16 
-30  20  56 
-22  -38  -22 
-42  14  -32 

//Reference=MNI 
//nullstudy_27
//Subjects=11
-16  -12  -14 
-4  -10  44 
-52  -58  -44 
-2  -52  10 
-16  -56  72 
-62  -6  18 
-14  4  70 
-42  -2  -2 

//Reference=MNI 
//nullstudy_28
//Subjects=10
-28  -28  56 
-10  -54  -26 
-46  -48  0 
-44  -20  34 
-32  -50  8 
-14  -46  -26 
-14  70  6 
34  22  32 

//Reference=MNI 
//nullstudy_29
//Subjects=9
-16  40  -24 
-52  -36  -26 
0  52  -4 
18  66  20 
28  12  56 
-6  28  36 
16  28  -20 
-6  -52  -2 

//Reference=MNI 
//nullstudy_30
//Subjects=8
-62  -16  4 
-52  -38  22 
-12  -24  -36 
-26  -94  -20 
32  50  20 
-20  -76  -6 
-28  16  10 
-24  60  -8 

//Reference=MNI 
//nullstudy_31
//Subjects=10
-42  -20  42 
46  12  30 
-10  -56  60 
34  60  -8 
-14  -42  -56 
-34  -70  16 
-48  -50  -12 
-18  4  24 

//Reference=MNI 
//nullstudy_32
//Subjects=8
-40  18  2 
-34  -54  -28 
10  12  -22 
-2  18  -18 
54  38  12 
4  44  28 
-14  42  -4 
-34  26  32 

//Reference=MNI 
//nullstudy_33
//Subjects=11
-30  -50  -52 
-54  36  6 
-8  18  10 
-34  44  30 
-40  -66  -20 
-18  4  -8 
-42  10  52 
4  60  -20 

//Reference=MNI 
//nullstudy_34
//Subjects=10
-22  -50  64 
10  8  4 
-28  38  34 
-8  -60  32 
-44  -72  -2 
-24  -34  56 
-6  -2  50 
40  2  62 

//Reference=MNI 
//nullstudy_35
//Subjects=10
-18  54  8 
-34  -66  34 
-60  -10  16 
-62  -56  -20 
-36  -78  32 
-24  -8  -50 
-18  4  -34 
-8  -78  44 

//Reference=MNI 
//nullstudy_36
//Subjects=9
-24  32  34 
-6  68  -6 
-32  -64  -54 
-10  -50  -16 
26  40  16 
-16  -22  -2 
-24  0  -44 
-52  -16  -36 

//Reference=MNI 
//nullstudy_37
//Subjects=12
-58  -44  -30 
-30  20  -22 
-34  -10  2 
-60  8  30 
-30  16  64 
-38  -88  -10 
-20  32  -22 
-6  -50  -12 

//Reference=MNI 
//nullstudy_38
//Subjects=9
-4  24  56 
-24  -62  -50 
-56  -66  -22 
-6  -76  34 
-52  -10  -16 
-52  32  22 
-2  66  0 
-26  -2  64 

//Reference=MNI 
//nullstudy_39
//Subjects=10
-34  30  6 
-56  -18  -26 
-14  -76  -22 
-48  32  -12 
-18  12  -42 
-62  -10  -26 
-54  -58  26 
-34  -48  62 

//Reference=MNI 
//nullstudy_40
//Subjects=9
-20  -26  -34 
-24  50  22 
12  48  32 
22  24  52 
-56  -24  22 
-8  48  -24 
-52  20  18 
-40  -14  -44 

//Reference=MNI 
//nullstudy_41
//Subjects=8
-46  2  36 
-32  -54  56 
-50  38  -16 
62  4  16 
-38  2  -24 
-4  62  32 
-64  -22  18 
-34  -16  -2 

//Reference=MNI 
//nullstudy_42
//Subjects=12
-6  -12  30 
-46  -42  -14 
46  12  -4 
18  38  40 
-20  12  -36 
-18  -8  -46 
-54  -52  -26 
-36  -58  -62 

//Reference=MNI 
//nullstudy_43
//Subjects=8
-34  14  -8 
-14  70  6 
-16  -78  18 
-4  -32  56 
-20  -82  22 
-42  -38  56 
-38  6  -34 
-52  -66  -12 

//Reference=MNI 
//nullstudy_44
//Subjects=10
-38  48  -18 
-40  34  24 
-16  -34  72 
22  6  -48 
28  6  -16 
20  16  12 
-46  -64  24 
50  40  -16 

//Reference=MNI 
//nullstudy_45
//Subjects=8
-24  0  46 
62  6  -22 
-34  6  38 
-60  8  34 
10  6  -16 
-10  -26  72 
42  18  4 
-10  -28  -8 

//Reference=MNI 
//nullstudy_46
//Subjects=9
-38  -16  50 
-50  -20  36 
-48  -12  -22 
-6  6  62 
54  16  26 
-34  62  -6 
-44  -62  26 
28  30  6 

//Reference=MNI 
//nullstudy_47
//Subjects=9
-20  -62  62 
-6  16  -4 
24  50  -2 
-58  -62  -24 
-48  26  8 
-10  36  12 
-22  -6  -30 
-34  26  32 

//Reference=MNI 
//nullstudy_48
//Subjects=10
-56  -22  -34 
0  46  34 
-60  -62  -20 
-28  -60  -20 
-46  -16  -30 
-52  -12  -38 
26  62  -6 
-48  36  -6 

//Reference=MNI 
//nullstudy_49
//Subjects=9
26  62  -8 
-4  62  30 
-26  -30  -6 
-16  -6  -12 
-20  18  -28 
-28  24  54 
-14  52  -22 
44  32  -4 

//Reference=MNI 
//nullstudy_50
//Subjects=9
-2  -90  16 
-2  -70  44 
-24  66  2 
58  14  4 
-4  -32  -52 
-28  -64  40 
-24  -102  -14 
58  22  6 

//Reference=MNI 
//nullstudy_51
//Subjects=9
42  10  36 
-54  -38  20 
18  32  44 
-30  4  8 
-56  -62  -26 
0  28  14 
-34  16  42 
-20  2  -6 

//Reference=MNI 
//nullstudy_52
//Subjects=10
-40  -26  20 
-64  -36  -6 
-20  52  -8 
-42  -86  14 
46  12  -6 
52  8  38 
-52  12  -26 
-20  -64  6 

//Reference=MNI 
//nullstudy_53
//Subjects=11
20  16  -16 
-24  64  10 
-24  -68  -6 
-2  -20  8 
-38  -64  24 
-2  -62  -42 
-22  -88  4 
20  54  -14 

//Reference=MNI 
//nullstudy_54
//Subjects=11
-4  -18  32 
-8  18  -2 
24  64  0 
-20  -94  -4 
-50  -2  38 
-10  -68  -34 
-16  -74  -38 
-30  26  12 

//Reference=MNI 
//nullstudy_55
//Subjects=10
-42  -34  -30 
10  10  58 
-68  -36  -4 
-8  -62  68 
-46  -42  8 
-36  6  -22 
36  62  12 
-26  -22  -22 

//Reference=MNI 
//nullstudy_56
//Subjects=10
-12  -74  -8 
-24  -64  0 
-58  -30  32 
-14  -20  -10 
4  56  12 
-42  -50  -36 
-44  2  -40 
-2  -104  2 

//Reference=MNI 
//nullstudy_57
//Subjects=10
-12  -78  -2 
-18  -56  -34 
-10  2  -14 
-2  -44  -54 
-26  52  -12 
12  14  10 
-32  20  2 
56  10  38 

//Reference=MNI 
//nullstudy_58
//Subjects=10
-48  -10  -14 
-44  44  20 
-4  -42  64 
-42  12  46 
-48  -32  6 
-30  -34  68 
-18  26  -18 
-28  -68  46 

//Reference=MNI 
//nullstudy_59
//Subjects=9
-38  42  4 
-32  -70  -10 
-22  -82  -34 
-34  14  24 
-46  -12  30 
-48  2  -6 
-6  44  0 
-30  0  -30 

//Reference=MNI 
//nullstudy_60
//Subjects=10
-36  18  60 
-36  -50  48 
-48  -2  -28 
-54  -56  -4 
-56  -20  44 
-32  -62  60 
-34  -70  20 
-48  -4  32 

//Reference=MNI 
//nullstudy_61
//Subjects=10
-44  -48  -14 
-6  -78  32 
-8  -78  -38 
-2  -32  74 
6  28  -24 
-58  26  10 
-8  -56  30 
-16  -66  4 

//Reference=MNI 
//nullstudy_62
//Subjects=10
-64  -38  -2 
-56  -62  -4 
-44  -28  44 
4  4  42 
-30  20  -10 
-54  -52  -28 
-44  18  26 
-42  -14  50 

//Reference=MNI 
//nullstudy_63
//Subjects=10
-28  -56  60 
-34  20  -4 
-24  42  42 
-42  -64  -18 
-42  -78  26 
-54  -6  18 
22  10  -40 
-54  -16  44 

//Reference=MNI 
//nullstudy_64
//Subjects=9
40  46  0 
-36  -72  -14 
-6  -68  -42 
-20  -100  16 
-56  -36  16 
-44  -24  -24 
44  40  20 
28  18  -24 

//Reference=MNI 
//nullstudy_65
//Subjects=10
-4  -72  4 
-24  -26  74 
-56  -40  -4 
-4  -92  -22 
-22  -78  2 
-26  44  14 
-32  8  -14 
30  12  38 

//Reference=MNI 
//nullstudy_66
//Subjects=9
-18  -80  -54 
-10  -18  -8 
-34  -70  30 
38  4  -46 
-48  -12  46 
14  26  -8 
-30  -72  16 
-26  -64  2 

//Reference=MNI 
//nullstudy_67
//Subjects=11
-54  -46  -8 
22  20  -2 
-14  -14  -34 
-26  -50  54 
-60  -22  -24 
-6  -28  -8 
12  24  0 
30  30  2 

//Reference=MNI 
//nullstudy_68
//Subjects=8
-22  -34  68 
-4  -26  -24 
-2  -8  4 
-30  -10  -24 
42  10  -36 
-46  40  6 
26  16  46 
-12  20  44 

//Reference=MNI 
//nullstudy_69
//Subjects=10
60  16  10 
-26  -4  52 
14  12  -10 
-54  -32  42 
-16  -46  -30 
-18  -60  68 
44  16  52 
-24  -86  6 

//Reference=MNI 
//nullstudy_70
//Subjects=9
-44  -68  -42 
-50  34  8 
-4  -82  6 
-54  32  -2 
48  16  -6 
-36  18  4 
-12  30  -18 
-48  -18  46 

//Reference=MNI 
//nullstudy_71
//Subjects=9
18  28  44 
-6  32  58 
-18  -40  -30 
-44  -14  -32 
-52  -60  32 
-12  12  54 
-8  -12  56 
-54  26  20 

//Reference=MNI 
//nullstudy_72
//Subjects=10
58  8  12 
26  58  -4 
-18  -26  -30 
-26  16  56 
-4  -64  24 
-56  -14  36 
-50  -8  42 
-62  -44  -8 

//Reference=MNI 
//nullstudy_73
//Subjects=9
-40  4  -46 
-46  -54  -56 
-18  46  26 
-56  -48  20 
-48  4  4 
40  32  -14 
-28  -86  36 
-6  0  -26 

//Reference=MNI 
//nullstudy_74
//Subjects=8
-28  -64  -6 
-30  -22  -2 
-6  -60  42 
-54  -30  52 
-28  -50  -54 
-22  -90  -16 
-30  -52  -40 
-54  -34  50 

//Reference=MNI 
//nullstudy_75
//Subjects=11
-46  -40  16 
-6  46  50 
-58  -18  6 
-4  10  42 
-22  2  8 
-10  64  -2 
-26  -42  -54 
-38  26  6 

//Reference=MNI 
//nullstudy_76
//Subjects=11
-12  -32  -8 
40  2  -14 
-38  -48  60 
-2  -50  20 
-58  -66  8 
-28  28  28 
-34  -26  20 
-26  48  12 

//Reference=MNI 
//nullstudy_77
//Subjects=11
-8  -18  24 
-36  -64  -48 
-48  -50  12 
-8  26  28 
-14  -54  62 
-4  60  36 
-18  -8  -28 
-24  -14  72 

//Reference=MNI 
//nullstudy_78
//Subjects=10
38  6  -14 
-34  -10  46 
-42  -14  60 
-38  -42  52 
-28  6  -48 
-44  -36  -24 
34  26  40 
-56  8  -22 

//Reference=MNI 
//nullstudy_79
//Subjects=9
-20  -22  20 
0  48  -4 
6  4  -20 
26  18  -26 
-40  -24  -18 
62  6  26 
-62  -24  -18 
-52  -32  20 

//Reference=MNI 
//nullstudy_80
//Subjects=10
38  32  -18 
-64  -38  -8 
-30  -50  -20 
40  2  -8 
-8  22  40 
-14  -38  -22 
-38  0  58 
-30  -40  -32 

//Reference=MNI 
//nullstudy_81
//Subjects=10
-48  -42  -2 
48  2  -34 
-34  -34  -34 
-34  24  -14 
-24  -48  -34 
-18  28  0 
-26  68  6 
24  20  -4 

//Reference=MNI 
//nullstudy_82
//Subjects=11
2  12  2 
-64  -18  -20 
-38  -22  68 
-44  42  -18 
-22  -92  -10 
-44  -8  32 
-12  -8  -20 
-40  8  -38 

//Reference=MNI 
//nullstudy_83
//Subjects=10
-36  36  32 
-12  36  24 
-46  -52  12 
-24  -92  -10 
34  16  -20 
8  34  6 
-8  26  -30 
-6  26  66 

//Reference=MNI 
//nullstudy_84
//Subjects=9
60  24  16 
14  46  46 
-4  -82  -2 
-12  -20  -2 
24  12  8 
-8  -60  0 
-56  -24  40 
34  24  24 

//Reference=MNI 
//nullstudy_85
//Subjects=10
-14  42  -20 
-6  -80  -46 
-12  26  38 
-6  54  -16 
-8  -14  -36 
-20  -60  58 
6  36  40 
-4  -42  -48 

//Reference=MNI 
//nullstudy_86
//Subjects=11
-20  18  0 
22  40  52 
-10  6  66 
-2  12  56 
-30  -36  -16 
-26  -82  38 
-8  -58  -28 
-44  -42  6 

//Reference=MNI 
//nullstudy_87
//Subjects=9
56  22  0 
-18  -70  -14 
-2  52  -6 
58  6  -20 
32  16  40 
16  14  2 
-22  -58  -30 
-40  6  -6 

//Reference=MNI 
//nullstudy_88
//Subjects=11
-12  2  -18 
-20  -44  -22 
32  26  10 
-26  -14  -30 
28  26  44 
-16  -74  -10 
-10  -58  -62 
-36  -46  -28 

//Reference=MNI 
//nullstudy_89
//Subjects=11
34  46  38 
8  48  50 
-46  -14  60 
48  24  18 
-52  -30  14 
-24  -54  58 
12  20  30 
18  8  64 

//Reference=MNI 
//nullstudy_90
//Subjects=11
16  54  -24 
8  60  0 
-28  52  -18 
-42  -22  -4 
-14  -26  -38 
22  2  -4 
-16  -18  30 
-14  -44  -56 

//Reference=MNI 
//nullstudy_91
//Subjects=9
-20  -62  -54 
-40  -20  36 
42  34  0 
-30  12  -6 
6  66  -6 
-2  -50  -32 
2  64  30 
-34  -62  -32 

//Reference=MNI 
//nullstudy_92
//Subjects=11
-32  34  14 
-16  -76  -58 
-4  20  0 
-34  -64  -24 
-32  -98  -6 
-22  -26  76 
-46  -66  36 
-6  42  42 

//Reference=MNI 
//nullstudy_93
//Subjects=10
-42  -2  -36 
-4  -12  -30 
12  6  -26 
0  14  4 
-54  -16  42 
-12  -6  24 
-10  -10  46 
16  6  -32 

//Reference=MNI 
//nullstudy_94
//Subjects=9
-12  -32  -18 
14  62  32 
-50  -24  -16 
12  70  -2 
42  14  -24 
-20  30  -10 
-2  -42  48 
30  24  -4 

//Reference=MNI 
//nullstudy_95
//Subjects=11
-34  -56  66 
-14  -20  0 
-42  -20  54 
-50  26  26 
-68  -12  20 
-36  12  40 
-28  52  -6 
36  50  12 

//Reference=MNI 
//nullstudy_96
//Subjects=11
-44  -34  -6 
-10  -58  -26 
-64  -28  -12 
-42  -22  8 
-26  -68  -58 
-18  -48  -16 
-56  -32  -26 
-46  -64  14 

//Reference=MNI 
//nullstudy_97
//Subjects=11
16  8  58 
-8  -80  6 
28  50  -14 
-8  54  12 
-4  12  2 
-38  -88  20 
-2  -2  34 
56  36  14 

//Reference=MNI 
//nullstudy_98
//Subjects=10
-46  -70  -18 
-66  -32  34 
4  46  18 
-56  12  -20 
-56  -52  28 
-22  -42  -12 
-56  -36  -24 
-26  -66  64 

//Reference=MNI 
//nullstudy_99
//Subjects=10
-52  -14  16 
-24  52  18 
-40  -66  -30 
-8  -94  -12 
22  12  -12 
-4  -26  30 
-2  8  70 
-56  30  12 

//Reference=MNI 
//nullstudy_100
//Subjects=12
-14  -60  32 
-32  -24  52 
-28  -60  -18 
-50  -14  -28 
4  38  -22 
56  18  -10 
-34  16  60 
-46  -34  -24 

