//Reference=MNI 
//truestudy_1
//Subjects=11
45  -67  -5 
44  -65  -5 
46  -66  -6 
46  -66  -6 
44  -67  -7 
48  -64  -6 
47  -66  -6 
47  -65  -5 

//Reference=MNI 
//truestudy_2
//Subjects=10
46  -66  -5 
47  -67  -6 
46  -64  -5 
47  -67  -7 
46  -65  -4 
45  -66  -7 
46  -66  -7 
46  -66  -6 

//Reference=MNI 
//truestudy_3
//Subjects=10
46  -66  -6 
45  -66  -6 
47  -65  -6 
47  -64  -7 
46  -62  -7 
46  -65  -7 
46  -66  -6 
45  -66  -6 

//Reference=MNI 
//nullstudy_1
//Subjects=11
-16  -4  -20 
2  52  -28 
-6  64  2 
-62  -48  24 
-26  -64  -28 
-2  -10  54 
-8  -60  46 
-16  -34  36 

//Reference=MNI 
//nullstudy_2
//Subjects=10
-10  -74  2 
-52  6  32 
-32  12  -2 
4  16  46 
-46  46  12 
-36  20  -30 
-68  -20  16 
12  72  -4 

//Reference=MNI 
//nullstudy_3
//Subjects=10
-30  -46  -14 
-22  -16  -32 
-34  12  26 
-16  -12  22 
-2  44  14 
-8  46  20 
-10  -22  -22 
-4  -72  -22 

//Reference=MNI 
//nullstudy_4
//Subjects=9
-28  48  -20 
-12  -82  -38 
12  30  -20 
-44  -40  28 
-56  -36  -12 
6  30  38 
-8  -68  2 
-54  -6  20 

//Reference=MNI 
//nullstudy_5
//Subjects=10
-14  -42  -40 
28  32  38 
-22  8  -32 
-12  -74  60 
-50  -12  -18 
-20  -4  74 
-40  -2  38 
-12  -46  36 

//Reference=MNI 
//nullstudy_6
//Subjects=10
-16  18  68 
40  4  34 
-52  -56  16 
56  14  -24 
46  26  -20 
-40  42  -12 
-46  -28  4 
-44  -50  46 

//Reference=MNI 
//nullstudy_7
//Subjects=7
22  62  -6 
-16  56  20 
-36  -28  -8 
-48  50  -4 
48  26  16 
0  28  -6 
-2  54  18 
-16  -24  66 

//Reference=MNI 
//nullstudy_8
//Subjects=11
-54  -74  20 
-28  46  -18 
-18  46  -18 
-56  16  -16 
-58  -22  32 
-2  -12  -26 
-40  -10  50 
10  52  32 

//Reference=MNI 
//nullstudy_9
//Subjects=8
-38  -14  50 
-28  -74  -34 
-28  -48  68 
-20  -30  -20 
-42  -66  22 
10  10  10 
-16  -14  58 
10  38  44 

//Reference=MNI 
//nullstudy_10
//Subjects=13
48  8  -38 
-46  -50  -4 
-52  -58  -4 
-10  4  22 
-32  -94  -2 
-62  -34  12 
-48  -66  -42 
-30  12  54 

//Reference=MNI 
//nullstudy_11
//Subjects=9
-2  -28  10 
-14  46  16 
-14  -96  26 
-10  -16  8 
-50  12  2 
-38  46  12 
-48  -68  2 
-2  -16  -24 

//Reference=MNI 
//nullstudy_12
//Subjects=7
-50  -32  -4 
-10  8  14 
-8  -66  0 
62  8  -14 
-58  2  6 
-30  -70  30 
-38  -24  44 
-48  -62  -46 

//Reference=MNI 
//nullstudy_13
//Subjects=11
-26  -70  46 
34  20  -42 
-36  -80  32 
-48  -60  -20 
-24  -52  -58 
-58  16  14 
-18  10  66 
-34  26  -4 

//Reference=MNI 
//nullstudy_14
//Subjects=9
-24  -34  0 
-18  34  32 
-60  -40  48 
40  10  -12 
-28  10  -44 
-58  -40  40 
34  30  20 
48  26  34 

//Reference=MNI 
//nullstudy_15
//Subjects=10
-46  2  26 
-8  -6  6 
-24  0  -10 
48  16  0 
-8  -68  -14 
26  2  50 
-36  -90  -6 
-2  -6  -30 

//Reference=MNI 
//nullstudy_16
//Subjects=10
-6  -2  24 
-18  12  -2 
-26  12  -8 
-2  -46  24 
-26  -20  -16 
-12  -38  40 
-26  14  -44 
-6  -68  -48 

//Reference=MNI 
//nullstudy_17
//Subjects=10
-20  -34  72 
-20  14  70 
-12  4  50 
-42  14  10 
-44  -4  2 
-34  54  16 
-22  -48  66 
-50  10  12 

//Reference=MNI 
//nullstudy_18
//Subjects=9
-44  12  20 
-34  -34  -10 
-26  -78  -28 
-30  -68  -54 
4  32  56 
-4  -34  -48 
-64  -42  0 
-62  -10  -8 

//Reference=MNI 
//nullstudy_19
//Subjects=11
-10  34  54 
-18  -96  -26 
-12  -58  -10 
-34  -42  -32 
-16  -20  14 
-16  56  -22 
-38  38  16 
-22  -90  0 

//Reference=MNI 
//nullstudy_20
//Subjects=10
-10  62  22 
38  24  -12 
-64  -50  28 
26  16  -28 
-38  -66  -20 
-58  2  20 
30  52  8 
48  14  -24 

//Reference=MNI 
//nullstudy_21
//Subjects=10
-26  -88  2 
-16  -12  64 
2  30  24 
-30  -8  -8 
-8  -92  -8 
-20  -18  74 
-10  -40  78 
42  20  -36 

//Reference=MNI 
//nullstudy_22
//Subjects=9
-24  -18  60 
-12  58  -20 
-6  -52  -24 
-14  -58  50 
2  34  14 
38  42  20 
-12  -28  -10 
-10  -10  -26 

//Reference=MNI 
//nullstudy_23
//Subjects=10
-32  12  14 
20  4  62 
-36  -50  62 
-16  -66  26 
-16  2  -36 
-36  -82  -26 
-2  -40  40 
-10  10  8 

//Reference=MNI 
//nullstudy_24
//Subjects=9
-4  -76  2 
-50  -46  -20 
14  46  -4 
-16  -46  76 
-6  -64  -50 
-46  -12  58 
-30  -34  -6 
-54  -18  -28 

//Reference=MNI 
//nullstudy_25
//Subjects=11
-46  0  38 
0  36  -6 
-14  -84  38 
52  28  38 
24  14  54 
28  26  -2 
-50  -76  2 
-12  -104  -8 

//Reference=MNI 
//nullstudy_26
//Subjects=9
-64  -54  0 
44  58  0 
-10  -74  20 
38  44  18 
-42  -52  -42 
-28  -52  34 
-12  -10  40 
-10  -58  26 

//Reference=MNI 
//nullstudy_27
//Subjects=10
-16  -40  -28 
-6  -16  18 
38  34  0 
-14  -38  60 
-6  -10  50 
-36  10  -4 
-16  -90  -36 
-10  -84  -8 

//Reference=MNI 
//nullstudy_28
//Subjects=9
-20  -44  -14 
-18  -26  -26 
-50  28  26 
-16  -22  78 
-12  -38  -56 
-60  -24  -18 
-44  2  44 
-42  -58  -28 

//Reference=MNI 
//nullstudy_29
//Subjects=11
-48  -26  -2 
-24  -34  64 
48  36  12 
40  2  -22 
-32  -48  58 
-32  -6  62 
-32  -44  -34 
32  30  36 

//Reference=MNI 
//nullstudy_30
//Subjects=11
-40  -48  -8 
-12  -88  -20 
2  26  18 
-56  -46  -32 
-16  38  -22 
22  26  -22 
-64  -42  34 
48  16  24 

//Reference=MNI 
//nullstudy_31
//Subjects=10
-26  -74  -56 
-54  -2  -4 
50  2  12 
-18  58  24 
-16  -10  -8 
34  34  18 
-54  -22  -34 
-24  58  30 

//Reference=MNI 
//nullstudy_32
//Subjects=9
32  44  40 
-30  -84  -30 
-16  26  6 
-22  -32  20 
-4  8  -2 
-2  -10  42 
-28  58  -12 
50  30  26 

//Reference=MNI 
//nullstudy_33
//Subjects=13
40  36  16 
54  34  6 
14  30  -28 
-8  -70  30 
54  28  32 
36  36  8 
12  40  30 
-34  -78  16 

//Reference=MNI 
//nullstudy_34
//Subjects=10
44  2  38 
-42  -16  32 
-2  -94  28 
36  36  -6 
8  48  -24 
56  8  28 
0  50  -20 
-2  -86  -38 

//Reference=MNI 
//nullstudy_35
//Subjects=12
12  16  40 
-30  -84  10 
-42  40  -2 
-10  -76  -24 
24  40  50 
-46  -6  -10 
2  14  -18 
-22  6  0 

//Reference=MNI 
//nullstudy_36
//Subjects=10
-54  -58  34 
-36  42  28 
20  66  -10 
12  42  32 
-18  -68  -36 
14  54  -4 
-46  -84  -12 
20  60  14 

//Reference=MNI 
//nullstudy_37
//Subjects=10
-64  -22  -24 
10  12  -30 
-44  2  58 
6  34  -30 
-4  8  26 
-6  -18  50 
-6  12  -6 
32  48  -10 

//Reference=MNI 
//nullstudy_38
//Subjects=10
-14  -72  14 
-2  32  16 
-32  42  -14 
20  14  60 
-18  12  60 
-48  -8  24 
-38  -70  -22 
-10  6  34 

//Reference=MNI 
//nullstudy_39
//Subjects=9
-58  -62  22 
-2  -66  -42 
-38  10  -44 
-54  -24  -26 
16  66  14 
-60  8  -6 
28  30  0 
-4  38  0 

//Reference=MNI 
//nullstudy_40
//Subjects=10
-32  -62  -44 
-32  -6  10 
10  10  -26 
-16  -4  68 
-22  -54  -2 
-32  -58  -38 
-50  -42  16 
-18  -72  24 

//Reference=MNI 
//nullstudy_41
//Subjects=10
-54  -2  -22 
-10  -14  0 
-26  4  52 
-40  -76  -4 
-18  -26  12 
-4  -78  20 
-4  -98  -12 
-38  -16  56 

//Reference=MNI 
//nullstudy_42
//Subjects=9
24  30  -24 
-16  4  68 
-46  -68  -38 
-8  2  6 
-40  -66  38 
-34  -60  -10 
-10  34  -24 
34  6  -42 

//Reference=MNI 
//nullstudy_43
//Subjects=11
-50  12  26 
46  32  24 
-40  -2  -24 
-6  12  -14 
-2  -32  -2 
-10  -40  -44 
-30  2  -50 
-42  40  12 

//Reference=MNI 
//nullstudy_44
//Subjects=8
-42  -54  50 
6  52  42 
-48  -2  34 
-2  34  0 
10  54  -6 
20  24  62 
-46  34  34 
-28  -68  -4 

//Reference=MNI 
//nullstudy_45
//Subjects=10
-8  -40  -58 
-4  0  -4 
-2  6  46 
14  50  14 
-22  -58  -48 
-8  16  60 
-4  -78  -40 
8  68  22 

//Reference=MNI 
//nullstudy_46
//Subjects=9
22  70  12 
-16  -68  56 
10  50  28 
46  16  -6 
-22  10  48 
-44  28  14 
-6  -56  44 
-6  58  42 

//Reference=MNI 
//nullstudy_47
//Subjects=9
-10  -68  -30 
-38  48  30 
-28  40  -12 
10  12  42 
4  38  42 
-58  -68  -6 
-8  -6  78 
-44  -46  -54 

//Reference=MNI 
//nullstudy_48
//Subjects=10
2  44  2 
-56  6  -28 
-4  30  -6 
56  22  28 
10  22  58 
-8  22  -24 
-32  -90  30 
-26  2  -38 

//Reference=MNI 
//nullstudy_49
//Subjects=9
46  50  -2 
-14  -26  18 
-34  -72  -44 
-18  -58  72 
-16  -54  -8 
-2  -52  40 
52  16  -4 
-2  30  54 

//Reference=MNI 
//nullstudy_50
//Subjects=11
40  36  -6 
-2  -40  74 
-2  66  26 
-14  -90  -36 
-44  -18  -24 
-46  -64  16 
-36  -28  68 
-6  -30  -30 

//Reference=MNI 
//nullstudy_51
//Subjects=9
0  50  -24 
-8  -66  60 
-12  2  40 
-2  -72  8 
-10  -92  26 
-44  -72  -2 
-26  -76  52 
-20  48  32 

//Reference=MNI 
//nullstudy_52
//Subjects=10
-8  -70  18 
6  52  4 
-58  -54  -24 
-22  -40  10 
-34  -62  28 
24  14  40 
-8  -36  -54 
14  24  -26 

//Reference=MNI 
//nullstudy_53
//Subjects=9
-42  -80  34 
-30  -86  -28 
-30  -18  70 
-54  -16  22 
-26  50  36 
-12  38  46 
-56  -62  -22 
-20  -58  -28 

//Reference=MNI 
//nullstudy_54
//Subjects=10
-44  -24  2 
-38  -58  16 
-28  0  62 
-2  2  58 
-22  -76  -40 
24  54  26 
-26  60  0 
4  28  24 

//Reference=MNI 
//nullstudy_55
//Subjects=11
-2  0  -20 
-14  -90  -14 
8  40  40 
-64  -34  2 
-24  -66  -42 
-26  -14  -34 
-26  -66  34 
-2  56  -24 

//Reference=MNI 
//nullstudy_56
//Subjects=8
26  50  -12 
-8  50  -24 
-44  20  18 
-4  30  58 
-20  -36  60 
-54  12  -22 
-4  -72  -8 
22  24  42 

//Reference=MNI 
//nullstudy_57
//Subjects=10
20  6  -34 
52  20  38 
-18  -30  -20 
-28  -46  10 
-12  -2  20 
-48  -30  6 
-6  26  18 
-24  -70  -2 

//Reference=MNI 
//nullstudy_58
//Subjects=9
-58  4  -20 
-2  16  40 
0  10  40 
-32  -46  52 
-68  -46  -2 
-4  -26  62 
-42  18  -32 
-24  46  10 

//Reference=MNI 
//nullstudy_59
//Subjects=10
-16  -78  26 
52  30  0 
-12  -96  6 
-6  -74  50 
-48  26  28 
-16  -82  44 
-36  -40  -8 
-18  6  56 

//Reference=MNI 
//nullstudy_60
//Subjects=10
16  42  34 
-54  -42  40 
-2  -78  34 
-48  -36  38 
-46  -46  -46 
-10  12  14 
-10  46  -28 
-40  42  16 

//Reference=MNI 
//nullstudy_61
//Subjects=8
-24  -72  44 
-10  36  42 
-26  54  -10 
42  42  20 
2  48  22 
-8  48  36 
34  42  8 
-36  10  -2 

//Reference=MNI 
//nullstudy_62
//Subjects=9
-40  54  18 
-44  -56  24 
46  22  40 
-52  -46  22 
-30  -48  -16 
-64  -54  -12 
-10  -42  64 
26  60  18 

//Reference=MNI 
//nullstudy_63
//Subjects=9
-38  -14  62 
-46  50  10 
6  38  60 
-38  46  26 
-60  -32  -2 
-14  -42  -30 
-36  38  -8 
-16  -52  -8 

//Reference=MNI 
//nullstudy_64
//Subjects=10
-50  -6  -18 
-34  -8  8 
-16  54  34 
-10  -78  -12 
34  20  30 
16  10  16 
-6  26  42 
-46  -32  36 

//Reference=MNI 
//nullstudy_65
//Subjects=10
-32  8  6 
4  16  30 
-46  -78  -30 
-16  6  72 
-6  -90  -4 
20  46  46 
2  2  36 
-12  42  48 

//Reference=MNI 
//nullstudy_66
//Subjects=11
-58  -4  -18 
-58  4  -24 
-38  4  -38 
-38  -70  14 
-60  -48  34 
-18  -94  -24 
36  32  4 
-54  -8  26 

//Reference=MNI 
//nullstudy_67
//Subjects=10
56  12  -14 
-26  24  10 
-24  34  30 
-28  44  44 
-14  -72  14 
56  14  -2 
0  38  40 
-44  -12  -2 

//Reference=MNI 
//nullstudy_68
//Subjects=11
22  28  56 
-22  -66  42 
-4  -66  10 
-12  68  -2 
-56  -48  -32 
28  62  18 
-40  -72  26 
-26  -14  -8 

//Reference=MNI 
//nullstudy_69
//Subjects=12
-46  4  -32 
-34  2  12 
-24  8  2 
40  34  18 
-60  8  -10 
38  16  14 
-30  -100  -10 
-16  -80  -42 

//Reference=MNI 
//nullstudy_70
//Subjects=10
-62  -30  28 
10  54  10 
50  2  6 
14  60  26 
-2  -100  -4 
30  22  42 
-22  -84  -10 
-46  16  -10 

//Reference=MNI 
//nullstudy_71
//Subjects=10
-38  -24  54 
-14  4  -36 
34  48  34 
-30  -72  -4 
-20  -62  46 
-40  -8  -30 
-56  -22  20 
-40  -68  48 

//Reference=MNI 
//nullstudy_72
//Subjects=11
-12  -92  -30 
-10  66  -18 
0  2  28 
60  2  36 
-32  -56  -6 
38  24  -12 
-26  -50  -50 
-56  -58  10 

//Reference=MNI 
//nullstudy_73
//Subjects=9
-24  -82  48 
-48  -68  -46 
-58  -40  -8 
20  4  48 
-26  54  26 
-22  -14  48 
-32  28  -4 
-42  36  22 

//Reference=MNI 
//nullstudy_74
//Subjects=10
-40  2  8 
-54  -38  -22 
-10  12  -28 
-44  -42  4 
4  18  -2 
16  10  -18 
-4  -98  6 
28  20  62 

//Reference=MNI 
//nullstudy_75
//Subjects=10
-30  44  12 
-10  -26  60 
-10  -96  -18 
-26  -12  74 
-34  18  44 
-34  -42  -14 
-12  -60  -12 
0  38  4 

//Reference=MNI 
//nullstudy_76
//Subjects=12
-50  -16  -10 
-30  42  14 
-6  -96  -8 
-32  -52  6 
-16  -26  28 
-34  -94  -8 
2  50  40 
-44  -36  -30 

//Reference=MNI 
//nullstudy_77
//Subjects=11
18  68  10 
42  2  -44 
-42  2  44 
-18  -64  -6 
-46  -28  50 
18  34  -26 
14  62  -8 
-32  -58  52 

//Reference=MNI 
//nullstudy_78
//Subjects=11
-20  -56  -38 
-12  -90  -10 
-52  -80  8 
18  34  -16 
-16  -70  32 
-28  -92  14 
-32  -12  -34 
-10  60  8 

//Reference=MNI 
//nullstudy_79
//Subjects=7
-18  -20  -32 
-50  -12  -12 
-8  -96  -8 
-54  0  12 
12  8  -16 
56  16  14 
-4  -24  56 
-8  -76  10 

//Reference=MNI 
//nullstudy_80
//Subjects=11
12  54  24 
-24  -2  -12 
-36  26  -30 
-64  0  -14 
-38  52  -2 
-20  -98  -20 
60  6  0 
-12  -50  46 

//Reference=MNI 
//nullstudy_81
//Subjects=10
-8  6  0 
20  36  -12 
-60  -30  48 
-14  40  22 
-54  4  48 
-62  2  18 
-38  6  -8 
-58  -58  12 

//Reference=MNI 
//nullstudy_82
//Subjects=9
-28  38  30 
4  2  32 
-10  64  -14 
-24  32  36 
-8  -14  2 
8  26  50 
-42  -74  32 
-14  -24  26 

//Reference=MNI 
//nullstudy_83
//Subjects=9
-8  -82  30 
-42  32  -20 
40  2  -6 
-24  -42  52 
-16  10  70 
-54  -42  54 
64  6  18 
44  22  20 

//Reference=MNI 
//nullstudy_84
//Subjects=10
16  40  38 
-44  -48  -54 
-32  -60  58 
-30  -8  50 
-8  -50  -30 
-12  -38  8 
-20  -74  -22 
-32  -10  -6 

//Reference=MNI 
//nullstudy_85
//Subjects=12
14  42  -8 
18  6  18 
-62  -40  36 
-4  58  -18 
-34  10  -24 
-22  -72  -48 
-54  -68  26 
-6  -104  2 

//Reference=MNI 
//nullstudy_86
//Subjects=12
50  26  0 
-34  40  32 
-66  -2  14 
2  36  38 
42  46  20 
-26  44  -18 
-24  36  42 
44  46  12 

//Reference=MNI 
//nullstudy_87
//Subjects=10
8  18  46 
-42  -40  -24 
30  48  14 
-56  10  40 
-34  -44  38 
-70  -24  -6 
-4  -86  -24 
-16  44  -26 

//Reference=MNI 
//nullstudy_88
//Subjects=7
24  34  -16 
-16  -20  70 
44  2  -38 
-10  -78  -30 
54  30  0 
-2  8  -24 
-56  -64  -32 
-12  -60  0 

//Reference=MNI 
//nullstudy_89
//Subjects=10
-42  12  16 
-46  36  34 
-4  -62  32 
-32  -30  -22 
-44  -30  18 
0  50  16 
-18  -96  -2 
-6  56  -22 

//Reference=MNI 
//nullstudy_90
//Subjects=10
-42  16  -42 
6  48  -10 
-44  20  -32 
-32  -20  -12 
44  12  -40 
8  36  -14 
-48  10  42 
-52  -38  36 

//Reference=MNI 
//nullstudy_91
//Subjects=9
-6  2  -24 
-4  -40  52 
24  58  -10 
0  40  4 
-36  -94  -10 
-14  -86  -8 
20  14  44 
-14  -6  76 

//Reference=MNI 
//nullstudy_92
//Subjects=11
-56  -38  32 
-8  62  6 
-52  -24  -34 
22  8  -42 
62  14  22 
-36  20  2 
-6  -28  62 
-32  -80  -52 

//Reference=MNI 
//nullstudy_93
//Subjects=10
-14  -58  -10 
-2  48  -8 
32  4  16 
-38  6  0 
-24  -4  -24 
-20  14  -14 
-4  -28  -16 
-44  -76  -26 

//Reference=MNI 
//nullstudy_94
//Subjects=12
-40  2  6 
42  40  28 
-46  16  -30 
-2  4  -16 
-32  52  -18 
56  14  14 
20  12  12 
-34  -80  -34 

//Reference=MNI 
//nullstudy_95
//Subjects=10
-26  -48  -56 
-42  8  44 
-64  -56  10 
-44  -60  -34 
-22  -78  16 
4  66  18 
-32  -36  66 
-8  -52  30 

//Reference=MNI 
//nullstudy_96
//Subjects=10
-16  -82  4 
42  34  20 
-50  -46  16 
-36  -38  42 
-14  66  2 
-26  62  -2 
-10  -48  -8 
-14  4  74 

//Reference=MNI 
//nullstudy_97
//Subjects=10
-38  -70  -16 
-16  -34  46 
-4  -78  26 
32  28  36 
-32  16  54 
-4  -52  6 
-32  -6  60 
14  34  32 

//Reference=MNI 
//nullstudy_98
//Subjects=9
-14  -50  38 
-36  -70  0 
-12  -48  -14 
-34  38  34 
-40  36  -10 
-4  26  40 
-26  34  28 
-30  0  56 

//Reference=MNI 
//nullstudy_99
//Subjects=8
-28  20  -28 
-42  -68  -32 
-32  42  -18 
-52  -50  0 
-52  -60  -18 
54  36  16 
-12  -34  -26 
-24  -96  -20 

//Reference=MNI 
//nullstudy_100
//Subjects=8
-58  -56  14 
-10  -52  -22 
-30  -40  -16 
20  40  -24 
58  2  14 
-30  -78  28 
32  40  22 
-22  68  4 

