//Reference=MNI 
//truestudy_1
//Subjects=9
47  -68  -5 
46  -66  -7 
47  -66  -8 
46  -66  -5 
45  -66  -6 
46  -67  -5 
46  -66  -6 
46  -66  -6 

//Reference=MNI 
//truestudy_2
//Subjects=11
46  -65  -6 
46  -64  -7 
45  -64  -6 
46  -65  -5 
47  -67  -6 
46  -67  -6 
45  -65  -6 
47  -64  -4 

//Reference=MNI 
//truestudy_3
//Subjects=10
47  -64  -6 
47  -66  -7 
46  -65  -7 
46  -65  -5 
47  -65  -5 
47  -66  -5 
46  -66  -7 
47  -67  -6 

//Reference=MNI 
//nullstudy_1
//Subjects=9
-26  -54  68 
-32  -94  -14 
-52  -34  54 
44  14  22 
-26  34  -8 
-58  -28  4 
12  46  -2 
36  22  6 

//Reference=MNI 
//nullstudy_2
//Subjects=11
-36  -26  -12 
-46  -60  10 
-22  -80  -36 
-12  -86  14 
-4  16  34 
-12  56  4 
-22  -28  -16 
-14  -50  34 

//Reference=MNI 
//nullstudy_3
//Subjects=10
-30  -2  44 
36  24  36 
-20  48  22 
-40  2  16 
26  54  32 
8  34  50 
-42  -18  -4 
-26  -14  54 

//Reference=MNI 
//nullstudy_4
//Subjects=11
-28  -94  6 
-32  30  30 
22  44  48 
-62  -46  22 
-42  -48  20 
8  60  6 
-2  -26  -46 
-2  34  32 

//Reference=MNI 
//nullstudy_5
//Subjects=11
-14  -50  74 
-20  -6  56 
-20  -76  16 
-48  10  50 
-6  -76  -18 
-6  8  -18 
-18  10  68 
-12  -86  -20 

//Reference=MNI 
//nullstudy_6
//Subjects=10
16  18  54 
-4  -30  -10 
-40  -6  36 
40  8  4 
-4  -38  36 
18  8  2 
-36  18  12 
-22  -96  26 

//Reference=MNI 
//nullstudy_7
//Subjects=10
-4  18  -14 
-16  30  6 
-34  -78  26 
-32  -44  34 
12  12  42 
-14  12  -12 
26  30  30 
-22  34  -18 

//Reference=MNI 
//nullstudy_8
//Subjects=9
-2  -22  -48 
42  2  30 
-12  -32  22 
-24  32  24 
-44  -58  -56 
-12  48  -2 
20  18  -30 
-8  -46  56 

//Reference=MNI 
//nullstudy_9
//Subjects=10
-30  6  -44 
-6  -38  -12 
-40  -10  40 
-14  -38  2 
-24  42  46 
56  10  10 
-46  -36  44 
-46  -28  34 

//Reference=MNI 
//nullstudy_10
//Subjects=10
-58  -46  -24 
-52  8  -12 
-48  -48  50 
-30  32  2 
-32  -64  -6 
-18  -36  -48 
-42  32  8 
-6  -42  46 

//Reference=MNI 
//nullstudy_11
//Subjects=11
-58  -24  22 
-64  -2  10 
10  44  -26 
42  6  4 
16  46  42 
-12  -76  -8 
-10  -26  38 
-10  14  16 

//Reference=MNI 
//nullstudy_12
//Subjects=11
-48  -48  16 
-26  36  38 
-42  4  38 
-8  22  62 
-20  -104  4 
6  14  22 
-50  16  28 
-10  44  6 

//Reference=MNI 
//nullstudy_13
//Subjects=10
-16  -68  -54 
-24  -80  44 
-44  -64  6 
-40  -34  18 
2  8  -20 
-42  52  8 
-14  -58  -42 
-24  -82  38 

//Reference=MNI 
//nullstudy_14
//Subjects=8
-12  -22  0 
4  20  32 
-4  52  -26 
-34  -30  -28 
0  62  -10 
-14  -56  68 
-34  8  -44 
-46  -18  20 

//Reference=MNI 
//nullstudy_15
//Subjects=9
54  18  40 
8  44  -22 
-48  14  22 
-22  -78  -8 
-20  -18  60 
-22  -80  -24 
20  22  62 
-54  -72  -10 

//Reference=MNI 
//nullstudy_16
//Subjects=12
52  22  18 
-32  24  -16 
-16  -20  14 
8  26  64 
-8  -60  46 
-16  -46  -24 
48  14  12 
38  6  6 

//Reference=MNI 
//nullstudy_17
//Subjects=9
-38  -60  -28 
-16  -66  -8 
-4  -24  -24 
16  26  62 
-20  -44  -54 
-14  -84  -38 
10  48  44 
-30  -44  48 

//Reference=MNI 
//nullstudy_18
//Subjects=10
-10  -106  2 
2  18  62 
-6  28  48 
-24  64  4 
12  22  38 
30  38  -20 
-26  54  16 
-4  46  10 

//Reference=MNI 
//nullstudy_19
//Subjects=11
18  50  -24 
-2  -20  -22 
-28  -46  -32 
-68  -26  6 
6  26  24 
-24  -42  -46 
-12  66  24 
-54  -60  8 

//Reference=MNI 
//nullstudy_20
//Subjects=8
-40  -6  0 
32  20  60 
-70  -24  -2 
-8  58  -4 
-12  -22  -36 
-12  -32  -18 
-36  58  0 
-10  -66  16 

//Reference=MNI 
//nullstudy_21
//Subjects=10
-22  -48  -40 
-30  30  28 
-28  -64  -32 
-10  68  16 
10  22  -12 
-26  -18  -12 
-12  -58  -58 
-44  -18  52 

//Reference=MNI 
//nullstudy_22
//Subjects=12
-26  -90  20 
-18  -72  18 
-42  46  2 
26  10  -8 
-46  -10  6 
-34  -84  14 
-12  -92  -22 
-4  -58  -60 

//Reference=MNI 
//nullstudy_23
//Subjects=9
-36  -76  20 
-42  10  8 
-42  -80  10 
-38  -10  16 
-6  -22  72 
-62  0  22 
-20  -80  30 
4  40  -14 

//Reference=MNI 
//nullstudy_24
//Subjects=10
-64  -48  30 
-42  -20  54 
26  36  -12 
14  8  8 
60  14  2 
10  16  44 
-12  -76  -38 
-40  -58  54 

//Reference=MNI 
//nullstudy_25
//Subjects=12
-32  -92  0 
-8  -46  -62 
-40  4  -22 
34  54  10 
6  66  -8 
-10  -6  -34 
-30  -44  48 
-6  60  10 

//Reference=MNI 
//nullstudy_26
//Subjects=9
38  26  -32 
-26  -102  -10 
36  16  42 
-18  -26  -28 
-60  -2  28 
-20  -40  -48 
-42  -44  14 
4  32  38 

//Reference=MNI 
//nullstudy_27
//Subjects=10
-46  24  34 
-10  -30  -44 
-34  4  24 
-46  -4  58 
8  54  12 
-8  6  -22 
-24  -86  0 
-30  -40  -50 

//Reference=MNI 
//nullstudy_28
//Subjects=11
12  26  48 
-20  -98  10 
-18  54  6 
-60  -36  -26 
-46  -58  50 
-18  -34  76 
-8  38  58 
-24  30  -14 

//Reference=MNI 
//nullstudy_29
//Subjects=10
-34  52  -2 
34  24  10 
-44  36  -22 
-62  -30  -28 
-30  -4  -28 
8  68  18 
2  22  -20 
10  52  18 

//Reference=MNI 
//nullstudy_30
//Subjects=10
-32  -62  -10 
-6  -68  16 
40  32  14 
56  10  16 
-52  -56  46 
30  2  44 
58  18  12 
60  2  10 

//Reference=MNI 
//nullstudy_31
//Subjects=9
30  2  -50 
-56  -28  38 
38  38  -14 
46  6  -28 
-34  -8  12 
-10  -70  -22 
-34  -28  10 
-28  -46  68 

//Reference=MNI 
//nullstudy_32
//Subjects=10
-50  20  38 
-20  24  56 
-24  34  28 
-38  -20  22 
-32  48  16 
16  48  8 
-6  -16  -18 
-4  -26  -32 

//Reference=MNI 
//nullstudy_33
//Subjects=9
-6  4  12 
50  4  28 
36  22  -30 
-30  -86  -24 
-20  -24  -26 
-16  -80  -50 
-8  -84  -10 
-52  0  28 

//Reference=MNI 
//nullstudy_34
//Subjects=10
-42  -60  26 
-16  -10  -26 
-30  52  12 
-4  -102  6 
-6  -32  58 
-6  -18  -28 
10  42  -4 
-8  -100  -2 

//Reference=MNI 
//nullstudy_35
//Subjects=10
-32  -74  28 
-32  -8  60 
-40  -16  -20 
-4  30  50 
-30  40  8 
-6  44  0 
-20  -68  60 
-6  -2  30 

//Reference=MNI 
//nullstudy_36
//Subjects=11
-16  -38  10 
-46  32  4 
-36  -70  -50 
-42  -4  -4 
-46  -50  -24 
-30  -60  -34 
-6  -24  10 
-38  6  26 

//Reference=MNI 
//nullstudy_37
//Subjects=12
-16  -60  -18 
-32  2  34 
-70  -20  -16 
50  6  -38 
-26  -60  58 
-20  -70  50 
-24  -32  66 
30  6  60 

//Reference=MNI 
//nullstudy_38
//Subjects=10
-40  -72  44 
18  18  -24 
6  64  -8 
8  4  -26 
34  64  -6 
-48  -10  4 
-40  -48  -38 
-54  -2  28 

//Reference=MNI 
//nullstudy_39
//Subjects=10
-30  -60  -62 
40  32  48 
-6  0  48 
-22  56  -20 
-40  -82  20 
-56  -20  4 
-38  -82  -20 
-8  -66  -26 

//Reference=MNI 
//nullstudy_40
//Subjects=10
-30  28  8 
60  10  -16 
-28  8  -36 
-16  -60  36 
-50  -12  -22 
-62  -42  38 
-62  -50  -20 
-6  -76  -38 

//Reference=MNI 
//nullstudy_41
//Subjects=10
-6  64  24 
-18  4  -12 
-38  16  34 
-50  6  28 
-46  -70  -30 
38  8  10 
-68  -22  -22 
-38  4  -26 

//Reference=MNI 
//nullstudy_42
//Subjects=10
24  6  52 
-20  -80  -38 
4  46  -6 
-30  -54  -2 
-60  -38  -30 
-12  -92  6 
34  6  0 
-38  30  24 

//Reference=MNI 
//nullstudy_43
//Subjects=10
-24  -48  40 
-4  -22  78 
-44  18  44 
58  2  36 
-10  20  6 
-38  -14  0 
34  32  -8 
-4  40  -28 

//Reference=MNI 
//nullstudy_44
//Subjects=9
-40  36  18 
-24  -8  -24 
-10  -28  -36 
-18  -48  0 
-10  -48  36 
-16  -22  8 
-24  -26  -30 
14  10  38 

//Reference=MNI 
//nullstudy_45
//Subjects=10
24  6  -8 
16  4  12 
18  58  -16 
-58  -58  -20 
44  8  -16 
-16  -78  -10 
-34  0  2 
-46  -28  64 

//Reference=MNI 
//nullstudy_46
//Subjects=11
2  14  72 
20  52  -2 
-54  -42  6 
-26  -38  -32 
-34  2  36 
52  14  -26 
-4  44  -18 
-26  -84  -50 

//Reference=MNI 
//nullstudy_47
//Subjects=9
60  22  18 
-34  -38  46 
-50  24  32 
32  36  -4 
-32  18  32 
-36  -72  36 
-8  34  -16 
-14  -54  -22 

//Reference=MNI 
//nullstudy_48
//Subjects=12
-10  -50  22 
-22  -74  -12 
-36  -50  -36 
-34  -56  -10 
-32  58  16 
-18  26  38 
-56  -64  30 
-26  0  -18 

//Reference=MNI 
//nullstudy_49
//Subjects=9
-48  -20  24 
-36  -54  46 
-40  -46  -30 
-18  -54  -48 
16  32  62 
20  68  2 
-34  -12  -8 
-20  32  52 

//Reference=MNI 
//nullstudy_50
//Subjects=11
-32  -74  20 
-30  -52  -12 
48  8  -2 
-26  -50  -14 
16  56  14 
-22  -82  -44 
-10  18  28 
8  16  8 

//Reference=MNI 
//nullstudy_51
//Subjects=10
-40  -54  38 
30  14  34 
-4  -104  10 
0  30  8 
-58  18  20 
-6  -18  42 
12  34  12 
-22  8  -16 

//Reference=MNI 
//nullstudy_52
//Subjects=10
30  24  -18 
52  10  -30 
-42  12  12 
32  26  -16 
-18  -38  -2 
-12  70  -8 
-12  -96  2 
-42  -52  -24 

//Reference=MNI 
//nullstudy_53
//Subjects=10
-26  -22  -12 
-54  -4  16 
-56  -10  46 
-14  18  -30 
-6  -16  30 
-6  -66  36 
-50  -66  2 
-56  -60  30 

//Reference=MNI 
//nullstudy_54
//Subjects=10
28  22  50 
-32  8  48 
-40  -38  44 
-4  -34  -30 
6  60  28 
6  58  -12 
38  10  52 
-18  34  58 

//Reference=MNI 
//nullstudy_55
//Subjects=10
-26  -86  14 
-8  22  -20 
-12  56  20 
8  6  8 
-20  -46  -56 
-26  -92  22 
-52  -38  58 
-34  -86  0 

//Reference=MNI 
//nullstudy_56
//Subjects=8
0  40  28 
50  42  10 
-18  -70  14 
2  62  26 
12  18  -18 
36  6  -16 
-40  52  -6 
-28  -40  70 

//Reference=MNI 
//nullstudy_57
//Subjects=11
14  8  -18 
-60  -32  -6 
-56  -64  18 
-4  -82  -30 
-12  -46  -4 
-42  -28  36 
-38  -18  54 
-8  34  -6 

//Reference=MNI 
//nullstudy_58
//Subjects=10
-34  4  -12 
-32  -18  4 
-2  -28  52 
36  10  30 
28  42  46 
-42  -68  -44 
40  24  52 
-12  -62  -24 

//Reference=MNI 
//nullstudy_59
//Subjects=11
-2  -34  -32 
-36  -80  -24 
-14  -38  -54 
-16  34  44 
-42  -66  -34 
-8  -24  0 
-66  -32  -2 
8  26  48 

//Reference=MNI 
//nullstudy_60
//Subjects=11
-8  30  62 
-6  6  60 
-6  -38  -58 
-36  56  22 
-20  38  30 
0  18  -8 
10  14  34 
20  8  2 

//Reference=MNI 
//nullstudy_61
//Subjects=11
2  52  -10 
-8  -42  -64 
-24  44  10 
-46  -62  -32 
-24  -98  -10 
-38  24  -30 
24  30  -14 
32  4  -50 

//Reference=MNI 
//nullstudy_62
//Subjects=9
-32  -78  -46 
-44  -48  30 
-24  -88  34 
-10  52  0 
-10  8  -2 
4  50  6 
-20  -26  -12 
16  38  22 

//Reference=MNI 
//nullstudy_63
//Subjects=9
-58  8  30 
32  54  24 
-16  -74  -58 
-8  -34  74 
28  26  -24 
34  26  -28 
-16  60  -6 
-6  -48  -42 

//Reference=MNI 
//nullstudy_64
//Subjects=10
-2  -42  -62 
-38  -68  4 
8  30  46 
-36  -28  -24 
42  18  18 
-42  -28  -18 
6  28  46 
0  52  16 

//Reference=MNI 
//nullstudy_65
//Subjects=9
-30  -56  44 
-34  -14  46 
-48  30  28 
-38  -84  -38 
-18  -94  30 
-16  -66  -30 
4  38  36 
-44  10  44 

//Reference=MNI 
//nullstudy_66
//Subjects=11
-62  -24  -26 
-20  10  4 
40  10  20 
-2  10  -20 
56  10  42 
-8  2  -20 
12  52  -4 
-44  44  -2 

//Reference=MNI 
//nullstudy_67
//Subjects=11
14  12  10 
-44  -36  -4 
-48  14  -4 
-54  -4  24 
-14  -82  -2 
24  64  -12 
38  52  12 
-28  -56  44 

//Reference=MNI 
//nullstudy_68
//Subjects=11
-40  -36  -26 
54  34  20 
-26  -60  46 
-10  -38  68 
-34  30  30 
-4  -30  -36 
-42  -38  -34 
50  4  -38 

//Reference=MNI 
//nullstudy_69
//Subjects=10
-36  -46  44 
-20  -66  -52 
-14  -74  4 
-12  62  -6 
2  34  40 
-12  -22  -40 
-46  -42  48 
-28  -8  -2 

//Reference=MNI 
//nullstudy_70
//Subjects=12
-12  56  -18 
26  14  64 
-42  2  58 
-6  -28  -20 
10  2  8 
-48  -62  -40 
52  12  -30 
-62  -44  -24 

//Reference=MNI 
//nullstudy_71
//Subjects=9
-52  -24  18 
-12  -58  24 
-26  -36  -24 
44  26  -28 
-4  60  10 
-18  -68  -62 
-4  52  24 
-50  -72  26 

//Reference=MNI 
//nullstudy_72
//Subjects=10
22  44  46 
22  8  -44 
-12  6  12 
-12  -62  -54 
-4  -82  40 
-34  20  -32 
-34  -50  -60 
-32  18  -44 

//Reference=MNI 
//nullstudy_73
//Subjects=10
-46  -42  -46 
20  34  50 
-40  -52  -48 
-38  -72  -46 
-28  -22  60 
-36  60  12 
-34  -66  -28 
-50  -8  40 

//Reference=MNI 
//nullstudy_74
//Subjects=11
-58  -56  -12 
44  12  26 
38  12  62 
40  44  12 
-6  -96  10 
30  40  26 
4  32  10 
-20  -90  -28 

//Reference=MNI 
//nullstudy_75
//Subjects=10
-4  -2  38 
-66  -24  -24 
44  34  22 
14  26  24 
-4  46  -14 
4  42  6 
-4  -86  -44 
-46  -62  36 

//Reference=MNI 
//nullstudy_76
//Subjects=9
-8  -24  -46 
-58  -4  -2 
-14  -44  2 
-50  -2  -6 
-6  -24  50 
-20  -36  6 
-6  12  54 
-40  -62  -34 

//Reference=MNI 
//nullstudy_77
//Subjects=10
0  28  26 
-10  -54  -16 
-20  -60  -48 
50  48  6 
-8  -104  -4 
-12  -80  -4 
-32  -38  46 
-38  -62  44 

//Reference=MNI 
//nullstudy_78
//Subjects=10
-32  6  40 
-10  -58  54 
-10  -104  -4 
-22  40  -14 
-52  -66  -6 
-48  -30  28 
-60  2  34 
-8  50  -14 

//Reference=MNI 
//nullstudy_79
//Subjects=9
-4  68  20 
6  52  44 
-66  -10  -12 
6  40  -10 
-16  -70  -14 
-2  -16  -16 
16  22  -20 
42  24  34 

//Reference=MNI 
//nullstudy_80
//Subjects=8
-30  50  -16 
-4  -16  18 
-10  -30  64 
-34  -16  -38 
16  48  34 
-52  -2  -38 
-48  -16  -4 
30  16  44 

//Reference=MNI 
//nullstudy_81
//Subjects=10
18  6  14 
46  4  -24 
24  38  28 
-12  -30  38 
10  24  2 
-14  -92  36 
-26  -8  4 
-18  -30  74 

//Reference=MNI 
//nullstudy_82
//Subjects=10
-56  -34  14 
-40  18  -34 
-38  26  0 
-8  2  -12 
-2  6  -24 
22  28  36 
-52  -54  48 
-10  -14  24 

//Reference=MNI 
//nullstudy_83
//Subjects=11
8  4  62 
-22  64  22 
30  60  10 
0  16  62 
-54  -40  26 
-28  -72  16 
50  6  10 
-2  -6  54 

//Reference=MNI 
//nullstudy_84
//Subjects=11
-50  -28  -32 
-8  -48  26 
-62  -16  12 
26  24  -4 
-56  -32  26 
10  26  64 
-46  2  -30 
-34  -56  -22 

//Reference=MNI 
//nullstudy_85
//Subjects=10
8  12  -12 
-28  -76  16 
-2  -52  -64 
50  22  4 
-34  -54  -38 
-32  -4  0 
-12  -92  -20 
-48  20  -10 

//Reference=MNI 
//nullstudy_86
//Subjects=10
-58  -46  -10 
-48  24  -22 
46  22  40 
-16  42  -28 
-64  -12  -30 
-20  -90  28 
28  50  -10 
-44  -34  -28 

//Reference=MNI 
//nullstudy_87
//Subjects=11
-30  -52  70 
-28  -54  8 
-20  62  20 
-34  36  34 
-38  -10  -4 
12  42  8 
-20  -34  8 
-46  44  14 

//Reference=MNI 
//nullstudy_88
//Subjects=11
-18  54  -6 
-64  -10  32 
-34  -70  20 
-6  -54  -30 
-38  -58  54 
44  4  -16 
-46  -4  -4 
44  2  58 

//Reference=MNI 
//nullstudy_89
//Subjects=11
-24  -74  52 
-32  -46  68 
-52  -54  16 
-24  -38  -44 
-56  -30  34 
12  48  50 
-14  -44  -10 
40  30  34 

//Reference=MNI 
//nullstudy_90
//Subjects=11
8  46  6 
48  10  4 
-32  -96  0 
-64  -26  32 
-38  -62  28 
-16  -20  76 
42  8  -22 
-54  -8  -24 

//Reference=MNI 
//nullstudy_91
//Subjects=11
-12  -80  -46 
-32  -46  -16 
-2  -22  50 
-30  -6  42 
-30  16  38 
-14  14  -24 
36  18  28 
-16  10  -20 

//Reference=MNI 
//nullstudy_92
//Subjects=9
-12  -52  -8 
38  24  -26 
-54  -16  24 
48  24  46 
-6  6  0 
48  6  36 
22  44  -14 
-46  -74  -16 

//Reference=MNI 
//nullstudy_93
//Subjects=11
-8  14  36 
58  22  24 
-14  -42  -20 
-30  -14  8 
-22  -4  54 
-12  -46  28 
-30  -26  16 
-68  -22  -10 

//Reference=MNI 
//nullstudy_94
//Subjects=10
42  2  48 
20  38  46 
-8  -94  34 
-2  -6  -12 
22  64  -2 
-42  20  0 
-2  -14  78 
-54  30  -10 

//Reference=MNI 
//nullstudy_95
//Subjects=10
-32  -84  -12 
-66  -14  22 
-40  -74  20 
-50  -54  50 
-26  30  -2 
-30  -80  -48 
-38  54  12 
-20  -32  76 

//Reference=MNI 
//nullstudy_96
//Subjects=11
-6  -72  -36 
-52  -48  38 
-14  0  -10 
-52  -12  20 
-48  -42  38 
-2  -42  -12 
-46  42  14 
-54  -2  4 

//Reference=MNI 
//nullstudy_97
//Subjects=11
-22  -10  -48 
-38  -62  16 
-4  -62  -34 
-30  -64  26 
-26  24  2 
-36  -52  66 
28  20  62 
-12  -28  76 

//Reference=MNI 
//nullstudy_98
//Subjects=9
-32  64  -2 
-54  -46  22 
-22  52  -2 
-22  -64  8 
-12  52  -20 
-62  4  -4 
16  4  -30 
-26  -62  -36 

//Reference=MNI 
//nullstudy_99
//Subjects=11
-20  -62  4 
-40  -60  -28 
-36  2  -14 
-24  10  64 
-42  -68  42 
-14  -42  48 
-54  -18  28 
-54  -10  2 

//Reference=MNI 
//nullstudy_100
//Subjects=9
-50  8  2 
-18  42  36 
8  16  14 
-12  -72  56 
-14  -16  4 
56  6  16 
10  2  66 
32  2  8 

