//Reference=MNI 
//truestudy_1
//Subjects=20
45  -67  -6 
47  -67  -6 
45  -65  -5 
47  -66  -7 
44  -67  -6 
46  -66  -6 
46  -67  -5 
44  -66  -6 

//Reference=MNI 
//truestudy_2
//Subjects=20
45  -65  -6 
47  -66  -7 
46  -66  -5 
46  -66  -5 
44  -67  -5 
46  -67  -5 
47  -67  -5 
47  -65  -4 

//Reference=MNI 
//truestudy_3
//Subjects=20
46  -66  -6 
47  -65  -6 
45  -65  -4 
46  -64  -6 
47  -66  -7 
47  -66  -7 
47  -66  -5 
47  -66  -7 

//Reference=MNI 
//nullstudy_1
//Subjects=20
-38  0  -20 
2  58  28 
-40  -50  -58 
-38  -10  60 
38  18  -22 
-50  8  2 
36  2  8 
-30  8  -30 

//Reference=MNI 
//nullstudy_2
//Subjects=20
-2  -56  -48 
24  14  42 
-40  -34  10 
14  52  10 
-28  -84  -44 
-32  -10  2 
-26  4  68 
16  44  44 

//Reference=MNI 
//nullstudy_3
//Subjects=20
6  32  6 
-52  -40  48 
26  6  -20 
-6  4  0 
-54  -66  34 
-32  -68  36 
44  26  50 
-38  -50  28 

//Reference=MNI 
//nullstudy_4
//Subjects=18
-6  -72  -34 
-6  -42  50 
-32  10  42 
-16  -32  60 
-10  34  40 
-16  24  -18 
-50  -80  4 
40  28  12 

//Reference=MNI 
//nullstudy_5
//Subjects=22
-42  -20  10 
-22  0  54 
-42  -44  16 
24  14  -28 
-2  -82  20 
-48  20  4 
-24  52  24 
-18  26  0 

//Reference=MNI 
//nullstudy_6
//Subjects=20
-70  -38  6 
-26  -102  -8 
-60  -4  16 
-42  46  -16 
26  26  60 
-10  -92  -14 
-8  -98  18 
-40  -36  16 

//Reference=MNI 
//nullstudy_7
//Subjects=21
10  14  36 
-36  -18  10 
-10  -36  42 
-4  -12  -26 
-62  -20  0 
-20  -82  48 
-20  -26  58 
-40  12  -30 

//Reference=MNI 
//nullstudy_8
//Subjects=20
20  60  -14 
-16  -34  48 
-22  -14  -6 
-8  -40  72 
-42  44  -10 
2  14  10 
-26  -102  4 
-8  -32  -42 

//Reference=MNI 
//nullstudy_9
//Subjects=19
-36  -44  -2 
-10  -38  -28 
60  20  12 
-32  58  2 
-8  -68  -52 
-56  -34  6 
-20  -30  -12 
-36  -20  -28 

//Reference=MNI 
//nullstudy_10
//Subjects=19
22  44  48 
40  52  12 
26  42  20 
-30  -74  36 
-52  2  -40 
-68  -16  28 
4  28  14 
16  50  -8 

//Reference=MNI 
//nullstudy_11
//Subjects=20
14  52  14 
8  18  4 
-4  -6  6 
-22  62  0 
-2  -80  -24 
-22  8  -26 
-22  -12  76 
-26  -82  -16 

//Reference=MNI 
//nullstudy_12
//Subjects=22
-44  2  -24 
-48  6  40 
36  20  -28 
28  38  -8 
-20  -32  -16 
-24  -58  20 
-42  -84  28 
-60  -18  42 

//Reference=MNI 
//nullstudy_13
//Subjects=20
-50  -62  24 
-16  -74  -36 
-28  16  6 
-50  34  26 
-2  -88  -10 
-4  -48  20 
-20  -84  4 
-18  -102  4 

//Reference=MNI 
//nullstudy_14
//Subjects=21
-20  14  -4 
-20  -52  52 
-18  -44  54 
38  8  -30 
-6  40  0 
-12  -82  -48 
-6  28  -8 
-10  68  24 

//Reference=MNI 
//nullstudy_15
//Subjects=22
28  36  26 
18  12  12 
-20  -66  28 
42  34  16 
34  22  34 
-52  -40  -4 
-22  -104  0 
6  26  42 

//Reference=MNI 
//nullstudy_16
//Subjects=19
64  4  16 
-32  56  18 
-56  -68  -20 
-2  52  42 
36  10  28 
50  32  -18 
-46  -6  40 
-14  -70  8 

//Reference=MNI 
//nullstudy_17
//Subjects=19
-18  -58  -48 
30  8  -28 
-2  -38  -26 
-46  -12  32 
4  16  24 
-44  -58  -28 
46  20  44 
-18  -34  40 

//Reference=MNI 
//nullstudy_18
//Subjects=17
54  8  40 
-56  -28  26 
-60  4  18 
-22  -62  44 
-22  -18  62 
-50  -52  44 
-34  38  38 
-10  -40  26 

//Reference=MNI 
//nullstudy_19
//Subjects=19
34  8  32 
-2  -14  76 
-38  12  48 
-22  -82  -14 
-14  -18  46 
-10  -80  -22 
-50  -66  -36 
-60  -22  -8 

//Reference=MNI 
//nullstudy_20
//Subjects=20
-18  -54  4 
-28  14  -28 
-42  0  -36 
-32  22  -16 
-68  -14  18 
-32  50  16 
-66  -10  4 
-46  -62  24 

//Reference=MNI 
//nullstudy_21
//Subjects=19
-14  -54  8 
-8  2  42 
-28  -86  16 
-64  -16  4 
-50  -46  -12 
34  2  -50 
-36  -46  36 
-14  -86  -22 

//Reference=MNI 
//nullstudy_22
//Subjects=21
-14  -84  -20 
-38  -54  62 
-38  -76  34 
52  14  32 
12  22  48 
-30  -58  58 
-30  -48  60 
-32  58  -10 

//Reference=MNI 
//nullstudy_23
//Subjects=20
-40  -56  -14 
48  4  56 
-36  -68  -8 
-22  -56  14 
-32  -82  -8 
-22  -32  12 
-24  -78  -24 
22  6  -18 

//Reference=MNI 
//nullstudy_24
//Subjects=20
36  44  14 
12  68  18 
-46  -38  60 
20  40  -22 
-36  -48  -32 
18  54  4 
-32  -48  -6 
-54  -50  34 

//Reference=MNI 
//nullstudy_25
//Subjects=20
-26  -82  26 
46  2  -30 
14  50  -10 
-8  -74  56 
-34  4  14 
-40  -48  62 
-18  -10  56 
-6  -10  12 

//Reference=MNI 
//nullstudy_26
//Subjects=19
-14  18  54 
-44  -18  -2 
-36  14  28 
-36  30  2 
-64  -2  -24 
-10  -62  -10 
-26  42  44 
-30  -96  -2 

//Reference=MNI 
//nullstudy_27
//Subjects=21
-42  -60  30 
-48  6  20 
48  36  -12 
-24  -82  -26 
-38  -20  -40 
-8  -84  -20 
42  50  18 
-38  -44  66 

//Reference=MNI 
//nullstudy_28
//Subjects=22
32  4  48 
-18  -52  -46 
16  62  -6 
-36  14  -4 
-44  -4  32 
-36  -68  -32 
-28  -50  44 
-40  -34  12 

//Reference=MNI 
//nullstudy_29
//Subjects=21
18  10  -42 
-26  -66  24 
-58  20  0 
-58  -66  -6 
26  8  -24 
-38  4  30 
-34  -90  -12 
-6  -76  58 

//Reference=MNI 
//nullstudy_30
//Subjects=21
-10  -14  8 
-30  -70  42 
-6  14  16 
-44  -8  38 
-18  52  24 
-22  -82  -34 
-30  -60  -2 
38  22  -40 

//Reference=MNI 
//nullstudy_31
//Subjects=20
24  22  -36 
-64  -26  44 
2  12  14 
2  52  -24 
-8  -12  8 
-18  -30  -32 
-26  -72  4 
-18  46  22 

//Reference=MNI 
//nullstudy_32
//Subjects=19
-18  -68  -46 
-56  -34  10 
-26  -44  66 
-48  -30  -26 
-48  -32  58 
-26  -60  66 
-20  -64  50 
-46  -72  22 

//Reference=MNI 
//nullstudy_33
//Subjects=20
-40  -10  54 
-24  -86  -2 
-12  6  -36 
38  50  20 
36  26  -16 
-38  -38  12 
42  10  38 
20  30  -18 

//Reference=MNI 
//nullstudy_34
//Subjects=18
-18  12  -36 
-40  -52  20 
28  12  66 
38  40  26 
-18  6  54 
-44  18  32 
-22  16  -28 
2  48  42 

//Reference=MNI 
//nullstudy_35
//Subjects=20
-4  -84  -36 
-24  -32  70 
12  42  -28 
-32  18  42 
-30  10  50 
-22  -76  26 
-52  -66  22 
-46  34  16 

//Reference=MNI 
//nullstudy_36
//Subjects=21
-26  32  30 
-12  10  22 
20  60  -8 
-12  -78  54 
-24  40  32 
-44  34  -18 
-8  -50  48 
-2  -48  -46 

//Reference=MNI 
//nullstudy_37
//Subjects=20
40  12  -34 
-42  28  -12 
-16  -72  30 
-26  -88  -2 
-60  -56  36 
-20  18  -22 
0  2  34 
-30  -20  -34 

//Reference=MNI 
//nullstudy_38
//Subjects=21
-64  -30  18 
-54  -28  58 
-30  30  -2 
-34  -14  54 
36  50  -12 
-50  -60  30 
-8  60  28 
-58  -60  -28 

//Reference=MNI 
//nullstudy_39
//Subjects=18
-28  -6  0 
-64  -8  0 
-4  56  16 
-24  -80  -42 
42  12  -6 
-42  8  28 
-8  -40  58 
0  46  30 

//Reference=MNI 
//nullstudy_40
//Subjects=22
52  10  -30 
-38  -42  62 
-46  -12  -12 
10  66  -10 
24  28  -10 
-6  -50  -50 
-44  -32  18 
6  32  26 

//Reference=MNI 
//nullstudy_41
//Subjects=20
-12  14  -22 
-44  -80  -36 
-18  12  58 
40  32  16 
-48  -16  2 
-42  14  -16 
-52  -8  -28 
-26  -78  0 

//Reference=MNI 
//nullstudy_42
//Subjects=19
-50  -20  34 
-36  28  -24 
-22  6  54 
-16  -36  -2 
-6  -84  10 
8  38  -26 
-64  -56  8 
-10  38  12 

//Reference=MNI 
//nullstudy_43
//Subjects=19
-18  -94  -24 
-56  -6  12 
-50  -62  0 
-52  -18  50 
16  8  12 
-18  64  -6 
-28  6  -18 
6  44  -28 

//Reference=MNI 
//nullstudy_44
//Subjects=20
-16  26  -6 
6  6  66 
-40  44  16 
-30  -36  54 
-32  -2  -50 
58  10  -20 
38  56  -2 
-10  -76  -8 

//Reference=MNI 
//nullstudy_45
//Subjects=21
-56  -8  38 
24  38  38 
-8  -42  74 
-10  -2  36 
-4  -48  -50 
-48  -66  46 
-8  -40  38 
-36  -16  20 

//Reference=MNI 
//nullstudy_46
//Subjects=21
-34  -58  -62 
4  60  36 
-56  -14  32 
-42  28  -2 
-12  8  56 
-54  -12  -12 
28  52  -6 
-18  -50  -58 

//Reference=MNI 
//nullstudy_47
//Subjects=19
-12  -54  -66 
-4  -62  0 
-66  -32  36 
-46  -56  38 
-36  -86  -20 
36  2  8 
-10  6  22 
-12  -48  -12 

//Reference=MNI 
//nullstudy_48
//Subjects=22
-12  66  16 
-6  36  50 
-22  -36  16 
-62  -58  6 
-64  -6  -14 
2  40  6 
-8  -80  42 
-26  -56  -22 

//Reference=MNI 
//nullstudy_49
//Subjects=19
36  24  50 
-16  18  -20 
-16  -40  -34 
-50  -46  -16 
-4  -48  -30 
-36  -54  46 
-46  48  -2 
60  8  38 

//Reference=MNI 
//nullstudy_50
//Subjects=22
24  68  2 
10  2  68 
-54  -2  -32 
-42  18  18 
24  48  44 
-24  -82  42 
54  10  10 
-14  30  60 

//Reference=MNI 
//nullstudy_51
//Subjects=18
-40  -18  14 
-52  28  16 
50  46  4 
-56  -66  4 
-22  -80  18 
-56  8  -4 
-58  -42  -8 
-18  24  10 

//Reference=MNI 
//nullstudy_52
//Subjects=20
-10  56  -22 
-52  16  42 
-2  24  -30 
-38  -78  -22 
-42  -58  -34 
-64  -40  24 
-14  -70  -46 
0  40  2 

//Reference=MNI 
//nullstudy_53
//Subjects=19
48  42  -18 
46  40  0 
44  2  38 
-28  -24  70 
2  18  -12 
-32  -64  -50 
-10  16  -30 
-6  -98  12 

//Reference=MNI 
//nullstudy_54
//Subjects=19
40  48  10 
58  14  4 
-14  30  54 
-58  -38  16 
-8  -2  62 
-30  4  54 
26  14  42 
-48  -32  -10 

//Reference=MNI 
//nullstudy_55
//Subjects=21
0  2  -18 
0  24  40 
-42  -12  -36 
-16  -10  -34 
-22  -82  0 
0  12  -18 
-34  -16  -22 
38  12  8 

//Reference=MNI 
//nullstudy_56
//Subjects=19
-40  -8  -38 
18  8  -14 
16  26  60 
-50  -44  -8 
58  6  -4 
-20  52  -4 
-28  -82  46 
22  10  -36 

//Reference=MNI 
//nullstudy_57
//Subjects=19
-16  -60  -6 
-16  36  -28 
34  26  44 
-8  -50  32 
-10  6  -10 
-10  10  -26 
-40  -74  -4 
-32  -16  12 

//Reference=MNI 
//nullstudy_58
//Subjects=19
-6  -18  -38 
-14  -84  -22 
-28  12  48 
-18  -88  20 
-42  28  24 
44  6  48 
0  30  58 
-28  -84  10 

//Reference=MNI 
//nullstudy_59
//Subjects=20
-6  22  -26 
44  28  42 
-4  -54  30 
22  56  -20 
-8  -32  -24 
26  2  64 
-16  -68  -2 
-24  16  52 

//Reference=MNI 
//nullstudy_60
//Subjects=20
-36  -6  42 
28  26  -24 
-10  -2  -28 
4  34  26 
-26  -50  -4 
36  20  26 
-32  -10  46 
-52  -42  -10 

//Reference=MNI 
//nullstudy_61
//Subjects=22
-54  -22  -30 
-50  -24  34 
30  14  44 
-54  -58  28 
-38  -20  70 
-14  58  -14 
-16  -62  -48 
-14  12  18 

//Reference=MNI 
//nullstudy_62
//Subjects=20
12  44  -26 
-22  -64  -42 
-38  -50  20 
52  46  4 
-22  -20  -32 
-56  10  -26 
-8  -54  32 
-46  -24  -2 

//Reference=MNI 
//nullstudy_63
//Subjects=20
-30  -78  -16 
-42  -34  24 
-62  -22  -28 
34  16  42 
-4  16  34 
-10  -50  50 
-44  40  -18 
34  42  26 

//Reference=MNI 
//nullstudy_64
//Subjects=20
26  22  42 
-16  6  72 
-12  48  -24 
-2  -32  -52 
-12  40  6 
-36  48  32 
-32  -58  48 
-22  -72  24 

//Reference=MNI 
//nullstudy_65
//Subjects=19
-20  2  62 
-32  26  28 
10  34  -26 
-20  -104  -10 
-30  -16  2 
-50  -50  -28 
-40  12  -44 
-38  -36  12 

//Reference=MNI 
//nullstudy_66
//Subjects=21
-22  46  12 
-52  -26  -10 
-50  -58  -12 
-58  -34  24 
-32  40  -10 
-34  40  -8 
14  16  0 
10  60  6 

//Reference=MNI 
//nullstudy_67
//Subjects=19
18  70  -6 
-36  -76  14 
-14  -78  -24 
18  18  60 
8  46  12 
-10  6  -24 
-26  -14  -40 
-50  -12  28 

//Reference=MNI 
//nullstudy_68
//Subjects=19
-22  2  -32 
-2  -36  -44 
-16  18  14 
-48  -46  -6 
2  4  -6 
-2  -48  -32 
-16  -72  -40 
-32  0  -12 

//Reference=MNI 
//nullstudy_69
//Subjects=20
18  6  20 
-20  -48  60 
-38  22  24 
-4  52  22 
42  50  -12 
22  54  0 
48  18  40 
12  20  32 

//Reference=MNI 
//nullstudy_70
//Subjects=19
-54  -4  12 
0  26  46 
46  22  -2 
6  34  -16 
34  26  26 
-52  6  14 
28  46  30 
-32  -68  18 

//Reference=MNI 
//nullstudy_71
//Subjects=20
-62  -34  4 
16  70  6 
-38  38  -22 
-36  6  -44 
-44  4  12 
-4  -46  -2 
-10  -62  -46 
40  10  -8 

//Reference=MNI 
//nullstudy_72
//Subjects=20
14  40  2 
40  46  32 
-56  -60  -18 
-48  0  6 
32  56  22 
-32  28  32 
48  6  14 
-54  -4  34 

//Reference=MNI 
//nullstudy_73
//Subjects=20
-8  4  62 
-64  -54  8 
-6  -24  76 
-66  -34  12 
-60  -24  -2 
-58  -16  48 
-2  54  -14 
-22  -50  -40 

//Reference=MNI 
//nullstudy_74
//Subjects=22
-34  -48  -50 
-10  -36  38 
0  52  40 
-28  60  24 
-32  18  10 
-18  -70  54 
-52  -64  26 
-22  40  -18 

//Reference=MNI 
//nullstudy_75
//Subjects=19
-66  -10  10 
-22  -86  12 
-12  4  -14 
36  6  -8 
-36  -8  56 
-22  56  -20 
-36  -74  -12 
-30  -62  -4 

//Reference=MNI 
//nullstudy_76
//Subjects=20
-30  -62  46 
-24  64  4 
-4  -98  -4 
-4  -86  -42 
18  2  -16 
-40  -10  36 
-40  52  18 
-50  -50  -4 

//Reference=MNI 
//nullstudy_77
//Subjects=22
-52  -44  -30 
-46  -42  -32 
-12  -2  60 
-52  -54  42 
-32  -96  -10 
-10  40  42 
2  56  36 
-50  -48  40 

//Reference=MNI 
//nullstudy_78
//Subjects=20
-24  20  -4 
-6  -16  10 
-44  14  -34 
8  6  20 
-34  18  54 
20  56  12 
40  38  -2 
-24  -84  -46 

//Reference=MNI 
//nullstudy_79
//Subjects=20
-38  -4  16 
-54  -44  36 
16  2  22 
-6  -82  -18 
-48  6  34 
-70  -26  0 
52  4  26 
-2  0  58 

//Reference=MNI 
//nullstudy_80
//Subjects=19
38  8  46 
-58  -42  10 
-38  -28  10 
-12  -50  2 
8  28  14 
-12  -66  64 
4  10  30 
32  30  38 

//Reference=MNI 
//nullstudy_81
//Subjects=20
24  16  -38 
-20  -40  68 
-6  -50  -64 
-22  -22  70 
0  30  -32 
12  34  48 
-36  28  34 
4  68  10 

//Reference=MNI 
//nullstudy_82
//Subjects=20
-10  24  -10 
-48  -54  46 
-4  -46  -64 
-6  -36  -46 
-50  26  -12 
-6  26  40 
-54  -22  -20 
-18  18  0 

//Reference=MNI 
//nullstudy_83
//Subjects=21
22  4  -44 
-8  -64  -54 
-46  50  -14 
-56  14  36 
-34  -68  48 
-34  -60  22 
32  46  -10 
22  56  4 

//Reference=MNI 
//nullstudy_84
//Subjects=20
-40  24  -30 
10  8  52 
-34  -4  -38 
-50  8  12 
-8  -2  -30 
-10  36  -30 
-40  24  -10 
30  2  -24 

//Reference=MNI 
//nullstudy_85
//Subjects=19
-28  2  56 
-8  10  6 
-28  -12  -40 
-58  10  -8 
-42  -16  64 
-12  -42  32 
-48  -40  60 
-6  -80  34 

//Reference=MNI 
//nullstudy_86
//Subjects=19
-40  0  40 
-4  -86  -14 
-4  40  0 
-38  -26  8 
44  6  -2 
40  22  -8 
-50  -48  42 
-16  -40  -32 

//Reference=MNI 
//nullstudy_87
//Subjects=22
-6  -6  2 
-4  -96  -10 
-28  -68  -20 
-22  20  -26 
-52  -48  32 
12  48  36 
-38  -58  54 
-14  -94  18 

//Reference=MNI 
//nullstudy_88
//Subjects=21
-8  -50  32 
-52  -70  -34 
-4  28  18 
-22  -6  -24 
-58  -20  -28 
-54  -34  20 
-52  -72  10 
-58  6  10 

//Reference=MNI 
//nullstudy_89
//Subjects=19
10  28  62 
52  14  -30 
-38  -36  64 
-44  -72  18 
-34  -56  64 
12  2  62 
16  62  -14 
44  52  4 

//Reference=MNI 
//nullstudy_90
//Subjects=20
-20  2  -4 
-6  -24  -2 
-4  -2  0 
16  66  -12 
-18  8  4 
-36  58  6 
-12  -14  44 
-8  -26  12 

//Reference=MNI 
//nullstudy_91
//Subjects=19
-54  0  36 
10  2  -34 
48  4  46 
-40  -48  -54 
-12  -22  40 
-14  -72  -12 
-4  60  12 
-54  -2  -12 

//Reference=MNI 
//nullstudy_92
//Subjects=20
-6  -44  -46 
34  6  34 
-24  -16  -34 
-34  -34  52 
-46  -66  46 
48  20  -12 
-50  14  -26 
-40  6  38 

//Reference=MNI 
//nullstudy_93
//Subjects=21
52  18  36 
-54  -36  28 
-66  -8  10 
-38  34  8 
24  68  6 
-8  -24  20 
-48  -78  22 
-26  -36  58 

//Reference=MNI 
//nullstudy_94
//Subjects=22
-38  -50  -52 
-18  -30  -8 
-18  -12  22 
-38  -10  4 
22  12  -30 
-2  -64  20 
-12  -68  -42 
2  46  50 

//Reference=MNI 
//nullstudy_95
//Subjects=20
-38  22  -20 
-28  24  30 
46  26  -14 
-30  -24  70 
-2  -50  -12 
-42  14  -24 
-66  -22  -4 
54  2  -8 

//Reference=MNI 
//nullstudy_96
//Subjects=21
-8  -92  -34 
-52  -68  22 
6  12  -24 
-26  -44  -48 
-12  22  -6 
-24  14  60 
-42  -8  6 
-66  -34  38 

//Reference=MNI 
//nullstudy_97
//Subjects=21
-12  -58  -22 
26  64  22 
-54  -14  32 
62  8  34 
-52  -30  50 
-8  -50  -4 
-6  -64  -4 
-50  -36  4 

//Reference=MNI 
//nullstudy_98
//Subjects=19
26  50  26 
24  10  -18 
-8  -38  68 
14  38  28 
-44  4  22 
-38  -90  20 
-38  2  60 
22  36  -22 

//Reference=MNI 
//nullstudy_99
//Subjects=19
-22  -22  74 
-6  -72  -34 
18  8  -36 
-8  4  74 
-40  6  26 
4  16  -22 
-62  -2  22 
-44  14  -30 

//Reference=MNI 
//nullstudy_100
//Subjects=19
-66  -48  28 
-4  10  54 
-8  -16  80 
-6  16  58 
-2  2  36 
-42  14  6 
-30  -74  -4 
-4  56  -22 

