//Reference=MNI 
//truestudy_1
//Subjects=29
45  -67  -5 
47  -65  -4 
47  -65  -6 
46  -66  -4 
46  -66  -4 
45  -65  -6 
46  -65  -6 
45  -66  -6 

//Reference=MNI 
//truestudy_2
//Subjects=31
47  -65  -7 
47  -68  -7 
46  -68  -6 
47  -66  -8 
46  -67  -7 
46  -65  -5 
46  -66  -5 
45  -66  -8 

//Reference=MNI 
//truestudy_3
//Subjects=31
47  -68  -6 
46  -67  -7 
45  -68  -4 
45  -67  -6 
46  -65  -8 
45  -66  -6 
46  -66  -5 
46  -66  -6 

//Reference=MNI 
//nullstudy_1
//Subjects=29
-18  50  -20 
32  58  26 
-2  54  40 
8  6  6 
14  68  8 
-24  10  -28 
20  12  -2 
-16  -50  -56 

//Reference=MNI 
//nullstudy_2
//Subjects=31
-26  -52  40 
-34  18  46 
-46  -40  20 
-48  24  42 
8  14  -12 
52  34  -2 
-8  24  28 
-6  16  -16 

//Reference=MNI 
//nullstudy_3
//Subjects=31
8  50  20 
4  38  26 
-28  8  -30 
-8  28  -28 
-48  6  14 
-50  -38  -14 
-6  -62  6 
-42  -4  -4 

//Reference=MNI 
//nullstudy_4
//Subjects=31
-16  -34  0 
-12  28  24 
10  16  8 
-28  -76  -54 
8  56  34 
-38  14  60 
-36  -92  10 
-36  -48  -36 

//Reference=MNI 
//nullstudy_5
//Subjects=28
-52  18  -8 
-26  -74  -44 
26  44  -10 
-10  -54  -44 
-36  -74  12 
-4  -58  -30 
-36  -38  -14 
2  46  -18 

//Reference=MNI 
//nullstudy_6
//Subjects=31
-68  -24  -16 
-28  -54  36 
-10  -26  -16 
-26  -82  26 
40  34  0 
-28  -48  -24 
-18  -52  -54 
-12  34  34 

//Reference=MNI 
//nullstudy_7
//Subjects=30
-28  34  -12 
60  4  -12 
24  56  4 
-38  22  30 
36  54  2 
2  10  70 
-30  -16  74 
-12  -14  48 

//Reference=MNI 
//nullstudy_8
//Subjects=29
-10  2  -30 
4  18  -28 
-6  12  66 
-6  34  -24 
44  8  -36 
4  16  52 
-24  38  -20 
28  66  -8 

//Reference=MNI 
//nullstudy_9
//Subjects=30
-44  14  -42 
-24  -38  -50 
-34  -48  -8 
32  22  -30 
-24  -68  6 
-50  4  16 
56  4  22 
-24  -44  -8 

//Reference=MNI 
//nullstudy_10
//Subjects=29
-16  14  66 
44  6  38 
24  66  -8 
-44  -44  -32 
-8  32  52 
-20  -62  20 
8  70  -4 
-56  -40  16 

//Reference=MNI 
//nullstudy_11
//Subjects=30
-6  -102  -16 
-40  -18  -40 
-22  6  -12 
-66  -36  16 
0  38  54 
40  34  14 
22  6  52 
-8  -48  -52 

//Reference=MNI 
//nullstudy_12
//Subjects=31
-62  -14  -8 
-8  12  70 
-66  -6  10 
-8  14  -14 
-42  0  -20 
-12  56  42 
-8  46  -16 
-40  -16  40 

//Reference=MNI 
//nullstudy_13
//Subjects=28
-6  26  -14 
30  2  64 
-50  -36  -30 
-50  -26  -14 
-16  -82  -12 
-38  -48  36 
-14  -58  -34 
-54  -38  -6 

//Reference=MNI 
//nullstudy_14
//Subjects=29
-26  -10  44 
-26  -48  8 
-16  -88  -24 
-30  -16  -18 
-44  -52  58 
32  20  50 
-52  -2  -40 
-26  -94  -6 

//Reference=MNI 
//nullstudy_15
//Subjects=29
-64  -6  26 
26  6  54 
-40  -80  30 
12  42  -28 
-24  -44  70 
-44  -6  -38 
20  68  20 
12  36  12 

//Reference=MNI 
//nullstudy_16
//Subjects=30
-44  16  -12 
-36  22  34 
-42  -54  22 
-6  -44  62 
28  46  -16 
-12  28  64 
46  28  40 
-52  -44  0 

//Reference=MNI 
//nullstudy_17
//Subjects=27
-64  -30  4 
-48  -2  10 
24  16  52 
20  38  32 
-18  -62  32 
2  20  -4 
12  50  46 
0  12  52 

//Reference=MNI 
//nullstudy_18
//Subjects=30
18  12  -10 
6  6  48 
-54  2  36 
-42  -62  48 
-16  22  -12 
-18  48  18 
-28  -44  -28 
-30  40  30 

//Reference=MNI 
//nullstudy_19
//Subjects=32
42  2  -20 
-36  -74  -10 
-12  -90  16 
-8  32  60 
-32  -48  38 
-38  58  -8 
28  50  28 
2  22  -18 

//Reference=MNI 
//nullstudy_20
//Subjects=30
-56  -58  38 
38  10  -46 
-14  -70  -32 
-50  -24  34 
-52  -24  -28 
-14  14  -24 
2  28  44 
-64  -14  40 

//Reference=MNI 
//nullstudy_21
//Subjects=30
-30  -46  40 
-18  -46  -30 
-36  -76  32 
-6  -96  -22 
-30  -40  44 
-14  60  20 
-28  52  2 
-56  -28  16 

//Reference=MNI 
//nullstudy_22
//Subjects=30
-24  -18  -20 
26  44  38 
-8  -66  12 
-12  -68  40 
-22  -88  -34 
28  10  44 
-16  -88  -40 
-10  -48  58 

//Reference=MNI 
//nullstudy_23
//Subjects=31
-26  -80  -12 
32  18  -4 
-42  14  -20 
-12  4  22 
-50  12  16 
-46  -74  4 
-14  -48  -50 
0  22  34 

//Reference=MNI 
//nullstudy_24
//Subjects=30
-36  24  46 
54  28  -2 
-6  -20  -38 
4  68  18 
-36  52  -14 
-12  22  60 
-42  -26  18 
-10  -104  -12 

//Reference=MNI 
//nullstudy_25
//Subjects=32
28  36  22 
-30  -72  -6 
18  16  52 
4  58  28 
-40  34  4 
-14  -70  -8 
-50  -44  -2 
36  28  34 

//Reference=MNI 
//nullstudy_26
//Subjects=31
-52  0  10 
-40  -72  36 
-4  54  -6 
-32  -84  34 
54  36  16 
-58  -24  -8 
-38  -82  38 
-44  0  20 

//Reference=MNI 
//nullstudy_27
//Subjects=29
24  10  -34 
-42  4  12 
-14  -56  -16 
-26  -58  -64 
18  18  10 
-22  -22  74 
0  8  -10 
34  32  46 

//Reference=MNI 
//nullstudy_28
//Subjects=31
2  56  24 
-44  8  54 
12  46  40 
60  10  -2 
-62  -12  8 
-28  -12  -20 
-12  -96  -8 
-50  16  0 

//Reference=MNI 
//nullstudy_29
//Subjects=30
0  26  30 
34  48  -6 
-56  -60  32 
-14  -16  62 
-44  -24  -4 
-34  20  -10 
-32  -10  52 
-10  -10  6 

//Reference=MNI 
//nullstudy_30
//Subjects=29
-10  -92  38 
-38  42  26 
38  32  -20 
-6  34  -32 
-46  16  6 
-28  -12  -30 
-54  -64  38 
-2  60  -20 

//Reference=MNI 
//nullstudy_31
//Subjects=29
-34  -36  -4 
36  58  2 
-48  24  38 
-70  -32  6 
-24  -40  -42 
-22  -36  20 
22  60  -2 
2  52  -22 

//Reference=MNI 
//nullstudy_32
//Subjects=29
-48  -6  16 
-24  14  62 
-18  -22  18 
-26  -4  52 
-6  -42  -8 
-46  -58  -26 
24  26  58 
-8  -18  -12 

//Reference=MNI 
//nullstudy_33
//Subjects=30
-8  -2  -8 
-28  -30  64 
-26  2  -2 
-46  20  34 
-42  -14  48 
-46  -18  16 
28  66  8 
-20  -70  16 

//Reference=MNI 
//nullstudy_34
//Subjects=28
16  2  -16 
-12  -8  -36 
-6  2  0 
-36  -20  14 
-14  56  40 
-36  -36  50 
14  8  50 
14  24  12 

//Reference=MNI 
//nullstudy_35
//Subjects=31
-36  -62  28 
-64  -10  16 
28  30  -2 
-2  -42  64 
-20  -4  -8 
-18  -102  14 
-36  -48  -56 
20  4  18 

//Reference=MNI 
//nullstudy_36
//Subjects=29
-50  40  18 
30  38  28 
-14  -42  66 
-14  62  -8 
-6  12  40 
-42  36  8 
-24  42  48 
-58  -8  42 

//Reference=MNI 
//nullstudy_37
//Subjects=30
-64  -44  40 
38  62  0 
-44  2  32 
-16  -38  -46 
-56  2  46 
20  32  54 
64  8  12 
-6  38  18 

//Reference=MNI 
//nullstudy_38
//Subjects=30
56  4  -32 
-14  -80  52 
-36  -82  -6 
-42  26  -6 
4  34  34 
-38  -8  46 
36  48  -4 
-6  36  50 

//Reference=MNI 
//nullstudy_39
//Subjects=31
-46  -76  22 
42  34  34 
-44  -16  50 
-22  -80  -36 
46  4  10 
-12  14  -6 
-30  -8  66 
-12  64  10 

//Reference=MNI 
//nullstudy_40
//Subjects=31
-2  12  -16 
52  10  10 
64  10  6 
20  14  -6 
-8  58  36 
10  58  28 
-26  -64  -36 
6  56  22 

//Reference=MNI 
//nullstudy_41
//Subjects=29
54  12  10 
-8  28  -30 
-54  -20  -10 
-16  -62  16 
4  20  10 
-8  -14  50 
32  40  10 
-30  10  -22 

//Reference=MNI 
//nullstudy_42
//Subjects=28
44  36  -22 
-32  -56  64 
-64  -18  -12 
-30  -4  -2 
10  56  -20 
8  10  -6 
-40  -82  -22 
-16  -84  -34 

//Reference=MNI 
//nullstudy_43
//Subjects=30
32  42  28 
-50  -26  -20 
-56  -16  -28 
42  24  -36 
-20  -66  -34 
-32  36  24 
-20  -40  12 
-38  -54  58 

//Reference=MNI 
//nullstudy_44
//Subjects=29
2  40  -12 
36  22  8 
50  18  8 
-26  -44  66 
-18  -44  16 
-26  -88  6 
-52  14  -4 
-44  -38  0 

//Reference=MNI 
//nullstudy_45
//Subjects=31
40  30  30 
-42  -46  38 
-14  -32  -12 
-30  14  -28 
-4  -58  62 
-12  -98  -8 
-24  -30  -26 
-32  -46  -30 

//Reference=MNI 
//nullstudy_46
//Subjects=30
-18  -26  28 
-54  -26  32 
-8  4  12 
18  68  6 
-46  -66  30 
-10  36  36 
26  30  50 
8  20  34 

//Reference=MNI 
//nullstudy_47
//Subjects=30
-30  32  -14 
-48  -12  34 
-22  8  -46 
-26  -96  -4 
-8  -78  50 
-32  -32  22 
38  32  14 
-4  -22  60 

//Reference=MNI 
//nullstudy_48
//Subjects=30
-2  24  -18 
-8  14  70 
-36  8  48 
38  26  10 
10  10  -22 
-10  -56  56 
-10  -4  60 
-18  -14  -14 

//Reference=MNI 
//nullstudy_49
//Subjects=29
-32  -32  52 
-40  -44  -50 
-18  -58  -20 
24  52  28 
-24  -66  -48 
-12  -26  22 
-30  -52  42 
-12  -76  -28 

//Reference=MNI 
//nullstudy_50
//Subjects=31
-8  -14  -10 
-28  -66  -58 
-6  -30  34 
-50  -24  58 
-62  -32  -28 
-42  -38  14 
14  52  34 
-14  -42  -22 

//Reference=MNI 
//nullstudy_51
//Subjects=32
8  8  12 
-26  30  54 
-8  44  10 
-40  -4  4 
-52  -44  20 
-38  -52  50 
-32  -50  -38 
8  38  -14 

//Reference=MNI 
//nullstudy_52
//Subjects=30
-56  -20  42 
-32  18  -38 
-4  -98  22 
12  38  16 
36  26  -20 
46  6  44 
-42  -90  -8 
-40  -84  -34 

//Reference=MNI 
//nullstudy_53
//Subjects=28
54  4  -6 
-62  -44  12 
-26  -4  66 
-10  44  2 
-20  -72  32 
-8  -54  58 
-30  -80  -6 
6  2  74 

//Reference=MNI 
//nullstudy_54
//Subjects=31
4  54  46 
4  12  64 
4  32  -18 
-6  -32  -8 
-8  -34  80 
-26  -72  -48 
-58  -50  44 
-34  56  -14 

//Reference=MNI 
//nullstudy_55
//Subjects=29
-46  -38  30 
-58  -54  40 
-6  -28  -24 
-42  -78  -24 
-42  -22  -18 
-40  -44  -40 
42  32  14 
4  40  -18 

//Reference=MNI 
//nullstudy_56
//Subjects=32
8  18  -14 
-16  0  -40 
56  4  16 
-60  6  -18 
-6  -52  48 
42  16  24 
-14  -70  -12 
-22  0  -42 

//Reference=MNI 
//nullstudy_57
//Subjects=31
-20  -40  58 
-8  12  0 
32  6  -34 
-2  -46  8 
58  6  26 
-40  12  60 
-4  22  -16 
-42  -4  30 

//Reference=MNI 
//nullstudy_58
//Subjects=30
-4  -24  24 
-14  -78  -46 
-50  24  12 
-50  12  -8 
12  24  60 
22  4  -20 
-20  -36  -32 
4  2  32 

//Reference=MNI 
//nullstudy_59
//Subjects=30
14  34  24 
-2  62  10 
-2  -52  38 
-4  -30  8 
36  10  0 
-28  14  -44 
42  12  -38 
-52  -34  -30 

//Reference=MNI 
//nullstudy_60
//Subjects=32
8  32  56 
-54  -42  30 
48  4  -22 
-2  -26  -40 
38  12  32 
-50  12  26 
40  32  20 
8  50  -6 

//Reference=MNI 
//nullstudy_61
//Subjects=29
2  8  30 
16  44  44 
18  20  -24 
-32  34  20 
8  18  68 
-64  -16  18 
-48  -30  54 
40  8  -20 

//Reference=MNI 
//nullstudy_62
//Subjects=30
40  2  18 
-38  -66  18 
-6  -18  -40 
-36  -10  -46 
-56  -16  -34 
50  44  -10 
-44  14  8 
-14  -50  -8 

//Reference=MNI 
//nullstudy_63
//Subjects=31
-38  -16  -8 
-16  16  2 
30  56  -16 
10  8  64 
-8  4  76 
26  6  -16 
-18  28  -16 
-48  -50  22 

//Reference=MNI 
//nullstudy_64
//Subjects=28
-30  -70  30 
-16  16  18 
6  64  20 
6  50  50 
-42  -82  -18 
28  58  10 
18  14  -12 
-4  10  60 

//Reference=MNI 
//nullstudy_65
//Subjects=29
-50  -56  -4 
8  26  -30 
-32  -58  -18 
-46  12  18 
-20  -84  -6 
0  16  8 
-36  0  -20 
54  36  -4 

//Reference=MNI 
//nullstudy_66
//Subjects=29
-12  68  0 
46  4  -38 
-64  -40  -6 
-36  -46  -44 
-6  -80  36 
-32  4  -48 
14  8  -20 
-52  6  24 

//Reference=MNI 
//nullstudy_67
//Subjects=30
-16  -92  28 
4  16  32 
-34  -86  -18 
-56  -30  52 
-48  -56  32 
-16  -44  -38 
-34  18  44 
-42  -6  54 

//Reference=MNI 
//nullstudy_68
//Subjects=31
-38  14  30 
-60  -14  38 
-52  -52  -38 
-50  -54  28 
-46  20  44 
-46  -40  22 
-10  60  8 
-6  -64  -60 

//Reference=MNI 
//nullstudy_69
//Subjects=30
-24  -80  46 
-16  0  22 
48  8  22 
14  60  28 
-26  30  -14 
12  26  22 
-4  -70  40 
-44  -42  46 

//Reference=MNI 
//nullstudy_70
//Subjects=30
48  34  26 
10  42  2 
-22  -62  20 
-18  6  -24 
-42  6  52 
-28  16  10 
0  18  64 
-10  -46  70 

//Reference=MNI 
//nullstudy_71
//Subjects=30
-10  -86  24 
-10  16  36 
-20  12  64 
-18  -80  34 
-20  -64  -30 
-62  0  -4 
-30  -14  -8 
-10  38  2 

//Reference=MNI 
//nullstudy_72
//Subjects=30
-68  -16  10 
14  28  -18 
-46  -34  0 
-10  24  -4 
-8  -42  -10 
14  64  2 
-30  -78  38 
-2  -44  16 

//Reference=MNI 
//nullstudy_73
//Subjects=30
-20  -56  -30 
-38  -70  18 
-16  -14  64 
-58  -24  52 
42  38  -22 
-62  -28  4 
-22  24  -28 
-26  -66  -14 

//Reference=MNI 
//nullstudy_74
//Subjects=30
-12  -54  34 
-54  -16  56 
-24  2  72 
-16  -70  54 
-42  44  22 
-48  26  -10 
-16  -66  66 
-44  8  -40 

//Reference=MNI 
//nullstudy_75
//Subjects=30
-4  -76  34 
-44  18  -24 
-42  -2  10 
-28  -68  -12 
-38  46  14 
18  48  40 
42  14  12 
30  2  -20 

//Reference=MNI 
//nullstudy_76
//Subjects=29
30  38  -16 
-16  -66  28 
-24  -64  12 
32  8  38 
-32  -34  54 
24  50  -12 
-32  30  16 
-56  -46  44 

//Reference=MNI 
//nullstudy_77
//Subjects=30
-24  -54  8 
-14  0  22 
-4  -34  70 
56  38  10 
-4  -6  66 
-62  -16  36 
-26  -28  70 
-10  -52  -48 

//Reference=MNI 
//nullstudy_78
//Subjects=30
-62  -58  -4 
-16  -54  -62 
-36  -4  -10 
-52  -16  -32 
38  50  28 
34  40  22 
-12  52  24 
-16  -34  -14 

//Reference=MNI 
//nullstudy_79
//Subjects=30
-10  -68  6 
-30  36  -10 
-36  -48  54 
-14  -92  -36 
-42  4  40 
-4  -70  48 
-10  -50  66 
-30  40  24 

//Reference=MNI 
//nullstudy_80
//Subjects=29
-20  -16  54 
-10  -60  50 
20  14  -16 
-8  -42  -16 
-66  -46  26 
4  8  46 
-64  -44  -16 
-44  -52  -52 

//Reference=MNI 
//nullstudy_81
//Subjects=29
-56  -14  26 
14  2  56 
-62  -44  14 
46  28  12 
-70  -38  6 
-46  0  56 
-28  -40  44 
-66  -34  30 

//Reference=MNI 
//nullstudy_82
//Subjects=32
-40  22  -14 
-28  -40  64 
-44  -52  -52 
-38  -72  -6 
-40  24  6 
-36  2  62 
-38  -26  62 
-32  -62  -14 

//Reference=MNI 
//nullstudy_83
//Subjects=31
-32  -32  -4 
14  26  48 
-38  -14  54 
-6  -66  4 
48  2  20 
20  70  0 
-12  -54  -48 
56  4  -30 

//Reference=MNI 
//nullstudy_84
//Subjects=29
-8  -38  -2 
-36  0  52 
-34  2  -42 
-2  -74  48 
12  36  36 
30  6  -48 
-10  40  0 
-18  -84  -44 

//Reference=MNI 
//nullstudy_85
//Subjects=30
-16  -4  64 
-22  -6  64 
-14  -36  14 
-28  -68  -38 
-28  30  40 
-34  60  10 
-42  -4  2 
42  48  30 

//Reference=MNI 
//nullstudy_86
//Subjects=29
-18  22  2 
-54  30  4 
-14  -36  6 
6  42  -28 
-60  -50  -20 
-8  -48  62 
-34  -4  2 
-4  -44  74 

//Reference=MNI 
//nullstudy_87
//Subjects=30
-46  -88  -4 
12  40  -28 
-10  26  34 
-50  -38  30 
-6  -60  8 
-58  -8  -12 
-14  -40  -24 
-22  2  -30 

//Reference=MNI 
//nullstudy_88
//Subjects=29
-36  -36  52 
-38  -50  48 
20  22  -24 
-14  24  56 
-32  -70  -26 
-10  -14  38 
-8  -40  -46 
-44  -8  4 

//Reference=MNI 
//nullstudy_89
//Subjects=30
-28  -70  -24 
-16  -88  22 
-30  -88  30 
-12  16  -26 
22  56  24 
-14  -86  -22 
-22  32  32 
12  38  32 

//Reference=MNI 
//nullstudy_90
//Subjects=30
30  28  -24 
4  60  -20 
-52  -46  -34 
-10  -80  42 
16  16  -18 
-50  20  -14 
-60  -34  2 
48  30  26 

//Reference=MNI 
//nullstudy_91
//Subjects=30
-12  -72  6 
-42  -62  -28 
-4  -30  14 
-38  -40  62 
-10  -50  -62 
38  22  20 
-32  12  -46 
20  50  4 

//Reference=MNI 
//nullstudy_92
//Subjects=28
-20  -60  48 
50  10  20 
-54  -42  38 
24  14  44 
-20  -58  54 
14  10  -36 
-42  -48  -44 
-40  -86  -16 

//Reference=MNI 
//nullstudy_93
//Subjects=30
-36  6  -36 
-12  -2  66 
-26  54  28 
44  54  14 
-16  38  54 
-24  2  72 
14  40  2 
-54  -22  22 

//Reference=MNI 
//nullstudy_94
//Subjects=32
-44  20  38 
6  34  -30 
-28  0  6 
-16  2  -40 
-8  -78  -24 
20  8  -22 
14  8  56 
-14  -36  -48 

//Reference=MNI 
//nullstudy_95
//Subjects=32
38  30  14 
-26  -46  54 
8  14  70 
-34  22  46 
-34  -32  64 
-44  -58  14 
-34  -76  -32 
6  70  4 

//Reference=MNI 
//nullstudy_96
//Subjects=29
24  58  28 
-2  -80  6 
12  12  -22 
22  8  56 
28  28  -4 
-2  -88  -6 
-48  -22  24 
-14  -64  32 

//Reference=MNI 
//nullstudy_97
//Subjects=30
6  62  -2 
-6  -76  44 
16  36  52 
16  54  42 
-52  -36  -14 
-36  -54  38 
-6  8  30 
12  2  -2 

//Reference=MNI 
//nullstudy_98
//Subjects=30
0  18  42 
-14  6  -38 
-26  -6  44 
4  18  34 
-32  18  58 
-20  -34  -36 
-8  46  54 
-46  -70  -32 

//Reference=MNI 
//nullstudy_99
//Subjects=30
-20  -44  70 
42  6  -44 
-20  -30  24 
8  52  14 
-34  -88  -14 
-14  -62  -14 
-20  -78  -52 
-4  -64  -48 

//Reference=MNI 
//nullstudy_100
//Subjects=28
-50  -24  -16 
-20  70  4 
12  48  50 
-30  -64  -24 
22  8  -12 
-18  30  -22 
26  48  28 
-12  22  6 

