//Reference=MNI 
//truestudy_1
//Subjects=31
45  -67  -5 
47  -68  -5 
46  -66  -8 
47  -67  -5 
45  -65  -5 
47  -65  -6 
45  -66  -4 
46  -67  -6 

//Reference=MNI 
//truestudy_2
//Subjects=30
46  -67  -6 
46  -66  -5 
46  -64  -5 
47  -66  -6 
46  -65  -7 
47  -65  -6 
45  -65  -6 
46  -65  -6 

//Reference=MNI 
//truestudy_3
//Subjects=31
46  -66  -5 
45  -65  -6 
47  -66  -6 
46  -65  -5 
45  -67  -4 
47  -64  -6 
46  -66  -6 
46  -66  -6 

//Reference=MNI 
//nullstudy_1
//Subjects=31
-62  -24  -30 
-44  24  22 
38  34  4 
-34  -24  54 
-8  -8  -24 
34  48  16 
-12  -50  -54 
-50  2  36 

//Reference=MNI 
//nullstudy_2
//Subjects=30
-12  34  16 
-40  52  24 
0  48  16 
34  22  26 
-6  34  18 
42  10  38 
-14  -60  -8 
-6  46  0 

//Reference=MNI 
//nullstudy_3
//Subjects=31
-18  46  24 
-38  -82  -14 
-54  -10  18 
18  70  6 
-34  -26  -18 
56  6  40 
48  42  2 
26  64  8 

//Reference=MNI 
//nullstudy_4
//Subjects=30
-10  -48  -44 
-6  22  68 
-4  -32  -22 
-2  60  0 
-38  -72  44 
-54  -76  12 
-46  -36  52 
-18  -46  12 

//Reference=MNI 
//nullstudy_5
//Subjects=30
-34  -86  -10 
-18  -46  0 
-50  -30  -10 
-2  20  38 
-10  -10  70 
-24  -96  -8 
28  36  22 
18  18  -24 

//Reference=MNI 
//nullstudy_6
//Subjects=31
-28  -76  22 
-4  -14  -10 
-38  -46  -10 
10  54  46 
-68  -26  -20 
-8  -60  -54 
52  24  4 
12  10  -16 

//Reference=MNI 
//nullstudy_7
//Subjects=29
-2  -98  24 
34  56  28 
-4  -14  -16 
38  26  32 
-8  -66  16 
32  16  50 
6  16  -20 
-8  62  6 

//Reference=MNI 
//nullstudy_8
//Subjects=30
-12  2  -14 
-36  -4  46 
-18  -12  56 
54  18  -6 
-32  -62  -60 
-16  -30  36 
-8  34  -10 
18  50  -18 

//Reference=MNI 
//nullstudy_9
//Subjects=32
-22  -60  6 
-16  -14  18 
-42  22  -4 
-20  12  4 
-64  -40  20 
-44  -68  -28 
30  18  -12 
-56  -26  12 

//Reference=MNI 
//nullstudy_10
//Subjects=30
-26  0  6 
-28  -36  -44 
8  32  26 
-12  -54  -32 
60  6  -16 
-14  26  48 
-50  -4  -20 
-16  20  -8 

//Reference=MNI 
//nullstudy_11
//Subjects=30
-42  14  -16 
-58  -64  24 
-42  34  -20 
-16  -44  -62 
-8  -54  74 
-10  36  -8 
-46  -4  -12 
-34  -40  -42 

//Reference=MNI 
//nullstudy_12
//Subjects=30
-16  -54  8 
-46  -2  -48 
30  12  32 
-50  -2  18 
-32  -64  44 
-46  44  -4 
-22  -82  30 
-12  -72  16 

//Reference=MNI 
//nullstudy_13
//Subjects=31
-44  40  16 
-22  36  42 
56  18  18 
18  50  38 
-16  -56  -50 
-14  -84  -44 
-16  70  12 
-26  -82  -18 

//Reference=MNI 
//nullstudy_14
//Subjects=30
-10  46  -6 
-6  -66  -58 
6  10  10 
-2  46  36 
-60  10  32 
-56  -62  6 
-34  -62  34 
24  4  72 

//Reference=MNI 
//nullstudy_15
//Subjects=30
-18  -30  -12 
-48  -10  12 
46  30  32 
-26  54  -2 
-30  -66  46 
-18  -12  -12 
-58  -64  -18 
-34  -54  -54 

//Reference=MNI 
//nullstudy_16
//Subjects=29
-38  -20  -34 
-4  -66  -18 
-22  -82  -16 
12  24  12 
-42  0  16 
-56  -32  44 
-6  -34  -36 
-54  -36  38 

//Reference=MNI 
//nullstudy_17
//Subjects=31
-58  -36  16 
-24  26  54 
-26  -52  -30 
-40  26  -26 
-38  0  -10 
-12  -82  -34 
-40  38  -12 
-12  28  58 

//Reference=MNI 
//nullstudy_18
//Subjects=28
-16  -94  -8 
-44  -54  34 
-52  2  -4 
2  18  26 
-38  -8  -4 
-58  0  2 
-18  14  -22 
-30  -10  48 

//Reference=MNI 
//nullstudy_19
//Subjects=30
-4  -30  -50 
40  22  -40 
-44  30  24 
-42  54  -6 
-24  58  10 
-56  20  18 
-16  -34  -24 
36  8  -16 

//Reference=MNI 
//nullstudy_20
//Subjects=29
-52  -34  8 
-6  -20  10 
50  26  10 
-30  -68  -20 
-40  -62  22 
-56  -38  36 
44  58  4 
-4  56  -12 

//Reference=MNI 
//nullstudy_21
//Subjects=30
-30  18  36 
-62  -40  32 
-52  -44  24 
-50  -26  -22 
-44  -30  52 
-2  18  56 
-38  30  46 
-38  -10  -16 

//Reference=MNI 
//nullstudy_22
//Subjects=31
-54  -62  0 
4  62  36 
4  8  48 
24  2  60 
-36  10  12 
-6  38  2 
-28  -12  66 
8  12  -20 

//Reference=MNI 
//nullstudy_23
//Subjects=28
-34  -2  -42 
-10  -46  -10 
40  20  -42 
24  46  8 
-14  -74  18 
-46  32  -6 
54  12  6 
-6  -2  46 

//Reference=MNI 
//nullstudy_24
//Subjects=31
-8  -46  8 
-8  -84  -2 
-20  -28  10 
-32  -66  30 
-46  -74  -4 
-20  56  0 
46  10  -38 
-62  2  34 

//Reference=MNI 
//nullstudy_25
//Subjects=31
-46  -42  26 
-38  -64  -52 
-2  -46  -68 
30  52  8 
-20  -62  -44 
-24  6  -20 
-2  -48  -42 
40  46  4 

//Reference=MNI 
//nullstudy_26
//Subjects=31
32  18  50 
-8  -36  60 
28  44  12 
-28  44  20 
-26  6  56 
16  4  72 
-16  -34  -44 
28  56  -8 

//Reference=MNI 
//nullstudy_27
//Subjects=29
18  46  -18 
-60  -34  38 
10  2  16 
-30  -66  4 
-36  -4  -4 
24  68  6 
-4  -22  -6 
-52  0  -10 

//Reference=MNI 
//nullstudy_28
//Subjects=30
-34  -18  -40 
50  18  -10 
10  46  34 
-2  -48  12 
-32  -70  18 
2  62  0 
-54  24  4 
-28  18  52 

//Reference=MNI 
//nullstudy_29
//Subjects=30
22  10  2 
-50  -20  -26 
-32  0  -2 
10  52  20 
-12  30  58 
-38  -4  32 
-8  -32  36 
60  12  0 

//Reference=MNI 
//nullstudy_30
//Subjects=32
-4  -2  30 
-32  58  14 
22  6  72 
-36  -76  28 
-6  -10  4 
-62  -16  -6 
36  40  24 
16  26  62 

//Reference=MNI 
//nullstudy_31
//Subjects=30
20  48  20 
-6  -18  78 
-42  14  56 
-20  -62  44 
-6  -18  -36 
-10  56  -20 
-36  -10  20 
6  66  24 

//Reference=MNI 
//nullstudy_32
//Subjects=29
-34  18  -12 
-34  -72  36 
-40  -2  -2 
-10  58  -4 
48  42  -16 
-36  -52  -20 
20  16  -20 
44  58  4 

//Reference=MNI 
//nullstudy_33
//Subjects=31
4  42  38 
-38  -74  26 
-20  -42  22 
-10  -16  66 
16  4  -10 
-46  -34  16 
2  36  -10 
-24  20  -22 

//Reference=MNI 
//nullstudy_34
//Subjects=30
-10  -92  36 
-18  4  -12 
-14  34  24 
-34  48  36 
-36  -64  -26 
-62  -26  8 
-44  -26  8 
-12  -56  -36 

//Reference=MNI 
//nullstudy_35
//Subjects=30
-34  -32  18 
-2  36  -22 
-28  4  62 
-12  -8  56 
-24  -60  -6 
14  32  20 
-54  -74  20 
-24  -90  -28 

//Reference=MNI 
//nullstudy_36
//Subjects=29
-32  4  8 
-10  -100  4 
-38  6  50 
-38  14  58 
56  34  10 
50  28  26 
-48  26  38 
-40  40  2 

//Reference=MNI 
//nullstudy_37
//Subjects=29
-26  -6  -44 
44  22  -20 
-4  40  6 
-44  -22  20 
-66  -14  26 
-56  -50  -32 
-60  -14  30 
4  34  42 

//Reference=MNI 
//nullstudy_38
//Subjects=31
-6  -72  -42 
-22  -62  30 
-30  10  -24 
-44  -72  -40 
-50  -6  56 
-12  14  -14 
22  28  48 
44  8  -36 

//Reference=MNI 
//nullstudy_39
//Subjects=33
-38  -26  -20 
-40  44  28 
56  8  -36 
44  12  16 
-16  8  14 
-22  22  -28 
-32  -64  -24 
-14  -22  68 

//Reference=MNI 
//nullstudy_40
//Subjects=30
-34  -4  -16 
-10  38  52 
-16  -54  -20 
-14  66  -4 
-68  -28  -10 
-28  -36  -24 
-6  -86  -30 
-48  -84  12 

//Reference=MNI 
//nullstudy_41
//Subjects=29
-28  12  12 
-56  -4  -30 
4  46  -18 
22  56  -10 
-12  -48  50 
-20  66  10 
10  24  50 
-32  -26  56 

//Reference=MNI 
//nullstudy_42
//Subjects=31
-34  -60  -62 
4  38  -2 
-40  44  -18 
-38  2  32 
-4  -42  38 
-4  40  -18 
-36  20  46 
-14  22  -10 

//Reference=MNI 
//nullstudy_43
//Subjects=30
-32  -82  -38 
-34  28  -16 
-2  -72  28 
46  2  40 
50  6  48 
2  2  74 
-34  -36  -18 
-64  -22  42 

//Reference=MNI 
//nullstudy_44
//Subjects=30
-36  10  52 
-34  38  30 
26  60  10 
-4  50  -28 
-2  -58  -52 
-42  -2  4 
-6  66  -16 
-26  28  -20 

//Reference=MNI 
//nullstudy_45
//Subjects=31
-28  4  -22 
-4  -24  -12 
-46  -54  -18 
-6  -86  -12 
-10  -16  20 
-8  -80  44 
30  22  10 
10  34  -24 

//Reference=MNI 
//nullstudy_46
//Subjects=29
-44  -78  -2 
-28  28  -16 
-14  -42  4 
-14  -40  78 
-18  -2  60 
-30  6  -26 
4  52  -4 
40  10  -36 

//Reference=MNI 
//nullstudy_47
//Subjects=29
-12  -76  50 
-50  -48  58 
40  12  -44 
-38  -12  40 
-32  18  -30 
44  4  8 
-24  26  -2 
-6  -2  8 

//Reference=MNI 
//nullstudy_48
//Subjects=31
4  28  64 
-14  -28  -18 
-24  66  8 
-4  -14  20 
-46  -38  28 
-2  -20  78 
-58  8  4 
-22  54  -10 

//Reference=MNI 
//nullstudy_49
//Subjects=31
-2  -60  -12 
66  2  0 
48  30  30 
-28  -64  -50 
-20  56  2 
34  8  16 
18  8  56 
-2  -30  50 

//Reference=MNI 
//nullstudy_50
//Subjects=30
-50  -32  0 
12  16  42 
-30  52  4 
-42  -26  44 
28  52  -8 
-40  54  0 
10  44  -20 
-16  -22  70 

//Reference=MNI 
//nullstudy_51
//Subjects=29
-22  -12  56 
-4  -36  -60 
-34  -94  -6 
40  24  -16 
-30  10  8 
-12  -74  58 
-34  -10  -32 
-60  -12  -4 

//Reference=MNI 
//nullstudy_52
//Subjects=29
-38  -56  -56 
-24  -98  -4 
-32  -6  58 
8  54  26 
-30  -86  32 
-12  0  54 
22  22  -24 
-42  14  46 

//Reference=MNI 
//nullstudy_53
//Subjects=30
-12  24  60 
-42  20  8 
-8  -18  10 
-20  -74  -24 
4  36  -12 
-44  -40  46 
-16  -50  -64 
-4  -78  12 

//Reference=MNI 
//nullstudy_54
//Subjects=31
-32  6  56 
20  2  50 
-6  18  -10 
-2  -60  -60 
-2  42  -22 
12  8  8 
2  12  48 
4  58  22 

//Reference=MNI 
//nullstudy_55
//Subjects=30
-42  -20  66 
8  16  -24 
-10  2  -18 
-2  -46  -16 
-14  -70  50 
-4  -80  -20 
-6  -94  -12 
-52  -70  6 

//Reference=MNI 
//nullstudy_56
//Subjects=30
-40  -44  -10 
-36  40  -16 
8  10  28 
-56  -14  -42 
-28  -38  -48 
-50  -70  10 
8  30  50 
-18  -36  -16 

//Reference=MNI 
//nullstudy_57
//Subjects=30
-24  -78  -28 
-8  -82  20 
12  52  28 
-32  -10  -38 
-14  -16  48 
-28  2  -42 
-28  -70  36 
-34  -4  8 

//Reference=MNI 
//nullstudy_58
//Subjects=30
-28  -20  -22 
0  44  -24 
-10  -22  -36 
10  8  -4 
-40  -74  -50 
-66  -44  -10 
-26  -4  -2 
14  52  6 

//Reference=MNI 
//nullstudy_59
//Subjects=32
-36  -28  -26 
-8  -52  -30 
-22  -56  -22 
26  6  64 
-50  -12  -26 
-14  -58  6 
-18  66  10 
24  28  42 

//Reference=MNI 
//nullstudy_60
//Subjects=30
12  14  4 
-32  4  8 
-52  -6  -30 
56  28  20 
-2  -30  -4 
-14  20  -20 
14  70  10 
-16  -106  -8 

//Reference=MNI 
//nullstudy_61
//Subjects=30
-10  18  -4 
-38  -34  54 
-16  14  -18 
-52  -46  10 
-54  38  2 
-20  -54  0 
-2  -62  52 
-64  -46  14 

//Reference=MNI 
//nullstudy_62
//Subjects=30
-24  -62  -34 
-38  -70  -50 
-22  40  20 
-24  -86  36 
2  46  10 
32  38  26 
-6  68  0 
40  16  2 

//Reference=MNI 
//nullstudy_63
//Subjects=30
20  4  68 
12  2  10 
-20  -44  6 
-46  -30  -4 
-58  8  -4 
-44  -46  6 
30  4  4 
-8  -36  52 

//Reference=MNI 
//nullstudy_64
//Subjects=31
-38  6  32 
36  16  -28 
-2  -24  52 
-52  -14  -16 
-4  20  54 
-62  -10  8 
-8  -38  24 
0  18  24 

//Reference=MNI 
//nullstudy_65
//Subjects=32
-50  -54  4 
24  12  -44 
-28  -38  68 
-10  30  -8 
20  36  -12 
-2  60  0 
46  4  42 
-28  24  34 

//Reference=MNI 
//nullstudy_66
//Subjects=30
-34  62  -8 
-40  -34  62 
-40  -44  -14 
-32  -42  42 
-52  -36  36 
28  36  34 
-54  -40  0 
-12  42  -2 

//Reference=MNI 
//nullstudy_67
//Subjects=31
-40  -30  48 
-16  42  30 
-46  48  -12 
-28  -70  -26 
-48  -68  -42 
-14  -68  -40 
-12  -64  -24 
-26  -40  -16 

//Reference=MNI 
//nullstudy_68
//Subjects=29
-62  -28  36 
-8  6  -6 
-8  14  42 
-44  36  -2 
-58  -32  -2 
-64  -32  -2 
-60  -34  48 
52  2  20 

//Reference=MNI 
//nullstudy_69
//Subjects=31
-38  -14  14 
48  4  -42 
-44  -34  -16 
-52  -32  -22 
-34  -8  -2 
36  44  10 
-22  -10  -38 
26  16  64 

//Reference=MNI 
//nullstudy_70
//Subjects=30
-34  22  32 
-2  24  -16 
44  26  24 
-18  18  42 
-24  -78  26 
-48  0  46 
-22  -42  58 
12  8  12 

//Reference=MNI 
//nullstudy_71
//Subjects=29
-32  18  -36 
-46  48  12 
-6  54  40 
-30  56  2 
-10  -48  -28 
-14  -54  58 
-60  -8  -6 
-14  -68  -20 

//Reference=MNI 
//nullstudy_72
//Subjects=30
36  50  2 
20  36  48 
-28  -74  -44 
-24  -44  46 
-50  -66  8 
-36  16  -20 
-60  -38  12 
50  6  16 

//Reference=MNI 
//nullstudy_73
//Subjects=31
-30  -40  42 
-50  -4  0 
-52  -14  -8 
14  56  -14 
-12  60  36 
-22  6  -34 
-10  -10  -32 
-24  -84  4 

//Reference=MNI 
//nullstudy_74
//Subjects=29
-4  -50  10 
-48  -22  50 
-42  -74  -10 
-14  -46  58 
-52  -22  -20 
40  2  -20 
-52  14  36 
-12  -2  -24 

//Reference=MNI 
//nullstudy_75
//Subjects=30
-22  -32  -32 
-50  4  -2 
42  10  -6 
-16  6  -12 
38  14  -24 
-2  -78  -42 
-42  -80  24 
4  54  40 

//Reference=MNI 
//nullstudy_76
//Subjects=30
-44  -48  -12 
-18  34  -18 
-14  -50  -46 
-10  -22  4 
-54  26  26 
-48  34  -2 
-44  -18  -38 
-50  -28  48 

//Reference=MNI 
//nullstudy_77
//Subjects=29
-38  -82  -4 
-18  -54  72 
-52  -14  40 
-38  -16  34 
-42  -42  18 
40  22  -34 
42  4  -30 
-50  24  24 

//Reference=MNI 
//nullstudy_78
//Subjects=30
-22  -40  -34 
30  22  48 
-2  -44  -14 
18  28  52 
-16  -100  6 
-4  22  44 
-30  -40  -28 
-48  -74  -34 

//Reference=MNI 
//nullstudy_79
//Subjects=32
-24  -90  10 
58  14  -6 
-26  36  44 
42  2  -42 
36  4  -34 
-42  48  2 
-10  10  34 
-16  -62  18 

//Reference=MNI 
//nullstudy_80
//Subjects=31
-20  -10  60 
-60  -16  -4 
-56  -28  26 
-12  -32  44 
42  38  10 
-48  -24  40 
-18  -88  6 
44  20  42 

//Reference=MNI 
//nullstudy_81
//Subjects=29
-32  20  26 
-26  -68  28 
34  24  -20 
-50  -18  8 
-26  -48  68 
22  48  8 
18  56  -22 
40  28  0 

//Reference=MNI 
//nullstudy_82
//Subjects=31
-50  -16  -28 
-10  2  50 
-8  0  -8 
-46  14  24 
-24  52  2 
-12  -2  12 
-26  2  -50 
-44  -18  58 

//Reference=MNI 
//nullstudy_83
//Subjects=30
-18  -64  20 
-34  2  -42 
-14  -32  34 
-62  -10  -2 
30  58  4 
14  10  4 
20  48  38 
30  54  28 

//Reference=MNI 
//nullstudy_84
//Subjects=30
-18  -90  0 
26  6  70 
-58  26  10 
-40  -4  14 
-28  -18  -38 
-44  12  -16 
-16  -36  -4 
-44  4  12 

//Reference=MNI 
//nullstudy_85
//Subjects=29
-52  -70  18 
-10  -56  48 
-22  -36  -22 
20  10  56 
-38  -16  48 
-16  -28  -2 
-2  -50  -54 
54  10  2 

//Reference=MNI 
//nullstudy_86
//Subjects=29
14  50  16 
-2  46  -20 
-50  -44  10 
-58  -14  32 
-36  26  -6 
-38  -10  -40 
-60  -34  38 
-38  -60  30 

//Reference=MNI 
//nullstudy_87
//Subjects=29
52  46  6 
-20  -66  -28 
-20  -74  16 
-12  46  24 
-54  32  6 
54  22  18 
-38  -42  -16 
-62  -44  6 

//Reference=MNI 
//nullstudy_88
//Subjects=32
42  40  2 
-46  18  -24 
18  2  -4 
8  40  42 
-30  -60  30 
-6  -18  -10 
44  4  26 
34  48  16 

//Reference=MNI 
//nullstudy_89
//Subjects=29
-28  8  -2 
-34  -38  60 
12  44  -28 
42  34  38 
-40  10  -20 
-8  -56  -56 
-30  42  4 
64  6  16 

//Reference=MNI 
//nullstudy_90
//Subjects=30
10  20  68 
-10  -84  -8 
-28  -10  -40 
-30  -22  -22 
16  4  74 
12  32  24 
-24  62  20 
-44  -32  14 

//Reference=MNI 
//nullstudy_91
//Subjects=29
-48  30  -16 
46  26  10 
-48  -30  40 
20  68  8 
-2  -58  44 
-52  -62  34 
-68  -34  30 
18  4  24 

//Reference=MNI 
//nullstudy_92
//Subjects=30
-36  -80  16 
-60  -62  -18 
-2  -42  14 
-20  -10  58 
-8  -34  66 
40  44  -4 
6  8  -14 
-8  -36  -24 

//Reference=MNI 
//nullstudy_93
//Subjects=30
-32  -12  62 
12  44  -28 
-2  -54  -56 
-34  46  6 
-14  56  -20 
28  20  -10 
20  2  -8 
-26  -44  66 

//Reference=MNI 
//nullstudy_94
//Subjects=30
-14  -66  -52 
54  8  2 
-2  -60  -42 
-14  -46  -46 
-50  -66  -24 
-52  -22  6 
-40  -2  -50 
-12  -36  58 

//Reference=MNI 
//nullstudy_95
//Subjects=30
-10  -4  12 
28  20  -14 
16  14  62 
32  18  62 
-12  -56  26 
-6  4  8 
-50  -50  -14 
-4  -66  -54 

//Reference=MNI 
//nullstudy_96
//Subjects=32
-26  -50  44 
-40  -80  -4 
-30  52  -10 
-14  2  -14 
-38  -28  -22 
-42  36  12 
-6  -74  -32 
-14  40  -18 

//Reference=MNI 
//nullstudy_97
//Subjects=31
-12  -36  50 
-10  46  8 
-6  -2  32 
-46  -10  28 
40  18  10 
22  40  52 
-12  48  10 
62  16  2 

//Reference=MNI 
//nullstudy_98
//Subjects=32
-26  -68  -62 
-4  36  16 
-36  20  6 
-24  -88  10 
-30  28  -14 
-32  4  12 
-10  -8  -28 
-56  -22  -30 

//Reference=MNI 
//nullstudy_99
//Subjects=29
-28  52  26 
-18  62  -14 
-54  -38  -4 
52  2  54 
-34  10  58 
-50  34  26 
4  32  10 
28  20  42 

//Reference=MNI 
//nullstudy_100
//Subjects=29
38  20  48 
-28  2  -48 
-38  52  -2 
-32  -52  32 
-50  36  2 
-16  10  58 
8  20  36 
-28  -26  64 

