//Reference=MNI 
//truestudy_1
//Subjects=30
46  -66  -6 
47  -66  -7 
45  -67  -7 
44  -66  -5 
46  -67  -6 
47  -66  -6 
46  -67  -5 
45  -65  -7 

//Reference=MNI 
//truestudy_2
//Subjects=29
45  -67  -6 
47  -65  -6 
47  -67  -6 
45  -65  -6 
45  -65  -6 
47  -66  -9 
44  -66  -5 
46  -67  -5 

//Reference=MNI 
//truestudy_3
//Subjects=29
48  -65  -6 
48  -67  -6 
46  -67  -7 
47  -67  -7 
45  -66  -5 
46  -66  -6 
45  -66  -8 
47  -65  -6 

//Reference=MNI 
//nullstudy_1
//Subjects=30
40  24  10 
-42  -58  28 
-14  -84  -50 
-56  -20  -30 
2  32  -8 
-2  -76  36 
10  8  2 
-32  -42  -18 

//Reference=MNI 
//nullstudy_2
//Subjects=29
-14  -32  -26 
-44  -66  44 
-30  -82  26 
-64  -20  -8 
-38  -50  -50 
-28  4  58 
-48  -80  -18 
-36  -6  -4 

//Reference=MNI 
//nullstudy_3
//Subjects=29
-4  26  48 
-48  -58  50 
44  36  4 
-46  -12  56 
-46  -8  -42 
-38  -86  -2 
-58  4  -20 
32  36  40 

//Reference=MNI 
//nullstudy_4
//Subjects=29
-6  -86  -4 
-56  -40  -18 
-36  -60  50 
10  60  20 
-30  6  4 
-30  8  32 
14  24  -14 
-52  -24  -28 

//Reference=MNI 
//nullstudy_5
//Subjects=30
-64  -2  0 
-58  -54  26 
6  60  4 
-14  14  68 
-44  -64  4 
34  6  54 
-22  4  60 
10  56  8 

//Reference=MNI 
//nullstudy_6
//Subjects=29
14  44  52 
-30  -30  64 
-18  -84  -8 
0  6  54 
10  66  28 
-14  54  32 
26  32  26 
14  46  -12 

//Reference=MNI 
//nullstudy_7
//Subjects=28
0  62  -4 
-54  -62  -38 
2  32  34 
34  50  -12 
-58  -44  12 
28  56  -8 
-8  -28  12 
-2  -4  40 

//Reference=MNI 
//nullstudy_8
//Subjects=30
10  56  24 
-56  -34  -2 
-64  2  14 
-52  -58  -14 
12  22  -14 
-14  -88  36 
38  48  -2 
-22  66  10 

//Reference=MNI 
//nullstudy_9
//Subjects=28
38  16  -32 
-20  36  40 
8  34  8 
-38  -38  -18 
42  42  6 
-8  8  -16 
18  68  -8 
50  16  -30 

//Reference=MNI 
//nullstudy_10
//Subjects=30
-68  -30  30 
30  10  8 
56  26  22 
-24  6  -36 
-38  28  32 
-4  46  38 
24  46  40 
-4  52  28 

//Reference=MNI 
//nullstudy_11
//Subjects=31
-42  16  -30 
-18  2  24 
60  26  12 
-48  38  -20 
-30  -40  -48 
-10  18  0 
-36  -74  34 
-22  -64  -2 

//Reference=MNI 
//nullstudy_12
//Subjects=29
32  14  2 
6  28  40 
22  52  -8 
-12  -44  36 
-40  -74  -22 
44  36  28 
-8  -60  2 
-20  -76  30 

//Reference=MNI 
//nullstudy_13
//Subjects=29
14  24  -26 
-38  0  54 
-20  0  -4 
-2  54  4 
-42  6  2 
-10  6  -14 
-32  -26  62 
64  8  8 

//Reference=MNI 
//nullstudy_14
//Subjects=30
38  40  10 
-20  -68  -28 
-4  -70  62 
0  12  66 
44  36  14 
-42  6  26 
-22  -48  12 
-62  -20  20 

//Reference=MNI 
//nullstudy_15
//Subjects=27
58  32  0 
-16  -74  -26 
-12  4  76 
-64  -20  24 
42  38  22 
-10  -48  -48 
-2  32  38 
24  26  62 

//Reference=MNI 
//nullstudy_16
//Subjects=30
-4  56  -18 
-46  -32  -24 
-48  -66  -2 
-38  -68  -14 
40  6  -10 
-34  -66  26 
-4  -60  6 
-48  -70  -6 

//Reference=MNI 
//nullstudy_17
//Subjects=31
-40  -42  22 
24  48  16 
-4  16  56 
-48  32  -4 
-34  20  -34 
28  20  -24 
6  44  52 
36  50  -8 

//Reference=MNI 
//nullstudy_18
//Subjects=29
-36  58  12 
44  44  -10 
12  60  -22 
-32  38  18 
-8  34  14 
-2  54  -16 
-22  -50  52 
-24  46  12 

//Reference=MNI 
//nullstudy_19
//Subjects=31
-50  -18  8 
-2  -30  16 
-34  -52  -12 
-2  -58  34 
6  70  8 
-20  -68  -4 
-40  -8  58 
-22  -80  42 

//Reference=MNI 
//nullstudy_20
//Subjects=29
-58  -30  10 
-48  -48  30 
-22  14  68 
56  14  24 
-18  -26  -32 
-28  -54  0 
-18  34  44 
32  22  -36 

//Reference=MNI 
//nullstudy_21
//Subjects=31
-64  -28  -8 
-70  -26  -4 
-30  10  48 
-46  12  -14 
24  46  40 
-16  -92  20 
-24  -42  12 
-4  22  -20 

//Reference=MNI 
//nullstudy_22
//Subjects=29
-12  28  4 
36  52  2 
-8  64  -14 
-38  -12  0 
-34  2  -30 
-8  -10  12 
-46  32  22 
16  58  28 

//Reference=MNI 
//nullstudy_23
//Subjects=30
-16  28  -6 
-58  2  -10 
-34  -34  56 
6  16  14 
-22  -20  70 
-8  -56  46 
18  12  -8 
-8  32  38 

//Reference=MNI 
//nullstudy_24
//Subjects=32
-4  -32  -28 
-28  -34  66 
14  10  -16 
-12  -88  40 
-30  -12  56 
8  4  -22 
-30  -90  -22 
-24  -32  66 

//Reference=MNI 
//nullstudy_25
//Subjects=31
-8  -92  18 
-10  -86  28 
28  32  48 
-32  -32  58 
-10  10  18 
-12  -28  44 
-44  2  34 
-14  66  20 

//Reference=MNI 
//nullstudy_26
//Subjects=29
-32  -66  60 
-24  -90  -30 
-14  -26  62 
-32  -76  -44 
-38  56  -12 
-18  -84  16 
-38  -12  18 
22  10  -26 

//Reference=MNI 
//nullstudy_27
//Subjects=30
-34  -70  32 
-6  -10  64 
38  30  38 
-8  -28  42 
-18  -8  -38 
32  6  4 
-8  46  -20 
-24  -44  -26 

//Reference=MNI 
//nullstudy_28
//Subjects=30
-18  -40  -36 
-36  16  -10 
-70  -24  -2 
-26  44  8 
-22  -68  26 
46  32  2 
-12  -46  -64 
-36  56  4 

//Reference=MNI 
//nullstudy_29
//Subjects=32
-18  -96  28 
-8  -92  14 
-18  -62  -18 
-48  -72  20 
-6  -16  -36 
-4  -36  54 
-36  -94  0 
-22  60  -4 

//Reference=MNI 
//nullstudy_30
//Subjects=30
-16  -76  -16 
-38  -26  22 
-46  10  -18 
60  2  40 
-54  18  -8 
-16  -100  6 
-16  -90  14 
36  40  28 

//Reference=MNI 
//nullstudy_31
//Subjects=29
-12  36  -24 
-10  -30  -40 
-32  2  60 
46  20  -24 
-52  -80  10 
-66  -32  22 
-50  -26  -30 
-10  64  2 

//Reference=MNI 
//nullstudy_32
//Subjects=29
-12  -72  18 
8  26  -28 
-54  -60  -36 
-58  -68  24 
-36  -50  -26 
12  14  18 
-36  -44  60 
-28  -60  36 

//Reference=MNI 
//nullstudy_33
//Subjects=30
-28  -84  -34 
44  14  -2 
-12  8  38 
6  6  28 
48  26  -8 
-24  -70  14 
-20  -98  -10 
22  8  -26 

//Reference=MNI 
//nullstudy_34
//Subjects=28
-22  8  70 
-6  26  64 
-14  -2  76 
50  14  -38 
58  10  36 
-24  42  14 
-60  -8  40 
12  6  48 

//Reference=MNI 
//nullstudy_35
//Subjects=30
-34  4  -36 
-6  -54  14 
-32  46  -12 
-2  24  26 
-44  -4  14 
58  8  8 
-60  -18  42 
-14  -94  -4 

//Reference=MNI 
//nullstudy_36
//Subjects=28
-40  38  -14 
-2  -62  -52 
-6  -62  -44 
-28  -12  -6 
34  4  -8 
-6  -20  10 
-6  -20  -32 
-14  -18  76 

//Reference=MNI 
//nullstudy_37
//Subjects=29
-4  -82  -24 
-34  10  50 
-44  8  -46 
-32  32  44 
-38  8  -34 
-30  -62  56 
-20  22  48 
-4  -76  56 

//Reference=MNI 
//nullstudy_38
//Subjects=30
-48  -44  -12 
54  4  -22 
-24  4  -44 
-46  -30  -26 
-44  -58  -44 
-36  -78  42 
-24  32  24 
-64  -46  14 

//Reference=MNI 
//nullstudy_39
//Subjects=29
-60  -16  32 
-42  -14  20 
-34  16  26 
-58  -68  -4 
-38  -44  48 
-14  -58  -26 
-42  -42  44 
-10  -52  66 

//Reference=MNI 
//nullstudy_40
//Subjects=32
-36  6  -4 
-14  28  58 
56  26  32 
14  4  42 
-50  -12  50 
56  4  20 
-46  -6  0 
-14  -34  46 

//Reference=MNI 
//nullstudy_41
//Subjects=29
-34  38  30 
-2  -50  42 
-32  -52  -30 
-34  8  58 
-36  -94  -2 
-42  -16  60 
-62  -32  -12 
44  6  40 

//Reference=MNI 
//nullstudy_42
//Subjects=30
-54  12  0 
-50  40  14 
-16  -24  16 
-2  44  -24 
28  22  48 
-8  -72  10 
0  40  40 
-4  -32  -24 

//Reference=MNI 
//nullstudy_43
//Subjects=31
30  22  -22 
-38  4  -30 
50  4  42 
-32  -94  -16 
-56  -34  -24 
16  66  -2 
-64  -14  26 
-14  -54  -22 

//Reference=MNI 
//nullstudy_44
//Subjects=29
-54  -52  6 
12  20  -22 
-20  -26  78 
38  28  32 
-40  -52  -18 
-14  46  -20 
2  14  56 
-4  64  10 

//Reference=MNI 
//nullstudy_45
//Subjects=30
-6  -8  4 
-18  36  40 
-8  -60  16 
-32  14  -22 
-44  6  58 
-36  -30  66 
-4  18  -12 
-46  36  28 

//Reference=MNI 
//nullstudy_46
//Subjects=30
34  20  34 
44  46  -6 
-8  -66  -44 
-44  54  -4 
28  44  36 
44  8  -2 
-54  -24  42 
30  14  56 

//Reference=MNI 
//nullstudy_47
//Subjects=29
-8  -48  62 
-10  66  24 
36  20  22 
-32  -68  48 
-44  -4  -42 
-10  -14  24 
-24  -64  44 
-6  -56  68 

//Reference=MNI 
//nullstudy_48
//Subjects=31
-34  56  -16 
-64  -38  -14 
-60  -54  14 
-26  -76  42 
-50  -54  -4 
-56  -16  38 
52  16  10 
-42  36  -22 

//Reference=MNI 
//nullstudy_49
//Subjects=30
48  10  4 
-18  -92  12 
-44  14  22 
2  6  66 
-30  -2  -46 
-4  -20  12 
-22  30  -26 
-36  2  2 

//Reference=MNI 
//nullstudy_50
//Subjects=30
-6  -60  -46 
-66  -34  2 
-14  -76  -44 
-12  -92  -32 
-40  -18  6 
-20  -4  -30 
-52  -32  50 
-28  -42  44 

//Reference=MNI 
//nullstudy_51
//Subjects=29
-20  40  42 
2  54  32 
34  10  60 
-20  56  14 
6  4  -28 
54  18  36 
4  66  22 
-60  4  24 

//Reference=MNI 
//nullstudy_52
//Subjects=28
-24  50  -16 
-44  -66  36 
-26  -64  32 
-28  -50  66 
-60  -16  -32 
-50  -14  54 
-12  2  62 
-16  -96  -26 

//Reference=MNI 
//nullstudy_53
//Subjects=30
-66  -12  18 
34  54  10 
-34  26  12 
-28  -64  40 
-16  -66  -28 
-24  -56  46 
-34  44  -10 
-22  -64  20 

//Reference=MNI 
//nullstudy_54
//Subjects=30
-18  -28  -20 
-24  -46  -54 
20  10  2 
-46  -60  -40 
-56  6  -20 
-32  8  28 
-16  -24  42 
16  8  62 

//Reference=MNI 
//nullstudy_55
//Subjects=30
-14  -24  -32 
-12  -94  28 
62  10  8 
-10  54  26 
-20  -60  40 
-18  38  50 
-62  -52  -10 
50  14  -28 

//Reference=MNI 
//nullstudy_56
//Subjects=30
-64  -34  -4 
18  46  -20 
-24  -44  14 
-2  -30  72 
-40  -20  -24 
-2  22  38 
-14  -66  60 
-54  -24  -16 

//Reference=MNI 
//nullstudy_57
//Subjects=29
-50  -34  26 
-34  -70  -50 
-30  20  -4 
20  58  32 
-34  -92  10 
-22  -36  8 
-24  -2  -6 
-34  4  40 

//Reference=MNI 
//nullstudy_58
//Subjects=29
-34  42  -20 
-56  -16  0 
-42  24  -2 
-44  24  -8 
-24  -102  6 
-54  8  -28 
-52  -16  28 
-24  -84  -12 

//Reference=MNI 
//nullstudy_59
//Subjects=31
-50  4  32 
-12  -36  74 
-46  -40  -2 
-50  -46  -30 
-42  20  50 
46  32  -4 
-68  -34  16 
40  10  36 

//Reference=MNI 
//nullstudy_60
//Subjects=29
-46  -18  52 
-46  -26  50 
-6  -60  -30 
-24  -46  48 
-48  2  50 
-58  10  -6 
24  24  -12 
-44  -68  28 

//Reference=MNI 
//nullstudy_61
//Subjects=31
-42  18  52 
-20  -80  42 
-26  -2  64 
-20  -48  -34 
16  18  -12 
-22  -76  56 
-14  24  62 
-26  -88  -4 

//Reference=MNI 
//nullstudy_62
//Subjects=28
-22  52  -12 
28  22  -8 
-46  -64  -42 
-22  30  -22 
-8  -58  66 
-18  52  -14 
-46  26  8 
-38  0  12 

//Reference=MNI 
//nullstudy_63
//Subjects=31
38  8  -42 
-50  14  26 
-12  -6  58 
-26  -62  -14 
-2  -78  26 
-6  -72  -2 
-4  -72  -16 
-26  -48  70 

//Reference=MNI 
//nullstudy_64
//Subjects=31
-8  -86  8 
-4  54  8 
-16  2  -42 
-36  -12  64 
-2  32  -16 
-2  -22  -42 
-20  -82  -34 
14  32  18 

//Reference=MNI 
//nullstudy_65
//Subjects=30
-8  -80  -22 
8  52  -6 
8  60  -2 
-44  -66  38 
-34  -20  4 
-22  -48  -52 
32  24  14 
-40  12  44 

//Reference=MNI 
//nullstudy_66
//Subjects=30
-32  -64  -46 
-16  -66  10 
-36  18  4 
28  34  40 
-12  -22  -2 
30  16  -24 
22  12  -22 
-24  -94  -24 

//Reference=MNI 
//nullstudy_67
//Subjects=30
22  64  26 
-2  -28  26 
28  34  40 
-44  26  20 
-42  8  -18 
-52  12  28 
-2  -18  -20 
-28  6  8 

//Reference=MNI 
//nullstudy_68
//Subjects=33
-54  -56  2 
-18  -96  22 
-4  -62  26 
-26  -24  64 
50  22  -28 
-8  32  40 
-24  -58  -44 
-20  -26  16 

//Reference=MNI 
//nullstudy_69
//Subjects=29
-22  -82  -6 
-52  -24  44 
-2  -50  0 
-6  -68  52 
-24  -50  44 
-44  28  18 
-44  -16  12 
-8  -80  -8 

//Reference=MNI 
//nullstudy_70
//Subjects=29
-60  -4  -30 
-34  2  60 
10  50  6 
-10  36  34 
-40  18  10 
-10  18  -20 
-12  -38  4 
-36  16  22 

//Reference=MNI 
//nullstudy_71
//Subjects=30
-52  -52  22 
-64  -44  34 
-18  -58  46 
-24  4  56 
-18  14  -30 
54  30  2 
-22  -58  50 
-34  10  -4 

//Reference=MNI 
//nullstudy_72
//Subjects=31
-2  -74  -40 
-20  32  36 
-32  8  -46 
-28  -10  0 
-14  -46  -30 
-14  -60  -28 
-14  -32  -36 
-54  -28  -10 

//Reference=MNI 
//nullstudy_73
//Subjects=30
-10  -94  18 
-50  -46  24 
-8  66  4 
12  64  8 
-10  -18  72 
-26  16  10 
-10  -46  50 
-26  -50  -32 

//Reference=MNI 
//nullstudy_74
//Subjects=31
-42  -78  -32 
-48  -18  -10 
-2  -52  -56 
-36  -50  -12 
-12  -74  -56 
-18  -76  -6 
28  44  6 
48  6  38 

//Reference=MNI 
//nullstudy_75
//Subjects=29
-4  -54  0 
2  22  22 
-22  14  44 
22  8  -6 
-22  14  44 
-58  -40  -8 
-12  28  -28 
36  12  -36 

//Reference=MNI 
//nullstudy_76
//Subjects=30
-42  -32  62 
-48  -68  24 
-2  44  -22 
-68  -50  -4 
40  20  50 
-34  -66  -12 
16  26  -24 
14  46  40 

//Reference=MNI 
//nullstudy_77
//Subjects=29
-36  -80  -50 
-12  -32  10 
-44  -14  4 
-44  2  20 
-20  44  -20 
-60  -36  -30 
-60  -62  8 
-24  -66  58 

//Reference=MNI 
//nullstudy_78
//Subjects=29
-24  50  38 
56  10  22 
-30  -2  -4 
-58  -52  34 
-24  40  -16 
-12  52  34 
-14  -100  10 
-42  28  -20 

//Reference=MNI 
//nullstudy_79
//Subjects=31
-16  -76  38 
-34  -44  -44 
-4  -34  -50 
-6  -92  -24 
-14  -80  8 
-6  -40  58 
-22  -50  -6 
-12  -2  -34 

//Reference=MNI 
//nullstudy_80
//Subjects=30
2  62  -4 
18  60  -22 
-16  -88  -16 
-40  -72  -38 
-38  -20  16 
44  22  -30 
-6  -88  -14 
-10  62  30 

//Reference=MNI 
//nullstudy_81
//Subjects=31
-40  -26  24 
18  18  -18 
2  30  -32 
46  30  22 
-38  -40  -16 
-46  20  -24 
-34  -42  -38 
-8  12  36 

//Reference=MNI 
//nullstudy_82
//Subjects=30
-4  -54  34 
-32  -32  40 
-38  -56  22 
-8  -68  64 
-58  -46  0 
-22  60  -16 
-28  -34  -44 
-36  54  -4 

//Reference=MNI 
//nullstudy_83
//Subjects=30
-10  -10  46 
26  32  32 
-32  -90  -22 
-52  14  -16 
-40  -40  -26 
-30  -32  -10 
-12  -64  -40 
-54  2  48 

//Reference=MNI 
//nullstudy_84
//Subjects=30
-10  -48  -22 
-34  18  -24 
-18  40  -26 
-10  -2  -12 
12  48  -10 
-12  28  58 
60  8  -4 
-70  -22  -14 

//Reference=MNI 
//nullstudy_85
//Subjects=29
-32  -80  -12 
-12  -10  -30 
-64  -20  -4 
-30  54  -14 
-4  44  0 
-2  -22  -26 
-30  -40  -48 
-16  -54  70 

//Reference=MNI 
//nullstudy_86
//Subjects=28
-40  -70  30 
-10  -86  42 
28  38  -20 
-22  -10  -34 
50  6  -18 
-30  -66  -30 
-52  -8  44 
-12  -30  50 

//Reference=MNI 
//nullstudy_87
//Subjects=29
-36  -22  -2 
-8  -18  24 
-6  -74  22 
4  60  18 
-20  -48  6 
-32  -78  40 
-16  -80  -22 
-4  70  2 

//Reference=MNI 
//nullstudy_88
//Subjects=31
-2  4  8 
-66  -52  18 
-6  -60  16 
40  26  42 
-22  32  56 
-38  -50  18 
-8  -24  -8 
-26  -74  50 

//Reference=MNI 
//nullstudy_89
//Subjects=32
-16  22  66 
-28  -54  46 
-38  -88  4 
-22  -78  30 
-62  -18  0 
-14  -30  58 
-36  16  2 
-44  -42  -36 

//Reference=MNI 
//nullstudy_90
//Subjects=32
-24  42  44 
-40  -20  58 
40  20  56 
-14  -82  -12 
58  12  30 
-26  -88  -28 
-44  28  -6 
4  2  -4 

//Reference=MNI 
//nullstudy_91
//Subjects=31
-38  -28  38 
-58  -4  16 
-30  -72  -28 
-34  -38  16 
-56  -42  -6 
-2  8  46 
-2  44  20 
-46  -74  -24 

//Reference=MNI 
//nullstudy_92
//Subjects=32
4  62  -14 
-42  12  -8 
-32  -28  -22 
-28  30  56 
-38  -8  -6 
-64  -54  10 
-8  48  -18 
48  32  -6 

//Reference=MNI 
//nullstudy_93
//Subjects=31
-6  -78  -12 
-28  -4  -6 
24  18  4 
-28  -94  24 
30  62  14 
-4  64  6 
-52  -20  -16 
-22  -72  -12 

//Reference=MNI 
//nullstudy_94
//Subjects=28
-34  42  -10 
30  46  32 
-56  -48  -30 
-38  -8  -18 
-54  22  30 
-2  -62  24 
38  6  -42 
-24  -76  16 

//Reference=MNI 
//nullstudy_95
//Subjects=28
-14  54  22 
6  56  -6 
0  62  -4 
36  46  -8 
-24  6  -40 
-48  -16  56 
-42  -16  0 
-12  14  34 

//Reference=MNI 
//nullstudy_96
//Subjects=31
8  30  44 
-2  -34  -54 
20  44  36 
-46  36  -20 
-12  20  -30 
-2  44  10 
-22  -6  70 
34  54  0 

//Reference=MNI 
//nullstudy_97
//Subjects=29
-28  -88  -14 
-20  -32  8 
-48  -72  -28 
-22  -38  72 
-38  28  8 
-26  -82  8 
32  44  -14 
-6  -36  0 

//Reference=MNI 
//nullstudy_98
//Subjects=30
-8  -38  48 
-62  -4  20 
28  38  -10 
-40  18  -42 
2  40  -6 
-46  14  38 
-2  -6  -6 
-18  8  62 

//Reference=MNI 
//nullstudy_99
//Subjects=31
-8  -28  -6 
-34  -34  10 
20  12  48 
-2  -100  14 
-24  8  -20 
-6  12  -6 
-34  18  -14 
-20  -38  -46 

//Reference=MNI 
//nullstudy_100
//Subjects=31
-14  -12  74 
-18  -42  -26 
-48  -26  62 
-20  -58  48 
-50  -38  46 
-22  -64  16 
16  28  -6 
-26  2  -10 

