//Reference=MNI 
//truestudy_1
//Subjects=20
45  -66  -5 
47  -65  -7 
47  -67  -6 
45  -66  -6 
46  -67  -5 
46  -67  -5 
46  -65  -7 
45  -67  -6 

//Reference=MNI 
//truestudy_2
//Subjects=22
47  -64  -6 
46  -66  -7 
48  -65  -5 
44  -67  -6 
45  -65  -5 
45  -65  -7 
48  -67  -4 
45  -65  -4 

//Reference=MNI 
//truestudy_3
//Subjects=21
45  -64  -5 
47  -66  -4 
46  -67  -4 
45  -66  -5 
44  -66  -5 
47  -65  -7 
46  -67  -7 
46  -66  -8 

//Reference=MNI 
//nullstudy_1
//Subjects=20
-40  30  -18 
6  28  32 
34  26  30 
-48  -10  -28 
-8  -96  -16 
56  18  -6 
-56  -24  8 
-34  -54  -56 

//Reference=MNI 
//nullstudy_2
//Subjects=22
-40  -4  54 
28  50  -8 
-2  0  56 
-26  -14  -44 
18  20  -18 
46  6  -4 
-16  10  70 
-16  -68  -56 

//Reference=MNI 
//nullstudy_3
//Subjects=21
-24  12  -12 
-30  -38  38 
-4  46  6 
-8  42  -16 
-14  -78  -46 
-8  30  24 
-8  36  8 
28  20  -36 

//Reference=MNI 
//nullstudy_4
//Subjects=20
40  4  -8 
-4  -92  28 
26  58  22 
-12  -84  -46 
6  48  26 
-62  -26  -30 
-50  -8  32 
-30  -58  -22 

//Reference=MNI 
//nullstudy_5
//Subjects=21
14  28  6 
-36  22  -26 
-32  -60  62 
-26  -16  -32 
48  12  -40 
-24  -80  -18 
-4  -64  -58 
-8  -54  14 

//Reference=MNI 
//nullstudy_6
//Subjects=18
-12  -2  60 
-2  -32  -50 
32  12  42 
12  8  6 
48  30  38 
-68  -42  12 
-12  48  -22 
-10  -20  -20 

//Reference=MNI 
//nullstudy_7
//Subjects=21
-10  -64  -40 
40  8  4 
6  20  62 
-38  40  18 
6  10  52 
-18  16  -2 
-8  -2  54 
-46  -26  -2 

//Reference=MNI 
//nullstudy_8
//Subjects=20
-36  -14  10 
-4  -16  -10 
-30  -12  -8 
-36  -50  -14 
52  10  48 
-32  -2  -24 
-8  -58  60 
8  44  36 

//Reference=MNI 
//nullstudy_9
//Subjects=21
54  12  38 
-20  6  -8 
14  24  -28 
38  14  58 
-2  -26  42 
-26  58  24 
-6  -76  10 
-34  -66  -50 

//Reference=MNI 
//nullstudy_10
//Subjects=19
30  24  -30 
20  4  58 
-30  6  4 
-22  -58  -24 
-28  -22  50 
18  42  48 
-6  -80  38 
-34  -6  10 

//Reference=MNI 
//nullstudy_11
//Subjects=20
-40  -58  -18 
-2  4  28 
-14  -26  -38 
28  50  6 
-58  -44  -16 
-6  -28  48 
-48  -42  10 
-28  -70  -10 

//Reference=MNI 
//nullstudy_12
//Subjects=20
34  34  16 
20  6  62 
-44  -24  52 
-20  56  16 
-22  -94  4 
-12  4  56 
-8  -24  74 
-26  -6  66 

//Reference=MNI 
//nullstudy_13
//Subjects=21
-30  -32  50 
-10  -84  -30 
32  16  -44 
-18  -72  16 
-38  -66  50 
30  50  -4 
-56  -72  -2 
-18  -56  12 

//Reference=MNI 
//nullstudy_14
//Subjects=19
-56  -32  46 
-26  -62  -16 
-16  10  72 
-4  -2  48 
-2  44  -22 
-36  -64  22 
-28  18  0 
-4  -64  34 

//Reference=MNI 
//nullstudy_15
//Subjects=20
-50  -42  20 
-22  -78  -12 
54  44  2 
-28  38  34 
-34  -2  32 
-34  24  2 
-6  -2  8 
-32  -22  -22 

//Reference=MNI 
//nullstudy_16
//Subjects=20
-52  -44  54 
-4  60  20 
-50  -28  46 
-38  12  0 
62  22  14 
-8  6  74 
-50  -26  -28 
26  58  4 

//Reference=MNI 
//nullstudy_17
//Subjects=19
-20  -56  22 
-38  8  -28 
-12  54  26 
18  4  54 
-54  -62  32 
62  18  22 
-14  60  -18 
-30  -52  -22 

//Reference=MNI 
//nullstudy_18
//Subjects=20
-6  2  -34 
-6  8  -22 
-24  -48  60 
-26  16  38 
-32  -60  -58 
-36  -14  -10 
38  26  38 
32  36  -14 

//Reference=MNI 
//nullstudy_19
//Subjects=21
-42  -34  -24 
4  26  50 
4  22  62 
-42  38  -4 
-14  26  -18 
-42  -42  34 
-6  -52  -38 
10  56  42 

//Reference=MNI 
//nullstudy_20
//Subjects=18
-42  6  46 
0  18  66 
-6  -18  -18 
-2  36  50 
-28  38  28 
-4  44  28 
-48  -20  34 
-12  18  58 

//Reference=MNI 
//nullstudy_21
//Subjects=21
8  68  24 
-46  -4  -28 
-14  -14  66 
-8  -50  -50 
-28  -40  -18 
-2  -58  2 
-50  -26  -6 
34  60  -6 

//Reference=MNI 
//nullstudy_22
//Subjects=22
-8  -82  -16 
8  20  42 
-22  8  -36 
-26  -74  -20 
-62  -28  -20 
-26  -36  72 
-34  2  -22 
-34  -6  -12 

//Reference=MNI 
//nullstudy_23
//Subjects=20
-20  50  38 
-52  -66  2 
36  22  40 
-16  -82  48 
8  48  4 
-56  -66  -8 
-28  -26  52 
-16  -12  -38 

//Reference=MNI 
//nullstudy_24
//Subjects=19
-16  -76  -22 
-64  -28  40 
4  18  58 
8  56  -18 
-10  -78  24 
-12  54  4 
-14  -106  -6 
-28  46  42 

//Reference=MNI 
//nullstudy_25
//Subjects=20
-14  -34  12 
-10  6  -16 
-56  -60  32 
-36  26  40 
-12  -76  20 
20  62  18 
52  26  28 
58  4  30 

//Reference=MNI 
//nullstudy_26
//Subjects=21
-10  -48  64 
-50  -46  -20 
-10  36  -18 
-8  -24  24 
-12  -20  22 
-60  10  -8 
-32  60  6 
-58  -66  -6 

//Reference=MNI 
//nullstudy_27
//Subjects=20
6  12  28 
-6  28  28 
-26  14  -44 
-8  -44  -20 
-22  48  4 
-62  -10  22 
-8  58  4 
-64  -36  -4 

//Reference=MNI 
//nullstudy_28
//Subjects=20
-56  -40  32 
50  10  -36 
-34  -60  46 
-20  -92  -14 
-46  -68  24 
-38  -54  -50 
-6  -52  34 
-14  -18  66 

//Reference=MNI 
//nullstudy_29
//Subjects=20
-30  24  6 
-54  -14  -26 
-28  8  58 
-6  54  26 
-30  26  -18 
-34  -32  40 
-12  -46  28 
-30  0  -12 

//Reference=MNI 
//nullstudy_30
//Subjects=20
-60  -32  32 
-46  32  10 
32  18  -44 
42  14  -28 
-54  22  26 
-42  0  -34 
-6  2  -22 
26  8  64 

//Reference=MNI 
//nullstudy_31
//Subjects=19
46  8  -4 
-34  -2  44 
-4  32  12 
-64  -36  18 
-44  36  -10 
-46  -58  -48 
-8  10  66 
-48  -36  -20 

//Reference=MNI 
//nullstudy_32
//Subjects=19
-22  0  -18 
-18  -64  12 
2  46  -2 
-46  -16  -36 
-2  -18  48 
-60  -48  6 
-38  -62  12 
20  54  40 

//Reference=MNI 
//nullstudy_33
//Subjects=20
-10  14  14 
-42  18  12 
-40  -58  2 
-46  -80  -22 
-36  22  34 
6  16  -22 
-18  -82  -32 
-42  -56  24 

//Reference=MNI 
//nullstudy_34
//Subjects=19
46  22  46 
-22  -78  30 
-32  -42  -42 
10  12  18 
14  12  56 
32  22  38 
-24  -36  10 
-22  -44  -18 

//Reference=MNI 
//nullstudy_35
//Subjects=21
-50  -58  -52 
-4  48  0 
34  20  28 
-10  -42  -22 
-16  -20  24 
-42  -60  -4 
-8  -96  16 
34  30  22 

//Reference=MNI 
//nullstudy_36
//Subjects=21
-2  -36  -36 
-30  24  -14 
18  60  -8 
-6  -88  -18 
-10  -96  -10 
10  48  10 
-18  46  40 
-48  -52  46 

//Reference=MNI 
//nullstudy_37
//Subjects=22
-56  0  -28 
32  18  -22 
-52  -56  34 
28  48  4 
-60  -46  16 
-42  -46  -46 
28  24  2 
-44  -12  16 

//Reference=MNI 
//nullstudy_38
//Subjects=22
42  20  -16 
26  14  -32 
-62  -48  30 
60  18  0 
38  12  28 
32  38  -10 
-46  -74  -42 
14  26  50 

//Reference=MNI 
//nullstudy_39
//Subjects=20
44  40  8 
-28  -10  -22 
-34  34  -16 
34  10  2 
-26  -72  36 
-50  -46  32 
-4  -80  8 
-34  8  56 

//Reference=MNI 
//nullstudy_40
//Subjects=20
36  56  16 
-44  -52  12 
32  40  -6 
-48  12  -8 
2  16  46 
-16  -80  -22 
12  44  34 
-62  0  -14 

//Reference=MNI 
//nullstudy_41
//Subjects=20
22  44  -14 
-44  -66  -32 
-52  -20  10 
-42  -6  48 
-22  -4  -30 
42  42  16 
-18  -30  56 
-10  -44  66 

//Reference=MNI 
//nullstudy_42
//Subjects=20
-18  18  12 
-12  50  -12 
-54  -60  -24 
16  36  42 
-44  -24  12 
-4  34  44 
-10  -38  36 
18  44  38 

//Reference=MNI 
//nullstudy_43
//Subjects=21
-32  -58  -16 
18  12  -6 
-50  -42  34 
-30  -76  34 
40  40  -22 
40  32  24 
-40  -72  -12 
-42  -6  -34 

//Reference=MNI 
//nullstudy_44
//Subjects=19
-60  -8  44 
-6  -72  38 
34  48  12 
-40  -48  46 
36  2  16 
-20  -78  34 
14  10  62 
36  6  62 

//Reference=MNI 
//nullstudy_45
//Subjects=20
-6  -2  2 
-32  -60  -44 
8  8  14 
-18  -80  12 
-16  30  54 
-2  -18  54 
-34  0  -8 
-12  -4  38 

//Reference=MNI 
//nullstudy_46
//Subjects=19
36  12  -12 
-30  20  -34 
22  38  -12 
-16  54  30 
-24  12  -46 
-40  -18  16 
-58  -40  8 
30  14  2 

//Reference=MNI 
//nullstudy_47
//Subjects=20
-56  -18  -32 
30  8  -42 
-54  -64  -40 
-30  -44  44 
-52  22  18 
-32  -60  36 
-32  56  -16 
-56  -32  48 

//Reference=MNI 
//nullstudy_48
//Subjects=21
-2  -8  20 
30  42  14 
8  4  32 
-56  4  32 
6  64  -20 
-4  -56  -26 
40  30  48 
-56  -50  -18 

//Reference=MNI 
//nullstudy_49
//Subjects=19
-40  -70  22 
-26  -52  -16 
-50  -12  26 
-24  -84  -38 
-34  -74  -10 
-46  8  36 
-26  16  -4 
22  46  -10 

//Reference=MNI 
//nullstudy_50
//Subjects=19
-24  -90  -2 
-36  24  10 
-10  -52  8 
-20  -72  -34 
-30  -32  14 
-8  12  68 
-40  -74  -16 
-38  -72  -26 

//Reference=MNI 
//nullstudy_51
//Subjects=19
4  18  -12 
-36  -64  32 
12  4  72 
-50  26  -2 
-20  -58  26 
54  2  18 
42  22  -12 
-20  -72  28 

//Reference=MNI 
//nullstudy_52
//Subjects=21
-48  -34  52 
50  32  -4 
-34  -68  -28 
-16  -52  72 
22  44  -10 
28  6  64 
12  50  -4 
-30  -40  -42 

//Reference=MNI 
//nullstudy_53
//Subjects=19
20  4  0 
44  50  22 
-34  50  10 
0  38  -16 
-28  -42  -2 
-60  -26  -24 
-20  -84  44 
-22  32  46 

//Reference=MNI 
//nullstudy_54
//Subjects=20
-14  50  12 
-2  -62  38 
-32  -80  -44 
-6  -10  -34 
14  6  40 
-30  -68  -18 
24  52  18 
-68  -30  -8 

//Reference=MNI 
//nullstudy_55
//Subjects=19
-12  46  34 
36  6  -48 
24  56  -18 
-56  20  20 
40  46  22 
-24  -10  46 
-28  -34  -4 
56  14  -26 

//Reference=MNI 
//nullstudy_56
//Subjects=20
-16  -52  0 
-62  -14  -20 
-16  26  -28 
-22  32  46 
-52  24  8 
-30  -68  30 
-44  32  -22 
-6  -58  52 

//Reference=MNI 
//nullstudy_57
//Subjects=20
44  40  -12 
-18  -56  -62 
44  26  -28 
6  44  26 
-4  -40  -22 
-26  22  4 
12  56  26 
-26  2  60 

//Reference=MNI 
//nullstudy_58
//Subjects=21
-28  -10  -34 
-42  -82  34 
-14  -30  52 
-52  12  -34 
22  18  -14 
-18  -26  62 
-32  -42  -32 
-42  -70  -44 

//Reference=MNI 
//nullstudy_59
//Subjects=19
-12  -32  -6 
-42  16  22 
-50  -72  26 
-6  -44  -8 
-16  44  52 
-2  -64  -58 
-50  38  2 
-18  -80  10 

//Reference=MNI 
//nullstudy_60
//Subjects=20
-2  -42  6 
22  36  28 
28  2  -12 
-26  -36  8 
-6  -52  60 
24  48  -14 
-26  6  8 
52  20  10 

//Reference=MNI 
//nullstudy_61
//Subjects=19
-18  -78  28 
-62  -56  22 
-46  -68  -30 
-16  -98  14 
-36  -18  20 
-20  -92  -20 
-6  34  -18 
-42  4  -18 

//Reference=MNI 
//nullstudy_62
//Subjects=21
-4  16  38 
-24  4  -24 
-10  -16  54 
-32  -4  40 
6  8  -20 
-26  40  34 
-56  -64  24 
4  20  -4 

//Reference=MNI 
//nullstudy_63
//Subjects=20
-36  30  2 
-4  26  -18 
-30  -34  -4 
-2  62  -10 
-4  -52  -46 
48  36  -4 
-6  -72  46 
-2  12  -2 

//Reference=MNI 
//nullstudy_64
//Subjects=19
16  70  4 
-44  6  50 
-10  -86  26 
-22  44  16 
-8  42  56 
-30  -56  60 
-20  -4  -16 
-6  -50  16 

//Reference=MNI 
//nullstudy_65
//Subjects=21
18  28  -2 
-48  34  26 
50  16  16 
26  34  -24 
-2  0  2 
-12  32  -22 
-64  -40  28 
-50  44  8 

//Reference=MNI 
//nullstudy_66
//Subjects=19
-52  -18  20 
-48  44  4 
-34  -34  46 
-28  -66  8 
-4  -94  -12 
12  44  12 
-22  50  20 
-26  60  18 

//Reference=MNI 
//nullstudy_67
//Subjects=20
-46  -66  -24 
10  40  20 
-16  -74  -10 
34  14  -14 
60  4  -24 
-10  -2  -26 
-32  -46  38 
-28  30  -4 

//Reference=MNI 
//nullstudy_68
//Subjects=19
-26  -76  -48 
-18  -102  16 
-44  -14  -32 
-10  -28  -8 
42  28  -24 
18  64  20 
0  54  -20 
-46  0  6 

//Reference=MNI 
//nullstudy_69
//Subjects=20
-20  10  -42 
28  14  2 
-22  -66  8 
50  24  -4 
26  28  48 
20  26  -14 
-44  -6  -20 
-6  -34  -14 

//Reference=MNI 
//nullstudy_70
//Subjects=20
-60  -16  6 
14  38  58 
20  30  62 
-50  34  22 
-44  30  -16 
-30  -82  -34 
-2  -54  50 
34  34  12 

//Reference=MNI 
//nullstudy_71
//Subjects=20
36  46  -12 
-48  -76  -2 
-54  0  -20 
-58  -10  2 
30  14  -30 
-2  -26  -16 
32  4  -26 
-44  10  56 

//Reference=MNI 
//nullstudy_72
//Subjects=19
-42  -60  -34 
-28  -70  -50 
-38  -24  6 
-18  -56  64 
-12  -74  28 
-8  -46  -2 
-20  -92  24 
-54  -4  -8 

//Reference=MNI 
//nullstudy_73
//Subjects=20
-12  60  12 
30  2  2 
28  38  26 
-40  -34  -20 
0  2  68 
-32  44  -14 
56  36  6 
-30  6  -36 

//Reference=MNI 
//nullstudy_74
//Subjects=21
-14  6  58 
-2  -42  -62 
-8  46  -30 
-18  64  12 
-40  -44  -18 
18  58  22 
0  8  30 
8  34  -8 

//Reference=MNI 
//nullstudy_75
//Subjects=18
-6  -60  -50 
-56  -56  10 
-8  62  0 
2  20  32 
-46  8  -4 
-24  0  0 
-10  -24  72 
-60  -4  -24 

//Reference=MNI 
//nullstudy_76
//Subjects=20
-22  44  20 
-6  0  44 
-2  -54  10 
-42  2  4 
-18  -68  44 
-48  -44  36 
-6  -32  46 
36  22  -4 

//Reference=MNI 
//nullstudy_77
//Subjects=21
2  4  34 
-32  32  48 
-40  10  22 
-44  -62  18 
34  44  26 
-64  -14  18 
-46  30  -20 
-38  28  40 

//Reference=MNI 
//nullstudy_78
//Subjects=21
-36  -80  12 
-60  -32  50 
-42  50  6 
36  12  -36 
-14  -42  2 
-10  -28  -10 
24  42  36 
-60  -56  34 

//Reference=MNI 
//nullstudy_79
//Subjects=19
-10  -22  6 
-8  -36  58 
-62  12  16 
22  38  -12 
-32  -70  -4 
-56  -20  10 
18  20  12 
-26  28  -20 

//Reference=MNI 
//nullstudy_80
//Subjects=20
-4  26  32 
-16  -78  56 
-26  -96  18 
-20  10  0 
-56  12  -16 
6  6  38 
-2  46  50 
30  28  36 

//Reference=MNI 
//nullstudy_81
//Subjects=20
-40  26  20 
-16  54  34 
8  46  -10 
-46  -24  0 
32  36  -22 
-2  -36  78 
40  10  60 
-2  -18  78 

//Reference=MNI 
//nullstudy_82
//Subjects=21
-56  22  4 
-16  -46  66 
-38  -76  38 
-36  34  6 
-48  -74  16 
56  6  -26 
16  28  -8 
-28  -32  68 

//Reference=MNI 
//nullstudy_83
//Subjects=22
-64  -36  10 
-50  -18  38 
-12  -68  -38 
-58  -8  -16 
-2  -44  76 
28  30  4 
40  14  6 
-52  -22  -8 

//Reference=MNI 
//nullstudy_84
//Subjects=19
-22  -64  58 
-2  -78  -16 
-38  8  -18 
36  42  -10 
-10  -72  38 
-28  28  -2 
-14  -82  0 
-48  -36  16 

//Reference=MNI 
//nullstudy_85
//Subjects=20
-36  18  -42 
32  28  40 
-30  -60  52 
16  62  12 
18  12  -2 
0  58  -14 
-36  -88  -14 
-52  -30  46 

//Reference=MNI 
//nullstudy_86
//Subjects=19
-44  -64  -18 
-12  62  30 
-2  56  -22 
-10  -16  64 
-2  -52  -56 
-58  24  14 
-42  -16  12 
-12  -90  2 

//Reference=MNI 
//nullstudy_87
//Subjects=21
-2  16  64 
56  2  4 
-46  0  -46 
-64  -32  -24 
-22  4  -36 
-54  8  20 
-6  0  36 
10  12  -16 

//Reference=MNI 
//nullstudy_88
//Subjects=20
48  26  2 
-28  -34  -12 
28  60  -12 
8  42  44 
-14  -40  18 
34  30  -20 
44  24  -32 
6  30  28 

//Reference=MNI 
//nullstudy_89
//Subjects=20
-26  26  58 
-62  -20  38 
-6  -66  44 
-56  -70  12 
0  62  0 
-24  -86  -2 
22  46  18 
8  10  20 

//Reference=MNI 
//nullstudy_90
//Subjects=19
-52  -46  22 
-38  14  -14 
-32  -94  -2 
-14  -58  38 
-6  16  4 
-6  -22  38 
-52  -66  18 
-62  -6  -16 

//Reference=MNI 
//nullstudy_91
//Subjects=21
38  30  32 
-12  -92  0 
-38  -76  -8 
-4  0  68 
-62  -40  14 
38  6  34 
22  60  22 
14  32  60 

//Reference=MNI 
//nullstudy_92
//Subjects=20
-36  10  -42 
-62  -16  -32 
-38  4  -4 
-34  32  8 
-50  -46  -8 
38  22  14 
-18  -92  -10 
-42  20  32 

//Reference=MNI 
//nullstudy_93
//Subjects=19
-36  14  -8 
-32  -74  36 
-18  -18  -22 
-10  -8  -28 
50  8  46 
-20  -62  46 
-6  -78  -30 
30  40  38 

//Reference=MNI 
//nullstudy_94
//Subjects=20
-12  38  -4 
34  46  -12 
-18  4  -34 
-20  -62  48 
-16  -82  -48 
-28  20  8 
-22  -42  76 
-28  -38  8 

//Reference=MNI 
//nullstudy_95
//Subjects=20
-8  36  2 
-6  20  58 
-48  34  6 
-58  -2  -10 
-32  46  24 
-6  -34  70 
64  6  26 
-56  -54  10 

//Reference=MNI 
//nullstudy_96
//Subjects=20
-58  -14  50 
-14  -40  48 
46  52  -10 
-4  -22  38 
-8  -44  68 
-12  -48  -40 
-14  -38  40 
-22  30  58 

//Reference=MNI 
//nullstudy_97
//Subjects=20
42  4  60 
-26  2  -28 
-52  -72  -22 
-42  -14  12 
20  68  18 
-4  16  68 
-60  -58  18 
-56  -70  -2 

//Reference=MNI 
//nullstudy_98
//Subjects=20
-64  -12  12 
-20  -56  -38 
-40  -2  -50 
-16  -64  2 
-46  -30  28 
-64  -24  -22 
-34  14  52 
-24  -84  30 

//Reference=MNI 
//nullstudy_99
//Subjects=20
-20  -14  56 
-28  -78  26 
48  22  18 
-28  6  -20 
-32  -2  -18 
-32  24  44 
-4  -10  72 
-28  -66  4 

//Reference=MNI 
//nullstudy_100
//Subjects=20
-50  4  -30 
-20  -86  -2 
-42  4  30 
16  20  58 
-4  38  40 
34  34  40 
-48  2  34 
-24  -40  -4 

