//Reference=MNI 
//truestudy_1
//Subjects=9
45  -66  -5 
46  -63  -6 
45  -66  -6 
48  -67  -7 
47  -65  -6 
46  -67  -6 
44  -64  -6 
47  -66  -6 

//Reference=MNI 
//truestudy_2
//Subjects=10
45  -68  -7 
46  -68  -5 
46  -66  -5 
47  -65  -6 
45  -65  -6 
46  -67  -7 
47  -67  -6 
45  -66  -8 

//Reference=MNI 
//truestudy_3
//Subjects=11
44  -67  -8 
45  -67  -5 
47  -66  -6 
48  -66  -7 
45  -66  -5 
44  -65  -4 
47  -67  -4 
46  -67  -8 

//Reference=MNI 
//nullstudy_1
//Subjects=9
-4  -52  -24 
0  34  22 
-58  -38  -18 
10  36  40 
-12  -64  64 
-50  30  28 
-16  -84  -40 
52  6  52 

//Reference=MNI 
//nullstudy_2
//Subjects=10
-30  -86  -16 
32  56  -4 
56  36  -6 
-46  -58  52 
-10  -70  -56 
-6  24  16 
-42  -26  50 
6  56  -24 

//Reference=MNI 
//nullstudy_3
//Subjects=11
-26  4  -28 
-50  -12  -40 
-62  -18  28 
-42  -14  66 
60  8  -10 
-42  -8  -40 
-2  -38  60 
-20  14  -20 

//Reference=MNI 
//nullstudy_4
//Subjects=11
-44  -80  18 
18  20  12 
-48  -2  40 
-24  -92  28 
-42  -16  -38 
-14  -56  -54 
-26  -60  -2 
-48  -2  -28 

//Reference=MNI 
//nullstudy_5
//Subjects=11
-56  -62  26 
-8  62  -14 
-60  2  10 
-26  62  4 
-40  2  34 
-32  -52  -2 
-4  -46  34 
-38  -16  -8 

//Reference=MNI 
//nullstudy_6
//Subjects=9
32  62  -12 
16  46  48 
-10  -18  60 
32  16  0 
-18  -44  -16 
-46  16  48 
-30  30  52 
-58  -30  40 

//Reference=MNI 
//nullstudy_7
//Subjects=9
-48  -28  6 
-48  16  -30 
-44  -16  52 
-38  -74  -4 
-6  -12  44 
-56  -54  -32 
-28  16  36 
-4  44  -28 

//Reference=MNI 
//nullstudy_8
//Subjects=11
-26  -50  -48 
14  10  44 
48  18  16 
-12  -10  -38 
10  48  30 
24  50  4 
-10  -40  -46 
-24  16  38 

//Reference=MNI 
//nullstudy_9
//Subjects=10
50  10  10 
-22  -88  -4 
-34  -70  24 
-6  2  62 
40  26  46 
-40  8  38 
-58  -40  32 
-52  -36  24 

//Reference=MNI 
//nullstudy_10
//Subjects=10
-16  -74  -22 
-18  8  -22 
-10  -12  12 
-34  14  10 
-56  -50  -38 
-16  -34  36 
8  40  14 
-40  -44  -20 

//Reference=MNI 
//nullstudy_11
//Subjects=11
60  14  26 
34  42  -8 
-28  -76  -36 
-8  40  40 
-4  -28  26 
-30  -30  66 
-18  -42  6 
-22  -84  44 

//Reference=MNI 
//nullstudy_12
//Subjects=11
-56  2  -2 
44  12  26 
-28  -42  -18 
-34  -72  -16 
-34  -62  -10 
-8  -60  -10 
-38  -92  2 
-4  -52  58 

//Reference=MNI 
//nullstudy_13
//Subjects=11
-12  26  66 
-2  46  -16 
18  2  -44 
42  2  40 
4  56  -28 
20  60  -20 
-6  -6  44 
-14  -100  18 

//Reference=MNI 
//nullstudy_14
//Subjects=9
14  64  -14 
-28  -26  -30 
-56  -34  52 
-42  -26  14 
44  12  -26 
-4  -86  32 
-16  -66  42 
-26  -86  38 

//Reference=MNI 
//nullstudy_15
//Subjects=9
-12  -72  48 
48  20  0 
2  44  -18 
4  18  32 
-44  -18  44 
-12  -14  72 
-22  -42  -28 
-32  -26  -8 

//Reference=MNI 
//nullstudy_16
//Subjects=11
-38  4  56 
-44  4  -8 
-32  4  50 
-52  2  30 
-6  54  6 
38  24  52 
22  24  -14 
-60  -30  -24 

//Reference=MNI 
//nullstudy_17
//Subjects=10
-14  -8  64 
-38  -82  22 
-2  -4  56 
-2  -48  -34 
-34  12  8 
30  8  -34 
-44  16  10 
-20  8  -2 

//Reference=MNI 
//nullstudy_18
//Subjects=11
-18  38  52 
-12  50  40 
-2  -64  -40 
-2  -68  64 
-64  -8  -28 
-42  -22  16 
-18  -16  -12 
-4  -16  24 

//Reference=MNI 
//nullstudy_19
//Subjects=11
-12  -52  4 
-52  -12  28 
-32  -44  -36 
-58  -38  -16 
4  62  26 
-42  -38  66 
18  10  68 
34  50  -8 

//Reference=MNI 
//nullstudy_20
//Subjects=9
-58  4  -2 
-6  36  6 
-44  14  52 
-42  -46  -32 
58  8  8 
-4  -8  28 
-20  4  2 
-16  -18  -16 

//Reference=MNI 
//nullstudy_21
//Subjects=8
0  48  -12 
-38  -68  24 
52  8  10 
-18  -40  -36 
-2  -40  56 
-52  14  28 
50  26  26 
-36  40  -6 

//Reference=MNI 
//nullstudy_22
//Subjects=10
-28  -8  -32 
-46  14  -2 
-4  -84  -44 
-32  -82  -14 
-42  -54  14 
-28  -44  10 
-12  26  58 
16  26  -4 

//Reference=MNI 
//nullstudy_23
//Subjects=11
-40  -50  18 
-18  -60  52 
-32  -94  -18 
-4  -82  -28 
-52  8  -22 
-30  2  -50 
48  44  16 
46  8  28 

//Reference=MNI 
//nullstudy_24
//Subjects=10
10  6  6 
-28  -78  42 
12  50  8 
-24  -50  -44 
-2  62  18 
-58  8  -10 
-58  -48  46 
-58  10  -22 

//Reference=MNI 
//nullstudy_25
//Subjects=10
-54  -32  36 
-44  4  18 
-24  2  -44 
10  48  12 
-10  34  -12 
-22  -84  -42 
-6  -26  30 
4  36  -8 

//Reference=MNI 
//nullstudy_26
//Subjects=10
-54  -2  -2 
-12  -18  8 
-18  -36  -16 
22  42  48 
2  36  -32 
-12  -36  -2 
-18  46  44 
-6  -34  38 

//Reference=MNI 
//nullstudy_27
//Subjects=9
36  32  -14 
-14  -24  64 
-50  -72  -14 
-32  50  -4 
-12  -54  -46 
-12  -50  44 
-62  -50  34 
-42  28  -8 

//Reference=MNI 
//nullstudy_28
//Subjects=10
-50  -18  -32 
-38  -60  -10 
-10  -40  -16 
-42  -60  2 
30  58  22 
-30  16  16 
-46  -74  22 
14  16  38 

//Reference=MNI 
//nullstudy_29
//Subjects=12
-4  -30  -42 
-24  -36  -22 
-56  -46  -16 
-54  -54  18 
28  20  50 
-12  46  48 
-2  -58  66 
56  30  20 

//Reference=MNI 
//nullstudy_30
//Subjects=10
34  22  0 
-62  -10  -24 
64  6  30 
-2  -28  -38 
34  8  -4 
40  20  30 
-6  44  30 
-18  22  4 

//Reference=MNI 
//nullstudy_31
//Subjects=9
-46  -52  -14 
28  20  -2 
-28  40  20 
8  24  56 
16  16  10 
-10  44  44 
22  46  42 
-14  -16  14 

//Reference=MNI 
//nullstudy_32
//Subjects=10
58  28  -2 
12  12  38 
-44  -46  44 
58  32  2 
-38  -56  -36 
-56  -10  -4 
-20  -36  66 
-64  -38  6 

//Reference=MNI 
//nullstudy_33
//Subjects=11
16  58  -16 
38  56  -16 
-28  46  10 
-24  -24  -30 
-60  -20  6 
-66  -44  34 
-6  -76  -28 
14  26  58 

//Reference=MNI 
//nullstudy_34
//Subjects=9
-62  4  28 
-20  58  32 
-54  -26  -10 
-38  -32  -12 
-54  34  2 
-30  -88  30 
-36  -32  -10 
28  38  30 

//Reference=MNI 
//nullstudy_35
//Subjects=12
-36  -60  -4 
16  32  54 
8  46  -6 
24  8  -34 
-46  20  -22 
-24  60  8 
-20  4  -12 
-20  16  -12 

//Reference=MNI 
//nullstudy_36
//Subjects=9
-46  34  -4 
-14  -72  -8 
-22  -4  -42 
-48  -2  -44 
-38  36  -18 
28  32  -10 
-38  -90  20 
-4  -26  76 

//Reference=MNI 
//nullstudy_37
//Subjects=10
-54  -38  10 
50  6  22 
-30  -88  6 
-20  -82  4 
-58  -58  -2 
42  32  -4 
-18  -38  22 
-14  0  -20 

//Reference=MNI 
//nullstudy_38
//Subjects=9
-26  34  28 
-26  -38  72 
-14  -44  -30 
-52  -38  20 
20  20  -24 
-28  -72  40 
-14  54  -12 
-40  48  12 

//Reference=MNI 
//nullstudy_39
//Subjects=10
12  70  8 
-50  -6  48 
-40  -22  4 
-18  -94  4 
-24  -10  74 
-12  14  -16 
-10  -48  -66 
-2  -50  54 

//Reference=MNI 
//nullstudy_40
//Subjects=10
24  22  64 
0  58  24 
-8  -4  38 
30  2  -50 
-64  -48  -6 
22  36  28 
-34  -50  -26 
-24  -8  -20 

//Reference=MNI 
//nullstudy_41
//Subjects=9
-40  -82  8 
-26  -42  58 
-38  -10  -36 
12  8  36 
-62  -56  -4 
-70  -24  -16 
30  24  -28 
-32  -66  -46 

//Reference=MNI 
//nullstudy_42
//Subjects=9
-26  -12  8 
-6  2  74 
-6  -40  -60 
-10  26  38 
42  8  14 
-22  40  28 
-44  10  52 
-38  12  6 

//Reference=MNI 
//nullstudy_43
//Subjects=10
-36  -30  68 
52  30  6 
-6  26  18 
58  2  38 
-42  40  24 
-44  -48  16 
-24  -66  -4 
58  14  20 

//Reference=MNI 
//nullstudy_44
//Subjects=9
52  18  40 
-58  -12  -18 
30  14  48 
-16  66  -14 
-12  -74  34 
-60  2  20 
-56  -26  -18 
-12  -66  -40 

//Reference=MNI 
//nullstudy_45
//Subjects=10
12  54  12 
24  60  28 
-60  -8  -2 
-38  -2  0 
-38  -4  10 
0  4  8 
10  38  2 
-46  -2  -40 

//Reference=MNI 
//nullstudy_46
//Subjects=9
50  32  -2 
50  18  6 
-52  -38  38 
34  26  28 
-10  56  -4 
24  8  -6 
-20  -16  -18 
-12  24  4 

//Reference=MNI 
//nullstudy_47
//Subjects=11
-42  -66  -56 
12  24  28 
12  54  -8 
-30  -90  -22 
-8  -22  70 
-12  36  50 
-8  -88  -22 
-40  -36  -24 

//Reference=MNI 
//nullstudy_48
//Subjects=11
-44  -50  46 
-14  -66  -16 
-4  32  26 
46  18  -14 
-10  -94  -4 
-34  12  -38 
-40  -14  -40 
-12  8  68 

//Reference=MNI 
//nullstudy_49
//Subjects=10
22  64  -8 
-36  -82  -10 
-24  -68  40 
-24  -20  -12 
-12  44  20 
-40  10  -40 
44  30  32 
-64  -56  -10 

//Reference=MNI 
//nullstudy_50
//Subjects=8
-10  20  -6 
-42  -80  28 
-6  -50  -42 
-10  18  -2 
-32  -32  62 
-36  42  -8 
-64  -6  -12 
-44  -62  -56 

//Reference=MNI 
//nullstudy_51
//Subjects=10
-54  -60  2 
-44  -56  -50 
-12  4  16 
-56  -48  -34 
14  2  60 
0  14  2 
-52  6  42 
-36  -58  52 

//Reference=MNI 
//nullstudy_52
//Subjects=11
-46  -14  10 
-66  -36  24 
-40  26  14 
-2  60  -2 
48  38  16 
-64  -34  -8 
-36  6  12 
-42  6  50 

//Reference=MNI 
//nullstudy_53
//Subjects=11
54  10  4 
-2  -22  -36 
-42  -70  -20 
54  22  28 
48  36  6 
-36  6  -28 
-28  -32  68 
-22  6  0 

//Reference=MNI 
//nullstudy_54
//Subjects=9
-62  -8  -24 
10  10  60 
-60  -50  40 
34  2  -44 
-20  64  -8 
-12  -18  -32 
-52  -8  -36 
42  44  2 

//Reference=MNI 
//nullstudy_55
//Subjects=10
-32  -18  18 
-36  38  32 
-24  22  -28 
6  20  -2 
-28  -44  48 
-24  -78  -6 
-22  -64  62 
-12  62  24 

//Reference=MNI 
//nullstudy_56
//Subjects=12
-2  0  -4 
-8  -56  4 
44  28  46 
-28  -68  -26 
28  14  54 
-10  38  -28 
-32  48  -6 
-42  -58  28 

//Reference=MNI 
//nullstudy_57
//Subjects=11
-16  60  4 
-6  4  52 
-6  -60  66 
46  20  -18 
-16  -52  54 
-10  2  -4 
24  36  34 
-20  -86  -14 

//Reference=MNI 
//nullstudy_58
//Subjects=10
-4  -78  -2 
-32  -86  -18 
-4  -22  64 
8  24  44 
-4  -66  -30 
-18  -88  -30 
36  12  48 
14  10  -24 

//Reference=MNI 
//nullstudy_59
//Subjects=11
-16  -74  -6 
-68  -28  -24 
-12  58  -22 
4  58  -24 
-8  62  -2 
-42  -20  66 
-2  -86  -2 
-34  -54  62 

//Reference=MNI 
//nullstudy_60
//Subjects=11
-50  26  -2 
-10  56  26 
-60  -42  34 
-44  -42  -22 
-30  34  40 
-32  -44  40 
-46  -48  38 
-44  -6  12 

//Reference=MNI 
//nullstudy_61
//Subjects=10
-30  -2  -24 
-60  10  16 
40  24  -32 
-32  -68  -62 
-6  62  34 
-52  -2  52 
-40  18  -26 
-24  4  0 

//Reference=MNI 
//nullstudy_62
//Subjects=11
-18  6  2 
-58  4  -20 
-56  -38  16 
-54  -38  -16 
30  6  -24 
-28  -78  10 
-38  -30  56 
-62  0  0 

//Reference=MNI 
//nullstudy_63
//Subjects=10
0  30  -30 
-18  -6  -44 
-42  -46  18 
32  16  62 
-28  -46  4 
-50  -46  -28 
4  26  -24 
-54  4  -38 

//Reference=MNI 
//nullstudy_64
//Subjects=9
-28  -36  -34 
0  54  38 
-22  64  10 
2  14  -24 
-14  -38  -40 
-22  -8  -32 
-8  -42  50 
-52  -46  52 

//Reference=MNI 
//nullstudy_65
//Subjects=10
22  2  62 
-34  -90  26 
-30  4  -4 
-28  30  26 
-38  -68  -50 
-30  10  -44 
-32  0  60 
-8  -2  56 

//Reference=MNI 
//nullstudy_66
//Subjects=11
-22  -8  -18 
-24  0  -46 
-26  -56  60 
-38  -36  48 
-26  -46  50 
-28  42  34 
-24  0  70 
-38  30  18 

//Reference=MNI 
//nullstudy_67
//Subjects=11
42  22  -10 
-68  -24  -6 
22  24  -14 
-30  -78  -6 
44  8  -44 
12  40  16 
-24  24  32 
-58  -66  -10 

//Reference=MNI 
//nullstudy_68
//Subjects=10
-36  -36  40 
30  22  62 
12  2  40 
-4  26  14 
-2  -74  24 
-34  -28  68 
-18  -38  78 
-40  -52  -8 

//Reference=MNI 
//nullstudy_69
//Subjects=10
26  28  48 
50  10  46 
-26  -28  -14 
-14  42  40 
-24  -42  -32 
52  6  10 
-6  -32  -28 
22  38  36 

//Reference=MNI 
//nullstudy_70
//Subjects=9
-46  -14  22 
-10  -62  -56 
-34  18  -30 
-46  28  -18 
-34  54  26 
40  26  20 
-18  40  -16 
28  48  16 

//Reference=MNI 
//nullstudy_71
//Subjects=11
-32  -40  48 
-48  6  -14 
16  26  6 
8  52  18 
-20  16  62 
-42  -38  64 
-4  -20  50 
62  4  4 

//Reference=MNI 
//nullstudy_72
//Subjects=9
-48  44  18 
60  20  22 
-38  -66  34 
-38  2  54 
10  16  -8 
-70  -38  -6 
26  16  6 
18  6  -14 

//Reference=MNI 
//nullstudy_73
//Subjects=11
-4  56  4 
-34  -20  44 
2  14  -14 
-12  -78  22 
2  18  28 
-16  68  0 
-44  -54  -24 
-30  -70  46 

//Reference=MNI 
//nullstudy_74
//Subjects=8
38  22  54 
-2  38  18 
-48  -70  -8 
14  56  -18 
-22  -38  6 
-38  -54  -50 
-8  4  58 
10  20  -20 

//Reference=MNI 
//nullstudy_75
//Subjects=9
-2  -62  -36 
-56  -52  -26 
-60  -26  -30 
36  50  8 
40  46  20 
-10  50  6 
-16  -94  -16 
-14  -80  42 

//Reference=MNI 
//nullstudy_76
//Subjects=10
-24  -48  -24 
60  16  -2 
-24  12  8 
8  8  54 
56  22  20 
18  46  6 
-48  -4  -26 
-18  -74  60 

//Reference=MNI 
//nullstudy_77
//Subjects=10
-54  -42  52 
-6  -54  56 
-10  -36  -16 
-56  -60  40 
-6  -38  -12 
8  4  -34 
8  6  22 
-36  52  -6 

//Reference=MNI 
//nullstudy_78
//Subjects=9
-14  60  26 
-6  38  32 
-40  -50  -6 
4  48  6 
36  34  -4 
-52  -16  -34 
-6  -62  -34 
58  34  2 

//Reference=MNI 
//nullstudy_79
//Subjects=10
24  26  -22 
-68  -26  22 
-62  -54  0 
-38  -58  60 
-18  4  -16 
-56  -18  48 
-18  -68  -12 
-66  -36  24 

//Reference=MNI 
//nullstudy_80
//Subjects=9
24  8  -4 
-42  -78  -10 
26  64  16 
-20  16  -24 
-16  24  -18 
0  6  -10 
-52  -36  -26 
-28  -28  -8 

//Reference=MNI 
//nullstudy_81
//Subjects=10
-26  26  54 
-14  30  26 
-12  -62  54 
20  40  28 
-4  -50  -24 
-28  -12  -10 
-26  -80  -40 
-50  0  12 

//Reference=MNI 
//nullstudy_82
//Subjects=9
-40  -74  -40 
62  20  12 
-44  16  26 
-12  4  64 
2  38  -6 
-56  -66  -14 
42  20  -16 
26  42  46 

//Reference=MNI 
//nullstudy_83
//Subjects=9
-28  -80  -10 
-44  20  34 
42  6  -36 
-26  -4  60 
-26  -56  -14 
-44  -82  30 
-42  -76  -36 
-58  -32  52 

//Reference=MNI 
//nullstudy_84
//Subjects=10
-40  -18  10 
-60  -18  -18 
10  58  6 
4  24  32 
34  12  -22 
-4  -40  -56 
-2  -38  32 
-22  44  38 

//Reference=MNI 
//nullstudy_85
//Subjects=9
-36  -42  -32 
12  62  2 
-62  -14  -4 
-64  -44  20 
-18  4  -36 
-12  -70  -38 
-52  20  12 
-30  12  32 

//Reference=MNI 
//nullstudy_86
//Subjects=10
-2  -54  24 
22  36  44 
-22  30  44 
4  64  30 
4  18  26 
2  2  12 
-4  16  52 
42  54  -10 

//Reference=MNI 
//nullstudy_87
//Subjects=8
46  8  50 
-20  -16  -34 
56  36  -8 
56  20  36 
-54  -2  50 
-28  -50  60 
-6  -32  -30 
-46  -76  10 

//Reference=MNI 
//nullstudy_88
//Subjects=10
-14  56  28 
-42  8  -10 
6  62  0 
-50  8  34 
50  8  2 
6  60  -8 
26  12  -32 
-2  -36  48 

//Reference=MNI 
//nullstudy_89
//Subjects=10
24  38  48 
-22  -30  -2 
-44  -32  -18 
-30  -42  38 
66  2  -6 
-12  -72  -38 
-44  36  28 
-10  -30  2 

//Reference=MNI 
//nullstudy_90
//Subjects=11
-50  -60  -16 
-24  -54  -46 
-16  26  -18 
-34  8  48 
-12  50  4 
18  64  12 
-58  10  22 
10  38  26 

//Reference=MNI 
//nullstudy_91
//Subjects=9
24  70  8 
-6  -68  -28 
-34  2  -46 
-30  -40  -42 
-28  -62  -30 
-8  -56  28 
46  22  -12 
-28  -22  -14 

//Reference=MNI 
//nullstudy_92
//Subjects=8
-50  -14  42 
6  2  52 
-54  -62  26 
38  24  10 
0  10  -24 
34  30  22 
-38  -12  -40 
-44  -30  38 

//Reference=MNI 
//nullstudy_93
//Subjects=10
20  24  54 
-58  -16  6 
-36  4  -48 
-26  -28  -8 
-36  -86  30 
-12  16  14 
-10  62  0 
-42  -50  22 

//Reference=MNI 
//nullstudy_94
//Subjects=9
-4  2  4 
-20  -32  -42 
38  18  28 
-12  -54  20 
-14  -78  -44 
-8  -26  62 
-34  -22  48 
-2  -26  72 

//Reference=MNI 
//nullstudy_95
//Subjects=10
-48  -50  12 
-26  -84  -2 
26  10  -12 
-8  58  -8 
-2  50  -6 
-4  -6  38 
-46  -72  44 
-8  -2  52 

//Reference=MNI 
//nullstudy_96
//Subjects=11
-62  -6  -18 
-10  40  -8 
-40  10  -6 
-6  -48  30 
14  12  2 
-22  -46  0 
30  50  16 
-50  -4  10 

//Reference=MNI 
//nullstudy_97
//Subjects=9
-2  -102  4 
4  34  -28 
-16  -82  14 
-32  -80  22 
-22  -86  -40 
-10  -54  -36 
-36  22  -22 
-14  -40  -20 

//Reference=MNI 
//nullstudy_98
//Subjects=10
42  44  -2 
-18  22  64 
-30  8  14 
-68  -12  6 
12  52  6 
-16  -10  -14 
-8  -6  56 
-18  -46  -24 

//Reference=MNI 
//nullstudy_99
//Subjects=10
-48  2  56 
-8  -80  -44 
-60  -58  -4 
-38  -82  -14 
6  50  40 
-32  -76  -20 
38  10  38 
-58  2  12 

//Reference=MNI 
//nullstudy_100
//Subjects=11
-24  -96  -2 
-6  -28  72 
-6  -8  78 
-2  -56  -60 
-18  22  60 
34  36  2 
-34  -78  -44 
-32  -66  34 

