//Reference=MNI 
//truestudy_1
//Subjects=9
47  -65  -5 
45  -65  -8 
47  -66  -3 
46  -67  -6 
45  -67  -8 
47  -65  -7 
45  -66  -6 
45  -65  -4 

//Reference=MNI 
//truestudy_2
//Subjects=10
45  -66  -8 
45  -67  -4 
45  -65  -4 
46  -63  -8 
46  -66  -5 
46  -66  -7 
46  -66  -6 
45  -67  -6 

//Reference=MNI 
//truestudy_3
//Subjects=12
46  -66  -5 
45  -66  -7 
46  -66  -4 
47  -66  -7 
47  -65  -6 
45  -66  -7 
44  -67  -6 
47  -65  -6 

//Reference=MNI 
//nullstudy_1
//Subjects=9
22  48  22 
-22  -50  -50 
-8  -40  34 
-18  -20  2 
24  6  -38 
-30  -84  30 
2  48  -26 
-40  -36  -26 

//Reference=MNI 
//nullstudy_2
//Subjects=10
-10  -60  -6 
4  40  -30 
-20  52  -18 
-34  20  -6 
-50  -28  -8 
32  8  52 
-24  -56  62 
-6  -48  -18 

//Reference=MNI 
//nullstudy_3
//Subjects=12
-8  -100  -6 
22  2  -24 
64  6  8 
-42  -62  36 
40  8  42 
-56  -64  -8 
-34  -76  -46 
-8  -56  50 

//Reference=MNI 
//nullstudy_4
//Subjects=11
-26  40  38 
56  18  -4 
-34  -64  -16 
10  44  4 
54  38  20 
14  38  54 
4  16  -26 
34  20  -26 

//Reference=MNI 
//nullstudy_5
//Subjects=9
-30  56  -10 
16  58  -18 
-28  -6  2 
36  42  0 
-28  14  -44 
-4  -78  -42 
-44  -82  6 
-44  -64  -14 

//Reference=MNI 
//nullstudy_6
//Subjects=9
-60  0  6 
-60  -8  -16 
-28  20  -2 
-10  0  36 
-34  -56  -10 
-16  -56  68 
-20  -64  30 
-16  -98  -10 

//Reference=MNI 
//nullstudy_7
//Subjects=10
-16  0  -38 
-8  -8  40 
6  64  -20 
-2  -58  8 
-20  30  -20 
-20  14  -22 
36  22  -8 
-14  -52  26 

//Reference=MNI 
//nullstudy_8
//Subjects=10
-46  10  -2 
-30  -20  70 
-24  32  34 
-6  -70  -16 
-14  -64  48 
-36  -50  58 
-52  -44  34 
-32  32  -4 

//Reference=MNI 
//nullstudy_9
//Subjects=10
58  18  12 
6  68  24 
-14  -58  -10 
-32  -92  12 
-54  -68  -12 
-36  -20  14 
-52  -10  -36 
-18  24  -14 

//Reference=MNI 
//nullstudy_10
//Subjects=11
-2  36  -10 
16  18  16 
-8  -56  38 
-48  14  -8 
-28  -34  -32 
-44  -36  -28 
-60  -18  28 
-54  6  46 

//Reference=MNI 
//nullstudy_11
//Subjects=9
-6  -70  58 
-52  -2  36 
-14  42  -8 
-8  32  -6 
-42  -58  44 
-50  30  4 
-28  -2  -42 
-36  -26  44 

//Reference=MNI 
//nullstudy_12
//Subjects=11
-46  -18  -28 
30  18  54 
-36  -48  46 
-20  -56  58 
-42  -58  -48 
-52  12  32 
10  48  26 
-44  -40  28 

//Reference=MNI 
//nullstudy_13
//Subjects=11
-46  40  4 
-2  38  -24 
-24  2  -32 
-16  -42  -56 
-58  -26  18 
-24  -8  -40 
-58  -66  4 
-18  36  -12 

//Reference=MNI 
//nullstudy_14
//Subjects=10
-14  14  -18 
-42  -22  52 
-28  -30  -26 
40  28  4 
-10  -68  -4 
-36  -18  -18 
-54  -56  12 
-14  -72  -22 

//Reference=MNI 
//nullstudy_15
//Subjects=8
-10  -68  -52 
-10  38  -28 
-54  -42  52 
-18  38  40 
-46  -4  -18 
12  6  74 
-26  22  4 
32  52  10 

//Reference=MNI 
//nullstudy_16
//Subjects=11
-8  -72  2 
-16  12  -10 
-36  36  -14 
-34  8  52 
10  20  68 
-12  -28  -22 
-14  48  -14 
-28  52  -18 

//Reference=MNI 
//nullstudy_17
//Subjects=11
-40  -88  10 
-14  58  30 
-36  -16  -32 
-22  -102  6 
14  10  4 
-44  -36  40 
-32  14  -38 
-10  -22  74 

//Reference=MNI 
//nullstudy_18
//Subjects=11
-8  -18  -16 
52  14  14 
-44  -72  20 
-14  14  18 
14  66  0 
-26  2  -26 
-44  26  38 
-26  -18  60 

//Reference=MNI 
//nullstudy_19
//Subjects=11
-12  -36  80 
-2  32  50 
20  6  -18 
8  54  -6 
-6  -50  8 
22  14  -36 
-6  -58  6 
8  20  48 

//Reference=MNI 
//nullstudy_20
//Subjects=9
-42  30  -20 
-58  -46  8 
-32  -88  -34 
-26  -96  16 
-16  12  4 
-68  -18  24 
-40  30  44 
-60  -30  -2 

//Reference=MNI 
//nullstudy_21
//Subjects=11
-4  60  8 
34  4  2 
-14  -36  -2 
-50  -8  14 
-16  -80  -6 
-46  -42  40 
-42  -62  22 
-36  -36  -38 

//Reference=MNI 
//nullstudy_22
//Subjects=10
-42  -80  26 
46  28  8 
-52  20  -16 
-10  -50  -54 
-18  -40  60 
-28  4  52 
-64  -8  -18 
-8  2  -14 

//Reference=MNI 
//nullstudy_23
//Subjects=8
44  22  -24 
-20  50  22 
34  54  -8 
-6  -28  -38 
-26  40  50 
-6  30  12 
2  12  70 
-54  -20  -14 

//Reference=MNI 
//nullstudy_24
//Subjects=10
38  34  -4 
-8  -4  8 
6  16  -28 
-38  -56  56 
-44  -10  62 
-32  -50  -8 
-24  30  -16 
-20  -4  60 

//Reference=MNI 
//nullstudy_25
//Subjects=10
-16  -48  52 
-62  -46  -18 
-6  -44  78 
-62  4  16 
-2  46  48 
2  26  28 
-26  4  0 
-46  -44  12 

//Reference=MNI 
//nullstudy_26
//Subjects=9
-28  64  8 
10  4  -34 
42  50  26 
-50  38  24 
-64  -32  28 
-26  10  6 
-60  -48  2 
-30  8  8 

//Reference=MNI 
//nullstudy_27
//Subjects=8
10  36  8 
34  38  -14 
4  16  -10 
-20  -6  -34 
-44  -34  28 
-50  -40  60 
-40  -64  -22 
-6  32  -4 

//Reference=MNI 
//nullstudy_28
//Subjects=10
-40  -44  -44 
16  22  -28 
-16  56  -16 
-40  -58  6 
-8  -56  -14 
-32  -42  -12 
32  10  28 
-60  -60  -18 

//Reference=MNI 
//nullstudy_29
//Subjects=7
-26  20  58 
-34  0  66 
-14  -56  42 
-44  18  -20 
-22  -2  -4 
-62  -54  8 
-8  -32  36 
-40  0  50 

//Reference=MNI 
//nullstudy_30
//Subjects=9
-4  -78  20 
0  50  -16 
-26  66  10 
-24  36  -22 
-62  -60  24 
36  4  -22 
-2  -50  -2 
36  4  6 

//Reference=MNI 
//nullstudy_31
//Subjects=10
-36  -78  -8 
-46  -68  -14 
0  8  32 
8  58  40 
38  38  -12 
-44  -18  -30 
-44  -50  54 
-14  26  8 

//Reference=MNI 
//nullstudy_32
//Subjects=10
-28  -86  -46 
14  52  18 
-16  -76  0 
6  58  30 
48  30  42 
28  38  30 
-4  -12  40 
-2  18  -4 

//Reference=MNI 
//nullstudy_33
//Subjects=10
-58  -4  -6 
-44  -4  -16 
-10  -24  76 
-34  -52  -10 
-8  42  -26 
10  60  30 
2  18  58 
-14  -30  -16 

//Reference=MNI 
//nullstudy_34
//Subjects=11
-50  -60  -12 
42  8  38 
-34  -60  26 
-52  -44  -8 
6  38  54 
-42  38  16 
4  40  -30 
-18  20  -20 

//Reference=MNI 
//nullstudy_35
//Subjects=10
-6  -58  38 
-8  -34  64 
-20  20  -16 
-34  -18  -24 
-46  -70  36 
-12  0  -24 
-6  18  -4 
-10  60  18 

//Reference=MNI 
//nullstudy_36
//Subjects=10
-44  -86  -14 
40  50  -12 
-50  2  -4 
-28  -80  30 
-2  36  -16 
-2  64  -10 
-46  -54  -8 
-64  -10  6 

//Reference=MNI 
//nullstudy_37
//Subjects=11
-28  18  -6 
-54  2  -14 
-4  48  48 
-22  -70  -22 
-32  -8  60 
-24  28  36 
-22  34  44 
-10  -8  74 

//Reference=MNI 
//nullstudy_38
//Subjects=9
52  16  -32 
-34  -70  -22 
-22  52  24 
-36  -18  4 
-46  -10  8 
-34  -54  -18 
-20  -44  -8 
-6  -30  2 

//Reference=MNI 
//nullstudy_39
//Subjects=10
-64  -24  -8 
26  30  32 
-46  -66  -46 
-16  -26  44 
-32  -12  -48 
-62  -10  -22 
-38  -22  -2 
-12  -74  38 

//Reference=MNI 
//nullstudy_40
//Subjects=8
42  24  20 
-56  16  20 
22  50  -4 
-6  -50  -16 
-2  6  -12 
-48  20  -10 
-28  -56  54 
-24  18  -14 

//Reference=MNI 
//nullstudy_41
//Subjects=10
30  6  50 
-16  18  -28 
-50  38  8 
-46  -70  20 
-28  22  -30 
-26  -64  -58 
-28  36  40 
0  30  10 

//Reference=MNI 
//nullstudy_42
//Subjects=9
-30  -40  42 
-32  -94  6 
-10  18  42 
26  4  -24 
-52  -16  0 
-18  10  -24 
-10  40  56 
-30  -8  -36 

//Reference=MNI 
//nullstudy_43
//Subjects=9
10  10  64 
-2  -20  34 
-46  -4  30 
-12  -84  -2 
-48  -22  48 
-8  20  60 
14  30  48 
-58  -40  8 

//Reference=MNI 
//nullstudy_44
//Subjects=10
-2  16  28 
-56  10  -4 
50  10  -30 
36  24  42 
-26  -82  -28 
54  20  -8 
-58  -68  10 
30  10  44 

//Reference=MNI 
//nullstudy_45
//Subjects=9
18  22  -26 
-24  22  56 
-44  -58  -20 
-40  -24  -16 
-50  38  8 
2  42  -16 
14  34  50 
-20  52  32 

//Reference=MNI 
//nullstudy_46
//Subjects=9
16  62  24 
-12  -100  -2 
-42  -40  46 
-16  -30  -44 
26  8  -4 
-36  -10  -48 
-42  -14  -2 
-20  -74  -36 

//Reference=MNI 
//nullstudy_47
//Subjects=10
-34  -12  4 
-28  -90  -30 
36  2  48 
-52  -70  28 
-16  12  -26 
-4  8  6 
-4  6  -4 
-6  24  -18 

//Reference=MNI 
//nullstudy_48
//Subjects=10
-36  -58  24 
-12  -18  -38 
-18  -36  -30 
-40  18  56 
-4  -54  -22 
-46  -84  -16 
-58  -14  -40 
-12  10  -4 

//Reference=MNI 
//nullstudy_49
//Subjects=10
-18  -14  60 
46  44  -4 
-12  -44  -2 
-14  -60  -26 
-18  -68  14 
-24  -64  10 
-50  -44  24 
-42  0  54 

//Reference=MNI 
//nullstudy_50
//Subjects=10
-8  -66  12 
-14  -38  74 
-14  -30  -36 
-58  4  -16 
-18  -58  8 
-20  4  -38 
-46  -72  2 
-12  -40  -18 

//Reference=MNI 
//nullstudy_51
//Subjects=10
-28  -78  30 
-40  2  -24 
24  18  42 
12  70  -4 
-20  -44  0 
-26  62  22 
-64  -4  10 
-50  -6  26 

//Reference=MNI 
//nullstudy_52
//Subjects=10
6  30  -12 
-32  12  0 
-48  -2  -20 
-16  22  -22 
-20  60  28 
-44  20  -26 
32  24  42 
32  44  -16 

//Reference=MNI 
//nullstudy_53
//Subjects=11
-36  36  -4 
28  44  -12 
-6  4  50 
-28  -32  -16 
-46  -32  -26 
8  32  -24 
-38  34  14 
-42  -20  52 

//Reference=MNI 
//nullstudy_54
//Subjects=11
-14  -56  36 
-6  2  -24 
-4  24  66 
-34  -10  -42 
-24  -88  34 
34  26  -10 
-2  -42  56 
-42  0  -2 

//Reference=MNI 
//nullstudy_55
//Subjects=12
26  32  38 
-42  -30  26 
-36  28  -24 
2  44  14 
26  24  44 
-22  -60  2 
-46  -62  30 
-26  -48  -18 

//Reference=MNI 
//nullstudy_56
//Subjects=10
-22  -16  -14 
14  2  -36 
-58  -36  -6 
-32  36  -10 
-32  -60  40 
-58  14  16 
-18  -74  22 
-16  56  -16 

//Reference=MNI 
//nullstudy_57
//Subjects=12
-40  -74  34 
16  4  -22 
-28  -8  4 
-18  -32  10 
-20  -98  -6 
-14  -32  46 
-28  -44  -2 
-6  20  46 

//Reference=MNI 
//nullstudy_58
//Subjects=11
-6  -98  20 
26  44  28 
-14  -52  -18 
-62  -32  38 
-18  -50  -50 
-22  -12  -42 
12  30  54 
-62  -36  12 

//Reference=MNI 
//nullstudy_59
//Subjects=10
-22  -54  -16 
4  28  18 
-40  -36  54 
-42  30  30 
-34  12  -8 
38  8  -32 
-46  -6  26 
-44  -14  42 

//Reference=MNI 
//nullstudy_60
//Subjects=11
-54  -44  22 
-60  -24  28 
-16  -88  36 
-12  4  -34 
44  22  0 
40  10  58 
-38  24  -16 
-46  26  -16 

//Reference=MNI 
//nullstudy_61
//Subjects=11
-16  8  70 
-10  28  20 
-60  -58  10 
-42  -44  4 
42  52  16 
-4  0  76 
44  20  -22 
-56  -70  -4 

//Reference=MNI 
//nullstudy_62
//Subjects=11
46  32  16 
-28  -12  -42 
30  20  -36 
24  12  -12 
48  24  -28 
-14  -56  -60 
-38  -82  -20 
26  36  -14 

//Reference=MNI 
//nullstudy_63
//Subjects=10
-4  -84  -30 
-8  -52  -34 
-64  -6  -12 
-14  -28  40 
16  20  62 
-20  -36  -28 
-26  -26  -24 
-10  -18  20 

//Reference=MNI 
//nullstudy_64
//Subjects=9
-24  42  -12 
22  48  20 
-48  -4  12 
-30  -36  -10 
-44  14  -40 
-40  40  12 
-4  -14  -20 
-34  -78  -10 

//Reference=MNI 
//nullstudy_65
//Subjects=9
-36  -58  -56 
-30  -68  -8 
-6  -14  -16 
-8  24  66 
-8  -46  76 
-6  20  36 
-2  -42  62 
-36  -66  56 

//Reference=MNI 
//nullstudy_66
//Subjects=10
14  66  6 
-42  -36  -14 
-14  -70  64 
-46  -48  44 
-2  -32  -10 
54  10  40 
-8  -68  6 
-8  -36  24 

//Reference=MNI 
//nullstudy_67
//Subjects=10
-6  -28  64 
12  50  20 
26  60  28 
-24  -46  46 
-6  -46  42 
-2  -26  72 
-22  -44  16 
60  10  0 

//Reference=MNI 
//nullstudy_68
//Subjects=11
-24  -88  8 
-30  -32  -14 
-22  -52  70 
20  60  -8 
-44  -78  -30 
-4  -2  14 
-2  -14  32 
-18  -38  -30 

//Reference=MNI 
//nullstudy_69
//Subjects=9
6  20  36 
-4  46  0 
12  12  -16 
-2  -86  -28 
6  44  26 
-52  30  16 
18  42  36 
-20  -70  -18 

//Reference=MNI 
//nullstudy_70
//Subjects=10
-34  -50  32 
-22  -54  -34 
10  50  -26 
-26  -60  46 
-56  -36  48 
-38  52  0 
-2  38  2 
-60  -36  -2 

//Reference=MNI 
//nullstudy_71
//Subjects=9
-48  -68  14 
-4  24  68 
-18  40  42 
-12  12  42 
30  24  -32 
-30  -16  -34 
-4  -92  4 
-32  -6  -8 

//Reference=MNI 
//nullstudy_72
//Subjects=12
-60  -22  -14 
-34  52  30 
14  2  -26 
18  70  -2 
28  36  44 
-34  -54  32 
-52  18  12 
-56  -30  6 

//Reference=MNI 
//nullstudy_73
//Subjects=11
-2  -90  10 
-2  26  34 
-24  -20  -18 
-46  -10  6 
52  32  12 
-10  -16  48 
14  12  -24 
24  12  -32 

//Reference=MNI 
//nullstudy_74
//Subjects=10
-12  10  -24 
-10  -44  58 
-20  -74  -2 
-42  -32  18 
-34  24  32 
48  24  -6 
-50  4  8 
-22  -80  42 

//Reference=MNI 
//nullstudy_75
//Subjects=9
-42  -32  -16 
-66  -42  -6 
-52  10  36 
-38  36  6 
-44  -36  54 
54  14  24 
-42  -68  -52 
-24  -8  8 

//Reference=MNI 
//nullstudy_76
//Subjects=10
-22  48  -18 
-8  -98  4 
-50  -66  -46 
32  38  -18 
-26  -68  -2 
-12  -48  2 
-40  4  -8 
-36  -10  44 

//Reference=MNI 
//nullstudy_77
//Subjects=10
-48  8  48 
-6  54  -26 
-54  -30  6 
-38  -18  16 
-38  -68  -44 
-48  -48  14 
-52  34  4 
-26  0  -32 

//Reference=MNI 
//nullstudy_78
//Subjects=11
-20  -90  -24 
-14  6  60 
-32  -52  56 
-4  -62  64 
-60  -44  -18 
-6  -62  28 
16  34  -24 
-30  12  40 

//Reference=MNI 
//nullstudy_79
//Subjects=9
10  38  16 
-44  -56  -6 
40  18  -38 
-16  -98  8 
-40  -62  18 
-42  22  16 
-8  -48  -26 
0  64  26 

//Reference=MNI 
//nullstudy_80
//Subjects=10
-6  -62  -54 
-46  6  40 
-2  -6  30 
-64  -26  6 
-16  -86  10 
-28  56  -8 
30  28  -22 
-42  24  -24 

//Reference=MNI 
//nullstudy_81
//Subjects=10
-48  -62  -26 
-34  -22  6 
24  14  -46 
-2  -54  -22 
6  38  -16 
-8  -30  8 
-44  -48  -36 
34  38  24 

//Reference=MNI 
//nullstudy_82
//Subjects=10
-8  -24  -44 
-58  2  2 
2  60  26 
-16  64  -2 
-22  -60  2 
-2  -64  18 
-50  -32  -6 
-2  24  -10 

//Reference=MNI 
//nullstudy_83
//Subjects=10
-44  -86  16 
-32  -36  -36 
-12  -66  -2 
-14  24  -20 
-4  -28  10 
-28  -34  68 
-52  38  16 
-54  -34  -28 

//Reference=MNI 
//nullstudy_84
//Subjects=10
-36  26  -30 
-48  -20  34 
-2  -10  36 
52  10  -14 
-28  -28  -20 
-40  -88  18 
26  8  6 
-22  -56  58 

//Reference=MNI 
//nullstudy_85
//Subjects=10
50  34  -16 
-48  -60  -42 
-54  -66  -36 
-22  -58  -20 
-28  0  50 
4  30  52 
24  50  36 
-22  -70  -36 

//Reference=MNI 
//nullstudy_86
//Subjects=11
-40  -52  58 
-48  -12  -18 
30  36  48 
-32  50  -4 
30  14  -32 
-18  40  42 
-48  -36  -18 
-30  18  -6 

//Reference=MNI 
//nullstudy_87
//Subjects=11
-14  36  50 
-48  -74  20 
-20  8  64 
0  24  -30 
-22  -80  14 
-2  20  32 
44  26  12 
-26  -82  -34 

//Reference=MNI 
//nullstudy_88
//Subjects=11
-22  -62  60 
-34  -62  24 
-8  66  10 
-20  -44  -36 
-12  -58  -30 
-4  -40  -20 
-30  30  -6 
-18  -28  -8 

//Reference=MNI 
//nullstudy_89
//Subjects=10
-16  -90  16 
-6  -86  -34 
4  10  46 
22  8  52 
-22  50  -16 
20  56  8 
-48  -20  -26 
-18  -14  62 

//Reference=MNI 
//nullstudy_90
//Subjects=9
-14  6  18 
48  2  28 
-26  -38  70 
-42  -64  52 
42  32  26 
40  20  42 
8  18  36 
36  22  -22 

//Reference=MNI 
//nullstudy_91
//Subjects=11
36  12  6 
38  24  -30 
-44  20  -10 
-46  -14  56 
-10  18  32 
-24  -68  16 
-8  -98  -8 
32  16  64 

//Reference=MNI 
//nullstudy_92
//Subjects=10
-16  -84  -24 
-24  58  14 
-44  16  18 
-10  -100  6 
-6  -2  76 
12  48  30 
-24  26  -26 
-40  56  -10 

//Reference=MNI 
//nullstudy_93
//Subjects=12
-12  -84  -50 
-16  22  4 
-22  0  -14 
-44  -70  6 
-64  -32  -16 
-62  -62  -8 
-6  -4  22 
-60  4  26 

//Reference=MNI 
//nullstudy_94
//Subjects=9
-40  -54  -12 
-6  -36  -34 
-22  -48  16 
-8  -18  20 
2  16  46 
-38  -82  -12 
-14  66  10 
-60  -16  40 

//Reference=MNI 
//nullstudy_95
//Subjects=11
16  40  16 
-38  -80  -38 
-28  -26  72 
38  16  -30 
48  16  34 
-46  42  -18 
-52  -2  34 
-36  -42  58 

//Reference=MNI 
//nullstudy_96
//Subjects=9
-48  -62  52 
-28  -90  10 
-2  -10  6 
-16  -64  16 
26  28  -14 
-62  -26  -6 
10  14  -8 
2  22  48 

//Reference=MNI 
//nullstudy_97
//Subjects=12
18  20  62 
10  54  -12 
2  10  -4 
-2  -76  46 
-52  -54  -44 
30  16  60 
-10  -50  46 
14  2  -12 

//Reference=MNI 
//nullstudy_98
//Subjects=10
-20  34  40 
-42  8  24 
-34  -18  44 
-44  8  42 
-14  -58  66 
-26  -64  -42 
-38  -4  36 
-2  26  32 

//Reference=MNI 
//nullstudy_99
//Subjects=11
-70  -42  4 
-8  -58  2 
-12  10  -24 
0  38  0 
-6  -68  2 
-30  -22  -12 
-18  10  -6 
-14  18  70 

//Reference=MNI 
//nullstudy_100
//Subjects=9
-32  44  -12 
-8  12  68 
-12  6  6 
-8  -96  -8 
22  6  -4 
-28  64  -10 
-16  -46  -48 
-20  10  60 

