//Reference=MNI 
//truestudy_1
//Subjects=22
46  -67  -6 
44  -66  -5 
44  -66  -5 
46  -68  -8 
46  -65  -6 
45  -66  -6 
46  -66  -5 
47  -67  -7 

//Reference=MNI 
//truestudy_2
//Subjects=20
47  -67  -5 
47  -67  -5 
45  -65  -7 
46  -64  -5 
45  -66  -7 
46  -65  -6 
45  -66  -6 
46  -67  -6 

//Reference=MNI 
//truestudy_3
//Subjects=21
45  -64  -6 
47  -67  -7 
47  -66  -6 
46  -65  -7 
46  -66  -6 
46  -64  -6 
46  -67  -5 
47  -66  -4 

//Reference=MNI 
//nullstudy_1
//Subjects=22
58  10  -10 
-30  -64  -18 
-20  -100  -12 
-54  -44  12 
52  46  -2 
-10  -62  -56 
-4  -12  18 
-2  -4  34 

//Reference=MNI 
//nullstudy_2
//Subjects=20
6  26  32 
48  12  52 
-14  -26  -16 
-46  -14  4 
-50  2  -14 
-16  -86  0 
-50  4  -32 
-54  -20  6 

//Reference=MNI 
//nullstudy_3
//Subjects=21
-54  16  -14 
10  50  44 
-44  -52  36 
-18  -92  12 
-50  -28  8 
-8  48  4 
-44  -4  -4 
-44  -78  32 

//Reference=MNI 
//nullstudy_4
//Subjects=21
-38  6  -22 
-2  16  -14 
-4  -8  2 
-40  50  22 
-50  6  -10 
-30  36  38 
-24  -44  0 
-38  -42  -30 

//Reference=MNI 
//nullstudy_5
//Subjects=22
-32  -92  6 
-32  32  36 
-6  -48  -60 
-64  -40  28 
-10  -16  -18 
-48  -70  38 
-2  -52  -40 
-12  -46  62 

//Reference=MNI 
//nullstudy_6
//Subjects=21
-58  -64  12 
-46  4  46 
6  34  30 
-18  -72  34 
-24  -80  -32 
-16  14  58 
-62  -52  -6 
8  26  32 

//Reference=MNI 
//nullstudy_7
//Subjects=19
-52  -10  40 
42  6  40 
-48  -28  28 
-26  -88  6 
-46  -60  54 
-24  -2  -6 
-36  -92  8 
-28  -34  -30 

//Reference=MNI 
//nullstudy_8
//Subjects=19
-56  -26  16 
-46  -46  -18 
38  40  40 
28  38  -6 
-10  -70  56 
-18  16  58 
-2  -8  -18 
12  36  60 

//Reference=MNI 
//nullstudy_9
//Subjects=22
30  28  30 
-38  -28  -26 
-42  -38  16 
38  54  20 
-38  -62  0 
-32  10  -30 
-44  38  12 
-34  -70  42 

//Reference=MNI 
//nullstudy_10
//Subjects=19
-14  -66  46 
40  2  -48 
-22  -42  -10 
-18  60  18 
-8  52  44 
-22  18  -24 
14  40  52 
-4  -14  48 

//Reference=MNI 
//nullstudy_11
//Subjects=21
-24  -4  -10 
-42  -42  -14 
48  10  18 
64  4  -6 
-22  8  -26 
-26  8  42 
-44  4  2 
-22  -24  -4 

//Reference=MNI 
//nullstudy_12
//Subjects=19
0  8  4 
-34  18  26 
46  38  -14 
-42  12  -6 
-10  66  28 
-16  10  52 
-50  -58  -24 
-44  -2  -14 

//Reference=MNI 
//nullstudy_13
//Subjects=19
-36  -66  16 
50  26  14 
-48  36  12 
0  38  -20 
-18  56  34 
-24  -54  56 
-4  58  -8 
-48  4  -38 

//Reference=MNI 
//nullstudy_14
//Subjects=21
-6  32  -22 
26  20  56 
-40  -60  -18 
16  28  62 
-58  -20  6 
-6  -42  76 
-64  -54  8 
-32  -40  -42 

//Reference=MNI 
//nullstudy_15
//Subjects=22
-24  -34  -40 
-40  -28  56 
-2  14  36 
-36  30  -22 
10  2  -22 
-34  2  58 
-60  16  16 
-6  -56  56 

//Reference=MNI 
//nullstudy_16
//Subjects=21
48  14  -34 
-40  -46  -56 
-40  16  -14 
-2  -2  54 
-52  -32  42 
-50  -16  18 
-34  -40  -10 
-40  -64  -34 

//Reference=MNI 
//nullstudy_17
//Subjects=20
46  28  16 
-50  -68  2 
-12  -34  52 
40  42  0 
-2  -72  20 
-2  18  -14 
-10  -80  0 
-42  -26  46 

//Reference=MNI 
//nullstudy_18
//Subjects=21
-16  -54  10 
10  54  12 
-58  -34  -12 
-26  30  44 
-56  -20  52 
22  52  -4 
46  40  22 
32  54  14 

//Reference=MNI 
//nullstudy_19
//Subjects=21
-44  6  -46 
-32  30  22 
-8  -4  -26 
-24  -72  -44 
-26  52  36 
42  6  24 
-4  -50  -6 
-42  -62  -18 

//Reference=MNI 
//nullstudy_20
//Subjects=19
-52  -30  58 
-42  -72  -46 
14  22  6 
34  50  28 
-12  -38  78 
-10  62  -20 
-10  6  14 
-32  -94  4 

//Reference=MNI 
//nullstudy_21
//Subjects=20
-46  -12  -8 
-4  -88  12 
-14  58  26 
-32  54  -18 
-38  38  42 
-20  16  58 
-8  -60  20 
-14  24  12 

//Reference=MNI 
//nullstudy_22
//Subjects=19
-12  -32  -6 
-12  -96  16 
-8  -12  -32 
46  20  4 
36  26  -36 
-48  -62  -46 
-4  38  -4 
-48  -36  2 

//Reference=MNI 
//nullstudy_23
//Subjects=21
6  26  62 
-28  38  40 
-6  -16  20 
-40  -4  -42 
-30  -30  -14 
-18  -82  28 
-32  20  10 
-16  30  4 

//Reference=MNI 
//nullstudy_24
//Subjects=21
28  28  -8 
-32  -54  -48 
-28  -80  -6 
-18  -102  6 
-16  -50  40 
-2  20  38 
-16  -30  -32 
-52  -68  -22 

//Reference=MNI 
//nullstudy_25
//Subjects=21
-2  -66  -48 
-42  -74  30 
-38  -14  58 
-4  -34  -36 
-18  -16  -20 
-6  -34  34 
-28  -24  64 
-24  -30  62 

//Reference=MNI 
//nullstudy_26
//Subjects=20
44  36  4 
-16  -36  72 
-8  -40  62 
-20  -16  -38 
14  32  58 
6  4  -4 
54  34  -12 
-30  4  60 

//Reference=MNI 
//nullstudy_27
//Subjects=20
-36  -82  -8 
-56  0  -6 
-56  -70  22 
10  56  -4 
-32  20  -4 
-46  -66  -24 
-40  -52  -36 
4  30  62 

//Reference=MNI 
//nullstudy_28
//Subjects=19
-36  4  48 
36  22  34 
-66  -12  -26 
-18  -14  -20 
-14  -102  12 
-24  -72  30 
4  30  22 
-40  -40  -40 

//Reference=MNI 
//nullstudy_29
//Subjects=19
-34  30  4 
-22  60  18 
-2  48  -28 
-8  -50  46 
-24  16  -4 
-14  -30  22 
-8  -40  46 
50  2  -14 

//Reference=MNI 
//nullstudy_30
//Subjects=20
26  16  -34 
-58  -46  44 
-32  -86  -4 
-6  -10  40 
-12  8  20 
-16  -22  24 
-32  -40  -22 
-8  -24  46 

//Reference=MNI 
//nullstudy_31
//Subjects=20
-2  42  50 
-22  -6  64 
-66  -18  -16 
22  58  6 
-22  -14  60 
-38  12  2 
-46  -60  -20 
10  42  -14 

//Reference=MNI 
//nullstudy_32
//Subjects=19
-50  -40  46 
-6  -26  68 
-6  -42  58 
-34  -12  -48 
0  8  -4 
-34  -60  44 
-14  -76  -44 
-48  -72  26 

//Reference=MNI 
//nullstudy_33
//Subjects=19
-32  -50  60 
-42  10  -10 
-50  -46  -48 
-30  -74  -36 
-8  -34  0 
-52  38  6 
-8  -54  28 
12  22  -16 

//Reference=MNI 
//nullstudy_34
//Subjects=20
-8  46  -8 
-32  -82  18 
-46  44  10 
-48  -80  -14 
10  8  -22 
-20  -10  -28 
-64  -8  4 
-16  -26  10 

//Reference=MNI 
//nullstudy_35
//Subjects=20
-18  -68  42 
34  54  -4 
-30  -82  -24 
-38  16  -2 
-32  40  -14 
-8  -30  62 
-34  -74  0 
36  24  -28 

//Reference=MNI 
//nullstudy_36
//Subjects=20
-2  -8  -12 
-4  -16  78 
-42  -58  4 
28  2  70 
-64  -6  -10 
-10  26  48 
-20  -36  4 
8  30  -8 

//Reference=MNI 
//nullstudy_37
//Subjects=21
-46  -44  42 
-56  -26  -10 
-34  2  -4 
-2  -24  62 
-20  -30  -4 
-8  -12  48 
-14  52  42 
-2  -2  -10 

//Reference=MNI 
//nullstudy_38
//Subjects=19
-52  -12  -40 
-24  -72  -48 
-16  4  -28 
-46  -18  44 
26  56  34 
4  4  64 
-12  -42  -54 
-24  -70  32 

//Reference=MNI 
//nullstudy_39
//Subjects=19
-28  -52  -12 
-48  -4  -10 
-42  -4  -20 
-10  -88  -34 
-4  -28  -32 
-16  -60  64 
-26  -18  72 
-52  -38  50 

//Reference=MNI 
//nullstudy_40
//Subjects=20
-36  14  -36 
-28  10  12 
-24  -82  32 
-42  2  -20 
20  14  52 
-16  -58  52 
-34  -58  -32 
-28  -76  -32 

//Reference=MNI 
//nullstudy_41
//Subjects=19
-6  32  -30 
-28  -48  -44 
-44  -38  -28 
-60  -14  28 
-8  4  20 
10  38  44 
-20  8  56 
-32  54  30 

//Reference=MNI 
//nullstudy_42
//Subjects=19
-38  -80  -42 
-48  8  24 
-8  70  18 
48  14  22 
-38  -6  44 
-64  -38  -4 
-52  -30  54 
-60  -20  22 

//Reference=MNI 
//nullstudy_43
//Subjects=21
40  12  24 
54  26  20 
-6  -58  46 
-44  -4  -46 
-16  -58  -28 
30  42  26 
-10  -66  -4 
-14  -46  58 

//Reference=MNI 
//nullstudy_44
//Subjects=18
-56  -64  2 
24  38  24 
-48  -12  38 
-40  -14  64 
-2  -24  -48 
-16  -56  -62 
4  42  48 
-36  -66  -46 

//Reference=MNI 
//nullstudy_45
//Subjects=19
-14  -38  -36 
-34  -32  66 
-26  -58  66 
-40  18  -30 
52  20  -14 
-24  -52  -42 
-22  -82  -50 
-6  -76  48 

//Reference=MNI 
//nullstudy_46
//Subjects=20
-20  -32  68 
-24  -66  -32 
-8  32  -8 
-38  -42  -36 
-28  -4  -4 
-14  -72  -10 
-46  44  -10 
60  22  24 

//Reference=MNI 
//nullstudy_47
//Subjects=20
-46  30  36 
-48  30  24 
-20  -82  -36 
64  6  22 
36  56  -6 
-36  -62  -22 
-46  -44  -12 
6  48  14 

//Reference=MNI 
//nullstudy_48
//Subjects=21
-38  54  22 
-68  -14  2 
-14  -56  28 
-22  60  -8 
-6  -16  78 
12  54  24 
-46  -14  32 
-16  -50  34 

//Reference=MNI 
//nullstudy_49
//Subjects=20
-10  42  -14 
-8  -30  -44 
-4  -46  56 
-64  -18  -26 
-28  -62  8 
-4  -64  4 
0  38  -20 
-6  -80  -32 

//Reference=MNI 
//nullstudy_50
//Subjects=22
-44  -8  -32 
-6  30  56 
-2  -88  14 
34  10  14 
-62  4  32 
-10  -84  -48 
-22  -6  56 
-12  -76  -24 

//Reference=MNI 
//nullstudy_51
//Subjects=19
-12  12  46 
-34  -34  58 
-32  -14  20 
-58  -68  12 
-8  66  -2 
-26  -10  -28 
-58  -8  24 
-24  -28  -14 

//Reference=MNI 
//nullstudy_52
//Subjects=20
4  30  -22 
-14  -16  8 
-32  -78  -32 
36  64  0 
-38  -24  -26 
-56  -4  -10 
-42  -14  10 
-12  -44  34 

//Reference=MNI 
//nullstudy_53
//Subjects=20
-56  -16  -28 
20  40  30 
-8  6  -24 
-4  -44  76 
12  12  8 
10  16  -26 
-10  -84  6 
10  4  20 

//Reference=MNI 
//nullstudy_54
//Subjects=21
-22  -80  -10 
-44  -48  32 
-50  -80  2 
-52  -32  40 
-38  -30  -10 
-16  20  66 
10  42  48 
-30  -78  -20 

//Reference=MNI 
//nullstudy_55
//Subjects=18
22  4  -14 
-14  -44  -44 
-8  8  38 
-8  -88  24 
-50  14  -20 
-22  56  36 
-32  10  -30 
-28  32  -16 

//Reference=MNI 
//nullstudy_56
//Subjects=20
-58  -42  6 
-34  -66  -26 
-38  -34  18 
-60  -10  4 
-62  4  -8 
-20  14  -36 
-60  -14  -6 
-56  -40  -18 

//Reference=MNI 
//nullstudy_57
//Subjects=20
56  40  4 
-42  4  50 
-44  0  46 
22  14  -46 
-4  30  18 
-26  18  56 
-16  -78  40 
-22  -74  38 

//Reference=MNI 
//nullstudy_58
//Subjects=19
-28  -84  20 
-24  62  -10 
-22  -38  -28 
-28  40  42 
0  58  -16 
-50  30  28 
-4  -102  2 
-6  -90  -24 

//Reference=MNI 
//nullstudy_59
//Subjects=21
-46  18  40 
-26  48  40 
-30  2  -40 
-40  -14  34 
38  12  -6 
-18  -64  -34 
34  24  40 
-62  -58  22 

//Reference=MNI 
//nullstudy_60
//Subjects=20
-44  -58  -58 
-40  36  14 
38  30  44 
-20  20  60 
2  52  -18 
-26  -8  52 
30  14  -4 
48  42  24 

//Reference=MNI 
//nullstudy_61
//Subjects=19
-32  -74  -18 
-4  0  -4 
-40  -34  52 
-24  46  -14 
-24  14  64 
-30  26  -2 
-6  -34  58 
-52  -66  14 

//Reference=MNI 
//nullstudy_62
//Subjects=20
-38  50  12 
-48  -20  36 
-38  -36  -24 
-2  -96  -2 
-44  -36  22 
-36  8  56 
-8  -58  16 
-10  -98  -16 

//Reference=MNI 
//nullstudy_63
//Subjects=20
-46  -52  -32 
34  34  30 
-56  -52  46 
-56  -22  14 
6  48  -20 
-30  18  54 
-44  -84  -20 
-10  0  56 

//Reference=MNI 
//nullstudy_64
//Subjects=20
-16  -32  2 
-6  -78  32 
-20  -66  -24 
-54  -74  0 
-62  -24  22 
-16  -76  -34 
48  50  -4 
-2  -12  10 

//Reference=MNI 
//nullstudy_65
//Subjects=20
-36  -18  -28 
-54  -50  32 
-28  -90  -8 
-4  4  -10 
-8  42  18 
-8  -44  74 
6  38  -4 
-64  -44  10 

//Reference=MNI 
//nullstudy_66
//Subjects=19
-24  -72  4 
38  30  -12 
-20  -16  -4 
46  10  -18 
-26  -66  -48 
-22  -98  -2 
-34  -18  -14 
2  14  -18 

//Reference=MNI 
//nullstudy_67
//Subjects=20
-2  -68  -34 
-38  -34  -18 
18  4  18 
-46  28  30 
-20  -46  -40 
-52  -46  -42 
-48  -34  32 
-38  -68  10 

//Reference=MNI 
//nullstudy_68
//Subjects=19
-52  -58  20 
-56  -62  0 
48  8  -32 
-46  -54  22 
-40  -70  -36 
44  48  14 
-18  -56  -2 
-4  -38  -46 

//Reference=MNI 
//nullstudy_69
//Subjects=19
-18  -26  -20 
-64  -24  -6 
20  38  54 
-48  4  -8 
-18  -50  6 
-48  -54  28 
-60  4  -8 
-4  -26  14 

//Reference=MNI 
//nullstudy_70
//Subjects=20
-54  -8  10 
-20  -46  16 
-6  -38  72 
-42  24  -20 
-2  -12  54 
-40  -74  14 
-40  38  20 
-66  -26  -26 

//Reference=MNI 
//nullstudy_71
//Subjects=20
-38  -12  6 
30  24  42 
-2  -52  56 
-46  -56  24 
-8  22  28 
-8  18  48 
-22  -46  -36 
-36  -28  48 

//Reference=MNI 
//nullstudy_72
//Subjects=19
-60  -30  -28 
50  4  -42 
16  44  44 
-36  -72  -18 
12  34  32 
-30  20  8 
0  44  48 
-14  -82  26 

//Reference=MNI 
//nullstudy_73
//Subjects=20
-44  -62  34 
-34  -26  4 
-42  -68  -38 
-38  -6  -18 
-16  -40  38 
-24  -44  -54 
32  14  2 
-20  36  -14 

//Reference=MNI 
//nullstudy_74
//Subjects=21
-64  -24  -16 
-52  -72  22 
-36  36  34 
-2  30  -14 
-56  -40  54 
-38  -56  10 
-44  -84  24 
34  12  10 

//Reference=MNI 
//nullstudy_75
//Subjects=20
-12  2  20 
-64  -34  16 
16  72  0 
28  24  -26 
8  44  22 
-46  -58  -16 
-50  20  44 
-28  -14  66 

//Reference=MNI 
//nullstudy_76
//Subjects=18
-48  -10  -14 
-34  -30  -6 
-62  -14  22 
-48  -58  -46 
-38  -30  -14 
50  24  38 
-16  -102  2 
-14  -66  -42 

//Reference=MNI 
//nullstudy_77
//Subjects=19
-50  -6  14 
-8  -12  46 
-6  8  0 
-48  10  4 
-26  -60  -36 
-54  -62  20 
-2  -24  78 
-30  -62  6 

//Reference=MNI 
//nullstudy_78
//Subjects=20
-4  32  -30 
-26  -72  -18 
-14  42  46 
-4  -8  -10 
18  12  -20 
2  42  40 
-14  -16  18 
-34  -4  -18 

//Reference=MNI 
//nullstudy_79
//Subjects=20
-24  0  -24 
-36  12  30 
-38  -44  -40 
-12  -64  52 
-10  4  -26 
-28  22  -28 
-32  -40  -24 
-66  -54  -2 

//Reference=MNI 
//nullstudy_80
//Subjects=20
-18  -8  54 
24  4  8 
-56  -38  22 
-12  -102  -14 
20  66  0 
52  12  0 
-46  2  58 
-64  -12  -6 

//Reference=MNI 
//nullstudy_81
//Subjects=20
-14  -20  48 
62  6  -10 
-48  26  26 
-60  -26  -4 
-68  -46  10 
16  62  -4 
-46  -32  36 
-20  -86  -48 

//Reference=MNI 
//nullstudy_82
//Subjects=21
-56  14  -10 
-18  -4  56 
-62  -22  24 
-32  -58  -8 
-26  52  -14 
-44  22  12 
-2  24  -12 
-2  2  72 

//Reference=MNI 
//nullstudy_83
//Subjects=19
-30  -72  -60 
-8  -64  30 
-38  -12  36 
2  12  -20 
-46  20  48 
22  48  -12 
-36  50  -4 
-16  -48  -60 

//Reference=MNI 
//nullstudy_84
//Subjects=19
-40  -30  18 
-56  -58  20 
-36  -8  4 
-20  -8  -18 
-28  -86  -38 
-34  -40  -32 
16  10  54 
16  12  8 

//Reference=MNI 
//nullstudy_85
//Subjects=19
-48  -44  2 
34  10  -34 
-4  -40  74 
-4  -12  -28 
-32  62  -8 
-26  -80  48 
-12  -68  -52 
-50  40  -2 

//Reference=MNI 
//nullstudy_86
//Subjects=20
-30  -70  44 
-24  38  -10 
-38  -32  70 
20  18  66 
-32  36  18 
-50  -78  -20 
46  4  -4 
-30  -84  34 

//Reference=MNI 
//nullstudy_87
//Subjects=18
-12  -66  -60 
-32  -96  14 
-10  -46  26 
-64  -16  8 
-60  -2  18 
16  66  26 
16  6  -38 
-12  -90  -34 

//Reference=MNI 
//nullstudy_88
//Subjects=21
-36  -86  2 
30  38  22 
26  30  42 
8  24  46 
-16  60  30 
-24  -68  48 
-10  -10  10 
-42  -10  4 

//Reference=MNI 
//nullstudy_89
//Subjects=20
-56  -4  36 
-4  -26  -12 
-18  -74  -52 
-46  -2  -14 
-4  18  20 
-52  -40  24 
-56  12  0 
-54  -30  10 

//Reference=MNI 
//nullstudy_90
//Subjects=21
-40  -50  -52 
-12  -14  -16 
-24  -36  66 
-2  -86  22 
-8  -68  30 
44  24  -16 
-56  -54  -12 
-56  -52  0 

//Reference=MNI 
//nullstudy_91
//Subjects=19
-66  -40  -10 
-2  44  44 
-48  -72  -8 
-20  -66  18 
-44  -70  -40 
40  50  12 
-18  -10  60 
-44  14  22 

//Reference=MNI 
//nullstudy_92
//Subjects=19
-58  -36  10 
22  32  -16 
30  34  40 
0  10  28 
32  30  -2 
42  34  32 
-10  -32  80 
-56  -14  24 

//Reference=MNI 
//nullstudy_93
//Subjects=21
-50  -80  16 
-38  -40  -20 
48  12  24 
-28  -86  -38 
-34  -28  -24 
52  20  -16 
-26  -72  38 
-12  -64  44 

//Reference=MNI 
//nullstudy_94
//Subjects=19
-24  -48  -22 
50  8  -8 
-2  -24  46 
10  28  42 
-26  -32  -18 
-36  -18  -2 
-12  -76  16 
-46  -72  40 

//Reference=MNI 
//nullstudy_95
//Subjects=19
-28  -26  56 
-60  -60  -14 
8  14  36 
2  2  4 
-38  -84  12 
-8  -58  34 
-56  2  -32 
-10  -80  12 

//Reference=MNI 
//nullstudy_96
//Subjects=20
-34  42  34 
-52  -56  -24 
-8  -22  66 
-62  8  14 
30  16  14 
-6  -86  26 
-52  -2  6 
2  56  14 

//Reference=MNI 
//nullstudy_97
//Subjects=20
0  52  46 
46  26  40 
-28  -42  -12 
52  18  -16 
6  70  -10 
-14  -52  0 
-26  -52  42 
-42  -74  22 

//Reference=MNI 
//nullstudy_98
//Subjects=22
-42  12  -4 
4  18  28 
40  44  34 
-16  -84  -12 
-2  -28  60 
-24  50  -8 
-52  -32  -18 
-58  -32  6 

//Reference=MNI 
//nullstudy_99
//Subjects=20
30  28  54 
-12  12  32 
-20  40  30 
0  8  56 
-18  60  -20 
-6  40  46 
20  50  42 
-52  16  -4 

//Reference=MNI 
//nullstudy_100
//Subjects=20
-36  40  14 
-32  -42  -20 
-50  30  -8 
-34  -30  64 
-22  -16  54 
4  22  20 
-66  -32  -24 
-40  -2  -18 

